5,700,21.000000,42.000000,1,2,177925556,608,1,608,1,1,127,3,0
5,700,21.000000,42.000000,1,2,177925556,608,1,608,1,1,127,3,0
5,700,21.000000,42.000000,1,2,177925559,608,1,608,1,1,127,3,0
5,700,21.000000,42.000000,1,2,177925562,608,1,608,1,1,127,3,0
5,700,21.000000,42.000000,1,2,177925565,608,1,608,1,1,127,3,0
5,700,21.000000,42.000000,1,2,177925567,608,1,608,1,1,127,3,0
5,700,21.000000,42.000000,1,2,177925570,608,1,608,1,1,127,3,0
5,700,21.000000,42.000000,1,2,177925573,608,1,608,1,1,127,3,0
5,700,21.000000,42.000000,1,2,177925576,608,1,608,1,1,127,3,0
5,700,21.000000,42.000000,1,2,177925579,608,1,608,1,1,127,3,0
5,700,21.000000,42.000000,1,2,177925581,608,1,608,1,1,127,3,0
5,700,21.000000,42.000000,1,2,177925584,608,1,608,1,1,127,3,0
5,700,21.000000,42.000000,1,2,177925587,608,1,608,1,1,127,3,0
5,700,21.000000,42.000000,1,2,177925590,608,1,608,1,1,127,3,0
5,700,21.000000,42.000000,1,2,177925593,608,1,608,1,1,127,3,0
5,700,21.000000,42.000000,1,2,177925595,608,1,608,1,1,127,3,0
5,700,21.000000,42.000000,1,2,177925598,608,1,608,1,1,127,3,0
5,700,21.000000,42.000000,1,2,177925601,608,1,608,1,1,127,3,0
5,700,21.000000,42.000000,1,2,177925603,608,1,608,1,1,127,3,0
5,700,21.000000,42.000000,1,2,177925606,608,1,608,1,1,127,3,0
5,700,21.000000,42.000000,1,2,177925609,608,1,608,1,1,127,3,0
5,700,21.000000,42.000000,1,2,177925612,608,1,608,1,1,127,3,0
5,700,21.000000,42.000000,1,2,177925614,608,1,608,1,1,127,3,0
5,700,21.000000,42.000000,1,2,177925617,608,1,608,1,1,127,3,0
5,700,21.000000,42.000000,1,2,177925620,608,1,608,1,1,127,3,0
5,700,21.000000,42.000000,1,2,177925623,608,1,608,1,1,127,3,0
5,700,21.000000,42.000000,1,2,177925626,608,1,608,1,1,127,3,0
5,700,21.000000,42.000000,1,2,177925629,608,1,608,1,1,127,3,0
5,700,21.000000,42.000000,1,2,177925631,608,1,608,1,1,127,3,0
5,700,21.000000,42.000000,1,2,177925634,608,1,608,1,1,127,3,0
5,700,21.000000,42.000000,1,2,177925637,608,1,608,1,1,127,3,0
5,700,21.000000,42.000000,1,2,177925640,608,1,608,1,1,127,3,0
5,700,21.000000,42.000000,1,2,177925642,608,1,608,1,1,127,3,0
5,700,21.000000,42.000000,1,2,177925645,608,1,608,1,1,127,3,0
5,700,21.000000,42.000000,1,2,177925648,608,1,608,1,1,127,3,0
5,700,21.000000,42.000000,1,2,177925651,608,1,608,1,1,127,3,0
5,700,21.000000,42.000000,1,2,177925653,609,1,609,1,1,127,3,0
5,700,21.000000,42.000000,1,2,177925656,610,2,610,2,1,127,3,0
5,700,21.000000,42.000000,1,2,177925659,611,2,611,2,1,127,3,0
5,700,21.000000,42.000000,1,2,177925662,612,2,612,2,1,127,3,0
5,700,21.000000,42.000000,1,2,177925665,614,2,614,2,1,127,3,0
5,700,21.000000,42.000000,1,2,177925667,616,3,616,3,1,127,3,0
5,700,21.000000,42.000000,1,2,177925670,618,4,618,4,1,127,3,0
5,700,21.000000,42.000000,1,2,177925673,620,5,620,5,1,127,3,0
5,700,21.000000,42.000000,1,2,177925676,623,6,623,6,1,127,3,0
5,700,21.000000,42.000000,1,2,177925679,625,7,625,7,1,127,3,0
5,700,21.000000,42.000000,1,2,177925682,627,7,627,7,1,127,3,0
5,700,21.000000,42.000000,1,2,177925684,631,9,631,9,1,127,3,0
5,700,21.000000,42.000000,1,2,177925687,635,11,635,11,1,127,3,0
5,700,21.000000,42.000000,1,2,177925689,638,12,638,12,1,127,3,0
5,700,21.000000,42.000000,1,2,177925692,642,13,642,13,1,127,3,0
5,700,21.000000,42.000000,1,2,177925695,647,14,647,14,1,127,3,0
5,700,21.000000,42.000000,1,2,177925698,652,16,652,16,1,127,3,0
5,700,21.000000,42.000000,1,2,177925701,657,17,657,17,1,127,3,0
5,700,21.000000,42.000000,1,2,177925703,662,17,662,17,1,127,3,0
5,700,21.000000,42.000000,1,2,177925706,667,19,667,19,1,127,3,0
5,700,21.000000,42.000000,1,2,177925709,671,20,671,20,1,127,3,0
5,700,21.000000,42.000000,1,2,177925712,678,21,678,21,1,127,3,0
5,700,21.000000,42.000000,1,2,177925715,684,22,684,22,1,127,3,0
5,700,21.000000,42.000000,1,2,177925717,689,24,689,24,1,127,3,0
5,700,21.000000,42.000000,1,2,177925720,699,26,699,26,1,127,3,0
5,700,21.000000,42.000000,1,2,177925723,706,28,706,28,1,127,3,0
5,700,21.000000,42.000000,1,2,177925726,714,31,714,31,1,127,3,0
5,700,21.000000,42.000000,1,2,177925729,721,33,721,33,1,127,3,0
5,700,21.000000,42.000000,1,2,177925732,731,36,731,36,1,127,3,0
5,700,21.000000,42.000000,1,2,177925734,735,36,735,36,1,127,3,0
5,700,21.000000,42.000000,1,2,177925737,745,38,745,38,1,127,3,0
5,700,21.000000,42.000000,1,2,177925739,752,40,752,40,1,127,3,0
5,700,21.000000,42.000000,1,2,177925742,765,43,765,43,1,127,3,0
5,700,21.000000,42.000000,1,2,177925745,776,45,776,45,1,127,3,0
5,700,21.000000,42.000000,1,2,177925748,789,48,789,48,1,127,3,0
5,700,21.000000,42.000000,1,2,177925751,800,49,800,49,1,127,3,0
5,700,21.000000,42.000000,1,2,177925753,815,51,815,51,1,127,3,0
5,700,21.000000,42.000000,1,2,177925756,824,53,824,53,1,127,3,0
5,700,21.000000,42.000000,1,2,177925759,838,55,838,55,1,127,3,0
5,700,21.000000,42.000000,1,2,177925762,853,57,853,57,1,127,3,0
5,700,21.000000,42.000000,1,2,177925765,871,59,871,59,1,127,3,0
5,700,21.000000,42.000000,1,2,177925768,878,60,878,60,1,127,3,0
5,700,21.000000,42.000000,1,2,177925771,894,61,894,61,1,127,3,0
5,700,21.000000,42.000000,1,2,177925774,903,62,903,62,1,127,3,0
5,700,21.000000,42.000000,1,2,177925776,918,63,918,63,1,127,3,0
5,700,21.000000,42.000000,1,2,177925779,926,64,926,64,1,127,3,0
5,700,21.000000,42.000000,1,2,177925782,941,65,941,65,1,127,3,0
5,700,21.000000,42.000000,1,2,177925785,956,66,956,66,1,127,3,0
5,700,21.000000,42.000000,1,2,177925788,971,68,971,68,1,127,3,0
5,700,21.000000,42.000000,1,2,177925791,985,69,985,69,1,127,3,0
5,700,21.000000,42.000000,1,2,177925793,999,70,999,70,1,127,3,0
5,700,21.000000,42.000000,1,2,177925796,1006,70,1006,70,1,127,3,0
5,700,21.000000,42.000000,1,2,177925799,1023,71,1023,71,1,127,3,0
5,700,21.000000,42.000000,1,2,177925802,1031,71,1031,71,1,127,3,0
5,700,21.000000,42.000000,1,2,177925804,1049,72,1049,72,1,127,3,0
5,700,21.000000,42.000000,1,2,177925807,1056,72,1056,72,1,127,3,0
5,700,21.000000,42.000000,1,2,177925810,1072,73,1072,73,1,127,3,0
5,700,21.000000,42.000000,1,2,177925813,1084,73,1084,73,1,127,3,0
5,700,21.000000,42.000000,1,2,177925815,1092,73,1092,73,1,127,3,0
5,700,21.000000,42.000000,1,2,177925818,1098,73,1098,73,1,127,3,0
5,700,21.000000,42.000000,1,2,177925821,1108,73,1108,73,1,127,3,0
5,700,21.000000,42.000000,1,2,177925823,1113,73,1113,73,1,127,3,0
5,700,21.000000,42.000000,1,2,177925826,1123,73,1123,73,1,127,3,0
5,700,21.000000,42.000000,1,2,177925828,1133,73,1133,73,1,127,3,0
5,700,21.000000,42.000000,1,2,177925831,1145,73,1145,73,1,127,3,0
5,700,21.000000,42.000000,1,2,177925834,1153,73,1153,73,1,127,3,0
5,700,21.000000,42.000000,1,2,177925837,1159,73,1159,73,1,127,3,0
5,700,21.000000,42.000000,1,2,177925840,1168,72,1168,72,1,127,3,0
5,700,21.000000,42.000000,1,2,177925843,1174,72,1174,72,1,127,3,0
5,700,21.000000,42.000000,1,2,177925846,1185,71,1185,71,1,127,3,0
5,700,21.000000,42.000000,1,2,177925849,1191,70,1191,70,1,127,3,0
5,700,21.000000,42.000000,1,2,177925852,1205,68,1205,68,1,127,3,0
5,700,21.000000,42.000000,1,2,177925855,1213,67,1213,67,1,127,3,0
5,700,21.000000,42.000000,1,2,177925858,1220,66,1220,66,1,127,3,0
5,700,21.000000,42.000000,1,2,177925860,1230,65,1230,65,1,127,3,0
5,700,21.000000,42.000000,1,2,177925863,1234,64,1234,64,1,127,3,0
5,700,21.000000,42.000000,1,2,177925866,1245,62,1245,62,1,127,3,0
5,700,21.000000,42.000000,1,2,177925869,1250,61,1250,61,1,127,3,0
5,700,21.000000,42.000000,1,2,177925872,1253,61,1253,61,1,127,3,0
5,700,21.000000,42.000000,1,2,177925874,1260,59,1260,59,1,127,3,0
5,700,21.000000,42.000000,1,2,177925877,1265,58,1265,58,1,127,3,0
5,700,21.000000,42.000000,1,2,177925880,1270,57,1270,57,1,127,3,0
5,700,21.000000,42.000000,1,2,177925883,1274,56,1274,56,1,127,3,0
5,700,21.000000,42.000000,1,2,177925885,1276,55,1276,55,1,127,3,0
5,700,21.000000,42.000000,1,2,177925888,1279,55,1279,55,1,127,3,0
5,700,21.000000,42.000000,1,2,177925891,1283,54,1283,54,1,127,3,0
5,700,21.000000,42.000000,1,2,177925893,1287,53,1287,53,1,127,3,0
5,700,21.000000,42.000000,1,2,177925896,1290,53,1290,53,1,127,3,0
5,700,21.000000,42.000000,1,2,177925898,1293,52,1293,52,1,127,3,0
5,700,21.000000,42.000000,1,2,177925902,1295,51,1295,51,1,127,3,0
5,700,21.000000,42.000000,1,2,177925904,1297,50,1297,50,1,127,3,0
5,700,21.000000,42.000000,1,2,177925907,1299,49,1299,49,1,127,3,0
5,700,21.000000,42.000000,1,2,177925910,1302,48,1302,48,1,127,3,0
5,700,21.000000,42.000000,1,2,177925913,1303,47,1303,47,1,127,3,0
5,700,21.000000,42.000000,1,2,177925916,1305,47,1305,47,1,127,3,0
5,700,21.000000,42.000000,1,2,177925918,1306,47,1306,47,1,127,3,0
5,700,21.000000,42.000000,1,2,177925921,1306,46,1306,46,1,127,3,0
5,700,21.000000,42.000000,1,2,177925924,1307,45,1307,45,1,127,3,0
5,700,21.000000,42.000000,1,2,177925927,1307,44,1307,44,1,127,3,0
5,700,21.000000,42.000000,1,2,177925929,1308,44,1308,44,1,127,3,0
5,700,21.000000,42.000000,1,2,177925932,1308,43,1308,43,1,127,3,0
5,700,21.000000,42.000000,1,2,177925935,1309,42,1309,42,1,127,3,0
5,700,21.000000,42.000000,1,2,177925937,1309,41,1309,41,1,127,3,0
5,700,21.000000,42.000000,1,2,177925940,1310,41,1310,41,1,127,3,0
5,700,21.000000,42.000000,1,2,177925943,1311,40,1311,40,1,127,3,0
5,700,21.000000,42.000000,1,2,177925945,1312,39,1312,39,1,127,3,0
5,700,21.000000,42.000000,1,2,177925948,1313,39,1313,39,1,127,3,0
5,700,21.000000,42.000000,1,2,177925951,1314,38,1314,38,1,127,3,0
5,700,21.000000,42.000000,1,2,177925954,1314,38,1314,38,1,127,3,0
5,700,21.000000,42.000000,1,2,177925957,1315,37,1315,37,1,127,3,0
5,700,21.000000,42.000000,1,2,177925960,1315,36,1315,36,1,127,3,0
5,700,21.000000,42.000000,1,2,177925962,1315,35,1315,35,1,127,3,0
5,700,21.000000,42.000000,1,2,177925965,1315,34,1315,34,1,127,3,0
5,700,21.000000,42.000000,1,2,177925967,1315,33,1315,33,1,127,3,0
5,700,21.000000,42.000000,1,2,177925970,1315,32,1315,32,1,127,3,0
5,700,21.000000,42.000000,1,2,177925973,1315,31,1315,31,1,127,3,0
5,700,21.000000,42.000000,1,2,177925976,1315,31,1315,31,1,127,3,0
5,700,21.000000,42.000000,1,2,177925979,1315,30,1315,30,1,127,3,0
5,700,21.000000,42.000000,1,2,177925982,1315,29,1315,29,1,127,3,0
5,700,21.000000,42.000000,1,2,177925984,1316,28,1316,28,1,127,3,0
5,700,21.000000,42.000000,1,2,177925987,1316,28,1316,28,1,127,3,0
5,700,21.000000,42.000000,1,2,177925990,1316,28,1316,28,1,127,3,0
5,700,21.000000,42.000000,1,2,177925993,1316,28,1316,28,1,127,3,0
5,700,21.000000,42.000000,1,2,177925995,1317,28,1317,28,1,127,3,0
5,700,21.000000,42.000000,1,2,177925998,1317,27,1317,27,1,127,3,0
5,700,21.000000,42.000000,1,2,177926001,1317,26,1317,26,1,127,3,0
5,700,21.000000,42.000000,1,2,177926004,1317,26,1317,26,1,127,3,0
5,700,21.000000,42.000000,1,2,177926007,1318,26,1318,26,1,127,3,0
5,700,21.000000,42.000000,1,2,177926009,1318,25,1318,25,1,127,3,0
5,700,21.000000,42.000000,1,2,177926012,1318,24,1318,24,1,127,3,0
5,700,21.000000,42.000000,1,2,177926015,1319,24,1319,24,1,127,3,0
5,700,21.000000,42.000000,1,2,177926018,1319,23,1319,23,1,127,3,0
5,700,21.000000,42.000000,1,2,177926020,1319,22,1319,22,1,127,3,0
5,700,21.000000,42.000000,1,2,177926023,1319,21,1319,21,1,127,3,0
5,700,21.000000,42.000000,1,2,177926026,1319,20,1319,20,1,127,3,0
5,700,21.000000,42.000000,1,2,177926029,1319,19,1319,19,1,127,3,0
5,700,21.000000,42.000000,1,2,177926031,1320,18,1320,18,1,127,3,0
5,700,21.000000,42.000000,1,2,177926034,1320,17,1320,17,1,127,3,0
5,700,21.000000,42.000000,1,2,177926037,1320,16,1320,16,1,127,3,0
5,700,21.000000,42.000000,1,2,177926040,1320,15,1320,15,1,127,3,0
5,700,21.000000,42.000000,1,2,177926043,1320,14,1320,14,1,127,3,0
5,700,21.000000,42.000000,1,2,177926045,1320,13,1320,13,1,127,3,0
5,700,21.000000,42.000000,1,2,177926048,1320,13,1320,13,1,127,3,0
5,700,21.000000,42.000000,1,2,177926051,1320,12,1320,12,1,127,3,0
5,700,21.000000,42.000000,1,2,177926054,1320,12,1320,12,1,127,3,0
5,700,21.000000,42.000000,1,2,177926057,1320,11,1320,11,1,127,3,0
5,700,21.000000,42.000000,1,2,177926059,1320,11,1320,11,1,127,3,0
5,700,21.000000,42.000000,1,2,177926062,1320,11,1320,11,1,127,3,0
5,700,21.000000,42.000000,1,2,177926065,1320,11,1320,11,1,127,3,0
5,700,21.000000,42.000000,1,2,177926068,1320,10,1320,10,1,127,3,0
5,700,21.000000,42.000000,1,2,177926071,1320,10,1320,10,1,127,3,0
5,700,21.000000,42.000000,1,2,177926073,1320,10,1320,10,1,127,3,0
5,700,21.000000,42.000000,1,2,177926076,1320,10,1320,10,1,127,3,0
5,700,21.000000,42.000000,1,2,177926079,1320,10,1320,10,1,127,3,0
5,700,21.000000,42.000000,1,2,177926082,1320,10,1320,10,1,127,3,0
5,700,21.000000,42.000000,1,2,177926084,1320,10,1320,10,1,127,3,0
5,700,21.000000,42.000000,1,2,177926087,1320,10,1320,10,1,127,3,0
5,700,21.000000,42.000000,1,2,177926090,1320,9,1320,9,1,127,3,0
5,700,21.000000,42.000000,1,2,177926092,1320,8,1320,8,1,127,3,0
5,700,21.000000,42.000000,1,2,177926095,1320,8,1320,8,1,127,3,0
5,700,21.000000,42.000000,1,2,177926098,1320,8,1320,8,1,127,3,0
5,700,21.000000,42.000000,1,2,177926101,1320,7,1320,7,1,127,3,0
5,700,21.000000,42.000000,1,2,177926104,1320,7,1320,7,1,127,3,0
5,700,21.000000,42.000000,1,2,177926106,1320,7,1320,7,1,127,3,0
5,700,21.000000,42.000000,1,2,177926109,1320,7,1320,7,1,127,3,0
5,700,21.000000,42.000000,1,2,177926112,1320,7,1320,7,1,127,3,0
5,700,21.000000,42.000000,1,2,177926115,1320,7,1320,7,1,127,3,0
5,700,21.000000,42.000000,1,2,177926118,1320,7,1320,7,1,127,3,0
5,700,21.000000,42.000000,1,2,177926120,1320,7,1320,7,1,127,3,0
5,700,21.000000,42.000000,1,2,177926123,1320,7,1320,7,1,127,3,0
5,700,21.000000,42.000000,1,2,177926126,1320,7,1320,7,1,127,3,0
5,700,21.000000,42.000000,1,2,177926129,1320,7,1320,7,1,127,3,0
5,700,21.000000,42.000000,1,2,177926132,1320,7,1320,7,1,127,3,0
5,700,21.000000,42.000000,1,2,177926134,1320,7,1320,7,1,127,3,0
5,700,21.000000,42.000000,1,2,177926137,1320,6,1320,6,1,127,3,0
5,700,21.000000,42.000000,1,2,177926140,1320,5,1320,5,1,127,3,0
5,700,21.000000,42.000000,1,2,177926143,1320,5,1320,5,1,127,3,0
5,700,21.000000,42.000000,1,2,177926154,1320,5,1320,5,0,127,3,0
