5,700,80.500000,42.000000,1,0,755722,600,0,600,0,0,13,3
5,700,80.500000,42.000000,1,0,755723,600,0,600,0,0,13,3
5,700,80.500000,42.000000,1,0,755725,600,0,600,0,0,13,3
5,700,80.500000,42.000000,1,0,755728,600,0,600,0,0,13,3
5,700,80.500000,42.000000,1,0,755731,600,0,600,0,0,13,3
5,700,80.500000,42.000000,1,0,755734,600,0,600,0,0,13,3
5,700,80.500000,42.000000,1,0,755737,600,0,600,0,0,13,3
5,700,80.500000,42.000000,1,0,755739,600,0,600,0,0,13,3
5,700,80.500000,42.000000,1,0,755742,600,0,600,0,0,13,3
5,700,80.500000,42.000000,1,0,755745,600,0,600,0,0,13,3
5,700,80.500000,42.000000,1,0,755748,600,0,600,0,0,13,3
5,700,80.500000,42.000000,1,0,755750,600,0,600,0,0,13,3
5,700,80.500000,42.000000,1,0,755753,600,0,600,0,0,13,3
5,700,80.500000,42.000000,1,0,755756,600,0,600,0,0,13,3
5,700,80.500000,42.000000,1,0,755759,600,0,600,0,0,13,3
5,700,80.500000,42.000000,1,0,755761,600,0,600,0,0,13,3
5,700,80.500000,42.000000,1,0,755764,600,0,600,0,0,13,3
5,700,80.500000,42.000000,1,0,755767,600,0,600,0,0,13,3
5,700,80.500000,42.000000,1,0,755770,600,0,600,0,0,13,3
5,700,80.500000,42.000000,1,0,755773,600,0,600,0,0,13,3
5,700,80.500000,42.000000,1,0,755776,600,0,600,0,0,13,3
5,700,80.500000,42.000000,1,0,755778,600,0,600,0,0,13,3
5,700,80.500000,42.000000,1,0,755781,600,0,600,0,0,13,3
5,700,80.500000,42.000000,1,0,755784,600,0,600,0,0,13,3
5,700,80.500000,42.000000,1,0,755787,600,0,600,0,0,13,3
5,700,80.500000,42.000000,1,0,755789,600,1,600,1,0,13,3
5,700,80.500000,42.000000,1,0,755792,600,2,600,2,0,13,3
5,700,80.500000,42.000000,1,0,755795,600,2,600,2,0,13,3
5,700,80.500000,42.000000,1,0,755797,601,2,601,2,0,13,3
5,700,80.500000,42.000000,1,0,755800,602,2,602,2,0,13,3
5,700,80.500000,42.000000,1,0,755803,603,2,603,2,0,13,3
5,700,80.500000,42.000000,1,0,755806,604,3,604,3,0,13,3
5,700,80.500000,42.000000,1,0,755809,606,3,606,3,0,13,3
5,700,80.500000,42.000000,1,0,755811,610,4,610,4,0,13,3
5,700,80.500000,42.000000,1,0,755814,611,5,611,5,0,13,3
5,700,80.500000,42.000000,1,0,755817,612,5,612,5,0,13,3
5,700,80.500000,42.000000,1,0,755820,615,6,615,6,0,13,3
5,700,80.500000,42.000000,1,0,755823,619,7,619,7,0,13,3
5,700,80.500000,42.000000,1,0,755825,620,7,620,7,0,13,3
5,700,80.500000,42.000000,1,0,755828,622,8,622,8,0,13,3
5,700,80.500000,42.000000,1,0,755831,625,9,625,9,0,13,3
5,700,80.500000,42.000000,1,0,755833,628,9,628,9,0,13,3
5,700,80.500000,42.000000,1,0,755837,630,9,630,9,0,13,3
5,700,80.500000,42.000000,1,0,755839,631,9,631,9,0,13,3
5,700,80.500000,42.000000,1,0,755842,634,11,634,11,0,13,3
5,700,80.500000,42.000000,1,0,755845,639,12,639,12,0,13,3
5,700,80.500000,42.000000,1,0,755848,641,13,641,13,0,13,3
5,700,80.500000,42.000000,1,0,755850,643,14,643,14,0,13,3
5,700,80.500000,42.000000,1,0,755853,647,15,647,15,0,13,3
5,700,80.500000,42.000000,1,0,755856,651,16,651,16,0,13,3
5,700,80.500000,42.000000,1,0,755859,653,17,653,17,0,13,3
5,700,80.500000,42.000000,1,0,755862,655,17,655,17,0,13,3
5,700,80.500000,42.000000,1,0,755864,659,18,659,18,0,13,3
5,700,80.500000,42.000000,1,0,755867,661,20,661,20,0,13,3
5,700,80.500000,42.000000,1,0,755870,663,21,663,21,0,13,3
5,700,80.500000,42.000000,1,0,755872,669,22,669,22,0,13,3
5,700,80.500000,42.000000,1,0,755875,672,24,672,24,0,13,3
5,700,80.500000,42.000000,1,0,755878,675,24,675,24,0,13,3
5,700,80.500000,42.000000,1,0,755881,678,25,678,25,0,13,3
5,700,80.500000,42.000000,1,0,755884,684,27,684,27,0,13,3
5,700,80.500000,42.000000,1,0,755887,685,28,685,28,0,13,3
5,700,80.500000,42.000000,1,0,755889,690,28,690,28,0,13,3
5,700,80.500000,42.000000,1,0,755892,693,30,693,30,0,13,3
5,700,80.500000,42.000000,1,0,755895,697,30,697,30,0,13,3
5,700,80.500000,42.000000,1,0,755898,701,31,701,31,0,13,3
5,700,80.500000,42.000000,1,0,755900,707,32,707,32,0,13,3
5,700,80.500000,42.000000,1,0,755903,714,33,714,33,0,13,3
5,700,80.500000,42.000000,1,0,755906,720,35,720,35,0,13,3
5,700,80.500000,42.000000,1,0,755909,726,36,726,36,0,13,3
5,700,80.500000,42.000000,1,0,755912,734,36,734,36,0,13,3
5,700,80.500000,42.000000,1,0,755914,742,36,742,36,0,13,3
5,700,80.500000,42.000000,1,0,755917,757,38,757,38,0,13,3
5,700,80.500000,42.000000,1,0,755920,766,38,766,38,0,13,3
5,700,80.500000,42.000000,1,0,755923,775,39,775,39,0,13,3
5,700,80.500000,42.000000,1,0,755925,785,39,785,39,0,13,3
5,700,80.500000,42.000000,1,0,755928,795,40,795,40,0,13,3
5,700,80.500000,42.000000,1,0,755931,806,41,806,41,0,13,3
5,700,80.500000,42.000000,1,0,755934,816,42,816,42,0,13,3
5,700,80.500000,42.000000,1,0,755937,824,42,824,42,0,13,3
5,700,80.500000,42.000000,1,0,755939,836,43,836,43,0,13,3
5,700,80.500000,42.000000,1,0,755942,846,43,846,43,0,13,3
5,700,80.500000,42.000000,1,0,755945,855,44,855,44,0,13,3
5,700,80.500000,42.000000,1,0,755947,865,45,865,45,0,13,3
5,700,80.500000,42.000000,1,0,755950,875,46,875,46,0,13,3
5,700,80.500000,42.000000,1,0,755953,887,47,887,47,0,13,3
5,700,80.500000,42.000000,1,0,755956,896,48,896,48,0,13,3
5,700,80.500000,42.000000,1,0,755959,906,49,906,49,0,13,3
5,700,80.500000,42.000000,1,0,755962,914,49,914,49,0,13,3
5,700,80.500000,42.000000,1,0,755964,923,49,923,49,0,13,3
5,700,80.500000,42.000000,1,0,755968,945,50,945,50,0,13,3
5,700,80.500000,42.000000,1,0,755973,953,50,953,50,0,13,3
5,700,80.500000,42.000000,1,0,755976,963,51,963,51,0,13,3
5,700,80.500000,42.000000,1,0,755979,970,52,970,52,0,13,3
5,700,80.500000,42.000000,1,0,755981,978,52,978,52,0,13,3
5,700,80.500000,42.000000,1,0,755984,987,52,987,52,0,13,3
5,700,80.500000,42.000000,1,0,755987,993,52,993,52,0,13,3
5,700,80.500000,42.000000,1,0,755990,998,52,998,52,0,13,3
5,700,80.500000,42.000000,1,0,755993,1005,52,1005,52,0,13,3
5,700,80.500000,42.000000,1,0,755995,1013,52,1013,52,0,13,3
5,700,80.500000,42.000000,1,0,755998,1020,53,1020,53,0,13,3
5,700,80.500000,42.000000,1,0,756001,1027,53,1027,53,0,13,3
5,700,80.500000,42.000000,1,0,756004,1037,53,1037,53,0,13,3
5,700,80.500000,42.000000,1,0,756006,1040,53,1040,53,0,13,3
5,700,80.500000,42.000000,1,0,756009,1047,54,1047,54,0,13,3
5,700,80.500000,42.000000,1,0,756012,1052,54,1052,54,0,13,3
5,700,80.500000,42.000000,1,0,756014,1058,54,1058,54,0,13,3
5,700,80.500000,42.000000,1,0,756017,1062,54,1062,54,0,13,3
5,700,80.500000,42.000000,1,0,756020,1066,54,1066,54,0,13,3
5,700,80.500000,42.000000,1,0,756023,1071,54,1071,54,0,13,3
5,700,80.500000,42.000000,1,0,756025,1075,54,1075,54,0,13,3
5,700,80.500000,42.000000,1,0,756028,1078,54,1078,54,0,13,3
5,700,80.500000,42.000000,1,0,756031,1082,54,1082,54,0,13,3
5,700,80.500000,42.000000,1,0,756034,1086,54,1086,54,0,13,3
5,700,80.500000,42.000000,1,0,756037,1090,53,1090,53,0,13,3
5,700,80.500000,42.000000,1,0,756040,1095,52,1095,52,0,13,3
5,700,80.500000,42.000000,1,0,756042,1097,52,1097,52,0,13,3
5,700,80.500000,42.000000,1,0,756045,1101,52,1101,52,0,13,3
5,700,80.500000,42.000000,1,0,756048,1105,52,1105,52,0,13,3
5,700,80.500000,42.000000,1,0,756051,1109,52,1109,52,0,13,3
5,700,80.500000,42.000000,1,0,756053,1114,51,1114,51,0,13,3
5,700,80.500000,42.000000,1,0,756056,1118,51,1118,51,0,13,3
5,700,80.500000,42.000000,1,0,756059,1121,51,1121,51,0,13,3
5,700,80.500000,42.000000,1,0,756062,1124,50,1124,50,0,13,3
5,700,80.500000,42.000000,1,0,756065,1128,49,1128,49,0,13,3
5,700,80.500000,42.000000,1,0,756067,1129,49,1129,49,0,13,3
5,700,80.500000,42.000000,1,0,756070,1132,49,1132,49,0,13,3
5,700,80.500000,42.000000,1,0,756073,1134,49,1134,49,0,13,3
5,700,80.500000,42.000000,1,0,756075,1137,49,1137,49,0,13,3
5,700,80.500000,42.000000,1,0,756078,1141,49,1141,49,0,13,3
5,700,80.500000,42.000000,1,0,756081,1144,49,1144,49,0,13,3
5,700,80.500000,42.000000,1,0,756084,1149,49,1149,49,0,13,3
5,700,80.500000,42.000000,1,0,756087,1152,49,1152,49,0,13,3
5,700,80.500000,42.000000,1,0,756089,1155,49,1155,49,0,13,3
5,700,80.500000,42.000000,1,0,756092,1158,48,1158,48,0,13,3
5,700,80.500000,42.000000,1,0,756095,1161,47,1161,47,0,13,3
5,700,80.500000,42.000000,1,0,756098,1164,47,1164,47,0,13,3
5,700,80.500000,42.000000,1,0,756101,1167,47,1167,47,0,13,3
5,700,80.500000,42.000000,1,0,756103,1171,47,1171,47,0,13,3
5,700,80.500000,42.000000,1,0,756106,1174,47,1174,47,0,13,3
5,700,80.500000,42.000000,1,0,756109,1176,47,1176,47,0,13,3
5,700,80.500000,42.000000,1,0,756112,1178,47,1178,47,0,13,3
5,700,80.500000,42.000000,1,0,756115,1179,47,1179,47,0,13,3
5,700,80.500000,42.000000,1,0,756117,1187,47,1187,47,0,13,3
5,700,80.500000,42.000000,1,0,756120,1188,47,1188,47,0,13,3
5,700,80.500000,42.000000,1,0,756123,1191,47,1191,47,0,13,3
5,700,80.500000,42.000000,1,0,756125,1192,47,1192,47,0,13,3
5,700,80.500000,42.000000,1,0,756128,1195,47,1195,47,0,13,3
5,700,80.500000,42.000000,1,0,756131,1197,47,1197,47,0,13,3
5,700,80.500000,42.000000,1,0,756134,1199,47,1199,47,0,13,3
5,700,80.500000,42.000000,1,0,756137,1200,46,1200,46,0,13,3
5,700,80.500000,42.000000,1,0,756139,1201,45,1201,45,0,13,3
5,700,80.500000,42.000000,1,0,756142,1202,45,1202,45,0,13,3
5,700,80.500000,42.000000,1,0,756145,1206,44,1206,44,0,13,3
5,700,80.500000,42.000000,1,0,756148,1208,44,1208,44,0,13,3
5,700,80.500000,42.000000,1,0,756151,1209,43,1209,43,0,13,3
5,700,80.500000,42.000000,1,0,756153,1210,43,1210,43,0,13,3
5,700,80.500000,42.000000,1,0,756156,1213,43,1213,43,0,13,3
5,700,80.500000,42.000000,1,0,756159,1216,41,1216,41,0,13,3
5,700,80.500000,42.000000,1,0,756162,1218,41,1218,41,0,13,3
5,700,80.500000,42.000000,1,0,756165,1220,40,1220,40,0,13,3
5,700,80.500000,42.000000,1,0,756167,1222,39,1222,39,0,13,3
5,700,80.500000,42.000000,1,0,756170,1224,39,1224,39,0,13,3
5,700,80.500000,42.000000,1,0,756173,1226,38,1226,38,0,13,3
5,700,80.500000,42.000000,1,0,756176,1227,38,1227,38,0,13,3
5,700,80.500000,42.000000,1,0,756178,1229,38,1229,38,0,13,3
5,700,80.500000,42.000000,1,0,756181,1231,36,1231,36,0,13,3
5,700,80.500000,42.000000,1,0,756184,1233,35,1233,35,0,13,3
5,700,80.500000,42.000000,1,0,756187,1234,34,1234,34,0,13,3
5,700,80.500000,42.000000,1,0,756190,1235,34,1235,34,0,13,3
5,700,80.500000,42.000000,1,0,756193,1237,34,1237,34,0,13,3
5,700,80.500000,42.000000,1,0,756195,1240,32,1240,32,0,13,3
5,700,80.500000,42.000000,1,0,756198,1241,32,1241,32,0,13,3
5,700,80.500000,42.000000,1,0,756200,1242,31,1242,31,0,13,3
5,700,80.500000,42.000000,1,0,756203,1243,31,1243,31,0,13,3
5,700,80.500000,42.000000,1,0,756206,1244,31,1244,31,0,13,3
5,700,80.500000,42.000000,1,0,756209,1246,30,1246,30,0,13,3
5,700,80.500000,42.000000,1,0,756212,1250,28,1250,28,0,13,3
5,700,80.500000,42.000000,1,0,756214,1250,28,1250,28,0,13,3
5,700,80.500000,42.000000,1,0,756217,1250,27,1250,27,0,13,3
5,700,80.500000,42.000000,1,0,756220,1251,27,1251,27,0,13,3
5,700,80.500000,42.000000,1,0,756223,1252,27,1252,27,0,13,3
5,700,80.500000,42.000000,1,0,756226,1253,27,1253,27,0,13,3
5,700,80.500000,42.000000,1,0,756228,1254,26,1254,26,0,13,3
5,700,80.500000,42.000000,1,0,756231,1256,25,1256,25,0,13,3
5,700,80.500000,42.000000,1,0,756234,1257,25,1257,25,0,13,3
5,700,80.500000,42.000000,1,0,756237,1258,25,1258,25,0,13,3
5,700,80.500000,42.000000,1,0,756240,1259,25,1259,25,0,13,3
5,700,80.500000,42.000000,1,0,756242,1260,24,1260,24,0,13,3
5,700,80.500000,42.000000,1,0,756245,1262,23,1262,23,0,13,3
5,700,80.500000,42.000000,1,0,756248,1263,22,1263,22,0,13,3
5,700,80.500000,42.000000,1,0,756251,1264,22,1264,22,0,13,3
5,700,80.500000,42.000000,1,0,756254,1266,21,1266,21,0,13,3
5,700,80.500000,42.000000,1,0,756256,1268,20,1268,20,0,13,3
5,700,80.500000,42.000000,1,0,756259,1270,19,1270,19,0,13,3
5,700,80.500000,42.000000,1,0,756262,1271,19,1271,19,0,13,3
5,700,80.500000,42.000000,1,0,756265,1272,18,1272,18,0,13,3
5,700,80.500000,42.000000,1,0,756267,1275,17,1275,17,0,13,3
5,700,80.500000,42.000000,1,0,756270,1278,15,1278,15,0,13,3
5,700,80.500000,42.000000,1,0,756273,1281,13,1281,13,0,13,3
5,700,80.500000,42.000000,1,0,756276,1282,12,1282,12,0,13,3
5,700,80.500000,42.000000,1,0,756279,1282,11,1282,11,0,13,3
5,700,80.500000,42.000000,1,0,756281,1285,9,1285,9,0,13,3
5,700,80.500000,42.000000,1,0,756284,1288,8,1288,8,0,13,3
5,700,80.500000,42.000000,1,0,756287,1289,8,1289,8,0,13,3
5,700,80.500000,42.000000,1,0,756290,1291,7,1291,7,0,13,3
5,700,80.500000,42.000000,1,0,756292,1292,7,1292,7,0,13,3
5,700,80.500000,42.000000,1,0,756295,1293,6,1293,6,0,13,3
5,700,80.500000,42.000000,1,0,756298,1294,5,1294,5,0,13,3
5,700,80.500000,42.000000,1,0,756301,1295,4,1295,4,0,13,3
5,700,80.500000,42.000000,1,0,756304,1296,3,1296,3,0,13,3
5,700,80.500000,42.000000,1,0,756306,1297,2,1297,2,0,13,3
5,700,80.500000,42.000000,1,0,756309,1298,1,1298,1,0,13,3
5,700,80.500000,42.000000,1,0,756312,1299,0,1299,0,0,13,3
5,700,80.500000,42.000000,1,0,756315,1300,0,1300,0,0,13,3
5,700,80.500000,42.000000,1,0,756318,1301,0,1301,0,0,13,3
5,700,80.500000,42.000000,1,0,756320,1301,0,1301,-1,0,13,3
5,700,80.500000,42.000000,1,0,756323,1301,0,1301,-2,0,13,3
5,700,80.500000,42.000000,1,0,756325,1301,0,1301,-2,0,13,3
5,700,80.500000,42.000000,1,0,756328,1301,0,1301,-2,0,13,3
5,700,80.500000,42.000000,1,0,756331,1301,0,1301,-2,0,13,3
5,700,80.500000,42.000000,1,0,756334,1301,0,1301,-2,0,13,3
5,700,80.500000,42.000000,1,0,756337,1301,0,1301,-2,0,13,3
5,700,80.500000,42.000000,1,0,756339,1301,0,1301,-2,0,13,3
5,700,80.500000,42.000000,1,0,756342,1301,0,1301,-2,0,13,3
5,700,80.500000,42.000000,1,0,756345,1301,0,1301,-2,0,13,3
5,700,80.500000,42.000000,1,0,756348,1301,0,1301,-2,0,13,3
5,700,80.500000,42.000000,1,0,756351,1301,0,1301,-2,0,13,3
5,700,80.500000,42.000000,1,0,756353,1301,0,1301,-2,0,13,3
5,700,80.500000,42.000000,1,0,756356,1301,0,1301,-2,0,13,3
5,700,80.500000,42.000000,1,0,756359,1301,0,1301,-2,0,13,3
5,700,80.500000,42.000000,1,0,756362,1301,0,1301,-2,0,13,3
5,700,80.500000,42.000000,1,0,756365,1301,0,1301,-2,0,13,3
5,700,80.500000,42.000000,1,0,756367,1301,0,1301,-2,0,13,3
5,700,80.500000,42.000000,1,0,756370,1301,0,1301,-2,0,13,3
5,700,80.500000,42.000000,1,0,756373,1301,0,1301,-2,0,13,3
5,700,80.500000,42.000000,1,0,756376,1301,0,1301,-2,0,13,3
5,700,80.500000,42.000000,1,0,756379,1301,0,1301,-2,0,13,3
5,700,80.500000,42.000000,1,0,756381,1301,0,1301,-2,0,13,3
5,700,80.500000,42.000000,1,0,756393,1301,0,1301,-2,0,13,3
