5,350,21.000000,10000.000000,0,5,176973989,784,2,784,2,1,37,3,0
5,350,21.000000,10000.000000,0,5,176973990,784,2,784,2,1,37,3,0
5,350,21.000000,10000.000000,0,5,176973992,784,2,784,2,1,37,3,0
5,350,21.000000,10000.000000,0,5,176973995,784,2,784,2,1,37,3,0
5,350,21.000000,10000.000000,0,5,176973998,784,2,784,2,1,37,3,0
5,350,21.000000,10000.000000,0,5,176974001,784,2,784,2,1,37,3,0
5,350,21.000000,10000.000000,0,5,176974003,784,2,784,2,1,37,3,0
5,350,21.000000,10000.000000,0,5,176974006,784,2,784,2,1,37,3,0
5,350,21.000000,10000.000000,0,5,176974009,784,2,784,2,1,37,3,0
5,350,21.000000,10000.000000,0,5,176974012,784,2,784,2,1,37,3,0
5,350,21.000000,10000.000000,0,5,176974014,784,2,784,2,1,37,3,0
5,350,21.000000,10000.000000,0,5,176974017,784,2,784,2,1,37,3,0
5,350,21.000000,10000.000000,0,5,176974020,784,2,784,2,1,37,3,0
5,350,21.000000,10000.000000,0,5,176974023,784,2,784,2,1,37,3,0
5,350,21.000000,10000.000000,0,5,176974026,784,2,784,2,1,37,3,0
5,350,21.000000,10000.000000,0,5,176974028,784,2,784,2,1,37,3,0
5,350,21.000000,10000.000000,0,5,176974031,784,2,784,2,1,37,3,0
5,350,21.000000,10000.000000,0,5,176974034,784,2,784,2,1,37,3,0
5,350,21.000000,10000.000000,0,5,176974037,784,2,784,2,1,37,3,0
5,350,21.000000,10000.000000,0,5,176974040,784,2,784,2,1,37,3,0
5,350,21.000000,10000.000000,0,5,176974043,784,2,784,2,1,37,3,0
5,350,21.000000,10000.000000,0,5,176974045,784,2,784,2,1,37,3,0
5,350,21.000000,10000.000000,0,5,176974048,784,2,784,2,1,37,3,0
5,350,21.000000,10000.000000,0,5,176974050,784,2,784,2,1,37,3,0
5,350,21.000000,10000.000000,0,5,176974053,784,2,784,2,1,37,3,0
5,350,21.000000,10000.000000,0,5,176974056,784,2,784,2,1,37,3,0
5,350,21.000000,10000.000000,0,5,176974059,784,2,784,2,1,37,3,0
5,350,21.000000,10000.000000,0,5,176974062,784,2,784,2,1,37,3,0
5,350,21.000000,10000.000000,0,5,176974065,784,2,784,2,1,37,3,0
5,350,21.000000,10000.000000,0,5,176974068,784,2,784,2,1,37,3,0
5,350,21.000000,10000.000000,0,5,176974070,784,2,784,2,1,37,3,0
5,350,21.000000,10000.000000,0,5,176974073,784,2,784,2,1,37,3,0
5,350,21.000000,10000.000000,0,5,176974076,784,2,784,2,1,37,3,0
5,350,21.000000,10000.000000,0,5,176974078,784,2,784,2,1,37,3,0
5,350,21.000000,10000.000000,0,5,176974081,784,2,784,2,1,37,3,0
5,350,21.000000,10000.000000,0,5,176974084,784,2,784,2,1,37,3,0
5,350,21.000000,10000.000000,0,5,176974087,784,2,784,2,1,37,3,0
5,350,21.000000,10000.000000,0,5,176974090,785,2,785,2,1,37,3,0
5,350,21.000000,10000.000000,0,5,176974092,786,2,786,2,1,37,3,0
5,350,21.000000,10000.000000,0,5,176974095,786,2,786,2,1,37,3,0
5,350,21.000000,10000.000000,0,5,176974098,787,2,787,2,1,37,3,0
5,350,21.000000,10000.000000,0,5,176974101,788,2,788,2,1,37,3,0
5,350,21.000000,10000.000000,0,5,176974103,789,2,789,2,1,37,3,0
5,350,21.000000,10000.000000,0,5,176974106,789,3,789,3,1,37,3,0
5,350,21.000000,10000.000000,0,5,176974109,790,4,790,4,1,37,3,0
5,350,21.000000,10000.000000,0,5,176974112,792,4,792,4,1,37,3,0
5,350,21.000000,10000.000000,0,5,176974115,794,4,794,4,1,37,3,0
5,350,21.000000,10000.000000,0,5,176974117,795,4,795,4,1,37,3,0
5,350,21.000000,10000.000000,0,5,176974120,796,4,796,4,1,37,3,0
5,350,21.000000,10000.000000,0,5,176974123,797,5,797,5,1,37,3,0
5,350,21.000000,10000.000000,0,5,176974126,798,5,798,5,1,37,3,0
5,350,21.000000,10000.000000,0,5,176974128,800,5,800,5,1,37,3,0
5,350,21.000000,10000.000000,0,5,176974131,801,5,801,5,1,37,3,0
5,350,21.000000,10000.000000,0,5,176974134,802,5,802,5,1,37,3,0
5,350,21.000000,10000.000000,0,5,176974137,803,5,803,5,1,37,3,0
5,350,21.000000,10000.000000,0,5,176974140,804,5,804,5,1,37,3,0
5,350,21.000000,10000.000000,0,5,176974142,805,5,805,5,1,37,3,0
5,350,21.000000,10000.000000,0,5,176974145,807,6,807,6,1,37,3,0
5,350,21.000000,10000.000000,0,5,176974148,808,6,808,6,1,37,3,0
5,350,21.000000,10000.000000,0,5,176974151,809,6,809,6,1,37,3,0
5,350,21.000000,10000.000000,0,5,176974154,810,6,810,6,1,37,3,0
5,350,21.000000,10000.000000,0,5,176974156,814,6,814,6,1,37,3,0
5,350,21.000000,10000.000000,0,5,176974159,817,6,817,6,1,37,3,0
5,350,21.000000,10000.000000,0,5,176974162,820,6,820,6,1,37,3,0
5,350,21.000000,10000.000000,0,5,176974165,823,6,823,6,1,37,3,0
5,350,21.000000,10000.000000,0,5,176974167,825,6,825,6,1,37,3,0
5,350,21.000000,10000.000000,0,5,176974170,829,6,829,6,1,37,3,0
5,350,21.000000,10000.000000,0,5,176974173,832,6,832,6,1,37,3,0
5,350,21.000000,10000.000000,0,5,176974176,835,6,835,6,1,37,3,0
5,350,21.000000,10000.000000,0,5,176974179,839,6,839,6,1,37,3,0
5,350,21.000000,10000.000000,0,5,176974181,843,6,843,6,1,37,3,0
5,350,21.000000,10000.000000,0,5,176974184,847,6,847,6,1,37,3,0
5,350,21.000000,10000.000000,0,5,176974187,852,6,852,6,1,37,3,0
5,350,21.000000,10000.000000,0,5,176974190,856,6,856,6,1,37,3,0
5,350,21.000000,10000.000000,0,5,176974192,861,6,861,6,1,37,3,0
5,350,21.000000,10000.000000,0,5,176974195,866,6,866,6,1,37,3,0
5,350,21.000000,10000.000000,0,5,176974198,871,6,871,6,1,37,3,0
5,350,21.000000,10000.000000,0,5,176974201,875,6,875,6,1,37,3,0
5,350,21.000000,10000.000000,0,5,176974203,879,6,879,6,1,37,3,0
5,350,21.000000,10000.000000,0,5,176974206,881,6,881,6,1,37,3,0
5,350,21.000000,10000.000000,0,5,176974209,886,6,886,6,1,37,3,0
5,350,21.000000,10000.000000,0,5,176974212,890,6,890,6,1,37,3,0
5,350,21.000000,10000.000000,0,5,176974215,894,6,894,6,1,37,3,0
5,350,21.000000,10000.000000,0,5,176974217,897,6,897,6,1,37,3,0
5,350,21.000000,10000.000000,0,5,176974220,904,6,904,6,1,37,3,0
5,350,21.000000,10000.000000,0,5,176974223,908,6,908,6,1,37,3,0
5,350,21.000000,10000.000000,0,5,176974226,912,5,912,5,1,37,3,0
5,350,21.000000,10000.000000,0,5,176974228,918,5,918,5,1,37,3,0
5,350,21.000000,10000.000000,0,5,176974232,922,5,922,5,1,37,3,0
5,350,21.000000,10000.000000,0,5,176974234,930,5,930,5,1,37,3,0
5,350,21.000000,10000.000000,0,5,176974237,932,5,932,5,1,37,3,0
5,350,21.000000,10000.000000,0,5,176974239,940,5,940,5,1,37,3,0
5,350,21.000000,10000.000000,0,5,176974242,945,5,945,5,1,37,3,0
5,350,21.000000,10000.000000,0,5,176974245,950,5,950,5,1,37,3,0
5,350,21.000000,10000.000000,0,5,176974248,956,5,956,5,1,37,3,0
5,350,21.000000,10000.000000,0,5,176974251,966,4,966,4,1,37,3,0
5,350,21.000000,10000.000000,0,5,176974254,973,4,973,4,1,37,3,0
5,350,21.000000,10000.000000,0,5,176974258,978,4,978,4,1,37,3,0
5,350,21.000000,10000.000000,0,5,176974260,989,4,989,4,1,37,3,0
5,350,21.000000,10000.000000,0,5,176974263,995,4,995,4,1,37,3,0
5,350,21.000000,10000.000000,0,5,176974266,1000,4,1000,4,1,37,3,0
5,350,21.000000,10000.000000,0,5,176974269,1005,4,1005,4,1,37,3,0
5,350,21.000000,10000.000000,0,5,176974271,1009,4,1009,4,1,37,3,0
5,350,21.000000,10000.000000,0,5,176974274,1013,4,1013,4,1,37,3,0
5,350,21.000000,10000.000000,0,5,176974277,1018,4,1018,4,1,37,3,0
5,350,21.000000,10000.000000,0,5,176974279,1022,4,1022,4,1,37,3,0
5,350,21.000000,10000.000000,0,5,176974282,1026,4,1026,4,1,37,3,0
5,350,21.000000,10000.000000,0,5,176974285,1032,4,1032,4,1,37,3,0
5,350,21.000000,10000.000000,0,5,176974288,1035,4,1035,4,1,37,3,0
5,350,21.000000,10000.000000,0,5,176974290,1038,4,1038,4,1,37,3,0
5,350,21.000000,10000.000000,0,5,176974293,1039,4,1039,4,1,37,3,0
5,350,21.000000,10000.000000,0,5,176974296,1041,4,1041,4,1,37,3,0
5,350,21.000000,10000.000000,0,5,176974298,1044,4,1044,4,1,37,3,0
5,350,21.000000,10000.000000,0,5,176974301,1046,4,1046,4,1,37,3,0
5,350,21.000000,10000.000000,0,5,176974304,1049,4,1049,4,1,37,3,0
5,350,21.000000,10000.000000,0,5,176974307,1051,4,1051,4,1,37,3,0
5,350,21.000000,10000.000000,0,5,176974309,1055,4,1055,4,1,37,3,0
5,350,21.000000,10000.000000,0,5,176974312,1058,4,1058,4,1,37,3,0
5,350,21.000000,10000.000000,0,5,176974315,1060,4,1060,4,1,37,3,0
5,350,21.000000,10000.000000,0,5,176974318,1062,4,1062,4,1,37,3,0
5,350,21.000000,10000.000000,0,5,176974320,1064,4,1064,4,1,37,3,0
5,350,21.000000,10000.000000,0,5,176974323,1066,4,1066,4,1,37,3,0
5,350,21.000000,10000.000000,0,5,176974326,1068,4,1068,4,1,37,3,0
5,350,21.000000,10000.000000,0,5,176974329,1069,3,1069,3,1,37,3,0
5,350,21.000000,10000.000000,0,5,176974332,1071,3,1071,3,1,37,3,0
5,350,21.000000,10000.000000,0,5,176974334,1074,3,1074,3,1,37,3,0
5,350,21.000000,10000.000000,0,5,176974337,1075,3,1075,3,1,37,3,0
5,350,21.000000,10000.000000,0,5,176974340,1076,3,1076,3,1,37,3,0
5,350,21.000000,10000.000000,0,5,176974342,1078,3,1078,3,1,37,3,0
5,350,21.000000,10000.000000,0,5,176974345,1079,3,1079,3,1,37,3,0
5,350,21.000000,10000.000000,0,5,176974348,1080,3,1080,3,1,37,3,0
5,350,21.000000,10000.000000,0,5,176974351,1081,3,1081,3,1,37,3,0
5,350,21.000000,10000.000000,0,5,176974354,1083,3,1083,3,1,37,3,0
5,350,21.000000,10000.000000,0,5,176974357,1084,3,1084,3,1,37,3,0
5,350,21.000000,10000.000000,0,5,176974359,1085,3,1085,3,1,37,3,0
5,350,21.000000,10000.000000,0,5,176974362,1086,3,1086,3,1,37,3,0
5,350,21.000000,10000.000000,0,5,176974365,1088,3,1088,3,1,37,3,0
5,350,21.000000,10000.000000,0,5,176974368,1088,3,1088,3,1,37,3,0
5,350,21.000000,10000.000000,0,5,176974370,1088,3,1088,3,1,37,3,0
5,350,21.000000,10000.000000,0,5,176974373,1088,3,1088,3,1,37,3,0
5,350,21.000000,10000.000000,0,5,176974376,1088,3,1088,3,1,37,3,0
5,350,21.000000,10000.000000,0,5,176974379,1088,3,1088,3,1,37,3,0
5,350,21.000000,10000.000000,0,5,176974381,1088,3,1088,3,1,37,3,0
5,350,21.000000,10000.000000,0,5,176974384,1088,3,1088,3,1,37,3,0
5,350,21.000000,10000.000000,0,5,176974387,1088,3,1088,3,1,37,3,0
5,350,21.000000,10000.000000,0,5,176974390,1088,3,1088,3,1,37,3,0
5,350,21.000000,10000.000000,0,5,176974392,1088,3,1088,3,1,37,3,0
5,350,21.000000,10000.000000,0,5,176974395,1088,3,1088,3,1,37,3,0
5,350,21.000000,10000.000000,0,5,176974398,1088,3,1088,3,1,37,3,0
5,350,21.000000,10000.000000,0,5,176974401,1088,3,1088,3,1,37,3,0
5,350,21.000000,10000.000000,0,5,176974404,1088,3,1088,3,1,37,3,0
5,350,21.000000,10000.000000,0,5,176974406,1088,3,1088,3,1,37,3,0
5,350,21.000000,10000.000000,0,5,176974409,1088,3,1088,3,1,37,3,0
5,350,21.000000,10000.000000,0,5,176974412,1088,3,1088,3,1,37,3,0
5,350,21.000000,10000.000000,0,5,176974415,1088,3,1088,3,1,37,3,0
5,350,21.000000,10000.000000,0,5,176974417,1088,3,1088,3,1,37,3,0
5,350,21.000000,10000.000000,0,5,176974420,1088,3,1088,3,1,37,3,0
5,350,21.000000,10000.000000,0,5,176974423,1088,3,1088,3,1,37,3,0
5,350,21.000000,10000.000000,0,5,176974426,1089,3,1089,3,1,37,3,0
5,350,21.000000,10000.000000,0,5,176974429,1089,3,1089,3,1,37,3,0
5,350,21.000000,10000.000000,0,5,176974431,1089,3,1089,3,1,37,3,0
5,350,21.000000,10000.000000,0,5,176974434,1090,3,1090,3,1,37,3,0
5,350,21.000000,10000.000000,0,5,176974437,1091,3,1091,3,1,37,3,0
5,350,21.000000,10000.000000,0,5,176974440,1092,3,1092,3,1,37,3,0
5,350,21.000000,10000.000000,0,5,176974443,1093,3,1093,3,1,37,3,0
5,350,21.000000,10000.000000,0,5,176974445,1094,3,1094,3,1,37,3,0
5,350,21.000000,10000.000000,0,5,176974448,1095,3,1095,3,1,37,3,0
5,350,21.000000,10000.000000,0,5,176974451,1096,3,1096,3,1,37,3,0
5,350,21.000000,10000.000000,0,5,176974454,1098,3,1098,3,1,37,3,0
5,350,21.000000,10000.000000,0,5,176974457,1099,3,1099,3,1,37,3,0
5,350,21.000000,10000.000000,0,5,176974459,1099,3,1099,3,1,37,3,0
5,350,21.000000,10000.000000,0,5,176974462,1100,3,1100,3,1,37,3,0
5,350,21.000000,10000.000000,0,5,176974465,1101,3,1101,3,1,37,3,0
5,350,21.000000,10000.000000,0,5,176974468,1101,3,1101,3,1,37,3,0
5,350,21.000000,10000.000000,0,5,176974470,1101,3,1101,3,1,37,3,0
5,350,21.000000,10000.000000,0,5,176974473,1101,3,1101,3,1,37,3,0
5,350,21.000000,10000.000000,0,5,176974476,1101,3,1101,3,1,37,3,0
5,350,21.000000,10000.000000,0,5,176974479,1101,3,1101,3,1,37,3,0
5,350,21.000000,10000.000000,0,5,176974481,1101,3,1101,3,1,37,3,0
5,350,21.000000,10000.000000,0,5,176974484,1102,3,1102,3,1,37,3,0
5,350,21.000000,10000.000000,0,5,176974487,1103,3,1103,3,1,37,3,0
5,350,21.000000,10000.000000,0,5,176974490,1103,3,1103,3,1,37,3,0
5,350,21.000000,10000.000000,0,5,176974493,1103,3,1103,3,1,37,3,0
5,350,21.000000,10000.000000,0,5,176974495,1103,3,1103,3,1,37,3,0
5,350,21.000000,10000.000000,0,5,176974498,1103,3,1103,3,1,37,3,0
5,350,21.000000,10000.000000,0,5,176974501,1103,3,1103,3,1,37,3,0
5,350,21.000000,10000.000000,0,5,176974504,1103,3,1103,3,1,37,3,0
5,350,21.000000,10000.000000,0,5,176974507,1103,3,1103,3,1,37,3,0
5,350,21.000000,10000.000000,0,5,176974509,1103,3,1103,3,1,37,3,0
5,350,21.000000,10000.000000,0,5,176974512,1103,2,1103,2,1,37,3,0
5,350,21.000000,10000.000000,0,5,176974515,1103,1,1103,1,1,37,3,0
5,350,21.000000,10000.000000,0,5,176974518,1103,1,1103,1,1,37,3,0
5,350,21.000000,10000.000000,0,5,176974521,1104,1,1104,1,1,37,3,0
5,350,21.000000,10000.000000,0,5,176974523,1104,1,1104,1,1,37,3,0
5,350,21.000000,10000.000000,0,5,176974526,1104,1,1104,1,1,37,3,0
5,350,21.000000,10000.000000,0,5,176974529,1105,1,1105,1,1,37,3,0
5,350,21.000000,10000.000000,0,5,176974531,1105,1,1105,1,1,37,3,0
5,350,21.000000,10000.000000,0,5,176974534,1106,1,1106,1,1,37,3,0
5,350,21.000000,10000.000000,0,5,176974537,1107,1,1107,1,1,37,3,0
5,350,21.000000,10000.000000,0,5,176974540,1109,1,1109,1,1,37,3,0
5,350,21.000000,10000.000000,0,5,176974543,1110,1,1110,1,1,37,3,0
5,350,21.000000,10000.000000,0,5,176974545,1111,1,1111,1,1,37,3,0
5,350,21.000000,10000.000000,0,5,176974548,1112,1,1112,1,1,37,3,0
5,350,21.000000,10000.000000,0,5,176974551,1112,1,1112,1,1,37,3,0
5,350,21.000000,10000.000000,0,5,176974554,1112,1,1112,1,1,37,3,0
5,350,21.000000,10000.000000,0,5,176974556,1113,1,1113,1,1,37,3,0
5,350,21.000000,10000.000000,0,5,176974559,1113,1,1113,1,1,37,3,0
5,350,21.000000,10000.000000,0,5,176974562,1113,1,1113,1,1,37,3,0
5,350,21.000000,10000.000000,0,5,176974565,1114,1,1114,1,1,37,3,0
5,350,21.000000,10000.000000,0,5,176974568,1115,1,1115,1,1,37,3,0
5,350,21.000000,10000.000000,0,5,176974570,1115,1,1115,1,1,37,3,0
5,350,21.000000,10000.000000,0,5,176974573,1115,1,1115,1,1,37,3,0
5,350,21.000000,10000.000000,0,5,176974576,1115,1,1115,1,1,37,3,0
5,350,21.000000,10000.000000,0,5,176974579,1116,1,1116,1,1,37,3,0
5,350,21.000000,10000.000000,0,5,176974582,1117,1,1117,1,1,37,3,0
5,350,21.000000,10000.000000,0,5,176974584,1118,1,1118,1,1,37,3,0
5,350,21.000000,10000.000000,0,5,176974587,1119,1,1119,1,1,37,3,0
5,350,21.000000,10000.000000,0,5,176974590,1120,1,1120,1,1,37,3,0
5,350,21.000000,10000.000000,0,5,176974593,1122,1,1122,1,1,37,3,0
5,350,21.000000,10000.000000,0,5,176974595,1123,1,1123,1,1,37,3,0
5,350,21.000000,10000.000000,0,5,176974598,1124,1,1124,1,1,37,3,0
5,350,21.000000,10000.000000,0,5,176974601,1125,1,1125,1,1,37,3,0
5,350,21.000000,10000.000000,0,5,176974604,1127,1,1127,1,1,37,3,0
5,350,21.000000,10000.000000,0,5,176974606,1128,1,1128,1,1,37,3,0
5,350,21.000000,10000.000000,0,5,176974609,1130,1,1130,1,1,37,3,0
5,350,21.000000,10000.000000,0,5,176974612,1131,1,1131,1,1,37,3,0
5,350,21.000000,10000.000000,0,5,176974615,1133,1,1133,1,1,37,3,0
5,350,21.000000,10000.000000,0,5,176974618,1134,1,1134,1,1,37,3,0
5,350,21.000000,10000.000000,0,5,176974621,1135,1,1135,1,1,37,3,0
5,350,21.000000,10000.000000,0,5,176974624,1138,1,1138,1,1,37,3,0
5,350,21.000000,10000.000000,0,5,176974626,1140,1,1140,1,1,37,3,0
5,350,21.000000,10000.000000,0,5,176974629,1141,1,1141,1,1,37,3,0
5,350,21.000000,10000.000000,0,5,176974632,1142,1,1142,1,1,37,3,0
5,350,21.000000,10000.000000,0,5,176974634,1144,1,1144,1,1,37,3,0
5,350,21.000000,10000.000000,0,5,176974637,1145,1,1145,1,1,37,3,0
5,350,21.000000,10000.000000,0,5,176974640,1146,1,1146,1,1,37,3,0
5,350,21.000000,10000.000000,0,5,176974643,1147,1,1147,1,1,37,3,0
5,350,21.000000,10000.000000,0,5,176974646,1147,1,1147,1,1,37,3,0
5,350,21.000000,10000.000000,0,5,176974648,1147,1,1147,1,1,37,3,0
5,350,21.000000,10000.000000,0,5,176974651,1147,1,1147,1,1,37,3,0
5,350,21.000000,10000.000000,0,5,176974654,1147,1,1147,1,1,37,3,0
5,350,21.000000,10000.000000,0,5,176974657,1147,1,1147,1,1,37,3,0
5,350,21.000000,10000.000000,0,5,176974660,1147,1,1147,1,1,37,3,0
5,350,21.000000,10000.000000,0,5,176974662,1147,1,1147,1,1,37,3,0
5,350,21.000000,10000.000000,0,5,176974665,1147,1,1147,1,1,37,3,0
5,350,21.000000,10000.000000,0,5,176974667,1147,1,1147,1,1,37,3,0
5,350,21.000000,10000.000000,0,5,176974670,1147,1,1147,1,1,37,3,0
5,350,21.000000,10000.000000,0,5,176974673,1147,1,1147,1,1,37,3,0
5,350,21.000000,10000.000000,0,5,176974676,1147,1,1147,1,1,37,3,0
5,350,21.000000,10000.000000,0,5,176974679,1147,1,1147,1,1,37,3,0
5,350,21.000000,10000.000000,0,5,176974682,1147,1,1147,1,1,37,3,0
5,350,21.000000,10000.000000,0,5,176974684,1147,1,1147,1,1,37,3,0
5,350,21.000000,10000.000000,0,5,176974687,1147,1,1147,1,1,37,3,0
5,350,21.000000,10000.000000,0,5,176974690,1147,1,1147,1,1,37,3,0
5,350,21.000000,10000.000000,0,5,176974693,1147,1,1147,1,1,37,3,0
5,350,21.000000,10000.000000,0,5,176974696,1147,1,1147,1,1,37,3,0
5,350,21.000000,10000.000000,0,5,176974698,1147,1,1147,1,1,37,3,0
5,350,21.000000,10000.000000,0,5,176974701,1147,1,1147,1,1,37,3,0
5,350,21.000000,10000.000000,0,5,176974704,1147,1,1147,1,1,37,3,0
5,350,21.000000,10000.000000,0,5,176974706,1147,1,1147,1,1,37,3,0
5,350,21.000000,10000.000000,0,5,176974709,1147,1,1147,1,1,37,3,0
5,350,21.000000,10000.000000,0,5,176974712,1147,1,1147,1,1,37,3,0
5,350,21.000000,10000.000000,0,5,176974715,1147,1,1147,1,1,37,3,0
5,350,21.000000,10000.000000,0,5,176974718,1147,1,1147,1,1,37,3,0
5,350,21.000000,10000.000000,0,5,176974721,1147,1,1147,1,1,37,3,0
5,350,21.000000,10000.000000,0,5,176974723,1147,1,1147,1,1,37,3,0
5,350,21.000000,10000.000000,0,5,176974726,1147,1,1147,1,1,37,3,0
5,350,21.000000,10000.000000,0,5,176974729,1147,1,1147,1,1,37,3,0
5,350,21.000000,10000.000000,0,5,176974731,1147,1,1147,1,1,37,3,0
5,350,21.000000,10000.000000,0,5,176974734,1147,1,1147,1,1,37,3,0
5,350,21.000000,10000.000000,0,5,176974737,1147,1,1147,1,1,37,3,0
5,350,21.000000,10000.000000,0,5,176974740,1147,1,1147,1,1,37,3,0
5,350,21.000000,10000.000000,0,5,176974743,1147,1,1147,1,1,37,3,0
5,350,21.000000,10000.000000,0,5,176974745,1147,2,1147,2,1,37,3,0
5,350,21.000000,10000.000000,0,5,176974748,1147,3,1147,3,1,37,3,0
5,350,21.000000,10000.000000,0,5,176974751,1147,3,1147,3,1,37,3,0
5,350,21.000000,10000.000000,0,5,176974754,1146,3,1146,3,1,37,3,0
5,350,21.000000,10000.000000,0,5,176974757,1146,3,1146,3,1,37,3,0
5,350,21.000000,10000.000000,0,5,176974759,1146,3,1146,3,1,37,3,0
5,350,21.000000,10000.000000,0,5,176974762,1145,3,1145,3,1,37,3,0
5,350,21.000000,10000.000000,0,5,176974765,1144,3,1144,3,1,37,3,0
5,350,21.000000,10000.000000,0,5,176974767,1144,3,1144,3,1,37,3,0
5,350,21.000000,10000.000000,0,5,176974770,1144,3,1144,3,1,37,3,0
5,350,21.000000,10000.000000,0,5,176974773,1144,3,1144,3,1,37,3,0
5,350,21.000000,10000.000000,0,5,176974776,1144,3,1144,3,1,37,3,0
5,350,21.000000,10000.000000,0,5,176974779,1144,3,1144,3,1,37,3,0
5,350,21.000000,10000.000000,0,5,176974781,1144,3,1144,3,1,37,3,0
5,350,21.000000,10000.000000,0,5,176974784,1144,3,1144,3,1,37,3,0
5,350,21.000000,10000.000000,0,5,176974787,1144,3,1144,3,1,37,3,0
5,350,21.000000,10000.000000,0,5,176974790,1144,3,1144,3,1,37,3,0
5,350,21.000000,10000.000000,0,5,176974792,1144,3,1144,3,1,37,3,0
5,350,21.000000,10000.000000,0,5,176974795,1144,3,1144,3,1,37,3,0
5,350,21.000000,10000.000000,0,5,176974798,1144,3,1144,3,1,37,3,0
5,350,21.000000,10000.000000,0,5,176974801,1144,3,1144,3,1,37,3,0
5,350,21.000000,10000.000000,0,5,176974804,1144,3,1144,3,1,37,3,0
5,350,21.000000,10000.000000,0,5,176974806,1144,3,1144,3,1,37,3,0
5,350,21.000000,10000.000000,0,5,176974809,1144,3,1144,3,1,37,3,0
5,350,21.000000,10000.000000,0,5,176974812,1144,3,1144,3,1,37,3,0
5,350,21.000000,10000.000000,0,5,176974815,1144,3,1144,3,1,37,3,0
5,350,21.000000,10000.000000,0,5,176974818,1144,3,1144,3,1,37,3,0
5,350,21.000000,10000.000000,0,5,176974820,1144,3,1144,3,1,37,3,0
5,350,21.000000,10000.000000,0,5,176974823,1144,3,1144,3,1,37,3,0
5,350,21.000000,10000.000000,0,5,176974826,1144,3,1144,3,1,37,3,0
5,350,21.000000,10000.000000,0,5,176974829,1144,3,1144,3,1,37,3,0
5,350,21.000000,10000.000000,0,5,176974832,1143,4,1143,4,1,37,3,0
5,350,21.000000,10000.000000,0,5,176974835,1142,5,1142,5,1,37,3,0
5,350,21.000000,10000.000000,0,5,176974837,1142,5,1142,5,1,37,3,0
5,350,21.000000,10000.000000,0,5,176974840,1141,5,1141,5,1,37,3,0
5,350,21.000000,10000.000000,0,5,176974843,1140,5,1140,5,1,37,3,0
5,350,21.000000,10000.000000,0,5,176974846,1139,6,1139,6,1,37,3,0
5,350,21.000000,10000.000000,0,5,176974848,1138,6,1138,6,1,37,3,0
5,350,21.000000,10000.000000,0,5,176974851,1137,6,1137,6,1,37,3,0
5,350,21.000000,10000.000000,0,5,176974854,1136,6,1136,6,1,37,3,0
5,350,21.000000,10000.000000,0,5,176974857,1136,7,1136,7,1,37,3,0
5,350,21.000000,10000.000000,0,5,176974860,1135,8,1135,8,1,37,3,0
5,350,21.000000,10000.000000,0,5,176974862,1135,9,1135,9,1,37,3,0
5,350,21.000000,10000.000000,0,5,176974865,1134,9,1134,9,1,37,3,0
5,350,21.000000,10000.000000,0,5,176974868,1133,9,1133,9,1,37,3,0
5,350,21.000000,10000.000000,0,5,176974870,1132,9,1132,9,1,37,3,0
5,350,21.000000,10000.000000,0,5,176974873,1132,9,1132,9,1,37,3,0
5,350,21.000000,10000.000000,0,5,176974876,1132,10,1132,10,1,37,3,0
5,350,21.000000,10000.000000,0,5,176974879,1132,11,1132,11,1,37,3,0
5,350,21.000000,10000.000000,0,5,176974882,1131,11,1131,11,1,37,3,0
5,350,21.000000,10000.000000,0,5,176974885,1131,11,1131,11,1,37,3,0
5,350,21.000000,10000.000000,0,5,176974887,1131,11,1131,11,1,37,3,0
5,350,21.000000,10000.000000,0,5,176974890,1131,11,1131,11,1,37,3,0
5,350,21.000000,10000.000000,0,5,176974893,1131,11,1131,11,1,37,3,0
5,350,21.000000,10000.000000,0,5,176974895,1131,11,1131,11,1,37,3,0
5,350,21.000000,10000.000000,0,5,176974898,1131,11,1131,11,1,37,3,0
5,350,21.000000,10000.000000,0,5,176974901,1131,11,1131,11,1,37,3,0
5,350,21.000000,10000.000000,0,5,176974904,1131,11,1131,11,1,37,3,0
5,350,21.000000,10000.000000,0,5,176974906,1131,11,1131,11,1,37,3,0
5,350,21.000000,10000.000000,0,5,176974909,1131,11,1131,11,1,37,3,0
5,350,21.000000,10000.000000,0,5,176974912,1131,11,1131,11,1,37,3,0
5,350,21.000000,10000.000000,0,5,176974915,1131,11,1131,11,1,37,3,0
5,350,21.000000,10000.000000,0,5,176974918,1131,11,1131,11,1,37,3,0
5,350,21.000000,10000.000000,0,5,176974920,1131,11,1131,11,1,37,3,0
5,350,21.000000,10000.000000,0,5,176974924,1131,11,1131,11,1,37,3,0
5,350,21.000000,10000.000000,0,5,176974926,1131,11,1131,11,1,37,3,0
5,350,21.000000,10000.000000,0,5,176974929,1131,11,1131,11,1,37,3,0
5,350,21.000000,10000.000000,0,5,176974932,1131,11,1131,11,1,37,3,0
5,350,21.000000,10000.000000,0,5,176974935,1131,11,1131,11,1,37,3,0
5,350,21.000000,10000.000000,0,5,176974937,1131,11,1131,11,1,37,3,0
5,350,21.000000,10000.000000,0,5,176974940,1131,11,1131,11,1,37,3,0
5,350,21.000000,10000.000000,0,5,176974943,1131,11,1131,11,1,37,3,0
5,350,21.000000,10000.000000,0,5,176974946,1131,11,1131,11,1,37,3,0
5,350,21.000000,10000.000000,0,5,176974948,1131,11,1131,11,1,37,3,0
5,350,21.000000,10000.000000,0,5,176974951,1131,11,1131,11,1,37,3,0
5,350,21.000000,10000.000000,0,5,176974954,1131,11,1131,11,1,37,3,0
5,350,21.000000,10000.000000,0,5,176974957,1131,11,1131,11,1,37,3,0
5,350,21.000000,10000.000000,0,5,176974960,1131,11,1131,11,1,37,3,0
5,350,21.000000,10000.000000,0,5,176974962,1131,11,1131,11,1,37,3,0
5,350,21.000000,10000.000000,0,5,176974965,1131,11,1131,11,1,37,3,0
5,350,21.000000,10000.000000,0,5,176974968,1131,11,1131,11,1,37,3,0
5,350,21.000000,10000.000000,0,5,176974971,1131,11,1131,11,1,37,3,0
5,350,21.000000,10000.000000,0,5,176974974,1131,11,1131,11,1,37,3,0
5,350,21.000000,10000.000000,0,5,176974976,1131,11,1131,11,1,37,3,0
5,350,21.000000,10000.000000,0,5,176974979,1131,11,1131,11,1,37,3,0
5,350,21.000000,10000.000000,0,5,176974992,1131,11,1131,11,0,37,3,0
