5,350,80.500000,0.000000,2,0,1713632,770,10.600000,770,10.600000,0,41,7
5,350,80.500000,0.000000,2,0,1713633,770,10.600000,770,10.600000,0,41,7
5,350,80.500000,0.000000,2,0,1713635,770,10.600000,770,10.600000,0,41,7
5,350,80.500000,0.000000,2,0,1713638,770,10.600000,770,10.600000,0,41,7
5,350,80.500000,0.000000,2,0,1713640,770,10.600000,770,10.600000,0,41,7
5,350,80.500000,0.000000,2,0,1713643,770,10.600000,770,10.600000,0,41,7
5,350,80.500000,0.000000,2,0,1713646,770,10.600000,770,10.600000,0,41,7
5,350,80.500000,0.000000,2,0,1713649,770,10.600000,770,10.600000,0,41,7
5,350,80.500000,0.000000,2,0,1713652,770,10.600000,770,10.600000,0,41,7
5,350,80.500000,0.000000,2,0,1713655,770,10.600000,770,10.600000,0,41,7
5,350,80.500000,0.000000,2,0,1713657,770,10.600000,770,10.600000,0,41,7
5,350,80.500000,0.000000,2,0,1713660,770,10.600000,770,10.600000,0,41,7
5,350,80.500000,0.000000,2,0,1713663,770,10.600000,770,10.600000,0,41,7
5,350,80.500000,0.000000,2,0,1713666,770,10.600000,770,10.600000,0,41,7
5,350,80.500000,0.000000,2,0,1713669,770,10.600000,770,10.600000,0,41,7
5,350,80.500000,0.000000,2,0,1713671,770,10.600000,770,10.600000,0,41,7
5,350,80.500000,0.000000,2,0,1713674,770,10.600000,770,10.600000,0,41,7
5,350,80.500000,0.000000,2,0,1713677,770,10.600000,770,10.600000,0,41,7
5,350,80.500000,0.000000,2,0,1713680,770,10.600000,770,10.600000,0,41,7
5,350,80.500000,0.000000,2,0,1713682,770,10.600000,770,10.600000,0,41,7
5,350,80.500000,0.000000,2,0,1713685,770,10.600000,770,10.600000,0,41,7
5,350,80.500000,0.000000,2,0,1713688,770,10.600000,770,10.600000,0,41,7
5,350,80.500000,0.000000,2,0,1713691,770,10.600000,770,10.600000,0,41,7
5,350,80.500000,0.000000,2,0,1713693,770,10.600000,770,10.600000,0,41,7
5,350,80.500000,0.000000,2,0,1713696,770,10.600000,770,10.600000,0,41,7
5,350,80.500000,0.000000,2,0,1713699,770,10.600000,770,10.600000,0,41,7
5,350,80.500000,0.000000,2,0,1713702,770,10.600000,770,10.600000,0,41,7
5,350,80.500000,0.000000,2,0,1713704,770,10.600000,770,10.600000,0,41,7
5,350,80.500000,0.000000,2,0,1713707,770,10.600000,770,10.600000,0,41,7
5,350,80.500000,0.000000,2,0,1713710,770,10.600000,770,10.600000,0,41,7
5,350,80.500000,0.000000,2,0,1713713,770,10.600000,770,10.600000,0,41,7
5,350,80.500000,0.000000,2,0,1713716,770,10.600000,770,10.600000,0,41,7
5,350,80.500000,0.000000,2,0,1713718,771,10.600000,771,10.600000,0,41,7
5,350,80.500000,0.000000,2,0,1713721,772,10.600000,772,10.600000,0,41,7
5,350,80.500000,0.000000,2,0,1713724,772,10.600000,772,10.600000,0,41,7
5,350,80.500000,0.000000,2,0,1713727,772,11.600000,772,11.600000,0,41,7
5,350,80.500000,0.000000,2,0,1713730,774,11.600000,774,11.600000,0,41,7
5,350,80.500000,0.000000,2,0,1713732,774,12.600000,774,12.600000,0,41,7
5,350,80.500000,0.000000,2,0,1713735,775,13.600000,775,13.600000,0,41,7
5,350,80.500000,0.000000,2,0,1713738,776,13.600000,776,13.600000,0,41,7
5,350,80.500000,0.000000,2,0,1713741,777,13.600000,777,13.600000,0,41,7
5,350,80.500000,0.000000,2,0,1713744,777,15.600000,777,15.600000,0,41,7
5,350,80.500000,0.000000,2,0,1713746,779,15.600000,779,15.600000,0,41,7
5,350,80.500000,0.000000,2,0,1713749,780,16.600000,780,16.600000,0,41,7
5,350,80.500000,0.000000,2,0,1713752,782,17.600000,782,17.600000,0,41,7
5,350,80.500000,0.000000,2,0,1713755,784,17.600000,784,17.600000,0,41,7
5,350,80.500000,0.000000,2,0,1713757,786,19.600000,786,19.600000,0,41,7
5,350,80.500000,0.000000,2,0,1713760,788,20.600000,788,20.600000,0,41,7
5,350,80.500000,0.000000,2,0,1713763,790,21.600000,790,21.600000,0,41,7
5,350,80.500000,0.000000,2,0,1713766,791,21.600000,791,21.600000,0,41,7
5,350,80.500000,0.000000,2,0,1713768,793,22.600000,793,22.600000,0,41,7
5,350,80.500000,0.000000,2,0,1713772,795,23.600000,795,23.600000,0,41,7
5,350,80.500000,0.000000,2,0,1713774,798,24.600000,798,24.600000,0,41,7
5,350,80.500000,0.000000,2,0,1713777,800,25.600000,800,25.600000,0,41,7
5,350,80.500000,0.000000,2,0,1713780,803,26.600000,803,26.600000,0,41,7
5,350,80.500000,0.000000,2,0,1713783,806,28.600000,806,28.600000,0,41,7
5,350,80.500000,0.000000,2,0,1713785,806,29.600000,806,29.600000,0,41,7
5,350,80.500000,0.000000,2,0,1713788,811,30.600000,811,30.600000,0,41,7
5,350,80.500000,0.000000,2,0,1713790,815,32.600000,815,32.600000,0,41,7
5,350,80.500000,0.000000,2,0,1713793,818,33.600000,818,33.600000,0,41,7
5,350,80.500000,0.000000,2,0,1713796,821,33.600000,821,33.600000,0,41,7
5,350,80.500000,0.000000,2,0,1713799,822,37.600000,822,37.600000,0,41,7
5,350,80.500000,0.000000,2,0,1713802,828,37.600000,828,37.600000,0,41,7
5,350,80.500000,0.000000,2,0,1713805,831,37.600000,831,37.600000,0,41,7
5,350,80.500000,0.000000,2,0,1713807,835,39.600000,835,39.600000,0,41,7
5,350,80.500000,0.000000,2,0,1713810,840,40.600000,840,40.600000,0,41,7
5,350,80.500000,0.000000,2,0,1713813,843,41.600000,843,41.600000,0,41,7
5,350,80.500000,0.000000,2,0,1713816,849,42.600000,849,42.600000,0,41,7
5,350,80.500000,0.000000,2,0,1713818,855,43.600000,855,43.600000,0,41,7
5,350,80.500000,0.000000,2,0,1713821,859,46.600000,859,46.600000,0,41,7
5,350,80.500000,0.000000,2,0,1713824,865,46.600000,865,46.600000,0,41,7
5,350,80.500000,0.000000,2,0,1713827,868,48.600000,868,48.600000,0,41,7
5,350,80.500000,0.000000,2,0,1713830,875,50.600000,875,50.600000,0,41,7
5,350,80.500000,0.000000,2,0,1713832,879,51.600000,879,51.600000,0,41,7
5,350,80.500000,0.000000,2,0,1713835,884,53.600000,884,53.600000,0,41,7
5,350,80.500000,0.000000,2,0,1713838,890,54.600000,890,54.600000,0,41,7
5,350,80.500000,0.000000,2,0,1713841,896,56.600000,896,56.600000,0,41,7
5,350,80.500000,0.000000,2,0,1713843,903,57.600000,903,57.600000,0,41,7
5,350,80.500000,0.000000,2,0,1713847,915,60.600000,915,60.600000,0,41,7
5,350,80.500000,0.000000,2,0,1713849,920,62.600000,920,62.600000,0,41,7
5,350,80.500000,0.000000,2,0,1713852,927,62.600000,927,62.600000,0,41,7
5,350,80.500000,0.000000,2,0,1713855,934,63.600000,934,63.600000,0,41,7
5,350,80.500000,0.000000,2,0,1713858,940,64.600000,940,64.600000,0,41,7
5,350,80.500000,0.000000,2,0,1713860,948,64.600000,948,64.600000,0,41,7
5,350,80.500000,0.000000,2,0,1713863,955,65.600000,955,65.600000,0,41,7
5,350,80.500000,0.000000,2,0,1713866,963,65.600000,963,65.600000,0,41,7
5,350,80.500000,0.000000,2,0,1713869,969,65.600000,969,65.600000,0,41,7
5,350,80.500000,0.000000,2,0,1713871,977,65.600000,977,65.600000,0,41,7
5,350,80.500000,0.000000,2,0,1713874,984,65.600000,984,65.600000,0,41,7
5,350,80.500000,0.000000,2,0,1713877,991,65.600000,991,65.600000,0,41,7
5,350,80.500000,0.000000,2,0,1713880,997,65.600000,997,65.600000,0,41,7
5,350,80.500000,0.000000,2,0,1713883,1005,65.600000,1005,65.600000,0,41,7
5,350,80.500000,0.000000,2,0,1713885,1013,65.600000,1013,65.600000,0,41,7
5,350,80.500000,0.000000,2,0,1713888,1019,65.600000,1019,65.600000,0,41,7
5,350,80.500000,0.000000,2,0,1713891,1027,65.600000,1027,65.600000,0,41,7
5,350,80.500000,0.000000,2,0,1713894,1034,64.600000,1034,64.600000,0,41,7
5,350,80.500000,0.000000,2,0,1713897,1041,63.600000,1041,63.600000,0,41,7
5,350,80.500000,0.000000,2,0,1713899,1047,63.600000,1047,63.600000,0,41,7
5,350,80.500000,0.000000,2,0,1713902,1054,63.600000,1054,63.600000,0,41,7
5,350,80.500000,0.000000,2,0,1713905,1061,62.600000,1061,62.600000,0,41,7
5,350,80.500000,0.000000,2,0,1713908,1066,61.600000,1066,61.600000,0,41,7
5,350,80.500000,0.000000,2,0,1713910,1071,59.600000,1071,59.600000,0,41,7
5,350,80.500000,0.000000,2,0,1713913,1076,58.600000,1076,58.600000,0,41,7
5,350,80.500000,0.000000,2,0,1713916,1079,56.600000,1079,56.600000,0,41,7
5,350,80.500000,0.000000,2,0,1713919,1081,56.600000,1081,56.600000,0,41,7
5,350,80.500000,0.000000,2,0,1713922,1086,54.600000,1086,54.600000,0,41,7
5,350,80.500000,0.000000,2,0,1713924,1088,53.600000,1088,53.600000,0,41,7
5,350,80.500000,0.000000,2,0,1713927,1092,53.600000,1092,53.600000,0,41,7
5,350,80.500000,0.000000,2,0,1713930,1094,52.600000,1094,52.600000,0,41,7
5,350,80.500000,0.000000,2,0,1713932,1095,51.600000,1095,51.600000,0,41,7
5,350,80.500000,0.000000,2,0,1713935,1096,50.600000,1096,50.600000,0,41,7
5,350,80.500000,0.000000,2,0,1713938,1098,50.600000,1098,50.600000,0,41,7
5,350,80.500000,0.000000,2,0,1713941,1099,50.600000,1099,50.600000,0,41,7
5,350,80.500000,0.000000,2,0,1713944,1100,50.600000,1100,50.600000,0,41,7
5,350,80.500000,0.000000,2,0,1713946,1102,49.600000,1102,49.600000,0,41,7
5,350,80.500000,0.000000,2,0,1713949,1102,48.600000,1102,48.600000,0,41,7
5,350,80.500000,0.000000,2,0,1713952,1102,47.600000,1102,47.600000,0,41,7
5,350,80.500000,0.000000,2,0,1713955,1103,47.600000,1103,47.600000,0,41,7
5,350,80.500000,0.000000,2,0,1713958,1104,47.600000,1104,47.600000,0,41,7
5,350,80.500000,0.000000,2,0,1713960,1105,46.600000,1105,46.600000,0,41,7
5,350,80.500000,0.000000,2,0,1713963,1106,46.600000,1106,46.600000,0,41,7
5,350,80.500000,0.000000,2,0,1713966,1107,46.600000,1107,46.600000,0,41,7
5,350,80.500000,0.000000,2,0,1713969,1107,46.600000,1107,46.600000,0,41,7
5,350,80.500000,0.000000,2,0,1713972,1108,46.600000,1108,46.600000,0,41,7
5,350,80.500000,0.000000,2,0,1713974,1108,45.600000,1108,45.600000,0,41,7
5,350,80.500000,0.000000,2,0,1713977,1108,44.600000,1108,44.600000,0,41,7
5,350,80.500000,0.000000,2,0,1713980,1109,43.600000,1109,43.600000,0,41,7
5,350,80.500000,0.000000,2,0,1713982,1111,41.600000,1111,41.600000,0,41,7
5,350,80.500000,0.000000,2,0,1713985,1111,41.600000,1111,41.600000,0,41,7
5,350,80.500000,0.000000,2,0,1713988,1111,41.600000,1111,41.600000,0,41,7
5,350,80.500000,0.000000,2,0,1713991,1112,41.600000,1112,41.600000,0,41,7
5,350,80.500000,0.000000,2,0,1713994,1112,41.600000,1112,41.600000,0,41,7
5,350,80.500000,0.000000,2,0,1713996,1113,40.600000,1113,40.600000,0,41,7
5,350,80.500000,0.000000,2,0,1713999,1113,39.600000,1113,39.600000,0,41,7
5,350,80.500000,0.000000,2,0,1714002,1115,39.600000,1115,39.600000,0,41,7
5,350,80.500000,0.000000,2,0,1714005,1117,37.600000,1117,37.600000,0,41,7
5,350,80.500000,0.000000,2,0,1714008,1117,37.600000,1117,37.600000,0,41,7
5,350,80.500000,0.000000,2,0,1714011,1119,37.600000,1119,37.600000,0,41,7
5,350,80.500000,0.000000,2,0,1714013,1119,36.600000,1119,36.600000,0,41,7
5,350,80.500000,0.000000,2,0,1714016,1121,35.600000,1121,35.600000,0,41,7
5,350,80.500000,0.000000,2,0,1714019,1122,35.600000,1122,35.600000,0,41,7
5,350,80.500000,0.000000,2,0,1714022,1122,34.600000,1122,34.600000,0,41,7
5,350,80.500000,0.000000,2,0,1714024,1123,34.600000,1123,34.600000,0,41,7
5,350,80.500000,0.000000,2,0,1714027,1124,33.600000,1124,33.600000,0,41,7
5,350,80.500000,0.000000,2,0,1714030,1125,32.600000,1125,32.600000,0,41,7
5,350,80.500000,0.000000,2,0,1714033,1126,31.600000,1126,31.600000,0,41,7
5,350,80.500000,0.000000,2,0,1714035,1127,30.600000,1127,30.600000,0,41,7
5,350,80.500000,0.000000,2,0,1714038,1127,30.600000,1127,30.600000,0,41,7
5,350,80.500000,0.000000,2,0,1714041,1128,30.600000,1128,30.600000,0,41,7
5,350,80.500000,0.000000,2,0,1714044,1128,29.600000,1128,29.600000,0,41,7
5,350,80.500000,0.000000,2,0,1714046,1129,29.600000,1129,29.600000,0,41,7
5,350,80.500000,0.000000,2,0,1714049,1130,29.600000,1130,29.600000,0,41,7
5,350,80.500000,0.000000,2,0,1714052,1130,28.600000,1130,28.600000,0,41,7
5,350,80.500000,0.000000,2,0,1714055,1130,27.600000,1130,27.600000,0,41,7
5,350,80.500000,0.000000,2,0,1714058,1131,26.600000,1131,26.600000,0,41,7
5,350,80.500000,0.000000,2,0,1714061,1132,26.600000,1132,26.600000,0,41,7
5,350,80.500000,0.000000,2,0,1714063,1133,26.600000,1133,26.600000,0,41,7
5,350,80.500000,0.000000,2,0,1714066,1133,26.600000,1133,26.600000,0,41,7
5,350,80.500000,0.000000,2,0,1714068,1133,25.600000,1133,25.600000,0,41,7
5,350,80.500000,0.000000,2,0,1714071,1133,25.600000,1133,25.600000,0,41,7
5,350,80.500000,0.000000,2,0,1714074,1133,25.600000,1133,25.600000,0,41,7
5,350,80.500000,0.000000,2,0,1714077,1133,24.600000,1133,24.600000,0,41,7
5,350,80.500000,0.000000,2,0,1714080,1133,24.600000,1133,24.600000,0,41,7
5,350,80.500000,0.000000,2,0,1714082,1134,24.600000,1134,24.600000,0,41,7
5,350,80.500000,0.000000,2,0,1714085,1135,24.600000,1135,24.600000,0,41,7
5,350,80.500000,0.000000,2,0,1714088,1135,24.600000,1135,24.600000,0,41,7
5,350,80.500000,0.000000,2,0,1714091,1135,23.600000,1135,23.600000,0,41,7
5,350,80.500000,0.000000,2,0,1714094,1135,23.600000,1135,23.600000,0,41,7
5,350,80.500000,0.000000,2,0,1714097,1135,22.600000,1135,22.600000,0,41,7
5,350,80.500000,0.000000,2,0,1714099,1136,22.600000,1136,22.600000,0,41,7
5,350,80.500000,0.000000,2,0,1714102,1137,22.600000,1137,22.600000,0,41,7
5,350,80.500000,0.000000,2,0,1714105,1137,21.600000,1137,21.600000,0,41,7
5,350,80.500000,0.000000,2,0,1714108,1137,20.600000,1137,20.600000,0,41,7
5,350,80.500000,0.000000,2,0,1714110,1139,19.600000,1139,19.600000,0,41,7
5,350,80.500000,0.000000,2,0,1714113,1141,18.600000,1141,18.600000,0,41,7
5,350,80.500000,0.000000,2,0,1714116,1141,18.600000,1141,18.600000,0,41,7
5,350,80.500000,0.000000,2,0,1714119,1141,17.600000,1141,17.600000,0,41,7
5,350,80.500000,0.000000,2,0,1714121,1141,16.600000,1141,16.600000,0,41,7
5,350,80.500000,0.000000,2,0,1714124,1141,15.600000,1141,15.600000,0,41,7
5,350,80.500000,0.000000,2,0,1714127,1142,14.600000,1142,14.600000,0,41,7
5,350,80.500000,0.000000,2,0,1714130,1142,13.600000,1142,13.600000,0,41,7
5,350,80.500000,0.000000,2,0,1714133,1142,12.600000,1142,12.600000,0,41,7
5,350,80.500000,0.000000,2,0,1714135,1143,11.600000,1143,11.600000,0,41,7
5,350,80.500000,0.000000,2,0,1714138,1144,10.600000,1144,10.600000,0,41,7
5,350,80.500000,0.000000,2,0,1714141,1144,9.600000,1144,9.600000,0,41,7
5,350,80.500000,0.000000,2,0,1714143,1145,9.600000,1145,9.600000,0,41,7
5,350,80.500000,0.000000,2,0,1714147,1146,9.600000,1146,9.600000,0,41,7
5,350,80.500000,0.000000,2,0,1714149,1146,9.600000,1146,9.600000,0,41,7
5,350,80.500000,0.000000,2,0,1714152,1146,9.600000,1146,9.600000,0,41,7
5,350,80.500000,0.000000,2,0,1714155,1146,9.600000,1146,9.600000,0,41,7
5,350,80.500000,0.000000,2,0,1714158,1146,9.600000,1146,9.600000,0,41,7
5,350,80.500000,0.000000,2,0,1714160,1146,9.600000,1146,9.600000,0,41,7
5,350,80.500000,0.000000,2,0,1714163,1146,9.600000,1146,9.600000,0,41,7
5,350,80.500000,0.000000,2,0,1714166,1146,9.600000,1146,9.600000,0,41,7
5,350,80.500000,0.000000,2,0,1714168,1146,9.600000,1146,9.600000,0,41,7
5,350,80.500000,0.000000,2,0,1714171,1146,9.600000,1146,9.600000,0,41,7
5,350,80.500000,0.000000,2,0,1714174,1146,9.600000,1146,9.600000,0,41,7
5,350,80.500000,0.000000,2,0,1714177,1146,9.600000,1146,9.600000,0,41,7
5,350,80.500000,0.000000,2,0,1714180,1146,9.600000,1146,9.600000,0,41,7
5,350,80.500000,0.000000,2,0,1714191,1146,9.600000,1146,9.600000,0,41,7
