5,350,21.000000,0.000000,0,5,177017254,788,12,788,12,0,41,3,0
5,350,21.000000,0.000000,0,5,177017255,788,12,788,12,0,41,3,0
5,350,21.000000,0.000000,0,5,177017258,788,12,788,12,0,41,3,0
5,350,21.000000,0.000000,0,5,177017260,788,12,788,12,0,41,3,0
5,350,21.000000,0.000000,0,5,177017263,788,12,788,12,0,41,3,0
5,350,21.000000,0.000000,0,5,177017266,788,12,788,12,0,41,3,0
5,350,21.000000,0.000000,0,5,177017269,788,12,788,12,0,41,3,0
5,350,21.000000,0.000000,0,5,177017272,788,12,788,12,0,41,3,0
5,350,21.000000,0.000000,0,5,177017275,788,12,788,12,0,41,3,0
5,350,21.000000,0.000000,0,5,177017277,788,12,788,12,0,41,3,0
5,350,21.000000,0.000000,0,5,177017280,788,12,788,12,0,41,3,0
5,350,21.000000,0.000000,0,5,177017283,788,12,788,12,0,41,3,0
5,350,21.000000,0.000000,0,5,177017285,788,12,788,12,0,41,3,0
5,350,21.000000,0.000000,0,5,177017288,788,12,788,12,0,41,3,0
5,350,21.000000,0.000000,0,5,177017291,788,12,788,12,0,41,3,0
5,350,21.000000,0.000000,0,5,177017294,788,12,788,12,0,41,3,0
5,350,21.000000,0.000000,0,5,177017297,788,12,788,12,0,41,3,0
5,350,21.000000,0.000000,0,5,177017300,788,12,788,12,0,41,3,0
5,350,21.000000,0.000000,0,5,177017302,788,12,788,12,0,41,3,0
5,350,21.000000,0.000000,0,5,177017305,788,12,788,12,0,41,3,0
5,350,21.000000,0.000000,0,5,177017308,788,12,788,12,0,41,3,0
5,350,21.000000,0.000000,0,5,177017311,788,12,788,12,0,41,3,0
5,350,21.000000,0.000000,0,5,177017314,788,12,788,12,0,41,3,0
5,350,21.000000,0.000000,0,5,177017316,788,12,788,12,0,41,3,0
5,350,21.000000,0.000000,0,5,177017319,788,12,788,12,0,41,3,0
5,350,21.000000,0.000000,0,5,177017322,788,12,788,12,0,41,3,0
5,350,21.000000,0.000000,0,5,177017325,788,12,788,12,0,41,3,0
5,350,21.000000,0.000000,0,5,177017327,788,12,788,12,0,41,3,0
5,350,21.000000,0.000000,0,5,177017330,788,12,788,12,0,41,3,0
5,350,21.000000,0.000000,0,5,177017333,789,12,789,12,0,41,3,0
5,350,21.000000,0.000000,0,5,177017335,790,12,790,12,0,41,3,0
5,350,21.000000,0.000000,0,5,177017338,790,12,790,12,0,41,3,0
5,350,21.000000,0.000000,0,5,177017341,791,12,791,12,0,41,3,0
5,350,21.000000,0.000000,0,5,177017344,792,12,792,12,0,41,3,0
5,350,21.000000,0.000000,0,5,177017347,793,12,793,12,0,41,3,0
5,350,21.000000,0.000000,0,5,177017350,793,12,793,12,0,41,3,0
5,350,21.000000,0.000000,0,5,177017352,795,12,795,12,0,41,3,0
5,350,21.000000,0.000000,0,5,177017355,796,12,796,12,0,41,3,0
5,350,21.000000,0.000000,0,5,177017358,798,12,798,12,0,41,3,0
5,350,21.000000,0.000000,0,5,177017361,799,12,799,12,0,41,3,0
5,350,21.000000,0.000000,0,5,177017363,800,12,800,12,0,41,3,0
5,350,21.000000,0.000000,0,5,177017366,801,12,801,12,0,41,3,0
5,350,21.000000,0.000000,0,5,177017369,802,12,802,12,0,41,3,0
5,350,21.000000,0.000000,0,5,177017372,804,12,804,12,0,41,3,0
5,350,21.000000,0.000000,0,5,177017375,806,12,806,12,0,41,3,0
5,350,21.000000,0.000000,0,5,177017377,807,12,807,12,0,41,3,0
5,350,21.000000,0.000000,0,5,177017380,809,12,809,12,0,41,3,0
5,350,21.000000,0.000000,0,5,177017383,811,12,811,12,0,41,3,0
5,350,21.000000,0.000000,0,5,177017386,813,12,813,12,0,41,3,0
5,350,21.000000,0.000000,0,5,177017388,814,12,814,12,0,41,3,0
5,350,21.000000,0.000000,0,5,177017391,817,12,817,12,0,41,3,0
5,350,21.000000,0.000000,0,5,177017394,819,12,819,12,0,41,3,0
5,350,21.000000,0.000000,0,5,177017397,822,12,822,12,0,41,3,0
5,350,21.000000,0.000000,0,5,177017399,825,12,825,12,0,41,3,0
5,350,21.000000,0.000000,0,5,177017403,826,12,826,12,0,41,3,0
5,350,21.000000,0.000000,0,5,177017405,830,12,830,12,0,41,3,0
5,350,21.000000,0.000000,0,5,177017408,832,12,832,12,0,41,3,0
5,350,21.000000,0.000000,0,5,177017410,835,11,835,11,0,41,3,0
5,350,21.000000,0.000000,0,5,177017414,836,11,836,11,0,41,3,0
5,350,21.000000,0.000000,0,5,177017417,840,11,840,11,0,41,3,0
5,350,21.000000,0.000000,0,5,177017419,842,10,842,10,0,41,3,0
5,350,21.000000,0.000000,0,5,177017422,846,10,846,10,0,41,3,0
5,350,21.000000,0.000000,0,5,177017425,848,9,848,9,0,41,3,0
5,350,21.000000,0.000000,0,5,177017428,850,9,850,9,0,41,3,0
5,350,21.000000,0.000000,0,5,177017431,852,9,852,9,0,41,3,0
5,350,21.000000,0.000000,0,5,177017434,856,9,856,9,0,41,3,0
5,350,21.000000,0.000000,0,5,177017437,861,8,861,8,0,41,3,0
5,350,21.000000,0.000000,0,5,177017440,863,8,863,8,0,41,3,0
5,350,21.000000,0.000000,0,5,177017443,867,7,867,7,0,41,3,0
5,350,21.000000,0.000000,0,5,177017445,870,7,870,7,0,41,3,0
5,350,21.000000,0.000000,0,5,177017448,874,7,874,7,0,41,3,0
5,350,21.000000,0.000000,0,5,177017451,877,7,877,7,0,41,3,0
5,350,21.000000,0.000000,0,5,177017453,881,7,881,7,0,41,3,0
5,350,21.000000,0.000000,0,5,177017456,885,7,885,7,0,41,3,0
5,350,21.000000,0.000000,0,5,177017459,889,7,889,7,0,41,3,0
5,350,21.000000,0.000000,0,5,177017461,891,6,891,6,0,41,3,0
5,350,21.000000,0.000000,0,5,177017464,895,6,895,6,0,41,3,0
5,350,21.000000,0.000000,0,5,177017467,898,6,898,6,0,41,3,0
5,350,21.000000,0.000000,0,5,177017470,901,5,901,5,0,41,3,0
5,350,21.000000,0.000000,0,5,177017473,905,5,905,5,0,41,3,0
5,350,21.000000,0.000000,0,5,177017475,907,5,907,5,0,41,3,0
5,350,21.000000,0.000000,0,5,177017478,910,5,910,5,0,41,3,0
5,350,21.000000,0.000000,0,5,177017480,912,4,912,4,0,41,3,0
5,350,21.000000,0.000000,0,5,177017483,914,4,914,4,0,41,3,0
5,350,21.000000,0.000000,0,5,177017486,917,4,917,4,0,41,3,0
5,350,21.000000,0.000000,0,5,177017488,920,3,920,3,0,41,3,0
5,350,21.000000,0.000000,0,5,177017491,922,3,922,3,0,41,3,0
5,350,21.000000,0.000000,0,5,177017494,924,3,924,3,0,41,3,0
5,350,21.000000,0.000000,0,5,177017497,926,3,926,3,0,41,3,0
5,350,21.000000,0.000000,0,5,177017500,928,3,928,3,0,41,3,0
5,350,21.000000,0.000000,0,5,177017502,930,3,930,3,0,41,3,0
5,350,21.000000,0.000000,0,5,177017505,932,2,932,2,0,41,3,0
5,350,21.000000,0.000000,0,5,177017508,935,2,935,2,0,41,3,0
5,350,21.000000,0.000000,0,5,177017511,937,2,937,2,0,41,3,0
5,350,21.000000,0.000000,0,5,177017514,939,1,939,1,0,41,3,0
5,350,21.000000,0.000000,0,5,177017516,942,1,942,1,0,41,3,0
5,350,21.000000,0.000000,0,5,177017519,945,1,945,1,0,41,3,0
5,350,21.000000,0.000000,0,5,177017521,948,1,948,1,0,41,3,0
5,350,21.000000,0.000000,0,5,177017524,950,1,950,1,0,41,3,0
5,350,21.000000,0.000000,0,5,177017527,951,1,951,1,0,41,3,0
5,350,21.000000,0.000000,0,5,177017530,953,1,953,1,0,41,3,0
5,350,21.000000,0.000000,0,5,177017533,955,1,955,1,0,41,3,0
5,350,21.000000,0.000000,0,5,177017535,956,0,956,0,0,41,3,0
5,350,21.000000,0.000000,0,5,177017538,958,0,958,0,0,41,3,0
5,350,21.000000,0.000000,0,5,177017541,959,0,959,0,0,41,3,0
5,350,21.000000,0.000000,0,5,177017544,961,0,961,0,0,41,3,0
5,350,21.000000,0.000000,0,5,177017547,962,0,962,0,0,41,3,0
5,350,21.000000,0.000000,0,5,177017549,963,0,963,0,0,41,3,0
5,350,21.000000,0.000000,0,5,177017552,965,0,965,0,0,41,3,0
5,350,21.000000,0.000000,0,5,177017555,966,0,966,0,0,41,3,0
5,350,21.000000,0.000000,0,5,177017558,968,0,968,0,0,41,3,0
5,350,21.000000,0.000000,0,5,177017561,969,0,969,-1,0,41,3,0
5,350,21.000000,0.000000,0,5,177017563,971,0,971,-2,0,41,3,0
5,350,21.000000,0.000000,0,5,177017566,973,0,973,-2,0,41,3,0
5,350,21.000000,0.000000,0,5,177017569,975,0,975,-2,0,41,3,0
5,350,21.000000,0.000000,0,5,177017572,977,0,977,-2,0,41,3,0
5,350,21.000000,0.000000,0,5,177017575,979,0,979,-2,0,41,3,0
5,350,21.000000,0.000000,0,5,177017577,980,0,980,-2,0,41,3,0
5,350,21.000000,0.000000,0,5,177017580,981,0,981,-2,0,41,3,0
5,350,21.000000,0.000000,0,5,177017583,982,0,982,-2,0,41,3,0
5,350,21.000000,0.000000,0,5,177017586,983,0,983,-2,0,41,3,0
5,350,21.000000,0.000000,0,5,177017589,984,0,984,-2,0,41,3,0
5,350,21.000000,0.000000,0,5,177017591,985,0,985,-3,0,41,3,0
5,350,21.000000,0.000000,0,5,177017594,986,0,986,-3,0,41,3,0
5,350,21.000000,0.000000,0,5,177017597,988,0,988,-3,0,41,3,0
5,350,21.000000,0.000000,0,5,177017600,989,0,989,-3,0,41,3,0
5,350,21.000000,0.000000,0,5,177017602,990,0,990,-3,0,41,3,0
5,350,21.000000,0.000000,0,5,177017605,991,0,991,-3,0,41,3,0
5,350,21.000000,0.000000,0,5,177017608,992,0,992,-3,0,41,3,0
5,350,21.000000,0.000000,0,5,177017611,994,0,994,-3,0,41,3,0
5,350,21.000000,0.000000,0,5,177017614,995,0,995,-3,0,41,3,0
5,350,21.000000,0.000000,0,5,177017616,1125,0,996,-3,0,41,3,0
5,350,21.000000,0.000000,0,5,177017619,1126,0,997,-3,0,41,3,0
5,350,21.000000,0.000000,0,5,177017622,1127,0,998,-3,0,41,3,0
5,350,21.000000,0.000000,0,5,177017624,1128,0,999,-3,0,41,3,0
5,350,21.000000,0.000000,0,5,177017628,1129,0,1000,-3,0,41,3,0
5,350,21.000000,0.000000,0,5,177017631,1130,0,1001,-3,0,41,3,0
5,350,21.000000,0.000000,0,5,177017633,1131,0,1002,-3,0,41,3,0
5,350,21.000000,0.000000,0,5,177017636,1132,0,1003,-3,0,41,3,0
5,350,21.000000,0.000000,0,5,177017638,1133,0,1004,-3,0,41,3,0
5,350,21.000000,0.000000,0,5,177017641,1135,0,1006,-3,0,41,3,0
5,350,21.000000,0.000000,0,5,177017644,1137,0,1008,-3,0,41,3,0
5,350,21.000000,0.000000,0,5,177017647,1138,0,1009,-3,0,41,3,0
5,350,21.000000,0.000000,0,5,177017649,1139,0,1010,-3,0,41,3,0
5,350,21.000000,0.000000,0,5,177017652,1139,0,1010,-3,0,41,3,0
5,350,21.000000,0.000000,0,5,177017655,1139,0,1010,-3,0,41,3,0
5,350,21.000000,0.000000,0,5,177017658,1139,0,1010,-3,0,41,3,0
5,350,21.000000,0.000000,0,5,177017661,1139,0,1010,-3,0,41,3,0
5,350,21.000000,0.000000,0,5,177017663,1139,0,1010,-3,0,41,3,0
5,350,21.000000,0.000000,0,5,177017666,1139,0,1010,-3,0,41,3,0
5,350,21.000000,0.000000,0,5,177017669,1139,0,1010,-3,0,41,3,0
5,350,21.000000,0.000000,0,5,177017672,1139,0,1010,-3,0,41,3,0
5,350,21.000000,0.000000,0,5,177017674,1139,0,1010,-3,0,41,3,0
5,350,21.000000,0.000000,0,5,177017677,1139,0,1010,-3,0,41,3,0
5,350,21.000000,0.000000,0,5,177017680,1139,0,1010,-3,0,41,3,0
5,350,21.000000,0.000000,0,5,177017683,1139,0,1010,-3,0,41,3,0
5,350,21.000000,0.000000,0,5,177017685,1139,0,1010,-3,0,41,3,0
5,350,21.000000,0.000000,0,5,177017688,1139,0,1010,-3,0,41,3,0
5,350,21.000000,0.000000,0,5,177017691,1139,0,1010,-3,0,41,3,0
5,350,21.000000,0.000000,0,5,177017694,1139,0,1010,-3,0,41,3,0
5,350,21.000000,0.000000,0,5,177017697,1139,0,1010,-3,0,41,3,0
5,350,21.000000,0.000000,0,5,177017700,1139,0,1010,-3,0,41,3,0
5,350,21.000000,0.000000,0,5,177017702,1139,0,1010,-3,0,41,3,0
5,350,21.000000,0.000000,0,5,177017705,1139,0,1010,-3,0,41,3,0
5,350,21.000000,0.000000,0,5,177017708,1140,0,1011,-3,0,41,3,0
5,350,21.000000,0.000000,0,5,177017710,1141,0,1012,-3,0,41,3,0
5,350,21.000000,0.000000,0,5,177017713,1141,0,1012,-4,0,41,3,0
5,350,21.000000,0.000000,0,5,177017716,1141,0,1012,-4,0,41,3,0
5,350,21.000000,0.000000,0,5,177017719,1141,0,1012,-4,0,41,3,0
5,350,21.000000,0.000000,0,5,177017722,1142,0,1013,-4,0,41,3,0
5,350,21.000000,0.000000,0,5,177017724,1143,0,1014,-4,0,41,3,0
5,350,21.000000,0.000000,0,5,177017727,1144,0,1015,-4,0,41,3,0
5,350,21.000000,0.000000,0,5,177017730,1145,0,1016,-4,0,41,3,0
5,350,21.000000,0.000000,0,5,177017733,1146,0,1017,-4,0,41,3,0
5,350,21.000000,0.000000,0,5,177017736,1147,0,1018,-4,0,41,3,0
5,350,21.000000,0.000000,0,5,177017738,1148,0,1019,-4,0,41,3,0
5,350,21.000000,0.000000,0,5,177017741,1148,0,1019,-4,0,41,3,0
5,350,21.000000,0.000000,0,5,177017744,1149,0,1020,-4,0,41,3,0
5,350,21.000000,0.000000,0,5,177017747,1150,0,1021,-4,0,41,3,0
5,350,21.000000,0.000000,0,5,177017749,1151,0,1022,-4,0,41,3,0
5,350,21.000000,0.000000,0,5,177017753,1152,0,1023,-4,0,41,3,0
5,350,21.000000,0.000000,0,5,177017755,1153,0,1024,-4,0,41,3,0
5,350,21.000000,0.000000,0,5,177017758,1154,0,1025,-4,0,41,3,0
5,350,21.000000,0.000000,0,5,177017761,1155,0,1026,-4,0,41,3,0
5,350,21.000000,0.000000,0,5,177017764,1156,0,1027,-4,0,41,3,0
5,350,21.000000,0.000000,0,5,177017767,1157,0,1028,-4,0,41,3,0
5,350,21.000000,0.000000,0,5,177017769,1158,0,1029,-4,0,41,3,0
5,350,21.000000,0.000000,0,5,177017773,1158,0,1029,-4,0,41,3,0
5,350,21.000000,0.000000,0,5,177017776,1158,0,1029,-4,0,41,3,0
5,350,21.000000,0.000000,0,5,177017779,1158,0,1029,-4,0,41,3,0
5,350,21.000000,0.000000,0,5,177017781,1158,0,1029,-4,0,41,3,0
5,350,21.000000,0.000000,0,5,177017784,1158,0,1029,-4,0,41,3,0
5,350,21.000000,0.000000,0,5,177017786,1158,0,1029,-4,0,41,3,0
5,350,21.000000,0.000000,0,5,177017789,1158,0,1029,-4,0,41,3,0
5,350,21.000000,0.000000,0,5,177017792,1158,0,1029,-4,0,41,3,0
5,350,21.000000,0.000000,0,5,177017794,1158,0,1029,-4,0,41,3,0
5,350,21.000000,0.000000,0,5,177017797,1158,0,1029,-4,0,41,3,0
5,350,21.000000,0.000000,0,5,177017801,1158,0,1029,-4,0,41,3,0
5,350,21.000000,0.000000,0,5,177017803,1158,0,1029,-4,0,41,3,0
5,350,21.000000,0.000000,0,5,177017806,1158,0,1029,-4,0,41,3,0
5,350,21.000000,0.000000,0,5,177017809,1158,0,1029,-4,0,41,3,0
5,350,21.000000,0.000000,0,5,177017812,1158,0,1029,-4,0,41,3,0
5,350,21.000000,0.000000,0,5,177017815,1158,0,1029,-4,0,41,3,0
5,350,21.000000,0.000000,0,5,177017817,1158,0,1029,-4,0,41,3,0
5,350,21.000000,0.000000,0,5,177017820,1158,0,1029,-4,0,41,3,0
5,350,21.000000,0.000000,0,5,177017823,1158,0,1029,-4,0,41,3,0
5,350,21.000000,0.000000,0,5,177017825,1158,0,1029,-4,0,41,3,0
5,350,21.000000,0.000000,0,5,177017828,1158,0,1029,-4,0,41,3,0
5,350,21.000000,0.000000,0,5,177017831,1158,0,1029,-4,0,41,3,0
5,350,21.000000,0.000000,0,5,177017833,1158,0,1029,-4,0,41,3,0
5,350,21.000000,0.000000,0,5,177017836,1158,0,1029,-4,0,41,3,0
5,350,21.000000,0.000000,0,5,177017839,1158,0,1029,-4,0,41,3,0
5,350,21.000000,0.000000,0,5,177017842,1158,0,1029,-4,0,41,3,0
5,350,21.000000,0.000000,0,5,177017844,1158,0,1029,-4,0,41,3,0
5,350,21.000000,0.000000,0,5,177017847,1158,0,1029,-4,0,41,3,0
5,350,21.000000,0.000000,0,5,177017850,1158,0,1029,-4,0,41,3,0
5,350,21.000000,0.000000,0,5,177017852,1158,0,1029,-4,0,41,3,0
5,350,21.000000,0.000000,0,5,177017855,1158,0,1029,-4,0,41,3,0
5,350,21.000000,0.000000,0,5,177017858,1158,0,1029,-4,0,41,3,0
5,350,21.000000,0.000000,0,5,177017861,1158,0,1029,-4,0,41,3,0
5,350,21.000000,0.000000,0,5,177017864,1158,0,1029,-4,0,41,3,0
5,350,21.000000,0.000000,0,5,177017866,1158,0,1029,-4,0,41,3,0
5,350,21.000000,0.000000,0,5,177017869,1158,0,1029,-4,0,41,3,0
5,350,21.000000,0.000000,0,5,177017872,1158,0,1029,-4,0,41,3,0
5,350,21.000000,0.000000,0,5,177017875,1158,0,1029,-4,0,41,3,0
5,350,21.000000,0.000000,0,5,177017877,1158,0,1029,-4,0,41,3,0
5,350,21.000000,0.000000,0,5,177017880,1158,0,1029,-4,0,41,3,0
5,350,21.000000,0.000000,0,5,177017883,1158,0,1029,-4,0,41,3,0
5,350,21.000000,0.000000,0,5,177017886,1158,0,1029,-4,0,41,3,0
5,350,21.000000,0.000000,0,5,177017889,1158,0,1029,-4,0,41,3,0
5,350,21.000000,0.000000,0,5,177017892,1158,0,1029,-4,0,41,3,0
5,350,21.000000,0.000000,0,5,177017894,1158,0,1029,-4,0,41,3,0
5,350,21.000000,0.000000,0,5,177017897,1158,0,1029,-4,0,41,3,0
5,350,21.000000,0.000000,0,5,177017900,1158,0,1029,-4,0,41,3,0
5,350,21.000000,0.000000,0,5,177017902,1158,0,1029,-4,0,41,3,0
5,350,21.000000,0.000000,0,5,177017905,1158,0,1029,-4,0,41,3,0
5,350,21.000000,0.000000,0,5,177017908,1158,0,1029,-4,0,41,3,0
5,350,21.000000,0.000000,0,5,177017911,1158,0,1029,-4,0,41,3,0
5,350,21.000000,0.000000,0,5,177017914,1157,0,1028,-4,0,41,3,0
5,350,21.000000,0.000000,0,5,177017916,1156,0,1027,-4,0,41,3,0
5,350,21.000000,0.000000,0,5,177017919,1156,0,1027,-4,0,41,3,0
5,350,21.000000,0.000000,0,5,177017922,1156,0,1027,-4,0,41,3,0
5,350,21.000000,0.000000,0,5,177017925,1156,0,1027,-4,0,41,3,0
5,350,21.000000,0.000000,0,5,177017927,1156,0,1027,-4,0,41,3,0
5,350,21.000000,0.000000,0,5,177017930,1156,0,1027,-4,0,41,3,0
5,350,21.000000,0.000000,0,5,177017933,1156,0,1027,-4,0,41,3,0
5,350,21.000000,0.000000,0,5,177017936,1156,0,1027,-4,0,41,3,0
5,350,21.000000,0.000000,0,5,177017939,1155,0,1026,-4,0,41,3,0
5,350,21.000000,0.000000,0,5,177017941,1154,0,1025,-4,0,41,3,0
5,350,21.000000,0.000000,0,5,177017944,1154,0,1025,-4,0,41,3,0
5,350,21.000000,0.000000,0,5,177017947,1153,0,1024,-4,0,41,3,0
5,350,21.000000,0.000000,0,5,177017950,1152,0,1023,-4,0,41,3,0
5,350,21.000000,0.000000,0,5,177017952,1152,1,1023,-3,0,41,3,0
5,350,21.000000,0.000000,0,5,177017955,1152,2,1023,-2,0,41,3,0
5,350,21.000000,0.000000,0,5,177017958,1152,2,1023,-2,0,41,3,0
5,350,21.000000,0.000000,0,5,177017961,1152,2,1023,-2,0,41,3,0
5,350,21.000000,0.000000,0,5,177017964,1152,2,1023,-2,0,41,3,0
5,350,21.000000,0.000000,0,5,177017966,1151,2,1022,-2,0,41,3,0
5,350,21.000000,0.000000,0,5,177017969,1151,2,1022,-2,0,41,3,0
5,350,21.000000,0.000000,0,5,177017972,1151,2,1022,-2,0,41,3,0
5,350,21.000000,0.000000,0,5,177017975,1151,2,1022,-2,0,41,3,0
5,350,21.000000,0.000000,0,5,177017978,1151,2,1022,-2,0,41,3,0
5,350,21.000000,0.000000,0,5,177017980,1151,2,1022,-2,0,41,3,0
5,350,21.000000,0.000000,0,5,177017983,1151,2,1022,-2,0,41,3,0
5,350,21.000000,0.000000,0,5,177017986,1151,2,1022,-2,0,41,3,0
5,350,21.000000,0.000000,0,5,177017989,1151,2,1022,-2,0,41,3,0
5,350,21.000000,0.000000,0,5,177017992,1151,2,1022,-2,0,41,3,0
5,350,21.000000,0.000000,0,5,177017994,1151,2,1022,-2,0,41,3,0
5,350,21.000000,0.000000,0,5,177017997,1151,2,1022,-2,0,41,3,0
5,350,21.000000,0.000000,0,5,177018000,1151,2,1022,-2,0,41,3,0
5,350,21.000000,0.000000,0,5,177018003,1151,2,1022,-2,0,41,3,0
5,350,21.000000,0.000000,0,5,177018005,1150,2,1021,-2,0,41,3,0
5,350,21.000000,0.000000,0,5,177018008,1150,2,1021,-2,0,41,3,0
5,350,21.000000,0.000000,0,5,177018011,1150,2,1021,-2,0,41,3,0
5,350,21.000000,0.000000,0,5,177018014,1149,2,1020,-2,0,41,3,0
5,350,21.000000,0.000000,0,5,177018016,1149,2,1020,-2,0,41,3,0
5,350,21.000000,0.000000,0,5,177018019,1148,2,1019,-2,0,41,3,0
5,350,21.000000,0.000000,0,5,177018022,1147,2,1018,-2,0,41,3,0
5,350,21.000000,0.000000,0,5,177018025,1146,2,1017,-2,0,41,3,0
5,350,21.000000,0.000000,0,5,177018028,1145,2,1016,-2,0,41,3,0
5,350,21.000000,0.000000,0,5,177018030,1144,2,1015,-2,0,41,3,0
5,350,21.000000,0.000000,0,5,177018033,1143,2,1014,-2,0,41,3,0
5,350,21.000000,0.000000,0,5,177018036,1142,2,1013,-2,0,41,3,0
5,350,21.000000,0.000000,0,5,177018039,1141,2,1012,-2,0,41,3,0
5,350,21.000000,0.000000,0,5,177018041,1140,2,1011,-2,0,41,3,0
5,350,21.000000,0.000000,0,5,177018045,1139,2,1010,-2,0,41,3,0
5,350,21.000000,0.000000,0,5,177018047,1138,2,1009,-2,0,41,3,0
5,350,21.000000,0.000000,0,5,177018050,1137,2,1008,-2,0,41,3,0
5,350,21.000000,0.000000,0,5,177018053,1137,2,1008,-2,0,41,3,0
5,350,21.000000,0.000000,0,5,177018055,1137,2,1008,-2,0,41,3,0
5,350,21.000000,0.000000,0,5,177018058,1137,2,1008,-2,0,41,3,0
5,350,21.000000,0.000000,0,5,177018061,1137,2,1008,-2,0,41,3,0
5,350,21.000000,0.000000,0,5,177018064,1137,2,1008,-2,0,41,3,0
5,350,21.000000,0.000000,0,5,177018066,1137,2,1008,-2,0,41,3,0
5,350,21.000000,0.000000,0,5,177018069,1137,2,1008,-2,0,41,3,0
5,350,21.000000,0.000000,0,5,177018072,1137,2,1008,-2,0,41,3,0
5,350,21.000000,0.000000,0,5,177018075,1137,2,1008,-2,0,41,3,0
5,350,21.000000,0.000000,0,5,177018078,1137,2,1008,-2,0,41,3,0
5,350,21.000000,0.000000,0,5,177018081,1137,2,1008,-2,0,41,3,0
5,350,21.000000,0.000000,0,5,177018083,1137,2,1008,-2,0,41,3,0
5,350,21.000000,0.000000,0,5,177018086,1137,2,1008,-2,0,41,3,0
5,350,21.000000,0.000000,0,5,177018089,1137,2,1008,-2,0,41,3,0
5,350,21.000000,0.000000,0,5,177018091,1137,2,1008,-2,0,41,3,0
5,350,21.000000,0.000000,0,5,177018094,1137,2,1008,-2,0,41,3,0
5,350,21.000000,0.000000,0,5,177018097,1137,2,1008,-2,0,41,3,0
5,350,21.000000,0.000000,0,5,177018100,1137,2,1008,-2,0,41,3,0
5,350,21.000000,0.000000,0,5,177018103,1137,2,1008,-2,0,41,3,0
5,350,21.000000,0.000000,0,5,177018106,1137,2,1008,-2,0,41,3,0
5,350,21.000000,0.000000,0,5,177018117,1137,2,1008,-2,0,41,3,0
