5,700,21.000000,42.000000,1,5,176584425,615,15.600000,615,15.600000,0,6,4,1
5,700,21.000000,42.000000,1,5,176584426,615,15.600000,615,15.600000,0,6,4,1
5,700,21.000000,42.000000,1,5,176584428,615,15.600000,615,15.600000,0,6,4,1
5,700,21.000000,42.000000,1,5,176584431,615,15.600000,615,15.600000,0,6,4,1
5,700,21.000000,42.000000,1,5,176584434,615,15.600000,615,15.600000,0,6,4,1
5,700,21.000000,42.000000,1,5,176584437,615,15.600000,615,15.600000,0,6,4,1
5,700,21.000000,42.000000,1,5,176584440,615,15.600000,615,15.600000,0,6,4,1
5,700,21.000000,42.000000,1,5,176584442,615,15.600000,615,15.600000,0,6,4,1
5,700,21.000000,42.000000,1,5,176584445,615,15.600000,615,15.600000,0,6,4,1
5,700,21.000000,42.000000,1,5,176584448,615,15.600000,615,15.600000,0,6,4,1
5,700,21.000000,42.000000,1,5,176584451,615,15.600000,615,15.600000,0,6,4,1
5,700,21.000000,42.000000,1,5,176584454,615,15.600000,615,15.600000,0,6,4,1
5,700,21.000000,42.000000,1,5,176584456,615,15.600000,615,15.600000,0,6,4,1
5,700,21.000000,42.000000,1,5,176584459,615,15.600000,615,15.600000,0,6,4,1
5,700,21.000000,42.000000,1,5,176584462,615,15.600000,615,15.600000,0,6,4,1
5,700,21.000000,42.000000,1,5,176584465,615,15.600000,615,15.600000,0,6,4,1
5,700,21.000000,42.000000,1,5,176584468,615,15.600000,615,15.600000,0,6,4,1
5,700,21.000000,42.000000,1,5,176584470,615,15.600000,615,15.600000,0,6,4,1
5,700,21.000000,42.000000,1,5,176584473,615,15.600000,615,15.600000,0,6,4,1
5,700,21.000000,42.000000,1,5,176584476,615,15.600000,615,15.600000,0,6,4,1
5,700,21.000000,42.000000,1,5,176584479,615,15.600000,615,15.600000,0,6,4,1
5,700,21.000000,42.000000,1,5,176584481,615,15.600000,615,15.600000,0,6,4,1
5,700,21.000000,42.000000,1,5,176584484,615,15.600000,615,15.600000,0,6,4,1
5,700,21.000000,42.000000,1,5,176584487,615,15.600000,615,15.600000,0,6,4,1
5,700,21.000000,42.000000,1,5,176584489,615,15.600000,615,15.600000,0,6,4,1
5,700,21.000000,42.000000,1,5,176584492,615,15.600000,615,15.600000,0,6,4,1
5,700,21.000000,42.000000,1,5,176584495,615,15.600000,615,15.600000,0,6,4,1
5,700,21.000000,42.000000,1,5,176584498,615,15.600000,615,15.600000,0,6,4,1
5,700,21.000000,42.000000,1,5,176584501,615,15.600000,615,15.600000,0,6,4,1
5,700,21.000000,42.000000,1,5,176584503,615,15.600000,615,15.600000,0,6,4,1
5,700,21.000000,42.000000,1,5,176584506,615,15.600000,615,15.600000,0,6,4,1
5,700,21.000000,42.000000,1,5,176584509,615,15.600000,615,15.600000,0,6,4,1
5,700,21.000000,42.000000,1,5,176584512,615,15.600000,615,15.600000,0,6,4,1
5,700,21.000000,42.000000,1,5,176584515,615,15.600000,615,15.600000,0,6,4,1
5,700,21.000000,42.000000,1,5,176584517,615,15.600000,615,15.600000,0,6,4,1
5,700,21.000000,42.000000,1,5,176584520,615,15.600000,615,15.600000,0,6,4,1
5,700,21.000000,42.000000,1,5,176584523,615,15.600000,615,15.600000,0,6,4,1
5,700,21.000000,42.000000,1,5,176584526,616,15.600000,616,15.600000,0,6,4,1
5,700,21.000000,42.000000,1,5,176584528,617,15.600000,617,15.600000,0,6,4,1
5,700,21.000000,42.000000,1,5,176584532,618,15.600000,618,15.600000,0,6,4,1
5,700,21.000000,42.000000,1,5,176584535,619,16.600000,619,16.600000,0,6,4,1
5,700,21.000000,42.000000,1,5,176584538,619,16.600000,619,16.600000,0,6,4,1
5,700,21.000000,42.000000,1,5,176584541,620,17.600000,620,17.600000,0,6,4,1
5,700,21.000000,42.000000,1,5,176584544,620,17.600000,620,17.600000,0,6,4,1
5,700,21.000000,42.000000,1,5,176584547,621,17.600000,621,17.600000,0,6,4,1
5,700,21.000000,42.000000,1,5,176584549,621,17.600000,621,17.600000,0,6,4,1
5,700,21.000000,42.000000,1,5,176584552,622,18.600000,622,18.600000,0,6,4,1
5,700,21.000000,42.000000,1,5,176584555,622,18.600000,622,18.600000,0,6,4,1
5,700,21.000000,42.000000,1,5,176584558,623,18.600000,623,18.600000,0,6,4,1
5,700,21.000000,42.000000,1,5,176584561,624,19.600000,624,19.600000,0,6,4,1
5,700,21.000000,42.000000,1,5,176584564,625,19.600000,625,19.600000,0,6,4,1
5,700,21.000000,42.000000,1,5,176584566,626,19.600000,626,19.600000,0,6,4,1
5,700,21.000000,42.000000,1,5,176584569,627,20.600000,627,20.600000,0,6,4,1
5,700,21.000000,42.000000,1,5,176584572,629,21.600000,629,21.600000,0,6,4,1
5,700,21.000000,42.000000,1,5,176584574,630,21.600000,630,21.600000,0,6,4,1
5,700,21.000000,42.000000,1,5,176584577,632,21.600000,632,21.600000,0,6,4,1
5,700,21.000000,42.000000,1,5,176584580,633,22.600000,633,22.600000,0,6,4,1
5,700,21.000000,42.000000,1,5,176584582,635,22.600000,635,22.600000,0,6,4,1
5,700,21.000000,42.000000,1,5,176584585,636,22.600000,636,22.600000,0,6,4,1
5,700,21.000000,42.000000,1,5,176584588,637,23.600000,637,23.600000,0,6,4,1
5,700,21.000000,42.000000,1,5,176584591,638,23.600000,638,23.600000,0,6,4,1
5,700,21.000000,42.000000,1,5,176584593,640,23.600000,640,23.600000,0,6,4,1
5,700,21.000000,42.000000,1,5,176584596,641,23.600000,641,23.600000,0,6,4,1
5,700,21.000000,42.000000,1,5,176584599,643,24.600000,643,24.600000,0,6,4,1
5,700,21.000000,42.000000,1,5,176584601,644,24.600000,644,24.600000,0,6,4,1
5,700,21.000000,42.000000,1,5,176584604,646,24.600000,646,24.600000,0,6,4,1
5,700,21.000000,42.000000,1,5,176584607,649,25.600000,649,25.600000,0,6,4,1
5,700,21.000000,42.000000,1,5,176584609,651,26.600000,651,26.600000,0,6,4,1
5,700,21.000000,42.000000,1,5,176584612,653,26.600000,653,26.600000,0,6,4,1
5,700,21.000000,42.000000,1,5,176584614,656,27.600000,656,27.600000,0,6,4,1
5,700,21.000000,42.000000,1,5,176584617,658,28.600000,658,28.600000,0,6,4,1
5,700,21.000000,42.000000,1,5,176584620,661,28.600000,661,28.600000,0,6,4,1
5,700,21.000000,42.000000,1,5,176584623,665,29.600000,665,29.600000,0,6,4,1
5,700,21.000000,42.000000,1,5,176584626,668,29.600000,668,29.600000,0,6,4,1
5,700,21.000000,42.000000,1,5,176584629,670,30.600000,670,30.600000,0,6,4,1
5,700,21.000000,42.000000,1,5,176584631,673,30.600000,673,30.600000,0,6,4,1
5,700,21.000000,42.000000,1,5,176584634,677,31.600000,677,31.600000,0,6,4,1
5,700,21.000000,42.000000,1,5,176584637,680,32.600000,680,32.600000,0,6,4,1
5,700,21.000000,42.000000,1,5,176584640,684,33.600000,684,33.600000,0,6,4,1
5,700,21.000000,42.000000,1,5,176584643,688,35.600000,688,35.600000,0,6,4,1
5,700,21.000000,42.000000,1,5,176584645,695,35.600000,695,35.600000,0,6,4,1
5,700,21.000000,42.000000,1,5,176584648,699,36.600000,699,36.600000,0,6,4,1
5,700,21.000000,42.000000,1,5,176584651,701,37.600000,701,37.600000,0,6,4,1
5,700,21.000000,42.000000,1,5,176584655,708,38.600000,708,38.600000,0,6,4,1
5,700,21.000000,42.000000,1,5,176584659,713,39.600000,713,39.600000,0,6,4,1
5,700,21.000000,42.000000,1,5,176584662,718,41.600000,718,41.600000,0,6,4,1
5,700,21.000000,42.000000,1,5,176584665,723,42.600000,723,42.600000,0,6,4,1
5,700,21.000000,42.000000,1,5,176584668,728,44.600000,728,44.600000,0,6,4,1
5,700,21.000000,42.000000,1,5,176584671,734,45.600000,734,45.600000,0,6,4,1
5,700,21.000000,42.000000,1,5,176584674,738,47.600000,738,47.600000,0,6,4,1
5,700,21.000000,42.000000,1,5,176584676,743,47.600000,743,47.600000,0,6,4,1
5,700,21.000000,42.000000,1,5,176584679,748,48.600000,748,48.600000,0,6,4,1
5,700,21.000000,42.000000,1,5,176584682,753,49.600000,753,49.600000,0,6,4,1
5,700,21.000000,42.000000,1,5,176584685,760,51.600000,760,51.600000,0,6,4,1
5,700,21.000000,42.000000,1,5,176584687,765,53.600000,765,53.600000,0,6,4,1
5,700,21.000000,42.000000,1,5,176584690,770,53.600000,770,53.600000,0,6,4,1
5,700,21.000000,42.000000,1,5,176584693,773,54.600000,773,54.600000,0,6,4,1
5,700,21.000000,42.000000,1,5,176584695,778,54.600000,778,54.600000,0,6,4,1
5,700,21.000000,42.000000,1,5,176584698,781,54.600000,781,54.600000,0,6,4,1
5,700,21.000000,42.000000,1,5,176584701,786,55.600000,786,55.600000,0,6,4,1
5,700,21.000000,42.000000,1,5,176584704,791,55.600000,791,55.600000,0,6,4,1
5,700,21.000000,42.000000,1,5,176584707,799,57.600000,799,57.600000,0,6,4,1
5,700,21.000000,42.000000,1,5,176584709,804,58.600000,804,58.600000,0,6,4,1
5,700,21.000000,42.000000,1,5,176584712,809,59.600000,809,59.600000,0,6,4,1
5,700,21.000000,42.000000,1,5,176584715,814,59.600000,814,59.600000,0,6,4,1
5,700,21.000000,42.000000,1,5,176584718,819,60.600000,819,60.600000,0,6,4,1
5,700,21.000000,42.000000,1,5,176584720,822,61.600000,822,61.600000,0,6,4,1
5,700,21.000000,42.000000,1,5,176584723,826,61.600000,826,61.600000,0,6,4,1
5,700,21.000000,42.000000,1,5,176584726,832,62.600000,832,62.600000,0,6,4,1
5,700,21.000000,42.000000,1,5,176584729,837,63.600000,837,63.600000,0,6,4,1
5,700,21.000000,42.000000,1,5,176584731,842,63.600000,842,63.600000,0,6,4,1
5,700,21.000000,42.000000,1,5,176584734,847,64.600000,847,64.600000,0,6,4,1
5,700,21.000000,42.000000,1,5,176584737,852,65.600000,852,65.600000,0,6,4,1
5,700,21.000000,42.000000,1,5,176584740,861,66.600000,861,66.600000,0,6,4,1
5,700,21.000000,42.000000,1,5,176584743,866,66.600000,866,66.600000,0,6,4,1
5,700,21.000000,42.000000,1,5,176584745,871,66.600000,871,66.600000,0,6,4,1
5,700,21.000000,42.000000,1,5,176584748,877,67.600000,877,67.600000,0,6,4,1
5,700,21.000000,42.000000,1,5,176584751,883,68.600000,883,68.600000,0,6,4,1
5,700,21.000000,42.000000,1,5,176584754,888,68.600000,888,68.600000,0,6,4,1
5,700,21.000000,42.000000,1,5,176584757,894,68.600000,894,68.600000,0,6,4,1
5,700,21.000000,42.000000,1,5,176584759,902,69.600000,902,69.600000,0,6,4,1
5,700,21.000000,42.000000,1,5,176584762,905,69.600000,905,69.600000,0,6,4,1
5,700,21.000000,42.000000,1,5,176584765,911,70.600000,911,70.600000,0,6,4,1
5,700,21.000000,42.000000,1,5,176584768,918,70.600000,918,70.600000,0,6,4,1
5,700,21.000000,42.000000,1,5,176584770,923,71.600000,923,71.600000,0,6,4,1
5,700,21.000000,42.000000,1,5,176584773,926,71.600000,926,71.600000,0,6,4,1
5,700,21.000000,42.000000,1,5,176584776,931,71.600000,931,71.600000,0,6,4,1
5,700,21.000000,42.000000,1,5,176584779,935,71.600000,935,71.600000,0,6,4,1
5,700,21.000000,42.000000,1,5,176584782,941,71.600000,941,71.600000,0,6,4,1
5,700,21.000000,42.000000,1,5,176584784,944,72.600000,944,72.600000,0,6,4,1
5,700,21.000000,42.000000,1,5,176584787,949,72.600000,949,72.600000,0,6,4,1
5,700,21.000000,42.000000,1,5,176584790,953,72.600000,953,72.600000,0,6,4,1
5,700,21.000000,42.000000,1,5,176584792,956,72.600000,956,72.600000,0,6,4,1
5,700,21.000000,42.000000,1,5,176584795,962,72.600000,962,72.600000,0,6,4,1
5,700,21.000000,42.000000,1,5,176584798,967,72.600000,967,72.600000,0,6,4,1
5,700,21.000000,42.000000,1,5,176584801,971,72.600000,971,72.600000,0,6,4,1
5,700,21.000000,42.000000,1,5,176584804,979,72.600000,979,72.600000,0,6,4,1
5,700,21.000000,42.000000,1,5,176584806,983,72.600000,983,72.600000,0,6,4,1
5,700,21.000000,42.000000,1,5,176584809,987,72.600000,987,72.600000,0,6,4,1
5,700,21.000000,42.000000,1,5,176584812,991,73.600000,991,73.600000,0,6,4,1
5,700,21.000000,42.000000,1,5,176584815,995,73.600000,995,73.600000,0,6,4,1
5,700,21.000000,42.000000,1,5,176584817,999,73.600000,999,73.600000,0,6,4,1
5,700,21.000000,42.000000,1,5,176584820,1002,73.600000,1002,73.600000,0,6,4,1
5,700,21.000000,42.000000,1,5,176584823,1007,73.600000,1007,73.600000,0,6,4,1
5,700,21.000000,42.000000,1,5,176584826,1011,73.600000,1011,73.600000,0,6,4,1
5,700,21.000000,42.000000,1,5,176584829,1015,73.600000,1015,73.600000,0,6,4,1
5,700,21.000000,42.000000,1,5,176584831,1018,73.600000,1018,73.600000,0,6,4,1
5,700,21.000000,42.000000,1,5,176584834,1023,73.600000,1023,73.600000,0,6,4,1
5,700,21.000000,42.000000,1,5,176584837,1026,73.600000,1026,73.600000,0,6,4,1
5,700,21.000000,42.000000,1,5,176584840,1030,73.600000,1030,73.600000,0,6,4,1
5,700,21.000000,42.000000,1,5,176584843,1032,73.600000,1032,73.600000,0,6,4,1
5,700,21.000000,42.000000,1,5,176584845,1035,73.600000,1035,73.600000,0,6,4,1
5,700,21.000000,42.000000,1,5,176584848,1038,72.600000,1038,72.600000,0,6,4,1
5,700,21.000000,42.000000,1,5,176584851,1042,71.600000,1042,71.600000,0,6,4,1
5,700,21.000000,42.000000,1,5,176584854,1045,71.600000,1045,71.600000,0,6,4,1
5,700,21.000000,42.000000,1,5,176584857,1049,70.600000,1049,70.600000,0,6,4,1
5,700,21.000000,42.000000,1,5,176584860,1051,70.600000,1051,70.600000,0,6,4,1
5,700,21.000000,42.000000,1,5,176584862,1053,70.600000,1053,70.600000,0,6,4,1
5,700,21.000000,42.000000,1,5,176584865,1057,70.600000,1057,70.600000,0,6,4,1
5,700,21.000000,42.000000,1,5,176584867,1060,70.600000,1060,70.600000,0,6,4,1
5,700,21.000000,42.000000,1,5,176584870,1062,70.600000,1062,70.600000,0,6,4,1
5,700,21.000000,42.000000,1,5,176584873,1066,70.600000,1066,70.600000,0,6,4,1
5,700,21.000000,42.000000,1,5,176584876,1071,70.600000,1071,70.600000,0,6,4,1
5,700,21.000000,42.000000,1,5,176584879,1075,69.600000,1075,69.600000,0,6,4,1
5,700,21.000000,42.000000,1,5,176584882,1077,69.600000,1077,69.600000,0,6,4,1
5,700,21.000000,42.000000,1,5,176584884,1080,69.600000,1080,69.600000,0,6,4,1
5,700,21.000000,42.000000,1,5,176584887,1083,69.600000,1083,69.600000,0,6,4,1
5,700,21.000000,42.000000,1,5,176584890,1088,69.600000,1088,69.600000,0,6,4,1
5,700,21.000000,42.000000,1,5,176584893,1092,68.600000,1092,68.600000,0,6,4,1
5,700,21.000000,42.000000,1,5,176584895,1096,68.600000,1096,68.600000,0,6,4,1
5,700,21.000000,42.000000,1,5,176584898,1098,67.600000,1098,67.600000,0,6,4,1
5,700,21.000000,42.000000,1,5,176584901,1101,67.600000,1101,67.600000,0,6,4,1
5,700,21.000000,42.000000,1,5,176584904,1105,67.600000,1105,67.600000,0,6,4,1
5,700,21.000000,42.000000,1,5,176584907,1109,67.600000,1109,67.600000,0,6,4,1
5,700,21.000000,42.000000,1,5,176584909,1113,66.600000,1113,66.600000,0,6,4,1
5,700,21.000000,42.000000,1,5,176584912,1116,65.600000,1116,65.600000,0,6,4,1
5,700,21.000000,42.000000,1,5,176584915,1119,65.600000,1119,65.600000,0,6,4,1
5,700,21.000000,42.000000,1,5,176584918,1121,64.600000,1121,64.600000,0,6,4,1
5,700,21.000000,42.000000,1,5,176584921,1124,64.600000,1124,64.600000,0,6,4,1
5,700,21.000000,42.000000,1,5,176584923,1126,64.600000,1126,64.600000,0,6,4,1
5,700,21.000000,42.000000,1,5,176584926,1128,64.600000,1128,64.600000,0,6,4,1
5,700,21.000000,42.000000,1,5,176584929,1130,64.600000,1130,64.600000,0,6,4,1
5,700,21.000000,42.000000,1,5,176584932,1131,63.600000,1131,63.600000,0,6,4,1
5,700,21.000000,42.000000,1,5,176584935,1133,62.600000,1133,62.600000,0,6,4,1
5,700,21.000000,42.000000,1,5,176584937,1134,62.600000,1134,62.600000,0,6,4,1
5,700,21.000000,42.000000,1,5,176584940,1136,62.600000,1136,62.600000,0,6,4,1
5,700,21.000000,42.000000,1,5,176584943,1137,61.600000,1137,61.600000,0,6,4,1
5,700,21.000000,42.000000,1,5,176584946,1139,61.600000,1139,61.600000,0,6,4,1
5,700,21.000000,42.000000,1,5,176584948,1144,60.600000,1144,60.600000,0,6,4,1
5,700,21.000000,42.000000,1,5,176584951,1146,60.600000,1146,60.600000,0,6,4,1
5,700,21.000000,42.000000,1,5,176584954,1149,60.600000,1149,60.600000,0,6,4,1
5,700,21.000000,42.000000,1,5,176584956,1152,60.600000,1152,60.600000,0,6,4,1
5,700,21.000000,42.000000,1,5,176584959,1157,60.600000,1157,60.600000,0,6,4,1
5,700,21.000000,42.000000,1,5,176584962,1159,60.600000,1159,60.600000,0,6,4,1
5,700,21.000000,42.000000,1,5,176584965,1162,60.600000,1162,60.600000,0,6,4,1
5,700,21.000000,42.000000,1,5,176584968,1166,60.600000,1166,60.600000,0,6,4,1
5,700,21.000000,42.000000,1,5,176584971,1167,60.600000,1167,60.600000,0,6,4,1
5,700,21.000000,42.000000,1,5,176584973,1170,60.600000,1170,60.600000,0,6,4,1
5,700,21.000000,42.000000,1,5,176584976,1174,59.600000,1174,59.600000,0,6,4,1
5,700,21.000000,42.000000,1,5,176584979,1176,58.600000,1176,58.600000,0,6,4,1
5,700,21.000000,42.000000,1,5,176584982,1178,58.600000,1178,58.600000,0,6,4,1
5,700,21.000000,42.000000,1,5,176584984,1180,58.600000,1180,58.600000,0,6,4,1
5,700,21.000000,42.000000,1,5,176584987,1182,57.600000,1182,57.600000,0,6,4,1
5,700,21.000000,42.000000,1,5,176584990,1184,56.600000,1184,56.600000,0,6,4,1
5,700,21.000000,42.000000,1,5,176584993,1186,55.600000,1186,55.600000,0,6,4,1
5,700,21.000000,42.000000,1,5,176584995,1188,54.600000,1188,54.600000,0,6,4,1
5,700,21.000000,42.000000,1,5,176584998,1189,54.600000,1189,54.600000,0,6,4,1
5,700,21.000000,42.000000,1,5,176585001,1191,53.600000,1191,53.600000,0,6,4,1
5,700,21.000000,42.000000,1,5,176585004,1192,52.600000,1192,52.600000,0,6,4,1
5,700,21.000000,42.000000,1,5,176585006,1195,51.600000,1195,51.600000,0,6,4,1
5,700,21.000000,42.000000,1,5,176585010,1196,51.600000,1196,51.600000,0,6,4,1
5,700,21.000000,42.000000,1,5,176585012,1198,50.600000,1198,50.600000,0,6,4,1
5,700,21.000000,42.000000,1,5,176585015,1199,49.600000,1199,49.600000,0,6,4,1
5,700,21.000000,42.000000,1,5,176585018,1200,49.600000,1200,49.600000,0,6,4,1
5,700,21.000000,42.000000,1,5,176585021,1201,48.600000,1201,48.600000,0,6,4,1
5,700,21.000000,42.000000,1,5,176585024,1203,47.600000,1203,47.600000,0,6,4,1
5,700,21.000000,42.000000,1,5,176585027,1207,46.600000,1207,46.600000,0,6,4,1
5,700,21.000000,42.000000,1,5,176585031,1208,45.600000,1208,45.600000,0,6,4,1
5,700,21.000000,42.000000,1,5,176585033,1209,45.600000,1209,45.600000,0,6,4,1
5,700,21.000000,42.000000,1,5,176585036,1210,44.600000,1210,44.600000,0,6,4,1
5,700,21.000000,42.000000,1,5,176585039,1212,44.600000,1212,44.600000,0,6,4,1
5,700,21.000000,42.000000,1,5,176585042,1213,44.600000,1213,44.600000,0,6,4,1
5,700,21.000000,42.000000,1,5,176585044,1215,43.600000,1215,43.600000,0,6,4,1
5,700,21.000000,42.000000,1,5,176585047,1217,42.600000,1217,42.600000,0,6,4,1
5,700,21.000000,42.000000,1,5,176585050,1218,42.600000,1218,42.600000,0,6,4,1
5,700,21.000000,42.000000,1,5,176585053,1219,41.600000,1219,41.600000,0,6,4,1
5,700,21.000000,42.000000,1,5,176585056,1220,41.600000,1220,41.600000,0,6,4,1
5,700,21.000000,42.000000,1,5,176585058,1222,41.600000,1222,41.600000,0,6,4,1
5,700,21.000000,42.000000,1,5,176585061,1224,40.600000,1224,40.600000,0,6,4,1
5,700,21.000000,42.000000,1,5,176585064,1225,39.600000,1225,39.600000,0,6,4,1
5,700,21.000000,42.000000,1,5,176585067,1227,39.600000,1227,39.600000,0,6,4,1
5,700,21.000000,42.000000,1,5,176585070,1228,39.600000,1228,39.600000,0,6,4,1
5,700,21.000000,42.000000,1,5,176585073,1231,39.600000,1231,39.600000,0,6,4,1
5,700,21.000000,42.000000,1,5,176585076,1233,39.600000,1233,39.600000,0,6,4,1
5,700,21.000000,42.000000,1,5,176585079,1235,39.600000,1235,39.600000,0,6,4,1
5,700,21.000000,42.000000,1,5,176585082,1237,39.600000,1237,39.600000,0,6,4,1
5,700,21.000000,42.000000,1,5,176585084,1239,39.600000,1239,39.600000,0,6,4,1
5,700,21.000000,42.000000,1,5,176585087,1240,39.600000,1240,39.600000,0,6,4,1
5,700,21.000000,42.000000,1,5,176585090,1242,39.600000,1242,39.600000,0,6,4,1
5,700,21.000000,42.000000,1,5,176585093,1244,39.600000,1244,39.600000,0,6,4,1
5,700,21.000000,42.000000,1,5,176585096,1246,38.600000,1246,38.600000,0,6,4,1
5,700,21.000000,42.000000,1,5,176585098,1247,38.600000,1247,38.600000,0,6,4,1
5,700,21.000000,42.000000,1,5,176585101,1248,37.600000,1248,37.600000,0,6,4,1
5,700,21.000000,42.000000,1,5,176585104,1249,36.600000,1249,36.600000,0,6,4,1
5,700,21.000000,42.000000,1,5,176585107,1250,36.600000,1250,36.600000,0,6,4,1
5,700,21.000000,42.000000,1,5,176585110,1251,35.600000,1251,35.600000,0,6,4,1
5,700,21.000000,42.000000,1,5,176585112,1252,35.600000,1252,35.600000,0,6,4,1
5,700,21.000000,42.000000,1,5,176585115,1252,34.600000,1252,34.600000,0,6,4,1
5,700,21.000000,42.000000,1,5,176585118,1253,33.600000,1253,33.600000,0,6,4,1
5,700,21.000000,42.000000,1,5,176585120,1254,32.600000,1254,32.600000,0,6,4,1
5,700,21.000000,42.000000,1,5,176585123,1256,31.600000,1256,31.600000,0,6,4,1
5,700,21.000000,42.000000,1,5,176585126,1257,30.600000,1257,30.600000,0,6,4,1
5,700,21.000000,42.000000,1,5,176585129,1258,29.600000,1258,29.600000,0,6,4,1
5,700,21.000000,42.000000,1,5,176585131,1259,29.600000,1259,29.600000,0,6,4,1
5,700,21.000000,42.000000,1,5,176585134,1260,29.600000,1260,29.600000,0,6,4,1
5,700,21.000000,42.000000,1,5,176585137,1261,29.600000,1261,29.600000,0,6,4,1
5,700,21.000000,42.000000,1,5,176585140,1262,29.600000,1262,29.600000,0,6,4,1
5,700,21.000000,42.000000,1,5,176585143,1262,28.600000,1262,28.600000,0,6,4,1
5,700,21.000000,42.000000,1,5,176585145,1264,28.600000,1264,28.600000,0,6,4,1
5,700,21.000000,42.000000,1,5,176585148,1266,28.600000,1266,28.600000,0,6,4,1
5,700,21.000000,42.000000,1,5,176585151,1267,28.600000,1267,28.600000,0,6,4,1
5,700,21.000000,42.000000,1,5,176585154,1268,28.600000,1268,28.600000,0,6,4,1
5,700,21.000000,42.000000,1,5,176585157,1269,28.600000,1269,28.600000,0,6,4,1
5,700,21.000000,42.000000,1,5,176585159,1270,28.600000,1270,28.600000,0,6,4,1
5,700,21.000000,42.000000,1,5,176585162,1272,27.600000,1272,27.600000,0,6,4,1
5,700,21.000000,42.000000,1,5,176585165,1274,26.600000,1274,26.600000,0,6,4,1
5,700,21.000000,42.000000,1,5,176585168,1275,26.600000,1275,26.600000,0,6,4,1
5,700,21.000000,42.000000,1,5,176585170,1276,26.600000,1276,26.600000,0,6,4,1
5,700,21.000000,42.000000,1,5,176585173,1277,25.600000,1277,25.600000,0,6,4,1
5,700,21.000000,42.000000,1,5,176585176,1278,25.600000,1278,25.600000,0,6,4,1
5,700,21.000000,42.000000,1,5,176585179,1278,24.600000,1278,24.600000,0,6,4,1
5,700,21.000000,42.000000,1,5,176585182,1279,23.600000,1279,23.600000,0,6,4,1
5,700,21.000000,42.000000,1,5,176585185,1280,23.600000,1280,23.600000,0,6,4,1
5,700,21.000000,42.000000,1,5,176585187,1281,22.600000,1281,22.600000,0,6,4,1
5,700,21.000000,42.000000,1,5,176585190,1282,21.600000,1282,21.600000,0,6,4,1
5,700,21.000000,42.000000,1,5,176585193,1283,21.600000,1283,21.600000,0,6,4,1
5,700,21.000000,42.000000,1,5,176585196,1283,21.600000,1283,21.600000,0,6,4,1
5,700,21.000000,42.000000,1,5,176585199,1284,21.600000,1284,21.600000,0,6,4,1
5,700,21.000000,42.000000,1,5,176585201,1285,21.600000,1285,21.600000,0,6,4,1
5,700,21.000000,42.000000,1,5,176585204,1285,21.600000,1285,21.600000,0,6,4,1
5,700,21.000000,42.000000,1,5,176585208,1285,21.600000,1285,21.600000,0,6,4,1
5,700,21.000000,42.000000,1,5,176585210,1285,21.600000,1285,21.600000,0,6,4,1
5,700,21.000000,42.000000,1,5,176585213,1285,21.600000,1285,21.600000,0,6,4,1
5,700,21.000000,42.000000,1,5,176585217,1285,21.600000,1285,21.600000,0,6,4,1
5,700,21.000000,42.000000,1,5,176585219,1285,21.600000,1285,21.600000,0,6,4,1
5,700,21.000000,42.000000,1,5,176585222,1285,21.600000,1285,21.600000,0,6,4,1
5,700,21.000000,42.000000,1,5,176585224,1285,21.600000,1285,21.600000,0,6,4,1
5,700,21.000000,42.000000,1,5,176585227,1285,21.600000,1285,21.600000,0,6,4,1
5,700,21.000000,42.000000,1,5,176585230,1285,21.600000,1285,21.600000,0,6,4,1
5,700,21.000000,42.000000,1,5,176585232,1285,21.600000,1285,21.600000,0,6,4,1
5,700,21.000000,42.000000,1,5,176585235,1285,21.600000,1285,21.600000,0,6,4,1
5,700,21.000000,42.000000,1,5,176585238,1285,21.600000,1285,21.600000,0,6,4,1
5,700,21.000000,42.000000,1,5,176585240,1285,21.600000,1285,21.600000,0,6,4,1
5,700,21.000000,42.000000,1,5,176585243,1286,21.600000,1286,21.600000,0,6,4,1
5,700,21.000000,42.000000,1,5,176585246,1287,21.600000,1287,21.600000,0,6,4,1
5,700,21.000000,42.000000,1,5,176585249,1287,21.600000,1287,21.600000,0,6,4,1
5,700,21.000000,42.000000,1,5,176585251,1288,21.600000,1288,21.600000,0,6,4,1
5,700,21.000000,42.000000,1,5,176585254,1289,21.600000,1289,21.600000,0,6,4,1
5,700,21.000000,42.000000,1,5,176585257,1290,21.600000,1290,21.600000,0,6,4,1
5,700,21.000000,42.000000,1,5,176585259,1291,21.600000,1291,21.600000,0,6,4,1
5,700,21.000000,42.000000,1,5,176585262,1291,21.600000,1291,21.600000,0,6,4,1
5,700,21.000000,42.000000,1,5,176585265,1292,21.600000,1292,21.600000,0,6,4,1
5,700,21.000000,42.000000,1,5,176585268,1293,21.600000,1293,21.600000,0,6,4,1
5,700,21.000000,42.000000,1,5,176585271,1294,21.600000,1294,21.600000,0,6,4,1
5,700,21.000000,42.000000,1,5,176585274,1295,21.600000,1295,21.600000,0,6,4,1
5,700,21.000000,42.000000,1,5,176585276,1296,20.600000,1296,20.600000,0,6,4,1
5,700,21.000000,42.000000,1,5,176585279,1297,20.600000,1297,20.600000,0,6,4,1
5,700,21.000000,42.000000,1,5,176585282,1298,20.600000,1298,20.600000,0,6,4,1
5,700,21.000000,42.000000,1,5,176585285,1298,20.600000,1298,20.600000,0,6,4,1
5,700,21.000000,42.000000,1,5,176585287,1299,19.600000,1299,19.600000,0,6,4,1
5,700,21.000000,42.000000,1,5,176585290,1300,18.600000,1300,18.600000,0,6,4,1
5,700,21.000000,42.000000,1,5,176585293,1300,18.600000,1300,18.600000,0,6,4,1
5,700,21.000000,42.000000,1,5,176585296,1300,18.600000,1300,18.600000,0,6,4,1
5,700,21.000000,42.000000,1,5,176585298,1300,18.600000,1300,18.600000,0,6,4,1
5,700,21.000000,42.000000,1,5,176585301,1300,18.600000,1300,18.600000,0,6,4,1
5,700,21.000000,42.000000,1,5,176585304,1300,18.600000,1300,18.600000,0,6,4,1
5,700,21.000000,42.000000,1,5,176585307,1301,18.600000,1301,18.600000,0,6,4,1
5,700,21.000000,42.000000,1,5,176585309,1301,17.600000,1301,17.600000,0,6,4,1
5,700,21.000000,42.000000,1,5,176585313,1301,16.600000,1301,16.600000,0,6,4,1
5,700,21.000000,42.000000,1,5,176585315,1301,16.600000,1301,16.600000,0,6,4,1
5,700,21.000000,42.000000,1,5,176585318,1301,16.600000,1301,16.600000,0,6,4,1
5,700,21.000000,42.000000,1,5,176585321,1301,16.600000,1301,16.600000,0,6,4,1
5,700,21.000000,42.000000,1,5,176585324,1301,16.600000,1301,16.600000,0,6,4,1
5,700,21.000000,42.000000,1,5,176585326,1301,16.600000,1301,16.600000,0,6,4,1
5,700,21.000000,42.000000,1,5,176585329,1301,16.600000,1301,16.600000,0,6,4,1
5,700,21.000000,42.000000,1,5,176585332,1301,16.600000,1301,16.600000,0,6,4,1
5,700,21.000000,42.000000,1,5,176585334,1301,16.600000,1301,16.600000,0,6,4,1
5,700,21.000000,42.000000,1,5,176585337,1302,16.600000,1302,16.600000,0,6,4,1
5,700,21.000000,42.000000,1,5,176585340,1302,16.600000,1302,16.600000,0,6,4,1
5,700,21.000000,42.000000,1,5,176585343,1303,16.600000,1303,16.600000,0,6,4,1
5,700,21.000000,42.000000,1,5,176585346,1304,16.600000,1304,16.600000,0,6,4,1
5,700,21.000000,42.000000,1,5,176585348,1305,16.600000,1305,16.600000,0,6,4,1
5,700,21.000000,42.000000,1,5,176585351,1306,16.600000,1306,16.600000,0,6,4,1
5,700,21.000000,42.000000,1,5,176585354,1306,15.600000,1306,15.600000,0,6,4,1
5,700,21.000000,42.000000,1,5,176585357,1307,14.600000,1307,14.600000,0,6,4,1
5,700,21.000000,42.000000,1,5,176585360,1308,14.600000,1308,14.600000,0,6,4,1
5,700,21.000000,42.000000,1,5,176585362,1309,14.600000,1309,14.600000,0,6,4,1
5,700,21.000000,42.000000,1,5,176585365,1310,14.600000,1310,14.600000,0,6,4,1
5,700,21.000000,42.000000,1,5,176585368,1310,13.600000,1310,13.600000,0,6,4,1
5,700,21.000000,42.000000,1,5,176585371,1311,13.600000,1311,13.600000,0,6,4,1
5,700,21.000000,42.000000,1,5,176585374,1312,13.600000,1312,13.600000,0,6,4,1
5,700,21.000000,42.000000,1,5,176585376,1313,13.600000,1313,13.600000,0,6,4,1
5,700,21.000000,42.000000,1,5,176585379,1314,13.600000,1314,13.600000,0,6,4,1
5,700,21.000000,42.000000,1,5,176585382,1315,13.600000,1315,13.600000,0,6,4,1
5,700,21.000000,42.000000,1,5,176585385,1316,13.600000,1316,13.600000,0,6,4,1
5,700,21.000000,42.000000,1,5,176585387,1316,12.600000,1316,12.600000,0,6,4,1
5,700,21.000000,42.000000,1,5,176585390,1316,11.600000,1316,11.600000,0,6,4,1
5,700,21.000000,42.000000,1,5,176585393,1316,11.600000,1316,11.600000,0,6,4,1
5,700,21.000000,42.000000,1,5,176585396,1316,11.600000,1316,11.600000,0,6,4,1
5,700,21.000000,42.000000,1,5,176585398,1316,11.600000,1316,11.600000,0,6,4,1
5,700,21.000000,42.000000,1,5,176585401,1316,11.600000,1316,11.600000,0,6,4,1
5,700,21.000000,42.000000,1,5,176585404,1316,11.600000,1316,11.600000,0,6,4,1
5,700,21.000000,42.000000,1,5,176585407,1316,11.600000,1316,11.600000,0,6,4,1
5,700,21.000000,42.000000,1,5,176585410,1316,11.600000,1316,11.600000,0,6,4,1
5,700,21.000000,42.000000,1,5,176585412,1316,11.600000,1316,11.600000,0,6,4,1
5,700,21.000000,42.000000,1,5,176585415,1316,11.600000,1316,11.600000,0,6,4,1
5,700,21.000000,42.000000,1,5,176585418,1316,11.600000,1316,11.600000,0,6,4,1
5,700,21.000000,42.000000,1,5,176585421,1316,11.600000,1316,11.600000,0,6,4,1
5,700,21.000000,42.000000,1,5,176585424,1316,11.600000,1316,11.600000,0,6,4,1
5,700,21.000000,42.000000,1,5,176585426,1316,11.600000,1316,11.600000,0,6,4,1
5,700,21.000000,42.000000,1,5,176585429,1316,11.600000,1316,11.600000,0,6,4,1
5,700,21.000000,42.000000,1,5,176585432,1316,11.600000,1316,11.600000,0,6,4,1
5,700,21.000000,42.000000,1,5,176585434,1316,11.600000,1316,11.600000,0,6,4,1
5,700,21.000000,42.000000,1,5,176585437,1316,11.600000,1316,11.600000,0,6,4,1
5,700,21.000000,42.000000,1,5,176585440,1316,11.600000,1316,11.600000,0,6,4,1
5,700,21.000000,42.000000,1,5,176585443,1316,11.600000,1316,11.600000,0,6,4,1
5,700,21.000000,42.000000,1,5,176585446,1316,11.600000,1316,11.600000,0,6,4,1
5,700,21.000000,42.000000,1,5,176585449,1316,11.600000,1316,11.600000,0,6,4,1
5,700,21.000000,42.000000,1,5,176585452,1316,11.600000,1316,11.600000,0,6,4,1
5,700,21.000000,42.000000,1,5,176585454,1316,11.600000,1316,11.600000,0,6,4,1
5,700,21.000000,42.000000,1,5,176585457,1316,11.600000,1316,11.600000,0,6,4,1
5,700,21.000000,42.000000,1,5,176585460,1316,11.600000,1316,11.600000,0,6,4,1
5,700,21.000000,42.000000,1,5,176585463,1316,11.600000,1316,11.600000,0,6,4,1
5,700,21.000000,42.000000,1,5,176585465,1316,11.600000,1316,11.600000,0,6,4,1
5,700,21.000000,42.000000,1,5,176585479,1316,11.600000,1316,11.600000,0,6,4,1
