5,350,21.000000,10000.000000,1,0,177394354,779,8,779,8,0,75,5,0
5,350,21.000000,10000.000000,1,0,177394355,779,8,779,8,0,75,5,0
5,350,21.000000,10000.000000,1,0,177394358,779,8,779,8,0,75,5,0
5,350,21.000000,10000.000000,1,0,177394361,779,8,779,8,0,75,5,0
5,350,21.000000,10000.000000,1,0,177394363,779,8,779,8,0,75,5,0
5,350,21.000000,10000.000000,1,0,177394366,779,8,779,8,0,75,5,0
5,350,21.000000,10000.000000,1,0,177394369,779,8,779,8,0,75,5,0
5,350,21.000000,10000.000000,1,0,177394372,779,8,779,8,0,75,5,0
5,350,21.000000,10000.000000,1,0,177394374,779,8,779,8,0,75,5,0
5,350,21.000000,10000.000000,1,0,177394377,779,8,779,8,0,75,5,0
5,350,21.000000,10000.000000,1,0,177394380,779,8,779,8,0,75,5,0
5,350,21.000000,10000.000000,1,0,177394383,779,8,779,8,0,75,5,0
5,350,21.000000,10000.000000,1,0,177394386,779,8,779,8,0,75,5,0
5,350,21.000000,10000.000000,1,0,177394388,779,8,779,8,0,75,5,0
5,350,21.000000,10000.000000,1,0,177394391,779,8,779,8,0,75,5,0
5,350,21.000000,10000.000000,1,0,177394394,779,8,779,8,0,75,5,0
5,350,21.000000,10000.000000,1,0,177394397,779,8,779,8,0,75,5,0
5,350,21.000000,10000.000000,1,0,177394400,779,8,779,8,0,75,5,0
5,350,21.000000,10000.000000,1,0,177394402,779,8,779,8,0,75,5,0
5,350,21.000000,10000.000000,1,0,177394405,779,8,779,8,0,75,5,0
5,350,21.000000,10000.000000,1,0,177394408,779,8,779,8,0,75,5,0
5,350,21.000000,10000.000000,1,0,177394411,779,8,779,8,0,75,5,0
5,350,21.000000,10000.000000,1,0,177394413,779,8,779,8,0,75,5,0
5,350,21.000000,10000.000000,1,0,177394416,779,8,779,8,0,75,5,0
5,350,21.000000,10000.000000,1,0,177394419,779,8,779,8,0,75,5,0
5,350,21.000000,10000.000000,1,0,177394422,779,8,779,8,0,75,5,0
5,350,21.000000,10000.000000,1,0,177394425,779,8,779,8,0,75,5,0
5,350,21.000000,10000.000000,1,0,177394427,779,8,779,8,0,75,5,0
5,350,21.000000,10000.000000,1,0,177394430,779,8,779,8,0,75,5,0
5,350,21.000000,10000.000000,1,0,177394433,779,8,779,8,0,75,5,0
5,350,21.000000,10000.000000,1,0,177394436,779,8,779,8,0,75,5,0
5,350,21.000000,10000.000000,1,0,177394439,779,8,779,8,0,75,5,0
5,350,21.000000,10000.000000,1,0,177394441,779,8,779,8,0,75,5,0
5,350,21.000000,10000.000000,1,0,177394444,779,8,779,8,0,75,5,0
5,350,21.000000,10000.000000,1,0,177394447,779,8,779,8,0,75,5,0
5,350,21.000000,10000.000000,1,0,177394450,779,8,779,8,0,75,5,0
5,350,21.000000,10000.000000,1,0,177394452,779,8,779,8,0,75,5,0
5,350,21.000000,10000.000000,1,0,177394455,779,8,779,8,0,75,5,0
5,350,21.000000,10000.000000,1,0,177394458,779,8,779,8,0,75,5,0
5,350,21.000000,10000.000000,1,0,177394461,779,8,779,8,0,75,5,0
5,350,21.000000,10000.000000,1,0,177394463,779,8,779,8,0,75,5,0
5,350,21.000000,10000.000000,1,0,177394466,779,8,779,8,0,75,5,0
5,350,21.000000,10000.000000,1,0,177394469,779,8,779,8,0,75,5,0
5,350,21.000000,10000.000000,1,0,177394472,780,8,780,8,0,75,5,0
5,350,21.000000,10000.000000,1,0,177394474,781,8,781,8,0,75,5,0
5,350,21.000000,10000.000000,1,0,177394477,781,8,781,8,0,75,5,0
5,350,21.000000,10000.000000,1,0,177394480,781,9,781,9,0,75,5,0
5,350,21.000000,10000.000000,1,0,177394483,782,10,782,10,0,75,5,0
5,350,21.000000,10000.000000,1,0,177394486,783,10,783,10,0,75,5,0
5,350,21.000000,10000.000000,1,0,177394488,784,11,784,11,0,75,5,0
5,350,21.000000,10000.000000,1,0,177394491,785,11,785,11,0,75,5,0
5,350,21.000000,10000.000000,1,0,177394494,786,12,786,12,0,75,5,0
5,350,21.000000,10000.000000,1,0,177394497,787,12,787,12,0,75,5,0
5,350,21.000000,10000.000000,1,0,177394499,787,13,787,13,0,75,5,0
5,350,21.000000,10000.000000,1,0,177394502,788,15,788,15,0,75,5,0
5,350,21.000000,10000.000000,1,0,177394505,789,16,789,16,0,75,5,0
5,350,21.000000,10000.000000,1,0,177394508,791,17,791,17,0,75,5,0
5,350,21.000000,10000.000000,1,0,177394511,792,18,792,18,0,75,5,0
5,350,21.000000,10000.000000,1,0,177394513,793,19,793,19,0,75,5,0
5,350,21.000000,10000.000000,1,0,177394516,794,19,794,19,0,75,5,0
5,350,21.000000,10000.000000,1,0,177394519,796,20,796,20,0,75,5,0
5,350,21.000000,10000.000000,1,0,177394522,797,20,797,20,0,75,5,0
5,350,21.000000,10000.000000,1,0,177394525,798,20,798,20,0,75,5,0
5,350,21.000000,10000.000000,1,0,177394528,800,21,800,21,0,75,5,0
5,350,21.000000,10000.000000,1,0,177394530,802,21,802,21,0,75,5,0
5,350,21.000000,10000.000000,1,0,177394533,803,21,803,21,0,75,5,0
5,350,21.000000,10000.000000,1,0,177394536,805,21,805,21,0,75,5,0
5,350,21.000000,10000.000000,1,0,177394539,807,23,807,23,0,75,5,0
5,350,21.000000,10000.000000,1,0,177394541,811,23,811,23,0,75,5,0
5,350,21.000000,10000.000000,1,0,177394544,814,24,814,24,0,75,5,0
5,350,21.000000,10000.000000,1,0,177394546,818,26,818,26,0,75,5,0
5,350,21.000000,10000.000000,1,0,177394549,823,26,823,26,0,75,5,0
5,350,21.000000,10000.000000,1,0,177394552,826,27,826,27,0,75,5,0
5,350,21.000000,10000.000000,1,0,177394555,831,28,831,28,0,75,5,0
5,350,21.000000,10000.000000,1,0,177394558,834,29,834,29,0,75,5,0
5,350,21.000000,10000.000000,1,0,177394561,839,30,839,30,0,75,5,0
5,350,21.000000,10000.000000,1,0,177394563,843,30,843,30,0,75,5,0
5,350,21.000000,10000.000000,1,0,177394566,849,31,849,31,0,75,5,0
5,350,21.000000,10000.000000,1,0,177394569,856,32,856,32,0,75,5,0
5,350,21.000000,10000.000000,1,0,177394572,864,33,864,33,0,75,5,0
5,350,21.000000,10000.000000,1,0,177394574,869,34,869,34,0,75,5,0
5,350,21.000000,10000.000000,1,0,177394577,876,35,876,35,0,75,5,0
5,350,21.000000,10000.000000,1,0,177394580,884,35,884,35,0,75,5,0
5,350,21.000000,10000.000000,1,0,177394583,890,36,890,36,0,75,5,0
5,350,21.000000,10000.000000,1,0,177394586,898,38,898,38,0,75,5,0
5,350,21.000000,10000.000000,1,0,177394588,905,39,905,39,0,75,5,0
5,350,21.000000,10000.000000,1,0,177394591,916,40,916,40,0,75,5,0
5,350,21.000000,10000.000000,1,0,177394594,923,41,923,41,0,75,5,0
5,350,21.000000,10000.000000,1,0,177394597,934,42,934,42,0,75,5,0
5,350,21.000000,10000.000000,1,0,177394600,945,43,945,43,0,75,5,0
5,350,21.000000,10000.000000,1,0,177394603,948,43,948,43,0,75,5,0
5,350,21.000000,10000.000000,1,0,177394606,964,44,964,44,0,75,5,0
5,350,21.000000,10000.000000,1,0,177394608,969,44,969,44,0,75,5,0
5,350,21.000000,10000.000000,1,0,177394611,976,44,976,44,0,75,5,0
5,350,21.000000,10000.000000,1,0,177394614,982,45,982,45,0,75,5,0
5,350,21.000000,10000.000000,1,0,177394616,985,45,985,45,0,75,5,0
5,350,21.000000,10000.000000,1,0,177394619,991,45,991,45,0,75,5,0
5,350,21.000000,10000.000000,1,0,177394622,997,46,997,46,0,75,5,0
5,350,21.000000,10000.000000,1,0,177394624,1002,46,1002,46,0,75,5,0
5,350,21.000000,10000.000000,1,0,177394627,1008,46,1008,46,0,75,5,0
5,350,21.000000,10000.000000,1,0,177394630,1013,47,1013,47,0,75,5,0
5,350,21.000000,10000.000000,1,0,177394633,1021,47,1021,47,0,75,5,0
5,350,21.000000,10000.000000,1,0,177394636,1026,47,1026,47,0,75,5,0
5,350,21.000000,10000.000000,1,0,177394639,1031,47,1031,47,0,75,5,0
5,350,21.000000,10000.000000,1,0,177394641,1037,47,1037,47,0,75,5,0
5,350,21.000000,10000.000000,1,0,177394644,1042,47,1042,47,0,75,5,0
5,350,21.000000,10000.000000,1,0,177394647,1044,47,1044,47,0,75,5,0
5,350,21.000000,10000.000000,1,0,177394649,1048,47,1048,47,0,75,5,0
5,350,21.000000,10000.000000,1,0,177394652,1050,47,1050,47,0,75,5,0
5,350,21.000000,10000.000000,1,0,177394655,1053,47,1053,47,0,75,5,0
5,350,21.000000,10000.000000,1,0,177394658,1058,46,1058,46,0,75,5,0
5,350,21.000000,10000.000000,1,0,177394661,1061,46,1061,46,0,75,5,0
5,350,21.000000,10000.000000,1,0,177394663,1063,45,1063,45,0,75,5,0
5,350,21.000000,10000.000000,1,0,177394666,1065,44,1065,44,0,75,5,0
5,350,21.000000,10000.000000,1,0,177394669,1068,44,1068,44,0,75,5,0
5,350,21.000000,10000.000000,1,0,177394672,1071,43,1071,43,0,75,5,0
5,350,21.000000,10000.000000,1,0,177394675,1074,43,1074,43,0,75,5,0
5,350,21.000000,10000.000000,1,0,177394677,1077,42,1077,42,0,75,5,0
5,350,21.000000,10000.000000,1,0,177394680,1079,41,1079,41,0,75,5,0
5,350,21.000000,10000.000000,1,0,177394683,1081,41,1081,41,0,75,5,0
5,350,21.000000,10000.000000,1,0,177394686,1083,40,1083,40,0,75,5,0
5,350,21.000000,10000.000000,1,0,177394689,1085,40,1085,40,0,75,5,0
5,350,21.000000,10000.000000,1,0,177394691,1087,39,1087,39,0,75,5,0
5,350,21.000000,10000.000000,1,0,177394694,1089,38,1089,38,0,75,5,0
5,350,21.000000,10000.000000,1,0,177394697,1091,38,1091,38,0,75,5,0
5,350,21.000000,10000.000000,1,0,177394700,1092,38,1092,38,0,75,5,0
5,350,21.000000,10000.000000,1,0,177394702,1093,38,1093,38,0,75,5,0
5,350,21.000000,10000.000000,1,0,177394705,1093,37,1093,37,0,75,5,0
5,350,21.000000,10000.000000,1,0,177394708,1094,37,1094,37,0,75,5,0
5,350,21.000000,10000.000000,1,0,177394711,1095,36,1095,36,0,75,5,0
5,350,21.000000,10000.000000,1,0,177394714,1095,35,1095,35,0,75,5,0
5,350,21.000000,10000.000000,1,0,177394717,1096,34,1096,34,0,75,5,0
5,350,21.000000,10000.000000,1,0,177394719,1096,33,1096,33,0,75,5,0
5,350,21.000000,10000.000000,1,0,177394722,1096,32,1096,32,0,75,5,0
5,350,21.000000,10000.000000,1,0,177394724,1097,32,1097,32,0,75,5,0
5,350,21.000000,10000.000000,1,0,177394727,1097,31,1097,31,0,75,5,0
5,350,21.000000,10000.000000,1,0,177394730,1098,31,1098,31,0,75,5,0
5,350,21.000000,10000.000000,1,0,177394733,1099,31,1099,31,0,75,5,0
5,350,21.000000,10000.000000,1,0,177394736,1099,30,1099,30,0,75,5,0
5,350,21.000000,10000.000000,1,0,177394738,1100,30,1100,30,0,75,5,0
5,350,21.000000,10000.000000,1,0,177394741,1101,30,1101,30,0,75,5,0
5,350,21.000000,10000.000000,1,0,177394744,1102,29,1102,29,0,75,5,0
5,350,21.000000,10000.000000,1,0,177394747,1103,29,1103,29,0,75,5,0
5,350,21.000000,10000.000000,1,0,177394750,1103,28,1103,28,0,75,5,0
5,350,21.000000,10000.000000,1,0,177394752,1104,27,1104,27,0,75,5,0
5,350,21.000000,10000.000000,1,0,177394755,1105,27,1105,27,0,75,5,0
5,350,21.000000,10000.000000,1,0,177394758,1107,26,1107,26,0,75,5,0
5,350,21.000000,10000.000000,1,0,177394761,1108,25,1108,25,0,75,5,0
5,350,21.000000,10000.000000,1,0,177394764,1109,25,1109,25,0,75,5,0
5,350,21.000000,10000.000000,1,0,177394766,1110,25,1110,25,0,75,5,0
5,350,21.000000,10000.000000,1,0,177394769,1111,24,1111,24,0,75,5,0
5,350,21.000000,10000.000000,1,0,177394772,1113,23,1113,23,0,75,5,0
5,350,21.000000,10000.000000,1,0,177394775,1114,23,1114,23,0,75,5,0
5,350,21.000000,10000.000000,1,0,177394778,1115,22,1115,22,0,75,5,0
5,350,21.000000,10000.000000,1,0,177394780,1116,22,1116,22,0,75,5,0
5,350,21.000000,10000.000000,1,0,177394783,1117,22,1117,22,0,75,5,0
5,350,21.000000,10000.000000,1,0,177394786,1117,21,1117,21,0,75,5,0
5,350,21.000000,10000.000000,1,0,177394789,1117,20,1117,20,0,75,5,0
5,350,21.000000,10000.000000,1,0,177394791,1118,19,1118,19,0,75,5,0
5,350,21.000000,10000.000000,1,0,177394794,1118,19,1118,19,0,75,5,0
5,350,21.000000,10000.000000,1,0,177394797,1118,19,1118,19,0,75,5,0
5,350,21.000000,10000.000000,1,0,177394800,1119,18,1119,18,0,75,5,0
5,350,21.000000,10000.000000,1,0,177394803,1119,18,1119,18,0,75,5,0
5,350,21.000000,10000.000000,1,0,177394805,1119,17,1119,17,0,75,5,0
5,350,21.000000,10000.000000,1,0,177394808,1120,17,1120,17,0,75,5,0
5,350,21.000000,10000.000000,1,0,177394811,1121,17,1121,17,0,75,5,0
5,350,21.000000,10000.000000,1,0,177394814,1121,17,1121,17,0,75,5,0
5,350,21.000000,10000.000000,1,0,177394817,1122,16,1122,16,0,75,5,0
5,350,21.000000,10000.000000,1,0,177394819,1123,15,1123,15,0,75,5,0
5,350,21.000000,10000.000000,1,0,177394822,1124,15,1124,15,0,75,5,0
5,350,21.000000,10000.000000,1,0,177394824,1125,14,1125,14,0,75,5,0
5,350,21.000000,10000.000000,1,0,177394827,1125,13,1125,13,0,75,5,0
5,350,21.000000,10000.000000,1,0,177394830,1126,12,1126,12,0,75,5,0
5,350,21.000000,10000.000000,1,0,177394833,1127,12,1127,12,0,75,5,0
5,350,21.000000,10000.000000,1,0,177394836,1127,11,1127,11,0,75,5,0
5,350,21.000000,10000.000000,1,0,177394838,1128,11,1128,11,0,75,5,0
5,350,21.000000,10000.000000,1,0,177394842,1129,10,1129,10,0,75,5,0
5,350,21.000000,10000.000000,1,0,177394844,1130,10,1130,10,0,75,5,0
5,350,21.000000,10000.000000,1,0,177394847,1131,10,1131,10,0,75,5,0
5,350,21.000000,10000.000000,1,0,177394850,1133,9,1133,9,0,75,5,0
5,350,21.000000,10000.000000,1,0,177394853,1134,9,1134,9,0,75,5,0
5,350,21.000000,10000.000000,1,0,177394855,1135,9,1135,9,0,75,5,0
5,350,21.000000,10000.000000,1,0,177394858,1136,8,1136,8,0,75,5,0
5,350,21.000000,10000.000000,1,0,177394861,1137,8,1137,8,0,75,5,0
5,350,21.000000,10000.000000,1,0,177394863,1138,8,1138,8,0,75,5,0
5,350,21.000000,10000.000000,1,0,177394866,1139,7,1139,7,0,75,5,0
5,350,21.000000,10000.000000,1,0,177394869,1140,6,1140,6,0,75,5,0
5,350,21.000000,10000.000000,1,0,177394872,1141,6,1141,6,0,75,5,0
5,350,21.000000,10000.000000,1,0,177394875,1141,6,1141,6,0,75,5,0
5,350,21.000000,10000.000000,1,0,177394878,1141,5,1141,5,0,75,5,0
5,350,21.000000,10000.000000,1,0,177394881,1141,4,1141,4,0,75,5,0
5,350,21.000000,10000.000000,1,0,177394883,1141,3,1141,3,0,75,5,0
5,350,21.000000,10000.000000,1,0,177394886,1142,3,1142,3,0,75,5,0
5,350,21.000000,10000.000000,1,0,177394889,1143,3,1143,3,0,75,5,0
5,350,21.000000,10000.000000,1,0,177394892,1143,3,1143,3,0,75,5,0
5,350,21.000000,10000.000000,1,0,177394894,1143,3,1143,3,0,75,5,0
5,350,21.000000,10000.000000,1,0,177394897,1143,3,1143,3,0,75,5,0
5,350,21.000000,10000.000000,1,0,177394900,1143,3,1143,3,0,75,5,0
5,350,21.000000,10000.000000,1,0,177394903,1143,3,1143,3,0,75,5,0
5,350,21.000000,10000.000000,1,0,177394906,1143,3,1143,3,0,75,5,0
5,350,21.000000,10000.000000,1,0,177394908,1143,3,1143,3,0,75,5,0
5,350,21.000000,10000.000000,1,0,177394911,1143,3,1143,3,0,75,5,0
5,350,21.000000,10000.000000,1,0,177394914,1143,3,1143,3,0,75,5,0
5,350,21.000000,10000.000000,1,0,177394916,1143,3,1143,3,0,75,5,0
5,350,21.000000,10000.000000,1,0,177394919,1143,3,1143,3,0,75,5,0
5,350,21.000000,10000.000000,1,0,177394922,1143,3,1143,3,0,75,5,0
5,350,21.000000,10000.000000,1,0,177394925,1143,3,1143,3,0,75,5,0
5,350,21.000000,10000.000000,1,0,177394927,1143,3,1143,3,0,75,5,0
5,350,21.000000,10000.000000,1,0,177394930,1143,3,1143,3,0,75,5,0
5,350,21.000000,10000.000000,1,0,177394933,1143,3,1143,3,0,75,5,0
5,350,21.000000,10000.000000,1,0,177394936,1143,3,1143,3,0,75,5,0
5,350,21.000000,10000.000000,1,0,177394939,1143,3,1143,3,0,75,5,0
5,350,21.000000,10000.000000,1,0,177394941,1143,3,1143,3,0,75,5,0
5,350,21.000000,10000.000000,1,0,177394944,1143,3,1143,3,0,75,5,0
5,350,21.000000,10000.000000,1,0,177394956,1143,3,1143,3,0,75,5,0
