8,350,80.500000,42.000000,0,0,101343308,786,7,786,7,0,10,6
8,350,80.500000,42.000000,0,0,101343309,786,7,786,7,0,10,6
8,350,80.500000,42.000000,0,0,101343312,786,7,786,7,0,10,6
8,350,80.500000,42.000000,0,0,101343315,786,7,786,7,0,10,6
8,350,80.500000,42.000000,0,0,101343317,786,7,786,7,0,10,6
8,350,80.500000,42.000000,0,0,101343320,786,7,786,7,0,10,6
8,350,80.500000,42.000000,0,0,101343322,786,7,786,7,0,10,6
8,350,80.500000,42.000000,0,0,101343325,786,7,786,7,0,10,6
8,350,80.500000,42.000000,0,0,101343328,786,7,786,7,0,10,6
8,350,80.500000,42.000000,0,0,101343331,786,7,786,7,0,10,6
8,350,80.500000,42.000000,0,0,101343334,786,7,786,7,0,10,6
8,350,80.500000,42.000000,0,0,101343337,786,7,786,7,0,10,6
8,350,80.500000,42.000000,0,0,101343339,787,7,787,7,0,10,6
8,350,80.500000,42.000000,0,0,101343342,788,7,788,7,0,10,6
8,350,80.500000,42.000000,0,0,101343345,788,7,788,7,0,10,6
8,350,80.500000,42.000000,0,0,101343348,788,7,788,7,0,10,6
8,350,80.500000,42.000000,0,0,101343350,788,7,788,7,0,10,6
8,350,80.500000,42.000000,0,0,101343353,788,7,788,7,0,10,6
8,350,80.500000,42.000000,0,0,101343356,788,7,788,7,0,10,6
8,350,80.500000,42.000000,0,0,101343359,788,7,788,7,0,10,6
8,350,80.500000,42.000000,0,0,101343362,788,7,788,7,0,10,6
8,350,80.500000,42.000000,0,0,101343364,788,7,788,7,0,10,6
8,350,80.500000,42.000000,0,0,101343367,788,7,788,7,0,10,6
8,350,80.500000,42.000000,0,0,101343370,788,7,788,7,0,10,6
8,350,80.500000,42.000000,0,0,101343373,788,7,788,7,0,10,6
8,350,80.500000,42.000000,0,0,101343375,788,7,788,7,0,10,6
8,350,80.500000,42.000000,0,0,101343378,788,7,788,7,0,10,6
8,350,80.500000,42.000000,0,0,101343381,788,7,788,7,0,10,6
8,350,80.500000,42.000000,0,0,101343384,789,7,789,7,0,10,6
8,350,80.500000,42.000000,0,0,101343387,790,7,790,7,0,10,6
8,350,80.500000,42.000000,0,0,101343390,790,7,790,7,0,10,6
8,350,80.500000,42.000000,0,0,101343392,790,7,790,7,0,10,6
8,350,80.500000,42.000000,0,0,101343395,791,7,791,7,0,10,6
8,350,80.500000,42.000000,0,0,101343398,793,7,793,7,0,10,6
8,350,80.500000,42.000000,0,0,101343401,794,7,794,7,0,10,6
8,350,80.500000,42.000000,0,0,101343403,796,6,796,6,0,10,6
8,350,80.500000,42.000000,0,0,101343406,797,6,797,6,0,10,6
8,350,80.500000,42.000000,0,0,101343409,799,5,799,5,0,10,6
8,350,80.500000,42.000000,0,0,101343412,801,5,801,5,0,10,6
8,350,80.500000,42.000000,0,0,101343414,803,5,803,5,0,10,6
8,350,80.500000,42.000000,0,0,101343417,805,5,805,5,0,10,6
8,350,80.500000,42.000000,0,0,101343420,808,5,808,5,0,10,6
8,350,80.500000,42.000000,0,0,101343423,811,5,811,5,0,10,6
8,350,80.500000,42.000000,0,0,101343425,814,5,814,5,0,10,6
8,350,80.500000,42.000000,0,0,101343428,819,5,819,5,0,10,6
8,350,80.500000,42.000000,0,0,101343431,822,4,822,4,0,10,6
8,350,80.500000,42.000000,0,0,101343434,826,4,826,4,0,10,6
8,350,80.500000,42.000000,0,0,101343437,834,4,834,4,0,10,6
8,350,80.500000,42.000000,0,0,101343439,840,4,840,4,0,10,6
8,350,80.500000,42.000000,0,0,101343442,844,3,844,3,0,10,6
8,350,80.500000,42.000000,0,0,101343445,852,3,852,3,0,10,6
8,350,80.500000,42.000000,0,0,101343448,858,3,858,3,0,10,6
8,350,80.500000,42.000000,0,0,101343451,866,3,866,3,0,10,6
8,350,80.500000,42.000000,0,0,101343453,880,3,880,3,0,10,6
8,350,80.500000,42.000000,0,0,101343456,888,3,888,3,0,10,6
8,350,80.500000,42.000000,0,0,101343459,895,3,895,3,0,10,6
8,350,80.500000,42.000000,0,0,101343462,903,3,903,3,0,10,6
8,350,80.500000,42.000000,0,0,101343465,909,3,909,3,0,10,6
8,350,80.500000,42.000000,0,0,101343467,916,3,916,3,0,10,6
8,350,80.500000,42.000000,0,0,101343470,924,2,924,2,0,10,6
8,350,80.500000,42.000000,0,0,101343473,930,1,930,1,0,10,6
8,350,80.500000,42.000000,0,0,101343475,937,1,937,1,0,10,6
8,350,80.500000,42.000000,0,0,101343478,942,1,942,1,0,10,6
8,350,80.500000,42.000000,0,0,101343481,949,1,949,1,0,10,6
8,350,80.500000,42.000000,0,0,101343484,956,0,956,0,0,10,6
8,350,80.500000,42.000000,0,0,101343486,962,0,962,0,0,10,6
8,350,80.500000,42.000000,0,0,101343490,968,0,968,-1,0,10,6
8,350,80.500000,42.000000,0,0,101343492,973,0,973,-1,0,10,6
8,350,80.500000,42.000000,0,0,101343495,979,0,979,-1,0,10,6
8,350,80.500000,42.000000,0,0,101343498,983,0,983,-1,0,10,6
8,350,80.500000,42.000000,0,0,101343500,989,0,989,-1,0,10,6
8,350,80.500000,42.000000,0,0,101343503,995,0,995,-1,0,10,6
8,350,80.500000,42.000000,0,0,101343506,999,0,999,-1,0,10,6
8,350,80.500000,42.000000,0,0,101343509,1003,0,1003,-1,0,10,6
8,350,80.500000,42.000000,0,0,101343512,1008,0,1008,-1,0,10,6
8,350,80.500000,42.000000,0,0,101343515,1011,0,1011,-1,0,10,6
8,350,80.500000,42.000000,0,0,101343517,1015,0,1015,-2,0,10,6
8,350,80.500000,42.000000,0,0,101343520,1017,0,1017,-2,0,10,6
8,350,80.500000,42.000000,0,0,101343523,1021,0,1021,-2,0,10,6
8,350,80.500000,42.000000,0,0,101343526,1023,0,1023,-2,0,10,6
8,350,80.500000,42.000000,0,0,101343528,1026,0,1026,-2,0,10,6
8,350,80.500000,42.000000,0,0,101343531,1029,0,1029,-2,0,10,6
8,350,80.500000,42.000000,0,0,101343534,1031,0,1031,-2,0,10,6
8,350,80.500000,42.000000,0,0,101343537,1034,0,1034,-2,0,10,6
8,350,80.500000,42.000000,0,0,101343540,1037,0,1037,-2,0,10,6
8,350,80.500000,42.000000,0,0,101343542,1039,0,1039,-2,0,10,6
8,350,80.500000,42.000000,0,0,101343545,1041,0,1041,-2,0,10,6
8,350,80.500000,42.000000,0,0,101343548,1042,0,1042,-2,0,10,6
8,350,80.500000,42.000000,0,0,101343551,1043,0,1043,-2,0,10,6
8,350,80.500000,42.000000,0,0,101343554,1044,0,1044,-2,0,10,6
8,350,80.500000,42.000000,0,0,101343556,1045,0,1045,-2,0,10,6
8,350,80.500000,42.000000,0,0,101343559,1046,0,1046,-2,0,10,6
8,350,80.500000,42.000000,0,0,101343562,1047,0,1047,-2,0,10,6
8,350,80.500000,42.000000,0,0,101343565,1048,0,1048,-2,0,10,6
8,350,80.500000,42.000000,0,0,101343568,1048,0,1048,-3,0,10,6
8,350,80.500000,42.000000,0,0,101343570,1049,0,1049,-3,0,10,6
8,350,80.500000,42.000000,0,0,101343573,1050,0,1050,-3,0,10,6
8,350,80.500000,42.000000,0,0,101343576,1052,0,1052,-3,0,10,6
8,350,80.500000,42.000000,0,0,101343578,1052,0,1052,-3,0,10,6
8,350,80.500000,42.000000,0,0,101343581,1052,0,1052,-3,0,10,6
8,350,80.500000,42.000000,0,0,101343584,1053,0,1053,-3,0,10,6
8,350,80.500000,42.000000,0,0,101343587,1053,0,1053,-3,0,10,6
8,350,80.500000,42.000000,0,0,101343590,1054,0,1054,-3,0,10,6
8,350,80.500000,42.000000,0,0,101343593,1054,0,1054,-3,0,10,6
8,350,80.500000,42.000000,0,0,101343595,1055,0,1055,-3,0,10,6
8,350,80.500000,42.000000,0,0,101343598,1056,0,1056,-3,0,10,6
8,350,80.500000,42.000000,0,0,101343601,1056,0,1056,-3,0,10,6
8,350,80.500000,42.000000,0,0,101343604,1057,0,1057,-3,0,10,6
8,350,80.500000,42.000000,0,0,101343606,1057,0,1057,-3,0,10,6
8,350,80.500000,42.000000,0,0,101343609,1058,0,1058,-3,0,10,6
8,350,80.500000,42.000000,0,0,101343612,1059,0,1059,-3,0,10,6
8,350,80.500000,42.000000,0,0,101343615,1060,0,1060,-3,0,10,6
8,350,80.500000,42.000000,0,0,101343618,1060,0,1060,-3,0,10,6
8,350,80.500000,42.000000,0,0,101343620,1061,0,1061,-3,0,10,6
8,350,80.500000,42.000000,0,0,101343623,1062,0,1062,-3,0,10,6
8,350,80.500000,42.000000,0,0,101343625,1063,0,1063,-3,0,10,6
8,350,80.500000,42.000000,0,0,101343628,1064,0,1064,-3,0,10,6
8,350,80.500000,42.000000,0,0,101343631,1065,0,1065,-3,0,10,6
8,350,80.500000,42.000000,0,0,101343634,1066,0,1066,-3,0,10,6
8,350,80.500000,42.000000,0,0,101343637,1067,0,1067,-3,0,10,6
8,350,80.500000,42.000000,0,0,101343639,1069,0,1069,-4,0,10,6
8,350,80.500000,42.000000,0,0,101343642,1070,0,1070,-4,0,10,6
8,350,80.500000,42.000000,0,0,101343645,1071,0,1071,-4,0,10,6
8,350,80.500000,42.000000,0,0,101343648,1073,0,1073,-4,0,10,6
8,350,80.500000,42.000000,0,0,101343651,1074,0,1074,-4,0,10,6
8,350,80.500000,42.000000,0,0,101343653,1075,0,1075,-4,0,10,6
8,350,80.500000,42.000000,0,0,101343656,1076,0,1076,-4,0,10,6
8,350,80.500000,42.000000,0,0,101343659,1077,0,1077,-4,0,10,6
8,350,80.500000,42.000000,0,0,101343662,1081,0,1081,-4,0,10,6
8,350,80.500000,42.000000,0,0,101343665,1082,0,1082,-4,0,10,6
8,350,80.500000,42.000000,0,0,101343668,1083,0,1083,-4,0,10,6
8,350,80.500000,42.000000,0,0,101343670,1085,0,1085,-4,0,10,6
8,350,80.500000,42.000000,0,0,101343673,1086,0,1086,-4,0,10,6
8,350,80.500000,42.000000,0,0,101343675,1086,0,1086,-5,0,10,6
8,350,80.500000,42.000000,0,0,101343678,1088,0,1088,-5,0,10,6
8,350,80.500000,42.000000,0,0,101343681,1090,0,1090,-5,0,10,6
8,350,80.500000,42.000000,0,0,101343684,1091,0,1091,-5,0,10,6
8,350,80.500000,42.000000,0,0,101343687,1092,0,1092,-5,0,10,6
8,350,80.500000,42.000000,0,0,101343690,1094,0,1094,-5,0,10,6
8,350,80.500000,42.000000,0,0,101343692,1095,0,1095,-5,0,10,6
8,350,80.500000,42.000000,0,0,101343695,1096,0,1096,-5,0,10,6
8,350,80.500000,42.000000,0,0,101343698,1098,0,1098,-5,0,10,6
8,350,80.500000,42.000000,0,0,101343701,1099,0,1099,-5,0,10,6
8,350,80.500000,42.000000,0,0,101343703,1100,0,1100,-5,0,10,6
8,350,80.500000,42.000000,0,0,101343706,1101,0,1101,-5,0,10,6
8,350,80.500000,42.000000,0,0,101343709,1102,0,1102,-5,0,10,6
8,350,80.500000,42.000000,0,0,101343712,1103,0,1103,-5,0,10,6
8,350,80.500000,42.000000,0,0,101343715,1104,0,1104,-5,0,10,6
8,350,80.500000,42.000000,0,0,101343717,1105,0,1105,-5,0,10,6
8,350,80.500000,42.000000,0,0,101343720,1106,0,1106,-5,0,10,6
8,350,80.500000,42.000000,0,0,101343723,1107,0,1107,-5,0,10,6
8,350,80.500000,42.000000,0,0,101343726,1108,0,1108,-5,0,10,6
8,350,80.500000,42.000000,0,0,101343728,1109,0,1109,-5,0,10,6
8,350,80.500000,42.000000,0,0,101343731,1109,0,1109,-5,0,10,6
8,350,80.500000,42.000000,0,0,101343734,1110,0,1110,-5,0,10,6
8,350,80.500000,42.000000,0,0,101343737,1111,0,1111,-5,0,10,6
8,350,80.500000,42.000000,0,0,101343740,1112,0,1112,-5,0,10,6
8,350,80.500000,42.000000,0,0,101343743,1112,0,1112,-5,0,10,6
8,350,80.500000,42.000000,0,0,101343745,1112,0,1112,-5,0,10,6
8,350,80.500000,42.000000,0,0,101343748,1113,0,1113,-5,0,10,6
8,350,80.500000,42.000000,0,0,101343751,1114,0,1114,-5,0,10,6
8,350,80.500000,42.000000,0,0,101343754,1116,0,1116,-5,0,10,6
8,350,80.500000,42.000000,0,0,101343756,1117,0,1117,-5,0,10,6
8,350,80.500000,42.000000,0,0,101343759,1118,0,1118,-5,0,10,6
8,350,80.500000,42.000000,0,0,101343762,1119,0,1119,-5,0,10,6
8,350,80.500000,42.000000,0,0,101343765,1120,0,1120,-5,0,10,6
8,350,80.500000,42.000000,0,0,101343768,1121,0,1121,-5,0,10,6
8,350,80.500000,42.000000,0,0,101343770,1122,0,1122,-5,0,10,6
8,350,80.500000,42.000000,0,0,101343773,1123,0,1123,-5,0,10,6
8,350,80.500000,42.000000,0,0,101343776,1124,0,1124,-5,0,10,6
8,350,80.500000,42.000000,0,0,101343779,1125,0,1125,-5,0,10,6
8,350,80.500000,42.000000,0,0,101343781,1126,0,1126,-5,0,10,6
8,350,80.500000,42.000000,0,0,101343784,1127,0,1127,-5,0,10,6
8,350,80.500000,42.000000,0,0,101343787,1128,0,1128,-5,0,10,6
8,350,80.500000,42.000000,0,0,101343790,1129,0,1129,-5,0,10,6
8,350,80.500000,42.000000,0,0,101343793,1130,0,1130,-5,0,10,6
8,350,80.500000,42.000000,0,0,101343795,1131,0,1131,-5,0,10,6
8,350,80.500000,42.000000,0,0,101343798,1132,0,1132,-5,0,10,6
8,350,80.500000,42.000000,0,0,101343801,1133,0,1133,-5,0,10,6
8,350,80.500000,42.000000,0,0,101343803,1135,0,1135,-5,0,10,6
8,350,80.500000,42.000000,0,0,101343806,1135,0,1135,-5,0,10,6
8,350,80.500000,42.000000,0,0,101343809,1136,0,1136,-5,0,10,6
8,350,80.500000,42.000000,0,0,101343812,1137,0,1137,-5,0,10,6
8,350,80.500000,42.000000,0,0,101343815,1138,0,1138,-5,0,10,6
8,350,80.500000,42.000000,0,0,101343817,1139,0,1139,-5,0,10,6
8,350,80.500000,42.000000,0,0,101343820,1140,0,1140,-5,0,10,6
8,350,80.500000,42.000000,0,0,101343823,1141,0,1141,-5,0,10,6
8,350,80.500000,42.000000,0,0,101343826,1141,0,1141,-5,0,10,6
8,350,80.500000,42.000000,0,0,101343828,1141,0,1141,-5,0,10,6
8,350,80.500000,42.000000,0,0,101343832,1143,0,1143,-5,0,10,6
8,350,80.500000,42.000000,0,0,101343834,1143,0,1143,-5,0,10,6
8,350,80.500000,42.000000,0,0,101343837,1143,0,1143,-5,0,10,6
8,350,80.500000,42.000000,0,0,101343840,1143,0,1143,-5,0,10,6
8,350,80.500000,42.000000,0,0,101343843,1143,0,1143,-5,0,10,6
8,350,80.500000,42.000000,0,0,101343845,1143,0,1143,-5,0,10,6
8,350,80.500000,42.000000,0,0,101343848,1143,0,1143,-5,0,10,6
8,350,80.500000,42.000000,0,0,101343851,1143,0,1143,-5,0,10,6
8,350,80.500000,42.000000,0,0,101343854,1143,0,1143,-5,0,10,6
8,350,80.500000,42.000000,0,0,101343857,1144,0,1144,-5,0,10,6
8,350,80.500000,42.000000,0,0,101343859,1145,0,1145,-5,0,10,6
8,350,80.500000,42.000000,0,0,101343862,1145,0,1145,-5,0,10,6
8,350,80.500000,42.000000,0,0,101343865,1145,0,1145,-5,0,10,6
8,350,80.500000,42.000000,0,0,101343867,1145,0,1145,-5,0,10,6
8,350,80.500000,42.000000,0,0,101343870,1145,0,1145,-5,0,10,6
8,350,80.500000,42.000000,0,0,101343873,1145,0,1145,-5,0,10,6
8,350,80.500000,42.000000,0,0,101343876,1145,0,1145,-5,0,10,6
8,350,80.500000,42.000000,0,0,101343879,1145,0,1145,-5,0,10,6
8,350,80.500000,42.000000,0,0,101343881,1145,0,1145,-5,0,10,6
8,350,80.500000,42.000000,0,0,101343884,1145,0,1145,-5,0,10,6
8,350,80.500000,42.000000,0,0,101343887,1145,0,1145,-5,0,10,6
8,350,80.500000,42.000000,0,0,101343890,1145,0,1145,-5,0,10,6
8,350,80.500000,42.000000,0,0,101343893,1145,0,1145,-5,0,10,6
8,350,80.500000,42.000000,0,0,101343895,1145,0,1145,-5,0,10,6
8,350,80.500000,42.000000,0,0,101343898,1145,0,1145,-5,0,10,6
8,350,80.500000,42.000000,0,0,101343901,1145,0,1145,-5,0,10,6
8,350,80.500000,42.000000,0,0,101343904,1145,0,1145,-5,0,10,6
8,350,80.500000,42.000000,0,0,101343906,1145,0,1145,-5,0,10,6
8,350,80.500000,42.000000,0,0,101343909,1145,0,1145,-5,0,10,6
8,350,80.500000,42.000000,0,0,101343912,1145,0,1145,-5,0,10,6
8,350,80.500000,42.000000,0,0,101343915,1145,0,1145,-5,0,10,6
8,350,80.500000,42.000000,0,0,101343918,1145,0,1145,-5,0,10,6
8,350,80.500000,42.000000,0,0,101343920,1145,0,1145,-5,0,10,6
8,350,80.500000,42.000000,0,0,101343923,1145,0,1145,-5,0,10,6
8,350,80.500000,42.000000,0,0,101343926,1145,0,1145,-5,0,10,6
8,350,80.500000,42.000000,0,0,101343929,1145,0,1145,-5,0,10,6
8,350,80.500000,42.000000,0,0,101343932,1145,0,1145,-5,0,10,6
8,350,80.500000,42.000000,0,0,101343934,1145,0,1145,-5,0,10,6
8,350,80.500000,42.000000,0,0,101343937,1145,0,1145,-5,0,10,6
8,350,80.500000,42.000000,0,0,101343940,1145,0,1145,-5,0,10,6
8,350,80.500000,42.000000,0,0,101343942,1145,0,1145,-5,0,10,6
8,350,80.500000,42.000000,0,0,101343945,1145,0,1145,-5,0,10,6
8,350,80.500000,42.000000,0,0,101343948,1145,0,1145,-5,0,10,6
8,350,80.500000,42.000000,0,0,101343951,1145,0,1145,-5,0,10,6
8,350,80.500000,42.000000,0,0,101343954,1145,0,1145,-5,0,10,6
8,350,80.500000,42.000000,0,0,101343957,1145,0,1145,-5,0,10,6
8,350,80.500000,42.000000,0,0,101343959,1145,0,1145,-5,0,10,6
8,350,80.500000,42.000000,0,0,101343962,1145,0,1145,-5,0,10,6
8,350,80.500000,42.000000,0,0,101343965,1145,0,1145,-5,0,10,6
8,350,80.500000,42.000000,0,0,101343968,1145,0,1145,-5,0,10,6
8,350,80.500000,42.000000,0,0,101343971,1145,0,1145,-5,0,10,6
8,350,80.500000,42.000000,0,0,101343973,1145,0,1145,-5,0,10,6
8,350,80.500000,42.000000,0,0,101343976,1145,0,1145,-5,0,10,6
8,350,80.500000,42.000000,0,0,101343978,1145,0,1145,-5,0,10,6
8,350,80.500000,42.000000,0,0,101343981,1145,0,1145,-5,0,10,6
8,350,80.500000,42.000000,0,0,101343984,1145,0,1145,-5,0,10,6
8,350,80.500000,42.000000,0,0,101343987,1145,0,1145,-5,0,10,6
8,350,80.500000,42.000000,0,0,101343990,1145,0,1145,-5,0,10,6
8,350,80.500000,42.000000,0,0,101343992,1145,0,1145,-5,0,10,6
8,350,80.500000,42.000000,0,0,101343995,1145,0,1145,-5,0,10,6
8,350,80.500000,42.000000,0,0,101343998,1145,0,1145,-5,0,10,6
8,350,80.500000,42.000000,0,0,101344001,1145,0,1145,-5,0,10,6
8,350,80.500000,42.000000,0,0,101344004,1145,0,1145,-5,0,10,6
8,350,80.500000,42.000000,0,0,101344006,1145,0,1145,-5,0,10,6
8,350,80.500000,42.000000,0,0,101344009,1145,0,1145,-5,0,10,6
8,350,80.500000,42.000000,0,0,101344012,1145,0,1145,-5,0,10,6
8,350,80.500000,42.000000,0,0,101344015,1145,0,1145,-5,0,10,6
8,350,80.500000,42.000000,0,0,101344018,1145,0,1145,-5,0,10,6
8,350,80.500000,42.000000,0,0,101344020,1145,0,1145,-5,0,10,6
8,350,80.500000,42.000000,0,0,101344023,1145,0,1145,-5,0,10,6
8,350,80.500000,42.000000,0,0,101344026,1145,0,1145,-5,0,10,6
8,350,80.500000,42.000000,0,0,101344029,1145,0,1145,-5,0,10,6
8,350,80.500000,42.000000,0,0,101344032,1145,0,1145,-5,0,10,6
8,350,80.500000,42.000000,0,0,101344034,1145,0,1145,-5,0,10,6
8,350,80.500000,42.000000,0,0,101344037,1145,0,1145,-5,0,10,6
8,350,80.500000,42.000000,0,0,101344040,1145,0,1145,-5,0,10,6
8,350,80.500000,42.000000,0,0,101344043,1145,0,1145,-5,0,10,6
8,350,80.500000,42.000000,0,0,101344054,1145,0,1145,-5,0,10,6
