8,350,21.000000,10000.000000,1,0,2572908,785,0,785,0,0,104,2,0
8,350,21.000000,10000.000000,1,0,2572909,785,0,785,0,0,104,2,0
8,350,21.000000,10000.000000,1,0,2572911,785,0,785,0,0,104,2,0
8,350,21.000000,10000.000000,1,0,2572914,785,0,785,0,0,104,2,0
8,350,21.000000,10000.000000,1,0,2572917,785,0,785,0,0,104,2,0
8,350,21.000000,10000.000000,1,0,2572920,785,0,785,0,0,104,2,0
8,350,21.000000,10000.000000,1,0,2572923,785,0,785,0,0,104,2,0
8,350,21.000000,10000.000000,1,0,2572925,785,0,785,0,0,104,2,0
8,350,21.000000,10000.000000,1,0,2572928,785,0,785,0,0,104,2,0
8,350,21.000000,10000.000000,1,0,2572931,785,0,785,0,0,104,2,0
8,350,21.000000,10000.000000,1,0,2572934,785,0,785,0,0,104,2,0
8,350,21.000000,10000.000000,1,0,2572937,785,0,785,0,0,104,2,0
8,350,21.000000,10000.000000,1,0,2572939,785,0,785,0,0,104,2,0
8,350,21.000000,10000.000000,1,0,2572942,785,0,785,0,0,104,2,0
8,350,21.000000,10000.000000,1,0,2572945,785,0,785,0,0,104,2,0
8,350,21.000000,10000.000000,1,0,2572948,785,0,785,0,0,104,2,0
8,350,21.000000,10000.000000,1,0,2572950,785,0,785,0,0,104,2,0
8,350,21.000000,10000.000000,1,0,2572953,785,0,785,0,0,104,2,0
8,350,21.000000,10000.000000,1,0,2572956,785,0,785,0,0,104,2,0
8,350,21.000000,10000.000000,1,0,2572959,785,0,785,0,0,104,2,0
8,350,21.000000,10000.000000,1,0,2572961,785,0,785,0,0,104,2,0
8,350,21.000000,10000.000000,1,0,2572965,785,0,785,0,0,104,2,0
8,350,21.000000,10000.000000,1,0,2572967,785,0,785,0,0,104,2,0
8,350,21.000000,10000.000000,1,0,2572970,786,0,786,0,0,104,2,0
8,350,21.000000,10000.000000,1,0,2572973,787,0,787,0,0,104,2,0
8,350,21.000000,10000.000000,1,0,2572975,788,0,788,0,0,104,2,0
8,350,21.000000,10000.000000,1,0,2572978,789,0,789,0,0,104,2,0
8,350,21.000000,10000.000000,1,0,2572981,791,0,791,0,0,104,2,0
8,350,21.000000,10000.000000,1,0,2572984,792,0,792,0,0,104,2,0
8,350,21.000000,10000.000000,1,0,2572986,795,0,795,0,0,104,2,0
8,350,21.000000,10000.000000,1,0,2572989,797,0,797,0,0,104,2,0
8,350,21.000000,10000.000000,1,0,2572992,799,0,799,0,0,104,2,0
8,350,21.000000,10000.000000,1,0,2572995,801,0,801,0,0,104,2,0
8,350,21.000000,10000.000000,1,0,2572998,804,0,804,-1,0,104,2,0
8,350,21.000000,10000.000000,1,0,2573000,806,0,806,-1,0,104,2,0
8,350,21.000000,10000.000000,1,0,2573003,810,0,810,-1,0,104,2,0
8,350,21.000000,10000.000000,1,0,2573006,812,0,812,-1,0,104,2,0
8,350,21.000000,10000.000000,1,0,2573009,815,0,815,-2,0,104,2,0
8,350,21.000000,10000.000000,1,0,2573012,819,0,819,-2,0,104,2,0
8,350,21.000000,10000.000000,1,0,2573015,821,0,821,-3,0,104,2,0
8,350,21.000000,10000.000000,1,0,2573017,824,0,824,-3,0,104,2,0
8,350,21.000000,10000.000000,1,0,2573020,828,0,828,-3,0,104,2,0
8,350,21.000000,10000.000000,1,0,2573023,833,0,833,-3,0,104,2,0
8,350,21.000000,10000.000000,1,0,2573026,837,0,837,-4,0,104,2,0
8,350,21.000000,10000.000000,1,0,2573029,840,0,840,-4,0,104,2,0
8,350,21.000000,10000.000000,1,0,2573031,845,0,845,-4,0,104,2,0
8,350,21.000000,10000.000000,1,0,2573034,849,0,849,-5,0,104,2,0
8,350,21.000000,10000.000000,1,0,2573037,852,0,852,-5,0,104,2,0
8,350,21.000000,10000.000000,1,0,2573040,856,0,856,-5,0,104,2,0
8,350,21.000000,10000.000000,1,0,2573042,861,0,861,-5,0,104,2,0
8,350,21.000000,10000.000000,1,0,2573045,865,0,865,-5,0,104,2,0
8,350,21.000000,10000.000000,1,0,2573048,868,0,868,-6,0,104,2,0
8,350,21.000000,10000.000000,1,0,2573051,872,0,872,-6,0,104,2,0
8,350,21.000000,10000.000000,1,0,2573053,876,0,876,-6,0,104,2,0
8,350,21.000000,10000.000000,1,0,2573056,881,0,881,-6,0,104,2,0
8,350,21.000000,10000.000000,1,0,2573059,884,0,884,-7,0,104,2,0
8,350,21.000000,10000.000000,1,0,2573062,889,0,889,-7,0,104,2,0
8,350,21.000000,10000.000000,1,0,2573065,894,0,894,-7,0,104,2,0
8,350,21.000000,10000.000000,1,0,2573067,900,0,900,-8,0,104,2,0
8,350,21.000000,10000.000000,1,0,2573070,905,0,905,-8,0,104,2,0
8,350,21.000000,10000.000000,1,0,2573073,909,0,909,-8,0,104,2,0
8,350,21.000000,10000.000000,1,0,2573076,915,0,915,-8,0,104,2,0
8,350,21.000000,10000.000000,1,0,2573079,919,0,919,-8,0,104,2,0
8,350,21.000000,10000.000000,1,0,2573081,924,0,924,-8,0,104,2,0
8,350,21.000000,10000.000000,1,0,2573084,929,0,929,-9,0,104,2,0
8,350,21.000000,10000.000000,1,0,2573087,933,0,933,-9,0,104,2,0
8,350,21.000000,10000.000000,1,0,2573090,939,0,939,-9,0,104,2,0
8,350,21.000000,10000.000000,1,0,2573092,942,0,942,-10,0,104,2,0
8,350,21.000000,10000.000000,1,0,2573095,949,0,949,-10,0,104,2,0
8,350,21.000000,10000.000000,1,0,2573098,954,0,954,-11,0,104,2,0
8,350,21.000000,10000.000000,1,0,2573100,958,0,958,-11,0,104,2,0
8,350,21.000000,10000.000000,1,0,2573103,962,0,962,-11,0,104,2,0
8,350,21.000000,10000.000000,1,0,2573106,967,0,967,-11,0,104,2,0
8,350,21.000000,10000.000000,1,0,2573109,972,0,972,-12,0,104,2,0
8,350,21.000000,10000.000000,1,0,2573111,975,0,975,-12,0,104,2,0
8,350,21.000000,10000.000000,1,0,2573114,980,0,980,-12,0,104,2,0
8,350,21.000000,10000.000000,1,0,2573117,985,0,985,-13,0,104,2,0
8,350,21.000000,10000.000000,1,0,2573120,988,0,988,-13,0,104,2,0
8,350,21.000000,10000.000000,1,0,2573123,993,0,993,-14,0,104,2,0
8,350,21.000000,10000.000000,1,0,2573125,996,0,996,-14,0,104,2,0
8,350,21.000000,10000.000000,1,0,2573128,1000,0,1000,-14,0,104,2,0
8,350,21.000000,10000.000000,1,0,2573131,1003,0,1003,-14,0,104,2,0
8,350,21.000000,10000.000000,1,0,2573134,1006,0,1006,-14,0,104,2,0
8,350,21.000000,10000.000000,1,0,2573137,1009,0,1009,-14,0,104,2,0
8,350,21.000000,10000.000000,1,0,2573139,1012,0,1012,-14,0,104,2,0
8,350,21.000000,10000.000000,1,0,2573142,1014,0,1014,-14,0,104,2,0
8,350,21.000000,10000.000000,1,0,2573145,1017,0,1017,-14,0,104,2,0
8,350,21.000000,10000.000000,1,0,2573148,1020,0,1020,-14,0,104,2,0
8,350,21.000000,10000.000000,1,0,2573151,1022,0,1022,-15,0,104,2,0
8,350,21.000000,10000.000000,1,0,2573153,1025,0,1025,-16,0,104,2,0
8,350,21.000000,10000.000000,1,0,2573156,1030,0,1030,-17,0,104,2,0
8,350,21.000000,10000.000000,1,0,2573159,1034,0,1034,-18,0,104,2,0
8,350,21.000000,10000.000000,1,0,2573162,1037,0,1037,-19,0,104,2,0
8,350,21.000000,10000.000000,1,0,2573164,1040,0,1040,-19,0,104,2,0
8,350,21.000000,10000.000000,1,0,2573167,1041,0,1041,-19,0,104,2,0
8,350,21.000000,10000.000000,1,0,2573170,1043,0,1043,-19,0,104,2,0
8,350,21.000000,10000.000000,1,0,2573173,1046,0,1046,-19,0,104,2,0
8,350,21.000000,10000.000000,1,0,2573176,1049,0,1049,-20,0,104,2,0
8,350,21.000000,10000.000000,1,0,2573178,1051,0,1051,-20,0,104,2,0
8,350,21.000000,10000.000000,1,0,2573181,1053,0,1053,-20,0,104,2,0
8,350,21.000000,10000.000000,1,0,2573184,1055,0,1055,-20,0,104,2,0
8,350,21.000000,10000.000000,1,0,2573187,1057,0,1057,-21,0,104,2,0
8,350,21.000000,10000.000000,1,0,2573189,1058,0,1058,-22,0,104,2,0
8,350,21.000000,10000.000000,1,0,2573192,1060,0,1060,-22,0,104,2,0
8,350,21.000000,10000.000000,1,0,2573195,1062,0,1062,-22,0,104,2,0
8,350,21.000000,10000.000000,1,0,2573198,1064,0,1064,-22,0,104,2,0
8,350,21.000000,10000.000000,1,0,2573201,1065,0,1065,-23,0,104,2,0
8,350,21.000000,10000.000000,1,0,2573203,1067,0,1067,-23,0,104,2,0
8,350,21.000000,10000.000000,1,0,2573206,1069,0,1069,-23,0,104,2,0
8,350,21.000000,10000.000000,1,0,2573209,1071,0,1071,-23,0,104,2,0
8,350,21.000000,10000.000000,1,0,2573212,1072,0,1072,-23,0,104,2,0
8,350,21.000000,10000.000000,1,0,2573214,1073,0,1073,-23,0,104,2,0
8,350,21.000000,10000.000000,1,0,2573217,1074,0,1074,-24,0,104,2,0
8,350,21.000000,10000.000000,1,0,2573220,1076,0,1076,-24,0,104,2,0
8,350,21.000000,10000.000000,1,0,2573223,1077,0,1077,-24,0,104,2,0
8,350,21.000000,10000.000000,1,0,2573226,1078,0,1078,-24,0,104,2,0
8,350,21.000000,10000.000000,1,0,2573228,1079,0,1079,-24,0,104,2,0
8,350,21.000000,10000.000000,1,0,2573231,1080,0,1080,-24,0,104,2,0
8,350,21.000000,10000.000000,1,0,2573234,1081,0,1081,-24,0,104,2,0
8,350,21.000000,10000.000000,1,0,2573237,1082,0,1082,-24,0,104,2,0
8,350,21.000000,10000.000000,1,0,2573240,1083,0,1083,-24,0,104,2,0
8,350,21.000000,10000.000000,1,0,2573242,1084,0,1084,-24,0,104,2,0
8,350,21.000000,10000.000000,1,0,2573245,1085,0,1085,-24,0,104,2,0
8,350,21.000000,10000.000000,1,0,2573248,1086,0,1086,-24,0,104,2,0
8,350,21.000000,10000.000000,1,0,2573251,1087,0,1087,-25,0,104,2,0
8,350,21.000000,10000.000000,1,0,2573254,1087,0,1087,-25,0,104,2,0
8,350,21.000000,10000.000000,1,0,2573256,1088,0,1088,-25,0,104,2,0
8,350,21.000000,10000.000000,1,0,2573259,1089,0,1089,-25,0,104,2,0
8,350,21.000000,10000.000000,1,0,2573262,1089,0,1089,-25,0,104,2,0
8,350,21.000000,10000.000000,1,0,2573265,1089,0,1089,-25,0,104,2,0
8,350,21.000000,10000.000000,1,0,2573267,1089,0,1089,-25,0,104,2,0
8,350,21.000000,10000.000000,1,0,2573270,1089,0,1089,-25,0,104,2,0
8,350,21.000000,10000.000000,1,0,2573273,1089,0,1089,-25,0,104,2,0
8,350,21.000000,10000.000000,1,0,2573276,1089,0,1089,-25,0,104,2,0
8,350,21.000000,10000.000000,1,0,2573279,1089,0,1089,-25,0,104,2,0
8,350,21.000000,10000.000000,1,0,2573281,1089,0,1089,-25,0,104,2,0
8,350,21.000000,10000.000000,1,0,2573284,1089,0,1089,-25,0,104,2,0
8,350,21.000000,10000.000000,1,0,2573287,1089,0,1089,-25,0,104,2,0
8,350,21.000000,10000.000000,1,0,2573290,1090,0,1090,-25,0,104,2,0
8,350,21.000000,10000.000000,1,0,2573293,1091,0,1091,-25,0,104,2,0
8,350,21.000000,10000.000000,1,0,2573295,1091,0,1091,-25,0,104,2,0
8,350,21.000000,10000.000000,1,0,2573298,1091,0,1091,-25,0,104,2,0
8,350,21.000000,10000.000000,1,0,2573301,1092,0,1092,-25,0,104,2,0
8,350,21.000000,10000.000000,1,0,2573303,1093,0,1093,-26,0,104,2,0
8,350,21.000000,10000.000000,1,0,2573306,1094,0,1094,-26,0,104,2,0
8,350,21.000000,10000.000000,1,0,2573309,1095,0,1095,-26,0,104,2,0
8,350,21.000000,10000.000000,1,0,2573312,1096,0,1096,-26,0,104,2,0
8,350,21.000000,10000.000000,1,0,2573315,1097,0,1097,-26,0,104,2,0
8,350,21.000000,10000.000000,1,0,2573317,1098,0,1098,-26,0,104,2,0
8,350,21.000000,10000.000000,1,0,2573320,1100,0,1100,-26,0,104,2,0
8,350,21.000000,10000.000000,1,0,2573323,1101,0,1101,-26,0,104,2,0
8,350,21.000000,10000.000000,1,0,2573326,1102,0,1102,-26,0,104,2,0
8,350,21.000000,10000.000000,1,0,2573328,1103,0,1103,-26,0,104,2,0
8,350,21.000000,10000.000000,1,0,2573331,1104,0,1104,-26,0,104,2,0
8,350,21.000000,10000.000000,1,0,2573334,1105,0,1105,-26,0,104,2,0
8,350,21.000000,10000.000000,1,0,2573337,1106,0,1106,-26,0,104,2,0
8,350,21.000000,10000.000000,1,0,2573339,1107,0,1107,-26,0,104,2,0
8,350,21.000000,10000.000000,1,0,2573342,1108,0,1108,-26,0,104,2,0
8,350,21.000000,10000.000000,1,0,2573345,1108,0,1108,-26,0,104,2,0
8,350,21.000000,10000.000000,1,0,2573348,1109,0,1109,-26,0,104,2,0
8,350,21.000000,10000.000000,1,0,2573351,1110,0,1110,-26,0,104,2,0
8,350,21.000000,10000.000000,1,0,2573353,1110,0,1110,-26,0,104,2,0
8,350,21.000000,10000.000000,1,0,2573356,1111,0,1111,-26,0,104,2,0
8,350,21.000000,10000.000000,1,0,2573359,1112,0,1112,-26,0,104,2,0
8,350,21.000000,10000.000000,1,0,2573362,1112,0,1112,-26,0,104,2,0
8,350,21.000000,10000.000000,1,0,2573365,1112,0,1112,-26,0,104,2,0
8,350,21.000000,10000.000000,1,0,2573367,1113,0,1113,-26,0,104,2,0
8,350,21.000000,10000.000000,1,0,2573370,1114,0,1114,-26,0,104,2,0
8,350,21.000000,10000.000000,1,0,2573373,1114,0,1114,-26,0,104,2,0
8,350,21.000000,10000.000000,1,0,2573376,1114,0,1114,-26,0,104,2,0
8,350,21.000000,10000.000000,1,0,2573378,1114,0,1114,-26,0,104,2,0
8,350,21.000000,10000.000000,1,0,2573381,1114,0,1114,-26,0,104,2,0
8,350,21.000000,10000.000000,1,0,2573384,1114,0,1114,-26,0,104,2,0
8,350,21.000000,10000.000000,1,0,2573387,1114,0,1114,-26,0,104,2,0
8,350,21.000000,10000.000000,1,0,2573390,1114,0,1114,-26,0,104,2,0
8,350,21.000000,10000.000000,1,0,2573392,1114,0,1114,-26,0,104,2,0
8,350,21.000000,10000.000000,1,0,2573395,1114,0,1114,-26,0,104,2,0
8,350,21.000000,10000.000000,1,0,2573398,1114,0,1114,-26,0,104,2,0
8,350,21.000000,10000.000000,1,0,2573401,1114,0,1114,-26,0,104,2,0
8,350,21.000000,10000.000000,1,0,2573403,1114,0,1114,-26,0,104,2,0
8,350,21.000000,10000.000000,1,0,2573406,1115,0,1115,-26,0,104,2,0
8,350,21.000000,10000.000000,1,0,2573409,1115,0,1115,-26,0,104,2,0
8,350,21.000000,10000.000000,1,0,2573412,1115,0,1115,-26,0,104,2,0
8,350,21.000000,10000.000000,1,0,2573415,1116,0,1116,-26,0,104,2,0
8,350,21.000000,10000.000000,1,0,2573417,1116,0,1116,-26,0,104,2,0
8,350,21.000000,10000.000000,1,0,2573420,1117,0,1117,-26,0,104,2,0
8,350,21.000000,10000.000000,1,0,2573423,1118,0,1118,-26,0,104,2,0
8,350,21.000000,10000.000000,1,0,2573426,1118,0,1118,-26,0,104,2,0
8,350,21.000000,10000.000000,1,0,2573428,1119,0,1119,-26,0,104,2,0
8,350,21.000000,10000.000000,1,0,2573431,1119,0,1119,-26,0,104,2,0
8,350,21.000000,10000.000000,1,0,2573434,1120,0,1120,-26,0,104,2,0
8,350,21.000000,10000.000000,1,0,2573437,1121,0,1121,-26,0,104,2,0
8,350,21.000000,10000.000000,1,0,2573440,1122,0,1122,-26,0,104,2,0
8,350,21.000000,10000.000000,1,0,2573442,1123,0,1123,-26,0,104,2,0
8,350,21.000000,10000.000000,1,0,2573445,1124,0,1124,-26,0,104,2,0
8,350,21.000000,10000.000000,1,0,2573448,1124,0,1124,-27,0,104,2,0
8,350,21.000000,10000.000000,1,0,2573451,1125,0,1125,-27,0,104,2,0
8,350,21.000000,10000.000000,1,0,2573453,1126,0,1126,-27,0,104,2,0
8,350,21.000000,10000.000000,1,0,2573456,1127,0,1127,-27,0,104,2,0
8,350,21.000000,10000.000000,1,0,2573459,1127,0,1127,-27,0,104,2,0
8,350,21.000000,10000.000000,1,0,2573462,1128,0,1128,-27,0,104,2,0
8,350,21.000000,10000.000000,1,0,2573465,1129,0,1129,-27,0,104,2,0
8,350,21.000000,10000.000000,1,0,2573467,1130,0,1130,-27,0,104,2,0
8,350,21.000000,10000.000000,1,0,2573470,1131,0,1131,-27,0,104,2,0
8,350,21.000000,10000.000000,1,0,2573473,1132,0,1132,-27,0,104,2,0
8,350,21.000000,10000.000000,1,0,2573476,1133,0,1133,-27,0,104,2,0
8,350,21.000000,10000.000000,1,0,2573479,1134,0,1134,-28,0,104,2,0
8,350,21.000000,10000.000000,1,0,2573481,1134,0,1134,-28,0,104,2,0
8,350,21.000000,10000.000000,1,0,2573484,1134,0,1134,-28,0,104,2,0
8,350,21.000000,10000.000000,1,0,2573487,1135,0,1135,-28,0,104,2,0
8,350,21.000000,10000.000000,1,0,2573490,1136,0,1136,-28,0,104,2,0
8,350,21.000000,10000.000000,1,0,2573492,1136,0,1136,-28,0,104,2,0
8,350,21.000000,10000.000000,1,0,2573495,1136,0,1136,-28,0,104,2,0
8,350,21.000000,10000.000000,1,0,2573498,1136,0,1136,-28,0,104,2,0
8,350,21.000000,10000.000000,1,0,2573501,1136,0,1136,-28,0,104,2,0
8,350,21.000000,10000.000000,1,0,2573503,1136,0,1136,-28,0,104,2,0
8,350,21.000000,10000.000000,1,0,2573506,1136,0,1136,-28,0,104,2,0
8,350,21.000000,10000.000000,1,0,2573509,1136,0,1136,-28,0,104,2,0
8,350,21.000000,10000.000000,1,0,2573512,1136,0,1136,-28,0,104,2,0
8,350,21.000000,10000.000000,1,0,2573514,1136,0,1136,-28,0,104,2,0
8,350,21.000000,10000.000000,1,0,2573517,1136,0,1136,-28,0,104,2,0
8,350,21.000000,10000.000000,1,0,2573521,1136,0,1136,-28,0,104,2,0
8,350,21.000000,10000.000000,1,0,2573524,1136,0,1136,-28,0,104,2,0
8,350,21.000000,10000.000000,1,0,2573526,1136,0,1136,-28,0,104,2,0
8,350,21.000000,10000.000000,1,0,2573529,1136,0,1136,-28,0,104,2,0
8,350,21.000000,10000.000000,1,0,2573532,1136,0,1136,-28,0,104,2,0
8,350,21.000000,10000.000000,1,0,2573534,1136,0,1136,-28,0,104,2,0
8,350,21.000000,10000.000000,1,0,2573537,1136,0,1136,-28,0,104,2,0
8,350,21.000000,10000.000000,1,0,2573540,1136,0,1136,-28,0,104,2,0
8,350,21.000000,10000.000000,1,0,2573542,1136,0,1136,-28,0,104,2,0
8,350,21.000000,10000.000000,1,0,2573545,1136,0,1136,-28,0,104,2,0
8,350,21.000000,10000.000000,1,0,2573548,1136,0,1136,-28,0,104,2,0
8,350,21.000000,10000.000000,1,0,2573551,1136,0,1136,-28,0,104,2,0
8,350,21.000000,10000.000000,1,0,2573553,1136,0,1136,-28,0,104,2,0
8,350,21.000000,10000.000000,1,0,2573556,1136,0,1136,-28,0,104,2,0
8,350,21.000000,10000.000000,1,0,2573559,1136,0,1136,-28,0,104,2,0
8,350,21.000000,10000.000000,1,0,2573562,1136,0,1136,-28,0,104,2,0
8,350,21.000000,10000.000000,1,0,2573565,1136,0,1136,-28,0,104,2,0
8,350,21.000000,10000.000000,1,0,2573567,1136,0,1136,-28,0,104,2,0
8,350,21.000000,10000.000000,1,0,2573570,1136,0,1136,-28,0,104,2,0
8,350,21.000000,10000.000000,1,0,2573573,1136,0,1136,-28,0,104,2,0
8,350,21.000000,10000.000000,1,0,2573576,1136,0,1136,-28,0,104,2,0
8,350,21.000000,10000.000000,1,0,2573578,1136,0,1136,-28,0,104,2,0
8,350,21.000000,10000.000000,1,0,2573581,1136,0,1136,-28,0,104,2,0
8,350,21.000000,10000.000000,1,0,2573584,1136,0,1136,-28,0,104,2,0
8,350,21.000000,10000.000000,1,0,2573587,1136,0,1136,-28,0,104,2,0
8,350,21.000000,10000.000000,1,0,2573590,1136,0,1136,-28,0,104,2,0
8,350,21.000000,10000.000000,1,0,2573603,1136,0,1136,-28,0,104,2,0
