8,350,21.000000,10000.000000,1,0,2608323,789,0,789,0,0,107,0,0
8,350,21.000000,10000.000000,1,0,2608324,789,0,789,0,0,107,0,0
8,350,21.000000,10000.000000,1,0,2608327,789,0,789,0,0,107,0,0
8,350,21.000000,10000.000000,1,0,2608330,789,0,789,0,0,107,0,0
8,350,21.000000,10000.000000,1,0,2608332,789,0,789,0,0,107,0,0
8,350,21.000000,10000.000000,1,0,2608335,789,0,789,0,0,107,0,0
8,350,21.000000,10000.000000,1,0,2608338,789,0,789,0,0,107,0,0
8,350,21.000000,10000.000000,1,0,2608341,789,0,789,0,0,107,0,0
8,350,21.000000,10000.000000,1,0,2608344,789,0,789,0,0,107,0,0
8,350,21.000000,10000.000000,1,0,2608346,789,0,789,-1,0,107,0,0
8,350,21.000000,10000.000000,1,0,2608349,789,0,789,-2,0,107,0,0
8,350,21.000000,10000.000000,1,0,2608352,789,0,789,-2,0,107,0,0
8,350,21.000000,10000.000000,1,0,2608355,789,0,789,-2,0,107,0,0
8,350,21.000000,10000.000000,1,0,2608358,789,0,789,-2,0,107,0,0
8,350,21.000000,10000.000000,1,0,2608361,789,0,789,-2,0,107,0,0
8,350,21.000000,10000.000000,1,0,2608363,789,0,789,-2,0,107,0,0
8,350,21.000000,10000.000000,1,0,2608366,789,0,789,-2,0,107,0,0
8,350,21.000000,10000.000000,1,0,2608369,789,0,789,-2,0,107,0,0
8,350,21.000000,10000.000000,1,0,2608372,789,0,789,-2,0,107,0,0
8,350,21.000000,10000.000000,1,0,2608375,789,0,789,-2,0,107,0,0
8,350,21.000000,10000.000000,1,0,2608377,789,0,789,-2,0,107,0,0
8,350,21.000000,10000.000000,1,0,2608380,789,0,789,-2,0,107,0,0
8,350,21.000000,10000.000000,1,0,2608383,789,0,789,-2,0,107,0,0
8,350,21.000000,10000.000000,1,0,2608385,789,0,789,-2,0,107,0,0
8,350,21.000000,10000.000000,1,0,2608388,790,0,790,-2,0,107,0,0
8,350,21.000000,10000.000000,1,0,2608391,791,0,791,-2,0,107,0,0
8,350,21.000000,10000.000000,1,0,2608394,792,0,792,-2,0,107,0,0
8,350,21.000000,10000.000000,1,0,2608396,792,0,792,-3,0,107,0,0
8,350,21.000000,10000.000000,1,0,2608399,793,0,793,-4,0,107,0,0
8,350,21.000000,10000.000000,1,0,2608402,794,0,794,-5,0,107,0,0
8,350,21.000000,10000.000000,1,0,2608405,795,0,795,-5,0,107,0,0
8,350,21.000000,10000.000000,1,0,2608408,796,0,796,-5,0,107,0,0
8,350,21.000000,10000.000000,1,0,2608410,797,0,797,-5,0,107,0,0
8,350,21.000000,10000.000000,1,0,2608413,800,0,800,-6,0,107,0,0
8,350,21.000000,10000.000000,1,0,2608416,802,0,802,-7,0,107,0,0
8,350,21.000000,10000.000000,1,0,2608419,804,0,804,-8,0,107,0,0
8,350,21.000000,10000.000000,1,0,2608422,807,0,807,-10,0,107,0,0
8,350,21.000000,10000.000000,1,0,2608424,810,0,810,-11,0,107,0,0
8,350,21.000000,10000.000000,1,0,2608427,814,0,814,-12,0,107,0,0
8,350,21.000000,10000.000000,1,0,2608430,817,0,817,-13,0,107,0,0
8,350,21.000000,10000.000000,1,0,2608433,820,0,820,-14,0,107,0,0
8,350,21.000000,10000.000000,1,0,2608435,824,0,824,-15,0,107,0,0
8,350,21.000000,10000.000000,1,0,2608438,829,0,829,-16,0,107,0,0
8,350,21.000000,10000.000000,1,0,2608441,834,0,834,-19,0,107,0,0
8,350,21.000000,10000.000000,1,0,2608444,840,0,840,-21,0,107,0,0
8,350,21.000000,10000.000000,1,0,2608447,844,0,844,-23,0,107,0,0
8,350,21.000000,10000.000000,1,0,2608450,850,0,850,-26,0,107,0,0
8,350,21.000000,10000.000000,1,0,2608452,856,0,856,-29,0,107,0,0
8,350,21.000000,10000.000000,1,0,2608455,862,0,862,-32,0,107,0,0
8,350,21.000000,10000.000000,1,0,2608458,869,0,869,-35,0,107,0,0
8,350,21.000000,10000.000000,1,0,2608460,879,0,879,-40,0,107,0,0
8,350,21.000000,10000.000000,1,0,2608463,892,0,892,-45,0,107,0,0
8,350,21.000000,10000.000000,1,0,2608466,901,0,901,-48,0,107,0,0
8,350,21.000000,10000.000000,1,0,2608469,904,0,904,-50,0,107,0,0
8,350,21.000000,10000.000000,1,0,2608472,917,0,917,-54,0,107,0,0
8,350,21.000000,10000.000000,1,0,2608474,925,0,925,-56,0,107,0,0
8,350,21.000000,10000.000000,1,0,2608477,931,0,931,-58,0,107,0,0
8,350,21.000000,10000.000000,1,0,2608480,932,0,932,-58,0,107,0,0
8,350,21.000000,10000.000000,1,0,2608483,944,0,944,-61,0,107,0,0
8,350,21.000000,10000.000000,1,0,2608486,950,0,950,-63,0,107,0,0
8,350,21.000000,10000.000000,1,0,2608488,958,0,958,-65,0,107,0,0
8,350,21.000000,10000.000000,1,0,2608491,969,0,969,-68,0,107,0,0
8,350,21.000000,10000.000000,1,0,2608494,979,0,979,-70,0,107,0,0
8,350,21.000000,10000.000000,1,0,2608497,988,0,988,-72,0,107,0,0
8,350,21.000000,10000.000000,1,0,2608499,999,0,999,-75,0,107,0,0
8,350,21.000000,10000.000000,1,0,2608502,1008,0,1008,-78,0,107,0,0
8,350,21.000000,10000.000000,1,0,2608505,1015,0,1015,-79,0,107,0,0
8,350,21.000000,10000.000000,1,0,2608508,1024,0,1024,-81,0,107,0,0
8,350,21.000000,10000.000000,1,0,2608510,1031,0,1031,-82,0,107,0,0
8,350,21.000000,10000.000000,1,0,2608513,1041,0,1041,-84,0,107,0,0
8,350,21.000000,10000.000000,1,0,2608516,1049,0,1049,-85,0,107,0,0
8,350,21.000000,10000.000000,1,0,2608519,1056,0,1056,-87,0,107,0,0
8,350,21.000000,10000.000000,1,0,2608522,1064,0,1064,-89,0,107,0,0
8,350,21.000000,10000.000000,1,0,2608524,1070,0,1070,-90,0,107,0,0
8,350,21.000000,10000.000000,1,0,2608527,1075,0,1075,-91,0,107,0,0
8,350,21.000000,10000.000000,1,0,2608530,1080,0,1080,-92,0,107,0,0
8,350,21.000000,10000.000000,1,0,2608533,1085,0,1085,-94,0,107,0,0
8,350,21.000000,10000.000000,1,0,2608535,1090,0,1090,-95,0,107,0,0
8,350,21.000000,10000.000000,1,0,2608538,1094,0,1094,-97,0,107,0,0
8,350,21.000000,10000.000000,1,0,2608541,1099,0,1099,-97,0,107,0,0
8,350,21.000000,10000.000000,1,0,2608544,1104,0,1104,-98,0,107,0,0
8,350,21.000000,10000.000000,1,0,2608546,1108,0,1108,-99,0,107,0,0
8,350,21.000000,10000.000000,1,0,2608549,1111,0,1111,-100,0,107,0,0
8,350,21.000000,10000.000000,1,0,2608552,1115,0,1115,-101,0,107,0,0
8,350,21.000000,10000.000000,1,0,2608555,1118,0,1118,-101,0,107,0,0
8,350,21.000000,10000.000000,1,0,2608558,1121,0,1121,-101,0,107,0,0
8,350,21.000000,10000.000000,1,0,2608560,1125,0,1125,-102,0,107,0,0
8,350,21.000000,10000.000000,1,0,2608563,1128,0,1128,-102,0,107,0,0
8,350,21.000000,10000.000000,1,0,2608566,1132,0,1132,-103,0,107,0,0
8,350,21.000000,10000.000000,1,0,2608569,1133,0,1133,-104,0,107,0,0
8,350,21.000000,10000.000000,1,0,2608571,1135,0,1135,-104,0,107,0,0
8,350,21.000000,10000.000000,1,0,2608574,1136,0,1136,-105,0,107,0,0
8,350,21.000000,10000.000000,1,0,2608577,1138,0,1138,-105,0,107,0,0
8,350,21.000000,10000.000000,1,0,2608580,1141,0,1141,-105,0,107,0,0
8,350,21.000000,10000.000000,1,0,2608583,1142,0,1142,-106,0,107,0,0
8,350,21.000000,10000.000000,1,0,2608585,1144,0,1144,-107,0,107,0,0
8,350,21.000000,10000.000000,1,0,2608588,1145,0,1145,-107,0,107,0,0
8,350,21.000000,10000.000000,1,0,2608591,1147,0,1147,-107,0,107,0,0
8,350,21.000000,10000.000000,1,0,2608594,1148,0,1148,-108,0,107,0,0
8,350,21.000000,10000.000000,1,0,2608596,1150,0,1150,-108,0,107,0,0
8,350,21.000000,10000.000000,1,0,2608599,1151,0,1151,-108,0,107,0,0
8,350,21.000000,10000.000000,1,0,2608602,1152,0,1152,-108,0,107,0,0
8,350,21.000000,10000.000000,1,0,2608605,1153,0,1153,-109,0,107,0,0
8,350,21.000000,10000.000000,1,0,2608608,1155,0,1155,-110,0,107,0,0
8,350,21.000000,10000.000000,1,0,2608611,1156,0,1156,-110,0,107,0,0
8,350,21.000000,10000.000000,1,0,2608613,1157,0,1157,-110,0,107,0,0
8,350,21.000000,10000.000000,1,0,2608616,1158,0,1158,-110,0,107,0,0
8,350,21.000000,10000.000000,1,0,2608619,1159,0,1159,-110,0,107,0,0
8,350,21.000000,10000.000000,1,0,2608622,1159,0,1159,-111,0,107,0,0
8,350,21.000000,10000.000000,1,0,2608624,1160,0,1160,-111,0,107,0,0
8,350,21.000000,10000.000000,1,0,2608627,1161,0,1161,-111,0,107,0,0
8,350,21.000000,10000.000000,1,0,2608630,1161,0,1161,-111,0,107,0,0
8,350,21.000000,10000.000000,1,0,2608633,1161,0,1161,-111,0,107,0,0
8,350,21.000000,10000.000000,1,0,2608636,1161,0,1161,-111,0,107,0,0
8,350,21.000000,10000.000000,1,0,2608638,1161,0,1161,-111,0,107,0,0
8,350,21.000000,10000.000000,1,0,2608641,1161,0,1161,-111,0,107,0,0
8,350,21.000000,10000.000000,1,0,2608644,1161,0,1161,-111,0,107,0,0
8,350,21.000000,10000.000000,1,0,2608647,1161,0,1161,-111,0,107,0,0
8,350,21.000000,10000.000000,1,0,2608650,1161,0,1161,-111,0,107,0,0
8,350,21.000000,10000.000000,1,0,2608652,1161,0,1161,-111,0,107,0,0
8,350,21.000000,10000.000000,1,0,2608655,1161,0,1161,-111,0,107,0,0
8,350,21.000000,10000.000000,1,0,2608658,1161,0,1161,-111,0,107,0,0
8,350,21.000000,10000.000000,1,0,2608661,1161,0,1161,-111,0,107,0,0
8,350,21.000000,10000.000000,1,0,2608664,1161,0,1161,-111,0,107,0,0
8,350,21.000000,10000.000000,1,0,2608666,1161,0,1161,-111,0,107,0,0
8,350,21.000000,10000.000000,1,0,2608669,1161,0,1161,-111,0,107,0,0
8,350,21.000000,10000.000000,1,0,2608672,1161,0,1161,-111,0,107,0,0
8,350,21.000000,10000.000000,1,0,2608674,1161,0,1161,-111,0,107,0,0
8,350,21.000000,10000.000000,1,0,2608677,1161,0,1161,-111,0,107,0,0
8,350,21.000000,10000.000000,1,0,2608680,1161,0,1161,-111,0,107,0,0
8,350,21.000000,10000.000000,1,0,2608683,1161,0,1161,-111,0,107,0,0
8,350,21.000000,10000.000000,1,0,2608686,1161,0,1161,-111,0,107,0,0
8,350,21.000000,10000.000000,1,0,2608689,1161,0,1161,-111,0,107,0,0
8,350,21.000000,10000.000000,1,0,2608691,1161,0,1161,-111,0,107,0,0
8,350,21.000000,10000.000000,1,0,2608694,1161,0,1161,-111,0,107,0,0
8,350,21.000000,10000.000000,1,0,2608697,1161,0,1161,-111,0,107,0,0
8,350,21.000000,10000.000000,1,0,2608700,1161,0,1161,-111,0,107,0,0
8,350,21.000000,10000.000000,1,0,2608702,1161,0,1161,-111,0,107,0,0
8,350,21.000000,10000.000000,1,0,2608705,1161,0,1161,-111,0,107,0,0
8,350,21.000000,10000.000000,1,0,2608708,1161,0,1161,-111,0,107,0,0
8,350,21.000000,10000.000000,1,0,2608711,1161,0,1161,-111,0,107,0,0
8,350,21.000000,10000.000000,1,0,2608713,1161,0,1161,-111,0,107,0,0
8,350,21.000000,10000.000000,1,0,2608716,1161,0,1161,-111,0,107,0,0
8,350,21.000000,10000.000000,1,0,2608719,1161,0,1161,-111,0,107,0,0
8,350,21.000000,10000.000000,1,0,2608722,1161,0,1161,-111,0,107,0,0
8,350,21.000000,10000.000000,1,0,2608725,1161,0,1161,-111,0,107,0,0
8,350,21.000000,10000.000000,1,0,2608727,1161,0,1161,-111,0,107,0,0
8,350,21.000000,10000.000000,1,0,2608730,1161,0,1161,-111,0,107,0,0
8,350,21.000000,10000.000000,1,0,2608733,1161,0,1161,-111,0,107,0,0
8,350,21.000000,10000.000000,1,0,2608736,1161,0,1161,-111,0,107,0,0
8,350,21.000000,10000.000000,1,0,2608738,1161,0,1161,-111,0,107,0,0
8,350,21.000000,10000.000000,1,0,2608741,1161,0,1161,-111,0,107,0,0
8,350,21.000000,10000.000000,1,0,2608744,1161,0,1161,-111,0,107,0,0
8,350,21.000000,10000.000000,1,0,2608747,1161,0,1161,-111,0,107,0,0
8,350,21.000000,10000.000000,1,0,2608750,1161,0,1161,-111,0,107,0,0
8,350,21.000000,10000.000000,1,0,2608752,1161,0,1161,-111,0,107,0,0
8,350,21.000000,10000.000000,1,0,2608755,1161,0,1161,-111,0,107,0,0
8,350,21.000000,10000.000000,1,0,2608758,1161,0,1161,-111,0,107,0,0
8,350,21.000000,10000.000000,1,0,2608761,1161,0,1161,-111,0,107,0,0
8,350,21.000000,10000.000000,1,0,2608764,1161,0,1161,-111,0,107,0,0
8,350,21.000000,10000.000000,1,0,2608766,1161,0,1161,-111,0,107,0,0
8,350,21.000000,10000.000000,1,0,2608769,1161,0,1161,-111,0,107,0,0
8,350,21.000000,10000.000000,1,0,2608772,1160,0,1160,-111,0,107,0,0
8,350,21.000000,10000.000000,1,0,2608775,1160,0,1160,-111,0,107,0,0
8,350,21.000000,10000.000000,1,0,2608777,1160,0,1160,-111,0,107,0,0
8,350,21.000000,10000.000000,1,0,2608780,1159,0,1159,-111,0,107,0,0
8,350,21.000000,10000.000000,1,0,2608783,1159,0,1159,-111,0,107,0,0
8,350,21.000000,10000.000000,1,0,2608786,1158,0,1158,-111,0,107,0,0
8,350,21.000000,10000.000000,1,0,2608788,1157,0,1157,-111,0,107,0,0
8,350,21.000000,10000.000000,1,0,2608791,1157,0,1157,-111,0,107,0,0
8,350,21.000000,10000.000000,1,0,2608794,1156,0,1156,-111,0,107,0,0
8,350,21.000000,10000.000000,1,0,2608797,1155,0,1155,-111,0,107,0,0
8,350,21.000000,10000.000000,1,0,2608799,1154,0,1154,-111,0,107,0,0
8,350,21.000000,10000.000000,1,0,2608802,1153,0,1153,-111,0,107,0,0
8,350,21.000000,10000.000000,1,0,2608805,1152,0,1152,-111,0,107,0,0
8,350,21.000000,10000.000000,1,0,2608808,1152,0,1152,-111,0,107,0,0
8,350,21.000000,10000.000000,1,0,2608811,1151,0,1151,-111,0,107,0,0
8,350,21.000000,10000.000000,1,0,2608813,1151,0,1151,-111,0,107,0,0
8,350,21.000000,10000.000000,1,0,2608816,1150,0,1150,-111,0,107,0,0
8,350,21.000000,10000.000000,1,0,2608819,1149,0,1149,-111,0,107,0,0
8,350,21.000000,10000.000000,1,0,2608822,1148,0,1148,-111,0,107,0,0
8,350,21.000000,10000.000000,1,0,2608824,1148,0,1148,-111,0,107,0,0
8,350,21.000000,10000.000000,1,0,2608827,1148,0,1148,-112,0,107,0,0
8,350,21.000000,10000.000000,1,0,2608830,1148,0,1148,-113,0,107,0,0
8,350,21.000000,10000.000000,1,0,2608833,1147,0,1147,-113,0,107,0,0
8,350,21.000000,10000.000000,1,0,2608836,1146,0,1146,-113,0,107,0,0
8,350,21.000000,10000.000000,1,0,2608838,1146,0,1146,-113,0,107,0,0
8,350,21.000000,10000.000000,1,0,2608841,1145,0,1145,-113,0,107,0,0
8,350,21.000000,10000.000000,1,0,2608844,1144,0,1144,-113,0,107,0,0
8,350,21.000000,10000.000000,1,0,2608847,1144,0,1144,-113,0,107,0,0
8,350,21.000000,10000.000000,1,0,2608850,1143,0,1143,-113,0,107,0,0
8,350,21.000000,10000.000000,1,0,2608853,1142,0,1142,-113,0,107,0,0
8,350,21.000000,10000.000000,1,0,2608855,1141,0,1141,-113,0,107,0,0
8,350,21.000000,10000.000000,1,0,2608858,1140,0,1140,-113,0,107,0,0
8,350,21.000000,10000.000000,1,0,2608861,1140,0,1140,-113,0,107,0,0
8,350,21.000000,10000.000000,1,0,2608864,1140,0,1140,-113,0,107,0,0
8,350,21.000000,10000.000000,1,0,2608866,1139,0,1139,-113,0,107,0,0
8,350,21.000000,10000.000000,1,0,2608869,1138,0,1138,-113,0,107,0,0
8,350,21.000000,10000.000000,1,0,2608872,1138,0,1138,-113,0,107,0,0
8,350,21.000000,10000.000000,1,0,2608875,1138,0,1138,-113,0,107,0,0
8,350,21.000000,10000.000000,1,0,2608878,1138,0,1138,-114,0,107,0,0
8,350,21.000000,10000.000000,1,0,2608880,1137,0,1137,-115,0,107,0,0
8,350,21.000000,10000.000000,1,0,2608883,1137,0,1137,-115,0,107,0,0
8,350,21.000000,10000.000000,1,0,2608886,1137,0,1137,-115,0,107,0,0
8,350,21.000000,10000.000000,1,0,2608889,1136,0,1136,-115,0,107,0,0
8,350,21.000000,10000.000000,1,0,2608891,1136,0,1136,-115,0,107,0,0
8,350,21.000000,10000.000000,1,0,2608894,1135,0,1135,-115,0,107,0,0
8,350,21.000000,10000.000000,1,0,2608897,1135,0,1135,-115,0,107,0,0
8,350,21.000000,10000.000000,1,0,2608900,1135,0,1135,-115,0,107,0,0
8,350,21.000000,10000.000000,1,0,2608903,1135,0,1135,-115,0,107,0,0
8,350,21.000000,10000.000000,1,0,2608905,1135,0,1135,-115,0,107,0,0
8,350,21.000000,10000.000000,1,0,2608908,1134,0,1134,-115,0,107,0,0
8,350,21.000000,10000.000000,1,0,2608911,1133,0,1133,-115,0,107,0,0
8,350,21.000000,10000.000000,1,0,2608914,1133,0,1133,-115,0,107,0,0
8,350,21.000000,10000.000000,1,0,2608917,1133,0,1133,-115,0,107,0,0
8,350,21.000000,10000.000000,1,0,2608919,1133,0,1133,-115,0,107,0,0
8,350,21.000000,10000.000000,1,0,2608922,1133,0,1133,-115,0,107,0,0
8,350,21.000000,10000.000000,1,0,2608925,1133,0,1133,-115,0,107,0,0
8,350,21.000000,10000.000000,1,0,2608928,1133,0,1133,-115,0,107,0,0
8,350,21.000000,10000.000000,1,0,2608930,1133,0,1133,-115,0,107,0,0
8,350,21.000000,10000.000000,1,0,2608933,1133,0,1133,-115,0,107,0,0
8,350,21.000000,10000.000000,1,0,2608936,1133,0,1133,-115,0,107,0,0
8,350,21.000000,10000.000000,1,0,2608939,1133,0,1133,-115,0,107,0,0
8,350,21.000000,10000.000000,1,0,2608942,1133,0,1133,-115,0,107,0,0
8,350,21.000000,10000.000000,1,0,2608944,1133,0,1133,-115,0,107,0,0
8,350,21.000000,10000.000000,1,0,2608947,1133,0,1133,-115,0,107,0,0
8,350,21.000000,10000.000000,1,0,2608950,1133,0,1133,-115,0,107,0,0
8,350,21.000000,10000.000000,1,0,2608952,1133,0,1133,-115,0,107,0,0
8,350,21.000000,10000.000000,1,0,2608955,1133,0,1133,-115,0,107,0,0
8,350,21.000000,10000.000000,1,0,2608958,1133,0,1133,-115,0,107,0,0
8,350,21.000000,10000.000000,1,0,2608961,1133,0,1133,-115,0,107,0,0
8,350,21.000000,10000.000000,1,0,2608964,1133,0,1133,-115,0,107,0,0
8,350,21.000000,10000.000000,1,0,2608966,1133,0,1133,-115,0,107,0,0
8,350,21.000000,10000.000000,1,0,2608969,1133,0,1133,-115,0,107,0,0
8,350,21.000000,10000.000000,1,0,2608972,1133,0,1133,-115,0,107,0,0
8,350,21.000000,10000.000000,1,0,2608975,1133,0,1133,-115,0,107,0,0
8,350,21.000000,10000.000000,1,0,2608978,1133,0,1133,-115,0,107,0,0
8,350,21.000000,10000.000000,1,0,2608980,1133,0,1133,-115,0,107,0,0
8,350,21.000000,10000.000000,1,0,2608983,1133,0,1133,-115,0,107,0,0
8,350,21.000000,10000.000000,1,0,2608986,1133,0,1133,-115,0,107,0,0
8,350,21.000000,10000.000000,1,0,2608989,1133,0,1133,-115,0,107,0,0
8,350,21.000000,10000.000000,1,0,2608992,1133,0,1133,-115,0,107,0,0
8,350,21.000000,10000.000000,1,0,2608994,1133,0,1133,-115,0,107,0,0
8,350,21.000000,10000.000000,1,0,2608997,1133,0,1133,-115,0,107,0,0
8,350,21.000000,10000.000000,1,0,2609000,1133,0,1133,-115,0,107,0,0
8,350,21.000000,10000.000000,1,0,2609003,1133,0,1133,-115,0,107,0,0
8,350,21.000000,10000.000000,1,0,2609005,1133,0,1133,-115,0,107,0,0
8,350,21.000000,10000.000000,1,0,2609008,1133,0,1133,-115,0,107,0,0
8,350,21.000000,10000.000000,1,0,2609011,1133,0,1133,-116,0,107,0,0
8,350,21.000000,10000.000000,1,0,2609014,1133,0,1133,-116,0,107,0,0
8,350,21.000000,10000.000000,1,0,2609017,1133,0,1133,-116,0,107,0,0
8,350,21.000000,10000.000000,1,0,2609019,1133,0,1133,-116,0,107,0,0
8,350,21.000000,10000.000000,1,0,2609022,1133,0,1133,-116,0,107,0,0
8,350,21.000000,10000.000000,1,0,2609025,1133,0,1133,-116,0,107,0,0
8,350,21.000000,10000.000000,1,0,2609028,1133,0,1133,-116,0,107,0,0
8,350,21.000000,10000.000000,1,0,2609030,1133,0,1133,-116,0,107,0,0
8,350,21.000000,10000.000000,1,0,2609033,1133,0,1133,-116,0,107,0,0
8,350,21.000000,10000.000000,1,0,2609036,1133,0,1133,-116,0,107,0,0
8,350,21.000000,10000.000000,1,0,2609039,1133,0,1133,-116,0,107,0,0
8,350,21.000000,10000.000000,1,0,2609042,1133,0,1133,-116,0,107,0,0
8,350,21.000000,10000.000000,1,0,2609044,1133,0,1133,-116,0,107,0,0
8,350,21.000000,10000.000000,1,0,2609047,1133,0,1133,-116,0,107,0,0
8,350,21.000000,10000.000000,1,0,2609050,1133,0,1133,-116,0,107,0,0
8,350,21.000000,10000.000000,1,0,2609053,1133,0,1133,-116,0,107,0,0
8,350,21.000000,10000.000000,1,0,2609056,1133,0,1133,-116,0,107,0,0
8,350,21.000000,10000.000000,1,0,2609058,1133,0,1133,-116,0,107,0,0
8,350,21.000000,10000.000000,1,0,2609061,1133,0,1133,-116,0,107,0,0
8,350,21.000000,10000.000000,1,0,2609075,1133,0,1133,-116,0,107,0,0
