8,700,21.000000,0.000000,1,0,2564225,611,0,611,0,0,103,4,0
8,700,21.000000,0.000000,1,0,2564225,611,0,611,0,0,103,4,0
8,700,21.000000,0.000000,1,0,2564228,611,0,611,0,0,103,4,0
8,700,21.000000,0.000000,1,0,2564231,611,0,611,0,0,103,4,0
8,700,21.000000,0.000000,1,0,2564234,611,0,611,0,0,103,4,0
8,700,21.000000,0.000000,1,0,2564236,611,0,611,0,0,103,4,0
8,700,21.000000,0.000000,1,0,2564239,611,0,611,0,0,103,4,0
8,700,21.000000,0.000000,1,0,2564242,611,0,611,0,0,103,4,0
8,700,21.000000,0.000000,1,0,2564245,611,0,611,0,0,103,4,0
8,700,21.000000,0.000000,1,0,2564248,611,0,611,0,0,103,4,0
8,700,21.000000,0.000000,1,0,2564250,611,0,611,0,0,103,4,0
8,700,21.000000,0.000000,1,0,2564253,611,0,611,0,0,103,4,0
8,700,21.000000,0.000000,1,0,2564256,611,0,611,0,0,103,4,0
8,700,21.000000,0.000000,1,0,2564259,611,0,611,0,0,103,4,0
8,700,21.000000,0.000000,1,0,2564261,611,0,611,0,0,103,4,0
8,700,21.000000,0.000000,1,0,2564264,611,0,611,0,0,103,4,0
8,700,21.000000,0.000000,1,0,2564267,611,0,611,0,0,103,4,0
8,700,21.000000,0.000000,1,0,2564270,611,0,611,0,0,103,4,0
8,700,21.000000,0.000000,1,0,2564273,611,0,611,0,0,103,4,0
8,700,21.000000,0.000000,1,0,2564275,611,0,611,0,0,103,4,0
8,700,21.000000,0.000000,1,0,2564278,611,0,611,0,0,103,4,0
8,700,21.000000,0.000000,1,0,2564281,611,0,611,0,0,103,4,0
8,700,21.000000,0.000000,1,0,2564284,611,0,611,0,0,103,4,0
8,700,21.000000,0.000000,1,0,2564286,611,0,611,0,0,103,4,0
8,700,21.000000,0.000000,1,0,2564289,611,0,611,0,0,103,4,0
8,700,21.000000,0.000000,1,0,2564292,611,0,611,0,0,103,4,0
8,700,21.000000,0.000000,1,0,2564295,611,0,611,0,0,103,4,0
8,700,21.000000,0.000000,1,0,2564297,611,0,611,0,0,103,4,0
8,700,21.000000,0.000000,1,0,2564300,611,0,611,0,0,103,4,0
8,700,21.000000,0.000000,1,0,2564303,611,0,611,0,0,103,4,0
8,700,21.000000,0.000000,1,0,2564306,611,0,611,0,0,103,4,0
8,700,21.000000,0.000000,1,0,2564309,612,0,612,0,0,103,4,0
8,700,21.000000,0.000000,1,0,2564311,613,1,613,1,0,103,4,0
8,700,21.000000,0.000000,1,0,2564314,615,2,615,2,0,103,4,0
8,700,21.000000,0.000000,1,0,2564317,616,3,616,3,0,103,4,0
8,700,21.000000,0.000000,1,0,2564319,617,3,617,3,0,103,4,0
8,700,21.000000,0.000000,1,0,2564322,619,3,619,3,0,103,4,0
8,700,21.000000,0.000000,1,0,2564325,621,4,621,4,0,103,4,0
8,700,21.000000,0.000000,1,0,2564328,623,5,623,5,0,103,4,0
8,700,21.000000,0.000000,1,0,2564331,625,6,625,6,0,103,4,0
8,700,21.000000,0.000000,1,0,2564333,627,7,627,7,0,103,4,0
8,700,21.000000,0.000000,1,0,2564336,630,8,630,8,0,103,4,0
8,700,21.000000,0.000000,1,0,2564339,634,10,634,10,0,103,4,0
8,700,21.000000,0.000000,1,0,2564342,640,13,640,13,0,103,4,0
8,700,21.000000,0.000000,1,0,2564345,645,14,645,14,0,103,4,0
8,700,21.000000,0.000000,1,0,2564347,651,15,651,15,0,103,4,0
8,700,21.000000,0.000000,1,0,2564350,656,17,656,17,0,103,4,0
8,700,21.000000,0.000000,1,0,2564353,662,19,662,19,0,103,4,0
8,700,21.000000,0.000000,1,0,2564356,669,21,669,21,0,103,4,0
8,700,21.000000,0.000000,1,0,2564358,673,22,673,22,0,103,4,0
8,700,21.000000,0.000000,1,0,2564361,686,25,686,25,0,103,4,0
8,700,21.000000,0.000000,1,0,2564364,694,26,694,26,0,103,4,0
8,700,21.000000,0.000000,1,0,2564367,711,29,711,29,0,103,4,0
8,700,21.000000,0.000000,1,0,2564370,721,30,721,30,0,103,4,0
8,700,21.000000,0.000000,1,0,2564372,733,32,733,32,0,103,4,0
8,700,21.000000,0.000000,1,0,2564375,743,33,743,33,0,103,4,0
8,700,21.000000,0.000000,1,0,2564378,754,35,754,35,0,103,4,0
8,700,21.000000,0.000000,1,0,2564381,764,36,764,36,0,103,4,0
8,700,21.000000,0.000000,1,0,2564384,767,37,767,37,0,103,4,0
8,700,21.000000,0.000000,1,0,2564386,775,38,775,38,0,103,4,0
8,700,21.000000,0.000000,1,0,2564389,791,39,791,39,0,103,4,0
8,700,21.000000,0.000000,1,0,2564392,798,40,798,40,0,103,4,0
8,700,21.000000,0.000000,1,0,2564395,807,40,807,40,0,103,4,0
8,700,21.000000,0.000000,1,0,2564397,822,41,822,41,0,103,4,0
8,700,21.000000,0.000000,1,0,2564400,830,41,830,41,0,103,4,0
8,700,21.000000,0.000000,1,0,2564403,845,42,845,42,0,103,4,0
8,700,21.000000,0.000000,1,0,2564406,858,43,858,43,0,103,4,0
8,700,21.000000,0.000000,1,0,2564408,864,43,864,43,0,103,4,0
8,700,21.000000,0.000000,1,0,2564411,875,43,875,43,0,103,4,0
8,700,21.000000,0.000000,1,0,2564414,879,43,879,43,0,103,4,0
8,700,21.000000,0.000000,1,0,2564417,895,43,895,43,0,103,4,0
8,700,21.000000,0.000000,1,0,2564420,903,44,903,44,0,103,4,0
8,700,21.000000,0.000000,1,0,2564422,914,44,914,44,0,103,4,0
8,700,21.000000,0.000000,1,0,2564425,919,44,919,44,0,103,4,0
8,700,21.000000,0.000000,1,0,2564428,932,45,932,45,0,103,4,0
8,700,21.000000,0.000000,1,0,2564431,943,45,943,45,0,103,4,0
8,700,21.000000,0.000000,1,0,2564433,953,45,953,45,0,103,4,0
8,700,21.000000,0.000000,1,0,2564437,959,45,959,45,0,103,4,0
8,700,21.000000,0.000000,1,0,2564439,973,45,973,45,0,103,4,0
8,700,21.000000,0.000000,1,0,2564442,986,45,986,45,0,103,4,0
8,700,21.000000,0.000000,1,0,2564445,995,45,995,45,0,103,4,0
8,700,21.000000,0.000000,1,0,2564448,1003,45,1003,45,0,103,4,0
8,700,21.000000,0.000000,1,0,2564451,1012,45,1012,45,0,103,4,0
8,700,21.000000,0.000000,1,0,2564453,1016,45,1016,45,0,103,4,0
8,700,21.000000,0.000000,1,0,2564456,1024,45,1024,45,0,103,4,0
8,700,21.000000,0.000000,1,0,2564459,1035,45,1035,45,0,103,4,0
8,700,21.000000,0.000000,1,0,2564462,1041,45,1041,45,0,103,4,0
8,700,21.000000,0.000000,1,0,2564464,1049,45,1049,45,0,103,4,0
8,700,21.000000,0.000000,1,0,2564467,1058,45,1058,45,0,103,4,0
8,700,21.000000,0.000000,1,0,2564470,1065,45,1065,45,0,103,4,0
8,700,21.000000,0.000000,1,0,2564473,1073,44,1073,44,0,103,4,0
8,700,21.000000,0.000000,1,0,2564475,1077,43,1077,43,0,103,4,0
8,700,21.000000,0.000000,1,0,2564478,1084,43,1084,43,0,103,4,0
8,700,21.000000,0.000000,1,0,2564481,1090,42,1090,42,0,103,4,0
8,700,21.000000,0.000000,1,0,2564484,1094,42,1094,42,0,103,4,0
8,700,21.000000,0.000000,1,0,2564487,1100,42,1100,42,0,103,4,0
8,700,21.000000,0.000000,1,0,2564489,1106,41,1106,41,0,103,4,0
8,700,21.000000,0.000000,1,0,2564492,1113,41,1113,41,0,103,4,0
8,700,21.000000,0.000000,1,0,2564495,1119,40,1119,40,0,103,4,0
8,700,21.000000,0.000000,1,0,2564498,1122,40,1122,40,0,103,4,0
8,700,21.000000,0.000000,1,0,2564500,1129,39,1129,39,0,103,4,0
8,700,21.000000,0.000000,1,0,2564503,1134,39,1134,39,0,103,4,0
8,700,21.000000,0.000000,1,0,2564506,1138,38,1138,38,0,103,4,0
8,700,21.000000,0.000000,1,0,2564509,1143,38,1143,38,0,103,4,0
8,700,21.000000,0.000000,1,0,2564511,1147,38,1147,38,0,103,4,0
8,700,21.000000,0.000000,1,0,2564514,1151,38,1151,38,0,103,4,0
8,700,21.000000,0.000000,1,0,2564517,1156,37,1156,37,0,103,4,0
8,700,21.000000,0.000000,1,0,2564520,1160,37,1160,37,0,103,4,0
8,700,21.000000,0.000000,1,0,2564523,1163,36,1163,36,0,103,4,0
8,700,21.000000,0.000000,1,0,2564525,1166,35,1166,35,0,103,4,0
8,700,21.000000,0.000000,1,0,2564528,1170,35,1170,35,0,103,4,0
8,700,21.000000,0.000000,1,0,2564531,1174,33,1174,33,0,103,4,0
8,700,21.000000,0.000000,1,0,2564534,1177,32,1177,32,0,103,4,0
8,700,21.000000,0.000000,1,0,2564536,1180,32,1180,32,0,103,4,0
8,700,21.000000,0.000000,1,0,2564539,1183,31,1183,31,0,103,4,0
8,700,21.000000,0.000000,1,0,2564542,1185,31,1185,31,0,103,4,0
8,700,21.000000,0.000000,1,0,2564545,1187,31,1187,31,0,103,4,0
8,700,21.000000,0.000000,1,0,2564548,1188,31,1188,31,0,103,4,0
8,700,21.000000,0.000000,1,0,2564550,1190,30,1190,30,0,103,4,0
8,700,21.000000,0.000000,1,0,2564553,1192,29,1192,29,0,103,4,0
8,700,21.000000,0.000000,1,0,2564556,1195,29,1195,29,0,103,4,0
8,700,21.000000,0.000000,1,0,2564559,1197,28,1197,28,0,103,4,0
8,700,21.000000,0.000000,1,0,2564561,1198,28,1198,28,0,103,4,0
8,700,21.000000,0.000000,1,0,2564564,1200,27,1200,27,0,103,4,0
8,700,21.000000,0.000000,1,0,2564567,1202,26,1202,26,0,103,4,0
8,700,21.000000,0.000000,1,0,2564570,1203,25,1203,25,0,103,4,0
8,700,21.000000,0.000000,1,0,2564573,1205,24,1205,24,0,103,4,0
8,700,21.000000,0.000000,1,0,2564575,1206,23,1206,23,0,103,4,0
8,700,21.000000,0.000000,1,0,2564578,1207,22,1207,22,0,103,4,0
8,700,21.000000,0.000000,1,0,2564581,1207,21,1207,21,0,103,4,0
8,700,21.000000,0.000000,1,0,2564584,1209,21,1209,21,0,103,4,0
8,700,21.000000,0.000000,1,0,2564586,1209,20,1209,20,0,103,4,0
8,700,21.000000,0.000000,1,0,2564589,1209,19,1209,19,0,103,4,0
8,700,21.000000,0.000000,1,0,2564592,1209,18,1209,18,0,103,4,0
8,700,21.000000,0.000000,1,0,2564595,1210,17,1210,17,0,103,4,0
8,700,21.000000,0.000000,1,0,2564597,1211,16,1211,16,0,103,4,0
8,700,21.000000,0.000000,1,0,2564600,1212,15,1212,15,0,103,4,0
8,700,21.000000,0.000000,1,0,2564603,1213,14,1213,14,0,103,4,0
8,700,21.000000,0.000000,1,0,2564606,1214,13,1214,13,0,103,4,0
8,700,21.000000,0.000000,1,0,2564609,1214,12,1214,12,0,103,4,0
8,700,21.000000,0.000000,1,0,2564612,1215,11,1215,11,0,103,4,0
8,700,21.000000,0.000000,1,0,2564614,1215,10,1215,10,0,103,4,0
8,700,21.000000,0.000000,1,0,2564617,1215,9,1215,9,0,103,4,0
8,700,21.000000,0.000000,1,0,2564620,1215,8,1215,8,0,103,4,0
8,700,21.000000,0.000000,1,0,2564622,1215,7,1215,7,0,103,4,0
8,700,21.000000,0.000000,1,0,2564625,1216,6,1216,6,0,103,4,0
8,700,21.000000,0.000000,1,0,2564628,1216,5,1216,5,0,103,4,0
8,700,21.000000,0.000000,1,0,2564631,1216,4,1216,4,0,103,4,0
8,700,21.000000,0.000000,1,0,2564634,1217,4,1217,4,0,103,4,0
8,700,21.000000,0.000000,1,0,2564636,1218,3,1218,3,0,103,4,0
8,700,21.000000,0.000000,1,0,2564639,1219,3,1219,3,0,103,4,0
8,700,21.000000,0.000000,1,0,2564642,1219,2,1219,2,0,103,4,0
8,700,21.000000,0.000000,1,0,2564645,1220,2,1220,2,0,103,4,0
8,700,21.000000,0.000000,1,0,2564647,1221,2,1221,2,0,103,4,0
8,700,21.000000,0.000000,1,0,2564650,1222,1,1222,1,0,103,4,0
8,700,21.000000,0.000000,1,0,2564653,1223,0,1223,0,0,103,4,0
8,700,21.000000,0.000000,1,0,2564656,1224,0,1224,-1,0,103,4,0
8,700,21.000000,0.000000,1,0,2564659,1225,0,1225,-1,0,103,4,0
8,700,21.000000,0.000000,1,0,2564662,1225,0,1225,-2,0,103,4,0
8,700,21.000000,0.000000,1,0,2564664,1226,0,1226,-3,0,103,4,0
8,700,21.000000,0.000000,1,0,2564667,1227,0,1227,-3,0,103,4,0
8,700,21.000000,0.000000,1,0,2564670,1228,0,1228,-4,0,103,4,0
8,700,21.000000,0.000000,1,0,2564672,1230,0,1230,-5,0,103,4,0
8,700,21.000000,0.000000,1,0,2564675,1231,0,1231,-5,0,103,4,0
8,700,21.000000,0.000000,1,0,2564678,1232,0,1232,-6,0,103,4,0
8,700,21.000000,0.000000,1,0,2564681,1233,0,1233,-7,0,103,4,0
8,700,21.000000,0.000000,1,0,2564683,1234,0,1234,-8,0,103,4,0
8,700,21.000000,0.000000,1,0,2564687,1235,0,1235,-8,0,103,4,0
8,700,21.000000,0.000000,1,0,2564689,1236,0,1236,-8,0,103,4,0
8,700,21.000000,0.000000,1,0,2564692,1237,0,1237,-8,0,103,4,0
8,700,21.000000,0.000000,1,0,2564695,1238,0,1238,-8,0,103,4,0
8,700,21.000000,0.000000,1,0,2564698,1240,0,1240,-8,0,103,4,0
8,700,21.000000,0.000000,1,0,2564700,1241,0,1241,-8,0,103,4,0
8,700,21.000000,0.000000,1,0,2564703,1242,0,1242,-8,0,103,4,0
8,700,21.000000,0.000000,1,0,2564706,1244,0,1244,-8,0,103,4,0
8,700,21.000000,0.000000,1,0,2564709,1245,0,1245,-8,0,103,4,0
8,700,21.000000,0.000000,1,0,2564712,1246,0,1246,-8,0,103,4,0
8,700,21.000000,0.000000,1,0,2564714,1247,0,1247,-9,0,103,4,0
8,700,21.000000,0.000000,1,0,2564717,1248,0,1248,-9,0,103,4,0
8,700,21.000000,0.000000,1,0,2564720,1249,0,1249,-9,0,103,4,0
8,700,21.000000,0.000000,1,0,2564723,1250,0,1250,-9,0,103,4,0
8,700,21.000000,0.000000,1,0,2564726,1251,0,1251,-9,0,103,4,0
8,700,21.000000,0.000000,1,0,2564728,1252,0,1252,-9,0,103,4,0
8,700,21.000000,0.000000,1,0,2564731,1253,0,1253,-9,0,103,4,0
8,700,21.000000,0.000000,1,0,2564734,1254,0,1254,-9,0,103,4,0
8,700,21.000000,0.000000,1,0,2564737,1256,0,1256,-9,0,103,4,0
8,700,21.000000,0.000000,1,0,2564740,1258,0,1258,-9,0,103,4,0
8,700,21.000000,0.000000,1,0,2564742,1260,0,1260,-9,0,103,4,0
8,700,21.000000,0.000000,1,0,2564745,1261,0,1261,-9,0,103,4,0
8,700,21.000000,0.000000,1,0,2564748,1263,1,1263,-8,0,103,4,0
8,700,21.000000,0.000000,1,0,2564751,1264,1,1264,-8,0,103,4,0
8,700,21.000000,0.000000,1,0,2564753,1265,1,1265,-8,0,103,4,0
8,700,21.000000,0.000000,1,0,2564756,1267,2,1267,-7,0,103,4,0
8,700,21.000000,0.000000,1,0,2564759,1268,3,1268,-6,0,103,4,0
8,700,21.000000,0.000000,1,0,2564762,1270,3,1270,-6,0,103,4,0
8,700,21.000000,0.000000,1,0,2564765,1271,3,1271,-6,0,103,4,0
8,700,21.000000,0.000000,1,0,2564767,1272,4,1272,-5,0,103,4,0
8,700,21.000000,0.000000,1,0,2564770,1273,4,1273,-5,0,103,4,0
8,700,21.000000,0.000000,1,0,2564773,1275,4,1275,-5,0,103,4,0
8,700,21.000000,0.000000,1,0,2564776,1276,4,1276,-5,0,103,4,0
8,700,21.000000,0.000000,1,0,2564778,1277,5,1277,-4,0,103,4,0
8,700,21.000000,0.000000,1,0,2564781,1279,5,1279,-4,0,103,4,0
8,700,21.000000,0.000000,1,0,2564784,1280,6,1280,-3,0,103,4,0
8,700,21.000000,0.000000,1,0,2564787,1282,7,1282,-2,0,103,4,0
8,700,21.000000,0.000000,1,0,2564790,1284,8,1284,-1,0,103,4,0
8,700,21.000000,0.000000,1,0,2564792,1286,8,1286,-1,0,103,4,0
8,700,21.000000,0.000000,1,0,2564795,1287,9,1287,0,0,103,4,0
8,700,21.000000,0.000000,1,0,2564798,1289,10,1289,1,0,103,4,0
8,700,21.000000,0.000000,1,0,2564801,1291,10,1291,1,0,103,4,0
8,700,21.000000,0.000000,1,0,2564803,1292,11,1292,2,0,103,4,0
8,700,21.000000,0.000000,1,0,2564806,1293,11,1293,2,0,103,4,0
8,700,21.000000,0.000000,1,0,2564809,1294,12,1294,3,0,103,4,0
8,700,21.000000,0.000000,1,0,2564812,1296,12,1296,3,0,103,4,0
8,700,21.000000,0.000000,1,0,2564815,1297,13,1297,4,0,103,4,0
8,700,21.000000,0.000000,1,0,2564817,1299,14,1299,5,0,103,4,0
8,700,21.000000,0.000000,1,0,2564820,1300,14,1300,5,0,103,4,0
8,700,21.000000,0.000000,1,0,2564823,1301,15,1301,6,0,103,4,0
8,700,21.000000,0.000000,1,0,2564825,1302,15,1302,6,0,103,4,0
8,700,21.000000,0.000000,1,0,2564828,1304,16,1304,7,0,103,4,0
8,700,21.000000,0.000000,1,0,2564831,1305,16,1305,7,0,103,4,0
8,700,21.000000,0.000000,1,0,2564834,1306,17,1306,8,0,103,4,0
8,700,21.000000,0.000000,1,0,2564836,1308,18,1308,9,0,103,4,0
8,700,21.000000,0.000000,1,0,2564839,1310,18,1310,9,0,103,4,0
8,700,21.000000,0.000000,1,0,2564842,1313,18,1313,9,0,103,4,0
8,700,21.000000,0.000000,1,0,2564845,1315,19,1315,10,0,103,4,0
8,700,21.000000,0.000000,1,0,2564848,1317,19,1317,10,0,103,4,0
8,700,21.000000,0.000000,1,0,2564850,1319,19,1319,10,0,103,4,0
8,700,21.000000,0.000000,1,0,2564853,1320,19,1320,10,0,103,4,0
8,700,21.000000,0.000000,1,0,2564856,1321,20,1321,11,0,103,4,0
8,700,21.000000,0.000000,1,0,2564859,1323,20,1323,11,0,103,4,0
8,700,21.000000,0.000000,1,0,2564861,1324,20,1324,11,0,103,4,0
8,700,21.000000,0.000000,1,0,2564864,1326,20,1326,11,0,103,4,0
8,700,21.000000,0.000000,1,0,2564867,1327,20,1327,11,0,103,4,0
8,700,21.000000,0.000000,1,0,2564870,1328,20,1328,11,0,103,4,0
8,700,21.000000,0.000000,1,0,2564873,1329,20,1329,11,0,103,4,0
8,700,21.000000,0.000000,1,0,2564875,1330,20,1330,11,0,103,4,0
8,700,21.000000,0.000000,1,0,2564878,1331,20,1331,11,0,103,4,0
8,700,21.000000,0.000000,1,0,2564881,1331,20,1331,11,0,103,4,0
8,700,21.000000,0.000000,1,0,2564884,1332,20,1332,11,0,103,4,0
8,700,21.000000,0.000000,1,0,2564887,1333,20,1333,11,0,103,4,0
8,700,21.000000,0.000000,1,0,2564890,1333,20,1333,11,0,103,4,0
8,700,21.000000,0.000000,1,0,2564892,1333,20,1333,11,0,103,4,0
8,700,21.000000,0.000000,1,0,2564895,1333,20,1333,11,0,103,4,0
8,700,21.000000,0.000000,1,0,2564898,1333,20,1333,11,0,103,4,0
8,700,21.000000,0.000000,1,0,2564900,1333,20,1333,11,0,103,4,0
8,700,21.000000,0.000000,1,0,2564903,1333,20,1333,11,0,103,4,0
8,700,21.000000,0.000000,1,0,2564906,1333,20,1333,11,0,103,4,0
8,700,21.000000,0.000000,1,0,2564909,1333,20,1333,11,0,103,4,0
8,700,21.000000,0.000000,1,0,2564912,1333,20,1333,11,0,103,4,0
8,700,21.000000,0.000000,1,0,2564914,1333,20,1333,11,0,103,4,0
8,700,21.000000,0.000000,1,0,2564917,1333,20,1333,11,0,103,4,0
8,700,21.000000,0.000000,1,0,2564920,1333,20,1333,11,0,103,4,0
8,700,21.000000,0.000000,1,0,2564923,1333,20,1333,11,0,103,4,0
8,700,21.000000,0.000000,1,0,2564926,1333,20,1333,11,0,103,4,0
8,700,21.000000,0.000000,1,0,2564928,1333,20,1333,11,0,103,4,0
8,700,21.000000,0.000000,1,0,2564931,1333,20,1333,11,0,103,4,0
8,700,21.000000,0.000000,1,0,2564934,1333,20,1333,11,0,103,4,0
8,700,21.000000,0.000000,1,0,2564937,1333,20,1333,11,0,103,4,0
8,700,21.000000,0.000000,1,0,2564939,1333,20,1333,11,0,103,4,0
8,700,21.000000,0.000000,1,0,2564942,1333,20,1333,11,0,103,4,0
8,700,21.000000,0.000000,1,0,2564945,1333,20,1333,11,0,103,4,0
8,700,21.000000,0.000000,1,0,2564948,1333,20,1333,11,0,103,4,0
8,700,21.000000,0.000000,1,0,2564950,1333,20,1333,11,0,103,4,0
8,700,21.000000,0.000000,1,0,2564953,1333,20,1333,11,0,103,4,0
8,700,21.000000,0.000000,1,0,2564956,1334,20,1334,11,0,103,4,0
8,700,21.000000,0.000000,1,0,2564959,1335,20,1335,11,0,103,4,0
8,700,21.000000,0.000000,1,0,2564962,1335,20,1335,11,0,103,4,0
8,700,21.000000,0.000000,1,0,2564964,1335,20,1335,11,0,103,4,0
8,700,21.000000,0.000000,1,0,2564967,1335,20,1335,11,0,103,4,0
8,700,21.000000,0.000000,1,0,2564970,1335,20,1335,11,0,103,4,0
8,700,21.000000,0.000000,1,0,2564973,1335,20,1335,11,0,103,4,0
8,700,21.000000,0.000000,1,0,2564976,1335,20,1335,11,0,103,4,0
8,700,21.000000,0.000000,1,0,2564978,1335,20,1335,11,0,103,4,0
8,700,21.000000,0.000000,1,0,2564981,1335,20,1335,11,0,103,4,0
8,700,21.000000,0.000000,1,0,2564984,1335,19,1335,10,0,103,4,0
8,700,21.000000,0.000000,1,0,2564987,1335,18,1335,9,0,103,4,0
8,700,21.000000,0.000000,1,0,2564989,1335,18,1335,9,0,103,4,0
8,700,21.000000,0.000000,1,0,2564992,1335,18,1335,9,0,103,4,0
8,700,21.000000,0.000000,1,0,2564995,1335,17,1335,8,0,103,4,0
8,700,21.000000,0.000000,1,0,2564998,1335,16,1335,7,0,103,4,0
8,700,21.000000,0.000000,1,0,2565000,1335,15,1335,6,0,103,4,0
8,700,21.000000,0.000000,1,0,2565003,1335,14,1335,5,0,103,4,0
8,700,21.000000,0.000000,1,0,2565006,1335,14,1335,5,0,103,4,0
8,700,21.000000,0.000000,1,0,2565009,1334,13,1334,4,0,103,4,0
8,700,21.000000,0.000000,1,0,2565012,1333,12,1333,3,0,103,4,0
8,700,21.000000,0.000000,1,0,2565014,1332,12,1332,3,0,103,4,0
8,700,21.000000,0.000000,1,0,2565017,1332,11,1332,2,0,103,4,0
8,700,21.000000,0.000000,1,0,2565020,1331,11,1331,2,0,103,4,0
8,700,21.000000,0.000000,1,0,2565023,1330,11,1330,2,0,103,4,0
8,700,21.000000,0.000000,1,0,2565025,1330,10,1330,1,0,103,4,0
8,700,21.000000,0.000000,1,0,2565028,1330,9,1330,0,0,103,4,0
8,700,21.000000,0.000000,1,0,2565031,1330,8,1330,-1,0,103,4,0
8,700,21.000000,0.000000,1,0,2565034,1329,8,1329,-1,0,103,4,0
8,700,21.000000,0.000000,1,0,2565037,1328,8,1328,-1,0,103,4,0
8,700,21.000000,0.000000,1,0,2565039,1327,7,1327,-2,0,103,4,0
8,700,21.000000,0.000000,1,0,2565042,1327,7,1327,-2,0,103,4,0
8,700,21.000000,0.000000,1,0,2565045,1326,7,1326,-2,0,103,4,0
8,700,21.000000,0.000000,1,0,2565048,1326,6,1326,-3,0,103,4,0
8,700,21.000000,0.000000,1,0,2565051,1326,5,1326,-4,0,103,4,0
8,700,21.000000,0.000000,1,0,2565053,1325,5,1325,-4,0,103,4,0
8,700,21.000000,0.000000,1,0,2565056,1325,4,1325,-5,0,103,4,0
8,700,21.000000,0.000000,1,0,2565059,1325,3,1325,-6,0,103,4,0
8,700,21.000000,0.000000,1,0,2565062,1325,3,1325,-6,0,103,4,0
8,700,21.000000,0.000000,1,0,2565064,1324,2,1324,-7,0,103,4,0
8,700,21.000000,0.000000,1,0,2565067,1324,2,1324,-7,0,103,4,0
8,700,21.000000,0.000000,1,0,2565070,1323,2,1323,-7,0,103,4,0
8,700,21.000000,0.000000,1,0,2565073,1323,2,1323,-7,0,103,4,0
8,700,21.000000,0.000000,1,0,2565075,1323,1,1323,-8,0,103,4,0
8,700,21.000000,0.000000,1,0,2565078,1322,1,1322,-8,0,103,4,0
8,700,21.000000,0.000000,1,0,2565081,1321,1,1321,-8,0,103,4,0
8,700,21.000000,0.000000,1,0,2565084,1321,0,1321,-9,0,103,4,0
8,700,21.000000,0.000000,1,0,2565087,1321,0,1321,-10,0,103,4,0
8,700,21.000000,0.000000,1,0,2565090,1320,0,1320,-10,0,103,4,0
8,700,21.000000,0.000000,1,0,2565092,1319,0,1319,-10,0,103,4,0
8,700,21.000000,0.000000,1,0,2565095,1319,0,1319,-10,0,103,4,0
8,700,21.000000,0.000000,1,0,2565098,1318,0,1318,-10,0,103,4,0
8,700,21.000000,0.000000,1,0,2565101,1317,0,1317,-10,0,103,4,0
8,700,21.000000,0.000000,1,0,2565104,1316,0,1316,-10,0,103,4,0
8,700,21.000000,0.000000,1,0,2565106,1316,0,1316,-10,0,103,4,0
8,700,21.000000,0.000000,1,0,2565109,1316,0,1316,-11,0,103,4,0
8,700,21.000000,0.000000,1,0,2565112,1315,0,1315,-11,0,103,4,0
8,700,21.000000,0.000000,1,0,2565115,1315,0,1315,-12,0,103,4,0
8,700,21.000000,0.000000,1,0,2565117,1315,0,1315,-13,0,103,4,0
8,700,21.000000,0.000000,1,0,2565120,1314,0,1314,-13,0,103,4,0
8,700,21.000000,0.000000,1,0,2565123,1313,0,1313,-13,0,103,4,0
8,700,21.000000,0.000000,1,0,2565126,1313,0,1313,-13,0,103,4,0
8,700,21.000000,0.000000,1,0,2565128,1313,0,1313,-13,0,103,4,0
8,700,21.000000,0.000000,1,0,2565131,1312,0,1312,-13,0,103,4,0
8,700,21.000000,0.000000,1,0,2565134,1311,0,1311,-13,0,103,4,0
8,700,21.000000,0.000000,1,0,2565137,1311,0,1311,-13,0,103,4,0
8,700,21.000000,0.000000,1,0,2565140,1311,0,1311,-13,0,103,4,0
8,700,21.000000,0.000000,1,0,2565142,1310,0,1310,-13,0,103,4,0
8,700,21.000000,0.000000,1,0,2565145,1309,0,1309,-13,0,103,4,0
8,700,21.000000,0.000000,1,0,2565148,1309,0,1309,-13,0,103,4,0
8,700,21.000000,0.000000,1,0,2565151,1309,0,1309,-13,0,103,4,0
8,700,21.000000,0.000000,1,0,2565153,1309,0,1309,-13,0,103,4,0
8,700,21.000000,0.000000,1,0,2565156,1309,0,1309,-13,0,103,4,0
8,700,21.000000,0.000000,1,0,2565159,1309,0,1309,-13,0,103,4,0
8,700,21.000000,0.000000,1,0,2565162,1309,0,1309,-13,0,103,4,0
8,700,21.000000,0.000000,1,0,2565165,1309,0,1309,-13,0,103,4,0
8,700,21.000000,0.000000,1,0,2565167,1309,0,1309,-13,0,103,4,0
8,700,21.000000,0.000000,1,0,2565170,1309,0,1309,-13,0,103,4,0
8,700,21.000000,0.000000,1,0,2565173,1309,0,1309,-13,0,103,4,0
8,700,21.000000,0.000000,1,0,2565176,1309,0,1309,-14,0,103,4,0
8,700,21.000000,0.000000,1,0,2565178,1309,0,1309,-15,0,103,4,0
8,700,21.000000,0.000000,1,0,2565181,1309,0,1309,-15,0,103,4,0
8,700,21.000000,0.000000,1,0,2565184,1309,0,1309,-15,0,103,4,0
8,700,21.000000,0.000000,1,0,2565187,1309,0,1309,-15,0,103,4,0
8,700,21.000000,0.000000,1,0,2565190,1309,0,1309,-15,0,103,4,0
8,700,21.000000,0.000000,1,0,2565192,1309,0,1309,-15,0,103,4,0
8,700,21.000000,0.000000,1,0,2565195,1309,0,1309,-15,0,103,4,0
8,700,21.000000,0.000000,1,0,2565198,1309,0,1309,-15,0,103,4,0
8,700,21.000000,0.000000,1,0,2565201,1309,0,1309,-15,0,103,4,0
8,700,21.000000,0.000000,1,0,2565204,1309,0,1309,-15,0,103,4,0
8,700,21.000000,0.000000,1,0,2565206,1309,0,1309,-15,0,103,4,0
8,700,21.000000,0.000000,1,0,2565209,1309,0,1309,-15,0,103,4,0
8,700,21.000000,0.000000,1,0,2565212,1309,0,1309,-15,0,103,4,0
8,700,21.000000,0.000000,1,0,2565215,1309,0,1309,-15,0,103,4,0
8,700,21.000000,0.000000,1,0,2565218,1309,0,1309,-15,0,103,4,0
8,700,21.000000,0.000000,1,0,2565220,1309,0,1309,-15,0,103,4,0
8,700,21.000000,0.000000,1,0,2565223,1309,0,1309,-15,0,103,4,0
8,700,21.000000,0.000000,1,0,2565226,1309,0,1309,-15,0,103,4,0
8,700,21.000000,0.000000,1,0,2565229,1309,0,1309,-15,0,103,4,0
8,700,21.000000,0.000000,1,0,2565231,1309,0,1309,-15,0,103,4,0
8,700,21.000000,0.000000,1,0,2565234,1309,0,1309,-15,0,103,4,0
8,700,21.000000,0.000000,1,0,2565237,1309,0,1309,-15,0,103,4,0
8,700,21.000000,0.000000,1,0,2565240,1309,0,1309,-15,0,103,4,0
8,700,21.000000,0.000000,1,0,2565243,1309,0,1309,-15,0,103,4,0
8,700,21.000000,0.000000,1,0,2565245,1309,0,1309,-15,0,103,4,0
8,700,21.000000,0.000000,1,0,2565248,1309,0,1309,-15,0,103,4,0
8,700,21.000000,0.000000,1,0,2565251,1309,0,1309,-15,0,103,4,0
8,700,21.000000,0.000000,1,0,2565264,1309,0,1309,-15,0,103,4,0
