8,350,21.000000,0.000000,0,5,1223218,789,0,789,0,0,17,1,0
8,350,21.000000,0.000000,0,5,1223219,789,0,789,0,0,17,1,0
8,350,21.000000,0.000000,0,5,1223221,789,0,789,0,0,17,1,0
8,350,21.000000,0.000000,0,5,1223224,789,0,789,0,0,17,1,0
8,350,21.000000,0.000000,0,5,1223227,789,0,789,0,0,17,1,0
8,350,21.000000,0.000000,0,5,1223230,789,0,789,0,0,17,1,0
8,350,21.000000,0.000000,0,5,1223233,789,0,789,0,0,17,1,0
8,350,21.000000,0.000000,0,5,1223235,789,0,789,0,0,17,1,0
8,350,21.000000,0.000000,0,5,1223238,789,0,789,0,0,17,1,0
8,350,21.000000,0.000000,0,5,1223241,789,0,789,0,0,17,1,0
8,350,21.000000,0.000000,0,5,1223244,789,0,789,0,0,17,1,0
8,350,21.000000,0.000000,0,5,1223246,789,0,789,0,0,17,1,0
8,350,21.000000,0.000000,0,5,1223249,789,0,789,0,0,17,1,0
8,350,21.000000,0.000000,0,5,1223252,789,0,789,0,0,17,1,0
8,350,21.000000,0.000000,0,5,1223255,789,0,789,0,0,17,1,0
8,350,21.000000,0.000000,0,5,1223258,789,0,789,0,0,17,1,0
8,350,21.000000,0.000000,0,5,1223260,789,0,789,0,0,17,1,0
8,350,21.000000,0.000000,0,5,1223263,789,0,789,0,0,17,1,0
8,350,21.000000,0.000000,0,5,1223266,789,0,789,0,0,17,1,0
8,350,21.000000,0.000000,0,5,1223269,789,0,789,0,0,17,1,0
8,350,21.000000,0.000000,0,5,1223271,789,0,789,0,0,17,1,0
8,350,21.000000,0.000000,0,5,1223274,789,0,789,0,0,17,1,0
8,350,21.000000,0.000000,0,5,1223277,789,0,789,0,0,17,1,0
8,350,21.000000,0.000000,0,5,1223280,789,0,789,0,0,17,1,0
8,350,21.000000,0.000000,0,5,1223283,789,0,789,0,0,17,1,0
8,350,21.000000,0.000000,0,5,1223285,789,0,789,0,0,17,1,0
8,350,21.000000,0.000000,0,5,1223288,789,0,789,0,0,17,1,0
8,350,21.000000,0.000000,0,5,1223291,789,0,789,0,0,17,1,0
8,350,21.000000,0.000000,0,5,1223294,789,0,789,0,0,17,1,0
8,350,21.000000,0.000000,0,5,1223297,789,0,789,0,0,17,1,0
8,350,21.000000,0.000000,0,5,1223299,789,0,789,0,0,17,1,0
8,350,21.000000,0.000000,0,5,1223302,789,0,789,0,0,17,1,0
8,350,21.000000,0.000000,0,5,1223305,790,0,790,0,0,17,1,0
8,350,21.000000,0.000000,0,5,1223308,792,0,792,-1,0,17,1,0
8,350,21.000000,0.000000,0,5,1223310,794,0,794,-2,0,17,1,0
8,350,21.000000,0.000000,0,5,1223313,795,0,795,-2,0,17,1,0
8,350,21.000000,0.000000,0,5,1223316,796,0,796,-2,0,17,1,0
8,350,21.000000,0.000000,0,5,1223319,797,0,797,-2,0,17,1,0
8,350,21.000000,0.000000,0,5,1223322,801,0,801,-3,0,17,1,0
8,350,21.000000,0.000000,0,5,1223324,802,0,802,-3,0,17,1,0
8,350,21.000000,0.000000,0,5,1223327,804,0,804,-4,0,17,1,0
8,350,21.000000,0.000000,0,5,1223330,807,0,807,-4,0,17,1,0
8,350,21.000000,0.000000,0,5,1223333,810,0,810,-5,0,17,1,0
8,350,21.000000,0.000000,0,5,1223335,813,0,813,-6,0,17,1,0
8,350,21.000000,0.000000,0,5,1223338,816,0,816,-7,0,17,1,0
8,350,21.000000,0.000000,0,5,1223341,820,0,820,-8,0,17,1,0
8,350,21.000000,0.000000,0,5,1223344,823,0,823,-9,0,17,1,0
8,350,21.000000,0.000000,0,5,1223347,828,0,828,-10,0,17,1,0
8,350,21.000000,0.000000,0,5,1223349,830,0,830,-11,0,17,1,0
8,350,21.000000,0.000000,0,5,1223352,834,0,834,-12,0,17,1,0
8,350,21.000000,0.000000,0,5,1223355,838,0,838,-13,0,17,1,0
8,350,21.000000,0.000000,0,5,1223358,843,0,843,-14,0,17,1,0
8,350,21.000000,0.000000,0,5,1223361,848,0,848,-15,0,17,1,0
8,350,21.000000,0.000000,0,5,1223364,853,0,853,-15,0,17,1,0
8,350,21.000000,0.000000,0,5,1223366,860,0,860,-17,0,17,1,0
8,350,21.000000,0.000000,0,5,1223369,867,0,867,-18,0,17,1,0
8,350,21.000000,0.000000,0,5,1223372,873,0,873,-19,0,17,1,0
8,350,21.000000,0.000000,0,5,1223374,875,0,875,-19,0,17,1,0
8,350,21.000000,0.000000,0,5,1223377,880,0,880,-20,0,17,1,0
8,350,21.000000,0.000000,0,5,1223380,886,0,886,-21,0,17,1,0
8,350,21.000000,0.000000,0,5,1223383,890,0,890,-22,0,17,1,0
8,350,21.000000,0.000000,0,5,1223385,895,0,895,-23,0,17,1,0
8,350,21.000000,0.000000,0,5,1223388,903,0,903,-24,0,17,1,0
8,350,21.000000,0.000000,0,5,1223391,909,0,909,-25,0,17,1,0
8,350,21.000000,0.000000,0,5,1223394,915,0,915,-26,0,17,1,0
8,350,21.000000,0.000000,0,5,1223397,921,0,921,-26,0,17,1,0
8,350,21.000000,0.000000,0,5,1223399,926,0,926,-27,0,17,1,0
8,350,21.000000,0.000000,0,5,1223402,931,0,931,-28,0,17,1,0
8,350,21.000000,0.000000,0,5,1223405,937,0,937,-28,0,17,1,0
8,350,21.000000,0.000000,0,5,1223408,941,0,941,-28,0,17,1,0
8,350,21.000000,0.000000,0,5,1223411,947,0,947,-29,0,17,1,0
8,350,21.000000,0.000000,0,5,1223413,951,0,951,-30,0,17,1,0
8,350,21.000000,0.000000,0,5,1223416,955,0,955,-30,0,17,1,0
8,350,21.000000,0.000000,0,5,1223419,959,0,959,-30,0,17,1,0
8,350,21.000000,0.000000,0,5,1223422,962,0,962,-30,0,17,1,0
8,350,21.000000,0.000000,0,5,1223424,966,0,966,-30,0,17,1,0
8,350,21.000000,0.000000,0,5,1223427,970,0,970,-30,0,17,1,0
8,350,21.000000,0.000000,0,5,1223430,973,0,973,-31,0,17,1,0
8,350,21.000000,0.000000,0,5,1223433,977,0,977,-31,0,17,1,0
8,350,21.000000,0.000000,0,5,1223435,980,0,980,-32,0,17,1,0
8,350,21.000000,0.000000,0,5,1223438,982,0,982,-32,0,17,1,0
8,350,21.000000,0.000000,0,5,1223441,986,0,986,-32,0,17,1,0
8,350,21.000000,0.000000,0,5,1223444,989,0,989,-32,0,17,1,0
8,350,21.000000,0.000000,0,5,1223447,993,0,993,-32,0,17,1,0
8,350,21.000000,0.000000,0,5,1223450,995,0,995,-32,0,17,1,0
8,350,21.000000,0.000000,0,5,1223452,1126,0,997,-32,0,17,1,0
8,350,21.000000,0.000000,0,5,1223455,1130,0,1001,-32,0,17,1,0
8,350,21.000000,0.000000,0,5,1223458,1132,0,1003,-32,0,17,1,0
8,350,21.000000,0.000000,0,5,1223461,1135,0,1006,-33,0,17,1,0
8,350,21.000000,0.000000,0,5,1223463,1138,0,1009,-33,0,17,1,0
8,350,21.000000,0.000000,0,5,1223466,1142,0,1013,-33,0,17,1,0
8,350,21.000000,0.000000,0,5,1223469,1144,0,1015,-33,0,17,1,0
8,350,21.000000,0.000000,0,5,1223472,1146,0,1017,-33,0,17,1,0
8,350,21.000000,0.000000,0,5,1223475,1149,0,1020,-33,0,17,1,0
8,350,21.000000,0.000000,0,5,1223477,1152,0,1023,-33,0,17,1,0
8,350,21.000000,0.000000,0,5,1223480,1154,0,1025,-33,0,17,1,0
8,350,21.000000,0.000000,0,5,1223483,1156,0,1027,-33,0,17,1,0
8,350,21.000000,0.000000,0,5,1223486,1158,0,1029,-33,0,17,1,0
8,350,21.000000,0.000000,0,5,1223488,1159,0,1030,-33,0,17,1,0
8,350,21.000000,0.000000,0,5,1223491,1160,0,1031,-33,0,17,1,0
8,350,21.000000,0.000000,0,5,1223494,1162,0,1033,-33,0,17,1,0
8,350,21.000000,0.000000,0,5,1223497,1164,0,1035,-33,0,17,1,0
8,350,21.000000,0.000000,0,5,1223500,1165,0,1036,-33,0,17,1,0
8,350,21.000000,0.000000,0,5,1223502,1166,0,1037,-33,0,17,1,0
8,350,21.000000,0.000000,0,5,1223505,1167,0,1038,-33,0,17,1,0
8,350,21.000000,0.000000,0,5,1223508,1169,0,1040,-34,0,17,1,0
8,350,21.000000,0.000000,0,5,1223511,1170,0,1041,-34,0,17,1,0
8,350,21.000000,0.000000,0,5,1223513,1171,0,1042,-34,0,17,1,0
8,350,21.000000,0.000000,0,5,1223516,1173,0,1044,-34,0,17,1,0
8,350,21.000000,0.000000,0,5,1223519,1174,0,1045,-34,0,17,1,0
8,350,21.000000,0.000000,0,5,1223522,1175,0,1046,-34,0,17,1,0
8,350,21.000000,0.000000,0,5,1223525,1176,0,1047,-34,0,17,1,0
8,350,21.000000,0.000000,0,5,1223527,1177,0,1048,-34,0,17,1,0
8,350,21.000000,0.000000,0,5,1223530,1178,0,1049,-34,0,17,1,0
8,350,21.000000,0.000000,0,5,1223533,1179,0,1050,-34,0,17,1,0
8,350,21.000000,0.000000,0,5,1223536,1179,0,1050,-34,0,17,1,0
8,350,21.000000,0.000000,0,5,1223538,1180,0,1051,-34,0,17,1,0
8,350,21.000000,0.000000,0,5,1223541,1181,0,1052,-34,0,17,1,0
8,350,21.000000,0.000000,0,5,1223544,1181,0,1052,-34,0,17,1,0
8,350,21.000000,0.000000,0,5,1223547,1182,0,1053,-34,0,17,1,0
8,350,21.000000,0.000000,0,5,1223550,1183,0,1054,-34,0,17,1,0
8,350,21.000000,0.000000,0,5,1223552,1183,0,1054,-34,0,17,1,0
8,350,21.000000,0.000000,0,5,1223555,1183,0,1054,-34,0,17,1,0
8,350,21.000000,0.000000,0,5,1223558,1184,0,1055,-34,0,17,1,0
8,350,21.000000,0.000000,0,5,1223561,1185,0,1056,-34,0,17,1,0
8,350,21.000000,0.000000,0,5,1223564,1186,0,1057,-34,0,17,1,0
8,350,21.000000,0.000000,0,5,1223566,1186,0,1057,-34,0,17,1,0
8,350,21.000000,0.000000,0,5,1223569,1186,0,1057,-34,0,17,1,0
8,350,21.000000,0.000000,0,5,1223572,1186,0,1057,-34,0,17,1,0
8,350,21.000000,0.000000,0,5,1223575,1186,0,1057,-34,0,17,1,0
8,350,21.000000,0.000000,0,5,1223577,1187,0,1058,-34,0,17,1,0
8,350,21.000000,0.000000,0,5,1223580,1187,0,1058,-34,0,17,1,0
8,350,21.000000,0.000000,0,5,1223583,1187,0,1058,-34,0,17,1,0
8,350,21.000000,0.000000,0,5,1223586,1187,0,1058,-34,0,17,1,0
8,350,21.000000,0.000000,0,5,1223588,1187,0,1058,-34,0,17,1,0
8,350,21.000000,0.000000,0,5,1223591,1187,0,1058,-34,0,17,1,0
8,350,21.000000,0.000000,0,5,1223594,1187,0,1058,-34,0,17,1,0
8,350,21.000000,0.000000,0,5,1223597,1187,0,1058,-34,0,17,1,0
8,350,21.000000,0.000000,0,5,1223600,1187,0,1058,-34,0,17,1,0
8,350,21.000000,0.000000,0,5,1223602,1187,0,1058,-34,0,17,1,0
8,350,21.000000,0.000000,0,5,1223605,1187,0,1058,-34,0,17,1,0
8,350,21.000000,0.000000,0,5,1223608,1187,0,1058,-34,0,17,1,0
8,350,21.000000,0.000000,0,5,1223611,1187,0,1058,-34,0,17,1,0
8,350,21.000000,0.000000,0,5,1223613,1187,0,1058,-34,0,17,1,0
8,350,21.000000,0.000000,0,5,1223617,1187,0,1058,-34,0,17,1,0
8,350,21.000000,0.000000,0,5,1223619,1187,0,1058,-34,0,17,1,0
8,350,21.000000,0.000000,0,5,1223622,1187,0,1058,-34,0,17,1,0
8,350,21.000000,0.000000,0,5,1223625,1187,0,1058,-34,0,17,1,0
8,350,21.000000,0.000000,0,5,1223628,1187,0,1058,-34,0,17,1,0
8,350,21.000000,0.000000,0,5,1223630,1187,0,1058,-34,0,17,1,0
8,350,21.000000,0.000000,0,5,1223633,1187,0,1058,-34,0,17,1,0
8,350,21.000000,0.000000,0,5,1223636,1187,0,1058,-34,0,17,1,0
8,350,21.000000,0.000000,0,5,1223639,1187,0,1058,-34,0,17,1,0
8,350,21.000000,0.000000,0,5,1223642,1187,0,1058,-34,0,17,1,0
8,350,21.000000,0.000000,0,5,1223644,1187,0,1058,-34,0,17,1,0
8,350,21.000000,0.000000,0,5,1223647,1187,0,1058,-34,0,17,1,0
8,350,21.000000,0.000000,0,5,1223650,1187,0,1058,-34,0,17,1,0
8,350,21.000000,0.000000,0,5,1223653,1187,0,1058,-34,0,17,1,0
8,350,21.000000,0.000000,0,5,1223655,1187,0,1058,-34,0,17,1,0
8,350,21.000000,0.000000,0,5,1223658,1187,0,1058,-34,0,17,1,0
8,350,21.000000,0.000000,0,5,1223661,1187,0,1058,-34,0,17,1,0
8,350,21.000000,0.000000,0,5,1223664,1187,0,1058,-34,0,17,1,0
8,350,21.000000,0.000000,0,5,1223667,1187,0,1058,-34,0,17,1,0
8,350,21.000000,0.000000,0,5,1223669,1187,0,1058,-34,0,17,1,0
8,350,21.000000,0.000000,0,5,1223672,1187,0,1058,-34,0,17,1,0
8,350,21.000000,0.000000,0,5,1223675,1187,0,1058,-34,0,17,1,0
8,350,21.000000,0.000000,0,5,1223678,1187,0,1058,-34,0,17,1,0
8,350,21.000000,0.000000,0,5,1223680,1187,0,1058,-34,0,17,1,0
8,350,21.000000,0.000000,0,5,1223683,1187,0,1058,-34,0,17,1,0
8,350,21.000000,0.000000,0,5,1223686,1186,0,1057,-34,0,17,1,0
8,350,21.000000,0.000000,0,5,1223689,1186,0,1057,-34,0,17,1,0
8,350,21.000000,0.000000,0,5,1223692,1185,0,1056,-34,0,17,1,0
8,350,21.000000,0.000000,0,5,1223694,1185,0,1056,-34,0,17,1,0
8,350,21.000000,0.000000,0,5,1223697,1184,0,1055,-34,0,17,1,0
8,350,21.000000,0.000000,0,5,1223700,1183,0,1054,-34,0,17,1,0
8,350,21.000000,0.000000,0,5,1223703,1182,0,1053,-34,0,17,1,0
8,350,21.000000,0.000000,0,5,1223705,1181,0,1052,-34,0,17,1,0
8,350,21.000000,0.000000,0,5,1223708,1180,0,1051,-35,0,17,1,0
8,350,21.000000,0.000000,0,5,1223711,1178,0,1049,-36,0,17,1,0
8,350,21.000000,0.000000,0,5,1223714,1178,0,1049,-36,0,17,1,0
8,350,21.000000,0.000000,0,5,1223717,1177,0,1048,-36,0,17,1,0
8,350,21.000000,0.000000,0,5,1223719,1176,0,1047,-36,0,17,1,0
8,350,21.000000,0.000000,0,5,1223722,1175,0,1046,-36,0,17,1,0
8,350,21.000000,0.000000,0,5,1223725,1174,0,1045,-36,0,17,1,0
8,350,21.000000,0.000000,0,5,1223728,1173,0,1044,-36,0,17,1,0
8,350,21.000000,0.000000,0,5,1223731,1172,0,1043,-36,0,17,1,0
8,350,21.000000,0.000000,0,5,1223733,1171,0,1042,-36,0,17,1,0
8,350,21.000000,0.000000,0,5,1223736,1170,0,1041,-36,0,17,1,0
8,350,21.000000,0.000000,0,5,1223739,1168,0,1039,-36,0,17,1,0
8,350,21.000000,0.000000,0,5,1223742,1167,0,1038,-36,0,17,1,0
8,350,21.000000,0.000000,0,5,1223744,1166,0,1037,-36,0,17,1,0
8,350,21.000000,0.000000,0,5,1223747,1165,0,1036,-36,0,17,1,0
8,350,21.000000,0.000000,0,5,1223750,1165,0,1036,-36,0,17,1,0
8,350,21.000000,0.000000,0,5,1223753,1164,0,1035,-36,0,17,1,0
8,350,21.000000,0.000000,0,5,1223756,1163,0,1034,-36,0,17,1,0
8,350,21.000000,0.000000,0,5,1223758,1162,0,1033,-36,0,17,1,0
8,350,21.000000,0.000000,0,5,1223761,1161,0,1032,-36,0,17,1,0
8,350,21.000000,0.000000,0,5,1223764,1160,0,1031,-36,0,17,1,0
8,350,21.000000,0.000000,0,5,1223767,1159,0,1030,-36,0,17,1,0
8,350,21.000000,0.000000,0,5,1223769,1158,0,1029,-36,0,17,1,0
8,350,21.000000,0.000000,0,5,1223772,1157,0,1028,-36,0,17,1,0
8,350,21.000000,0.000000,0,5,1223774,1157,0,1028,-36,0,17,1,0
8,350,21.000000,0.000000,0,5,1223778,1157,0,1028,-36,0,17,1,0
8,350,21.000000,0.000000,0,5,1223780,1156,0,1027,-36,0,17,1,0
8,350,21.000000,0.000000,0,5,1223783,1156,0,1027,-37,0,17,1,0
8,350,21.000000,0.000000,0,5,1223786,1156,0,1027,-38,0,17,1,0
8,350,21.000000,0.000000,0,5,1223789,1156,0,1027,-38,0,17,1,0
8,350,21.000000,0.000000,0,5,1223792,1156,0,1027,-38,0,17,1,0
8,350,21.000000,0.000000,0,5,1223794,1155,0,1026,-38,0,17,1,0
8,350,21.000000,0.000000,0,5,1223797,1155,0,1026,-38,0,17,1,0
8,350,21.000000,0.000000,0,5,1223800,1154,0,1025,-38,0,17,1,0
8,350,21.000000,0.000000,0,5,1223802,1153,0,1024,-38,0,17,1,0
8,350,21.000000,0.000000,0,5,1223806,1153,0,1024,-38,0,17,1,0
8,350,21.000000,0.000000,0,5,1223808,1153,0,1024,-38,0,17,1,0
8,350,21.000000,0.000000,0,5,1223811,1152,0,1023,-38,0,17,1,0
8,350,21.000000,0.000000,0,5,1223814,1151,0,1022,-38,0,17,1,0
8,350,21.000000,0.000000,0,5,1223816,1151,0,1022,-38,0,17,1,0
8,350,21.000000,0.000000,0,5,1223819,1150,0,1021,-38,0,17,1,0
8,350,21.000000,0.000000,0,5,1223822,1149,0,1020,-38,0,17,1,0
8,350,21.000000,0.000000,0,5,1223825,1149,0,1020,-39,0,17,1,0
8,350,21.000000,0.000000,0,5,1223827,1148,0,1019,-39,0,17,1,0
8,350,21.000000,0.000000,0,5,1223830,1147,0,1018,-39,0,17,1,0
8,350,21.000000,0.000000,0,5,1223833,1147,0,1018,-39,0,17,1,0
8,350,21.000000,0.000000,0,5,1223836,1147,0,1018,-39,0,17,1,0
8,350,21.000000,0.000000,0,5,1223839,1147,0,1018,-39,0,17,1,0
8,350,21.000000,0.000000,0,5,1223841,1147,0,1018,-39,0,17,1,0
8,350,21.000000,0.000000,0,5,1223844,1147,0,1018,-39,0,17,1,0
8,350,21.000000,0.000000,0,5,1223847,1147,0,1018,-39,0,17,1,0
8,350,21.000000,0.000000,0,5,1223850,1147,0,1018,-39,0,17,1,0
8,350,21.000000,0.000000,0,5,1223852,1147,0,1018,-39,0,17,1,0
8,350,21.000000,0.000000,0,5,1223855,1147,0,1018,-39,0,17,1,0
8,350,21.000000,0.000000,0,5,1223858,1147,0,1018,-39,0,17,1,0
8,350,21.000000,0.000000,0,5,1223861,1147,0,1018,-39,0,17,1,0
8,350,21.000000,0.000000,0,5,1223864,1147,0,1018,-39,0,17,1,0
8,350,21.000000,0.000000,0,5,1223866,1147,0,1018,-39,0,17,1,0
8,350,21.000000,0.000000,0,5,1223869,1147,0,1018,-39,0,17,1,0
8,350,21.000000,0.000000,0,5,1223872,1147,0,1018,-39,0,17,1,0
8,350,21.000000,0.000000,0,5,1223875,1147,0,1018,-39,0,17,1,0
8,350,21.000000,0.000000,0,5,1223878,1147,0,1018,-39,0,17,1,0
8,350,21.000000,0.000000,0,5,1223880,1147,0,1018,-39,0,17,1,0
8,350,21.000000,0.000000,0,5,1223883,1147,0,1018,-39,0,17,1,0
8,350,21.000000,0.000000,0,5,1223886,1147,0,1018,-39,0,17,1,0
8,350,21.000000,0.000000,0,5,1223889,1147,0,1018,-39,0,17,1,0
8,350,21.000000,0.000000,0,5,1223892,1147,0,1018,-39,0,17,1,0
8,350,21.000000,0.000000,0,5,1223894,1147,0,1018,-39,0,17,1,0
8,350,21.000000,0.000000,0,5,1223897,1147,0,1018,-39,0,17,1,0
8,350,21.000000,0.000000,0,5,1223900,1147,0,1018,-39,0,17,1,0
8,350,21.000000,0.000000,0,5,1223903,1147,0,1018,-39,0,17,1,0
8,350,21.000000,0.000000,0,5,1223905,1147,0,1018,-39,0,17,1,0
8,350,21.000000,0.000000,0,5,1223908,1147,0,1018,-39,0,17,1,0
8,350,21.000000,0.000000,0,5,1223911,1147,0,1018,-39,0,17,1,0
8,350,21.000000,0.000000,0,5,1223914,1147,0,1018,-39,0,17,1,0
8,350,21.000000,0.000000,0,5,1223917,1147,0,1018,-39,0,17,1,0
8,350,21.000000,0.000000,0,5,1223919,1147,0,1018,-39,0,17,1,0
8,350,21.000000,0.000000,0,5,1223922,1147,0,1018,-39,0,17,1,0
8,350,21.000000,0.000000,0,5,1223925,1147,0,1018,-39,0,17,1,0
8,350,21.000000,0.000000,0,5,1223928,1147,0,1018,-39,0,17,1,0
8,350,21.000000,0.000000,0,5,1223930,1147,0,1018,-39,0,17,1,0
8,350,21.000000,0.000000,0,5,1223933,1147,0,1018,-39,0,17,1,0
8,350,21.000000,0.000000,0,5,1223936,1147,0,1018,-39,0,17,1,0
8,350,21.000000,0.000000,0,5,1223939,1147,0,1018,-39,0,17,1,0
8,350,21.000000,0.000000,0,5,1223941,1147,0,1018,-39,0,17,1,0
8,350,21.000000,0.000000,0,5,1223944,1147,0,1018,-39,0,17,1,0
8,350,21.000000,0.000000,0,5,1223947,1147,0,1018,-39,0,17,1,0
8,350,21.000000,0.000000,0,5,1223950,1147,0,1018,-39,0,17,1,0
8,350,21.000000,0.000000,0,5,1223953,1147,0,1018,-39,0,17,1,0
8,350,21.000000,0.000000,0,5,1223955,1147,0,1018,-39,0,17,1,0
8,350,21.000000,0.000000,0,5,1223958,1147,0,1018,-39,0,17,1,0
8,350,21.000000,0.000000,0,5,1223961,1147,0,1018,-39,0,17,1,0
8,350,21.000000,0.000000,0,5,1223964,1147,0,1018,-39,0,17,1,0
8,350,21.000000,0.000000,0,5,1223967,1147,0,1018,-39,0,17,1,0
8,350,21.000000,0.000000,0,5,1223969,1147,0,1018,-39,0,17,1,0
8,350,21.000000,0.000000,0,5,1223972,1147,0,1018,-39,0,17,1,0
8,350,21.000000,0.000000,0,5,1223975,1147,0,1018,-39,0,17,1,0
8,350,21.000000,0.000000,0,5,1223978,1147,0,1018,-39,0,17,1,0
8,350,21.000000,0.000000,0,5,1223981,1147,0,1018,-39,0,17,1,0
8,350,21.000000,0.000000,0,5,1223983,1147,0,1018,-39,0,17,1,0
8,350,21.000000,0.000000,0,5,1223986,1147,0,1018,-39,0,17,1,0
8,350,21.000000,0.000000,0,5,1223989,1147,0,1018,-39,0,17,1,0
8,350,21.000000,0.000000,0,5,1223992,1147,0,1018,-39,0,17,1,0
8,350,21.000000,0.000000,0,5,1223994,1147,0,1018,-39,0,17,1,0
8,350,21.000000,0.000000,0,5,1223997,1147,0,1018,-39,0,17,1,0
8,350,21.000000,0.000000,0,5,1224000,1147,0,1018,-39,0,17,1,0
8,350,21.000000,0.000000,0,5,1224003,1147,0,1018,-39,0,17,1,0
8,350,21.000000,0.000000,0,5,1224006,1147,0,1018,-39,0,17,1,0
8,350,21.000000,0.000000,0,5,1224008,1147,0,1018,-39,0,17,1,0
8,350,21.000000,0.000000,0,5,1224011,1147,0,1018,-39,0,17,1,0
8,350,21.000000,0.000000,0,5,1224014,1147,0,1018,-39,0,17,1,0
8,350,21.000000,0.000000,0,5,1224017,1146,0,1017,-39,0,17,1,0
8,350,21.000000,0.000000,0,5,1224019,1145,0,1016,-39,0,17,1,0
8,350,21.000000,0.000000,0,5,1224022,1145,0,1016,-39,0,17,1,0
8,350,21.000000,0.000000,0,5,1224025,1145,0,1016,-39,0,17,1,0
8,350,21.000000,0.000000,0,5,1224028,1145,0,1016,-39,0,17,1,0
8,350,21.000000,0.000000,0,5,1224030,1145,0,1016,-39,0,17,1,0
8,350,21.000000,0.000000,0,5,1224033,1145,0,1016,-39,0,17,1,0
8,350,21.000000,0.000000,0,5,1224036,1145,0,1016,-39,0,17,1,0
8,350,21.000000,0.000000,0,5,1224039,1145,0,1016,-39,0,17,1,0
8,350,21.000000,0.000000,0,5,1224042,1145,0,1016,-39,0,17,1,0
8,350,21.000000,0.000000,0,5,1224044,1145,0,1016,-39,0,17,1,0
8,350,21.000000,0.000000,0,5,1224047,1145,0,1016,-39,0,17,1,0
8,350,21.000000,0.000000,0,5,1224050,1145,0,1016,-39,0,17,1,0
8,350,21.000000,0.000000,0,5,1224053,1145,0,1016,-39,0,17,1,0
8,350,21.000000,0.000000,0,5,1224056,1145,0,1016,-39,0,17,1,0
8,350,21.000000,0.000000,0,5,1224058,1145,0,1016,-39,0,17,1,0
8,350,21.000000,0.000000,0,5,1224061,1145,0,1016,-39,0,17,1,0
8,350,21.000000,0.000000,0,5,1224064,1145,0,1016,-39,0,17,1,0
8,350,21.000000,0.000000,0,5,1224066,1145,0,1016,-39,0,17,1,0
8,350,21.000000,0.000000,0,5,1224069,1145,0,1016,-39,0,17,1,0
8,350,21.000000,0.000000,0,5,1224072,1145,0,1016,-39,0,17,1,0
8,350,21.000000,0.000000,0,5,1224075,1145,0,1016,-39,0,17,1,0
8,350,21.000000,0.000000,0,5,1224078,1144,0,1015,-39,0,17,1,0
8,350,21.000000,0.000000,0,5,1224080,1143,0,1014,-39,0,17,1,0
8,350,21.000000,0.000000,0,5,1224083,1143,0,1014,-40,0,17,1,0
8,350,21.000000,0.000000,0,5,1224086,1143,0,1014,-41,0,17,1,0
8,350,21.000000,0.000000,0,5,1224089,1143,0,1014,-41,0,17,1,0
8,350,21.000000,0.000000,0,5,1224091,1143,0,1014,-41,0,17,1,0
8,350,21.000000,0.000000,0,5,1224094,1143,0,1014,-41,0,17,1,0
8,350,21.000000,0.000000,0,5,1224097,1143,0,1014,-41,0,17,1,0
8,350,21.000000,0.000000,0,5,1224100,1143,0,1014,-41,0,17,1,0
8,350,21.000000,0.000000,0,5,1224103,1143,0,1014,-41,0,17,1,0
8,350,21.000000,0.000000,0,5,1224106,1143,0,1014,-41,0,17,1,0
8,350,21.000000,0.000000,0,5,1224108,1143,0,1014,-41,0,17,1,0
8,350,21.000000,0.000000,0,5,1224111,1143,0,1014,-41,0,17,1,0
8,350,21.000000,0.000000,0,5,1224114,1143,0,1014,-41,0,17,1,0
8,350,21.000000,0.000000,0,5,1224117,1143,0,1014,-41,0,17,1,0
8,350,21.000000,0.000000,0,5,1224120,1143,0,1014,-41,0,17,1,0
8,350,21.000000,0.000000,0,5,1224122,1143,0,1014,-41,0,17,1,0
8,350,21.000000,0.000000,0,5,1224125,1143,0,1014,-41,0,17,1,0
8,350,21.000000,0.000000,0,5,1224128,1143,0,1014,-41,0,17,1,0
8,350,21.000000,0.000000,0,5,1224131,1143,0,1014,-41,0,17,1,0
8,350,21.000000,0.000000,0,5,1224133,1143,0,1014,-41,0,17,1,0
8,350,21.000000,0.000000,0,5,1224136,1142,0,1013,-41,0,17,1,0
8,350,21.000000,0.000000,0,5,1224139,1141,0,1012,-41,0,17,1,0
8,350,21.000000,0.000000,0,5,1224142,1141,0,1012,-41,0,17,1,0
8,350,21.000000,0.000000,0,5,1224145,1141,0,1012,-41,0,17,1,0
8,350,21.000000,0.000000,0,5,1224147,1141,0,1012,-41,0,17,1,0
8,350,21.000000,0.000000,0,5,1224150,1141,0,1012,-41,0,17,1,0
8,350,21.000000,0.000000,0,5,1224153,1141,0,1012,-41,0,17,1,0
8,350,21.000000,0.000000,0,5,1224155,1141,0,1012,-41,0,17,1,0
8,350,21.000000,0.000000,0,5,1224158,1141,0,1012,-41,0,17,1,0
8,350,21.000000,0.000000,0,5,1224161,1141,0,1012,-41,0,17,1,0
8,350,21.000000,0.000000,0,5,1224164,1141,0,1012,-41,0,17,1,0
8,350,21.000000,0.000000,0,5,1224166,1141,0,1012,-41,0,17,1,0
8,350,21.000000,0.000000,0,5,1224169,1141,0,1012,-41,0,17,1,0
8,350,21.000000,0.000000,0,5,1224172,1141,0,1012,-41,0,17,1,0
8,350,21.000000,0.000000,0,5,1224175,1141,0,1012,-41,0,17,1,0
8,350,21.000000,0.000000,0,5,1224178,1141,0,1012,-41,0,17,1,0
8,350,21.000000,0.000000,0,5,1224181,1141,0,1012,-41,0,17,1,0
8,350,21.000000,0.000000,0,5,1224184,1141,0,1012,-41,0,17,1,0
8,350,21.000000,0.000000,0,5,1224186,1141,0,1012,-41,0,17,1,0
8,350,21.000000,0.000000,0,5,1224189,1141,0,1012,-41,0,17,1,0
8,350,21.000000,0.000000,0,5,1224192,1141,0,1012,-41,0,17,1,0
8,350,21.000000,0.000000,0,5,1224195,1141,0,1012,-41,0,17,1,0
8,350,21.000000,0.000000,0,5,1224197,1141,0,1012,-42,0,17,1,0
8,350,21.000000,0.000000,0,5,1224200,1141,0,1012,-43,0,17,1,0
8,350,21.000000,0.000000,0,5,1224203,1141,0,1012,-43,0,17,1,0
8,350,21.000000,0.000000,0,5,1224216,1141,0,1012,-43,0,17,1,0
