8,350,21.000000,0.000000,1,5,1528447,789,4,789,4,0,35,0,1
8,350,21.000000,0.000000,1,5,1528448,789,4,789,4,0,35,0,1
8,350,21.000000,0.000000,1,5,1528450,789,4,789,4,0,35,0,1
8,350,21.000000,0.000000,1,5,1528453,789,4,789,4,0,35,0,1
8,350,21.000000,0.000000,1,5,1528456,789,4,789,4,0,35,0,1
8,350,21.000000,0.000000,1,5,1528459,789,4,789,4,0,35,0,1
8,350,21.000000,0.000000,1,5,1528461,789,4,789,4,0,35,0,1
8,350,21.000000,0.000000,1,5,1528464,789,4,789,4,0,35,0,1
8,350,21.000000,0.000000,1,5,1528467,789,4,789,4,0,35,0,1
8,350,21.000000,0.000000,1,5,1528470,789,4,789,4,0,35,0,1
8,350,21.000000,0.000000,1,5,1528472,789,4,789,4,0,35,0,1
8,350,21.000000,0.000000,1,5,1528475,789,4,789,4,0,35,0,1
8,350,21.000000,0.000000,1,5,1528478,789,4,789,4,0,35,0,1
8,350,21.000000,0.000000,1,5,1528481,789,4,789,4,0,35,0,1
8,350,21.000000,0.000000,1,5,1528483,789,4,789,4,0,35,0,1
8,350,21.000000,0.000000,1,5,1528486,789,4,789,4,0,35,0,1
8,350,21.000000,0.000000,1,5,1528489,789,4,789,4,0,35,0,1
8,350,21.000000,0.000000,1,5,1528492,789,4,789,4,0,35,0,1
8,350,21.000000,0.000000,1,5,1528495,789,4,789,4,0,35,0,1
8,350,21.000000,0.000000,1,5,1528498,789,4,789,4,0,35,0,1
8,350,21.000000,0.000000,1,5,1528500,789,4,789,4,0,35,0,1
8,350,21.000000,0.000000,1,5,1528503,789,4,789,4,0,35,0,1
8,350,21.000000,0.000000,1,5,1528506,789,4,789,4,0,35,0,1
8,350,21.000000,0.000000,1,5,1528509,789,4,789,4,0,35,0,1
8,350,21.000000,0.000000,1,5,1528512,789,4,789,4,0,35,0,1
8,350,21.000000,0.000000,1,5,1528514,789,4,789,4,0,35,0,1
8,350,21.000000,0.000000,1,5,1528517,789,4,789,4,0,35,0,1
8,350,21.000000,0.000000,1,5,1528520,789,4,789,4,0,35,0,1
8,350,21.000000,0.000000,1,5,1528523,789,4,789,4,0,35,0,1
8,350,21.000000,0.000000,1,5,1528525,789,4,789,4,0,35,0,1
8,350,21.000000,0.000000,1,5,1528528,789,4,789,4,0,35,0,1
8,350,21.000000,0.000000,1,5,1528531,789,4,789,4,0,35,0,1
8,350,21.000000,0.000000,1,5,1528534,789,4,789,4,0,35,0,1
8,350,21.000000,0.000000,1,5,1528536,789,4,789,4,0,35,0,1
8,350,21.000000,0.000000,1,5,1528540,789,4,789,4,0,35,0,1
8,350,21.000000,0.000000,1,5,1528542,789,4,789,4,0,35,0,1
8,350,21.000000,0.000000,1,5,1528545,789,4,789,4,0,35,0,1
8,350,21.000000,0.000000,1,5,1528548,789,4,789,4,0,35,0,1
8,350,21.000000,0.000000,1,5,1528551,789,4,789,4,0,35,0,1
8,350,21.000000,0.000000,1,5,1528553,789,4,789,4,0,35,0,1
8,350,21.000000,0.000000,1,5,1528556,790,4,790,4,0,35,0,1
8,350,21.000000,0.000000,1,5,1528559,790,5,790,5,0,35,0,1
8,350,21.000000,0.000000,1,5,1528562,791,5,791,5,0,35,0,1
8,350,21.000000,0.000000,1,5,1528564,792,5,792,5,0,35,0,1
8,350,21.000000,0.000000,1,5,1528567,793,6,793,6,0,35,0,1
8,350,21.000000,0.000000,1,5,1528570,794,7,794,7,0,35,0,1
8,350,21.000000,0.000000,1,5,1528573,795,8,795,8,0,35,0,1
8,350,21.000000,0.000000,1,5,1528576,796,9,796,9,0,35,0,1
8,350,21.000000,0.000000,1,5,1528578,797,9,797,9,0,35,0,1
8,350,21.000000,0.000000,1,5,1528581,798,9,798,9,0,35,0,1
8,350,21.000000,0.000000,1,5,1528584,799,10,799,10,0,35,0,1
8,350,21.000000,0.000000,1,5,1528587,800,11,800,11,0,35,0,1
8,350,21.000000,0.000000,1,5,1528589,802,11,802,11,0,35,0,1
8,350,21.000000,0.000000,1,5,1528592,803,11,803,11,0,35,0,1
8,350,21.000000,0.000000,1,5,1528595,804,11,804,11,0,35,0,1
8,350,21.000000,0.000000,1,5,1528598,806,12,806,12,0,35,0,1
8,350,21.000000,0.000000,1,5,1528600,807,13,807,13,0,35,0,1
8,350,21.000000,0.000000,1,5,1528603,809,14,809,14,0,35,0,1
8,350,21.000000,0.000000,1,5,1528606,811,15,811,15,0,35,0,1
8,350,21.000000,0.000000,1,5,1528609,812,15,812,15,0,35,0,1
8,350,21.000000,0.000000,1,5,1528611,814,16,814,16,0,35,0,1
8,350,21.000000,0.000000,1,5,1528614,815,17,815,17,0,35,0,1
8,350,21.000000,0.000000,1,5,1528617,817,18,817,18,0,35,0,1
8,350,21.000000,0.000000,1,5,1528620,820,19,820,19,0,35,0,1
8,350,21.000000,0.000000,1,5,1528623,823,20,823,20,0,35,0,1
8,350,21.000000,0.000000,1,5,1528625,826,21,826,21,0,35,0,1
8,350,21.000000,0.000000,1,5,1528628,829,23,829,23,0,35,0,1
8,350,21.000000,0.000000,1,5,1528631,832,25,832,25,0,35,0,1
8,350,21.000000,0.000000,1,5,1528634,835,26,835,26,0,35,0,1
8,350,21.000000,0.000000,1,5,1528636,838,28,838,28,0,35,0,1
8,350,21.000000,0.000000,1,5,1528639,841,29,841,29,0,35,0,1
8,350,21.000000,0.000000,1,5,1528642,845,30,845,30,0,35,0,1
8,350,21.000000,0.000000,1,5,1528645,849,31,849,31,0,35,0,1
8,350,21.000000,0.000000,1,5,1528648,853,33,853,33,0,35,0,1
8,350,21.000000,0.000000,1,5,1528650,858,35,858,35,0,35,0,1
8,350,21.000000,0.000000,1,5,1528653,861,36,861,36,0,35,0,1
8,350,21.000000,0.000000,1,5,1528656,867,39,867,39,0,35,0,1
8,350,21.000000,0.000000,1,5,1528659,872,41,872,41,0,35,0,1
8,350,21.000000,0.000000,1,5,1528661,876,42,876,42,0,35,0,1
8,350,21.000000,0.000000,1,5,1528664,879,44,879,44,0,35,0,1
8,350,21.000000,0.000000,1,5,1528667,883,45,883,45,0,35,0,1
8,350,21.000000,0.000000,1,5,1528670,891,48,891,48,0,35,0,1
8,350,21.000000,0.000000,1,5,1528672,894,49,894,49,0,35,0,1
8,350,21.000000,0.000000,1,5,1528675,900,51,900,51,0,35,0,1
8,350,21.000000,0.000000,1,5,1528678,903,51,903,51,0,35,0,1
8,350,21.000000,0.000000,1,5,1528681,910,53,910,53,0,35,0,1
8,350,21.000000,0.000000,1,5,1528684,914,54,914,54,0,35,0,1
8,350,21.000000,0.000000,1,5,1528687,919,55,919,55,0,35,0,1
8,350,21.000000,0.000000,1,5,1528689,923,56,923,56,0,35,0,1
8,350,21.000000,0.000000,1,5,1528692,927,57,927,57,0,35,0,1
8,350,21.000000,0.000000,1,5,1528695,931,58,931,58,0,35,0,1
8,350,21.000000,0.000000,1,5,1528698,939,59,939,59,0,35,0,1
8,350,21.000000,0.000000,1,5,1528700,943,59,943,59,0,35,0,1
8,350,21.000000,0.000000,1,5,1528703,948,60,948,60,0,35,0,1
8,350,21.000000,0.000000,1,5,1528706,953,61,953,61,0,35,0,1
8,350,21.000000,0.000000,1,5,1528709,958,61,958,61,0,35,0,1
8,350,21.000000,0.000000,1,5,1528712,965,63,965,63,0,35,0,1
8,350,21.000000,0.000000,1,5,1528714,971,64,971,64,0,35,0,1
8,350,21.000000,0.000000,1,5,1528717,974,64,974,64,0,35,0,1
8,350,21.000000,0.000000,1,5,1528720,979,65,979,65,0,35,0,1
8,350,21.000000,0.000000,1,5,1528723,983,66,983,66,0,35,0,1
8,350,21.000000,0.000000,1,5,1528726,989,67,989,67,0,35,0,1
8,350,21.000000,0.000000,1,5,1528728,995,68,995,68,0,35,0,1
8,350,21.000000,0.000000,1,5,1528731,1000,69,1000,69,0,35,0,1
8,350,21.000000,0.000000,1,5,1528734,1005,70,1005,70,0,35,0,1
8,350,21.000000,0.000000,1,5,1528737,1010,70,1010,70,0,35,0,1
8,350,21.000000,0.000000,1,5,1528739,1015,70,1015,70,0,35,0,1
8,350,21.000000,0.000000,1,5,1528742,1021,70,1021,70,0,35,0,1
8,350,21.000000,0.000000,1,5,1528745,1024,70,1024,70,0,35,0,1
8,350,21.000000,0.000000,1,5,1528748,1029,71,1029,71,0,35,0,1
8,350,21.000000,0.000000,1,5,1528750,1031,71,1031,71,0,35,0,1
8,350,21.000000,0.000000,1,5,1528753,1035,71,1035,71,0,35,0,1
8,350,21.000000,0.000000,1,5,1528756,1039,71,1039,71,0,35,0,1
8,350,21.000000,0.000000,1,5,1528759,1042,71,1042,71,0,35,0,1
8,350,21.000000,0.000000,1,5,1528761,1045,71,1045,71,0,35,0,1
8,350,21.000000,0.000000,1,5,1528764,1049,71,1049,71,0,35,0,1
8,350,21.000000,0.000000,1,5,1528767,1051,71,1051,71,0,35,0,1
8,350,21.000000,0.000000,1,5,1528770,1054,71,1054,71,0,35,0,1
8,350,21.000000,0.000000,1,5,1528773,1056,71,1056,71,0,35,0,1
8,350,21.000000,0.000000,1,5,1528775,1059,70,1059,70,0,35,0,1
8,350,21.000000,0.000000,1,5,1528778,1061,69,1061,69,0,35,0,1
8,350,21.000000,0.000000,1,5,1528781,1063,69,1063,69,0,35,0,1
8,350,21.000000,0.000000,1,5,1528784,1065,69,1065,69,0,35,0,1
8,350,21.000000,0.000000,1,5,1528786,1067,69,1067,69,0,35,0,1
8,350,21.000000,0.000000,1,5,1528789,1069,69,1069,69,0,35,0,1
8,350,21.000000,0.000000,1,5,1528792,1070,69,1070,69,0,35,0,1
8,350,21.000000,0.000000,1,5,1528795,1071,69,1071,69,0,35,0,1
8,350,21.000000,0.000000,1,5,1528798,1072,69,1072,69,0,35,0,1
8,350,21.000000,0.000000,1,5,1528800,1073,68,1073,68,0,35,0,1
8,350,21.000000,0.000000,1,5,1528803,1075,68,1075,68,0,35,0,1
8,350,21.000000,0.000000,1,5,1528806,1076,68,1076,68,0,35,0,1
8,350,21.000000,0.000000,1,5,1528809,1077,68,1077,68,0,35,0,1
8,350,21.000000,0.000000,1,5,1528812,1078,67,1078,67,0,35,0,1
8,350,21.000000,0.000000,1,5,1528814,1079,67,1079,67,0,35,0,1
8,350,21.000000,0.000000,1,5,1528817,1080,67,1080,67,0,35,0,1
8,350,21.000000,0.000000,1,5,1528820,1081,66,1081,66,0,35,0,1
8,350,21.000000,0.000000,1,5,1528823,1082,66,1082,66,0,35,0,1
8,350,21.000000,0.000000,1,5,1528826,1084,65,1084,65,0,35,0,1
8,350,21.000000,0.000000,1,5,1528828,1085,64,1085,64,0,35,0,1
8,350,21.000000,0.000000,1,5,1528831,1086,63,1086,63,0,35,0,1
8,350,21.000000,0.000000,1,5,1528834,1087,62,1087,62,0,35,0,1
8,350,21.000000,0.000000,1,5,1528837,1088,62,1088,62,0,35,0,1
8,350,21.000000,0.000000,1,5,1528839,1089,61,1089,61,0,35,0,1
8,350,21.000000,0.000000,1,5,1528842,1090,60,1090,60,0,35,0,1
8,350,21.000000,0.000000,1,5,1528845,1091,59,1091,59,0,35,0,1
8,350,21.000000,0.000000,1,5,1528848,1091,58,1091,58,0,35,0,1
8,350,21.000000,0.000000,1,5,1528850,1091,57,1091,57,0,35,0,1
8,350,21.000000,0.000000,1,5,1528853,1092,57,1092,57,0,35,0,1
8,350,21.000000,0.000000,1,5,1528856,1092,56,1092,56,0,35,0,1
8,350,21.000000,0.000000,1,5,1528859,1093,55,1093,55,0,35,0,1
8,350,21.000000,0.000000,1,5,1528861,1093,54,1093,54,0,35,0,1
8,350,21.000000,0.000000,1,5,1528864,1093,53,1093,53,0,35,0,1
8,350,21.000000,0.000000,1,5,1528867,1093,52,1093,52,0,35,0,1
8,350,21.000000,0.000000,1,5,1528870,1094,52,1094,52,0,35,0,1
8,350,21.000000,0.000000,1,5,1528873,1094,51,1094,51,0,35,0,1
8,350,21.000000,0.000000,1,5,1528876,1095,50,1095,50,0,35,0,1
8,350,21.000000,0.000000,1,5,1528878,1096,49,1096,49,0,35,0,1
8,350,21.000000,0.000000,1,5,1528881,1097,48,1097,48,0,35,0,1
8,350,21.000000,0.000000,1,5,1528884,1099,47,1099,47,0,35,0,1
8,350,21.000000,0.000000,1,5,1528886,1100,46,1100,46,0,35,0,1
8,350,21.000000,0.000000,1,5,1528889,1100,45,1100,45,0,35,0,1
8,350,21.000000,0.000000,1,5,1528892,1101,45,1101,45,0,35,0,1
8,350,21.000000,0.000000,1,5,1528895,1101,44,1101,44,0,35,0,1
8,350,21.000000,0.000000,1,5,1528898,1102,44,1102,44,0,35,0,1
8,350,21.000000,0.000000,1,5,1528900,1103,43,1103,43,0,35,0,1
8,350,21.000000,0.000000,1,5,1528903,1104,43,1104,43,0,35,0,1
8,350,21.000000,0.000000,1,5,1528906,1104,42,1104,42,0,35,0,1
8,350,21.000000,0.000000,1,5,1528909,1106,42,1106,42,0,35,0,1
8,350,21.000000,0.000000,1,5,1528912,1107,41,1107,41,0,35,0,1
8,350,21.000000,0.000000,1,5,1528914,1108,41,1108,41,0,35,0,1
8,350,21.000000,0.000000,1,5,1528917,1109,40,1109,40,0,35,0,1
8,350,21.000000,0.000000,1,5,1528920,1110,39,1110,39,0,35,0,1
8,350,21.000000,0.000000,1,5,1528923,1110,38,1110,38,0,35,0,1
8,350,21.000000,0.000000,1,5,1528926,1111,37,1111,37,0,35,0,1
8,350,21.000000,0.000000,1,5,1528929,1112,36,1112,36,0,35,0,1
8,350,21.000000,0.000000,1,5,1528931,1113,35,1113,35,0,35,0,1
8,350,21.000000,0.000000,1,5,1528934,1113,34,1113,34,0,35,0,1
8,350,21.000000,0.000000,1,5,1528937,1114,34,1114,34,0,35,0,1
8,350,21.000000,0.000000,1,5,1528940,1115,33,1115,33,0,35,0,1
8,350,21.000000,0.000000,1,5,1528942,1116,32,1116,32,0,35,0,1
8,350,21.000000,0.000000,1,5,1528945,1117,31,1117,31,0,35,0,1
8,350,21.000000,0.000000,1,5,1528948,1118,30,1118,30,0,35,0,1
8,350,21.000000,0.000000,1,5,1528951,1119,29,1119,29,0,35,0,1
8,350,21.000000,0.000000,1,5,1528954,1119,28,1119,28,0,35,0,1
8,350,21.000000,0.000000,1,5,1528956,1119,27,1119,27,0,35,0,1
8,350,21.000000,0.000000,1,5,1528959,1120,26,1120,26,0,35,0,1
8,350,21.000000,0.000000,1,5,1528962,1121,25,1121,25,0,35,0,1
8,350,21.000000,0.000000,1,5,1528965,1122,24,1122,24,0,35,0,1
8,350,21.000000,0.000000,1,5,1528967,1122,24,1122,24,0,35,0,1
8,350,21.000000,0.000000,1,5,1528970,1123,24,1123,24,0,35,0,1
8,350,21.000000,0.000000,1,5,1528973,1124,24,1124,24,0,35,0,1
8,350,21.000000,0.000000,1,5,1528976,1124,23,1124,23,0,35,0,1
8,350,21.000000,0.000000,1,5,1528979,1124,22,1124,22,0,35,0,1
8,350,21.000000,0.000000,1,5,1528981,1125,22,1125,22,0,35,0,1
8,350,21.000000,0.000000,1,5,1528984,1126,22,1126,22,0,35,0,1
8,350,21.000000,0.000000,1,5,1528987,1126,21,1126,21,0,35,0,1
8,350,21.000000,0.000000,1,5,1528990,1126,20,1126,20,0,35,0,1
8,350,21.000000,0.000000,1,5,1528992,1126,19,1126,19,0,35,0,1
8,350,21.000000,0.000000,1,5,1528995,1126,18,1126,18,0,35,0,1
8,350,21.000000,0.000000,1,5,1528998,1127,18,1127,18,0,35,0,1
8,350,21.000000,0.000000,1,5,1529001,1128,18,1128,18,0,35,0,1
8,350,21.000000,0.000000,1,5,1529003,1128,17,1128,17,0,35,0,1
8,350,21.000000,0.000000,1,5,1529006,1129,17,1129,17,0,35,0,1
8,350,21.000000,0.000000,1,5,1529009,1130,17,1130,17,0,35,0,1
8,350,21.000000,0.000000,1,5,1529012,1130,16,1130,16,0,35,0,1
8,350,21.000000,0.000000,1,5,1529014,1130,15,1130,15,0,35,0,1
8,350,21.000000,0.000000,1,5,1529017,1131,15,1131,15,0,35,0,1
8,350,21.000000,0.000000,1,5,1529020,1131,14,1131,14,0,35,0,1
8,350,21.000000,0.000000,1,5,1529023,1131,13,1131,13,0,35,0,1
8,350,21.000000,0.000000,1,5,1529026,1132,13,1132,13,0,35,0,1
8,350,21.000000,0.000000,1,5,1529028,1133,13,1133,13,0,35,0,1
8,350,21.000000,0.000000,1,5,1529031,1133,13,1133,13,0,35,0,1
8,350,21.000000,0.000000,1,5,1529034,1133,12,1133,12,0,35,0,1
8,350,21.000000,0.000000,1,5,1529037,1134,12,1134,12,0,35,0,1
8,350,21.000000,0.000000,1,5,1529039,1134,11,1134,11,0,35,0,1
8,350,21.000000,0.000000,1,5,1529042,1134,10,1134,10,0,35,0,1
8,350,21.000000,0.000000,1,5,1529045,1134,10,1134,10,0,35,0,1
8,350,21.000000,0.000000,1,5,1529048,1135,9,1135,9,0,35,0,1
8,350,21.000000,0.000000,1,5,1529051,1136,8,1136,8,0,35,0,1
8,350,21.000000,0.000000,1,5,1529053,1137,8,1137,8,0,35,0,1
8,350,21.000000,0.000000,1,5,1529056,1138,8,1138,8,0,35,0,1
8,350,21.000000,0.000000,1,5,1529059,1138,7,1138,7,0,35,0,1
8,350,21.000000,0.000000,1,5,1529062,1138,6,1138,6,0,35,0,1
8,350,21.000000,0.000000,1,5,1529065,1138,6,1138,6,0,35,0,1
8,350,21.000000,0.000000,1,5,1529067,1138,6,1138,6,0,35,0,1
8,350,21.000000,0.000000,1,5,1529070,1138,5,1138,5,0,35,0,1
8,350,21.000000,0.000000,1,5,1529073,1139,5,1139,5,0,35,0,1
8,350,21.000000,0.000000,1,5,1529076,1140,5,1140,5,0,35,0,1
8,350,21.000000,0.000000,1,5,1529079,1140,5,1140,5,0,35,0,1
8,350,21.000000,0.000000,1,5,1529081,1140,5,1140,5,0,35,0,1
8,350,21.000000,0.000000,1,5,1529084,1140,5,1140,5,0,35,0,1
8,350,21.000000,0.000000,1,5,1529087,1140,5,1140,5,0,35,0,1
8,350,21.000000,0.000000,1,5,1529090,1140,5,1140,5,0,35,0,1
8,350,21.000000,0.000000,1,5,1529092,1140,5,1140,5,0,35,0,1
8,350,21.000000,0.000000,1,5,1529095,1140,5,1140,5,0,35,0,1
8,350,21.000000,0.000000,1,5,1529098,1140,4,1140,4,0,35,0,1
8,350,21.000000,0.000000,1,5,1529101,1140,4,1140,4,0,35,0,1
8,350,21.000000,0.000000,1,5,1529104,1140,4,1140,4,0,35,0,1
8,350,21.000000,0.000000,1,5,1529106,1140,4,1140,4,0,35,0,1
8,350,21.000000,0.000000,1,5,1529109,1140,4,1140,4,0,35,0,1
8,350,21.000000,0.000000,1,5,1529112,1140,4,1140,4,0,35,0,1
8,350,21.000000,0.000000,1,5,1529115,1140,4,1140,4,0,35,0,1
8,350,21.000000,0.000000,1,5,1529117,1140,4,1140,4,0,35,0,1
8,350,21.000000,0.000000,1,5,1529120,1140,4,1140,4,0,35,0,1
8,350,21.000000,0.000000,1,5,1529123,1140,4,1140,4,0,35,0,1
8,350,21.000000,0.000000,1,5,1529126,1140,4,1140,4,0,35,0,1
8,350,21.000000,0.000000,1,5,1529129,1140,4,1140,4,0,35,0,1
8,350,21.000000,0.000000,1,5,1529131,1140,4,1140,4,0,35,0,1
8,350,21.000000,0.000000,1,5,1529134,1140,4,1140,4,0,35,0,1
8,350,21.000000,0.000000,1,5,1529137,1140,4,1140,4,0,35,0,1
8,350,21.000000,0.000000,1,5,1529140,1140,4,1140,4,0,35,0,1
8,350,21.000000,0.000000,1,5,1529143,1140,4,1140,4,0,35,0,1
8,350,21.000000,0.000000,1,5,1529145,1140,4,1140,4,0,35,0,1
8,350,21.000000,0.000000,1,5,1529148,1140,4,1140,4,0,35,0,1
8,350,21.000000,0.000000,1,5,1529151,1140,4,1140,4,0,35,0,1
8,350,21.000000,0.000000,1,5,1529154,1140,4,1140,4,0,35,0,1
8,350,21.000000,0.000000,1,5,1529157,1140,4,1140,4,0,35,0,1
8,350,21.000000,0.000000,1,5,1529159,1140,4,1140,4,0,35,0,1
8,350,21.000000,0.000000,1,5,1529162,1140,4,1140,4,0,35,0,1
8,350,21.000000,0.000000,1,5,1529165,1140,4,1140,4,0,35,0,1
8,350,21.000000,0.000000,1,5,1529167,1140,4,1140,4,0,35,0,1
8,350,21.000000,0.000000,1,5,1529170,1140,4,1140,4,0,35,0,1
8,350,21.000000,0.000000,1,5,1529173,1140,4,1140,4,0,35,0,1
8,350,21.000000,0.000000,1,5,1529176,1140,4,1140,4,0,35,0,1
8,350,21.000000,0.000000,1,5,1529179,1140,4,1140,4,0,35,0,1
8,350,21.000000,0.000000,1,5,1529181,1140,4,1140,4,0,35,0,1
8,350,21.000000,0.000000,1,5,1529195,1140,4,1140,4,0,35,0,1
