8,700,21.000000,0.000000,1,5,1568140,610,0,610,0,0,37,1,0
8,700,21.000000,0.000000,1,5,1568141,610,0,610,0,0,37,1,0
8,700,21.000000,0.000000,1,5,1568144,610,0,610,0,0,37,1,0
8,700,21.000000,0.000000,1,5,1568147,610,0,610,0,0,37,1,0
8,700,21.000000,0.000000,1,5,1568149,610,0,610,0,0,37,1,0
8,700,21.000000,0.000000,1,5,1568152,610,0,610,0,0,37,1,0
8,700,21.000000,0.000000,1,5,1568155,610,0,610,0,0,37,1,0
8,700,21.000000,0.000000,1,5,1568158,610,0,610,0,0,37,1,0
8,700,21.000000,0.000000,1,5,1568160,610,0,610,0,0,37,1,0
8,700,21.000000,0.000000,1,5,1568163,610,0,610,0,0,37,1,0
8,700,21.000000,0.000000,1,5,1568166,610,0,610,0,0,37,1,0
8,700,21.000000,0.000000,1,5,1568169,610,0,610,0,0,37,1,0
8,700,21.000000,0.000000,1,5,1568171,610,0,610,0,0,37,1,0
8,700,21.000000,0.000000,1,5,1568174,610,0,610,0,0,37,1,0
8,700,21.000000,0.000000,1,5,1568177,610,0,610,0,0,37,1,0
8,700,21.000000,0.000000,1,5,1568180,610,0,610,0,0,37,1,0
8,700,21.000000,0.000000,1,5,1568183,610,0,610,0,0,37,1,0
8,700,21.000000,0.000000,1,5,1568185,610,0,610,0,0,37,1,0
8,700,21.000000,0.000000,1,5,1568188,610,0,610,0,0,37,1,0
8,700,21.000000,0.000000,1,5,1568191,610,0,610,0,0,37,1,0
8,700,21.000000,0.000000,1,5,1568194,610,0,610,0,0,37,1,0
8,700,21.000000,0.000000,1,5,1568196,610,0,610,0,0,37,1,0
8,700,21.000000,0.000000,1,5,1568199,610,0,610,0,0,37,1,0
8,700,21.000000,0.000000,1,5,1568202,610,0,610,0,0,37,1,0
8,700,21.000000,0.000000,1,5,1568205,610,0,610,0,0,37,1,0
8,700,21.000000,0.000000,1,5,1568208,610,0,610,0,0,37,1,0
8,700,21.000000,0.000000,1,5,1568210,610,0,610,0,0,37,1,0
8,700,21.000000,0.000000,1,5,1568213,610,0,610,0,0,37,1,0
8,700,21.000000,0.000000,1,5,1568216,610,0,610,0,0,37,1,0
8,700,21.000000,0.000000,1,5,1568219,610,0,610,0,0,37,1,0
8,700,21.000000,0.000000,1,5,1568221,610,0,610,0,0,37,1,0
8,700,21.000000,0.000000,1,5,1568224,610,0,610,0,0,37,1,0
8,700,21.000000,0.000000,1,5,1568227,610,0,610,0,0,37,1,0
8,700,21.000000,0.000000,1,5,1568230,610,0,610,0,0,37,1,0
8,700,21.000000,0.000000,1,5,1568233,610,0,610,0,0,37,1,0
8,700,21.000000,0.000000,1,5,1568235,610,0,610,0,0,37,1,0
8,700,21.000000,0.000000,1,5,1568238,610,0,610,0,0,37,1,0
8,700,21.000000,0.000000,1,5,1568241,610,0,610,0,0,37,1,0
8,700,21.000000,0.000000,1,5,1568244,610,0,610,0,0,37,1,0
8,700,21.000000,0.000000,1,5,1568246,610,0,610,0,0,37,1,0
8,700,21.000000,0.000000,1,5,1568249,610,0,610,0,0,37,1,0
8,700,21.000000,0.000000,1,5,1568252,610,1,610,1,0,37,1,0
8,700,21.000000,0.000000,1,5,1568255,610,2,610,2,0,37,1,0
8,700,21.000000,0.000000,1,5,1568258,611,2,611,2,0,37,1,0
8,700,21.000000,0.000000,1,5,1568260,612,2,612,2,0,37,1,0
8,700,21.000000,0.000000,1,5,1568263,613,2,613,2,0,37,1,0
8,700,21.000000,0.000000,1,5,1568266,613,3,613,3,0,37,1,0
8,700,21.000000,0.000000,1,5,1568269,614,3,614,3,0,37,1,0
8,700,21.000000,0.000000,1,5,1568272,615,3,615,3,0,37,1,0
8,700,21.000000,0.000000,1,5,1568275,617,4,617,4,0,37,1,0
8,700,21.000000,0.000000,1,5,1568277,619,4,619,4,0,37,1,0
8,700,21.000000,0.000000,1,5,1568280,619,5,619,5,0,37,1,0
8,700,21.000000,0.000000,1,5,1568283,620,5,620,5,0,37,1,0
8,700,21.000000,0.000000,1,5,1568286,620,6,620,6,0,37,1,0
8,700,21.000000,0.000000,1,5,1568288,621,7,621,7,0,37,1,0
8,700,21.000000,0.000000,1,5,1568291,622,7,622,7,0,37,1,0
8,700,21.000000,0.000000,1,5,1568294,624,8,624,8,0,37,1,0
8,700,21.000000,0.000000,1,5,1568297,626,9,626,9,0,37,1,0
8,700,21.000000,0.000000,1,5,1568300,628,10,628,10,0,37,1,0
8,700,21.000000,0.000000,1,5,1568302,629,10,629,10,0,37,1,0
8,700,21.000000,0.000000,1,5,1568305,630,11,630,11,0,37,1,0
8,700,21.000000,0.000000,1,5,1568308,631,12,631,12,0,37,1,0
8,700,21.000000,0.000000,1,5,1568311,633,13,633,13,0,37,1,0
8,700,21.000000,0.000000,1,5,1568313,638,15,638,15,0,37,1,0
8,700,21.000000,0.000000,1,5,1568316,639,16,639,16,0,37,1,0
8,700,21.000000,0.000000,1,5,1568319,641,17,641,17,0,37,1,0
8,700,21.000000,0.000000,1,5,1568322,645,18,645,18,0,37,1,0
8,700,21.000000,0.000000,1,5,1568325,650,20,650,20,0,37,1,0
8,700,21.000000,0.000000,1,5,1568327,653,22,653,22,0,37,1,0
8,700,21.000000,0.000000,1,5,1568330,657,23,657,23,0,37,1,0
8,700,21.000000,0.000000,1,5,1568333,662,24,662,24,0,37,1,0
8,700,21.000000,0.000000,1,5,1568336,666,25,666,25,0,37,1,0
8,700,21.000000,0.000000,1,5,1568338,672,27,672,27,0,37,1,0
8,700,21.000000,0.000000,1,5,1568341,677,29,677,29,0,37,1,0
8,700,21.000000,0.000000,1,5,1568344,682,31,682,31,0,37,1,0
8,700,21.000000,0.000000,1,5,1568347,687,32,687,32,0,37,1,0
8,700,21.000000,0.000000,1,5,1568349,693,34,693,34,0,37,1,0
8,700,21.000000,0.000000,1,5,1568352,701,36,701,36,0,37,1,0
8,700,21.000000,0.000000,1,5,1568355,707,37,707,37,0,37,1,0
8,700,21.000000,0.000000,1,5,1568358,713,38,713,38,0,37,1,0
8,700,21.000000,0.000000,1,5,1568361,719,38,719,38,0,37,1,0
8,700,21.000000,0.000000,1,5,1568363,731,41,731,41,0,37,1,0
8,700,21.000000,0.000000,1,5,1568366,738,42,738,42,0,37,1,0
8,700,21.000000,0.000000,1,5,1568369,745,43,745,43,0,37,1,0
8,700,21.000000,0.000000,1,5,1568372,752,45,752,45,0,37,1,0
8,700,21.000000,0.000000,1,5,1568375,761,46,761,46,0,37,1,0
8,700,21.000000,0.000000,1,5,1568377,771,48,771,48,0,37,1,0
8,700,21.000000,0.000000,1,5,1568380,780,50,780,50,0,37,1,0
8,700,21.000000,0.000000,1,5,1568383,791,52,791,52,0,37,1,0
8,700,21.000000,0.000000,1,5,1568386,801,54,801,54,0,37,1,0
8,700,21.000000,0.000000,1,5,1568389,806,55,806,55,0,37,1,0
8,700,21.000000,0.000000,1,5,1568391,817,56,817,56,0,37,1,0
8,700,21.000000,0.000000,1,5,1568394,828,58,828,58,0,37,1,0
8,700,21.000000,0.000000,1,5,1568397,833,59,833,59,0,37,1,0
8,700,21.000000,0.000000,1,5,1568399,844,61,844,61,0,37,1,0
8,700,21.000000,0.000000,1,5,1568402,852,62,852,62,0,37,1,0
8,700,21.000000,0.000000,1,5,1568405,858,63,858,63,0,37,1,0
8,700,21.000000,0.000000,1,5,1568408,869,64,869,64,0,37,1,0
8,700,21.000000,0.000000,1,5,1568410,876,66,876,66,0,37,1,0
8,700,21.000000,0.000000,1,5,1568413,885,67,885,67,0,37,1,0
8,700,21.000000,0.000000,1,5,1568416,890,68,890,68,0,37,1,0
8,700,21.000000,0.000000,1,5,1568419,903,70,903,70,0,37,1,0
8,700,21.000000,0.000000,1,5,1568422,911,70,911,70,0,37,1,0
8,700,21.000000,0.000000,1,5,1568424,920,71,920,71,0,37,1,0
8,700,21.000000,0.000000,1,5,1568427,928,72,928,72,0,37,1,0
8,700,21.000000,0.000000,1,5,1568430,934,72,934,72,0,37,1,0
8,700,21.000000,0.000000,1,5,1568433,946,73,946,73,0,37,1,0
8,700,21.000000,0.000000,1,5,1568436,954,74,954,74,0,37,1,0
8,700,21.000000,0.000000,1,5,1568439,963,75,963,75,0,37,1,0
8,700,21.000000,0.000000,1,5,1568441,968,75,968,75,0,37,1,0
8,700,21.000000,0.000000,1,5,1568444,979,75,979,75,0,37,1,0
8,700,21.000000,0.000000,1,5,1568447,987,75,987,75,0,37,1,0
8,700,21.000000,0.000000,1,5,1568450,995,75,995,75,0,37,1,0
8,700,21.000000,0.000000,1,5,1568452,1000,76,1000,76,0,37,1,0
8,700,21.000000,0.000000,1,5,1568455,1012,76,1012,76,0,37,1,0
8,700,21.000000,0.000000,1,5,1568458,1020,76,1020,76,0,37,1,0
8,700,21.000000,0.000000,1,5,1568461,1027,76,1027,76,0,37,1,0
8,700,21.000000,0.000000,1,5,1568464,1037,76,1037,76,0,37,1,0
8,700,21.000000,0.000000,1,5,1568466,1043,76,1043,76,0,37,1,0
8,700,21.000000,0.000000,1,5,1568469,1046,76,1046,76,0,37,1,0
8,700,21.000000,0.000000,1,5,1568472,1054,76,1054,76,0,37,1,0
8,700,21.000000,0.000000,1,5,1568475,1061,76,1061,76,0,37,1,0
8,700,21.000000,0.000000,1,5,1568477,1065,76,1065,76,0,37,1,0
8,700,21.000000,0.000000,1,5,1568480,1071,76,1071,76,0,37,1,0
8,700,21.000000,0.000000,1,5,1568483,1077,76,1077,76,0,37,1,0
8,700,21.000000,0.000000,1,5,1568486,1084,76,1084,76,0,37,1,0
8,700,21.000000,0.000000,1,5,1568489,1090,76,1090,76,0,37,1,0
8,700,21.000000,0.000000,1,5,1568491,1096,75,1096,75,0,37,1,0
8,700,21.000000,0.000000,1,5,1568494,1102,75,1102,75,0,37,1,0
8,700,21.000000,0.000000,1,5,1568497,1107,74,1107,74,0,37,1,0
8,700,21.000000,0.000000,1,5,1568500,1112,74,1112,74,0,37,1,0
8,700,21.000000,0.000000,1,5,1568503,1117,74,1117,74,0,37,1,0
8,700,21.000000,0.000000,1,5,1568505,1121,73,1121,73,0,37,1,0
8,700,21.000000,0.000000,1,5,1568508,1126,73,1126,73,0,37,1,0
8,700,21.000000,0.000000,1,5,1568511,1130,72,1130,72,0,37,1,0
8,700,21.000000,0.000000,1,5,1568514,1134,72,1134,72,0,37,1,0
8,700,21.000000,0.000000,1,5,1568516,1137,72,1137,72,0,37,1,0
8,700,21.000000,0.000000,1,5,1568519,1142,71,1142,71,0,37,1,0
8,700,21.000000,0.000000,1,5,1568522,1145,70,1145,70,0,37,1,0
8,700,21.000000,0.000000,1,5,1568525,1149,70,1149,70,0,37,1,0
8,700,21.000000,0.000000,1,5,1568527,1153,69,1153,69,0,37,1,0
8,700,21.000000,0.000000,1,5,1568530,1156,69,1156,69,0,37,1,0
8,700,21.000000,0.000000,1,5,1568533,1159,69,1159,69,0,37,1,0
8,700,21.000000,0.000000,1,5,1568536,1163,69,1163,69,0,37,1,0
8,700,21.000000,0.000000,1,5,1568539,1167,68,1167,68,0,37,1,0
8,700,21.000000,0.000000,1,5,1568541,1171,68,1171,68,0,37,1,0
8,700,21.000000,0.000000,1,5,1568544,1175,67,1175,67,0,37,1,0
8,700,21.000000,0.000000,1,5,1568547,1178,67,1178,67,0,37,1,0
8,700,21.000000,0.000000,1,5,1568550,1180,67,1180,67,0,37,1,0
8,700,21.000000,0.000000,1,5,1568552,1183,67,1183,67,0,37,1,0
8,700,21.000000,0.000000,1,5,1568555,1185,67,1185,67,0,37,1,0
8,700,21.000000,0.000000,1,5,1568558,1189,66,1189,66,0,37,1,0
8,700,21.000000,0.000000,1,5,1568561,1192,65,1192,65,0,37,1,0
8,700,21.000000,0.000000,1,5,1568564,1195,65,1195,65,0,37,1,0
8,700,21.000000,0.000000,1,5,1568566,1198,64,1198,64,0,37,1,0
8,700,21.000000,0.000000,1,5,1568569,1200,63,1200,63,0,37,1,0
8,700,21.000000,0.000000,1,5,1568572,1202,63,1202,63,0,37,1,0
8,700,21.000000,0.000000,1,5,1568575,1204,62,1204,62,0,37,1,0
8,700,21.000000,0.000000,1,5,1568577,1207,61,1207,61,0,37,1,0
8,700,21.000000,0.000000,1,5,1568580,1210,61,1210,61,0,37,1,0
8,700,21.000000,0.000000,1,5,1568583,1213,60,1213,60,0,37,1,0
8,700,21.000000,0.000000,1,5,1568586,1215,59,1215,59,0,37,1,0
8,700,21.000000,0.000000,1,5,1568589,1217,59,1217,59,0,37,1,0
8,700,21.000000,0.000000,1,5,1568591,1219,58,1219,58,0,37,1,0
8,700,21.000000,0.000000,1,5,1568594,1222,58,1222,58,0,37,1,0
8,700,21.000000,0.000000,1,5,1568597,1224,57,1224,57,0,37,1,0
8,700,21.000000,0.000000,1,5,1568600,1226,57,1226,57,0,37,1,0
8,700,21.000000,0.000000,1,5,1568603,1228,56,1228,56,0,37,1,0
8,700,21.000000,0.000000,1,5,1568605,1229,56,1229,56,0,37,1,0
8,700,21.000000,0.000000,1,5,1568608,1231,54,1231,54,0,37,1,0
8,700,21.000000,0.000000,1,5,1568611,1233,54,1233,54,0,37,1,0
8,700,21.000000,0.000000,1,5,1568614,1234,53,1234,53,0,37,1,0
8,700,21.000000,0.000000,1,5,1568616,1236,52,1236,52,0,37,1,0
8,700,21.000000,0.000000,1,5,1568619,1237,52,1237,52,0,37,1,0
8,700,21.000000,0.000000,1,5,1568622,1238,50,1238,50,0,37,1,0
8,700,21.000000,0.000000,1,5,1568625,1239,50,1239,50,0,37,1,0
8,700,21.000000,0.000000,1,5,1568627,1242,49,1242,49,0,37,1,0
8,700,21.000000,0.000000,1,5,1568630,1243,48,1243,48,0,37,1,0
8,700,21.000000,0.000000,1,5,1568633,1243,47,1243,47,0,37,1,0
8,700,21.000000,0.000000,1,5,1568636,1244,47,1244,47,0,37,1,0
8,700,21.000000,0.000000,1,5,1568638,1245,47,1245,47,0,37,1,0
8,700,21.000000,0.000000,1,5,1568641,1247,46,1247,46,0,37,1,0
8,700,21.000000,0.000000,1,5,1568644,1248,45,1248,45,0,37,1,0
8,700,21.000000,0.000000,1,5,1568647,1249,44,1249,44,0,37,1,0
8,700,21.000000,0.000000,1,5,1568650,1250,43,1250,43,0,37,1,0
8,700,21.000000,0.000000,1,5,1568652,1251,42,1251,42,0,37,1,0
8,700,21.000000,0.000000,1,5,1568655,1252,42,1252,42,0,37,1,0
8,700,21.000000,0.000000,1,5,1568658,1253,41,1253,41,0,37,1,0
8,700,21.000000,0.000000,1,5,1568661,1254,41,1254,41,0,37,1,0
8,700,21.000000,0.000000,1,5,1568664,1255,40,1255,40,0,37,1,0
8,700,21.000000,0.000000,1,5,1568666,1256,39,1256,39,0,37,1,0
8,700,21.000000,0.000000,1,5,1568669,1258,38,1258,38,0,37,1,0
8,700,21.000000,0.000000,1,5,1568672,1259,38,1259,38,0,37,1,0
8,700,21.000000,0.000000,1,5,1568675,1260,38,1260,38,0,37,1,0
8,700,21.000000,0.000000,1,5,1568677,1262,37,1262,37,0,37,1,0
8,700,21.000000,0.000000,1,5,1568680,1263,37,1263,37,0,37,1,0
8,700,21.000000,0.000000,1,5,1568683,1264,36,1264,36,0,37,1,0
8,700,21.000000,0.000000,1,5,1568686,1265,36,1265,36,0,37,1,0
8,700,21.000000,0.000000,1,5,1568689,1265,35,1265,35,0,37,1,0
8,700,21.000000,0.000000,1,5,1568691,1266,34,1266,34,0,37,1,0
8,700,21.000000,0.000000,1,5,1568694,1267,34,1267,34,0,37,1,0
8,700,21.000000,0.000000,1,5,1568697,1268,34,1268,34,0,37,1,0
8,700,21.000000,0.000000,1,5,1568700,1269,34,1269,34,0,37,1,0
8,700,21.000000,0.000000,1,5,1568702,1270,34,1270,34,0,37,1,0
8,700,21.000000,0.000000,1,5,1568705,1270,33,1270,33,0,37,1,0
8,700,21.000000,0.000000,1,5,1568708,1271,33,1271,33,0,37,1,0
8,700,21.000000,0.000000,1,5,1568711,1272,33,1272,33,0,37,1,0
8,700,21.000000,0.000000,1,5,1568714,1273,33,1273,33,0,37,1,0
8,700,21.000000,0.000000,1,5,1568716,1274,33,1274,33,0,37,1,0
8,700,21.000000,0.000000,1,5,1568719,1275,33,1275,33,0,37,1,0
8,700,21.000000,0.000000,1,5,1568722,1275,32,1275,32,0,37,1,0
8,700,21.000000,0.000000,1,5,1568725,1275,31,1275,31,0,37,1,0
8,700,21.000000,0.000000,1,5,1568727,1276,31,1276,31,0,37,1,0
8,700,21.000000,0.000000,1,5,1568730,1277,31,1277,31,0,37,1,0
8,700,21.000000,0.000000,1,5,1568733,1277,31,1277,31,0,37,1,0
8,700,21.000000,0.000000,1,5,1568736,1277,31,1277,31,0,37,1,0
8,700,21.000000,0.000000,1,5,1568739,1277,30,1277,30,0,37,1,0
8,700,21.000000,0.000000,1,5,1568741,1278,30,1278,30,0,37,1,0
8,700,21.000000,0.000000,1,5,1568744,1278,29,1278,29,0,37,1,0
8,700,21.000000,0.000000,1,5,1568747,1278,28,1278,28,0,37,1,0
8,700,21.000000,0.000000,1,5,1568750,1279,28,1279,28,0,37,1,0
8,700,21.000000,0.000000,1,5,1568753,1280,28,1280,28,0,37,1,0
8,700,21.000000,0.000000,1,5,1568755,1280,27,1280,27,0,37,1,0
8,700,21.000000,0.000000,1,5,1568758,1280,26,1280,26,0,37,1,0
8,700,21.000000,0.000000,1,5,1568761,1281,26,1281,26,0,37,1,0
8,700,21.000000,0.000000,1,5,1568764,1281,26,1281,26,0,37,1,0
8,700,21.000000,0.000000,1,5,1568766,1282,26,1282,26,0,37,1,0
8,700,21.000000,0.000000,1,5,1568769,1282,26,1282,26,0,37,1,0
8,700,21.000000,0.000000,1,5,1568772,1283,26,1283,26,0,37,1,0
8,700,21.000000,0.000000,1,5,1568775,1284,26,1284,26,0,37,1,0
8,700,21.000000,0.000000,1,5,1568778,1285,26,1285,26,0,37,1,0
8,700,21.000000,0.000000,1,5,1568780,1286,26,1286,26,0,37,1,0
8,700,21.000000,0.000000,1,5,1568783,1286,25,1286,25,0,37,1,0
8,700,21.000000,0.000000,1,5,1568786,1287,25,1287,25,0,37,1,0
8,700,21.000000,0.000000,1,5,1568788,1288,25,1288,25,0,37,1,0
8,700,21.000000,0.000000,1,5,1568792,1288,24,1288,24,0,37,1,0
8,700,21.000000,0.000000,1,5,1568794,1289,24,1289,24,0,37,1,0
8,700,21.000000,0.000000,1,5,1568797,1290,24,1290,24,0,37,1,0
8,700,21.000000,0.000000,1,5,1568800,1291,24,1291,24,0,37,1,0
8,700,21.000000,0.000000,1,5,1568802,1291,23,1291,23,0,37,1,0
8,700,21.000000,0.000000,1,5,1568805,1292,22,1292,22,0,37,1,0
8,700,21.000000,0.000000,1,5,1568808,1293,22,1293,22,0,37,1,0
8,700,21.000000,0.000000,1,5,1568811,1294,22,1294,22,0,37,1,0
8,700,21.000000,0.000000,1,5,1568814,1295,22,1295,22,0,37,1,0
8,700,21.000000,0.000000,1,5,1568816,1296,22,1296,22,0,37,1,0
8,700,21.000000,0.000000,1,5,1568819,1297,22,1297,22,0,37,1,0
8,700,21.000000,0.000000,1,5,1568822,1297,22.600000,1297,21,0,37,1,0
8,700,21.000000,0.000000,1,5,1568825,1298,22.600000,1298,20,0,37,1,0
8,700,21.000000,0.000000,1,5,1568827,1299,22.600000,1299,19,0,37,1,0
8,700,21.000000,0.000000,1,5,1568830,1300,22.600000,1300,19,0,37,1,0
8,700,21.000000,0.000000,1,5,1568833,1301,22.600000,1301,19,0,37,1,0
8,700,21.000000,0.000000,1,5,1568836,1301,21.600000,1301,18,0,37,1,0
8,700,21.000000,0.000000,1,5,1568839,1301,20.600000,1301,17,0,37,1,0
8,700,21.000000,0.000000,1,5,1568841,1302,20.600000,1302,17,0,37,1,0
8,700,21.000000,0.000000,1,5,1568844,1302,20.600000,1302,17,0,37,1,0
8,700,21.000000,0.000000,1,5,1568847,1303,19.600000,1303,16,0,37,1,0
8,700,21.000000,0.000000,1,5,1568850,1304,18.600000,1304,15,0,37,1,0
8,700,21.000000,0.000000,1,5,1568852,1304,18.600000,1304,15,0,37,1,0
8,700,21.000000,0.000000,1,5,1568855,1305,18.600000,1305,15,0,37,1,0
8,700,21.000000,0.000000,1,5,1568858,1305,17.600000,1305,14,0,37,1,0
8,700,21.000000,0.000000,1,5,1568861,1305,16.600000,1305,13,0,37,1,0
8,700,21.000000,0.000000,1,5,1568864,1306,15.600000,1306,12,0,37,1,0
8,700,21.000000,0.000000,1,5,1568866,1307,14.600000,1307,11,0,37,1,0
8,700,21.000000,0.000000,1,5,1568869,1307,14.600000,1307,11,0,37,1,0
8,700,21.000000,0.000000,1,5,1568872,1307,14.600000,1307,11,0,37,1,0
8,700,21.000000,0.000000,1,5,1568875,1308,14.600000,1308,11,0,37,1,0
8,700,21.000000,0.000000,1,5,1568878,1309,14.600000,1309,11,0,37,1,0
8,700,21.000000,0.000000,1,5,1568880,1309,14.600000,1309,11,0,37,1,0
8,700,21.000000,0.000000,1,5,1568883,1309,13.600000,1309,10,0,37,1,0
8,700,21.000000,0.000000,1,5,1568886,1309,12.600000,1309,9,0,37,1,0
8,700,21.000000,0.000000,1,5,1568889,1309,12.600000,1309,9,0,37,1,0
8,700,21.000000,0.000000,1,5,1568892,1309,12.600000,1309,9,0,37,1,0
8,700,21.000000,0.000000,1,5,1568894,1310,12.600000,1310,9,0,37,1,0
8,700,21.000000,0.000000,1,5,1568897,1311,12.600000,1311,9,0,37,1,0
8,700,21.000000,0.000000,1,5,1568900,1311,12.600000,1311,9,0,37,1,0
8,700,21.000000,0.000000,1,5,1568903,1312,12.600000,1312,9,0,37,1,0
8,700,21.000000,0.000000,1,5,1568905,1312,11.600000,1312,8,0,37,1,0
8,700,21.000000,0.000000,1,5,1568908,1312,10.600000,1312,7,0,37,1,0
8,700,21.000000,0.000000,1,5,1568911,1312,10.600000,1312,7,0,37,1,0
8,700,21.000000,0.000000,1,5,1568914,1313,10.600000,1313,7,0,37,1,0
8,700,21.000000,0.000000,1,5,1568917,1314,10.600000,1314,7,0,37,1,0
8,700,21.000000,0.000000,1,5,1568919,1314,10.600000,1314,7,0,37,1,0
8,700,21.000000,0.000000,1,5,1568922,1314,10.600000,1314,7,0,37,1,0
8,700,21.000000,0.000000,1,5,1568925,1315,10.600000,1315,7,0,37,1,0
8,700,21.000000,0.000000,1,5,1568928,1315,9.600000,1315,6,0,37,1,0
8,700,21.000000,0.000000,1,5,1568930,1315,8.600000,1315,5,0,37,1,0
8,700,21.000000,0.000000,1,5,1568933,1315,8.600000,1315,5,0,37,1,0
8,700,21.000000,0.000000,1,5,1568936,1315,8.600000,1315,5,0,37,1,0
8,700,21.000000,0.000000,1,5,1568939,1315,8.600000,1315,5,0,37,1,0
8,700,21.000000,0.000000,1,5,1568941,1315,8.600000,1315,5,0,37,1,0
8,700,21.000000,0.000000,1,5,1568944,1315,8.600000,1315,5,0,37,1,0
8,700,21.000000,0.000000,1,5,1568947,1315,8.600000,1315,5,0,37,1,0
8,700,21.000000,0.000000,1,5,1568950,1316,8.600000,1316,5,0,37,1,0
8,700,21.000000,0.000000,1,5,1568952,1317,8.600000,1317,5,0,37,1,0
8,700,21.000000,0.000000,1,5,1568955,1317,8.600000,1317,5,0,37,1,0
8,700,21.000000,0.000000,1,5,1568958,1317,8.600000,1317,5,0,37,1,0
8,700,21.000000,0.000000,1,5,1568961,1317,7.600000,1317,4,0,37,1,0
8,700,21.000000,0.000000,1,5,1568964,1317,6.600000,1317,3,0,37,1,0
8,700,21.000000,0.000000,1,5,1568967,1317,6.600000,1317,3,0,37,1,0
8,700,21.000000,0.000000,1,5,1568970,1317,6.600000,1317,3,0,37,1,0
8,700,21.000000,0.000000,1,5,1568972,1317,6.600000,1317,3,0,37,1,0
8,700,21.000000,0.000000,1,5,1568975,1317,6.600000,1317,3,0,37,1,0
8,700,21.000000,0.000000,1,5,1568978,1317,6.600000,1317,3,0,37,1,0
8,700,21.000000,0.000000,1,5,1568981,1317,6.600000,1317,3,0,37,1,0
8,700,21.000000,0.000000,1,5,1568983,1317,6.600000,1317,3,0,37,1,0
8,700,21.000000,0.000000,1,5,1568986,1317,6.600000,1317,3,0,37,1,0
8,700,21.000000,0.000000,1,5,1568989,1317,6.600000,1317,3,0,37,1,0
8,700,21.000000,0.000000,1,5,1568992,1317,6.600000,1317,3,0,37,1,0
8,700,21.000000,0.000000,1,5,1568995,1317,6.600000,1317,3,0,37,1,0
8,700,21.000000,0.000000,1,5,1568997,1317,6.600000,1317,3,0,37,1,0
8,700,21.000000,0.000000,1,5,1569000,1317,6.600000,1317,3,0,37,1,0
8,700,21.000000,0.000000,1,5,1569003,1317,6.600000,1317,3,0,37,1,0
8,700,21.000000,0.000000,1,5,1569006,1317,6.600000,1317,3,0,37,1,0
8,700,21.000000,0.000000,1,5,1569008,1317,6.600000,1317,3,0,37,1,0
8,700,21.000000,0.000000,1,5,1569011,1317,6.600000,1317,3,0,37,1,0
8,700,21.000000,0.000000,1,5,1569014,1317,6.600000,1317,3,0,37,1,0
8,700,21.000000,0.000000,1,5,1569017,1317,6.600000,1317,3,0,37,1,0
8,700,21.000000,0.000000,1,5,1569020,1317,6.600000,1317,3,0,37,1,0
8,700,21.000000,0.000000,1,5,1569022,1317,6.600000,1317,3,0,37,1,0
8,700,21.000000,0.000000,1,5,1569025,1317,6.600000,1317,3,0,37,1,0
8,700,21.000000,0.000000,1,5,1569039,1317,6.600000,1317,3,0,37,1,0
