8,700,80.500000,42.000000,0,0,101278664,639,0,639,0,0,7,6
8,700,80.500000,42.000000,0,0,101278665,639,0,639,0,0,7,6
8,700,80.500000,42.000000,0,0,101278668,639,0,639,0,0,7,6
8,700,80.500000,42.000000,0,0,101278671,639,0,639,0,0,7,6
8,700,80.500000,42.000000,0,0,101278674,639,0,639,0,0,7,6
8,700,80.500000,42.000000,0,0,101278676,639,0,639,0,0,7,6
8,700,80.500000,42.000000,0,0,101278679,639,0,639,0,0,7,6
8,700,80.500000,42.000000,0,0,101278682,639,0,639,0,0,7,6
8,700,80.500000,42.000000,0,0,101278684,639,0,639,0,0,7,6
8,700,80.500000,42.000000,0,0,101278687,639,0,639,0,0,7,6
8,700,80.500000,42.000000,0,0,101278690,639,0,639,0,0,7,6
8,700,80.500000,42.000000,0,0,101278693,639,0,639,0,0,7,6
8,700,80.500000,42.000000,0,0,101278696,639,0,639,0,0,7,6
8,700,80.500000,42.000000,0,0,101278698,639,0,639,0,0,7,6
8,700,80.500000,42.000000,0,0,101278701,639,0,639,0,0,7,6
8,700,80.500000,42.000000,0,0,101278704,639,0,639,0,0,7,6
8,700,80.500000,42.000000,0,0,101278707,639,0,639,0,0,7,6
8,700,80.500000,42.000000,0,0,101278709,639,0,639,0,0,7,6
8,700,80.500000,42.000000,0,0,101278712,639,0,639,0,0,7,6
8,700,80.500000,42.000000,0,0,101278715,639,0,639,0,0,7,6
8,700,80.500000,42.000000,0,0,101278718,639,0,639,0,0,7,6
8,700,80.500000,42.000000,0,0,101278721,639,0,639,0,0,7,6
8,700,80.500000,42.000000,0,0,101278723,639,0,639,0,0,7,6
8,700,80.500000,42.000000,0,0,101278726,639,0,639,0,0,7,6
8,700,80.500000,42.000000,0,0,101278729,639,0,639,0,0,7,6
8,700,80.500000,42.000000,0,0,101278732,639,0,639,0,0,7,6
8,700,80.500000,42.000000,0,0,101278735,639,0,639,0,0,7,6
8,700,80.500000,42.000000,0,0,101278737,639,0,639,0,0,7,6
8,700,80.500000,42.000000,0,0,101278740,639,0,639,0,0,7,6
8,700,80.500000,42.000000,0,0,101278743,639,0,639,0,0,7,6
8,700,80.500000,42.000000,0,0,101278746,639,0,639,0,0,7,6
8,700,80.500000,42.000000,0,0,101278748,639,0,639,0,0,7,6
8,700,80.500000,42.000000,0,0,101278751,639,0,639,0,0,7,6
8,700,80.500000,42.000000,0,0,101278754,639,0,639,0,0,7,6
8,700,80.500000,42.000000,0,0,101278757,639,0,639,0,0,7,6
8,700,80.500000,42.000000,0,0,101278760,639,0,639,0,0,7,6
8,700,80.500000,42.000000,0,0,101278762,639,0,639,0,0,7,6
8,700,80.500000,42.000000,0,0,101278765,639,0,639,0,0,7,6
8,700,80.500000,42.000000,0,0,101278768,639,0,639,0,0,7,6
8,700,80.500000,42.000000,0,0,101278771,639,0,639,0,0,7,6
8,700,80.500000,42.000000,0,0,101278774,639,0,639,0,0,7,6
8,700,80.500000,42.000000,0,0,101278776,639,0,639,0,0,7,6
8,700,80.500000,42.000000,0,0,101278779,639,0,639,0,0,7,6
8,700,80.500000,42.000000,0,0,101278782,639,0,639,0,0,7,6
8,700,80.500000,42.000000,0,0,101278785,639,0,639,0,0,7,6
8,700,80.500000,42.000000,0,0,101278788,639,0,639,0,0,7,6
8,700,80.500000,42.000000,0,0,101278790,639,0,639,0,0,7,6
8,700,80.500000,42.000000,0,0,101278793,639,0,639,0,0,7,6
8,700,80.500000,42.000000,0,0,101278796,639,0,639,0,0,7,6
8,700,80.500000,42.000000,0,0,101278799,639,0,639,0,0,7,6
8,700,80.500000,42.000000,0,0,101278802,639,0,639,0,0,7,6
8,700,80.500000,42.000000,0,0,101278804,639,0,639,0,0,7,6
8,700,80.500000,42.000000,0,0,101278807,639,0,639,0,0,7,6
8,700,80.500000,42.000000,0,0,101278809,639,0,639,0,0,7,6
8,700,80.500000,42.000000,0,0,101278812,639,0,639,0,0,7,6
8,700,80.500000,42.000000,0,0,101278815,639,0,639,0,0,7,6
8,700,80.500000,42.000000,0,0,101278818,639,0,639,0,0,7,6
8,700,80.500000,42.000000,0,0,101278821,639,0,639,0,0,7,6
8,700,80.500000,42.000000,0,0,101278823,640,0,640,0,0,7,6
8,700,80.500000,42.000000,0,0,101278826,641,0,641,0,0,7,6
8,700,80.500000,42.000000,0,0,101278829,641,0,641,0,0,7,6
8,700,80.500000,42.000000,0,0,101278832,642,0,642,0,0,7,6
8,700,80.500000,42.000000,0,0,101278835,644,0,644,0,0,7,6
8,700,80.500000,42.000000,0,0,101278837,646,0,646,-1,0,7,6
8,700,80.500000,42.000000,0,0,101278840,647,0,647,-1,0,7,6
8,700,80.500000,42.000000,0,0,101278843,648,0,648,-1,0,7,6
8,700,80.500000,42.000000,0,0,101278846,650,0,650,-1,0,7,6
8,700,80.500000,42.000000,0,0,101278849,653,0,653,-1,0,7,6
8,700,80.500000,42.000000,0,0,101278851,656,0,656,-1,0,7,6
8,700,80.500000,42.000000,0,0,101278854,660,0,660,-1,0,7,6
8,700,80.500000,42.000000,0,0,101278857,663,0,663,-1,0,7,6
8,700,80.500000,42.000000,0,0,101278860,668,0,668,-1,0,7,6
8,700,80.500000,42.000000,0,0,101278863,673,0,673,-2,0,7,6
8,700,80.500000,42.000000,0,0,101278865,679,0,679,-2,0,7,6
8,700,80.500000,42.000000,0,0,101278868,684,0,684,-3,0,7,6
8,700,80.500000,42.000000,0,0,101278871,691,0,691,-4,0,7,6
8,700,80.500000,42.000000,0,0,101278874,698,0,698,-4,0,7,6
8,700,80.500000,42.000000,0,0,101278877,704,0,704,-5,0,7,6
8,700,80.500000,42.000000,0,0,101278879,713,0,713,-5,0,7,6
8,700,80.500000,42.000000,0,0,101278882,721,0,721,-6,0,7,6
8,700,80.500000,42.000000,0,0,101278885,727,0,727,-6,0,7,6
8,700,80.500000,42.000000,0,0,101278887,736,0,736,-7,0,7,6
8,700,80.500000,42.000000,0,0,101278890,744,0,744,-7,0,7,6
8,700,80.500000,42.000000,0,0,101278893,754,0,754,-8,0,7,6
8,700,80.500000,42.000000,0,0,101278896,763,0,763,-8,0,7,6
8,700,80.500000,42.000000,0,0,101278899,771,0,771,-8,0,7,6
8,700,80.500000,42.000000,0,0,101278901,781,0,781,-9,0,7,6
8,700,80.500000,42.000000,0,0,101278904,792,0,792,-9,0,7,6
8,700,80.500000,42.000000,0,0,101278907,800,0,800,-9,0,7,6
8,700,80.500000,42.000000,0,0,101278910,809,0,809,-9,0,7,6
8,700,80.500000,42.000000,0,0,101278913,818,0,818,-9,0,7,6
8,700,80.500000,42.000000,0,0,101278915,827,0,827,-9,0,7,6
8,700,80.500000,42.000000,0,0,101278918,836,0,836,-9,0,7,6
8,700,80.500000,42.000000,0,0,101278921,847,0,847,-9,0,7,6
8,700,80.500000,42.000000,0,0,101278923,856,0,856,-9,0,7,6
8,700,80.500000,42.000000,0,0,101278926,865,0,865,-9,0,7,6
8,700,80.500000,42.000000,0,0,101278929,874,0,874,-9,0,7,6
8,700,80.500000,42.000000,0,0,101278932,883,0,883,-10,0,7,6
8,700,80.500000,42.000000,0,0,101278935,894,0,894,-10,0,7,6
8,700,80.500000,42.000000,0,0,101278937,902,0,902,-10,0,7,6
8,700,80.500000,42.000000,0,0,101278940,913,0,913,-11,0,7,6
8,700,80.500000,42.000000,0,0,101278943,922,0,922,-11,0,7,6
8,700,80.500000,42.000000,0,0,101278946,933,0,933,-11,0,7,6
8,700,80.500000,42.000000,0,0,101278949,942,0,942,-11,0,7,6
8,700,80.500000,42.000000,0,0,101278952,953,0,953,-11,0,7,6
8,700,80.500000,42.000000,0,0,101278954,963,0,963,-11,0,7,6
8,700,80.500000,42.000000,0,0,101278957,972,0,972,-11,0,7,6
8,700,80.500000,42.000000,0,0,101278960,981,0,981,-11,0,7,6
8,700,80.500000,42.000000,0,0,101278963,990,0,990,-11,0,7,6
8,700,80.500000,42.000000,0,0,101278965,1001,1,1001,-10,0,7,6
8,700,80.500000,42.000000,0,0,101278968,1010,1,1010,-10,0,7,6
8,700,80.500000,42.000000,0,0,101278971,1020,1,1020,-10,0,7,6
8,700,80.500000,42.000000,0,0,101278974,1029,1,1029,-10,0,7,6
8,700,80.500000,42.000000,0,0,101278976,1037,1,1037,-10,0,7,6
8,700,80.500000,42.000000,0,0,101278979,1045,1,1045,-10,0,7,6
8,700,80.500000,42.000000,0,0,101278982,1052,1,1052,-10,0,7,6
8,700,80.500000,42.000000,0,0,101278985,1060,1,1060,-10,0,7,6
8,700,80.500000,42.000000,0,0,101278987,1066,1,1066,-10,0,7,6
8,700,80.500000,42.000000,0,0,101278990,1074,1,1074,-10,0,7,6
8,700,80.500000,42.000000,0,0,101278993,1080,1,1080,-10,0,7,6
8,700,80.500000,42.000000,0,0,101278996,1086,1,1086,-10,0,7,6
8,700,80.500000,42.000000,0,0,101278999,1094,1,1094,-10,0,7,6
8,700,80.500000,42.000000,0,0,101279001,1107,1,1107,-10,0,7,6
8,700,80.500000,42.000000,0,0,101279004,1113,1,1113,-10,0,7,6
8,700,80.500000,42.000000,0,0,101279007,1117,1,1117,-10,0,7,6
8,700,80.500000,42.000000,0,0,101279010,1122,1,1122,-10,0,7,6
8,700,80.500000,42.000000,0,0,101279013,1128,1,1128,-10,0,7,6
8,700,80.500000,42.000000,0,0,101279016,1132,1,1132,-10,0,7,6
8,700,80.500000,42.000000,0,0,101279018,1135,1,1135,-10,0,7,6
8,700,80.500000,42.000000,0,0,101279021,1139,1,1139,-10,0,7,6
8,700,80.500000,42.000000,0,0,101279024,1142,1,1142,-10,0,7,6
8,700,80.500000,42.000000,0,0,101279027,1145,1,1145,-10,0,7,6
8,700,80.500000,42.000000,0,0,101279029,1148,1,1148,-10,0,7,6
8,700,80.500000,42.000000,0,0,101279032,1150,1,1150,-10,0,7,6
8,700,80.500000,42.000000,0,0,101279035,1153,1,1153,-10,0,7,6
8,700,80.500000,42.000000,0,0,101279038,1155,1,1155,-10,0,7,6
8,700,80.500000,42.000000,0,0,101279040,1157,1,1157,-10,0,7,6
8,700,80.500000,42.000000,0,0,101279043,1158,1,1158,-10,0,7,6
8,700,80.500000,42.000000,0,0,101279046,1160,1,1160,-10,0,7,6
8,700,80.500000,42.000000,0,0,101279049,1163,1,1163,-10,0,7,6
8,700,80.500000,42.000000,0,0,101279051,1165,1,1165,-10,0,7,6
8,700,80.500000,42.000000,0,0,101279054,1166,1,1166,-10,0,7,6
8,700,80.500000,42.000000,0,0,101279057,1168,1,1168,-10,0,7,6
8,700,80.500000,42.000000,0,0,101279060,1171,1,1171,-10,0,7,6
8,700,80.500000,42.000000,0,0,101279063,1173,1,1173,-10,0,7,6
8,700,80.500000,42.000000,0,0,101279066,1174,1,1174,-10,0,7,6
8,700,80.500000,42.000000,0,0,101279068,1176,1,1176,-10,0,7,6
8,700,80.500000,42.000000,0,0,101279071,1177,1,1177,-10,0,7,6
8,700,80.500000,42.000000,0,0,101279074,1179,1,1179,-10,0,7,6
8,700,80.500000,42.000000,0,0,101279077,1180,1,1180,-10,0,7,6
8,700,80.500000,42.000000,0,0,101279079,1181,1,1181,-10,0,7,6
8,700,80.500000,42.000000,0,0,101279082,1182,1,1182,-10,0,7,6
8,700,80.500000,42.000000,0,0,101279085,1183,1,1183,-10,0,7,6
8,700,80.500000,42.000000,0,0,101279088,1184,1,1184,-10,0,7,6
8,700,80.500000,42.000000,0,0,101279091,1185,1,1185,-10,0,7,6
8,700,80.500000,42.000000,0,0,101279093,1186,1,1186,-10,0,7,6
8,700,80.500000,42.000000,0,0,101279096,1189,1,1189,-10,0,7,6
8,700,80.500000,42.000000,0,0,101279099,1190,1,1190,-10,0,7,6
8,700,80.500000,42.000000,0,0,101279102,1191,1,1191,-10,0,7,6
8,700,80.500000,42.000000,0,0,101279104,1193,1,1193,-10,0,7,6
8,700,80.500000,42.000000,0,0,101279107,1195,1,1195,-10,0,7,6
8,700,80.500000,42.000000,0,0,101279110,1197,1,1197,-10,0,7,6
8,700,80.500000,42.000000,0,0,101279113,1199,1,1199,-10,0,7,6
8,700,80.500000,42.000000,0,0,101279116,1200,1,1200,-10,0,7,6
8,700,80.500000,42.000000,0,0,101279118,1201,1,1201,-10,0,7,6
8,700,80.500000,42.000000,0,0,101279121,1202,1,1202,-10,0,7,6
8,700,80.500000,42.000000,0,0,101279124,1204,1,1204,-10,0,7,6
8,700,80.500000,42.000000,0,0,101279127,1205,1,1205,-10,0,7,6
8,700,80.500000,42.000000,0,0,101279130,1206,1,1206,-10,0,7,6
8,700,80.500000,42.000000,0,0,101279132,1207,1,1207,-10,0,7,6
8,700,80.500000,42.000000,0,0,101279135,1208,1,1208,-10,0,7,6
8,700,80.500000,42.000000,0,0,101279137,1210,1,1210,-10,0,7,6
8,700,80.500000,42.000000,0,0,101279140,1212,1,1212,-10,0,7,6
8,700,80.500000,42.000000,0,0,101279143,1214,1,1214,-10,0,7,6
8,700,80.500000,42.000000,0,0,101279146,1216,1,1216,-10,0,7,6
8,700,80.500000,42.000000,0,0,101279149,1217,1,1217,-10,0,7,6
8,700,80.500000,42.000000,0,0,101279151,1218,1,1218,-10,0,7,6
8,700,80.500000,42.000000,0,0,101279154,1219,1,1219,-10,0,7,6
8,700,80.500000,42.000000,0,0,101279157,1222,1,1222,-10,0,7,6
8,700,80.500000,42.000000,0,0,101279160,1224,1,1224,-10,0,7,6
8,700,80.500000,42.000000,0,0,101279163,1226,1,1226,-10,0,7,6
8,700,80.500000,42.000000,0,0,101279165,1228,1,1228,-10,0,7,6
8,700,80.500000,42.000000,0,0,101279168,1230,1,1230,-10,0,7,6
8,700,80.500000,42.000000,0,0,101279171,1231,1,1231,-10,0,7,6
8,700,80.500000,42.000000,0,0,101279174,1234,1,1234,-10,0,7,6
8,700,80.500000,42.000000,0,0,101279177,1236,1,1236,-10,0,7,6
8,700,80.500000,42.000000,0,0,101279179,1237,1,1237,-10,0,7,6
8,700,80.500000,42.000000,0,0,101279182,1238,1,1238,-10,0,7,6
8,700,80.500000,42.000000,0,0,101279185,1239,1,1239,-10,0,7,6
8,700,80.500000,42.000000,0,0,101279188,1240,1,1240,-10,0,7,6
8,700,80.500000,42.000000,0,0,101279191,1241,1,1241,-10,0,7,6
8,700,80.500000,42.000000,0,0,101279193,1242,1,1242,-10,0,7,6
8,700,80.500000,42.000000,0,0,101279196,1243,1,1243,-10,0,7,6
8,700,80.500000,42.000000,0,0,101279199,1244,1,1244,-10,0,7,6
8,700,80.500000,42.000000,0,0,101279202,1245,1,1245,-10,0,7,6
8,700,80.500000,42.000000,0,0,101279205,1246,1,1246,-10,0,7,6
8,700,80.500000,42.000000,0,0,101279207,1247,1,1247,-10,0,7,6
8,700,80.500000,42.000000,0,0,101279210,1248,1,1248,-10,0,7,6
8,700,80.500000,42.000000,0,0,101279213,1248,1,1248,-10,0,7,6
8,700,80.500000,42.000000,0,0,101279216,1249,1,1249,-10,0,7,6
8,700,80.500000,42.000000,0,0,101279218,1250,1,1250,-10,0,7,6
8,700,80.500000,42.000000,0,0,101279221,1251,1,1251,-10,0,7,6
8,700,80.500000,42.000000,0,0,101279224,1252,0,1252,-11,0,7,6
8,700,80.500000,42.000000,0,0,101279226,1253,0,1253,-11,0,7,6
8,700,80.500000,42.000000,0,0,101279230,1254,0,1254,-11,0,7,6
8,700,80.500000,42.000000,0,0,101279232,1255,0,1255,-11,0,7,6
8,700,80.500000,42.000000,0,0,101279235,1256,0,1256,-11,0,7,6
8,700,80.500000,42.000000,0,0,101279238,1257,0,1257,-11,0,7,6
8,700,80.500000,42.000000,0,0,101279240,1258,0,1258,-11,0,7,6
8,700,80.500000,42.000000,0,0,101279243,1259,0,1259,-11,0,7,6
8,700,80.500000,42.000000,0,0,101279246,1261,0,1261,-11,0,7,6
8,700,80.500000,42.000000,0,0,101279249,1263,0,1263,-11,0,7,6
8,700,80.500000,42.000000,0,0,101279252,1264,0,1264,-11,0,7,6
8,700,80.500000,42.000000,0,0,101279254,1265,0,1265,-11,0,7,6
8,700,80.500000,42.000000,0,0,101279257,1266,0,1266,-11,0,7,6
8,700,80.500000,42.000000,0,0,101279260,1268,0,1268,-12,0,7,6
8,700,80.500000,42.000000,0,0,101279263,1269,0,1269,-12,0,7,6
8,700,80.500000,42.000000,0,0,101279266,1270,0,1270,-12,0,7,6
8,700,80.500000,42.000000,0,0,101279268,1271,0,1271,-12,0,7,6
8,700,80.500000,42.000000,0,0,101279271,1272,0,1272,-12,0,7,6
8,700,80.500000,42.000000,0,0,101279274,1274,0,1274,-12,0,7,6
8,700,80.500000,42.000000,0,0,101279277,1275,0,1275,-12,0,7,6
8,700,80.500000,42.000000,0,0,101279280,1276,0,1276,-12,0,7,6
8,700,80.500000,42.000000,0,0,101279282,1277,0,1277,-12,0,7,6
8,700,80.500000,42.000000,0,0,101279285,1278,0,1278,-12,0,7,6
8,700,80.500000,42.000000,0,0,101279288,1280,0,1280,-12,0,7,6
8,700,80.500000,42.000000,0,0,101279291,1281,0,1281,-12,0,7,6
8,700,80.500000,42.000000,0,0,101279293,1283,0,1283,-12,0,7,6
8,700,80.500000,42.000000,0,0,101279296,1285,0,1285,-13,0,7,6
8,700,80.500000,42.000000,0,0,101279299,1285,0,1285,-13,0,7,6
8,700,80.500000,42.000000,0,0,101279302,1286,0,1286,-13,0,7,6
8,700,80.500000,42.000000,0,0,101279305,1286,0,1286,-13,0,7,6
8,700,80.500000,42.000000,0,0,101279307,1286,0,1286,-13,0,7,6
8,700,80.500000,42.000000,0,0,101279310,1287,0,1287,-13,0,7,6
8,700,80.500000,42.000000,0,0,101279313,1288,0,1288,-13,0,7,6
8,700,80.500000,42.000000,0,0,101279316,1289,0,1289,-13,0,7,6
8,700,80.500000,42.000000,0,0,101279318,1289,0,1289,-13,0,7,6
8,700,80.500000,42.000000,0,0,101279321,1290,0,1290,-13,0,7,6
8,700,80.500000,42.000000,0,0,101279324,1291,0,1291,-13,0,7,6
8,700,80.500000,42.000000,0,0,101279326,1291,0,1291,-13,0,7,6
8,700,80.500000,42.000000,0,0,101279329,1291,0,1291,-13,0,7,6
8,700,80.500000,42.000000,0,0,101279332,1292,0,1292,-13,0,7,6
8,700,80.500000,42.000000,0,0,101279335,1292,0,1292,-13,0,7,6
8,700,80.500000,42.000000,0,0,101279338,1293,0,1293,-13,0,7,6
8,700,80.500000,42.000000,0,0,101279340,1293,0,1293,-13,0,7,6
8,700,80.500000,42.000000,0,0,101279343,1293,0,1293,-13,0,7,6
8,700,80.500000,42.000000,0,0,101279346,1294,0,1294,-13,0,7,6
8,700,80.500000,42.000000,0,0,101279349,1295,0,1295,-13,0,7,6
8,700,80.500000,42.000000,0,0,101279352,1295,0,1295,-13,0,7,6
8,700,80.500000,42.000000,0,0,101279354,1296,0,1296,-13,0,7,6
8,700,80.500000,42.000000,0,0,101279357,1297,0,1297,-13,0,7,6
8,700,80.500000,42.000000,0,0,101279360,1298,0,1298,-13,0,7,6
8,700,80.500000,42.000000,0,0,101279363,1298,0,1298,-13,0,7,6
8,700,80.500000,42.000000,0,0,101279366,1298,0,1298,-13,0,7,6
8,700,80.500000,42.000000,0,0,101279369,1298,0,1298,-13,0,7,6
8,700,80.500000,42.000000,0,0,101279371,1298,0,1298,-13,0,7,6
8,700,80.500000,42.000000,0,0,101279374,1298,0,1298,-13,0,7,6
8,700,80.500000,42.000000,0,0,101279377,1298,0,1298,-13,0,7,6
8,700,80.500000,42.000000,0,0,101279380,1299,0,1299,-13,0,7,6
8,700,80.500000,42.000000,0,0,101279382,1299,0,1299,-13,0,7,6
8,700,80.500000,42.000000,0,0,101279385,1299,0,1299,-13,0,7,6
8,700,80.500000,42.000000,0,0,101279388,1299,0,1299,-13,0,7,6
8,700,80.500000,42.000000,0,0,101279391,1299,0,1299,-13,0,7,6
8,700,80.500000,42.000000,0,0,101279394,1299,0,1299,-13,0,7,6
8,700,80.500000,42.000000,0,0,101279396,1299,0,1299,-13,0,7,6
8,700,80.500000,42.000000,0,0,101279399,1299,0,1299,-13,0,7,6
8,700,80.500000,42.000000,0,0,101279402,1299,0,1299,-13,0,7,6
8,700,80.500000,42.000000,0,0,101279405,1299,0,1299,-13,0,7,6
8,700,80.500000,42.000000,0,0,101279407,1299,0,1299,-13,0,7,6
8,700,80.500000,42.000000,0,0,101279410,1300,0,1300,-13,0,7,6
8,700,80.500000,42.000000,0,0,101279413,1300,0,1300,-13,0,7,6
8,700,80.500000,42.000000,0,0,101279416,1300,0,1300,-13,0,7,6
8,700,80.500000,42.000000,0,0,101279418,1300,0,1300,-13,0,7,6
8,700,80.500000,42.000000,0,0,101279421,1300,0,1300,-13,0,7,6
8,700,80.500000,42.000000,0,0,101279424,1300,0,1300,-13,0,7,6
8,700,80.500000,42.000000,0,0,101279427,1300,0,1300,-13,0,7,6
8,700,80.500000,42.000000,0,0,101279429,1300,0,1300,-13,0,7,6
8,700,80.500000,42.000000,0,0,101279432,1300,0,1300,-13,0,7,6
8,700,80.500000,42.000000,0,0,101279435,1300,0,1300,-13,0,7,6
8,700,80.500000,42.000000,0,0,101279438,1300,0,1300,-13,0,7,6
8,700,80.500000,42.000000,0,0,101279440,1300,0,1300,-13,0,7,6
8,700,80.500000,42.000000,0,0,101279443,1300,0,1300,-13,0,7,6
8,700,80.500000,42.000000,0,0,101279446,1300,0,1300,-13,0,7,6
8,700,80.500000,42.000000,0,0,101279449,1300,0,1300,-13,0,7,6
8,700,80.500000,42.000000,0,0,101279452,1300,0,1300,-13,0,7,6
8,700,80.500000,42.000000,0,0,101279454,1300,0,1300,-13,0,7,6
8,700,80.500000,42.000000,0,0,101279457,1300,0,1300,-13,0,7,6
8,700,80.500000,42.000000,0,0,101279460,1300,0,1300,-13,0,7,6
8,700,80.500000,42.000000,0,0,101279463,1300,0,1300,-13,0,7,6
8,700,80.500000,42.000000,0,0,101279466,1300,0,1300,-13,0,7,6
8,700,80.500000,42.000000,0,0,101279468,1300,0,1300,-13,0,7,6
8,700,80.500000,42.000000,0,0,101279471,1300,0,1300,-13,0,7,6
8,700,80.500000,42.000000,0,0,101279474,1300,0,1300,-13,0,7,6
8,700,80.500000,42.000000,0,0,101279477,1300,0,1300,-13,0,7,6
8,700,80.500000,42.000000,0,0,101279480,1300,0,1300,-13,0,7,6
8,700,80.500000,42.000000,0,0,101279483,1300,0,1300,-13,0,7,6
8,700,80.500000,42.000000,0,0,101279485,1300,0,1300,-13,0,7,6
8,700,80.500000,42.000000,0,0,101279488,1300,0,1300,-13,0,7,6
8,700,80.500000,42.000000,0,0,101279491,1300,0,1300,-13,0,7,6
8,700,80.500000,42.000000,0,0,101279494,1300,0,1300,-13,0,7,6
8,700,80.500000,42.000000,0,0,101279496,1300,0,1300,-13,0,7,6
8,700,80.500000,42.000000,0,0,101279499,1300,0,1300,-13,0,7,6
8,700,80.500000,42.000000,0,0,101279502,1300,0,1300,-13,0,7,6
8,700,80.500000,42.000000,0,0,101279504,1300,0,1300,-13,0,7,6
8,700,80.500000,42.000000,0,0,101279507,1300,0,1300,-13,0,7,6
8,700,80.500000,42.000000,0,0,101279510,1300,0,1300,-13,0,7,6
8,700,80.500000,42.000000,0,0,101279513,1300,0,1300,-13,0,7,6
8,700,80.500000,42.000000,0,0,101279515,1300,0,1300,-13,0,7,6
8,700,80.500000,42.000000,0,0,101279519,1300,0,1300,-13,0,7,6
8,700,80.500000,42.000000,0,0,101279521,1300,0,1300,-13,0,7,6
8,700,80.500000,42.000000,0,0,101279524,1300,0,1300,-13,0,7,6
8,700,80.500000,42.000000,0,0,101279527,1300,0,1300,-13,0,7,6
8,700,80.500000,42.000000,0,0,101279529,1300,0,1300,-13,0,7,6
8,700,80.500000,42.000000,0,0,101279532,1300,0,1300,-13,0,7,6
8,700,80.500000,42.000000,0,0,101279535,1300,0,1300,-13,0,7,6
8,700,80.500000,42.000000,0,0,101279538,1300,0,1300,-13,0,7,6
8,700,80.500000,42.000000,0,0,101279541,1300,0,1300,-13,0,7,6
8,700,80.500000,42.000000,0,0,101279544,1300,0,1300,-13,0,7,6
8,700,80.500000,42.000000,0,0,101279546,1300,0,1300,-13,0,7,6
8,700,80.500000,42.000000,0,0,101279549,1300,0,1300,-13,0,7,6
8,700,80.500000,42.000000,0,0,101279552,1300,0,1300,-13,0,7,6
8,700,80.500000,42.000000,0,0,101279555,1300,0,1300,-13,0,7,6
8,700,80.500000,42.000000,0,0,101279558,1300,0,1300,-13,0,7,6
8,700,80.500000,42.000000,0,0,101279560,1300,0,1300,-13,0,7,6
8,700,80.500000,42.000000,0,0,101279563,1300,0,1300,-13,0,7,6
8,700,80.500000,42.000000,0,0,101279566,1300,0,1300,-13,0,7,6
8,700,80.500000,42.000000,0,0,101279568,1300,0,1300,-13,0,7,6
8,700,80.500000,42.000000,0,0,101279571,1300,0,1300,-13,0,7,6
8,700,80.500000,42.000000,0,0,101279574,1300,0,1300,-13,0,7,6
8,700,80.500000,42.000000,0,0,101279577,1300,0,1300,-13,0,7,6
8,700,80.500000,42.000000,0,0,101279579,1299,0,1299,-13,0,7,6
8,700,80.500000,42.000000,0,0,101279582,1298,0,1298,-13,0,7,6
8,700,80.500000,42.000000,0,0,101279585,1298,0,1298,-13,0,7,6
8,700,80.500000,42.000000,0,0,101279588,1298,0,1298,-13,0,7,6
8,700,80.500000,42.000000,0,0,101279591,1298,0,1298,-13,0,7,6
8,700,80.500000,42.000000,0,0,101279594,1298,0,1298,-13,0,7,6
8,700,80.500000,42.000000,0,0,101279596,1298,0,1298,-13,0,7,6
8,700,80.500000,42.000000,0,0,101279599,1298,0,1298,-13,0,7,6
8,700,80.500000,42.000000,0,0,101279602,1298,0,1298,-13,0,7,6
8,700,80.500000,42.000000,0,0,101279605,1298,0,1298,-13,0,7,6
8,700,80.500000,42.000000,0,0,101279607,1298,0,1298,-13,0,7,6
8,700,80.500000,42.000000,0,0,101279610,1298,0,1298,-13,0,7,6
8,700,80.500000,42.000000,0,0,101279613,1298,0,1298,-13,0,7,6
8,700,80.500000,42.000000,0,0,101279616,1298,0,1298,-13,0,7,6
8,700,80.500000,42.000000,0,0,101279619,1298,0,1298,-13,0,7,6
8,700,80.500000,42.000000,0,0,101279621,1298,0,1298,-13,0,7,6
8,700,80.500000,42.000000,0,0,101279624,1298,0,1298,-13,0,7,6
8,700,80.500000,42.000000,0,0,101279627,1298,0,1298,-13,0,7,6
8,700,80.500000,42.000000,0,0,101279630,1298,0,1298,-13,0,7,6
8,700,80.500000,42.000000,0,0,101279633,1298,0,1298,-13,0,7,6
8,700,80.500000,42.000000,0,0,101279635,1298,0,1298,-13,0,7,6
8,700,80.500000,42.000000,0,0,101279638,1298,0,1298,-13,0,7,6
8,700,80.500000,42.000000,0,0,101279641,1298,0,1298,-13,0,7,6
8,700,80.500000,42.000000,0,0,101279644,1298,0,1298,-13,0,7,6
8,700,80.500000,42.000000,0,0,101279646,1298,0,1298,-13,0,7,6
8,700,80.500000,42.000000,0,0,101279649,1298,0,1298,-13,0,7,6
8,700,80.500000,42.000000,0,0,101279663,1298,0,1298,-13,0,7,6
