8,700,21.000000,42.000000,0,5,1097411,611,0,611,0,0,9,5,0
8,700,21.000000,42.000000,0,5,1097411,611,0,611,0,0,9,5,0
8,700,21.000000,42.000000,0,5,1097414,611,0,611,0,0,9,5,0
8,700,21.000000,42.000000,0,5,1097417,611,0,611,0,0,9,5,0
8,700,21.000000,42.000000,0,5,1097420,611,0,611,0,0,9,5,0
8,700,21.000000,42.000000,0,5,1097422,611,0,611,0,0,9,5,0
8,700,21.000000,42.000000,0,5,1097425,611,0,611,0,0,9,5,0
8,700,21.000000,42.000000,0,5,1097428,611,0,611,0,0,9,5,0
8,700,21.000000,42.000000,0,5,1097431,611,0,611,0,0,9,5,0
8,700,21.000000,42.000000,0,5,1097433,611,0,611,0,0,9,5,0
8,700,21.000000,42.000000,0,5,1097436,611,0,611,0,0,9,5,0
8,700,21.000000,42.000000,0,5,1097439,611,0,611,0,0,9,5,0
8,700,21.000000,42.000000,0,5,1097442,611,0,611,0,0,9,5,0
8,700,21.000000,42.000000,0,5,1097445,611,0,611,0,0,9,5,0
8,700,21.000000,42.000000,0,5,1097447,611,0,611,0,0,9,5,0
8,700,21.000000,42.000000,0,5,1097450,611,0,611,0,0,9,5,0
8,700,21.000000,42.000000,0,5,1097453,611,0,611,0,0,9,5,0
8,700,21.000000,42.000000,0,5,1097456,611,0,611,0,0,9,5,0
8,700,21.000000,42.000000,0,5,1097459,611,0,611,0,0,9,5,0
8,700,21.000000,42.000000,0,5,1097461,611,0,611,0,0,9,5,0
8,700,21.000000,42.000000,0,5,1097464,611,0,611,0,0,9,5,0
8,700,21.000000,42.000000,0,5,1097467,611,0,611,0,0,9,5,0
8,700,21.000000,42.000000,0,5,1097470,611,0,611,0,0,9,5,0
8,700,21.000000,42.000000,0,5,1097472,611,0,611,0,0,9,5,0
8,700,21.000000,42.000000,0,5,1097475,611,0,611,0,0,9,5,0
8,700,21.000000,42.000000,0,5,1097478,611,0,611,0,0,9,5,0
8,700,21.000000,42.000000,0,5,1097481,611,0,611,0,0,9,5,0
8,700,21.000000,42.000000,0,5,1097484,611,0,611,0,0,9,5,0
8,700,21.000000,42.000000,0,5,1097486,611,0,611,0,0,9,5,0
8,700,21.000000,42.000000,0,5,1097489,611,0,611,0,0,9,5,0
8,700,21.000000,42.000000,0,5,1097492,611,0,611,0,0,9,5,0
8,700,21.000000,42.000000,0,5,1097495,611,0,611,0,0,9,5,0
8,700,21.000000,42.000000,0,5,1097498,611,0,611,0,0,9,5,0
8,700,21.000000,42.000000,0,5,1097501,611,0,611,0,0,9,5,0
8,700,21.000000,42.000000,0,5,1097503,612,0,612,0,0,9,5,0
8,700,21.000000,42.000000,0,5,1097506,614,0,614,-1,0,9,5,0
8,700,21.000000,42.000000,0,5,1097509,615,0,615,-1,0,9,5,0
8,700,21.000000,42.000000,0,5,1097512,616,0,616,-2,0,9,5,0
8,700,21.000000,42.000000,0,5,1097514,618,0,618,-3,0,9,5,0
8,700,21.000000,42.000000,0,5,1097517,620,0,620,-4,0,9,5,0
8,700,21.000000,42.000000,0,5,1097520,623,0,623,-6,0,9,5,0
8,700,21.000000,42.000000,0,5,1097523,625,0,625,-6,0,9,5,0
8,700,21.000000,42.000000,0,5,1097526,628,0,628,-7,0,9,5,0
8,700,21.000000,42.000000,0,5,1097528,632,0,632,-7,0,9,5,0
8,700,21.000000,42.000000,0,5,1097531,636,0,636,-8,0,9,5,0
8,700,21.000000,42.000000,0,5,1097534,639,0,639,-9,0,9,5,0
8,700,21.000000,42.000000,0,5,1097537,641,0,641,-10,0,9,5,0
8,700,21.000000,42.000000,0,5,1097539,645,0,645,-10,0,9,5,0
8,700,21.000000,42.000000,0,5,1097542,649,0,649,-11,0,9,5,0
8,700,21.000000,42.000000,0,5,1097545,653,0,653,-11,0,9,5,0
8,700,21.000000,42.000000,0,5,1097548,660,0,660,-13,0,9,5,0
8,700,21.000000,42.000000,0,5,1097550,665,0,665,-13,0,9,5,0
8,700,21.000000,42.000000,0,5,1097553,669,0,669,-14,0,9,5,0
8,700,21.000000,42.000000,0,5,1097556,676,0,676,-15,0,9,5,0
8,700,21.000000,42.000000,0,5,1097559,679,0,679,-15,0,9,5,0
8,700,21.000000,42.000000,0,5,1097561,687,0,687,-17,0,9,5,0
8,700,21.000000,42.000000,0,5,1097565,692,0,692,-18,0,9,5,0
8,700,21.000000,42.000000,0,5,1097567,699,0,699,-20,0,9,5,0
8,700,21.000000,42.000000,0,5,1097570,707,0,707,-22,0,9,5,0
8,700,21.000000,42.000000,0,5,1097573,719,0,719,-23,0,9,5,0
8,700,21.000000,42.000000,0,5,1097576,725,0,725,-24,0,9,5,0
8,700,21.000000,42.000000,0,5,1097578,737,0,737,-26,0,9,5,0
8,700,21.000000,42.000000,0,5,1097581,748,0,748,-29,0,9,5,0
8,700,21.000000,42.000000,0,5,1097584,755,0,755,-30,0,9,5,0
8,700,21.000000,42.000000,0,5,1097587,770,0,770,-32,0,9,5,0
8,700,21.000000,42.000000,0,5,1097590,777,0,777,-34,0,9,5,0
8,700,21.000000,42.000000,0,5,1097592,794,0,794,-38,0,9,5,0
8,700,21.000000,42.000000,0,5,1097595,806,0,806,-39,0,9,5,0
8,700,21.000000,42.000000,0,5,1097598,817,0,817,-41,0,9,5,0
8,700,21.000000,42.000000,0,5,1097601,829,0,829,-43,0,9,5,0
8,700,21.000000,42.000000,0,5,1097603,841,0,841,-45,0,9,5,0
8,700,21.000000,42.000000,0,5,1097606,853,0,853,-47,0,9,5,0
8,700,21.000000,42.000000,0,5,1097609,865,0,865,-49,0,9,5,0
8,700,21.000000,42.000000,0,5,1097612,877,0,877,-51,0,9,5,0
8,700,21.000000,42.000000,0,5,1097615,890,0,890,-52,0,9,5,0
8,700,21.000000,42.000000,0,5,1097617,903,0,903,-54,0,9,5,0
8,700,21.000000,42.000000,0,5,1097620,916,0,916,-55,0,9,5,0
8,700,21.000000,42.000000,0,5,1097623,927,0,927,-57,0,9,5,0
8,700,21.000000,42.000000,0,5,1097625,939,0,939,-59,0,9,5,0
8,700,21.000000,42.000000,0,5,1097628,950,0,950,-61,0,9,5,0
8,700,21.000000,42.000000,0,5,1097631,963,0,963,-62,0,9,5,0
8,700,21.000000,42.000000,0,5,1097634,970,0,970,-63,0,9,5,0
8,700,21.000000,42.000000,0,5,1097636,986,0,986,-65,0,9,5,0
8,700,21.000000,42.000000,0,5,1097639,992,0,992,-66,0,9,5,0
8,700,21.000000,42.000000,0,5,1097642,1000,0,1000,-66,0,9,5,0
8,700,21.000000,42.000000,0,5,1097645,1009,0,1009,-66,0,9,5,0
8,700,21.000000,42.000000,0,5,1097648,1019,0,1019,-67,0,9,5,0
8,700,21.000000,42.000000,0,5,1097651,1030,0,1030,-68,0,9,5,0
8,700,21.000000,42.000000,0,5,1097653,1040,0,1040,-69,0,9,5,0
8,700,21.000000,42.000000,0,5,1097656,1050,0,1050,-70,0,9,5,0
8,700,21.000000,42.000000,0,5,1097659,1060,0,1060,-71,0,9,5,0
8,700,21.000000,42.000000,0,5,1097662,1069,0,1069,-72,0,9,5,0
8,700,21.000000,42.000000,0,5,1097664,1076,0,1076,-73,0,9,5,0
8,700,21.000000,42.000000,0,5,1097667,1088,0,1088,-74,0,9,5,0
8,700,21.000000,42.000000,0,5,1097670,1095,0,1095,-75,0,9,5,0
8,700,21.000000,42.000000,0,5,1097673,1098,0,1098,-75,0,9,5,0
8,700,21.000000,42.000000,0,5,1097675,1104,0,1104,-75,0,9,5,0
8,700,21.000000,42.000000,0,5,1097678,1110,0,1110,-76,0,9,5,0
8,700,21.000000,42.000000,0,5,1097681,1114,0,1114,-76,0,9,5,0
8,700,21.000000,42.000000,0,5,1097684,1119,0,1119,-77,0,9,5,0
8,700,21.000000,42.000000,0,5,1097687,1124,0,1124,-77,0,9,5,0
8,700,21.000000,42.000000,0,5,1097690,1127,0,1127,-77,0,9,5,0
8,700,21.000000,42.000000,0,5,1097692,1261,0,1132,-77,0,9,5,0
8,700,21.000000,42.000000,0,5,1097695,1266,0,1137,-77,0,9,5,0
8,700,21.000000,42.000000,0,5,1097698,1268,0,1139,-77,0,9,5,0
8,700,21.000000,42.000000,0,5,1097700,1270,0,1141,-77,0,9,5,0
8,700,21.000000,42.000000,0,5,1097703,1271,0,1142,-77,0,9,5,0
8,700,21.000000,42.000000,0,5,1097706,1272,0,1143,-78,0,9,5,0
8,700,21.000000,42.000000,0,5,1097709,1273,0,1144,-78,0,9,5,0
8,700,21.000000,42.000000,0,5,1097712,1275,0,1146,-78,0,9,5,0
8,700,21.000000,42.000000,0,5,1097714,1276,0,1147,-78,0,9,5,0
8,700,21.000000,42.000000,0,5,1097717,1277,0,1148,-78,0,9,5,0
8,700,21.000000,42.000000,0,5,1097720,1278,0,1149,-78,0,9,5,0
8,700,21.000000,42.000000,0,5,1097723,1280,0,1151,-78,0,9,5,0
8,700,21.000000,42.000000,0,5,1097726,1280,0,1151,-78,0,9,5,0
8,700,21.000000,42.000000,0,5,1097728,1281,0,1152,-78,0,9,5,0
8,700,21.000000,42.000000,0,5,1097731,1283,0,1154,-78,0,9,5,0
8,700,21.000000,42.000000,0,5,1097734,1284,0,1155,-79,0,9,5,0
8,700,21.000000,42.000000,0,5,1097737,1285,0,1156,-79,0,9,5,0
8,700,21.000000,42.000000,0,5,1097739,1286,0,1157,-79,0,9,5,0
8,700,21.000000,42.000000,0,5,1097742,1288,0,1159,-79,0,9,5,0
8,700,21.000000,42.000000,0,5,1097745,1289,0,1160,-79,0,9,5,0
8,700,21.000000,42.000000,0,5,1097748,1289,0,1160,-79,0,9,5,0
8,700,21.000000,42.000000,0,5,1097751,1290,0,1161,-79,0,9,5,0
8,700,21.000000,42.000000,0,5,1097753,1291,0,1162,-79,0,9,5,0
8,700,21.000000,42.000000,0,5,1097756,1292,0,1163,-79,0,9,5,0
8,700,21.000000,42.000000,0,5,1097759,1293,0,1164,-79,0,9,5,0
8,700,21.000000,42.000000,0,5,1097762,1293,0,1164,-79,0,9,5,0
8,700,21.000000,42.000000,0,5,1097764,1294,0,1165,-79,0,9,5,0
8,700,21.000000,42.000000,0,5,1097767,1294,0,1165,-79,0,9,5,0
8,700,21.000000,42.000000,0,5,1097770,1294,0,1165,-79,0,9,5,0
8,700,21.000000,42.000000,0,5,1097773,1294,0,1165,-79,0,9,5,0
8,700,21.000000,42.000000,0,5,1097775,1294,0,1165,-79,0,9,5,0
8,700,21.000000,42.000000,0,5,1097778,1294,0,1165,-79,0,9,5,0
8,700,21.000000,42.000000,0,5,1097781,1294,0,1165,-79,0,9,5,0
8,700,21.000000,42.000000,0,5,1097784,1294,0,1165,-79,0,9,5,0
8,700,21.000000,42.000000,0,5,1097787,1294,0,1165,-79,0,9,5,0
8,700,21.000000,42.000000,0,5,1097790,1294,0,1165,-79,0,9,5,0
8,700,21.000000,42.000000,0,5,1097792,1294,0,1165,-79,0,9,5,0
8,700,21.000000,42.000000,0,5,1097795,1294,0,1165,-79,0,9,5,0
8,700,21.000000,42.000000,0,5,1097798,1294,0,1165,-79,0,9,5,0
8,700,21.000000,42.000000,0,5,1097801,1294,0,1165,-79,0,9,5,0
8,700,21.000000,42.000000,0,5,1097803,1294,0,1165,-79,0,9,5,0
8,700,21.000000,42.000000,0,5,1097806,1294,0,1165,-79,0,9,5,0
8,700,21.000000,42.000000,0,5,1097809,1294,0,1165,-79,0,9,5,0
8,700,21.000000,42.000000,0,5,1097812,1294,0,1165,-79,0,9,5,0
8,700,21.000000,42.000000,0,5,1097814,1294,0,1165,-79,0,9,5,0
8,700,21.000000,42.000000,0,5,1097817,1294,0,1165,-79,0,9,5,0
8,700,21.000000,42.000000,0,5,1097820,1294,0,1165,-79,0,9,5,0
8,700,21.000000,42.000000,0,5,1097823,1295,0,1166,-79,0,9,5,0
8,700,21.000000,42.000000,0,5,1097826,1296,0,1167,-79,0,9,5,0
8,700,21.000000,42.000000,0,5,1097828,1297,0,1168,-79,0,9,5,0
8,700,21.000000,42.000000,0,5,1097831,1297,0,1168,-79,0,9,5,0
8,700,21.000000,42.000000,0,5,1097834,1297,0,1168,-80,0,9,5,0
8,700,21.000000,42.000000,0,5,1097837,1297,0,1168,-81,0,9,5,0
8,700,21.000000,42.000000,0,5,1097839,1298,0,1169,-81,0,9,5,0
8,700,21.000000,42.000000,0,5,1097842,1299,0,1170,-81,0,9,5,0
8,700,21.000000,42.000000,0,5,1097845,1300,0,1171,-81,0,9,5,0
8,700,21.000000,42.000000,0,5,1097848,1301,0,1172,-81,0,9,5,0
8,700,21.000000,42.000000,0,5,1097851,1302,0,1173,-81,0,9,5,0
8,700,21.000000,42.000000,0,5,1097854,1302,0,1173,-81,0,9,5,0
8,700,21.000000,42.000000,0,5,1097856,1302,0,1173,-81,0,9,5,0
8,700,21.000000,42.000000,0,5,1097859,1302,0,1173,-81,0,9,5,0
8,700,21.000000,42.000000,0,5,1097862,1302,0,1173,-81,0,9,5,0
8,700,21.000000,42.000000,0,5,1097865,1302,0,1173,-81,0,9,5,0
8,700,21.000000,42.000000,0,5,1097867,1302,0,1173,-81,0,9,5,0
8,700,21.000000,42.000000,0,5,1097870,1302,0,1173,-81,0,9,5,0
8,700,21.000000,42.000000,0,5,1097873,1302,0,1173,-81,0,9,5,0
8,700,21.000000,42.000000,0,5,1097876,1302,0,1173,-81,0,9,5,0
8,700,21.000000,42.000000,0,5,1097878,1302,0,1173,-81,0,9,5,0
8,700,21.000000,42.000000,0,5,1097881,1302,0,1173,-81,0,9,5,0
8,700,21.000000,42.000000,0,5,1097884,1302,0,1173,-81,0,9,5,0
8,700,21.000000,42.000000,0,5,1097887,1302,0,1173,-81,0,9,5,0
8,700,21.000000,42.000000,0,5,1097890,1302,0,1173,-81,0,9,5,0
8,700,21.000000,42.000000,0,5,1097892,1302,0,1173,-81,0,9,5,0
8,700,21.000000,42.000000,0,5,1097895,1302,0,1173,-81,0,9,5,0
8,700,21.000000,42.000000,0,5,1097898,1302,0,1173,-81,0,9,5,0
8,700,21.000000,42.000000,0,5,1097901,1302,0,1173,-81,0,9,5,0
8,700,21.000000,42.000000,0,5,1097903,1302,0,1173,-81,0,9,5,0
8,700,21.000000,42.000000,0,5,1097906,1302,0,1173,-81,0,9,5,0
8,700,21.000000,42.000000,0,5,1097909,1302,0,1173,-81,0,9,5,0
8,700,21.000000,42.000000,0,5,1097912,1302,0,1173,-81,0,9,5,0
8,700,21.000000,42.000000,0,5,1097915,1302,0,1173,-81,0,9,5,0
8,700,21.000000,42.000000,0,5,1097917,1302,0,1173,-81,0,9,5,0
8,700,21.000000,42.000000,0,5,1097920,1302,0,1173,-81,0,9,5,0
8,700,21.000000,42.000000,0,5,1097923,1302,0,1173,-81,0,9,5,0
8,700,21.000000,42.000000,0,5,1097926,1302,0,1173,-81,0,9,5,0
8,700,21.000000,42.000000,0,5,1097929,1302,0,1173,-81,0,9,5,0
8,700,21.000000,42.000000,0,5,1097931,1302,0,1173,-81,0,9,5,0
8,700,21.000000,42.000000,0,5,1097934,1302,0,1173,-81,0,9,5,0
8,700,21.000000,42.000000,0,5,1097937,1302,0,1173,-81,0,9,5,0
8,700,21.000000,42.000000,0,5,1097940,1302,0,1173,-81,0,9,5,0
8,700,21.000000,42.000000,0,5,1097942,1302,0,1173,-81,0,9,5,0
8,700,21.000000,42.000000,0,5,1097945,1302,0,1173,-81,0,9,5,0
8,700,21.000000,42.000000,0,5,1097948,1302,0,1173,-81,0,9,5,0
8,700,21.000000,42.000000,0,5,1097951,1302,0,1173,-81,0,9,5,0
8,700,21.000000,42.000000,0,5,1097954,1302,0,1173,-81,0,9,5,0
8,700,21.000000,42.000000,0,5,1097956,1302,0,1173,-81,0,9,5,0
8,700,21.000000,42.000000,0,5,1097959,1302,0,1173,-81,0,9,5,0
8,700,21.000000,42.000000,0,5,1097962,1302,0,1173,-81,0,9,5,0
8,700,21.000000,42.000000,0,5,1097965,1302,0,1173,-81,0,9,5,0
8,700,21.000000,42.000000,0,5,1097967,1302,0,1173,-81,0,9,5,0
8,700,21.000000,42.000000,0,5,1097970,1302,0,1173,-81,0,9,5,0
8,700,21.000000,42.000000,0,5,1097973,1302,0,1173,-81,0,9,5,0
8,700,21.000000,42.000000,0,5,1097976,1302,0,1173,-81,0,9,5,0
8,700,21.000000,42.000000,0,5,1097979,1302,0,1173,-81,0,9,5,0
8,700,21.000000,42.000000,0,5,1097981,1302,0,1173,-81,0,9,5,0
8,700,21.000000,42.000000,0,5,1097984,1302,0,1173,-81,0,9,5,0
8,700,21.000000,42.000000,0,5,1097987,1302,0,1173,-81,0,9,5,0
8,700,21.000000,42.000000,0,5,1097990,1302,0,1173,-81,0,9,5,0
8,700,21.000000,42.000000,0,5,1097992,1302,0,1173,-81,0,9,5,0
8,700,21.000000,42.000000,0,5,1097995,1302,0,1173,-81,0,9,5,0
8,700,21.000000,42.000000,0,5,1097998,1302,0,1173,-81,0,9,5,0
8,700,21.000000,42.000000,0,5,1098001,1302,0,1173,-81,0,9,5,0
8,700,21.000000,42.000000,0,5,1098004,1302,0,1173,-81,0,9,5,0
8,700,21.000000,42.000000,0,5,1098006,1302,0,1173,-81,0,9,5,0
8,700,21.000000,42.000000,0,5,1098009,1302,0,1173,-81,0,9,5,0
8,700,21.000000,42.000000,0,5,1098012,1302,0,1173,-81,0,9,5,0
8,700,21.000000,42.000000,0,5,1098015,1302,0,1173,-81,0,9,5,0
8,700,21.000000,42.000000,0,5,1098018,1302,0,1173,-81,0,9,5,0
8,700,21.000000,42.000000,0,5,1098020,1302,0,1173,-81,0,9,5,0
8,700,21.000000,42.000000,0,5,1098023,1302,0,1173,-81,0,9,5,0
8,700,21.000000,42.000000,0,5,1098026,1302,0,1173,-81,0,9,5,0
8,700,21.000000,42.000000,0,5,1098029,1302,0,1173,-81,0,9,5,0
8,700,21.000000,42.000000,0,5,1098032,1302,0,1173,-81,0,9,5,0
8,700,21.000000,42.000000,0,5,1098034,1302,0,1173,-81,0,9,5,0
8,700,21.000000,42.000000,0,5,1098037,1302,0,1173,-81,0,9,5,0
8,700,21.000000,42.000000,0,5,1098040,1302,0,1173,-81,0,9,5,0
8,700,21.000000,42.000000,0,5,1098043,1302,0,1173,-81,0,9,5,0
8,700,21.000000,42.000000,0,5,1098045,1302,0,1173,-81,0,9,5,0
8,700,21.000000,42.000000,0,5,1098048,1302,0,1173,-81,0,9,5,0
8,700,21.000000,42.000000,0,5,1098051,1302,0,1173,-81,0,9,5,0
8,700,21.000000,42.000000,0,5,1098054,1302,0,1173,-81,0,9,5,0
8,700,21.000000,42.000000,0,5,1098057,1302,0,1173,-81,0,9,5,0
8,700,21.000000,42.000000,0,5,1098059,1302,0,1173,-81,0,9,5,0
8,700,21.000000,42.000000,0,5,1098062,1302,0,1173,-81,0,9,5,0
8,700,21.000000,42.000000,0,5,1098065,1302,0,1173,-81,0,9,5,0
8,700,21.000000,42.000000,0,5,1098068,1302,0,1173,-81,0,9,5,0
8,700,21.000000,42.000000,0,5,1098070,1302,0,1173,-81,0,9,5,0
8,700,21.000000,42.000000,0,5,1098073,1302,0,1173,-81,0,9,5,0
8,700,21.000000,42.000000,0,5,1098076,1302,0,1173,-81,0,9,5,0
8,700,21.000000,42.000000,0,5,1098079,1302,0,1173,-81,0,9,5,0
8,700,21.000000,42.000000,0,5,1098082,1302,0,1173,-81,0,9,5,0
8,700,21.000000,42.000000,0,5,1098084,1302,0,1173,-81,0,9,5,0
8,700,21.000000,42.000000,0,5,1098087,1302,0,1173,-81,0,9,5,0
8,700,21.000000,42.000000,0,5,1098090,1302,0,1173,-81,0,9,5,0
8,700,21.000000,42.000000,0,5,1098093,1302,0,1173,-81,0,9,5,0
8,700,21.000000,42.000000,0,5,1098096,1302,0,1173,-81,0,9,5,0
8,700,21.000000,42.000000,0,5,1098098,1302,0,1173,-81,0,9,5,0
8,700,21.000000,42.000000,0,5,1098101,1302,0,1173,-81,0,9,5,0
8,700,21.000000,42.000000,0,5,1098104,1302,0,1173,-81,0,9,5,0
8,700,21.000000,42.000000,0,5,1098107,1302,0,1173,-81,0,9,5,0
8,700,21.000000,42.000000,0,5,1098109,1302,0,1173,-81,0,9,5,0
8,700,21.000000,42.000000,0,5,1098112,1302,0,1173,-81,0,9,5,0
8,700,21.000000,42.000000,0,5,1098115,1302,0,1173,-81,0,9,5,0
8,700,21.000000,42.000000,0,5,1098118,1302,0,1173,-81,0,9,5,0
8,700,21.000000,42.000000,0,5,1098121,1302,0,1173,-81,0,9,5,0
8,700,21.000000,42.000000,0,5,1098123,1302,0,1173,-81,0,9,5,0
8,700,21.000000,42.000000,0,5,1098137,1302,0,1173,-81,0,9,5,0
