2,350,21.000000,0.000000,1,0,13478361,790,7,790,7,0,104,2,0
2,350,21.000000,0.000000,1,0,13478362,790,7,790,7,0,104,2,0
2,350,21.000000,0.000000,1,0,13478365,790,7,790,7,0,104,2,0
2,350,21.000000,0.000000,1,0,13478368,790,7,790,7,0,104,2,0
2,350,21.000000,0.000000,1,0,13478370,790,7,790,7,0,104,2,0
2,350,21.000000,0.000000,1,0,13478373,790,7,790,7,0,104,2,0
2,350,21.000000,0.000000,1,0,13478376,790,7,790,7,0,104,2,0
2,350,21.000000,0.000000,1,0,13478379,790,7,790,7,0,104,2,0
2,350,21.000000,0.000000,1,0,13478382,790,7,790,7,0,104,2,0
2,350,21.000000,0.000000,1,0,13478384,790,7,790,7,0,104,2,0
2,350,21.000000,0.000000,1,0,13478387,790,7,790,7,0,104,2,0
2,350,21.000000,0.000000,1,0,13478390,790,7,790,7,0,104,2,0
2,350,21.000000,0.000000,1,0,13478393,790,7,790,7,0,104,2,0
2,350,21.000000,0.000000,1,0,13478396,790,7,790,7,0,104,2,0
2,350,21.000000,0.000000,1,0,13478398,790,7,790,7,0,104,2,0
2,350,21.000000,0.000000,1,0,13478401,790,7,790,7,0,104,2,0
2,350,21.000000,0.000000,1,0,13478404,790,7,790,7,0,104,2,0
2,350,21.000000,0.000000,1,0,13478407,790,7,790,7,0,104,2,0
2,350,21.000000,0.000000,1,0,13478409,790,7,790,7,0,104,2,0
2,350,21.000000,0.000000,1,0,13478412,790,7,790,7,0,104,2,0
2,350,21.000000,0.000000,1,0,13478415,790,7,790,7,0,104,2,0
2,350,21.000000,0.000000,1,0,13478418,790,7,790,7,0,104,2,0
2,350,21.000000,0.000000,1,0,13478421,790,7,790,7,0,104,2,0
2,350,21.000000,0.000000,1,0,13478423,790,7,790,7,0,104,2,0
2,350,21.000000,0.000000,1,0,13478426,790,7,790,7,0,104,2,0
2,350,21.000000,0.000000,1,0,13478429,790,7,790,7,0,104,2,0
2,350,21.000000,0.000000,1,0,13478431,790,7,790,7,0,104,2,0
2,350,21.000000,0.000000,1,0,13478434,790,7,790,7,0,104,2,0
2,350,21.000000,0.000000,1,0,13478437,790,7,790,7,0,104,2,0
2,350,21.000000,0.000000,1,0,13478440,790,7,790,7,0,104,2,0
2,350,21.000000,0.000000,1,0,13478443,790,7,790,7,0,104,2,0
2,350,21.000000,0.000000,1,0,13478446,790,7,790,7,0,104,2,0
2,350,21.000000,0.000000,1,0,13478448,790,7,790,7,0,104,2,0
2,350,21.000000,0.000000,1,0,13478451,790,7,790,7,0,104,2,0
2,350,21.000000,0.000000,1,0,13478454,790,7,790,7,0,104,2,0
2,350,21.000000,0.000000,1,0,13478456,790,7,790,7,0,104,2,0
2,350,21.000000,0.000000,1,0,13478459,790,7,790,7,0,104,2,0
2,350,21.000000,0.000000,1,0,13478462,790,7,790,7,0,104,2,0
2,350,21.000000,0.000000,1,0,13478465,790,7,790,7,0,104,2,0
2,350,21.000000,0.000000,1,0,13478468,791,7,791,7,0,104,2,0
2,350,21.000000,0.000000,1,0,13478471,792,7,792,7,0,104,2,0
2,350,21.000000,0.000000,1,0,13478474,793,7,793,7,0,104,2,0
2,350,21.000000,0.000000,1,0,13478476,794,8,794,8,0,104,2,0
2,350,21.000000,0.000000,1,0,13478479,795,9,795,9,0,104,2,0
2,350,21.000000,0.000000,1,0,13478482,796,9,796,9,0,104,2,0
2,350,21.000000,0.000000,1,0,13478485,797,9,797,9,0,104,2,0
2,350,21.000000,0.000000,1,0,13478487,798,10,798,10,0,104,2,0
2,350,21.000000,0.000000,1,0,13478490,799,11,799,11,0,104,2,0
2,350,21.000000,0.000000,1,0,13478493,800,11,800,11,0,104,2,0
2,350,21.000000,0.000000,1,0,13478495,801,12,801,12,0,104,2,0
2,350,21.000000,0.000000,1,0,13478498,802,12,802,12,0,104,2,0
2,350,21.000000,0.000000,1,0,13478501,803,13,803,13,0,104,2,0
2,350,21.000000,0.000000,1,0,13478504,805,15,805,15,0,104,2,0
2,350,21.000000,0.000000,1,0,13478507,806,16,806,16,0,104,2,0
2,350,21.000000,0.000000,1,0,13478509,807,16,807,16,0,104,2,0
2,350,21.000000,0.000000,1,0,13478512,808,17,808,17,0,104,2,0
2,350,21.000000,0.000000,1,0,13478515,809,18,809,18,0,104,2,0
2,350,21.000000,0.000000,1,0,13478518,811,19,811,19,0,104,2,0
2,350,21.000000,0.000000,1,0,13478521,812,19,812,19,0,104,2,0
2,350,21.000000,0.000000,1,0,13478524,813,19,813,19,0,104,2,0
2,350,21.000000,0.000000,1,0,13478526,814,20,814,20,0,104,2,0
2,350,21.000000,0.000000,1,0,13478529,815,20,815,20,0,104,2,0
2,350,21.000000,0.000000,1,0,13478532,816,21,816,21,0,104,2,0
2,350,21.000000,0.000000,1,0,13478535,818,22,818,22,0,104,2,0
2,350,21.000000,0.000000,1,0,13478537,820,22,820,22,0,104,2,0
2,350,21.000000,0.000000,1,0,13478540,822,23,822,23,0,104,2,0
2,350,21.000000,0.000000,1,0,13478543,823,23,823,23,0,104,2,0
2,350,21.000000,0.000000,1,0,13478546,825,24,825,24,0,104,2,0
2,350,21.000000,0.000000,1,0,13478549,826,25,826,25,0,104,2,0
2,350,21.000000,0.000000,1,0,13478551,828,25,828,25,0,104,2,0
2,350,21.000000,0.000000,1,0,13478554,833,27,833,27,0,104,2,0
2,350,21.000000,0.000000,1,0,13478557,837,28,837,28,0,104,2,0
2,350,21.000000,0.000000,1,0,13478559,840,29,840,29,0,104,2,0
2,350,21.000000,0.000000,1,0,13478562,842,29,842,29,0,104,2,0
2,350,21.000000,0.000000,1,0,13478565,845,30,845,30,0,104,2,0
2,350,21.000000,0.000000,1,0,13478568,853,32,853,32,0,104,2,0
2,350,21.000000,0.000000,1,0,13478571,857,32,857,32,0,104,2,0
2,350,21.000000,0.000000,1,0,13478574,861,33,861,33,0,104,2,0
2,350,21.000000,0.000000,1,0,13478577,865,34,865,34,0,104,2,0
2,350,21.000000,0.000000,1,0,13478579,869,35,869,35,0,104,2,0
2,350,21.000000,0.000000,1,0,13478582,873,36,873,36,0,104,2,0
2,350,21.000000,0.000000,1,0,13478585,875,36,875,36,0,104,2,0
2,350,21.000000,0.000000,1,0,13478588,880,37,880,37,0,104,2,0
2,350,21.000000,0.000000,1,0,13478591,884,38,884,38,0,104,2,0
2,350,21.000000,0.000000,1,0,13478594,891,39,891,39,0,104,2,0
2,350,21.000000,0.000000,1,0,13478597,896,39,896,39,0,104,2,0
2,350,21.000000,0.000000,1,0,13478600,901,39,901,39,0,104,2,0
2,350,21.000000,0.000000,1,0,13478602,905,40,905,40,0,104,2,0
2,350,21.000000,0.000000,1,0,13478605,910,41,910,41,0,104,2,0
2,350,21.000000,0.000000,1,0,13478608,916,42,916,42,0,104,2,0
2,350,21.000000,0.000000,1,0,13478611,921,42,921,42,0,104,2,0
2,350,21.000000,0.000000,1,0,13478614,927,43,927,43,0,104,2,0
2,350,21.000000,0.000000,1,0,13478617,933,44,933,44,0,104,2,0
2,350,21.000000,0.000000,1,0,13478619,941,45,941,45,0,104,2,0
2,350,21.000000,0.000000,1,0,13478622,946,45,946,45,0,104,2,0
2,350,21.000000,0.000000,1,0,13478624,952,46,952,46,0,104,2,0
2,350,21.000000,0.000000,1,0,13478627,955,46,955,46,0,104,2,0
2,350,21.000000,0.000000,1,0,13478630,961,46,961,46,0,104,2,0
2,350,21.000000,0.000000,1,0,13478633,967,46,967,46,0,104,2,0
2,350,21.000000,0.000000,1,0,13478636,974,46,974,46,0,104,2,0
2,350,21.000000,0.000000,1,0,13478638,979,46,979,46,0,104,2,0
2,350,21.000000,0.000000,1,0,13478641,982,46,982,46,0,104,2,0
2,350,21.000000,0.000000,1,0,13478644,988,46,988,46,0,104,2,0
2,350,21.000000,0.000000,1,0,13478647,994,46,994,46,0,104,2,0
2,350,21.000000,0.000000,1,0,13478650,999,46,999,46,0,104,2,0
2,350,21.000000,0.000000,1,0,13478652,1004,47,1004,47,0,104,2,0
2,350,21.000000,0.000000,1,0,13478655,1010,47,1010,47,0,104,2,0
2,350,21.000000,0.000000,1,0,13478658,1014,47,1014,47,0,104,2,0
2,350,21.000000,0.000000,1,0,13478661,1019,47,1019,47,0,104,2,0
2,350,21.000000,0.000000,1,0,13478664,1026,47,1026,47,0,104,2,0
2,350,21.000000,0.000000,1,0,13478667,1031,47,1031,47,0,104,2,0
2,350,21.000000,0.000000,1,0,13478669,1036,47,1036,47,0,104,2,0
2,350,21.000000,0.000000,1,0,13478672,1040,47,1040,47,0,104,2,0
2,350,21.000000,0.000000,1,0,13478675,1045,47,1045,47,0,104,2,0
2,350,21.000000,0.000000,1,0,13478678,1048,47,1048,47,0,104,2,0
2,350,21.000000,0.000000,1,0,13478681,1053,47,1053,47,0,104,2,0
2,350,21.000000,0.000000,1,0,13478684,1057,47,1057,47,0,104,2,0
2,350,21.000000,0.000000,1,0,13478686,1067,47,1067,47,0,104,2,0
2,350,21.000000,0.000000,1,0,13478689,1071,47,1071,47,0,104,2,0
2,350,21.000000,0.000000,1,0,13478692,1075,47,1075,47,0,104,2,0
2,350,21.000000,0.000000,1,0,13478695,1078,47,1078,47,0,104,2,0
2,350,21.000000,0.000000,1,0,13478698,1082,47,1082,47,0,104,2,0
2,350,21.000000,0.000000,1,0,13478700,1086,47,1086,47,0,104,2,0
2,350,21.000000,0.000000,1,0,13478703,1090,47,1090,47,0,104,2,0
2,350,21.000000,0.000000,1,0,13478706,1093,47,1093,47,0,104,2,0
2,350,21.000000,0.000000,1,0,13478710,1096,47,1096,47,0,104,2,0
2,350,21.000000,0.000000,1,0,13478713,1100,47,1100,47,0,104,2,0
2,350,21.000000,0.000000,1,0,13478716,1102,47,1102,47,0,104,2,0
2,350,21.000000,0.000000,1,0,13478719,1104,47,1104,47,0,104,2,0
2,350,21.000000,0.000000,1,0,13478722,1107,47,1107,47,0,104,2,0
2,350,21.000000,0.000000,1,0,13478725,1111,46,1111,46,0,104,2,0
2,350,21.000000,0.000000,1,0,13478727,1114,46,1114,46,0,104,2,0
2,350,21.000000,0.000000,1,0,13478730,1118,45,1118,45,0,104,2,0
2,350,21.000000,0.000000,1,0,13478733,1121,45,1121,45,0,104,2,0
2,350,21.000000,0.000000,1,0,13478736,1124,45,1124,45,0,104,2,0
2,350,21.000000,0.000000,1,0,13478739,1126,44,1126,44,0,104,2,0
2,350,21.000000,0.000000,1,0,13478742,1128,44,1128,44,0,104,2,0
2,350,21.000000,0.000000,1,0,13478745,1131,44,1131,44,0,104,2,0
2,350,21.000000,0.000000,1,0,13478747,1134,43,1134,43,0,104,2,0
2,350,21.000000,0.000000,1,0,13478750,1136,42,1136,42,0,104,2,0
2,350,21.000000,0.000000,1,0,13478753,1137,42,1137,42,0,104,2,0
2,350,21.000000,0.000000,1,0,13478756,1138,42,1138,42,0,104,2,0
2,350,21.000000,0.000000,1,0,13478759,1139,41,1139,41,0,104,2,0
2,350,21.000000,0.000000,1,0,13478762,1140,40,1140,40,0,104,2,0
2,350,21.000000,0.000000,1,0,13478764,1141,40,1141,40,0,104,2,0
2,350,21.000000,0.000000,1,0,13478768,1143,40,1143,40,0,104,2,0
2,350,21.000000,0.000000,1,0,13478771,1145,39,1145,39,0,104,2,0
2,350,21.000000,0.000000,1,0,13478774,1146,39,1146,39,0,104,2,0
2,350,21.000000,0.000000,1,0,13478777,1147,38,1147,38,0,104,2,0
2,350,21.000000,0.000000,1,0,13478779,1148,37,1148,37,0,104,2,0
2,350,21.000000,0.000000,1,0,13478782,1149,37,1149,37,0,104,2,0
2,350,21.000000,0.000000,1,0,13478784,1150,36,1150,36,0,104,2,0
2,350,21.000000,0.000000,1,0,13478787,1151,36,1151,36,0,104,2,0
2,350,21.000000,0.000000,1,0,13478790,1152,35,1152,35,0,104,2,0
2,350,21.000000,0.000000,1,0,13478793,1153,35,1153,35,0,104,2,0
2,350,21.000000,0.000000,1,0,13478796,1155,35,1155,35,0,104,2,0
2,350,21.000000,0.000000,1,0,13478799,1157,34,1157,34,0,104,2,0
2,350,21.000000,0.000000,1,0,13478801,1158,34,1158,34,0,104,2,0
2,350,21.000000,0.000000,1,0,13478804,1160,34,1160,34,0,104,2,0
2,350,21.000000,0.000000,1,0,13478807,1162,33,1162,33,0,104,2,0
2,350,21.000000,0.000000,1,0,13478810,1163,33,1163,33,0,104,2,0
2,350,21.000000,0.000000,1,0,13478813,1164,33,1164,33,0,104,2,0
2,350,21.000000,0.000000,1,0,13478815,1165,33,1165,33,0,104,2,0
2,350,21.000000,0.000000,1,0,13478818,1166,33,1166,33,0,104,2,0
2,350,21.000000,0.000000,1,0,13478821,1167,33,1167,33,0,104,2,0
2,350,21.000000,0.000000,1,0,13478824,1167,32,1167,32,0,104,2,0
2,350,21.000000,0.000000,1,0,13478826,1167,31,1167,31,0,104,2,0
2,350,21.000000,0.000000,1,0,13478829,1167,31,1167,31,0,104,2,0
2,350,21.000000,0.000000,1,0,13478832,1168,31,1168,31,0,104,2,0
2,350,21.000000,0.000000,1,0,13478834,1168,30,1168,30,0,104,2,0
2,350,21.000000,0.000000,1,0,13478837,1168,29,1168,29,0,104,2,0
2,350,21.000000,0.000000,1,0,13478840,1168,28,1168,28,0,104,2,0
2,350,21.000000,0.000000,1,0,13478843,1168,28,1168,28,0,104,2,0
2,350,21.000000,0.000000,1,0,13478846,1168,28,1168,28,0,104,2,0
2,350,21.000000,0.000000,1,0,13478848,1169,27,1169,27,0,104,2,0
2,350,21.000000,0.000000,1,0,13478851,1170,26,1170,26,0,104,2,0
2,350,21.000000,0.000000,1,0,13478854,1170,26,1170,26,0,104,2,0
2,350,21.000000,0.000000,1,0,13478857,1170,25,1170,25,0,104,2,0
2,350,21.000000,0.000000,1,0,13478860,1170,24,1170,24,0,104,2,0
2,350,21.000000,0.000000,1,0,13478862,1170,24,1170,24,0,104,2,0
2,350,21.000000,0.000000,1,0,13478865,1170,23,1170,23,0,104,2,0
2,350,21.000000,0.000000,1,0,13478868,1170,22,1170,22,0,104,2,0
2,350,21.000000,0.000000,1,0,13478871,1170,21,1170,21,0,104,2,0
2,350,21.000000,0.000000,1,0,13478874,1170,21,1170,21,0,104,2,0
2,350,21.000000,0.000000,1,0,13478876,1170,20,1170,20,0,104,2,0
2,350,21.000000,0.000000,1,0,13478879,1170,20,1170,20,0,104,2,0
2,350,21.000000,0.000000,1,0,13478882,1169,20,1169,20,0,104,2,0
2,350,21.000000,0.000000,1,0,13478885,1169,19,1169,19,0,104,2,0
2,350,21.000000,0.000000,1,0,13478888,1169,18,1169,18,0,104,2,0
2,350,21.000000,0.000000,1,0,13478890,1168,18,1168,18,0,104,2,0
2,350,21.000000,0.000000,1,0,13478893,1167,18,1167,18,0,104,2,0
2,350,21.000000,0.000000,1,0,13478896,1167,17,1167,17,0,104,2,0
2,350,21.000000,0.000000,1,0,13478899,1167,16,1167,16,0,104,2,0
2,350,21.000000,0.000000,1,0,13478902,1166,15,1166,15,0,104,2,0
2,350,21.000000,0.000000,1,0,13478904,1165,14,1165,14,0,104,2,0
2,350,21.000000,0.000000,1,0,13478907,1164,14,1164,14,0,104,2,0
2,350,21.000000,0.000000,1,0,13478910,1163,14,1163,14,0,104,2,0
2,350,21.000000,0.000000,1,0,13478913,1163,13,1163,13,0,104,2,0
2,350,21.000000,0.000000,1,0,13478915,1162,13,1162,13,0,104,2,0
2,350,21.000000,0.000000,1,0,13478918,1161,13,1161,13,0,104,2,0
2,350,21.000000,0.000000,1,0,13478921,1160,12,1160,12,0,104,2,0
2,350,21.000000,0.000000,1,0,13478924,1160,12,1160,12,0,104,2,0
2,350,21.000000,0.000000,1,0,13478927,1159,12,1159,12,0,104,2,0
2,350,21.000000,0.000000,1,0,13478930,1159,12,1159,12,0,104,2,0
2,350,21.000000,0.000000,1,0,13478933,1158,12,1158,12,0,104,2,0
2,350,21.000000,0.000000,1,0,13478936,1157,11,1157,11,0,104,2,0
2,350,21.000000,0.000000,1,0,13478938,1157,11,1157,11,0,104,2,0
2,350,21.000000,0.000000,1,0,13478941,1157,10,1157,10,0,104,2,0
2,350,21.000000,0.000000,1,0,13478944,1157,10,1157,10,0,104,2,0
2,350,21.000000,0.000000,1,0,13478947,1156,10,1156,10,0,104,2,0
2,350,21.000000,0.000000,1,0,13478949,1156,10,1156,10,0,104,2,0
2,350,21.000000,0.000000,1,0,13478952,1155,10,1155,10,0,104,2,0
2,350,21.000000,0.000000,1,0,13478955,1155,10,1155,10,0,104,2,0
2,350,21.000000,0.000000,1,0,13478958,1154,9,1154,9,0,104,2,0
2,350,21.000000,0.000000,1,0,13478961,1154,9,1154,9,0,104,2,0
2,350,21.000000,0.000000,1,0,13478964,1154,9,1154,9,0,104,2,0
2,350,21.000000,0.000000,1,0,13478966,1153,9,1153,9,0,104,2,0
2,350,21.000000,0.000000,1,0,13478969,1152,9,1152,9,0,104,2,0
2,350,21.000000,0.000000,1,0,13478972,1152,8,1152,8,0,104,2,0
2,350,21.000000,0.000000,1,0,13478975,1151,8,1151,8,0,104,2,0
2,350,21.000000,0.000000,1,0,13478978,1150,8,1150,8,0,104,2,0
2,350,21.000000,0.000000,1,0,13478980,1150,8,1150,8,0,104,2,0
2,350,21.000000,0.000000,1,0,13478983,1149,8,1149,8,0,104,2,0
2,350,21.000000,0.000000,1,0,13478985,1149,8,1149,8,0,104,2,0
2,350,21.000000,0.000000,1,0,13478988,1148,8,1148,8,0,104,2,0
2,350,21.000000,0.000000,1,0,13478991,1147,8,1147,8,0,104,2,0
2,350,21.000000,0.000000,1,0,13478994,1147,7,1147,7,0,104,2,0
2,350,21.000000,0.000000,1,0,13478997,1146,7,1146,7,0,104,2,0
2,350,21.000000,0.000000,1,0,13479000,1146,7,1146,7,0,104,2,0
2,350,21.000000,0.000000,1,0,13479002,1146,7,1146,7,0,104,2,0
2,350,21.000000,0.000000,1,0,13479005,1146,7,1146,7,0,104,2,0
2,350,21.000000,0.000000,1,0,13479008,1146,7,1146,7,0,104,2,0
2,350,21.000000,0.000000,1,0,13479011,1146,7,1146,7,0,104,2,0
2,350,21.000000,0.000000,1,0,13479013,1146,7,1146,7,0,104,2,0
2,350,21.000000,0.000000,1,0,13479016,1146,7,1146,7,0,104,2,0
2,350,21.000000,0.000000,1,0,13479019,1146,7,1146,7,0,104,2,0
2,350,21.000000,0.000000,1,0,13479022,1146,7,1146,7,0,104,2,0
2,350,21.000000,0.000000,1,0,13479024,1146,7,1146,7,0,104,2,0
2,350,21.000000,0.000000,1,0,13479027,1146,7,1146,7,0,104,2,0
2,350,21.000000,0.000000,1,0,13479030,1146,7,1146,7,0,104,2,0
2,350,21.000000,0.000000,1,0,13479033,1146,7,1146,7,0,104,2,0
2,350,21.000000,0.000000,1,0,13479035,1146,7,1146,7,0,104,2,0
2,350,21.000000,0.000000,1,0,13479038,1146,7,1146,7,0,104,2,0
2,350,21.000000,0.000000,1,0,13479041,1146,7,1146,7,0,104,2,0
2,350,21.000000,0.000000,1,0,13479044,1146,7,1146,7,0,104,2,0
2,350,21.000000,0.000000,1,0,13479046,1146,7,1146,7,0,104,2,0
2,350,21.000000,0.000000,1,0,13479049,1146,7,1146,7,0,104,2,0
2,350,21.000000,0.000000,1,0,13479052,1146,7,1146,7,0,104,2,0
2,350,21.000000,0.000000,1,0,13479054,1146,7,1146,7,0,104,2,0
2,350,21.000000,0.000000,1,0,13479057,1146,7,1146,7,0,104,2,0
2,350,21.000000,0.000000,1,0,13479060,1146,7,1146,7,0,104,2,0
2,350,21.000000,0.000000,1,0,13479063,1146,7,1146,7,0,104,2,0
2,350,21.000000,0.000000,1,0,13479065,1146,7,1146,7,0,104,2,0
2,350,21.000000,0.000000,1,0,13479068,1146,7,1146,7,0,104,2,0
2,350,21.000000,0.000000,1,0,13479071,1146,7,1146,7,0,104,2,0
2,350,21.000000,0.000000,1,0,13479074,1146,7,1146,7,0,104,2,0
2,350,21.000000,0.000000,1,0,13479076,1146,7,1146,7,0,104,2,0
2,350,21.000000,0.000000,1,0,13479079,1146,7,1146,7,0,104,2,0
2,350,21.000000,0.000000,1,0,13479082,1146,7,1146,7,0,104,2,0
2,350,21.000000,0.000000,1,0,13479085,1146,7,1146,7,0,104,2,0
2,350,21.000000,0.000000,1,0,13479087,1146,7,1146,7,0,104,2,0
2,350,21.000000,0.000000,1,0,13479091,1146,7,1146,7,0,104,2,0
2,350,21.000000,0.000000,1,0,13479093,1146,7,1146,7,0,104,2,0
2,350,21.000000,0.000000,1,0,13479096,1146,7,1146,7,0,104,2,0
2,350,21.000000,0.000000,1,0,13479098,1146,7,1146,7,0,104,2,0
2,350,21.000000,0.000000,1,0,13479101,1146,7,1146,7,0,104,2,0
2,350,21.000000,0.000000,1,0,13479104,1146,7,1146,7,0,104,2,0
2,350,21.000000,0.000000,1,0,13479107,1146,7,1146,7,0,104,2,0
2,350,21.000000,0.000000,1,0,13479110,1146,7,1146,7,0,104,2,0
2,350,21.000000,0.000000,1,0,13479112,1146,7,1146,7,0,104,2,0
2,350,21.000000,0.000000,1,0,13479116,1146,7,1146,7,0,104,2,0
2,350,21.000000,0.000000,1,0,13479118,1146,7,1146,7,0,104,2,0
2,350,21.000000,0.000000,1,0,13479121,1146,7,1146,7,0,104,2,0
2,350,21.000000,0.000000,1,0,13479124,1146,7,1146,7,0,104,2,0
2,350,21.000000,0.000000,1,0,13479127,1146,7,1146,7,0,104,2,0
2,350,21.000000,0.000000,1,0,13479129,1146,7,1146,7,0,104,2,0
2,350,21.000000,0.000000,1,0,13479132,1146,7,1146,7,0,104,2,0
2,350,21.000000,0.000000,1,0,13479135,1146,7,1146,7,0,104,2,0
2,350,21.000000,0.000000,1,0,13479138,1146,7,1146,7,0,104,2,0
2,350,21.000000,0.000000,1,0,13479141,1146,7,1146,7,0,104,2,0
2,350,21.000000,0.000000,1,0,13479143,1146,7,1146,7,0,104,2,0
2,350,21.000000,0.000000,1,0,13479146,1146,7,1146,7,0,104,2,0
2,350,21.000000,0.000000,1,0,13479149,1146,7,1146,7,0,104,2,0
2,350,21.000000,0.000000,1,0,13479152,1146,7,1146,7,0,104,2,0
2,350,21.000000,0.000000,1,0,13479154,1146,7,1146,7,0,104,2,0
2,350,21.000000,0.000000,1,0,13479157,1145,7,1145,7,0,104,2,0
2,350,21.000000,0.000000,1,0,13479160,1144,7,1144,7,0,104,2,0
2,350,21.000000,0.000000,1,0,13479162,1144,7,1144,7,0,104,2,0
2,350,21.000000,0.000000,1,0,13479165,1143,7,1143,7,0,104,2,0
2,350,21.000000,0.000000,1,0,13479168,1142,7,1142,7,0,104,2,0
2,350,21.000000,0.000000,1,0,13479171,1142,7,1142,7,0,104,2,0
2,350,21.000000,0.000000,1,0,13479174,1142,7,1142,7,0,104,2,0
2,350,21.000000,0.000000,1,0,13479177,1142,7,1142,7,0,104,2,0
2,350,21.000000,0.000000,1,0,13479179,1141,7,1141,7,0,104,2,0
2,350,21.000000,0.000000,1,0,13479182,1141,7,1141,7,0,104,2,0
2,350,21.000000,0.000000,1,0,13479185,1141,7,1141,7,0,104,2,0
2,350,21.000000,0.000000,1,0,13479188,1141,7,1141,7,0,104,2,0
2,350,21.000000,0.000000,1,0,13479190,1140,7,1140,7,0,104,2,0
2,350,21.000000,0.000000,1,0,13479193,1139,7,1139,7,0,104,2,0
2,350,21.000000,0.000000,1,0,13479206,1139,7,1139,7,0,104,2,0
