2,350,21.000000,0.000000,1,2,14280421,777,0,777,0,0,157,3,0
2,350,21.000000,0.000000,1,2,14280422,777,0,777,0,0,157,3,0
2,350,21.000000,0.000000,1,2,14280425,777,0,777,0,0,157,3,0
2,350,21.000000,0.000000,1,2,14280427,777,0,777,0,0,157,3,0
2,350,21.000000,0.000000,1,2,14280430,777,0,777,0,0,157,3,0
2,350,21.000000,0.000000,1,2,14280433,777,0,777,0,0,157,3,0
2,350,21.000000,0.000000,1,2,14280436,777,0,777,0,0,157,3,0
2,350,21.000000,0.000000,1,2,14280439,777,0,777,0,0,157,3,0
2,350,21.000000,0.000000,1,2,14280441,777,0,777,0,0,157,3,0
2,350,21.000000,0.000000,1,2,14280444,777,0,777,0,0,157,3,0
2,350,21.000000,0.000000,1,2,14280447,777,0,777,0,0,157,3,0
2,350,21.000000,0.000000,1,2,14280450,777,0,777,0,0,157,3,0
2,350,21.000000,0.000000,1,2,14280452,777,0,777,0,0,157,3,0
2,350,21.000000,0.000000,1,2,14280455,777,0,777,0,0,157,3,0
2,350,21.000000,0.000000,1,2,14280458,777,0,777,0,0,157,3,0
2,350,21.000000,0.000000,1,2,14280461,777,0,777,0,0,157,3,0
2,350,21.000000,0.000000,1,2,14280464,777,0,777,0,0,157,3,0
2,350,21.000000,0.000000,1,2,14280467,777,0,777,0,0,157,3,0
2,350,21.000000,0.000000,1,2,14280469,777,0,777,0,0,157,3,0
2,350,21.000000,0.000000,1,2,14280472,777,0,777,0,0,157,3,0
2,350,21.000000,0.000000,1,2,14280475,777,0,777,0,0,157,3,0
2,350,21.000000,0.000000,1,2,14280478,777,0,777,0,0,157,3,0
2,350,21.000000,0.000000,1,2,14280480,777,0,777,0,0,157,3,0
2,350,21.000000,0.000000,1,2,14280483,777,0,777,0,0,157,3,0
2,350,21.000000,0.000000,1,2,14280486,777,0,777,0,0,157,3,0
2,350,21.000000,0.000000,1,2,14280489,777,0,777,0,0,157,3,0
2,350,21.000000,0.000000,1,2,14280491,777,0,777,0,0,157,3,0
2,350,21.000000,0.000000,1,2,14280494,777,0,777,0,0,157,3,0
2,350,21.000000,0.000000,1,2,14280497,777,0,777,0,0,157,3,0
2,350,21.000000,0.000000,1,2,14280500,777,0,777,0,0,157,3,0
2,350,21.000000,0.000000,1,2,14280503,777,0,777,0,0,157,3,0
2,350,21.000000,0.000000,1,2,14280506,778,0,778,0,0,157,3,0
2,350,21.000000,0.000000,1,2,14280509,779,0,779,0,0,157,3,0
2,350,21.000000,0.000000,1,2,14280511,780,0,780,0,0,157,3,0
2,350,21.000000,0.000000,1,2,14280514,781,0,781,0,0,157,3,0
2,350,21.000000,0.000000,1,2,14280517,782,1,782,1,0,157,3,0
2,350,21.000000,0.000000,1,2,14280519,783,1,783,1,0,157,3,0
2,350,21.000000,0.000000,1,2,14280522,784,2,784,2,0,157,3,0
2,350,21.000000,0.000000,1,2,14280525,785,2,785,2,0,157,3,0
2,350,21.000000,0.000000,1,2,14280528,786,2,786,2,0,157,3,0
2,350,21.000000,0.000000,1,2,14280531,788,3,788,3,0,157,3,0
2,350,21.000000,0.000000,1,2,14280534,789,3,789,3,0,157,3,0
2,350,21.000000,0.000000,1,2,14280536,791,4,791,4,0,157,3,0
2,350,21.000000,0.000000,1,2,14280539,792,4,792,4,0,157,3,0
2,350,21.000000,0.000000,1,2,14280542,793,5,793,5,0,157,3,0
2,350,21.000000,0.000000,1,2,14280545,795,6,795,6,0,157,3,0
2,350,21.000000,0.000000,1,2,14280548,797,7,797,7,0,157,3,0
2,350,21.000000,0.000000,1,2,14280551,798,7,798,7,0,157,3,0
2,350,21.000000,0.000000,1,2,14280554,799,8,799,8,0,157,3,0
2,350,21.000000,0.000000,1,2,14280557,800,8,800,8,0,157,3,0
2,350,21.000000,0.000000,1,2,14280559,801,8,801,8,0,157,3,0
2,350,21.000000,0.000000,1,2,14280562,801,8,801,8,0,157,3,0
2,350,21.000000,0.000000,1,2,14280565,803,10,803,10,0,157,3,0
2,350,21.000000,0.000000,1,2,14280568,804,11,804,11,0,157,3,0
2,350,21.000000,0.000000,1,2,14280571,805,12,805,12,0,157,3,0
2,350,21.000000,0.000000,1,2,14280573,807,12,807,12,0,157,3,0
2,350,21.000000,0.000000,1,2,14280576,811,13,811,13,0,157,3,0
2,350,21.000000,0.000000,1,2,14280579,814,14,814,14,0,157,3,0
2,350,21.000000,0.000000,1,2,14280582,817,15,817,15,0,157,3,0
2,350,21.000000,0.000000,1,2,14280584,819,16,819,16,0,157,3,0
2,350,21.000000,0.000000,1,2,14280587,823,18,823,18,0,157,3,0
2,350,21.000000,0.000000,1,2,14280590,827,19,827,19,0,157,3,0
2,350,21.000000,0.000000,1,2,14280593,833,21,833,21,0,157,3,0
2,350,21.000000,0.000000,1,2,14280596,837,22,837,22,0,157,3,0
2,350,21.000000,0.000000,1,2,14280599,839,22,839,22,0,157,3,0
2,350,21.000000,0.000000,1,2,14280601,842,24,842,24,0,157,3,0
2,350,21.000000,0.000000,1,2,14280604,848,25,848,25,0,157,3,0
2,350,21.000000,0.000000,1,2,14280607,854,27,854,27,0,157,3,0
2,350,21.000000,0.000000,1,2,14280610,859,28,859,28,0,157,3,0
2,350,21.000000,0.000000,1,2,14280613,863,29,863,29,0,157,3,0
2,350,21.000000,0.000000,1,2,14280615,868,30,868,30,0,157,3,0
2,350,21.000000,0.000000,1,2,14280618,872,32,872,32,0,157,3,0
2,350,21.000000,0.000000,1,2,14280622,878,33,878,33,0,157,3,0
2,350,21.000000,0.000000,1,2,14280625,883,33,883,33,0,157,3,0
2,350,21.000000,0.000000,1,2,14280628,885,34,885,34,0,157,3,0
2,350,21.000000,0.000000,1,2,14280631,890,35,890,35,0,157,3,0
2,350,21.000000,0.000000,1,2,14280633,896,37,896,37,0,157,3,0
2,350,21.000000,0.000000,1,2,14280636,901,37,901,37,0,157,3,0
2,350,21.000000,0.000000,1,2,14280639,904,38,904,38,0,157,3,0
2,350,21.000000,0.000000,1,2,14280642,909,39,909,39,0,157,3,0
2,350,21.000000,0.000000,1,2,14280644,914,40,914,40,0,157,3,0
2,350,21.000000,0.000000,1,2,14280647,918,41,918,41,0,157,3,0
2,350,21.000000,0.000000,1,2,14280650,921,42,921,42,0,157,3,0
2,350,21.000000,0.000000,1,2,14280653,925,42,925,42,0,157,3,0
2,350,21.000000,0.000000,1,2,14280656,929,43,929,43,0,157,3,0
2,350,21.000000,0.000000,1,2,14280658,932,44,932,44,0,157,3,0
2,350,21.000000,0.000000,1,2,14280661,937,44,937,44,0,157,3,0
2,350,21.000000,0.000000,1,2,14280664,940,45,940,45,0,157,3,0
2,350,21.000000,0.000000,1,2,14280666,945,46,945,46,0,157,3,0
2,350,21.000000,0.000000,1,2,14280669,949,46,949,46,0,157,3,0
2,350,21.000000,0.000000,1,2,14280672,952,47,952,47,0,157,3,0
2,350,21.000000,0.000000,1,2,14280675,958,47,958,47,0,157,3,0
2,350,21.000000,0.000000,1,2,14280678,963,48,963,48,0,157,3,0
2,350,21.000000,0.000000,1,2,14280681,969,49,969,49,0,157,3,0
2,350,21.000000,0.000000,1,2,14280684,974,49,974,49,0,157,3,0
2,350,21.000000,0.000000,1,2,14280687,977,49,977,49,0,157,3,0
2,350,21.000000,0.000000,1,2,14280689,979,49,979,49,0,157,3,0
2,350,21.000000,0.000000,1,2,14280692,983,49,983,49,0,157,3,0
2,350,21.000000,0.000000,1,2,14280695,988,49,988,49,0,157,3,0
2,350,21.000000,0.000000,1,2,14280698,991,49,991,49,0,157,3,0
2,350,21.000000,0.000000,1,2,14280700,994,49,994,49,0,157,3,0
2,350,21.000000,0.000000,1,2,14280703,999,49,999,49,0,157,3,0
2,350,21.000000,0.000000,1,2,14280706,1002,49,1002,49,0,157,3,0
2,350,21.000000,0.000000,1,2,14280709,1006,49,1006,49,0,157,3,0
2,350,21.000000,0.000000,1,2,14280712,1009,49,1009,49,0,157,3,0
2,350,21.000000,0.000000,1,2,14280715,1013,49,1013,49,0,157,3,0
2,350,21.000000,0.000000,1,2,14280717,1016,49,1016,49,0,157,3,0
2,350,21.000000,0.000000,1,2,14280720,1021,49,1021,49,0,157,3,0
2,350,21.000000,0.000000,1,2,14280723,1024,49,1024,49,0,157,3,0
2,350,21.000000,0.000000,1,2,14280726,1027,49,1027,49,0,157,3,0
2,350,21.000000,0.000000,1,2,14280729,1031,49,1031,49,0,157,3,0
2,350,21.000000,0.000000,1,2,14280731,1035,49,1035,49,0,157,3,0
2,350,21.000000,0.000000,1,2,14280734,1036,49,1036,49,0,157,3,0
2,350,21.000000,0.000000,1,2,14280736,1039,49,1039,49,0,157,3,0
2,350,21.000000,0.000000,1,2,14280739,1040,49,1040,49,0,157,3,0
2,350,21.000000,0.000000,1,2,14280742,1042,49,1042,49,0,157,3,0
2,350,21.000000,0.000000,1,2,14280745,1044,49,1044,49,0,157,3,0
2,350,21.000000,0.000000,1,2,14280748,1047,49,1047,49,0,157,3,0
2,350,21.000000,0.000000,1,2,14280751,1050,49,1050,49,0,157,3,0
2,350,21.000000,0.000000,1,2,14280753,1052,49,1052,49,0,157,3,0
2,350,21.000000,0.000000,1,2,14280756,1054,49,1054,49,0,157,3,0
2,350,21.000000,0.000000,1,2,14280759,1056,49,1056,49,0,157,3,0
2,350,21.000000,0.000000,1,2,14280762,1058,48,1058,48,0,157,3,0
2,350,21.000000,0.000000,1,2,14280765,1060,48,1060,48,0,157,3,0
2,350,21.000000,0.000000,1,2,14280767,1063,48,1063,48,0,157,3,0
2,350,21.000000,0.000000,1,2,14280770,1065,48,1065,48,0,157,3,0
2,350,21.000000,0.000000,1,2,14280773,1068,47,1068,47,0,157,3,0
2,350,21.000000,0.000000,1,2,14280776,1070,47,1070,47,0,157,3,0
2,350,21.000000,0.000000,1,2,14280779,1072,47,1072,47,0,157,3,0
2,350,21.000000,0.000000,1,2,14280781,1074,47,1074,47,0,157,3,0
2,350,21.000000,0.000000,1,2,14280784,1076,46,1076,46,0,157,3,0
2,350,21.000000,0.000000,1,2,14280787,1077,46,1077,46,0,157,3,0
2,350,21.000000,0.000000,1,2,14280790,1079,46,1079,46,0,157,3,0
2,350,21.000000,0.000000,1,2,14280793,1081,46,1081,46,0,157,3,0
2,350,21.000000,0.000000,1,2,14280796,1082,46,1082,46,0,157,3,0
2,350,21.000000,0.000000,1,2,14280798,1084,46,1084,46,0,157,3,0
2,350,21.000000,0.000000,1,2,14280801,1085,45,1085,45,0,157,3,0
2,350,21.000000,0.000000,1,2,14280804,1086,45,1086,45,0,157,3,0
2,350,21.000000,0.000000,1,2,14280807,1087,44,1087,44,0,157,3,0
2,350,21.000000,0.000000,1,2,14280809,1088,44,1088,44,0,157,3,0
2,350,21.000000,0.000000,1,2,14280812,1089,44,1089,44,0,157,3,0
2,350,21.000000,0.000000,1,2,14280815,1090,43,1090,43,0,157,3,0
2,350,21.000000,0.000000,1,2,14280818,1091,43,1091,43,0,157,3,0
2,350,21.000000,0.000000,1,2,14280820,1092,43,1092,43,0,157,3,0
2,350,21.000000,0.000000,1,2,14280823,1092,42,1092,42,0,157,3,0
2,350,21.000000,0.000000,1,2,14280826,1092,42,1092,42,0,157,3,0
2,350,21.000000,0.000000,1,2,14280829,1093,42,1093,42,0,157,3,0
2,350,21.000000,0.000000,1,2,14280831,1094,42,1094,42,0,157,3,0
2,350,21.000000,0.000000,1,2,14280834,1095,42,1095,42,0,157,3,0
2,350,21.000000,0.000000,1,2,14280837,1096,42,1096,42,0,157,3,0
2,350,21.000000,0.000000,1,2,14280840,1096,42,1096,42,0,157,3,0
2,350,21.000000,0.000000,1,2,14280843,1096,41,1096,41,0,157,3,0
2,350,21.000000,0.000000,1,2,14280845,1097,41,1097,41,0,157,3,0
2,350,21.000000,0.000000,1,2,14280848,1097,41,1097,41,0,157,3,0
2,350,21.000000,0.000000,1,2,14280851,1097,41,1097,41,0,157,3,0
2,350,21.000000,0.000000,1,2,14280854,1097,41,1097,41,0,157,3,0
2,350,21.000000,0.000000,1,2,14280856,1098,41,1098,41,0,157,3,0
2,350,21.000000,0.000000,1,2,14280859,1098,41,1098,41,0,157,3,0
2,350,21.000000,0.000000,1,2,14280862,1098,41,1098,41,0,157,3,0
2,350,21.000000,0.000000,1,2,14280865,1098,41,1098,41,0,157,3,0
2,350,21.000000,0.000000,1,2,14280867,1099,41,1099,41,0,157,3,0
2,350,21.000000,0.000000,1,2,14280870,1099,40,1099,40,0,157,3,0
2,350,21.000000,0.000000,1,2,14280873,1099,40,1099,40,0,157,3,0
2,350,21.000000,0.000000,1,2,14280876,1099,40,1099,40,0,157,3,0
2,350,21.000000,0.000000,1,2,14280879,1100,40,1100,40,0,157,3,0
2,350,21.000000,0.000000,1,2,14280881,1100,39,1100,39,0,157,3,0
2,350,21.000000,0.000000,1,2,14280884,1100,39,1100,39,0,157,3,0
2,350,21.000000,0.000000,1,2,14280886,1100,39,1100,39,0,157,3,0
2,350,21.000000,0.000000,1,2,14280889,1101,39,1101,39,0,157,3,0
2,350,21.000000,0.000000,1,2,14280892,1101,39,1101,39,0,157,3,0
2,350,21.000000,0.000000,1,2,14280895,1102,39,1102,39,0,157,3,0
2,350,21.000000,0.000000,1,2,14280898,1102,38,1102,38,0,157,3,0
2,350,21.000000,0.000000,1,2,14280900,1102,38,1102,38,0,157,3,0
2,350,21.000000,0.000000,1,2,14280903,1102,38,1102,38,0,157,3,0
2,350,21.000000,0.000000,1,2,14280906,1102,38,1102,38,0,157,3,0
2,350,21.000000,0.000000,1,2,14280909,1102,37,1102,37,0,157,3,0
2,350,21.000000,0.000000,1,2,14280912,1103,37,1103,37,0,157,3,0
2,350,21.000000,0.000000,1,2,14280914,1103,37,1103,37,0,157,3,0
2,350,21.000000,0.000000,1,2,14280917,1103,36,1103,36,0,157,3,0
2,350,21.000000,0.000000,1,2,14280920,1103,36,1103,36,0,157,3,0
2,350,21.000000,0.000000,1,2,14280923,1104,35,1104,35,0,157,3,0
2,350,21.000000,0.000000,1,2,14280926,1104,35,1104,35,0,157,3,0
2,350,21.000000,0.000000,1,2,14280928,1105,35,1105,35,0,157,3,0
2,350,21.000000,0.000000,1,2,14280931,1105,34,1105,34,0,157,3,0
2,350,21.000000,0.000000,1,2,14280934,1106,34,1106,34,0,157,3,0
2,350,21.000000,0.000000,1,2,14280937,1106,34,1106,34,0,157,3,0
2,350,21.000000,0.000000,1,2,14280940,1107,34,1107,34,0,157,3,0
2,350,21.000000,0.000000,1,2,14280943,1107,33,1107,33,0,157,3,0
2,350,21.000000,0.000000,1,2,14280945,1108,33,1108,33,0,157,3,0
2,350,21.000000,0.000000,1,2,14280948,1108,33,1108,33,0,157,3,0
2,350,21.000000,0.000000,1,2,14280951,1109,33,1109,33,0,157,3,0
2,350,21.000000,0.000000,1,2,14280954,1110,33,1110,33,0,157,3,0
2,350,21.000000,0.000000,1,2,14280956,1111,32,1111,32,0,157,3,0
2,350,21.000000,0.000000,1,2,14280959,1112,32,1112,32,0,157,3,0
2,350,21.000000,0.000000,1,2,14280962,1112,32,1112,32,0,157,3,0
2,350,21.000000,0.000000,1,2,14280964,1113,32,1113,32,0,157,3,0
2,350,21.000000,0.000000,1,2,14280967,1113,32,1113,32,0,157,3,0
2,350,21.000000,0.000000,1,2,14280970,1114,32,1114,32,0,157,3,0
2,350,21.000000,0.000000,1,2,14280973,1114,32,1114,32,0,157,3,0
2,350,21.000000,0.000000,1,2,14280976,1115,32,1115,32,0,157,3,0
2,350,21.000000,0.000000,1,2,14280978,1115,32,1115,32,0,157,3,0
2,350,21.000000,0.000000,1,2,14280981,1116,32,1116,32,0,157,3,0
2,350,21.000000,0.000000,1,2,14280984,1116,32,1116,32,0,157,3,0
2,350,21.000000,0.000000,1,2,14280987,1117,32,1117,32,0,157,3,0
2,350,21.000000,0.000000,1,2,14280990,1118,32,1118,32,0,157,3,0
2,350,21.000000,0.000000,1,2,14280992,1118,32,1118,32,0,157,3,0
2,350,21.000000,0.000000,1,2,14280995,1118,31,1118,31,0,157,3,0
2,350,21.000000,0.000000,1,2,14280998,1119,31,1119,31,0,157,3,0
2,350,21.000000,0.000000,1,2,14281001,1119,31,1119,31,0,157,3,0
2,350,21.000000,0.000000,1,2,14281004,1119,31,1119,31,0,157,3,0
2,350,21.000000,0.000000,1,2,14281006,1120,31,1120,31,0,157,3,0
2,350,21.000000,0.000000,1,2,14281009,1120,31,1120,31,0,157,3,0
2,350,21.000000,0.000000,1,2,14281012,1120,31,1120,31,0,157,3,0
2,350,21.000000,0.000000,1,2,14281015,1120,31,1120,31,0,157,3,0
2,350,21.000000,0.000000,1,2,14281017,1120,31,1120,31,0,157,3,0
2,350,21.000000,0.000000,1,2,14281020,1120,31,1120,31,0,157,3,0
2,350,21.000000,0.000000,1,2,14281023,1120,31,1120,31,0,157,3,0
2,350,21.000000,0.000000,1,2,14281025,1120,31,1120,31,0,157,3,0
2,350,21.000000,0.000000,1,2,14281028,1121,30,1121,30,0,157,3,0
2,350,21.000000,0.000000,1,2,14281031,1122,29,1122,29,0,157,3,0
2,350,21.000000,0.000000,1,2,14281034,1123,29,1123,29,0,157,3,0
2,350,21.000000,0.000000,1,2,14281036,1124,29,1124,29,0,157,3,0
2,350,21.000000,0.000000,1,2,14281039,1124,29,1124,29,0,157,3,0
2,350,21.000000,0.000000,1,2,14281042,1125,29,1125,29,0,157,3,0
2,350,21.000000,0.000000,1,2,14281045,1125,29,1125,29,0,157,3,0
2,350,21.000000,0.000000,1,2,14281048,1125,28,1125,28,0,157,3,0
2,350,21.000000,0.000000,1,2,14281051,1126,28,1126,28,0,157,3,0
2,350,21.000000,0.000000,1,2,14281053,1126,28,1126,28,0,157,3,0
2,350,21.000000,0.000000,1,2,14281056,1127,28,1127,28,0,157,3,0
2,350,21.000000,0.000000,1,2,14281059,1127,28,1127,28,0,157,3,0
2,350,21.000000,0.000000,1,2,14281062,1127,28,1127,28,0,157,3,0
2,350,21.000000,0.000000,1,2,14281065,1127,28,1127,28,0,157,3,0
2,350,21.000000,0.000000,1,2,14281067,1128,28,1128,28,0,157,3,0
2,350,21.000000,0.000000,1,2,14281070,1128,28,1128,28,0,157,3,0
2,350,21.000000,0.000000,1,2,14281073,1129,28,1129,28,0,157,3,0
2,350,21.000000,0.000000,1,2,14281076,1129,28,1129,28,0,157,3,0
2,350,21.000000,0.000000,1,2,14281079,1129,28,1129,28,0,157,3,0
2,350,21.000000,0.000000,1,2,14281081,1129,28,1129,28,0,157,3,0
2,350,21.000000,0.000000,1,2,14281084,1130,27,1130,27,0,157,3,0
2,350,21.000000,0.000000,1,2,14281086,1130,27,1130,27,0,157,3,0
2,350,21.000000,0.000000,1,2,14281089,1130,27,1130,27,0,157,3,0
2,350,21.000000,0.000000,1,2,14281092,1130,27,1130,27,0,157,3,0
2,350,21.000000,0.000000,1,2,14281095,1130,27,1130,27,0,157,3,0
2,350,21.000000,0.000000,1,2,14281098,1131,26,1131,26,0,157,3,0
2,350,21.000000,0.000000,1,2,14281101,1131,26,1131,26,0,157,3,0
2,350,21.000000,0.000000,1,2,14281104,1132,26,1132,26,0,157,3,0
2,350,21.000000,0.000000,1,2,14281106,1133,26,1133,26,0,157,3,0
2,350,21.000000,0.000000,1,2,14281109,1133,25,1133,25,0,157,3,0
2,350,21.000000,0.000000,1,2,14281112,1133,25,1133,25,0,157,3,0
2,350,21.000000,0.000000,1,2,14281115,1134,25,1134,25,0,157,3,0
2,350,21.000000,0.000000,1,2,14281118,1134,25,1134,25,0,157,3,0
2,350,21.000000,0.000000,1,2,14281121,1135,24,1135,24,0,157,3,0
2,350,21.000000,0.000000,1,2,14281123,1135,24,1135,24,0,157,3,0
2,350,21.000000,0.000000,1,2,14281126,1135,23,1135,23,0,157,3,0
2,350,21.000000,0.000000,1,2,14281129,1135,23,1135,23,0,157,3,0
2,350,21.000000,0.000000,1,2,14281132,1135,23,1135,23,0,157,3,0
2,350,21.000000,0.000000,1,2,14281134,1136,23,1136,23,0,157,3,0
2,350,21.000000,0.000000,1,2,14281137,1136,22,1136,22,0,157,3,0
2,350,21.000000,0.000000,1,2,14281140,1136,22,1136,22,0,157,3,0
2,350,21.000000,0.000000,1,2,14281143,1137,22,1137,22,0,157,3,0
2,350,21.000000,0.000000,1,2,14281146,1137,22,1137,22,0,157,3,0
2,350,21.000000,0.000000,1,2,14281148,1137,22,1137,22,0,157,3,0
2,350,21.000000,0.000000,1,2,14281151,1138,22,1138,22,0,157,3,0
2,350,21.000000,0.000000,1,2,14281154,1138,22,1138,22,0,157,3,0
2,350,21.000000,0.000000,1,2,14281157,1138,21,1138,21,0,157,3,0
2,350,21.000000,0.000000,1,2,14281160,1138,21,1138,21,0,157,3,0
2,350,21.000000,0.000000,1,2,14281162,1139,21,1139,21,0,157,3,0
2,350,21.000000,0.000000,1,2,14281165,1139,21,1139,21,0,157,3,0
2,350,21.000000,0.000000,1,2,14281168,1139,21,1139,21,0,157,3,0
2,350,21.000000,0.000000,1,2,14281171,1139,21,1139,21,0,157,3,0
2,350,21.000000,0.000000,1,2,14281173,1139,21,1139,21,0,157,3,0
2,350,21.000000,0.000000,1,2,14281176,1140,21,1140,21,0,157,3,0
2,350,21.000000,0.000000,1,2,14281179,1140,21,1140,21,0,157,3,0
2,350,21.000000,0.000000,1,2,14281182,1140,21,1140,21,0,157,3,0
2,350,21.000000,0.000000,1,2,14281184,1140,21,1140,21,0,157,3,0
2,350,21.000000,0.000000,1,2,14281187,1140,21,1140,21,0,157,3,0
2,350,21.000000,0.000000,1,2,14281190,1140,20,1140,20,0,157,3,0
2,350,21.000000,0.000000,1,2,14281193,1140,20,1140,20,0,157,3,0
2,350,21.000000,0.000000,1,2,14281195,1140,20,1140,20,0,157,3,0
2,350,21.000000,0.000000,1,2,14281198,1140,20,1140,20,0,157,3,0
2,350,21.000000,0.000000,1,2,14281201,1140,20,1140,20,0,157,3,0
2,350,21.000000,0.000000,1,2,14281204,1140,20,1140,20,0,157,3,0
2,350,21.000000,0.000000,1,2,14281207,1140,20,1140,20,0,157,3,0
2,350,21.000000,0.000000,1,2,14281209,1140,20,1140,20,0,157,3,0
2,350,21.000000,0.000000,1,2,14281212,1140,20,1140,20,0,157,3,0
2,350,21.000000,0.000000,1,2,14281215,1140,19,1140,19,0,157,3,0
2,350,21.000000,0.000000,1,2,14281218,1140,19,1140,19,0,157,3,0
2,350,21.000000,0.000000,1,2,14281220,1140,19,1140,19,0,157,3,0
2,350,21.000000,0.000000,1,2,14281223,1140,19,1140,19,0,157,3,0
2,350,21.000000,0.000000,1,2,14281226,1140,19,1140,19,0,157,3,0
2,350,21.000000,0.000000,1,2,14281229,1140,19,1140,19,0,157,3,0
2,350,21.000000,0.000000,1,2,14281231,1140,19,1140,19,0,157,3,0
2,350,21.000000,0.000000,1,2,14281234,1140,19,1140,19,0,157,3,0
2,350,21.000000,0.000000,1,2,14281236,1140,19,1140,19,0,157,3,0
2,350,21.000000,0.000000,1,2,14281239,1140,19,1140,19,0,157,3,0
2,350,21.000000,0.000000,1,2,14281242,1140,18,1140,18,0,157,3,0
2,350,21.000000,0.000000,1,2,14281245,1140,17,1140,17,0,157,3,0
2,350,21.000000,0.000000,1,2,14281248,1140,17,1140,17,0,157,3,0
2,350,21.000000,0.000000,1,2,14281250,1139,17,1139,17,0,157,3,0
2,350,21.000000,0.000000,1,2,14281253,1139,17,1139,17,0,157,3,0
2,350,21.000000,0.000000,1,2,14281256,1139,17,1139,17,0,157,3,0
2,350,21.000000,0.000000,1,2,14281259,1138,17,1138,17,0,157,3,0
2,350,21.000000,0.000000,1,2,14281262,1138,17,1138,17,0,157,3,0
2,350,21.000000,0.000000,1,2,14281264,1138,16,1138,16,0,157,3,0
2,350,21.000000,0.000000,1,2,14281267,1138,15,1138,15,0,157,3,0
2,350,21.000000,0.000000,1,2,14281270,1138,15,1138,15,0,157,3,0
2,350,21.000000,0.000000,1,2,14281273,1137,15,1137,15,0,157,3,0
2,350,21.000000,0.000000,1,2,14281275,1137,15,1137,15,0,157,3,0
2,350,21.000000,0.000000,1,2,14281278,1137,15,1137,15,0,157,3,0
2,350,21.000000,0.000000,1,2,14281281,1137,15,1137,15,0,157,3,0
2,350,21.000000,0.000000,1,2,14281283,1137,15,1137,15,0,157,3,0
2,350,21.000000,0.000000,1,2,14281286,1137,15,1137,15,0,157,3,0
2,350,21.000000,0.000000,1,2,14281289,1137,15,1137,15,0,157,3,0
2,350,21.000000,0.000000,1,2,14281292,1137,15,1137,15,0,157,3,0
2,350,21.000000,0.000000,1,2,14281295,1137,15,1137,15,0,157,3,0
2,350,21.000000,0.000000,1,2,14281297,1137,15,1137,15,0,157,3,0
2,350,21.000000,0.000000,1,2,14281300,1137,15,1137,15,0,157,3,0
2,350,21.000000,0.000000,1,2,14281303,1136,15,1136,15,0,157,3,0
2,350,21.000000,0.000000,1,2,14281306,1135,15,1135,15,0,157,3,0
2,350,21.000000,0.000000,1,2,14281309,1135,15,1135,15,0,157,3,0
2,350,21.000000,0.000000,1,2,14281311,1135,15,1135,15,0,157,3,0
2,350,21.000000,0.000000,1,2,14281314,1135,15,1135,15,0,157,3,0
2,350,21.000000,0.000000,1,2,14281327,1135,15,1135,15,0,157,3,0
