2,700,21.000000,42.000000,1,2,14331631,606,0,606,0,0,160,5,0
2,700,21.000000,42.000000,1,2,14331632,606,0,606,0,0,160,5,0
2,700,21.000000,42.000000,1,2,14331634,606,0,606,0,0,160,5,0
2,700,21.000000,42.000000,1,2,14331637,606,0,606,0,0,160,5,0
2,700,21.000000,42.000000,1,2,14331640,606,0,606,0,0,160,5,0
2,700,21.000000,42.000000,1,2,14331643,606,0,606,0,0,160,5,0
2,700,21.000000,42.000000,1,2,14331645,606,0,606,0,0,160,5,0
2,700,21.000000,42.000000,1,2,14331648,606,0,606,0,0,160,5,0
2,700,21.000000,42.000000,1,2,14331651,606,0,606,0,0,160,5,0
2,700,21.000000,42.000000,1,2,14331654,606,0,606,0,0,160,5,0
2,700,21.000000,42.000000,1,2,14331657,606,0,606,0,0,160,5,0
2,700,21.000000,42.000000,1,2,14331659,606,0,606,0,0,160,5,0
2,700,21.000000,42.000000,1,2,14331662,606,0,606,0,0,160,5,0
2,700,21.000000,42.000000,1,2,14331665,606,0,606,0,0,160,5,0
2,700,21.000000,42.000000,1,2,14331668,606,0,606,0,0,160,5,0
2,700,21.000000,42.000000,1,2,14331671,606,0,606,0,0,160,5,0
2,700,21.000000,42.000000,1,2,14331674,606,0,606,0,0,160,5,0
2,700,21.000000,42.000000,1,2,14331676,606,0,606,0,0,160,5,0
2,700,21.000000,42.000000,1,2,14331679,606,0,606,0,0,160,5,0
2,700,21.000000,42.000000,1,2,14331681,606,0,606,0,0,160,5,0
2,700,21.000000,42.000000,1,2,14331684,606,0,606,0,0,160,5,0
2,700,21.000000,42.000000,1,2,14331687,606,0,606,0,0,160,5,0
2,700,21.000000,42.000000,1,2,14331690,606,0,606,0,0,160,5,0
2,700,21.000000,42.000000,1,2,14331693,606,0,606,0,0,160,5,0
2,700,21.000000,42.000000,1,2,14331695,606,0,606,0,0,160,5,0
2,700,21.000000,42.000000,1,2,14331698,606,0,606,0,0,160,5,0
2,700,21.000000,42.000000,1,2,14331701,606,0,606,0,0,160,5,0
2,700,21.000000,42.000000,1,2,14331704,606,0,606,0,0,160,5,0
2,700,21.000000,42.000000,1,2,14331706,606,0,606,0,0,160,5,0
2,700,21.000000,42.000000,1,2,14331709,606,0,606,0,0,160,5,0
2,700,21.000000,42.000000,1,2,14331712,606,0,606,0,0,160,5,0
2,700,21.000000,42.000000,1,2,14331715,607,0,607,0,0,160,5,0
2,700,21.000000,42.000000,1,2,14331718,608,0,608,0,0,160,5,0
2,700,21.000000,42.000000,1,2,14331721,608,0,608,0,0,160,5,0
2,700,21.000000,42.000000,1,2,14331723,609,0,609,0,0,160,5,0
2,700,21.000000,42.000000,1,2,14331726,610,0,610,0,0,160,5,0
2,700,21.000000,42.000000,1,2,14331729,610,0,610,0,0,160,5,0
2,700,21.000000,42.000000,1,2,14331732,611,0,611,0,0,160,5,0
2,700,21.000000,42.000000,1,2,14331735,612,0,612,0,0,160,5,0
2,700,21.000000,42.000000,1,2,14331737,613,0,613,0,0,160,5,0
2,700,21.000000,42.000000,1,2,14331740,614,0,614,0,0,160,5,0
2,700,21.000000,42.000000,1,2,14331743,615,0,615,0,0,160,5,0
2,700,21.000000,42.000000,1,2,14331746,616,0,616,0,0,160,5,0
2,700,21.000000,42.000000,1,2,14331749,616,0,616,0,0,160,5,0
2,700,21.000000,42.000000,1,2,14331751,616,0,616,0,0,160,5,0
2,700,21.000000,42.000000,1,2,14331754,616,0,616,0,0,160,5,0
2,700,21.000000,42.000000,1,2,14331757,617,0,617,0,0,160,5,0
2,700,21.000000,42.000000,1,2,14331760,617,0,617,0,0,160,5,0
2,700,21.000000,42.000000,1,2,14331763,617,1,617,1,0,160,5,0
2,700,21.000000,42.000000,1,2,14331766,617,1,617,1,0,160,5,0
2,700,21.000000,42.000000,1,2,14331769,618,2,618,2,0,160,5,0
2,700,21.000000,42.000000,1,2,14331771,618,3,618,3,0,160,5,0
2,700,21.000000,42.000000,1,2,14331774,619,3,619,3,0,160,5,0
2,700,21.000000,42.000000,1,2,14331777,620,3,620,3,0,160,5,0
2,700,21.000000,42.000000,1,2,14331779,621,3,621,3,0,160,5,0
2,700,21.000000,42.000000,1,2,14331782,622,4,622,4,0,160,5,0
2,700,21.000000,42.000000,1,2,14331785,623,4,623,4,0,160,5,0
2,700,21.000000,42.000000,1,2,14331788,625,6,625,6,0,160,5,0
2,700,21.000000,42.000000,1,2,14331791,626,6,626,6,0,160,5,0
2,700,21.000000,42.000000,1,2,14331793,627,6,627,6,0,160,5,0
2,700,21.000000,42.000000,1,2,14331796,629,8,629,8,0,160,5,0
2,700,21.000000,42.000000,1,2,14331799,630,8,630,8,0,160,5,0
2,700,21.000000,42.000000,1,2,14331802,632,9,632,9,0,160,5,0
2,700,21.000000,42.000000,1,2,14331805,634,10,634,10,0,160,5,0
2,700,21.000000,42.000000,1,2,14331808,636,10,636,10,0,160,5,0
2,700,21.000000,42.000000,1,2,14331810,638,11,638,11,0,160,5,0
2,700,21.000000,42.000000,1,2,14331813,640,12,640,12,0,160,5,0
2,700,21.000000,42.000000,1,2,14331816,642,12,642,12,0,160,5,0
2,700,21.000000,42.000000,1,2,14331819,645,13,645,13,0,160,5,0
2,700,21.000000,42.000000,1,2,14331822,648,14,648,14,0,160,5,0
2,700,21.000000,42.000000,1,2,14331824,652,15,652,15,0,160,5,0
2,700,21.000000,42.000000,1,2,14331827,655,17,655,17,0,160,5,0
2,700,21.000000,42.000000,1,2,14331829,657,18,657,18,0,160,5,0
2,700,21.000000,42.000000,1,2,14331832,660,18,660,18,0,160,5,0
2,700,21.000000,42.000000,1,2,14331835,663,19,663,19,0,160,5,0
2,700,21.000000,42.000000,1,2,14331838,666,20,666,20,0,160,5,0
2,700,21.000000,42.000000,1,2,14331840,669,21,669,21,0,160,5,0
2,700,21.000000,42.000000,1,2,14331843,672,23,672,23,0,160,5,0
2,700,21.000000,42.000000,1,2,14331846,675,24,675,24,0,160,5,0
2,700,21.000000,42.000000,1,2,14331849,678,25,678,25,0,160,5,0
2,700,21.000000,42.000000,1,2,14331852,682,27,682,27,0,160,5,0
2,700,21.000000,42.000000,1,2,14331854,684,27,684,27,0,160,5,0
2,700,21.000000,42.000000,1,2,14331857,689,28,689,28,0,160,5,0
2,700,21.000000,42.000000,1,2,14331860,691,29,691,29,0,160,5,0
2,700,21.000000,42.000000,1,2,14331863,695,30,695,30,0,160,5,0
2,700,21.000000,42.000000,1,2,14331866,702,33,702,33,0,160,5,0
2,700,21.000000,42.000000,1,2,14331868,706,34,706,34,0,160,5,0
2,700,21.000000,42.000000,1,2,14331871,709,34,709,34,0,160,5,0
2,700,21.000000,42.000000,1,2,14331874,714,36,714,36,0,160,5,0
2,700,21.000000,42.000000,1,2,14331877,716,36,716,36,0,160,5,0
2,700,21.000000,42.000000,1,2,14331880,721,37,721,37,0,160,5,0
2,700,21.000000,42.000000,1,2,14331883,724,38,724,38,0,160,5,0
2,700,21.000000,42.000000,1,2,14331886,728,39,728,39,0,160,5,0
2,700,21.000000,42.000000,1,2,14331888,731,40,731,40,0,160,5,0
2,700,21.000000,42.000000,1,2,14331891,735,41,735,41,0,160,5,0
2,700,21.000000,42.000000,1,2,14331894,739,42,739,42,0,160,5,0
2,700,21.000000,42.000000,1,2,14331897,743,42,743,42,0,160,5,0
2,700,21.000000,42.000000,1,2,14331899,749,44,749,44,0,160,5,0
2,700,21.000000,42.000000,1,2,14331902,754,45,754,45,0,160,5,0
2,700,21.000000,42.000000,1,2,14331905,760,47,760,47,0,160,5,0
2,700,21.000000,42.000000,1,2,14331908,765,48,765,48,0,160,5,0
2,700,21.000000,42.000000,1,2,14331911,768,49,768,49,0,160,5,0
2,700,21.000000,42.000000,1,2,14331914,775,51,775,51,0,160,5,0
2,700,21.000000,42.000000,1,2,14331916,778,52,778,52,0,160,5,0
2,700,21.000000,42.000000,1,2,14331919,782,52,782,52,0,160,5,0
2,700,21.000000,42.000000,1,2,14331922,786,53,786,53,0,160,5,0
2,700,21.000000,42.000000,1,2,14331925,790,54,790,54,0,160,5,0
2,700,21.000000,42.000000,1,2,14331928,797,55,797,55,0,160,5,0
2,700,21.000000,42.000000,1,2,14331930,801,56,801,56,0,160,5,0
2,700,21.000000,42.000000,1,2,14331933,806,56,806,56,0,160,5,0
2,700,21.000000,42.000000,1,2,14331936,810,57,810,57,0,160,5,0
2,700,21.000000,42.000000,1,2,14331939,816,58,816,58,0,160,5,0
2,700,21.000000,42.000000,1,2,14331942,820,58,820,58,0,160,5,0
2,700,21.000000,42.000000,1,2,14331945,824,59,824,59,0,160,5,0
2,700,21.000000,42.000000,1,2,14331947,828,59,828,59,0,160,5,0
2,700,21.000000,42.000000,1,2,14331950,834,59,834,59,0,160,5,0
2,700,21.000000,42.000000,1,2,14331953,839,61,839,61,0,160,5,0
2,700,21.000000,42.000000,1,2,14331956,844,61,844,61,0,160,5,0
2,700,21.000000,42.000000,1,2,14331959,848,62,848,62,0,160,5,0
2,700,21.000000,42.000000,1,2,14331961,853,62,853,62,0,160,5,0
2,700,21.000000,42.000000,1,2,14331964,858,62,858,62,0,160,5,0
2,700,21.000000,42.000000,1,2,14331967,863,62,863,62,0,160,5,0
2,700,21.000000,42.000000,1,2,14331970,868,63,868,63,0,160,5,0
2,700,21.000000,42.000000,1,2,14331972,871,63,871,63,0,160,5,0
2,700,21.000000,42.000000,1,2,14331975,876,63,876,63,0,160,5,0
2,700,21.000000,42.000000,1,2,14331978,883,63,883,63,0,160,5,0
2,700,21.000000,42.000000,1,2,14331980,887,63,887,63,0,160,5,0
2,700,21.000000,42.000000,1,2,14331983,890,63,890,63,0,160,5,0
2,700,21.000000,42.000000,1,2,14331986,896,63,896,63,0,160,5,0
2,700,21.000000,42.000000,1,2,14331989,900,63,900,63,0,160,5,0
2,700,21.000000,42.000000,1,2,14331992,904,63,904,63,0,160,5,0
2,700,21.000000,42.000000,1,2,14331994,910,63,910,63,0,160,5,0
2,700,21.000000,42.000000,1,2,14331997,914,63,914,63,0,160,5,0
2,700,21.000000,42.000000,1,2,14332000,921,63,921,63,0,160,5,0
2,700,21.000000,42.000000,1,2,14332003,925,62,925,62,0,160,5,0
2,700,21.000000,42.000000,1,2,14332005,929,62,929,62,0,160,5,0
2,700,21.000000,42.000000,1,2,14332008,934,61,934,61,0,160,5,0
2,700,21.000000,42.000000,1,2,14332011,939,61,939,61,0,160,5,0
2,700,21.000000,42.000000,1,2,14332014,943,60,943,60,0,160,5,0
2,700,21.000000,42.000000,1,2,14332017,947,59,947,59,0,160,5,0
2,700,21.000000,42.000000,1,2,14332019,951,58,951,58,0,160,5,0
2,700,21.000000,42.000000,1,2,14332022,955,57,955,57,0,160,5,0
2,700,21.000000,42.000000,1,2,14332025,960,57,960,57,0,160,5,0
2,700,21.000000,42.000000,1,2,14332028,963,56,963,56,0,160,5,0
2,700,21.000000,42.000000,1,2,14332031,968,55,968,55,0,160,5,0
2,700,21.000000,42.000000,1,2,14332033,972,55,972,55,0,160,5,0
2,700,21.000000,42.000000,1,2,14332036,977,54,977,54,0,160,5,0
2,700,21.000000,42.000000,1,2,14332039,980,53,980,53,0,160,5,0
2,700,21.000000,42.000000,1,2,14332042,984,53,984,53,0,160,5,0
2,700,21.000000,42.000000,1,2,14332045,988,52,988,52,0,160,5,0
2,700,21.000000,42.000000,1,2,14332047,992,52,992,52,0,160,5,0
2,700,21.000000,42.000000,1,2,14332050,995,51,995,51,0,160,5,0
2,700,21.000000,42.000000,1,2,14332053,998,50,998,50,0,160,5,0
2,700,21.000000,42.000000,1,2,14332055,1003,49,1003,49,0,160,5,0
2,700,21.000000,42.000000,1,2,14332058,1007,48,1007,48,0,160,5,0
2,700,21.000000,42.000000,1,2,14332061,1011,47,1011,47,0,160,5,0
2,700,21.000000,42.000000,1,2,14332064,1014,46,1014,46,0,160,5,0
2,700,21.000000,42.000000,1,2,14332067,1017,45,1017,45,0,160,5,0
2,700,21.000000,42.000000,1,2,14332069,1022,43,1022,43,0,160,5,0
2,700,21.000000,42.000000,1,2,14332072,1026,43,1026,43,0,160,5,0
2,700,21.000000,42.000000,1,2,14332075,1031,41,1031,41,0,160,5,0
2,700,21.000000,42.000000,1,2,14332078,1035,41,1035,41,0,160,5,0
2,700,21.000000,42.000000,1,2,14332081,1038,39,1038,39,0,160,5,0
2,700,21.000000,42.000000,1,2,14332083,1041,39,1041,39,0,160,5,0
2,700,21.000000,42.000000,1,2,14332086,1043,38,1043,38,0,160,5,0
2,700,21.000000,42.000000,1,2,14332089,1047,38,1047,38,0,160,5,0
2,700,21.000000,42.000000,1,2,14332092,1051,37,1051,37,0,160,5,0
2,700,21.000000,42.000000,1,2,14332094,1056,36,1056,36,0,160,5,0
2,700,21.000000,42.000000,1,2,14332097,1060,34,1060,34,0,160,5,0
2,700,21.000000,42.000000,1,2,14332100,1064,33,1064,33,0,160,5,0
2,700,21.000000,42.000000,1,2,14332103,1068,32,1068,32,0,160,5,0
2,700,21.000000,42.000000,1,2,14332106,1072,31,1072,31,0,160,5,0
2,700,21.000000,42.000000,1,2,14332109,1076,31,1076,31,0,160,5,0
2,700,21.000000,42.000000,1,2,14332111,1080,31,1080,31,0,160,5,0
2,700,21.000000,42.000000,1,2,14332114,1084,30,1084,30,0,160,5,0
2,700,21.000000,42.000000,1,2,14332117,1089,29,1089,29,0,160,5,0
2,700,21.000000,42.000000,1,2,14332120,1092,29,1092,29,0,160,5,0
2,700,21.000000,42.000000,1,2,14332122,1096,27,1096,27,0,160,5,0
2,700,21.000000,42.000000,1,2,14332125,1100,27,1100,27,0,160,5,0
2,700,21.000000,42.000000,1,2,14332128,1105,26,1105,26,0,160,5,0
2,700,21.000000,42.000000,1,2,14332131,1108,25,1108,25,0,160,5,0
2,700,21.000000,42.000000,1,2,14332133,1111,24,1111,24,0,160,5,0
2,700,21.000000,42.000000,1,2,14332136,1115,23,1115,23,0,160,5,0
2,700,21.000000,42.000000,1,2,14332139,1116,23,1116,23,0,160,5,0
2,700,21.000000,42.000000,1,2,14332142,1120,21,1120,21,0,160,5,0
2,700,21.000000,42.000000,1,2,14332145,1124,21,1124,21,0,160,5,0
2,700,21.000000,42.000000,1,2,14332147,1127,20,1127,20,0,160,5,0
2,700,21.000000,42.000000,1,2,14332150,1131,19,1131,19,0,160,5,0
2,700,21.000000,42.000000,1,2,14332153,1135,17,1135,17,0,160,5,0
2,700,21.000000,42.000000,1,2,14332156,1138,17,1138,17,0,160,5,0
2,700,21.000000,42.000000,1,2,14332159,1143,16,1143,16,0,160,5,0
2,700,21.000000,42.000000,1,2,14332161,1146,15,1146,15,0,160,5,0
2,700,21.000000,42.000000,1,2,14332164,1149,14,1149,14,0,160,5,0
2,700,21.000000,42.000000,1,2,14332167,1152,13,1152,13,0,160,5,0
2,700,21.000000,42.000000,1,2,14332170,1155,13,1155,13,0,160,5,0
2,700,21.000000,42.000000,1,2,14332172,1158,11,1158,11,0,160,5,0
2,700,21.000000,42.000000,1,2,14332175,1162,11,1162,11,0,160,5,0
2,700,21.000000,42.000000,1,2,14332178,1172,9,1172,9,0,160,5,0
2,700,21.000000,42.000000,1,2,14332181,1176,9,1176,9,0,160,5,0
2,700,21.000000,42.000000,1,2,14332184,1180,8,1180,8,0,160,5,0
2,700,21.000000,42.000000,1,2,14332187,1183,7,1183,7,0,160,5,0
2,700,21.000000,42.000000,1,2,14332190,1186,6,1186,6,0,160,5,0
2,700,21.000000,42.000000,1,2,14332192,1189,5,1189,5,0,160,5,0
2,700,21.000000,42.000000,1,2,14332195,1192,5,1192,5,0,160,5,0
2,700,21.000000,42.000000,1,2,14332197,1195,4,1195,4,0,160,5,0
2,700,21.000000,42.000000,1,2,14332200,1199,4,1199,4,0,160,5,0
2,700,21.000000,42.000000,1,2,14332203,1203,3,1203,3,0,160,5,0
2,700,21.000000,42.000000,1,2,14332206,1205,3,1205,3,0,160,5,0
2,700,21.000000,42.000000,1,2,14332209,1207,2,1207,2,0,160,5,0
2,700,21.000000,42.000000,1,2,14332211,1209,1,1209,1,0,160,5,0
2,700,21.000000,42.000000,1,2,14332214,1212,1,1212,1,0,160,5,0
2,700,21.000000,42.000000,1,2,14332217,1215,0,1215,0,0,160,5,0
2,700,21.000000,42.000000,1,2,14332220,1218,0,1218,0,0,160,5,0
2,700,21.000000,42.000000,1,2,14332223,1221,0,1221,0,0,160,5,0
2,700,21.000000,42.000000,1,2,14332225,1224,0,1224,-1,0,160,5,0
2,700,21.000000,42.000000,1,2,14332228,1227,0,1227,-2,0,160,5,0
2,700,21.000000,42.000000,1,2,14332231,1229,0,1229,-3,0,160,5,0
2,700,21.000000,42.000000,1,2,14332234,1231,0,1231,-3,0,160,5,0
2,700,21.000000,42.000000,1,2,14332237,1233,0,1233,-3,0,160,5,0
2,700,21.000000,42.000000,1,2,14332239,1235,0,1235,-3,0,160,5,0
2,700,21.000000,42.000000,1,2,14332242,1237,0,1237,-3,0,160,5,0
2,700,21.000000,42.000000,1,2,14332245,1240,0,1240,-4,0,160,5,0
2,700,21.000000,42.000000,1,2,14332248,1243,0,1243,-4,0,160,5,0
2,700,21.000000,42.000000,1,2,14332251,1245,0,1245,-5,0,160,5,0
2,700,21.000000,42.000000,1,2,14332253,1246,0,1246,-5,0,160,5,0
2,700,21.000000,42.000000,1,2,14332256,1248,0,1248,-6,0,160,5,0
2,700,21.000000,42.000000,1,2,14332259,1249,0,1249,-6,0,160,5,0
2,700,21.000000,42.000000,1,2,14332262,1251,0,1251,-6,0,160,5,0
2,700,21.000000,42.000000,1,2,14332265,1253,0,1253,-6,0,160,5,0
2,700,21.000000,42.000000,1,2,14332267,1254,0,1254,-7,0,160,5,0
2,700,21.000000,42.000000,1,2,14332270,1255,0,1255,-7,0,160,5,0
2,700,21.000000,42.000000,1,2,14332273,1256,0,1256,-7,0,160,5,0
2,700,21.000000,42.000000,1,2,14332275,1257,0,1257,-7,0,160,5,0
2,700,21.000000,42.000000,1,2,14332278,1259,0,1259,-8,0,160,5,0
2,700,21.000000,42.000000,1,2,14332281,1260,0,1260,-8,0,160,5,0
2,700,21.000000,42.000000,1,2,14332283,1261,0,1261,-8,0,160,5,0
2,700,21.000000,42.000000,1,2,14332286,1262,0,1262,-9,0,160,5,0
2,700,21.000000,42.000000,1,2,14332289,1263,0,1263,-9,0,160,5,0
2,700,21.000000,42.000000,1,2,14332292,1264,0,1264,-10,0,160,5,0
2,700,21.000000,42.000000,1,2,14332295,1264,0,1264,-10,0,160,5,0
2,700,21.000000,42.000000,1,2,14332297,1265,0,1265,-10,0,160,5,0
2,700,21.000000,42.000000,1,2,14332300,1265,0,1265,-10,0,160,5,0
2,700,21.000000,42.000000,1,2,14332303,1265,0,1265,-10,0,160,5,0
2,700,21.000000,42.000000,1,2,14332306,1265,0,1265,-11,0,160,5,0
2,700,21.000000,42.000000,1,2,14332309,1265,0,1265,-11,0,160,5,0
2,700,21.000000,42.000000,1,2,14332311,1265,0,1265,-11,0,160,5,0
2,700,21.000000,42.000000,1,2,14332314,1265,0,1265,-11,0,160,5,0
2,700,21.000000,42.000000,1,2,14332317,1265,0,1265,-11,0,160,5,0
2,700,21.000000,42.000000,1,2,14332320,1265,0,1265,-11,0,160,5,0
2,700,21.000000,42.000000,1,2,14332322,1265,0,1265,-11,0,160,5,0
2,700,21.000000,42.000000,1,2,14332325,1265,0,1265,-11,0,160,5,0
2,700,21.000000,42.000000,1,2,14332328,1265,0,1265,-11,0,160,5,0
2,700,21.000000,42.000000,1,2,14332331,1265,0,1265,-11,0,160,5,0
2,700,21.000000,42.000000,1,2,14332333,1265,0,1265,-11,0,160,5,0
2,700,21.000000,42.000000,1,2,14332336,1265,0,1265,-11,0,160,5,0
2,700,21.000000,42.000000,1,2,14332339,1265,0,1265,-11,0,160,5,0
2,700,21.000000,42.000000,1,2,14332342,1265,0,1265,-11,0,160,5,0
2,700,21.000000,42.000000,1,2,14332344,1266,0,1266,-11,0,160,5,0
2,700,21.000000,42.000000,1,2,14332347,1266,0,1266,-11,0,160,5,0
2,700,21.000000,42.000000,1,2,14332349,1266,0,1266,-11,0,160,5,0
2,700,21.000000,42.000000,1,2,14332352,1266,0,1266,-11,0,160,5,0
2,700,21.000000,42.000000,1,2,14332355,1266,0,1266,-11,0,160,5,0
2,700,21.000000,42.000000,1,2,14332358,1266,0,1266,-11,0,160,5,0
2,700,21.000000,42.000000,1,2,14332361,1266,0,1266,-11,0,160,5,0
2,700,21.000000,42.000000,1,2,14332364,1266,0,1266,-11,0,160,5,0
2,700,21.000000,42.000000,1,2,14332366,1266,0,1266,-11,0,160,5,0
2,700,21.000000,42.000000,1,2,14332369,1266,0,1266,-11,0,160,5,0
2,700,21.000000,42.000000,1,2,14332372,1266,0,1266,-11,0,160,5,0
2,700,21.000000,42.000000,1,2,14332375,1266,0,1266,-11,0,160,5,0
2,700,21.000000,42.000000,1,2,14332378,1267,0,1267,-11,0,160,5,0
2,700,21.000000,42.000000,1,2,14332380,1267,0,1267,-11,0,160,5,0
2,700,21.000000,42.000000,1,2,14332383,1268,0,1268,-11,0,160,5,0
2,700,21.000000,42.000000,1,2,14332386,1268,0,1268,-12,0,160,5,0
2,700,21.000000,42.000000,1,2,14332389,1269,0,1269,-12,0,160,5,0
2,700,21.000000,42.000000,1,2,14332392,1270,0,1270,-13,0,160,5,0
2,700,21.000000,42.000000,1,2,14332394,1270,0,1270,-13,0,160,5,0
2,700,21.000000,42.000000,1,2,14332397,1270,0,1270,-13,0,160,5,0
2,700,21.000000,42.000000,1,2,14332400,1270,0,1270,-13,0,160,5,0
2,700,21.000000,42.000000,1,2,14332403,1270,0,1270,-14,0,160,5,0
2,700,21.000000,42.000000,1,2,14332405,1272,0,1272,-14,0,160,5,0
2,700,21.000000,42.000000,1,2,14332408,1272,0,1272,-14,0,160,5,0
2,700,21.000000,42.000000,1,2,14332411,1273,0,1273,-14,0,160,5,0
2,700,21.000000,42.000000,1,2,14332414,1273,0,1273,-15,0,160,5,0
2,700,21.000000,42.000000,1,2,14332417,1273,0,1273,-15,0,160,5,0
2,700,21.000000,42.000000,1,2,14332419,1274,0,1274,-15,0,160,5,0
2,700,21.000000,42.000000,1,2,14332422,1274,0,1274,-15,0,160,5,0
2,700,21.000000,42.000000,1,2,14332425,1274,0,1274,-15,0,160,5,0
2,700,21.000000,42.000000,1,2,14332428,1275,0,1275,-15,0,160,5,0
2,700,21.000000,42.000000,1,2,14332431,1275,0,1275,-15,0,160,5,0
2,700,21.000000,42.000000,1,2,14332433,1276,0,1276,-16,0,160,5,0
2,700,21.000000,42.000000,1,2,14332436,1276,0,1276,-16,0,160,5,0
2,700,21.000000,42.000000,1,2,14332438,1277,0,1277,-16,0,160,5,0
2,700,21.000000,42.000000,1,2,14332441,1278,0,1278,-16,0,160,5,0
2,700,21.000000,42.000000,1,2,14332444,1278,0,1278,-17,0,160,5,0
2,700,21.000000,42.000000,1,2,14332447,1279,0,1279,-17,0,160,5,0
2,700,21.000000,42.000000,1,2,14332450,1279,0,1279,-17,0,160,5,0
2,700,21.000000,42.000000,1,2,14332452,1279,0,1279,-17,0,160,5,0
2,700,21.000000,42.000000,1,2,14332455,1280,0,1280,-17,0,160,5,0
2,700,21.000000,42.000000,1,2,14332458,1281,0,1281,-17,0,160,5,0
2,700,21.000000,42.000000,1,2,14332461,1281,0,1281,-17,0,160,5,0
2,700,21.000000,42.000000,1,2,14332464,1282,0,1282,-17,0,160,5,0
2,700,21.000000,42.000000,1,2,14332466,1282,0,1282,-17,0,160,5,0
2,700,21.000000,42.000000,1,2,14332469,1283,0,1283,-17,0,160,5,0
2,700,21.000000,42.000000,1,2,14332472,1283,0,1283,-18,0,160,5,0
2,700,21.000000,42.000000,1,2,14332475,1283,0,1283,-18,0,160,5,0
2,700,21.000000,42.000000,1,2,14332478,1283,0,1283,-18,0,160,5,0
2,700,21.000000,42.000000,1,2,14332480,1284,0,1284,-18,0,160,5,0
2,700,21.000000,42.000000,1,2,14332483,1284,0,1284,-18,0,160,5,0
2,700,21.000000,42.000000,1,2,14332486,1284,0,1284,-18,0,160,5,0
2,700,21.000000,42.000000,1,2,14332489,1285,0,1285,-18,0,160,5,0
2,700,21.000000,42.000000,1,2,14332492,1285,0,1285,-18,0,160,5,0
2,700,21.000000,42.000000,1,2,14332494,1285,0,1285,-18,0,160,5,0
2,700,21.000000,42.000000,1,2,14332497,1285,0,1285,-19,0,160,5,0
2,700,21.000000,42.000000,1,2,14332500,1286,0,1286,-19,0,160,5,0
2,700,21.000000,42.000000,1,2,14332503,1287,0,1287,-19,0,160,5,0
2,700,21.000000,42.000000,1,2,14332506,1287,0,1287,-19,0,160,5,0
2,700,21.000000,42.000000,1,2,14332508,1288,0,1288,-19,0,160,5,0
2,700,21.000000,42.000000,1,2,14332511,1289,0,1289,-20,0,160,5,0
2,700,21.000000,42.000000,1,2,14332513,1289,0,1289,-20,0,160,5,0
2,700,21.000000,42.000000,1,2,14332516,1290,0,1290,-20,0,160,5,0
2,700,21.000000,42.000000,1,2,14332519,1291,0,1291,-20,0,160,5,0
2,700,21.000000,42.000000,1,2,14332522,1292,0,1292,-20,0,160,5,0
2,700,21.000000,42.000000,1,2,14332524,1293,0,1293,-21,0,160,5,0
2,700,21.000000,42.000000,1,2,14332527,1293,0,1293,-21,0,160,5,0
2,700,21.000000,42.000000,1,2,14332530,1293,0,1293,-21,0,160,5,0
2,700,21.000000,42.000000,1,2,14332533,1294,0,1294,-21,0,160,5,0
2,700,21.000000,42.000000,1,2,14332536,1296,0,1296,-21,0,160,5,0
2,700,21.000000,42.000000,1,2,14332538,1297,0,1297,-21,0,160,5,0
2,700,21.000000,42.000000,1,2,14332541,1298,0,1298,-21,0,160,5,0
2,700,21.000000,42.000000,1,2,14332544,1298,0,1298,-22,0,160,5,0
2,700,21.000000,42.000000,1,2,14332547,1300,0,1300,-22,0,160,5,0
2,700,21.000000,42.000000,1,2,14332549,1301,0,1301,-22,0,160,5,0
2,700,21.000000,42.000000,1,2,14332552,1301,0,1301,-22,0,160,5,0
2,700,21.000000,42.000000,1,2,14332555,1301,0,1301,-23,0,160,5,0
2,700,21.000000,42.000000,1,2,14332558,1302,0,1302,-23,0,160,5,0
2,700,21.000000,42.000000,1,2,14332561,1303,0,1303,-23,0,160,5,0
2,700,21.000000,42.000000,1,2,14332563,1303,0,1303,-23,0,160,5,0
2,700,21.000000,42.000000,1,2,14332566,1304,0,1304,-23,0,160,5,0
2,700,21.000000,42.000000,1,2,14332569,1304,0,1304,-23,0,160,5,0
2,700,21.000000,42.000000,1,2,14332572,1304,0,1304,-23,0,160,5,0
2,700,21.000000,42.000000,1,2,14332575,1304,0,1304,-23,0,160,5,0
2,700,21.000000,42.000000,1,2,14332577,1304,0,1304,-23,0,160,5,0
2,700,21.000000,42.000000,1,2,14332580,1304,0,1304,-23,0,160,5,0
2,700,21.000000,42.000000,1,2,14332582,1304,0,1304,-23,0,160,5,0
2,700,21.000000,42.000000,1,2,14332585,1304,0,1304,-23,0,160,5,0
2,700,21.000000,42.000000,1,2,14332588,1304,0,1304,-23,0,160,5,0
2,700,21.000000,42.000000,1,2,14332591,1304,0,1304,-23,0,160,5,0
2,700,21.000000,42.000000,1,2,14332594,1304,0,1304,-23,0,160,5,0
2,700,21.000000,42.000000,1,2,14332596,1304,0,1304,-23,0,160,5,0
2,700,21.000000,42.000000,1,2,14332599,1304,0,1304,-23,0,160,5,0
2,700,21.000000,42.000000,1,2,14332602,1304,0,1304,-23,0,160,5,0
2,700,21.000000,42.000000,1,2,14332605,1304,0,1304,-23,0,160,5,0
2,700,21.000000,42.000000,1,2,14332607,1304,0,1304,-23,0,160,5,0
2,700,21.000000,42.000000,1,2,14332610,1304,0,1304,-23,0,160,5,0
2,700,21.000000,42.000000,1,2,14332613,1304,0,1304,-23,0,160,5,0
2,700,21.000000,42.000000,1,2,14332616,1304,0,1304,-23,0,160,5,0
2,700,21.000000,42.000000,1,2,14332618,1304,0,1304,-23,0,160,5,0
2,700,21.000000,42.000000,1,2,14332621,1304,0,1304,-23,0,160,5,0
2,700,21.000000,42.000000,1,2,14332624,1304,0,1304,-23,0,160,5,0
2,700,21.000000,42.000000,1,2,14332627,1304,0,1304,-23,0,160,5,0
2,700,21.000000,42.000000,1,2,14332629,1304,0,1304,-23,0,160,5,0
2,700,21.000000,42.000000,1,2,14332632,1304,0,1304,-23,0,160,5,0
2,700,21.000000,42.000000,1,2,14332635,1304,0,1304,-23,0,160,5,0
2,700,21.000000,42.000000,1,2,14332638,1304,0,1304,-23,0,160,5,0
2,700,21.000000,42.000000,1,2,14332641,1304,0,1304,-23,0,160,5,0
2,700,21.000000,42.000000,1,2,14332643,1304,0,1304,-23,0,160,5,0
2,700,21.000000,42.000000,1,2,14332646,1304,0,1304,-23,0,160,5,0
2,700,21.000000,42.000000,1,2,14332649,1304,0,1304,-23,0,160,5,0
2,700,21.000000,42.000000,1,2,14332652,1304,0,1304,-23,0,160,5,0
2,700,21.000000,42.000000,1,2,14332655,1304,0,1304,-23,0,160,5,0
2,700,21.000000,42.000000,1,2,14332657,1304,0,1304,-23,0,160,5,0
2,700,21.000000,42.000000,1,2,14332660,1304,0,1304,-23,0,160,5,0
2,700,21.000000,42.000000,1,2,14332663,1304,0,1304,-23,0,160,5,0
2,700,21.000000,42.000000,1,2,14332665,1304,0,1304,-23,0,160,5,0
2,700,21.000000,42.000000,1,2,14332668,1304,0,1304,-23,0,160,5,0
2,700,21.000000,42.000000,1,2,14332671,1304,0,1304,-23,0,160,5,0
2,700,21.000000,42.000000,1,2,14332674,1304,0,1304,-23,0,160,5,0
2,700,21.000000,42.000000,1,2,14332677,1304,0,1304,-23,0,160,5,0
2,700,21.000000,42.000000,1,2,14332679,1304,0,1304,-23,0,160,5,0
2,700,21.000000,42.000000,1,2,14332682,1304,0,1304,-23,0,160,5,0
2,700,21.000000,42.000000,1,2,14332685,1304,0,1304,-23,0,160,5,0
2,700,21.000000,42.000000,1,2,14332688,1304,0,1304,-23,0,160,5,0
2,700,21.000000,42.000000,1,2,14332691,1304,0,1304,-23,0,160,5,0
2,700,21.000000,42.000000,1,2,14332693,1304,0,1304,-23,0,160,5,0
2,700,21.000000,42.000000,1,2,14332696,1304,0,1304,-23,0,160,5,0
2,700,21.000000,42.000000,1,2,14332699,1304,0,1304,-23,0,160,5,0
2,700,21.000000,42.000000,1,2,14332702,1304,0,1304,-23,0,160,5,0
2,700,21.000000,42.000000,1,2,14332705,1304,0,1304,-23,0,160,5,0
2,700,21.000000,42.000000,1,2,14332708,1304,0,1304,-23,0,160,5,0
2,700,21.000000,42.000000,1,2,14332710,1304,0,1304,-23,0,160,5,0
2,700,21.000000,42.000000,1,2,14332713,1304,0,1304,-23,0,160,5,0
2,700,21.000000,42.000000,1,2,14332716,1304,0,1304,-23,0,160,5,0
2,700,21.000000,42.000000,1,2,14332718,1304,0,1304,-23,0,160,5,0
2,700,21.000000,42.000000,1,2,14332721,1304,0,1304,-23,0,160,5,0
2,700,21.000000,42.000000,1,2,14332724,1304,0,1304,-23,0,160,5,0
2,700,21.000000,42.000000,1,2,14332727,1304,0,1304,-23,0,160,5,0
2,700,21.000000,42.000000,1,2,14332729,1304,0,1304,-23,0,160,5,0
2,700,21.000000,42.000000,1,2,14332732,1304,0,1304,-23,0,160,5,0
2,700,21.000000,42.000000,1,2,14332735,1304,0,1304,-23,0,160,5,0
2,700,21.000000,42.000000,1,2,14332738,1304,0,1304,-23,0,160,5,0
2,700,21.000000,42.000000,1,2,14332740,1304,0,1304,-23,0,160,5,0
2,700,21.000000,42.000000,1,2,14332743,1304,0,1304,-23,0,160,5,0
2,700,21.000000,42.000000,1,2,14332757,1304,0,1304,-23,0,160,5,0
