2,350,21.000000,0.000000,1,5,12539773,786,1.600000,786,1.600000,0,44,3,0
2,350,21.000000,0.000000,1,5,12539774,786,1.600000,786,1.600000,0,44,3,0
2,350,21.000000,0.000000,1,5,12539776,786,1.600000,786,1.600000,0,44,3,0
2,350,21.000000,0.000000,1,5,12539779,786,1.600000,786,1.600000,0,44,3,0
2,350,21.000000,0.000000,1,5,12539782,786,1.600000,786,1.600000,0,44,3,0
2,350,21.000000,0.000000,1,5,12539785,786,1.600000,786,1.600000,0,44,3,0
2,350,21.000000,0.000000,1,5,12539788,786,1.600000,786,1.600000,0,44,3,0
2,350,21.000000,0.000000,1,5,12539790,786,1.600000,786,1.600000,0,44,3,0
2,350,21.000000,0.000000,1,5,12539793,786,1.600000,786,1.600000,0,44,3,0
2,350,21.000000,0.000000,1,5,12539796,786,1.600000,786,1.600000,0,44,3,0
2,350,21.000000,0.000000,1,5,12539798,786,1.600000,786,1.600000,0,44,3,0
2,350,21.000000,0.000000,1,5,12539801,786,1.600000,786,1.600000,0,44,3,0
2,350,21.000000,0.000000,1,5,12539804,786,1.600000,786,1.600000,0,44,3,0
2,350,21.000000,0.000000,1,5,12539807,786,1.600000,786,1.600000,0,44,3,0
2,350,21.000000,0.000000,1,5,12539810,786,1.600000,786,1.600000,0,44,3,0
2,350,21.000000,0.000000,1,5,12539812,786,1.600000,786,1.600000,0,44,3,0
2,350,21.000000,0.000000,1,5,12539815,786,1.600000,786,1.600000,0,44,3,0
2,350,21.000000,0.000000,1,5,12539818,786,1.600000,786,1.600000,0,44,3,0
2,350,21.000000,0.000000,1,5,12539821,786,1.600000,786,1.600000,0,44,3,0
2,350,21.000000,0.000000,1,5,12539824,786,1.600000,786,1.600000,0,44,3,0
2,350,21.000000,0.000000,1,5,12539826,786,1.600000,786,1.600000,0,44,3,0
2,350,21.000000,0.000000,1,5,12539829,786,1.600000,786,1.600000,0,44,3,0
2,350,21.000000,0.000000,1,5,12539832,786,1.600000,786,1.600000,0,44,3,0
2,350,21.000000,0.000000,1,5,12539835,786,1.600000,786,1.600000,0,44,3,0
2,350,21.000000,0.000000,1,5,12539838,786,1.600000,786,1.600000,0,44,3,0
2,350,21.000000,0.000000,1,5,12539841,786,1.600000,786,1.600000,0,44,3,0
2,350,21.000000,0.000000,1,5,12539843,786,1.600000,786,1.600000,0,44,3,0
2,350,21.000000,0.000000,1,5,12539846,786,1.600000,786,1.600000,0,44,3,0
2,350,21.000000,0.000000,1,5,12539849,786,1.600000,786,1.600000,0,44,3,0
2,350,21.000000,0.000000,1,5,12539851,786,1.600000,786,1.600000,0,44,3,0
2,350,21.000000,0.000000,1,5,12539854,786,1.600000,786,1.600000,0,44,3,0
2,350,21.000000,0.000000,1,5,12539857,786,1.600000,786,1.600000,0,44,3,0
2,350,21.000000,0.000000,1,5,12539860,786,1.600000,786,1.600000,0,44,3,0
2,350,21.000000,0.000000,1,5,12539863,786,1.600000,786,1.600000,0,44,3,0
2,350,21.000000,0.000000,1,5,12539865,786,1.600000,786,1.600000,0,44,3,0
2,350,21.000000,0.000000,1,5,12539868,786,1.600000,786,1.600000,0,44,3,0
2,350,21.000000,0.000000,1,5,12539871,786,1.600000,786,1.600000,0,44,3,0
2,350,21.000000,0.000000,1,5,12539874,786,1.600000,786,1.600000,0,44,3,0
2,350,21.000000,0.000000,1,5,12539877,786,1.600000,786,1.600000,0,44,3,0
2,350,21.000000,0.000000,1,5,12539879,786,1.600000,786,1.600000,0,44,3,0
2,350,21.000000,0.000000,1,5,12539882,787,1.600000,787,1.600000,0,44,3,0
2,350,21.000000,0.000000,1,5,12539885,788,1.600000,788,1.600000,0,44,3,0
2,350,21.000000,0.000000,1,5,12539888,789,2.600000,789,2.600000,0,44,3,0
2,350,21.000000,0.000000,1,5,12539890,790,3.600000,790,3.600000,0,44,3,0
2,350,21.000000,0.000000,1,5,12539893,792,4.600000,792,4.600000,0,44,3,0
2,350,21.000000,0.000000,1,5,12539896,794,5.600000,794,5.600000,0,44,3,0
2,350,21.000000,0.000000,1,5,12539899,795,5.600000,795,5.600000,0,44,3,0
2,350,21.000000,0.000000,1,5,12539901,797,6.600000,797,6.600000,0,44,3,0
2,350,21.000000,0.000000,1,5,12539904,798,6.600000,798,6.600000,0,44,3,0
2,350,21.000000,0.000000,1,5,12539907,798,7.600000,798,7.600000,0,44,3,0
2,350,21.000000,0.000000,1,5,12539910,798,8.600000,798,8.600000,0,44,3,0
2,350,21.000000,0.000000,1,5,12539913,799,9.600000,799,9.600000,0,44,3,0
2,350,21.000000,0.000000,1,5,12539915,800,10.600000,800,10.600000,0,44,3,0
2,350,21.000000,0.000000,1,5,12539918,801,10.600000,801,10.600000,0,44,3,0
2,350,21.000000,0.000000,1,5,12539921,802,11.600000,802,11.600000,0,44,3,0
2,350,21.000000,0.000000,1,5,12539924,803,12.600000,803,12.600000,0,44,3,0
2,350,21.000000,0.000000,1,5,12539927,804,12.600000,804,12.600000,0,44,3,0
2,350,21.000000,0.000000,1,5,12539930,805,13.600000,805,13.600000,0,44,3,0
2,350,21.000000,0.000000,1,5,12539932,807,15.600000,807,15.600000,0,44,3,0
2,350,21.000000,0.000000,1,5,12539935,808,15.600000,808,15.600000,0,44,3,0
2,350,21.000000,0.000000,1,5,12539938,810,15.600000,810,15.600000,0,44,3,0
2,350,21.000000,0.000000,1,5,12539941,812,16.600000,812,16.600000,0,44,3,0
2,350,21.000000,0.000000,1,5,12539944,814,17.600000,814,17.600000,0,44,3,0
2,350,21.000000,0.000000,1,5,12539946,816,19.600000,816,19.600000,0,44,3,0
2,350,21.000000,0.000000,1,5,12539949,818,19.600000,818,19.600000,0,44,3,0
2,350,21.000000,0.000000,1,5,12539952,820,20.600000,820,20.600000,0,44,3,0
2,350,21.000000,0.000000,1,5,12539954,822,21.600000,822,21.600000,0,44,3,0
2,350,21.000000,0.000000,1,5,12539957,824,21.600000,824,21.600000,0,44,3,0
2,350,21.000000,0.000000,1,5,12539960,828,23.600000,828,23.600000,0,44,3,0
2,350,21.000000,0.000000,1,5,12539963,831,23.600000,831,23.600000,0,44,3,0
2,350,21.000000,0.000000,1,5,12539965,834,24.600000,834,24.600000,0,44,3,0
2,350,21.000000,0.000000,1,5,12539968,837,24.600000,837,24.600000,0,44,3,0
2,350,21.000000,0.000000,1,5,12539971,840,25.600000,840,25.600000,0,44,3,0
2,350,21.000000,0.000000,1,5,12539974,843,26.600000,843,26.600000,0,44,3,0
2,350,21.000000,0.000000,1,5,12539977,849,27.600000,849,27.600000,0,44,3,0
2,350,21.000000,0.000000,1,5,12539980,852,29.600000,852,29.600000,0,44,3,0
2,350,21.000000,0.000000,1,5,12539983,855,30.600000,855,30.600000,0,44,3,0
2,350,21.000000,0.000000,1,5,12539985,860,32.600000,860,32.600000,0,44,3,0
2,350,21.000000,0.000000,1,5,12539988,865,32.600000,865,32.600000,0,44,3,0
2,350,21.000000,0.000000,1,5,12539991,871,33.600000,871,33.600000,0,44,3,0
2,350,21.000000,0.000000,1,5,12539994,874,33.600000,874,33.600000,0,44,3,0
2,350,21.000000,0.000000,1,5,12539997,880,35.600000,880,35.600000,0,44,3,0
2,350,21.000000,0.000000,1,5,12540000,885,35.600000,885,35.600000,0,44,3,0
2,350,21.000000,0.000000,1,5,12540002,890,36.600000,890,36.600000,0,44,3,0
2,350,21.000000,0.000000,1,5,12540005,895,37.600000,895,37.600000,0,44,3,0
2,350,21.000000,0.000000,1,5,12540007,902,38.600000,902,38.600000,0,44,3,0
2,350,21.000000,0.000000,1,5,12540010,907,39.600000,907,39.600000,0,44,3,0
2,350,21.000000,0.000000,1,5,12540013,912,39.600000,912,39.600000,0,44,3,0
2,350,21.000000,0.000000,1,5,12540016,915,40.600000,915,40.600000,0,44,3,0
2,350,21.000000,0.000000,1,5,12540019,919,41.600000,919,41.600000,0,44,3,0
2,350,21.000000,0.000000,1,5,12540022,924,41.600000,924,41.600000,0,44,3,0
2,350,21.000000,0.000000,1,5,12540024,931,42.600000,931,42.600000,0,44,3,0
2,350,21.000000,0.000000,1,5,12540027,936,42.600000,936,42.600000,0,44,3,0
2,350,21.000000,0.000000,1,5,12540030,941,43.600000,941,43.600000,0,44,3,0
2,350,21.000000,0.000000,1,5,12540033,946,43.600000,946,43.600000,0,44,3,0
2,350,21.000000,0.000000,1,5,12540035,949,43.600000,949,43.600000,0,44,3,0
2,350,21.000000,0.000000,1,5,12540038,954,43.600000,954,43.600000,0,44,3,0
2,350,21.000000,0.000000,1,5,12540041,959,43.600000,959,43.600000,0,44,3,0
2,350,21.000000,0.000000,1,5,12540044,964,43.600000,964,43.600000,0,44,3,0
2,350,21.000000,0.000000,1,5,12540047,968,43.600000,968,43.600000,0,44,3,0
2,350,21.000000,0.000000,1,5,12540050,971,43.600000,971,43.600000,0,44,3,0
2,350,21.000000,0.000000,1,5,12540053,976,43.600000,976,43.600000,0,44,3,0
2,350,21.000000,0.000000,1,5,12540055,980,43.600000,980,43.600000,0,44,3,0
2,350,21.000000,0.000000,1,5,12540058,984,43.600000,984,43.600000,0,44,3,0
2,350,21.000000,0.000000,1,5,12540061,988,43.600000,988,43.600000,0,44,3,0
2,350,21.000000,0.000000,1,5,12540064,991,43.600000,991,43.600000,0,44,3,0
2,350,21.000000,0.000000,1,5,12540067,995,43.600000,995,43.600000,0,44,3,0
2,350,21.000000,0.000000,1,5,12540069,997,43.600000,997,43.600000,0,44,3,0
2,350,21.000000,0.000000,1,5,12540072,1001,43.600000,1001,43.600000,0,44,3,0
2,350,21.000000,0.000000,1,5,12540075,1005,43.600000,1005,43.600000,0,44,3,0
2,350,21.000000,0.000000,1,5,12540077,1008,43.600000,1008,43.600000,0,44,3,0
2,350,21.000000,0.000000,1,5,12540080,1011,43.600000,1011,43.600000,0,44,3,0
2,350,21.000000,0.000000,1,5,12540083,1014,43.600000,1014,43.600000,0,44,3,0
2,350,21.000000,0.000000,1,5,12540085,1017,42.600000,1017,42.600000,0,44,3,0
2,350,21.000000,0.000000,1,5,12540088,1020,42.600000,1020,42.600000,0,44,3,0
2,350,21.000000,0.000000,1,5,12540091,1025,41.600000,1025,41.600000,0,44,3,0
2,350,21.000000,0.000000,1,5,12540094,1027,41.600000,1027,41.600000,0,44,3,0
2,350,21.000000,0.000000,1,5,12540097,1029,41.600000,1029,41.600000,0,44,3,0
2,350,21.000000,0.000000,1,5,12540099,1031,40.600000,1031,40.600000,0,44,3,0
2,350,21.000000,0.000000,1,5,12540102,1034,40.600000,1034,40.600000,0,44,3,0
2,350,21.000000,0.000000,1,5,12540105,1037,39.600000,1037,39.600000,0,44,3,0
2,350,21.000000,0.000000,1,5,12540108,1040,38.600000,1040,38.600000,0,44,3,0
2,350,21.000000,0.000000,1,5,12540111,1042,38.600000,1042,38.600000,0,44,3,0
2,350,21.000000,0.000000,1,5,12540114,1044,38.600000,1044,38.600000,0,44,3,0
2,350,21.000000,0.000000,1,5,12540116,1047,37.600000,1047,37.600000,0,44,3,0
2,350,21.000000,0.000000,1,5,12540119,1049,36.600000,1049,36.600000,0,44,3,0
2,350,21.000000,0.000000,1,5,12540122,1050,36.600000,1050,36.600000,0,44,3,0
2,350,21.000000,0.000000,1,5,12540125,1052,35.600000,1052,35.600000,0,44,3,0
2,350,21.000000,0.000000,1,5,12540128,1053,34.600000,1053,34.600000,0,44,3,0
2,350,21.000000,0.000000,1,5,12540131,1055,33.600000,1055,33.600000,0,44,3,0
2,350,21.000000,0.000000,1,5,12540133,1058,32.600000,1058,32.600000,0,44,3,0
2,350,21.000000,0.000000,1,5,12540136,1059,31.600000,1059,31.600000,0,44,3,0
2,350,21.000000,0.000000,1,5,12540139,1060,31.600000,1060,31.600000,0,44,3,0
2,350,21.000000,0.000000,1,5,12540142,1062,31.600000,1062,31.600000,0,44,3,0
2,350,21.000000,0.000000,1,5,12540145,1063,30.600000,1063,30.600000,0,44,3,0
2,350,21.000000,0.000000,1,5,12540147,1064,30.600000,1064,30.600000,0,44,3,0
2,350,21.000000,0.000000,1,5,12540150,1066,29.600000,1066,29.600000,0,44,3,0
2,350,21.000000,0.000000,1,5,12540152,1068,28.600000,1068,28.600000,0,44,3,0
2,350,21.000000,0.000000,1,5,12540155,1068,28.600000,1068,28.600000,0,44,3,0
2,350,21.000000,0.000000,1,5,12540158,1068,27.600000,1068,27.600000,0,44,3,0
2,350,21.000000,0.000000,1,5,12540161,1069,27.600000,1069,27.600000,0,44,3,0
2,350,21.000000,0.000000,1,5,12540164,1070,27.600000,1070,27.600000,0,44,3,0
2,350,21.000000,0.000000,1,5,12540166,1071,26.600000,1071,26.600000,0,44,3,0
2,350,21.000000,0.000000,1,5,12540169,1073,25.600000,1073,25.600000,0,44,3,0
2,350,21.000000,0.000000,1,5,12540172,1074,25.600000,1074,25.600000,0,44,3,0
2,350,21.000000,0.000000,1,5,12540175,1075,24.600000,1075,24.600000,0,44,3,0
2,350,21.000000,0.000000,1,5,12540178,1076,24.600000,1076,24.600000,0,44,3,0
2,350,21.000000,0.000000,1,5,12540181,1077,23.600000,1077,23.600000,0,44,3,0
2,350,21.000000,0.000000,1,5,12540184,1078,23.600000,1078,23.600000,0,44,3,0
2,350,21.000000,0.000000,1,5,12540186,1079,22.600000,1079,22.600000,0,44,3,0
2,350,21.000000,0.000000,1,5,12540189,1080,22.600000,1080,22.600000,0,44,3,0
2,350,21.000000,0.000000,1,5,12540192,1081,22.600000,1081,22.600000,0,44,3,0
2,350,21.000000,0.000000,1,5,12540195,1082,22.600000,1082,21.600000,0,44,3,0
2,350,21.000000,0.000000,1,5,12540197,1083,22.600000,1083,21.600000,0,44,3,0
2,350,21.000000,0.000000,1,5,12540200,1085,22.600000,1085,20.600000,0,44,3,0
2,350,21.000000,0.000000,1,5,12540203,1086,22.600000,1086,19.600000,0,44,3,0
2,350,21.000000,0.000000,1,5,12540206,1086,22.600000,1086,19.600000,0,44,3,0
2,350,21.000000,0.000000,1,5,12540209,1087,22.600000,1087,18.600000,0,44,3,0
2,350,21.000000,0.000000,1,5,12540212,1087,22.600000,1087,18.600000,0,44,3,0
2,350,21.000000,0.000000,1,5,12540214,1087,22.600000,1087,18.600000,0,44,3,0
2,350,21.000000,0.000000,1,5,12540217,1087,22.600000,1087,18.600000,0,44,3,0
2,350,21.000000,0.000000,1,5,12540220,1088,22.600000,1088,17.600000,0,44,3,0
2,350,21.000000,0.000000,1,5,12540223,1088,22.600000,1088,17.600000,0,44,3,0
2,350,21.000000,0.000000,1,5,12540226,1088,22.600000,1088,17.600000,0,44,3,0
2,350,21.000000,0.000000,1,5,12540228,1088,22.600000,1088,16.600000,0,44,3,0
2,350,21.000000,0.000000,1,5,12540231,1089,22.600000,1089,16.600000,0,44,3,0
2,350,21.000000,0.000000,1,5,12540234,1090,22.600000,1090,15.600000,0,44,3,0
2,350,21.000000,0.000000,1,5,12540237,1090,22.600000,1090,15.600000,0,44,3,0
2,350,21.000000,0.000000,1,5,12540239,1091,22.600000,1091,14.600000,0,44,3,0
2,350,21.000000,0.000000,1,5,12540242,1091,22.600000,1091,14.600000,0,44,3,0
2,350,21.000000,0.000000,1,5,12540244,1091,22.600000,1091,14.600000,0,44,3,0
2,350,21.000000,0.000000,1,5,12540247,1091,22.600000,1091,13.600000,0,44,3,0
2,350,21.000000,0.000000,1,5,12540250,1091,22.600000,1091,13.600000,0,44,3,0
2,350,21.000000,0.000000,1,5,12540253,1091,22.600000,1091,13.600000,0,44,3,0
2,350,21.000000,0.000000,1,5,12540256,1092,22.600000,1092,12.600000,0,44,3,0
2,350,21.000000,0.000000,1,5,12540258,1093,22.600000,1093,12.600000,0,44,3,0
2,350,21.000000,0.000000,1,5,12540261,1093,22.600000,1093,12.600000,0,44,3,0
2,350,21.000000,0.000000,1,5,12540264,1093,22.600000,1093,12.600000,0,44,3,0
2,350,21.000000,0.000000,1,5,12540267,1093,22.600000,1093,12.600000,0,44,3,0
2,350,21.000000,0.000000,1,5,12540270,1093,22.600000,1093,11.600000,0,44,3,0
2,350,21.000000,0.000000,1,5,12540272,1094,22.600000,1094,10.600000,0,44,3,0
2,350,21.000000,0.000000,1,5,12540275,1094,22.600000,1094,10.600000,0,44,3,0
2,350,21.000000,0.000000,1,5,12540278,1094,22.600000,1094,10.600000,0,44,3,0
2,350,21.000000,0.000000,1,5,12540281,1094,22.600000,1094,9.600000,0,44,3,0
2,350,21.000000,0.000000,1,5,12540284,1094,22.600000,1094,9.600000,0,44,3,0
2,350,21.000000,0.000000,1,5,12540287,1094,22.600000,1094,8.600000,0,44,3,0
2,350,21.000000,0.000000,1,5,12540289,1094,22.600000,1094,8.600000,0,44,3,0
2,350,21.000000,0.000000,1,5,12540292,1094,22.600000,1094,8.600000,0,44,3,0
2,350,21.000000,0.000000,1,5,12540295,1094,22.600000,1094,7.600000,0,44,3,0
2,350,21.000000,0.000000,1,5,12540298,1094,22.600000,1094,7.600000,0,44,3,0
2,350,21.000000,0.000000,1,5,12540301,1095,22.600000,1095,7.600000,0,44,3,0
2,350,21.000000,0.000000,1,5,12540304,1095,22.600000,1095,7.600000,0,44,3,0
2,350,21.000000,0.000000,1,5,12540306,1095,22.600000,1095,6.600000,0,44,3,0
2,350,21.000000,0.000000,1,5,12540309,1095,22.600000,1095,6.600000,0,44,3,0
2,350,21.000000,0.000000,1,5,12540312,1095,22.600000,1095,6.600000,0,44,3,0
2,350,21.000000,0.000000,1,5,12540315,1096,22.600000,1096,5.600000,0,44,3,0
2,350,21.000000,0.000000,1,5,12540318,1096,22.600000,1096,5.600000,0,44,3,0
2,350,21.000000,0.000000,1,5,12540320,1096,22.600000,1096,5.600000,0,44,3,0
2,350,21.000000,0.000000,1,5,12540323,1096,22.600000,1096,4.600000,0,44,3,0
2,350,21.000000,0.000000,1,5,12540326,1096,22.600000,1096,4.600000,0,44,3,0
2,350,21.000000,0.000000,1,5,12540328,1096,22.600000,1096,4.600000,0,44,3,0
2,350,21.000000,0.000000,1,5,12540331,1096,22.600000,1096,4.600000,0,44,3,0
2,350,21.000000,0.000000,1,5,12540334,1096,22.600000,1096,4.600000,0,44,3,0
2,350,21.000000,0.000000,1,5,12540337,1097,22.600000,1097,4.600000,0,44,3,0
2,350,21.000000,0.000000,1,5,12540339,1097,22.600000,1097,4.600000,0,44,3,0
2,350,21.000000,0.000000,1,5,12540342,1097,22.600000,1097,3.600000,0,44,3,0
2,350,21.000000,0.000000,1,5,12540345,1098,22.600000,1098,3.600000,0,44,3,0
2,350,21.000000,0.000000,1,5,12540348,1098,22.600000,1098,3.600000,0,44,3,0
2,350,21.000000,0.000000,1,5,12540351,1099,22.600000,1099,2.600000,0,44,3,0
2,350,21.000000,0.000000,1,5,12540354,1099,22.600000,1099,1.600000,0,44,3,0
2,350,21.000000,0.000000,1,5,12540356,1100,22.600000,1100,1.600000,0,44,3,0
2,350,21.000000,0.000000,1,5,12540359,1101,22.600000,1101,1.600000,0,44,3,0
2,350,21.000000,0.000000,1,5,12540362,1101,22.600000,1101,1.600000,0,44,3,0
2,350,21.000000,0.000000,1,5,12540365,1102,22.600000,1102,1.600000,0,44,3,0
2,350,21.000000,0.000000,1,5,12540368,1102,22.600000,1102,1.600000,0,44,3,0
2,350,21.000000,0.000000,1,5,12540370,1102,22.600000,1102,1.600000,0,44,3,0
2,350,21.000000,0.000000,1,5,12540373,1103,22.600000,1103,0.600000,0,44,3,0
2,350,21.000000,0.000000,1,5,12540376,1104,22.600000,1104,0.600000,0,44,3,0
2,350,21.000000,0.000000,1,5,12540379,1105,22.600000,1105,0.600000,0,44,3,0
2,350,21.000000,0.000000,1,5,12540381,1106,22.600000,1106,0.600000,0,44,3,0
2,350,21.000000,0.000000,1,5,12540384,1106,22.600000,1106,0.600000,0,44,3,0
2,350,21.000000,0.000000,1,5,12540387,1106,22.600000,1106,-0.400000,0,44,3,0
2,350,21.000000,0.000000,1,5,12540390,1107,22.600000,1107,-0.400000,0,44,3,0
2,350,21.000000,0.000000,1,5,12540393,1108,22.600000,1108,-0.400000,0,44,3,0
2,350,21.000000,0.000000,1,5,12540395,1108,22.600000,1108,-0.400000,0,44,3,0
2,350,21.000000,0.000000,1,5,12540398,1109,22.600000,1109,-0.400000,0,44,3,0
2,350,21.000000,0.000000,1,5,12540400,1109,22.600000,1109,-1.400000,0,44,3,0
2,350,21.000000,0.000000,1,5,12540403,1110,22.600000,1110,-1.400000,0,44,3,0
2,350,21.000000,0.000000,1,5,12540406,1110,22.600000,1110,-1.400000,0,44,3,0
2,350,21.000000,0.000000,1,5,12540409,1111,22.600000,1111,-1.400000,0,44,3,0
2,350,21.000000,0.000000,1,5,12540412,1112,22.600000,1112,-1.400000,0,44,3,0
2,350,21.000000,0.000000,1,5,12540415,1112,22.600000,1112,-1.400000,0,44,3,0
2,350,21.000000,0.000000,1,5,12540418,1112,22.600000,1112,-1.400000,0,44,3,0
2,350,21.000000,0.000000,1,5,12540421,1112,22.600000,1112,-1.400000,0,44,3,0
2,350,21.000000,0.000000,1,5,12540424,1112,22.600000,1112,-1.400000,0,44,3,0
2,350,21.000000,0.000000,1,5,12540427,1112,22.600000,1112,-1.400000,0,44,3,0
2,350,21.000000,0.000000,1,5,12540430,1113,22.600000,1113,-1.400000,0,44,3,0
2,350,21.000000,0.000000,1,5,12540432,1113,22.600000,1113,-1.400000,0,44,3,0
2,350,21.000000,0.000000,1,5,12540435,1113,22.600000,1113,-1.400000,0,44,3,0
2,350,21.000000,0.000000,1,5,12540438,1114,22.600000,1114,-1.400000,0,44,3,0
2,350,21.000000,0.000000,1,5,12540441,1115,22.600000,1115,-1.400000,0,44,3,0
2,350,21.000000,0.000000,1,5,12540444,1116,22.600000,1116,-2.400000,0,44,3,0
2,350,21.000000,0.000000,1,5,12540446,1117,22.600000,1117,-3.400000,0,44,3,0
2,350,21.000000,0.000000,1,5,12540449,1117,22.600000,1117,-3.400000,0,44,3,0
2,350,21.000000,0.000000,1,5,12540452,1117,22.600000,1117,-3.400000,0,44,3,0
2,350,21.000000,0.000000,1,5,12540455,1117,22.600000,1117,-3.400000,0,44,3,0
2,350,21.000000,0.000000,1,5,12540458,1117,22.600000,1117,-3.400000,0,44,3,0
2,350,21.000000,0.000000,1,5,12540460,1118,22.600000,1118,-3.400000,0,44,3,0
2,350,21.000000,0.000000,1,5,12540463,1118,22.600000,1118,-3.400000,0,44,3,0
2,350,21.000000,0.000000,1,5,12540466,1118,22.600000,1118,-3.400000,0,44,3,0
2,350,21.000000,0.000000,1,5,12540469,1118,22.600000,1118,-3.400000,0,44,3,0
2,350,21.000000,0.000000,1,5,12540471,1118,22.600000,1118,-3.400000,0,44,3,0
2,350,21.000000,0.000000,1,5,12540474,1118,22.600000,1118,-3.400000,0,44,3,0
2,350,21.000000,0.000000,1,5,12540477,1118,22.600000,1118,-3.400000,0,44,3,0
2,350,21.000000,0.000000,1,5,12540479,1118,22.600000,1118,-3.400000,0,44,3,0
2,350,21.000000,0.000000,1,5,12540482,1118,22.600000,1118,-3.400000,0,44,3,0
2,350,21.000000,0.000000,1,5,12540485,1118,22.600000,1118,-3.400000,0,44,3,0
2,350,21.000000,0.000000,1,5,12540488,1118,22.600000,1118,-4.400000,0,44,3,0
2,350,21.000000,0.000000,1,5,12540491,1119,22.600000,1119,-4.400000,0,44,3,0
2,350,21.000000,0.000000,1,5,12540494,1120,22.600000,1120,-4.400000,0,44,3,0
2,350,21.000000,0.000000,1,5,12540496,1120,22.600000,1120,-4.400000,0,44,3,0
2,350,21.000000,0.000000,1,5,12540499,1120,22.600000,1120,-5.400000,0,44,3,0
2,350,21.000000,0.000000,1,5,12540502,1121,22.600000,1121,-5.400000,0,44,3,0
2,350,21.000000,0.000000,1,5,12540505,1122,22.600000,1122,-5.400000,0,44,3,0
2,350,21.000000,0.000000,1,5,12540508,1123,22.600000,1123,-5.400000,0,44,3,0
2,350,21.000000,0.000000,1,5,12540510,1123,22.600000,1123,-5.400000,0,44,3,0
2,350,21.000000,0.000000,1,5,12540513,1124,22.600000,1124,-5.400000,0,44,3,0
2,350,21.000000,0.000000,1,5,12540516,1124,22.600000,1124,-6.400000,0,44,3,0
2,350,21.000000,0.000000,1,5,12540519,1125,22.600000,1125,-7.400000,0,44,3,0
2,350,21.000000,0.000000,1,5,12540522,1126,22.600000,1126,-7.400000,0,44,3,0
2,350,21.000000,0.000000,1,5,12540524,1127,21.600000,1127,-8.400000,0,44,3,0
2,350,21.000000,0.000000,1,5,12540527,1128,21.600000,1128,-8.400000,0,44,3,0
2,350,21.000000,0.000000,1,5,12540530,1129,21.600000,1129,-8.400000,0,44,3,0
2,350,21.000000,0.000000,1,5,12540533,1130,21.600000,1130,-8.400000,0,44,3,0
2,350,21.000000,0.000000,1,5,12540536,1131,20.600000,1131,-9.400000,0,44,3,0
2,350,21.000000,0.000000,1,5,12540538,1131,19.600000,1131,-10.400000,0,44,3,0
2,350,21.000000,0.000000,1,5,12540541,1132,19.600000,1132,-10.400000,0,44,3,0
2,350,21.000000,0.000000,1,5,12540543,1133,19.600000,1133,-10.400000,0,44,3,0
2,350,21.000000,0.000000,1,5,12540546,1134,19.600000,1134,-10.400000,0,44,3,0
2,350,21.000000,0.000000,1,5,12540549,1135,19.600000,1135,-10.400000,0,44,3,0
2,350,21.000000,0.000000,1,5,12540552,1135,18.600000,1135,-11.400000,0,44,3,0
2,350,21.000000,0.000000,1,5,12540555,1136,18.600000,1136,-11.400000,0,44,3,0
2,350,21.000000,0.000000,1,5,12540557,1137,18.600000,1137,-11.400000,0,44,3,0
2,350,21.000000,0.000000,1,5,12540560,1138,18.600000,1138,-11.400000,0,44,3,0
2,350,21.000000,0.000000,1,5,12540563,1139,18.600000,1139,-11.400000,0,44,3,0
2,350,21.000000,0.000000,1,5,12540566,1139,18.600000,1139,-11.400000,0,44,3,0
2,350,21.000000,0.000000,1,5,12540569,1139,18.600000,1139,-11.400000,0,44,3,0
2,350,21.000000,0.000000,1,5,12540571,1140,17.600000,1140,-12.400000,0,44,3,0
2,350,21.000000,0.000000,1,5,12540574,1141,16.600000,1141,-13.400000,0,44,3,0
2,350,21.000000,0.000000,1,5,12540577,1141,16.600000,1141,-13.400000,0,44,3,0
2,350,21.000000,0.000000,1,5,12540580,1141,16.600000,1141,-13.400000,0,44,3,0
2,350,21.000000,0.000000,1,5,12540582,1141,16.600000,1141,-13.400000,0,44,3,0
2,350,21.000000,0.000000,1,5,12540585,1141,16.600000,1141,-13.400000,0,44,3,0
2,350,21.000000,0.000000,1,5,12540588,1141,16.600000,1141,-13.400000,0,44,3,0
2,350,21.000000,0.000000,1,5,12540591,1141,16.600000,1141,-13.400000,0,44,3,0
2,350,21.000000,0.000000,1,5,12540594,1141,16.600000,1141,-13.400000,0,44,3,0
2,350,21.000000,0.000000,1,5,12540596,1141,16.600000,1141,-13.400000,0,44,3,0
2,350,21.000000,0.000000,1,5,12540599,1141,16.600000,1141,-13.400000,0,44,3,0
2,350,21.000000,0.000000,1,5,12540602,1141,16.600000,1141,-13.400000,0,44,3,0
2,350,21.000000,0.000000,1,5,12540604,1141,16.600000,1141,-13.400000,0,44,3,0
2,350,21.000000,0.000000,1,5,12540607,1141,16.600000,1141,-13.400000,0,44,3,0
2,350,21.000000,0.000000,1,5,12540610,1141,16.600000,1141,-13.400000,0,44,3,0
2,350,21.000000,0.000000,1,5,12540613,1141,16.600000,1141,-13.400000,0,44,3,0
2,350,21.000000,0.000000,1,5,12540616,1141,16.600000,1141,-13.400000,0,44,3,0
2,350,21.000000,0.000000,1,5,12540618,1141,16.600000,1141,-13.400000,0,44,3,0
2,350,21.000000,0.000000,1,5,12540621,1141,16.600000,1141,-13.400000,0,44,3,0
2,350,21.000000,0.000000,1,5,12540624,1141,16.600000,1141,-13.400000,0,44,3,0
2,350,21.000000,0.000000,1,5,12540627,1141,16.600000,1141,-13.400000,0,44,3,0
2,350,21.000000,0.000000,1,5,12540630,1141,16.600000,1141,-13.400000,0,44,3,0
2,350,21.000000,0.000000,1,5,12540632,1141,16.600000,1141,-13.400000,0,44,3,0
2,350,21.000000,0.000000,1,5,12540635,1142,16.600000,1142,-13.400000,0,44,3,0
2,350,21.000000,0.000000,1,5,12540638,1143,16.600000,1143,-13.400000,0,44,3,0
2,350,21.000000,0.000000,1,5,12540641,1143,16.600000,1143,-13.400000,0,44,3,0
2,350,21.000000,0.000000,1,5,12540644,1143,16.600000,1143,-13.400000,0,44,3,0
2,350,21.000000,0.000000,1,5,12540646,1143,16.600000,1143,-13.400000,0,44,3,0
2,350,21.000000,0.000000,1,5,12540649,1143,16.600000,1143,-13.400000,0,44,3,0
2,350,21.000000,0.000000,1,5,12540652,1143,16.600000,1143,-13.400000,0,44,3,0
2,350,21.000000,0.000000,1,5,12540655,1143,16.600000,1143,-13.400000,0,44,3,0
2,350,21.000000,0.000000,1,5,12540658,1143,16.600000,1143,-13.400000,0,44,3,0
2,350,21.000000,0.000000,1,5,12540660,1143,16.600000,1143,-13.400000,0,44,3,0
2,350,21.000000,0.000000,1,5,12540663,1143,16.600000,1143,-13.400000,0,44,3,0
2,350,21.000000,0.000000,1,5,12540666,1143,16.600000,1143,-13.400000,0,44,3,0
2,350,21.000000,0.000000,1,5,12540669,1143,16.600000,1143,-13.400000,0,44,3,0
2,350,21.000000,0.000000,1,5,12540671,1143,16.600000,1143,-13.400000,0,44,3,0
2,350,21.000000,0.000000,1,5,12540674,1143,16.600000,1143,-13.400000,0,44,3,0
2,350,21.000000,0.000000,1,5,12540677,1143,16.600000,1143,-13.400000,0,44,3,0
2,350,21.000000,0.000000,1,5,12540680,1143,16.600000,1143,-13.400000,0,44,3,0
2,350,21.000000,0.000000,1,5,12540682,1143,16.600000,1143,-13.400000,0,44,3,0
2,350,21.000000,0.000000,1,5,12540685,1143,16.600000,1143,-13.400000,0,44,3,0
2,350,21.000000,0.000000,1,5,12540688,1143,16.600000,1143,-13.400000,0,44,3,0
2,350,21.000000,0.000000,1,5,12540691,1143,16.600000,1143,-13.400000,0,44,3,0
2,350,21.000000,0.000000,1,5,12540694,1143,16.600000,1143,-13.400000,0,44,3,0
2,350,21.000000,0.000000,1,5,12540696,1143,16.600000,1143,-13.400000,0,44,3,0
2,350,21.000000,0.000000,1,5,12540699,1143,16.600000,1143,-13.400000,0,44,3,0
2,350,21.000000,0.000000,1,5,12540702,1143,16.600000,1143,-13.400000,0,44,3,0
2,350,21.000000,0.000000,1,5,12540705,1143,16.600000,1143,-13.400000,0,44,3,0
2,350,21.000000,0.000000,1,5,12540708,1143,16.600000,1143,-13.400000,0,44,3,0
2,350,21.000000,0.000000,1,5,12540710,1143,16.600000,1143,-13.400000,0,44,3,0
2,350,21.000000,0.000000,1,5,12540713,1142,16.600000,1142,-13.400000,0,44,3,0
2,350,21.000000,0.000000,1,5,12540716,1141,16.600000,1141,-13.400000,0,44,3,0
2,350,21.000000,0.000000,1,5,12540719,1141,16.600000,1141,-13.400000,0,44,3,0
2,350,21.000000,0.000000,1,5,12540732,1141,16.600000,1141,-13.400000,0,44,3,0
