2,700,80.500000,42.000000,2,0,1571042994,634,4,634,4,0,48,8
2,700,80.500000,42.000000,2,0,1571042995,634,4,634,4,0,48,8
2,700,80.500000,42.000000,2,0,1571042998,634,4,634,4,0,48,8
2,700,80.500000,42.000000,2,0,1571043000,634,4,634,4,0,48,8
2,700,80.500000,42.000000,2,0,1571043003,634,4,634,4,0,48,8
2,700,80.500000,42.000000,2,0,1571043006,634,4,634,4,0,48,8
2,700,80.500000,42.000000,2,0,1571043009,634,4,634,4,0,48,8
2,700,80.500000,42.000000,2,0,1571043011,634,4,634,4,0,48,8
2,700,80.500000,42.000000,2,0,1571043014,634,4,634,4,0,48,8
2,700,80.500000,42.000000,2,0,1571043017,634,4,634,4,0,48,8
2,700,80.500000,42.000000,2,0,1571043020,634,4,634,4,0,48,8
2,700,80.500000,42.000000,2,0,1571043022,634,4,634,4,0,48,8
2,700,80.500000,42.000000,2,0,1571043025,634,4,634,4,0,48,8
2,700,80.500000,42.000000,2,0,1571043027,634,4,634,4,0,48,8
2,700,80.500000,42.000000,2,0,1571043030,634,4,634,4,0,48,8
2,700,80.500000,42.000000,2,0,1571043033,634,4,634,4,0,48,8
2,700,80.500000,42.000000,2,0,1571043036,634,4,634,4,0,48,8
2,700,80.500000,42.000000,2,0,1571043039,634,4,634,4,0,48,8
2,700,80.500000,42.000000,2,0,1571043041,634,4,634,4,0,48,8
2,700,80.500000,42.000000,2,0,1571043044,634,4,634,4,0,48,8
2,700,80.500000,42.000000,2,0,1571043047,634,4,634,4,0,48,8
2,700,80.500000,42.000000,2,0,1571043050,634,4,634,4,0,48,8
2,700,80.500000,42.000000,2,0,1571043052,634,4,634,4,0,48,8
2,700,80.500000,42.000000,2,0,1571043055,634,4,634,4,0,48,8
2,700,80.500000,42.000000,2,0,1571043058,634,4,634,4,0,48,8
2,700,80.500000,42.000000,2,0,1571043060,634,4,634,4,0,48,8
2,700,80.500000,42.000000,2,0,1571043063,634,4,634,4,0,48,8
2,700,80.500000,42.000000,2,0,1571043066,634,4,634,4,0,48,8
2,700,80.500000,42.000000,2,0,1571043069,634,4,634,4,0,48,8
2,700,80.500000,42.000000,2,0,1571043072,634,4,634,4,0,48,8
2,700,80.500000,42.000000,2,0,1571043074,634,4,634,4,0,48,8
2,700,80.500000,42.000000,2,0,1571043077,634,4,634,4,0,48,8
2,700,80.500000,42.000000,2,0,1571043080,634,4,634,4,0,48,8
2,700,80.500000,42.000000,2,0,1571043083,634,4,634,4,0,48,8
2,700,80.500000,42.000000,2,0,1571043086,634,4,634,4,0,48,8
2,700,80.500000,42.000000,2,0,1571043088,634,4,634,4,0,48,8
2,700,80.500000,42.000000,2,0,1571043091,634,4,634,4,0,48,8
2,700,80.500000,42.000000,2,0,1571043094,634,5,634,5,0,48,8
2,700,80.500000,42.000000,2,0,1571043098,634,5,634,5,0,48,8
2,700,80.500000,42.000000,2,0,1571043100,634,5,634,5,0,48,8
2,700,80.500000,42.000000,2,0,1571043103,634,5,634,5,0,48,8
2,700,80.500000,42.000000,2,0,1571043106,634,5,634,5,0,48,8
2,700,80.500000,42.000000,2,0,1571043109,634,6,634,6,0,48,8
2,700,80.500000,42.000000,2,0,1571043112,634,6,634,6,0,48,8
2,700,80.500000,42.000000,2,0,1571043114,635,7,635,7,0,48,8
2,700,80.500000,42.000000,2,0,1571043117,637,8,637,8,0,48,8
2,700,80.500000,42.000000,2,0,1571043120,640,9,640,9,0,48,8
2,700,80.500000,42.000000,2,0,1571043123,641,9,641,9,0,48,8
2,700,80.500000,42.000000,2,0,1571043125,645,12,645,12,0,48,8
2,700,80.500000,42.000000,2,0,1571043128,647,13,647,13,0,48,8
2,700,80.500000,42.000000,2,0,1571043131,652,16,652,16,0,48,8
2,700,80.500000,42.000000,2,0,1571043134,656,19,656,19,0,48,8
2,700,80.500000,42.000000,2,0,1571043137,662,22,662,22,0,48,8
2,700,80.500000,42.000000,2,0,1571043140,667,27,667,27,0,48,8
2,700,80.500000,42.000000,2,0,1571043143,676,32,676,32,0,48,8
2,700,80.500000,42.000000,2,0,1571043146,696,43,696,43,0,48,8
2,700,80.500000,42.000000,2,0,1571043148,705,48,705,48,0,48,8
2,700,80.500000,42.000000,2,0,1571043151,715,54,715,54,0,48,8
2,700,80.500000,42.000000,2,0,1571043154,726,61,726,61,0,48,8
2,700,80.500000,42.000000,2,0,1571043157,737,67,737,67,0,48,8
2,700,80.500000,42.000000,2,0,1571043159,748,75,748,75,0,48,8
2,700,80.500000,42.000000,2,0,1571043162,763,82,763,82,0,48,8
2,700,80.500000,42.000000,2,0,1571043165,776,89,776,89,0,48,8
2,700,80.500000,42.000000,2,0,1571043168,791,97,791,97,0,48,8
2,700,80.500000,42.000000,2,0,1571043171,811,106,811,106,0,48,8
2,700,80.500000,42.000000,2,0,1571043173,826,112,826,112,0,48,8
2,700,80.500000,42.000000,2,0,1571043176,838,117,838,117,0,48,8
2,700,80.500000,42.000000,2,0,1571043178,853,121,853,121,0,48,8
2,700,80.500000,42.000000,2,0,1571043181,872,126,872,126,0,48,8
2,700,80.500000,42.000000,2,0,1571043184,888,130,888,130,0,48,8
2,700,80.500000,42.000000,2,0,1571043187,910,136,910,136,0,48,8
2,700,80.500000,42.000000,2,0,1571043190,931,138,931,138,0,48,8
2,700,80.500000,42.000000,2,0,1571043193,951,140,951,140,0,48,8
2,700,80.500000,42.000000,2,0,1571043195,971,147,971,147,0,48,8
2,700,80.500000,42.000000,2,0,1571043198,991,149,991,149,0,48,8
2,700,80.500000,42.000000,2,0,1571043201,1014,150,1014,150,0,48,8
2,700,80.500000,42.000000,2,0,1571043204,1014,150,1014,150,0,48,8
2,700,80.500000,42.000000,2,0,1571043207,1036,150,1036,150,0,48,8
2,700,80.500000,42.000000,2,0,1571043209,1061,150,1061,150,0,48,8
2,700,80.500000,42.000000,2,0,1571043212,1085,150,1085,150,0,48,8
2,700,80.500000,42.000000,2,0,1571043215,1110,150,1110,150,0,48,8
2,700,80.500000,42.000000,2,0,1571043217,1134,150,1134,150,0,48,8
2,700,80.500000,42.000000,2,0,1571043220,1158,150,1158,150,0,48,8
2,700,80.500000,42.000000,2,0,1571043223,1184,147,1184,147,0,48,8
2,700,80.500000,42.000000,2,0,1571043226,1206,147,1206,147,0,48,8
2,700,80.500000,42.000000,2,0,1571043229,1223,146,1223,146,0,48,8
2,700,80.500000,42.000000,2,0,1571043231,1245,146,1245,146,0,48,8
2,700,80.500000,42.000000,2,0,1571043234,1260,145,1260,145,0,48,8
2,700,80.500000,42.000000,2,0,1571043237,1275,142,1275,142,0,48,8
2,700,80.500000,42.000000,2,0,1571043240,1302,138,1302,138,0,48,8
2,700,80.500000,42.000000,2,0,1571043243,1314,136,1314,136,0,48,8
2,700,80.500000,42.000000,2,0,1571043245,1322,133,1322,133,0,48,8
2,700,80.500000,42.000000,2,0,1571043248,1329,130,1329,130,0,48,8
2,700,80.500000,42.000000,2,0,1571043251,1336,127,1336,127,0,48,8
2,700,80.500000,42.000000,2,0,1571043253,1341,125,1341,125,0,48,8
2,700,80.500000,42.000000,2,0,1571043256,1344,122,1344,122,0,48,8
2,700,80.500000,42.000000,2,0,1571043259,1346,119,1346,119,0,48,8
2,700,80.500000,42.000000,2,0,1571043262,1346,117,1346,117,0,48,8
2,700,80.500000,42.000000,2,0,1571043264,1349,115,1349,115,0,48,8
2,700,80.500000,42.000000,2,0,1571043267,1349,113,1349,113,0,48,8
2,700,80.500000,42.000000,2,0,1571043270,1349,111,1349,111,0,48,8
2,700,80.500000,42.000000,2,0,1571043273,1349,109,1349,109,0,48,8
2,700,80.500000,42.000000,2,0,1571043276,1349,106,1349,106,0,48,8
2,700,80.500000,42.000000,2,0,1571043278,1347,103,1347,103,0,48,8
2,700,80.500000,42.000000,2,0,1571043281,1347,101,1347,101,0,48,8
2,700,80.500000,42.000000,2,0,1571043284,1343,97,1343,97,0,48,8
2,700,80.500000,42.000000,2,0,1571043287,1343,95,1343,95,0,48,8
2,700,80.500000,42.000000,2,0,1571043290,1340,91,1340,91,0,48,8
2,700,80.500000,42.000000,2,0,1571043293,1340,89,1340,89,0,48,8
2,700,80.500000,42.000000,2,0,1571043296,1339,85,1339,85,0,48,8
2,700,80.500000,42.000000,2,0,1571043299,1338,82,1338,82,0,48,8
2,700,80.500000,42.000000,2,0,1571043301,1337,78,1337,78,0,48,8
2,700,80.500000,42.000000,2,0,1571043304,1337,76,1337,76,0,48,8
2,700,80.500000,42.000000,2,0,1571043307,1336,71,1336,71,0,48,8
2,700,80.500000,42.000000,2,0,1571043310,1336,68,1336,68,0,48,8
2,700,80.500000,42.000000,2,0,1571043313,1336,65,1336,65,0,48,8
2,700,80.500000,42.000000,2,0,1571043316,1336,63,1336,63,0,48,8
2,700,80.500000,42.000000,2,0,1571043318,1336,61,1336,61,0,48,8
2,700,80.500000,42.000000,2,0,1571043321,1336,57,1336,57,0,48,8
2,700,80.500000,42.000000,2,0,1571043323,1337,54,1337,54,0,48,8
2,700,80.500000,42.000000,2,0,1571043326,1337,51,1337,51,0,48,8
2,700,80.500000,42.000000,2,0,1571043329,1337,49,1337,49,0,48,8
2,700,80.500000,42.000000,2,0,1571043332,1337,47,1337,47,0,48,8
2,700,80.500000,42.000000,2,0,1571043334,1337,44,1337,44,0,48,8
2,700,80.500000,42.000000,2,0,1571043337,1337,42,1337,42,0,48,8
2,700,80.500000,42.000000,2,0,1571043340,1337,41,1337,41,0,48,8
2,700,80.500000,42.000000,2,0,1571043343,1337,39,1337,39,0,48,8
2,700,80.500000,42.000000,2,0,1571043346,1337,38,1337,38,0,48,8
2,700,80.500000,42.000000,2,0,1571043349,1337,37,1337,37,0,48,8
2,700,80.500000,42.000000,2,0,1571043351,1337,36,1337,36,0,48,8
2,700,80.500000,42.000000,2,0,1571043354,1337,36,1337,36,0,48,8
2,700,80.500000,42.000000,2,0,1571043357,1337,34,1337,34,0,48,8
2,700,80.500000,42.000000,2,0,1571043360,1334,30,1334,30,0,48,8
2,700,80.500000,42.000000,2,0,1571043364,1334,30,1334,30,0,48,8
2,700,80.500000,42.000000,2,0,1571043367,1334,28,1334,28,0,48,8
2,700,80.500000,42.000000,2,0,1571043369,1333,28,1333,28,0,48,8
2,700,80.500000,42.000000,2,0,1571043372,1332,25,1332,25,0,48,8
2,700,80.500000,42.000000,2,0,1571043375,1331,25,1331,25,0,48,8
2,700,80.500000,42.000000,2,0,1571043378,1328,23,1328,23,0,48,8
2,700,80.500000,42.000000,2,0,1571043381,1327,23,1327,23,0,48,8
2,700,80.500000,42.000000,2,0,1571043383,1326,22,1326,22,0,48,8
2,700,80.500000,42.000000,2,0,1571043386,1324,22,1324,22,0,48,8
2,700,80.500000,42.000000,2,0,1571043389,1322,21,1322,21,0,48,8
2,700,80.500000,42.000000,2,0,1571043392,1322,19,1322,19,0,48,8
2,700,80.500000,42.000000,2,0,1571043394,1321,18,1321,18,0,48,8
2,700,80.500000,42.000000,2,0,1571043397,1319,17,1319,17,0,48,8
2,700,80.500000,42.000000,2,0,1571043399,1317,17,1317,17,0,48,8
2,700,80.500000,42.000000,2,0,1571043402,1315,17,1315,17,0,48,8
2,700,80.500000,42.000000,2,0,1571043405,1313,15,1313,15,0,48,8
2,700,80.500000,42.000000,2,0,1571043408,1312,14,1312,14,0,48,8
2,700,80.500000,42.000000,2,0,1571043411,1312,14,1312,14,0,48,8
2,700,80.500000,42.000000,2,0,1571043414,1312,14,1312,14,0,48,8
2,700,80.500000,42.000000,2,0,1571043417,1312,13,1312,13,0,48,8
2,700,80.500000,42.000000,2,0,1571043420,1312,11,1312,11,0,48,8
2,700,80.500000,42.000000,2,0,1571043423,1312,11,1312,11,0,48,8
2,700,80.500000,42.000000,2,0,1571043425,1312,11,1312,11,0,48,8
2,700,80.500000,42.000000,2,0,1571043428,1312,11,1312,11,0,48,8
2,700,80.500000,42.000000,2,0,1571043431,1311,10,1311,10,0,48,8
2,700,80.500000,42.000000,2,0,1571043433,1310,9,1310,9,0,48,8
2,700,80.500000,42.000000,2,0,1571043436,1310,8,1310,8,0,48,8
2,700,80.500000,42.000000,2,0,1571043439,1310,7,1310,7,0,48,8
2,700,80.500000,42.000000,2,0,1571043442,1310,6,1310,6,0,48,8
2,700,80.500000,42.000000,2,0,1571043445,1310,5,1310,5,0,48,8
2,700,80.500000,42.000000,2,0,1571043447,1310,5,1310,5,0,48,8
2,700,80.500000,42.000000,2,0,1571043450,1310,4,1310,4,0,48,8
2,700,80.500000,42.000000,2,0,1571043453,1310,3,1310,3,0,48,8
2,700,80.500000,42.000000,2,0,1571043456,1311,2,1311,2,0,48,8
2,700,80.500000,42.000000,2,0,1571043458,1312,2,1312,2,0,48,8
2,700,80.500000,42.000000,2,0,1571043461,1312,1,1312,1,0,48,8
2,700,80.500000,42.000000,2,0,1571043464,1312,0,1312,0,0,48,8
2,700,80.500000,42.000000,2,0,1571043467,1312,0,1312,0,0,48,8
2,700,80.500000,42.000000,2,0,1571043469,1312,0,1312,0,0,48,8
2,700,80.500000,42.000000,2,0,1571043472,1312,0,1312,0,0,48,8
2,700,80.500000,42.000000,2,0,1571043474,1312,0,1312,0,0,48,8
2,700,80.500000,42.000000,2,0,1571043477,1312,0,1312,0,0,48,8
2,700,80.500000,42.000000,2,0,1571043480,1312,0,1312,0,0,48,8
2,700,80.500000,42.000000,2,0,1571043483,1312,0,1312,0,0,48,8
2,700,80.500000,42.000000,2,0,1571043486,1312,0,1312,0,0,48,8
2,700,80.500000,42.000000,2,0,1571043488,1312,0,1312,0,0,48,8
2,700,80.500000,42.000000,2,0,1571043491,1312,0,1312,0,0,48,8
2,700,80.500000,42.000000,2,0,1571043494,1312,0,1312,0,0,48,8
2,700,80.500000,42.000000,2,0,1571043497,1312,0,1312,0,0,48,8
2,700,80.500000,42.000000,2,0,1571043500,1312,0,1312,0,0,48,8
2,700,80.500000,42.000000,2,0,1571043512,1312,0,1312,0,0,48,8
