2,700,21.000000,42.000000,0,0,12875512,614,0,614,0,0,64,0,0
2,700,21.000000,42.000000,0,0,12875512,614,0,614,0,0,64,0,0
2,700,21.000000,42.000000,0,0,12875515,614,0,614,0,0,64,0,0
2,700,21.000000,42.000000,0,0,12875518,614,0,614,0,0,64,0,0
2,700,21.000000,42.000000,0,0,12875520,614,0,614,0,0,64,0,0
2,700,21.000000,42.000000,0,0,12875523,614,0,614,0,0,64,0,0
2,700,21.000000,42.000000,0,0,12875526,614,0,614,0,0,64,0,0
2,700,21.000000,42.000000,0,0,12875529,615,0,615,0,0,64,0,0
2,700,21.000000,42.000000,0,0,12875532,616,0,616,0,0,64,0,0
2,700,21.000000,42.000000,0,0,12875534,616,0,616,0,0,64,0,0
2,700,21.000000,42.000000,0,0,12875537,616,0,616,0,0,64,0,0
2,700,21.000000,42.000000,0,0,12875540,616,0,616,0,0,64,0,0
2,700,21.000000,42.000000,0,0,12875543,616,0,616,0,0,64,0,0
2,700,21.000000,42.000000,0,0,12875546,616,0,616,0,0,64,0,0
2,700,21.000000,42.000000,0,0,12875549,616,0,616,0,0,64,0,0
2,700,21.000000,42.000000,0,0,12875551,616,0,616,0,0,64,0,0
2,700,21.000000,42.000000,0,0,12875554,616,0,616,0,0,64,0,0
2,700,21.000000,42.000000,0,0,12875557,616,0,616,0,0,64,0,0
2,700,21.000000,42.000000,0,0,12875559,616,0,616,0,0,64,0,0
2,700,21.000000,42.000000,0,0,12875562,616,0,616,0,0,64,0,0
2,700,21.000000,42.000000,0,0,12875565,616,0,616,0,0,64,0,0
2,700,21.000000,42.000000,0,0,12875568,616,0,616,0,0,64,0,0
2,700,21.000000,42.000000,0,0,12875571,616,0,616,0,0,64,0,0
2,700,21.000000,42.000000,0,0,12875573,616,0,616,0,0,64,0,0
2,700,21.000000,42.000000,0,0,12875576,616,0,616,0,0,64,0,0
2,700,21.000000,42.000000,0,0,12875579,616,0,616,0,0,64,0,0
2,700,21.000000,42.000000,0,0,12875582,616,0,616,0,0,64,0,0
2,700,21.000000,42.000000,0,0,12875585,616,0,616,0,0,64,0,0
2,700,21.000000,42.000000,0,0,12875587,616,0,616,0,0,64,0,0
2,700,21.000000,42.000000,0,0,12875590,616,0,616,0,0,64,0,0
2,700,21.000000,42.000000,0,0,12875593,616,0,616,0,0,64,0,0
2,700,21.000000,42.000000,0,0,12875596,616,0,616,0,0,64,0,0
2,700,21.000000,42.000000,0,0,12875599,616,0,616,0,0,64,0,0
2,700,21.000000,42.000000,0,0,12875601,616,0,616,0,0,64,0,0
2,700,21.000000,42.000000,0,0,12875604,616,0,616,0,0,64,0,0
2,700,21.000000,42.000000,0,0,12875607,616,0,616,0,0,64,0,0
2,700,21.000000,42.000000,0,0,12875610,616,0,616,0,0,64,0,0
2,700,21.000000,42.000000,0,0,12875613,616,0,616,0,0,64,0,0
2,700,21.000000,42.000000,0,0,12875615,616,0,616,0,0,64,0,0
2,700,21.000000,42.000000,0,0,12875618,616,0,616,0,0,64,0,0
2,700,21.000000,42.000000,0,0,12875621,616,0,616,0,0,64,0,0
2,700,21.000000,42.000000,0,0,12875624,616,0,616,0,0,64,0,0
2,700,21.000000,42.000000,0,0,12875627,617,0,617,-1,0,64,0,0
2,700,21.000000,42.000000,0,0,12875629,618,0,618,-2,0,64,0,0
2,700,21.000000,42.000000,0,0,12875632,619,0,619,-3,0,64,0,0
2,700,21.000000,42.000000,0,0,12875634,620,0,620,-3,0,64,0,0
2,700,21.000000,42.000000,0,0,12875637,622,0,622,-4,0,64,0,0
2,700,21.000000,42.000000,0,0,12875640,624,0,624,-4,0,64,0,0
2,700,21.000000,42.000000,0,0,12875643,628,0,628,-5,0,64,0,0
2,700,21.000000,42.000000,0,0,12875646,629,0,629,-5,0,64,0,0
2,700,21.000000,42.000000,0,0,12875649,631,0,631,-5,0,64,0,0
2,700,21.000000,42.000000,0,0,12875652,634,0,634,-6,0,64,0,0
2,700,21.000000,42.000000,0,0,12875655,635,0,635,-6,0,64,0,0
2,700,21.000000,42.000000,0,0,12875658,639,0,639,-7,0,64,0,0
2,700,21.000000,42.000000,0,0,12875661,642,0,642,-8,0,64,0,0
2,700,21.000000,42.000000,0,0,12875664,645,0,645,-8,0,64,0,0
2,700,21.000000,42.000000,0,0,12875667,648,0,648,-8,0,64,0,0
2,700,21.000000,42.000000,0,0,12875670,652,0,652,-9,0,64,0,0
2,700,21.000000,42.000000,0,0,12875672,657,0,657,-9,0,64,0,0
2,700,21.000000,42.000000,0,0,12875675,664,0,664,-10,0,64,0,0
2,700,21.000000,42.000000,0,0,12875678,670,0,670,-11,0,64,0,0
2,700,21.000000,42.000000,0,0,12875681,676,0,676,-13,0,64,0,0
2,700,21.000000,42.000000,0,0,12875684,684,0,684,-14,0,64,0,0
2,700,21.000000,42.000000,0,0,12875686,692,0,692,-14,0,64,0,0
2,700,21.000000,42.000000,0,0,12875689,696,0,696,-15,0,64,0,0
2,700,21.000000,42.000000,0,0,12875692,703,0,703,-16,0,64,0,0
2,700,21.000000,42.000000,0,0,12875695,710,0,710,-16,0,64,0,0
2,700,21.000000,42.000000,0,0,12875698,720,0,720,-16,0,64,0,0
2,700,21.000000,42.000000,0,0,12875700,731,0,731,-16,0,64,0,0
2,700,21.000000,42.000000,0,0,12875703,739,0,739,-17,0,64,0,0
2,700,21.000000,42.000000,0,0,12875705,746,0,746,-17,0,64,0,0
2,700,21.000000,42.000000,0,0,12875708,757,0,757,-17,0,64,0,0
2,700,21.000000,42.000000,0,0,12875711,768,0,768,-18,0,64,0,0
2,700,21.000000,42.000000,0,0,12875714,778,0,778,-18,0,64,0,0
2,700,21.000000,42.000000,0,0,12875717,790,0,790,-18,0,64,0,0
2,700,21.000000,42.000000,0,0,12875719,804,0,804,-18,0,64,0,0
2,700,21.000000,42.000000,0,0,12875722,812,0,812,-18,0,64,0,0
2,700,21.000000,42.000000,0,0,12875725,826,0,826,-19,0,64,0,0
2,700,21.000000,42.000000,0,0,12875728,836,0,836,-19,0,64,0,0
2,700,21.000000,42.000000,0,0,12875731,851,0,851,-19,0,64,0,0
2,700,21.000000,42.000000,0,0,12875733,859,0,859,-19,0,64,0,0
2,700,21.000000,42.000000,0,0,12875736,877,0,877,-19,0,64,0,0
2,700,21.000000,42.000000,0,0,12875739,882,0,882,-19,0,64,0,0
2,700,21.000000,42.000000,0,0,12875742,892,0,892,-19,0,64,0,0
2,700,21.000000,42.000000,0,0,12875745,907,0,907,-20,0,64,0,0
2,700,21.000000,42.000000,0,0,12875747,916,0,916,-20,0,64,0,0
2,700,21.000000,42.000000,0,0,12875750,925,0,925,-22,0,64,0,0
2,700,21.000000,42.000000,0,0,12875753,938,0,938,-22,0,64,0,0
2,700,21.000000,42.000000,0,0,12875756,952,0,952,-23,0,64,0,0
2,700,21.000000,42.000000,0,0,12875759,960,0,960,-23,0,64,0,0
2,700,21.000000,42.000000,0,0,12875762,970,0,970,-23,0,64,0,0
2,700,21.000000,42.000000,0,0,12875765,977,0,977,-23,0,64,0,0
2,700,21.000000,42.000000,0,0,12875767,989,0,989,-24,0,64,0,0
2,700,21.000000,42.000000,0,0,12875770,1000,0,1000,-24,0,64,0,0
2,700,21.000000,42.000000,0,0,12875773,1005,0,1005,-25,0,64,0,0
2,700,21.000000,42.000000,0,0,12875776,1017,0,1017,-25,0,64,0,0
2,700,21.000000,42.000000,0,0,12875778,1023,0,1023,-25,0,64,0,0
2,700,21.000000,42.000000,0,0,12875781,1031,0,1031,-25,0,64,0,0
2,700,21.000000,42.000000,0,0,12875784,1038,0,1038,-25,0,64,0,0
2,700,21.000000,42.000000,0,0,12875786,1045,0,1045,-26,0,64,0,0
2,700,21.000000,42.000000,0,0,12875789,1050,0,1050,-27,0,64,0,0
2,700,21.000000,42.000000,0,0,12875792,1057,0,1057,-27,0,64,0,0
2,700,21.000000,42.000000,0,0,12875795,1063,0,1063,-27,0,64,0,0
2,700,21.000000,42.000000,0,0,12875798,1067,0,1067,-27,0,64,0,0
2,700,21.000000,42.000000,0,0,12875800,1072,0,1072,-28,0,64,0,0
2,700,21.000000,42.000000,0,0,12875803,1076,0,1076,-28,0,64,0,0
2,700,21.000000,42.000000,0,0,12875806,1081,0,1081,-29,0,64,0,0
2,700,21.000000,42.000000,0,0,12875809,1085,0,1085,-29,0,64,0,0
2,700,21.000000,42.000000,0,0,12875812,1090,0,1090,-30,0,64,0,0
2,700,21.000000,42.000000,0,0,12875814,1093,0,1093,-30,0,64,0,0
2,700,21.000000,42.000000,0,0,12875817,1096,0,1096,-30,0,64,0,0
2,700,21.000000,42.000000,0,0,12875820,1099,0,1099,-30,0,64,0,0
2,700,21.000000,42.000000,0,0,12875823,1101,0,1101,-30,0,64,0,0
2,700,21.000000,42.000000,0,0,12875825,1103,0,1103,-30,0,64,0,0
2,700,21.000000,42.000000,0,0,12875828,1105,0,1105,-31,0,64,0,0
2,700,21.000000,42.000000,0,0,12875831,1107,0,1107,-31,0,64,0,0
2,700,21.000000,42.000000,0,0,12875834,1109,0,1109,-31,0,64,0,0
2,700,21.000000,42.000000,0,0,12875837,1110,0,1110,-31,0,64,0,0
2,700,21.000000,42.000000,0,0,12875839,1111,0,1111,-31,0,64,0,0
2,700,21.000000,42.000000,0,0,12875842,1112,0,1112,-31,0,64,0,0
2,700,21.000000,42.000000,0,0,12875845,1113,0,1113,-31,0,64,0,0
2,700,21.000000,42.000000,0,0,12875848,1113,0,1113,-31,0,64,0,0
2,700,21.000000,42.000000,0,0,12875850,1114,0,1114,-31,0,64,0,0
2,700,21.000000,42.000000,0,0,12875853,1114,0,1114,-31,0,64,0,0
2,700,21.000000,42.000000,0,0,12875856,1115,0,1115,-31,0,64,0,0
2,700,21.000000,42.000000,0,0,12875858,1115,0,1115,-31,0,64,0,0
2,700,21.000000,42.000000,0,0,12875861,1115,0,1115,-31,0,64,0,0
2,700,21.000000,42.000000,0,0,12875864,1115,0,1115,-31,0,64,0,0
2,700,21.000000,42.000000,0,0,12875867,1115,0,1115,-31,0,64,0,0
2,700,21.000000,42.000000,0,0,12875869,1115,0,1115,-31,0,64,0,0
2,700,21.000000,42.000000,0,0,12875872,1115,0,1115,-31,0,64,0,0
2,700,21.000000,42.000000,0,0,12875875,1115,0,1115,-31,0,64,0,0
2,700,21.000000,42.000000,0,0,12875878,1115,0,1115,-31,0,64,0,0
2,700,21.000000,42.000000,0,0,12875880,1115,0,1115,-31,0,64,0,0
2,700,21.000000,42.000000,0,0,12875883,1116,0,1116,-31,0,64,0,0
2,700,21.000000,42.000000,0,0,12875886,1116,0,1116,-31,0,64,0,0
2,700,21.000000,42.000000,0,0,12875889,1117,0,1117,-31,0,64,0,0
2,700,21.000000,42.000000,0,0,12875892,1118,0,1118,-32,0,64,0,0
2,700,21.000000,42.000000,0,0,12875895,1119,0,1119,-32,0,64,0,0
2,700,21.000000,42.000000,0,0,12875897,1120,0,1120,-32,0,64,0,0
2,700,21.000000,42.000000,0,0,12875900,1121,0,1121,-32,0,64,0,0
2,700,21.000000,42.000000,0,0,12875903,1122,0,1122,-32,0,64,0,0
2,700,21.000000,42.000000,0,0,12875906,1123,0,1123,-32,0,64,0,0
2,700,21.000000,42.000000,0,0,12875908,1125,0,1125,-32,0,64,0,0
2,700,21.000000,42.000000,0,0,12875911,1126,0,1126,-33,0,64,0,0
2,700,21.000000,42.000000,0,0,12875914,1128,0,1128,-33,0,64,0,0
2,700,21.000000,42.000000,0,0,12875917,1130,0,1130,-33,0,64,0,0
2,700,21.000000,42.000000,0,0,12875920,1132,0,1132,-33,0,64,0,0
2,700,21.000000,42.000000,0,0,12875922,1135,0,1135,-33,0,64,0,0
2,700,21.000000,42.000000,0,0,12875925,1137,0,1137,-33,0,64,0,0
2,700,21.000000,42.000000,0,0,12875928,1140,0,1140,-33,0,64,0,0
2,700,21.000000,42.000000,0,0,12875930,1143,0,1143,-33,0,64,0,0
2,700,21.000000,42.000000,0,0,12875933,1146,0,1146,-34,0,64,0,0
2,700,21.000000,42.000000,0,0,12875936,1148,0,1148,-34,0,64,0,0
2,700,21.000000,42.000000,0,0,12875939,1151,0,1151,-34,0,64,0,0
2,700,21.000000,42.000000,0,0,12875942,1155,0,1155,-34,0,64,0,0
2,700,21.000000,42.000000,0,0,12875944,1157,0,1157,-34,0,64,0,0
2,700,21.000000,42.000000,0,0,12875947,1159,0,1159,-34,0,64,0,0
2,700,21.000000,42.000000,0,0,12875950,1164,0,1164,-34,0,64,0,0
2,700,21.000000,42.000000,0,0,12875953,1168,0,1168,-34,0,64,0,0
2,700,21.000000,42.000000,0,0,12875956,1172,0,1172,-34,0,64,0,0
2,700,21.000000,42.000000,0,0,12875959,1174,0,1174,-34,0,64,0,0
2,700,21.000000,42.000000,0,0,12875962,1176,0,1176,-34,0,64,0,0
2,700,21.000000,42.000000,0,0,12875964,1180,0,1180,-34,0,64,0,0
2,700,21.000000,42.000000,0,0,12875967,1183,0,1183,-34,0,64,0,0
2,700,21.000000,42.000000,0,0,12875970,1185,0,1185,-34,0,64,0,0
2,700,21.000000,42.000000,0,0,12875973,1187,0,1187,-35,0,64,0,0
2,700,21.000000,42.000000,0,0,12875976,1189,0,1189,-35,0,64,0,0
2,700,21.000000,42.000000,0,0,12875978,1191,0,1191,-35,0,64,0,0
2,700,21.000000,42.000000,0,0,12875981,1193,0,1193,-35,0,64,0,0
2,700,21.000000,42.000000,0,0,12875984,1194,0,1194,-35,0,64,0,0
2,700,21.000000,42.000000,0,0,12875987,1196,0,1196,-35,0,64,0,0
2,700,21.000000,42.000000,0,0,12875990,1198,0,1198,-35,0,64,0,0
2,700,21.000000,42.000000,0,0,12875992,1199,0,1199,-35,0,64,0,0
2,700,21.000000,42.000000,0,0,12875995,1200,0,1200,-35,0,64,0,0
2,700,21.000000,42.000000,0,0,12875998,1202,0,1202,-36,0,64,0,0
2,700,21.000000,42.000000,0,0,12876002,1203,0,1203,-36,0,64,0,0
2,700,21.000000,42.000000,0,0,12876004,1206,0,1206,-36,0,64,0,0
2,700,21.000000,42.000000,0,0,12876007,1207,0,1207,-36,0,64,0,0
2,700,21.000000,42.000000,0,0,12876010,1208,0,1208,-36,0,64,0,0
2,700,21.000000,42.000000,0,0,12876013,1209,0,1209,-36,0,64,0,0
2,700,21.000000,42.000000,0,0,12876016,1210,0,1210,-36,0,64,0,0
2,700,21.000000,42.000000,0,0,12876018,1211,0,1211,-36,0,64,0,0
2,700,21.000000,42.000000,0,0,12876021,1212,0,1212,-37,0,64,0,0
2,700,21.000000,42.000000,0,0,12876024,1213,0,1213,-37,0,64,0,0
2,700,21.000000,42.000000,0,0,12876027,1214,0,1214,-37,0,64,0,0
2,700,21.000000,42.000000,0,0,12876030,1215,0,1215,-37,0,64,0,0
2,700,21.000000,42.000000,0,0,12876032,1215,0,1215,-37,0,64,0,0
2,700,21.000000,42.000000,0,0,12876035,1215,0,1215,-37,0,64,0,0
2,700,21.000000,42.000000,0,0,12876037,1216,0,1216,-37,0,64,0,0
2,700,21.000000,42.000000,0,0,12876040,1217,0,1217,-37,0,64,0,0
2,700,21.000000,42.000000,0,0,12876043,1218,0,1218,-37,0,64,0,0
2,700,21.000000,42.000000,0,0,12876046,1218,0,1218,-37,0,64,0,0
2,700,21.000000,42.000000,0,0,12876049,1218,0,1218,-37,0,64,0,0
2,700,21.000000,42.000000,0,0,12876051,1218,0,1218,-37,0,64,0,0
2,700,21.000000,42.000000,0,0,12876054,1218,0,1218,-37,0,64,0,0
2,700,21.000000,42.000000,0,0,12876057,1218,0,1218,-37,0,64,0,0
2,700,21.000000,42.000000,0,0,12876060,1218,0,1218,-37,0,64,0,0
2,700,21.000000,42.000000,0,0,12876063,1218,0,1218,-38,0,64,0,0
2,700,21.000000,42.000000,0,0,12876066,1218,0,1218,-39,0,64,0,0
2,700,21.000000,42.000000,0,0,12876068,1218,0,1218,-39,0,64,0,0
2,700,21.000000,42.000000,0,0,12876071,1218,0,1218,-39,0,64,0,0
2,700,21.000000,42.000000,0,0,12876074,1218,0,1218,-39,0,64,0,0
2,700,21.000000,42.000000,0,0,12876076,1218,0,1218,-39,0,64,0,0
2,700,21.000000,42.000000,0,0,12876079,1218,0,1218,-39,0,64,0,0
2,700,21.000000,42.000000,0,0,12876082,1218,0,1218,-39,0,64,0,0
2,700,21.000000,42.000000,0,0,12876085,1219,0,1219,-39,0,64,0,0
2,700,21.000000,42.000000,0,0,12876088,1219,0,1219,-39,0,64,0,0
2,700,21.000000,42.000000,0,0,12876090,1219,0,1219,-39,0,64,0,0
2,700,21.000000,42.000000,0,0,12876093,1219,0,1219,-39,0,64,0,0
2,700,21.000000,42.000000,0,0,12876096,1219,0,1219,-39,0,64,0,0
2,700,21.000000,42.000000,0,0,12876099,1220,0,1220,-39,0,64,0,0
2,700,21.000000,42.000000,0,0,12876102,1220,0,1220,-40,0,64,0,0
2,700,21.000000,42.000000,0,0,12876104,1220,0,1220,-41,0,64,0,0
2,700,21.000000,42.000000,0,0,12876107,1221,0,1221,-41,0,64,0,0
2,700,21.000000,42.000000,0,0,12876110,1221,0,1221,-41,0,64,0,0
2,700,21.000000,42.000000,0,0,12876113,1222,0,1222,-41,0,64,0,0
2,700,21.000000,42.000000,0,0,12876116,1223,0,1223,-41,0,64,0,0
2,700,21.000000,42.000000,0,0,12876118,1224,0,1224,-41,0,64,0,0
2,700,21.000000,42.000000,0,0,12876121,1224,0,1224,-42,0,64,0,0
2,700,21.000000,42.000000,0,0,12876124,1225,0,1225,-43,0,64,0,0
2,700,21.000000,42.000000,0,0,12876127,1227,0,1227,-43,0,64,0,0
2,700,21.000000,42.000000,0,0,12876130,1229,0,1229,-43,0,64,0,0
2,700,21.000000,42.000000,0,0,12876132,1230,0,1230,-43,0,64,0,0
2,700,21.000000,42.000000,0,0,12876135,1231,0,1231,-44,0,64,0,0
2,700,21.000000,42.000000,0,0,12876138,1232,0,1232,-44,0,64,0,0
2,700,21.000000,42.000000,0,0,12876140,1234,0,1234,-44,0,64,0,0
2,700,21.000000,42.000000,0,0,12876143,1234,0,1234,-45,0,64,0,0
2,700,21.000000,42.000000,0,0,12876146,1235,0,1235,-45,0,64,0,0
2,700,21.000000,42.000000,0,0,12876149,1236,0,1236,-46,0,64,0,0
2,700,21.000000,42.000000,0,0,12876152,1237,0,1237,-46,0,64,0,0
2,700,21.000000,42.000000,0,0,12876154,1239,0,1239,-46,0,64,0,0
2,700,21.000000,42.000000,0,0,12876157,1240,0,1240,-46,0,64,0,0
2,700,21.000000,42.000000,0,0,12876160,1241,0,1241,-47,0,64,0,0
2,700,21.000000,42.000000,0,0,12876163,1242,0,1242,-47,0,64,0,0
2,700,21.000000,42.000000,0,0,12876165,1243,0,1243,-47,0,64,0,0
2,700,21.000000,42.000000,0,0,12876168,1244,0,1244,-48,0,64,0,0
2,700,21.000000,42.000000,0,0,12876171,1245,0,1245,-48,0,64,0,0
2,700,21.000000,42.000000,0,0,12876174,1247,0,1247,-48,0,64,0,0
2,700,21.000000,42.000000,0,0,12876177,1248,0,1248,-48,0,64,0,0
2,700,21.000000,42.000000,0,0,12876180,1249,0,1249,-48,0,64,0,0
2,700,21.000000,42.000000,0,0,12876182,1250,0,1250,-48,0,64,0,0
2,700,21.000000,42.000000,0,0,12876185,1250,0,1250,-49,0,64,0,0
2,700,21.000000,42.000000,0,0,12876188,1251,0,1251,-49,0,64,0,0
2,700,21.000000,42.000000,0,0,12876191,1252,0,1252,-49,0,64,0,0
2,700,21.000000,42.000000,0,0,12876193,1253,0,1253,-49,0,64,0,0
2,700,21.000000,42.000000,0,0,12876196,1254,0,1254,-49,0,64,0,0
2,700,21.000000,42.000000,0,0,12876199,1255,0,1255,-49,0,64,0,0
2,700,21.000000,42.000000,0,0,12876202,1256,0,1256,-50,0,64,0,0
2,700,21.000000,42.000000,0,0,12876205,1257,0,1257,-51,0,64,0,0
2,700,21.000000,42.000000,0,0,12876207,1258,0,1258,-51,0,64,0,0
2,700,21.000000,42.000000,0,0,12876210,1258,0,1258,-51,0,64,0,0
2,700,21.000000,42.000000,0,0,12876213,1259,0,1259,-51,0,64,0,0
2,700,21.000000,42.000000,0,0,12876215,1260,0,1260,-51,0,64,0,0
2,700,21.000000,42.000000,0,0,12876218,1261,0,1261,-51,0,64,0,0
2,700,21.000000,42.000000,0,0,12876221,1261,0,1261,-51,0,64,0,0
2,700,21.000000,42.000000,0,0,12876224,1261,0,1261,-52,0,64,0,0
2,700,21.000000,42.000000,0,0,12876226,1261,0,1261,-53,0,64,0,0
2,700,21.000000,42.000000,0,0,12876229,1262,0,1262,-53,0,64,0,0
2,700,21.000000,42.000000,0,0,12876232,1262,0,1262,-53,0,64,0,0
2,700,21.000000,42.000000,0,0,12876235,1262,0,1262,-53,0,64,0,0
2,700,21.000000,42.000000,0,0,12876238,1262,0,1262,-53,0,64,0,0
2,700,21.000000,42.000000,0,0,12876240,1262,0,1262,-53,0,64,0,0
2,700,21.000000,42.000000,0,0,12876243,1262,0,1262,-53,0,64,0,0
2,700,21.000000,42.000000,0,0,12876246,1262,0,1262,-53,0,64,0,0
2,700,21.000000,42.000000,0,0,12876249,1262,0,1262,-53,0,64,0,0
2,700,21.000000,42.000000,0,0,12876252,1262,0,1262,-53,0,64,0,0
2,700,21.000000,42.000000,0,0,12876255,1262,0,1262,-53,0,64,0,0
2,700,21.000000,42.000000,0,0,12876257,1262,0,1262,-53,0,64,0,0
2,700,21.000000,42.000000,0,0,12876260,1262,0,1262,-53,0,64,0,0
2,700,21.000000,42.000000,0,0,12876263,1262,0,1262,-53,0,64,0,0
2,700,21.000000,42.000000,0,0,12876266,1262,0,1262,-53,0,64,0,0
2,700,21.000000,42.000000,0,0,12876269,1262,0,1262,-53,0,64,0,0
2,700,21.000000,42.000000,0,0,12876271,1262,0,1262,-53,0,64,0,0
2,700,21.000000,42.000000,0,0,12876274,1262,0,1262,-53,0,64,0,0
2,700,21.000000,42.000000,0,0,12876277,1262,0,1262,-53,0,64,0,0
2,700,21.000000,42.000000,0,0,12876279,1262,0,1262,-53,0,64,0,0
2,700,21.000000,42.000000,0,0,12876282,1262,0,1262,-53,0,64,0,0
2,700,21.000000,42.000000,0,0,12876285,1262,0,1262,-53,0,64,0,0
2,700,21.000000,42.000000,0,0,12876288,1262,0,1262,-53,0,64,0,0
2,700,21.000000,42.000000,0,0,12876290,1262,0,1262,-53,0,64,0,0
2,700,21.000000,42.000000,0,0,12876293,1262,0,1262,-53,0,64,0,0
2,700,21.000000,42.000000,0,0,12876296,1262,0,1262,-53,0,64,0,0
2,700,21.000000,42.000000,0,0,12876299,1262,0,1262,-53,0,64,0,0
2,700,21.000000,42.000000,0,0,12876302,1262,0,1262,-53,0,64,0,0
2,700,21.000000,42.000000,0,0,12876304,1262,0,1262,-53,0,64,0,0
2,700,21.000000,42.000000,0,0,12876307,1262,0,1262,-53,0,64,0,0
2,700,21.000000,42.000000,0,0,12876310,1262,0,1262,-53,0,64,0,0
2,700,21.000000,42.000000,0,0,12876313,1262,0,1262,-53,0,64,0,0
2,700,21.000000,42.000000,0,0,12876316,1262,0,1262,-53,0,64,0,0
2,700,21.000000,42.000000,0,0,12876318,1262,0,1262,-53,0,64,0,0
2,700,21.000000,42.000000,0,0,12876321,1262,0,1262,-53,0,64,0,0
2,700,21.000000,42.000000,0,0,12876324,1262,0,1262,-53,0,64,0,0
2,700,21.000000,42.000000,0,0,12876327,1262,0,1262,-53,0,64,0,0
2,700,21.000000,42.000000,0,0,12876330,1262,0,1262,-53,0,64,0,0
2,700,21.000000,42.000000,0,0,12876332,1262,0,1262,-53,0,64,0,0
2,700,21.000000,42.000000,0,0,12876335,1262,0,1262,-53,0,64,0,0
2,700,21.000000,42.000000,0,0,12876338,1262,0,1262,-53,0,64,0,0
2,700,21.000000,42.000000,0,0,12876341,1262,0,1262,-53,0,64,0,0
2,700,21.000000,42.000000,0,0,12876344,1262,0,1262,-53,0,64,0,0
2,700,21.000000,42.000000,0,0,12876346,1262,0,1262,-53,0,64,0,0
2,700,21.000000,42.000000,0,0,12876349,1262,0,1262,-53,0,64,0,0
2,700,21.000000,42.000000,0,0,12876352,1262,0,1262,-53,0,64,0,0
2,700,21.000000,42.000000,0,0,12876354,1262,0,1262,-53,0,64,0,0
2,700,21.000000,42.000000,0,0,12876357,1262,0,1262,-53,0,64,0,0
2,700,21.000000,42.000000,0,0,12876360,1262,0,1262,-53,0,64,0,0
2,700,21.000000,42.000000,0,0,12876363,1263,0,1263,-54,0,64,0,0
2,700,21.000000,42.000000,0,0,12876366,1263,0,1263,-54,0,64,0,0
2,700,21.000000,42.000000,0,0,12876368,1263,0,1263,-54,0,64,0,0
2,700,21.000000,42.000000,0,0,12876371,1263,0,1263,-54,0,64,0,0
2,700,21.000000,42.000000,0,0,12876374,1263,0,1263,-54,0,64,0,0
2,700,21.000000,42.000000,0,0,12876377,1263,0,1263,-55,0,64,0,0
2,700,21.000000,42.000000,0,0,12876379,1263,0,1263,-56,0,64,0,0
2,700,21.000000,42.000000,0,0,12876382,1264,0,1264,-56,0,64,0,0
2,700,21.000000,42.000000,0,0,12876385,1264,0,1264,-56,0,64,0,0
2,700,21.000000,42.000000,0,0,12876388,1265,0,1265,-56,0,64,0,0
2,700,21.000000,42.000000,0,0,12876391,1266,0,1266,-56,0,64,0,0
2,700,21.000000,42.000000,0,0,12876393,1266,0,1266,-56,0,64,0,0
2,700,21.000000,42.000000,0,0,12876396,1267,0,1267,-56,0,64,0,0
2,700,21.000000,42.000000,0,0,12876399,1267,0,1267,-57,0,64,0,0
2,700,21.000000,42.000000,0,0,12876402,1267,0,1267,-58,0,64,0,0
2,700,21.000000,42.000000,0,0,12876405,1268,0,1268,-58,0,64,0,0
2,700,21.000000,42.000000,0,0,12876407,1269,0,1269,-58,0,64,0,0
2,700,21.000000,42.000000,0,0,12876410,1270,0,1270,-58,0,64,0,0
2,700,21.000000,42.000000,0,0,12876413,1272,0,1272,-58,0,64,0,0
2,700,21.000000,42.000000,0,0,12876416,1273,0,1273,-59,0,64,0,0
2,700,21.000000,42.000000,0,0,12876419,1274,0,1274,-59,0,64,0,0
2,700,21.000000,42.000000,0,0,12876422,1276,0,1276,-59,0,64,0,0
2,700,21.000000,42.000000,0,0,12876424,1277,0,1277,-59,0,64,0,0
2,700,21.000000,42.000000,0,0,12876427,1278,0,1278,-60,0,64,0,0
2,700,21.000000,42.000000,0,0,12876430,1280,0,1280,-60,0,64,0,0
2,700,21.000000,42.000000,0,0,12876433,1281,0,1281,-60,0,64,0,0
2,700,21.000000,42.000000,0,0,12876435,1282,0,1282,-60,0,64,0,0
2,700,21.000000,42.000000,0,0,12876438,1283,0,1283,-60,0,64,0,0
2,700,21.000000,42.000000,0,0,12876441,1284,0,1284,-61,0,64,0,0
2,700,21.000000,42.000000,0,0,12876444,1285,0,1285,-61,0,64,0,0
2,700,21.000000,42.000000,0,0,12876446,1286,0,1286,-61,0,64,0,0
2,700,21.000000,42.000000,0,0,12876449,1288,0,1288,-62,0,64,0,0
2,700,21.000000,42.000000,0,0,12876452,1289,0,1289,-62,0,64,0,0
2,700,21.000000,42.000000,0,0,12876454,1290,0,1290,-62,0,64,0,0
2,700,21.000000,42.000000,0,0,12876457,1291,0,1291,-62,0,64,0,0
2,700,21.000000,42.000000,0,0,12876460,1292,0,1292,-62,0,64,0,0
2,700,21.000000,42.000000,0,0,12876463,1293,0,1293,-63,0,64,0,0
2,700,21.000000,42.000000,0,0,12876466,1294,0,1294,-63,0,64,0,0
2,700,21.000000,42.000000,0,0,12876468,1296,0,1296,-63,0,64,0,0
2,700,21.000000,42.000000,0,0,12876471,1297,0,1297,-63,0,64,0,0
2,700,21.000000,42.000000,0,0,12876474,1298,0,1298,-63,0,64,0,0
2,700,21.000000,42.000000,0,0,12876477,1299,0,1299,-63,0,64,0,0
2,700,21.000000,42.000000,0,0,12876480,1300,0,1300,-63,0,64,0,0
2,700,21.000000,42.000000,0,0,12876482,1301,0,1301,-63,0,64,0,0
2,700,21.000000,42.000000,0,0,12876485,1301,0,1301,-64,0,64,0,0
2,700,21.000000,42.000000,0,0,12876488,1302,0,1302,-64,0,64,0,0
2,700,21.000000,42.000000,0,0,12876491,1303,0,1303,-64,0,64,0,0
2,700,21.000000,42.000000,0,0,12876494,1303,0,1303,-64,0,64,0,0
2,700,21.000000,42.000000,0,0,12876496,1303,0,1303,-64,0,64,0,0
2,700,21.000000,42.000000,0,0,12876499,1303,0,1303,-64,0,64,0,0
2,700,21.000000,42.000000,0,0,12876502,1303,0,1303,-64,0,64,0,0
2,700,21.000000,42.000000,0,0,12876505,1303,0,1303,-64,0,64,0,0
2,700,21.000000,42.000000,0,0,12876508,1303,0,1303,-64,0,64,0,0
2,700,21.000000,42.000000,0,0,12876510,1303,0,1303,-64,0,64,0,0
2,700,21.000000,42.000000,0,0,12876513,1303,0,1303,-64,0,64,0,0
2,700,21.000000,42.000000,0,0,12876516,1303,0,1303,-64,0,64,0,0
2,700,21.000000,42.000000,0,0,12876519,1303,0,1303,-64,0,64,0,0
2,700,21.000000,42.000000,0,0,12876521,1303,0,1303,-64,0,64,0,0
2,700,21.000000,42.000000,0,0,12876524,1303,0,1303,-64,0,64,0,0
2,700,21.000000,42.000000,0,0,12876527,1303,0,1303,-64,0,64,0,0
2,700,21.000000,42.000000,0,0,12876530,1303,0,1303,-64,0,64,0,0
2,700,21.000000,42.000000,0,0,12876533,1303,0,1303,-64,0,64,0,0
2,700,21.000000,42.000000,0,0,12876535,1303,0,1303,-64,0,64,0,0
2,700,21.000000,42.000000,0,0,12876538,1303,0,1303,-64,0,64,0,0
2,700,21.000000,42.000000,0,0,12876541,1303,0,1303,-64,0,64,0,0
2,700,21.000000,42.000000,0,0,12876544,1303,0,1303,-64,0,64,0,0
2,700,21.000000,42.000000,0,0,12876547,1303,0,1303,-64,0,64,0,0
2,700,21.000000,42.000000,0,0,12876549,1303,0,1303,-64,0,64,0,0
2,700,21.000000,42.000000,0,0,12876552,1303,0,1303,-64,0,64,0,0
2,700,21.000000,42.000000,0,0,12876554,1303,0,1303,-64,0,64,0,0
2,700,21.000000,42.000000,0,0,12876557,1303,0,1303,-64,0,64,0,0
2,700,21.000000,42.000000,0,0,12876560,1303,0,1303,-64,0,64,0,0
2,700,21.000000,42.000000,0,0,12876563,1303,0,1303,-64,0,64,0,0
2,700,21.000000,42.000000,0,0,12876566,1303,0,1303,-64,0,64,0,0
2,700,21.000000,42.000000,0,0,12876568,1303,0,1303,-64,0,64,0,0
2,700,21.000000,42.000000,0,0,12876571,1303,0,1303,-64,0,64,0,0
2,700,21.000000,42.000000,0,0,12876574,1303,0,1303,-64,0,64,0,0
2,700,21.000000,42.000000,0,0,12876577,1303,0,1303,-64,0,64,0,0
2,700,21.000000,42.000000,0,0,12876580,1303,0,1303,-64,0,64,0,0
2,700,21.000000,42.000000,0,0,12876582,1303,0,1303,-64,0,64,0,0
2,700,21.000000,42.000000,0,0,12876585,1303,0,1303,-64,0,64,0,0
2,700,21.000000,42.000000,0,0,12876588,1303,0,1303,-64,0,64,0,0
2,700,21.000000,42.000000,0,0,12876591,1303,0,1303,-64,0,64,0,0
2,700,21.000000,42.000000,0,0,12876594,1303,0,1303,-64,0,64,0,0
2,700,21.000000,42.000000,0,0,12876596,1303,0,1303,-64,0,64,0,0
2,700,21.000000,42.000000,0,0,12876599,1303,0,1303,-64,0,64,0,0
2,700,21.000000,42.000000,0,0,12876602,1303,0,1303,-64,0,64,0,0
2,700,21.000000,42.000000,0,0,12876605,1303,0,1303,-64,0,64,0,0
2,700,21.000000,42.000000,0,0,12876608,1303,0,1303,-64,0,64,0,0
2,700,21.000000,42.000000,0,0,12876610,1303,0,1303,-64,0,64,0,0
2,700,21.000000,42.000000,0,0,12876613,1303,0,1303,-64,0,64,0,0
2,700,21.000000,42.000000,0,0,12876616,1303,0,1303,-64,0,64,0,0
2,700,21.000000,42.000000,0,0,12876619,1303,0,1303,-64,0,64,0,0
2,700,21.000000,42.000000,0,0,12876621,1303,0,1303,-64,0,64,0,0
2,700,21.000000,42.000000,0,0,12876624,1303,0,1303,-64,0,64,0,0
2,700,21.000000,42.000000,0,0,12876627,1303,0,1303,-64,0,64,0,0
2,700,21.000000,42.000000,0,0,12876630,1303,0,1303,-64,0,64,0,0
2,700,21.000000,42.000000,0,0,12876633,1303,0,1303,-64,0,64,0,0
2,700,21.000000,42.000000,0,0,12876635,1303,0,1303,-64,0,64,0,0
2,700,21.000000,42.000000,0,0,12876638,1303,0,1303,-64,0,64,0,0
2,700,21.000000,42.000000,0,0,12876641,1303,0,1303,-64,0,64,0,0
2,700,21.000000,42.000000,0,0,12876644,1303,0,1303,-64,0,64,0,0
2,700,21.000000,42.000000,0,0,12876647,1303,0,1303,-64,0,64,0,0
2,700,21.000000,42.000000,0,0,12876650,1303,0,1303,-64,0,64,0,0
2,700,21.000000,42.000000,0,0,12876653,1303,0,1303,-64,0,64,0,0
2,700,21.000000,42.000000,0,0,12876656,1303,0,1303,-64,0,64,0,0
2,700,21.000000,42.000000,0,0,12876659,1303,0,1303,-64,0,64,0,0
2,700,21.000000,42.000000,0,0,12876661,1303,0,1303,-64,0,64,0,0
2,700,21.000000,42.000000,0,0,12876664,1303,0,1303,-64,0,64,0,0
2,700,21.000000,42.000000,0,0,12876667,1303,0,1303,-64,0,64,0,0
2,700,21.000000,42.000000,0,0,12876669,1303,0,1303,-64,0,64,0,0
2,700,21.000000,42.000000,0,0,12876672,1303,0,1303,-64,0,64,0,0
2,700,21.000000,42.000000,0,0,12876675,1303,0,1303,-64,0,64,0,0
2,700,21.000000,42.000000,0,0,12876677,1303,0,1303,-64,0,64,0,0
2,700,21.000000,42.000000,0,0,12876680,1303,0,1303,-64,0,64,0,0
2,700,21.000000,42.000000,0,0,12876683,1303,0,1303,-64,0,64,0,0
2,700,21.000000,42.000000,0,0,12876700,1303,0,1303,-64,0,64,0,0
