2,350,21.000000,10000.000000,0,0,12926788,781,2,781,2,0,68,0,0
2,350,21.000000,10000.000000,0,0,12926789,781,2,781,2,0,68,0,0
2,350,21.000000,10000.000000,0,0,12926791,781,2,781,2,0,68,0,0
2,350,21.000000,10000.000000,0,0,12926794,781,2,781,2,0,68,0,0
2,350,21.000000,10000.000000,0,0,12926797,781,2,781,2,0,68,0,0
2,350,21.000000,10000.000000,0,0,12926800,781,2,781,2,0,68,0,0
2,350,21.000000,10000.000000,0,0,12926803,781,2,781,2,0,68,0,0
2,350,21.000000,10000.000000,0,0,12926806,781,2,781,2,0,68,0,0
2,350,21.000000,10000.000000,0,0,12926809,781,2,781,2,0,68,0,0
2,350,21.000000,10000.000000,0,0,12926811,781,2,781,2,0,68,0,0
2,350,21.000000,10000.000000,0,0,12926814,781,2,781,2,0,68,0,0
2,350,21.000000,10000.000000,0,0,12926817,781,2,781,2,0,68,0,0
2,350,21.000000,10000.000000,0,0,12926820,781,2,781,2,0,68,0,0
2,350,21.000000,10000.000000,0,0,12926822,781,2,781,2,0,68,0,0
2,350,21.000000,10000.000000,0,0,12926825,781,2,781,2,0,68,0,0
2,350,21.000000,10000.000000,0,0,12926828,781,2,781,2,0,68,0,0
2,350,21.000000,10000.000000,0,0,12926831,781,2,781,2,0,68,0,0
2,350,21.000000,10000.000000,0,0,12926834,781,2,781,2,0,68,0,0
2,350,21.000000,10000.000000,0,0,12926836,781,2,781,2,0,68,0,0
2,350,21.000000,10000.000000,0,0,12926839,781,2,781,2,0,68,0,0
2,350,21.000000,10000.000000,0,0,12926842,781,2,781,2,0,68,0,0
2,350,21.000000,10000.000000,0,0,12926845,781,2,781,2,0,68,0,0
2,350,21.000000,10000.000000,0,0,12926847,781,2,781,2,0,68,0,0
2,350,21.000000,10000.000000,0,0,12926850,781,2,781,2,0,68,0,0
2,350,21.000000,10000.000000,0,0,12926853,781,2,781,2,0,68,0,0
2,350,21.000000,10000.000000,0,0,12926855,781,2,781,2,0,68,0,0
2,350,21.000000,10000.000000,0,0,12926858,781,2,781,2,0,68,0,0
2,350,21.000000,10000.000000,0,0,12926861,781,2,781,2,0,68,0,0
2,350,21.000000,10000.000000,0,0,12926864,781,2,781,2,0,68,0,0
2,350,21.000000,10000.000000,0,0,12926866,782,2,782,2,0,68,0,0
2,350,21.000000,10000.000000,0,0,12926869,783,2,783,2,0,68,0,0
2,350,21.000000,10000.000000,0,0,12926872,783,2,783,2,0,68,0,0
2,350,21.000000,10000.000000,0,0,12926875,784,2,784,2,0,68,0,0
2,350,21.000000,10000.000000,0,0,12926878,785,2,785,2,0,68,0,0
2,350,21.000000,10000.000000,0,0,12926880,786,2,786,2,0,68,0,0
2,350,21.000000,10000.000000,0,0,12926883,787,2,787,2,0,68,0,0
2,350,21.000000,10000.000000,0,0,12926886,788,2,788,2,0,68,0,0
2,350,21.000000,10000.000000,0,0,12926889,790,2,790,2,0,68,0,0
2,350,21.000000,10000.000000,0,0,12926892,791,2,791,2,0,68,0,0
2,350,21.000000,10000.000000,0,0,12926894,792,2,792,2,0,68,0,0
2,350,21.000000,10000.000000,0,0,12926897,793,2,793,2,0,68,0,0
2,350,21.000000,10000.000000,0,0,12926900,794,2,794,2,0,68,0,0
2,350,21.000000,10000.000000,0,0,12926903,795,2,795,2,0,68,0,0
2,350,21.000000,10000.000000,0,0,12926906,796,2,796,2,0,68,0,0
2,350,21.000000,10000.000000,0,0,12926909,797,2,797,2,0,68,0,0
2,350,21.000000,10000.000000,0,0,12926912,798,2,798,2,0,68,0,0
2,350,21.000000,10000.000000,0,0,12926914,798,2,798,2,0,68,0,0
2,350,21.000000,10000.000000,0,0,12926917,799,1,799,1,0,68,0,0
2,350,21.000000,10000.000000,0,0,12926920,800,1,800,1,0,68,0,0
2,350,21.000000,10000.000000,0,0,12926923,800,1,800,1,0,68,0,0
2,350,21.000000,10000.000000,0,0,12926926,801,1,801,1,0,68,0,0
2,350,21.000000,10000.000000,0,0,12926928,802,1,802,1,0,68,0,0
2,350,21.000000,10000.000000,0,0,12926931,803,0,803,0,0,68,0,0
2,350,21.000000,10000.000000,0,0,12926934,804,0,804,0,0,68,0,0
2,350,21.000000,10000.000000,0,0,12926936,805,0,805,0,0,68,0,0
2,350,21.000000,10000.000000,0,0,12926939,806,0,806,0,0,68,0,0
2,350,21.000000,10000.000000,0,0,12926942,807,0,807,-1,0,68,0,0
2,350,21.000000,10000.000000,0,0,12926945,808,0,808,-1,0,68,0,0
2,350,21.000000,10000.000000,0,0,12926948,810,0,810,-1,0,68,0,0
2,350,21.000000,10000.000000,0,0,12926951,811,0,811,-2,0,68,0,0
2,350,21.000000,10000.000000,0,0,12926953,812,0,812,-2,0,68,0,0
2,350,21.000000,10000.000000,0,0,12926956,812,0,812,-2,0,68,0,0
2,350,21.000000,10000.000000,0,0,12926959,815,0,815,-3,0,68,0,0
2,350,21.000000,10000.000000,0,0,12926962,818,0,818,-4,0,68,0,0
2,350,21.000000,10000.000000,0,0,12926965,821,0,821,-4,0,68,0,0
2,350,21.000000,10000.000000,0,0,12926967,822,0,822,-5,0,68,0,0
2,350,21.000000,10000.000000,0,0,12926970,825,0,825,-6,0,68,0,0
2,350,21.000000,10000.000000,0,0,12926973,829,0,829,-6,0,68,0,0
2,350,21.000000,10000.000000,0,0,12926976,832,0,832,-7,0,68,0,0
2,350,21.000000,10000.000000,0,0,12926979,835,0,835,-8,0,68,0,0
2,350,21.000000,10000.000000,0,0,12926982,840,0,840,-9,0,68,0,0
2,350,21.000000,10000.000000,0,0,12926985,843,0,843,-9,0,68,0,0
2,350,21.000000,10000.000000,0,0,12926988,847,0,847,-10,0,68,0,0
2,350,21.000000,10000.000000,0,0,12926990,852,0,852,-11,0,68,0,0
2,350,21.000000,10000.000000,0,0,12926993,856,0,856,-11,0,68,0,0
2,350,21.000000,10000.000000,0,0,12926996,861,0,861,-11,0,68,0,0
2,350,21.000000,10000.000000,0,0,12926999,865,0,865,-12,0,68,0,0
2,350,21.000000,10000.000000,0,0,12927002,869,0,869,-12,0,68,0,0
2,350,21.000000,10000.000000,0,0,12927004,875,0,875,-13,0,68,0,0
2,350,21.000000,10000.000000,0,0,12927007,879,0,879,-13,0,68,0,0
2,350,21.000000,10000.000000,0,0,12927010,887,0,887,-14,0,68,0,0
2,350,21.000000,10000.000000,0,0,12927012,891,0,891,-15,0,68,0,0
2,350,21.000000,10000.000000,0,0,12927015,896,0,896,-15,0,68,0,0
2,350,21.000000,10000.000000,0,0,12927018,901,0,901,-15,0,68,0,0
2,350,21.000000,10000.000000,0,0,12927021,906,0,906,-15,0,68,0,0
2,350,21.000000,10000.000000,0,0,12927024,911,0,911,-15,0,68,0,0
2,350,21.000000,10000.000000,0,0,12927026,916,0,916,-15,0,68,0,0
2,350,21.000000,10000.000000,0,0,12927029,920,0,920,-15,0,68,0,0
2,350,21.000000,10000.000000,0,0,12927032,925,0,925,-15,0,68,0,0
2,350,21.000000,10000.000000,0,0,12927035,929,0,929,-15,0,68,0,0
2,350,21.000000,10000.000000,0,0,12927037,934,0,934,-15,0,68,0,0
2,350,21.000000,10000.000000,0,0,12927040,938,0,938,-15,0,68,0,0
2,350,21.000000,10000.000000,0,0,12927043,946,0,946,-16,0,68,0,0
2,350,21.000000,10000.000000,0,0,12927046,950,0,950,-17,0,68,0,0
2,350,21.000000,10000.000000,0,0,12927049,955,0,955,-17,0,68,0,0
2,350,21.000000,10000.000000,0,0,12927052,960,0,960,-17,0,68,0,0
2,350,21.000000,10000.000000,0,0,12927055,964,0,964,-17,0,68,0,0
2,350,21.000000,10000.000000,0,0,12927058,968,0,968,-17,0,68,0,0
2,350,21.000000,10000.000000,0,0,12927060,972,0,972,-18,0,68,0,0
2,350,21.000000,10000.000000,0,0,12927063,976,0,976,-18,0,68,0,0
2,350,21.000000,10000.000000,0,0,12927066,979,0,979,-19,0,68,0,0
2,350,21.000000,10000.000000,0,0,12927069,983,0,983,-19,0,68,0,0
2,350,21.000000,10000.000000,0,0,12927072,986,0,986,-19,0,68,0,0
2,350,21.000000,10000.000000,0,0,12927074,987,0,987,-19,0,68,0,0
2,350,21.000000,10000.000000,0,0,12927077,990,0,990,-19,0,68,0,0
2,350,21.000000,10000.000000,0,0,12927079,994,0,994,-19,0,68,0,0
2,350,21.000000,10000.000000,0,0,12927082,997,0,997,-20,0,68,0,0
2,350,21.000000,10000.000000,0,0,12927085,1002,0,1002,-20,0,68,0,0
2,350,21.000000,10000.000000,0,0,12927088,1005,0,1005,-20,0,68,0,0
2,350,21.000000,10000.000000,0,0,12927091,1006,0,1006,-20,0,68,0,0
2,350,21.000000,10000.000000,0,0,12927093,1008,0,1008,-20,0,68,0,0
2,350,21.000000,10000.000000,0,0,12927096,1012,0,1012,-21,0,68,0,0
2,350,21.000000,10000.000000,0,0,12927100,1015,0,1015,-22,0,68,0,0
2,350,21.000000,10000.000000,0,0,12927103,1019,0,1019,-22,0,68,0,0
2,350,21.000000,10000.000000,0,0,12927106,1022,0,1022,-22,0,68,0,0
2,350,21.000000,10000.000000,0,0,12927108,1025,0,1025,-23,0,68,0,0
2,350,21.000000,10000.000000,0,0,12927111,1028,0,1028,-24,0,68,0,0
2,350,21.000000,10000.000000,0,0,12927114,1032,0,1032,-24,0,68,0,0
2,350,21.000000,10000.000000,0,0,12927117,1035,0,1035,-25,0,68,0,0
2,350,21.000000,10000.000000,0,0,12927120,1038,0,1038,-25,0,68,0,0
2,350,21.000000,10000.000000,0,0,12927122,1042,0,1042,-25,0,68,0,0
2,350,21.000000,10000.000000,0,0,12927125,1045,0,1045,-26,0,68,0,0
2,350,21.000000,10000.000000,0,0,12927128,1049,0,1049,-26,0,68,0,0
2,350,21.000000,10000.000000,0,0,12927131,1052,0,1052,-26,0,68,0,0
2,350,21.000000,10000.000000,0,0,12927134,1055,0,1055,-26,0,68,0,0
2,350,21.000000,10000.000000,0,0,12927136,1059,0,1059,-27,0,68,0,0
2,350,21.000000,10000.000000,0,0,12927139,1063,0,1063,-27,0,68,0,0
2,350,21.000000,10000.000000,0,0,12927142,1066,0,1066,-27,0,68,0,0
2,350,21.000000,10000.000000,0,0,12927145,1069,0,1069,-27,0,68,0,0
2,350,21.000000,10000.000000,0,0,12927148,1073,0,1073,-27,0,68,0,0
2,350,21.000000,10000.000000,0,0,12927150,1077,0,1077,-27,0,68,0,0
2,350,21.000000,10000.000000,0,0,12927153,1079,0,1079,-28,0,68,0,0
2,350,21.000000,10000.000000,0,0,12927156,1082,0,1082,-28,0,68,0,0
2,350,21.000000,10000.000000,0,0,12927158,1085,0,1085,-28,0,68,0,0
2,350,21.000000,10000.000000,0,0,12927161,1088,0,1088,-28,0,68,0,0
2,350,21.000000,10000.000000,0,0,12927164,1090,0,1090,-29,0,68,0,0
2,350,21.000000,10000.000000,0,0,12927167,1093,0,1093,-29,0,68,0,0
2,350,21.000000,10000.000000,0,0,12927170,1095,0,1095,-29,0,68,0,0
2,350,21.000000,10000.000000,0,0,12927172,1097,0,1097,-29,0,68,0,0
2,350,21.000000,10000.000000,0,0,12927175,1099,0,1099,-29,0,68,0,0
2,350,21.000000,10000.000000,0,0,12927178,1100,0,1100,-29,0,68,0,0
2,350,21.000000,10000.000000,0,0,12927181,1101,0,1101,-29,0,68,0,0
2,350,21.000000,10000.000000,0,0,12927183,1102,0,1102,-29,0,68,0,0
2,350,21.000000,10000.000000,0,0,12927186,1104,0,1104,-29,0,68,0,0
2,350,21.000000,10000.000000,0,0,12927189,1105,0,1105,-29,0,68,0,0
2,350,21.000000,10000.000000,0,0,12927192,1106,0,1106,-29,0,68,0,0
2,350,21.000000,10000.000000,0,0,12927195,1107,0,1107,-29,0,68,0,0
2,350,21.000000,10000.000000,0,0,12927197,1108,0,1108,-29,0,68,0,0
2,350,21.000000,10000.000000,0,0,12927200,1109,0,1109,-29,0,68,0,0
2,350,21.000000,10000.000000,0,0,12927203,1109,0,1109,-29,0,68,0,0
2,350,21.000000,10000.000000,0,0,12927206,1109,0,1109,-29,0,68,0,0
2,350,21.000000,10000.000000,0,0,12927208,1109,0,1109,-29,0,68,0,0
2,350,21.000000,10000.000000,0,0,12927211,1109,0,1109,-29,0,68,0,0
2,350,21.000000,10000.000000,0,0,12927214,1109,0,1109,-29,0,68,0,0
2,350,21.000000,10000.000000,0,0,12927217,1109,0,1109,-29,0,68,0,0
2,350,21.000000,10000.000000,0,0,12927220,1109,0,1109,-29,0,68,0,0
2,350,21.000000,10000.000000,0,0,12927222,1109,0,1109,-29,0,68,0,0
2,350,21.000000,10000.000000,0,0,12927225,1109,0,1109,-29,0,68,0,0
2,350,21.000000,10000.000000,0,0,12927228,1109,0,1109,-29,0,68,0,0
2,350,21.000000,10000.000000,0,0,12927230,1109,0,1109,-29,0,68,0,0
2,350,21.000000,10000.000000,0,0,12927233,1109,0,1109,-29,0,68,0,0
2,350,21.000000,10000.000000,0,0,12927236,1109,0,1109,-29,0,68,0,0
2,350,21.000000,10000.000000,0,0,12927239,1109,0,1109,-29,0,68,0,0
2,350,21.000000,10000.000000,0,0,12927242,1109,0,1109,-29,0,68,0,0
2,350,21.000000,10000.000000,0,0,12927244,1109,0,1109,-29,0,68,0,0
2,350,21.000000,10000.000000,0,0,12927247,1109,0,1109,-29,0,68,0,0
2,350,21.000000,10000.000000,0,0,12927250,1109,0,1109,-29,0,68,0,0
2,350,21.000000,10000.000000,0,0,12927253,1109,0,1109,-29,0,68,0,0
2,350,21.000000,10000.000000,0,0,12927256,1109,0,1109,-29,0,68,0,0
2,350,21.000000,10000.000000,0,0,12927258,1109,0,1109,-29,0,68,0,0
2,350,21.000000,10000.000000,0,0,12927261,1109,0,1109,-29,0,68,0,0
2,350,21.000000,10000.000000,0,0,12927264,1109,0,1109,-29,0,68,0,0
2,350,21.000000,10000.000000,0,0,12927267,1109,0,1109,-29,0,68,0,0
2,350,21.000000,10000.000000,0,0,12927270,1109,0,1109,-29,0,68,0,0
2,350,21.000000,10000.000000,0,0,12927272,1109,0,1109,-29,0,68,0,0
2,350,21.000000,10000.000000,0,0,12927275,1109,0,1109,-29,0,68,0,0
2,350,21.000000,10000.000000,0,0,12927278,1109,0,1109,-29,0,68,0,0
2,350,21.000000,10000.000000,0,0,12927281,1109,0,1109,-29,0,68,0,0
2,350,21.000000,10000.000000,0,0,12927284,1109,0,1109,-29,0,68,0,0
2,350,21.000000,10000.000000,0,0,12927286,1109,0,1109,-29,0,68,0,0
2,350,21.000000,10000.000000,0,0,12927289,1109,0,1109,-29,0,68,0,0
2,350,21.000000,10000.000000,0,0,12927292,1109,0,1109,-29,0,68,0,0
2,350,21.000000,10000.000000,0,0,12927294,1109,0,1109,-29,0,68,0,0
2,350,21.000000,10000.000000,0,0,12927297,1109,0,1109,-29,0,68,0,0
2,350,21.000000,10000.000000,0,0,12927300,1109,0,1109,-29,0,68,0,0
2,350,21.000000,10000.000000,0,0,12927303,1109,0,1109,-29,0,68,0,0
2,350,21.000000,10000.000000,0,0,12927306,1109,0,1109,-29,0,68,0,0
2,350,21.000000,10000.000000,0,0,12927308,1109,0,1109,-29,0,68,0,0
2,350,21.000000,10000.000000,0,0,12927311,1109,0,1109,-29,0,68,0,0
2,350,21.000000,10000.000000,0,0,12927314,1109,0,1109,-29,0,68,0,0
2,350,21.000000,10000.000000,0,0,12927317,1109,0,1109,-29,0,68,0,0
2,350,21.000000,10000.000000,0,0,12927320,1109,0,1109,-29,0,68,0,0
2,350,21.000000,10000.000000,0,0,12927322,1109,0,1109,-29,0,68,0,0
2,350,21.000000,10000.000000,0,0,12927325,1109,0,1109,-29,0,68,0,0
2,350,21.000000,10000.000000,0,0,12927328,1109,0,1109,-29,0,68,0,0
2,350,21.000000,10000.000000,0,0,12927331,1109,0,1109,-29,0,68,0,0
2,350,21.000000,10000.000000,0,0,12927334,1109,0,1109,-29,0,68,0,0
2,350,21.000000,10000.000000,0,0,12927336,1109,0,1109,-29,0,68,0,0
2,350,21.000000,10000.000000,0,0,12927339,1109,0,1109,-29,0,68,0,0
2,350,21.000000,10000.000000,0,0,12927342,1109,0,1109,-29,0,68,0,0
2,350,21.000000,10000.000000,0,0,12927345,1109,0,1109,-29,0,68,0,0
2,350,21.000000,10000.000000,0,0,12927348,1109,0,1109,-29,0,68,0,0
2,350,21.000000,10000.000000,0,0,12927350,1109,0,1109,-29,0,68,0,0
2,350,21.000000,10000.000000,0,0,12927353,1109,0,1109,-29,0,68,0,0
2,350,21.000000,10000.000000,0,0,12927356,1109,0,1109,-29,0,68,0,0
2,350,21.000000,10000.000000,0,0,12927358,1109,0,1109,-29,0,68,0,0
2,350,21.000000,10000.000000,0,0,12927361,1109,0,1109,-29,0,68,0,0
2,350,21.000000,10000.000000,0,0,12927364,1109,0,1109,-29,0,68,0,0
2,350,21.000000,10000.000000,0,0,12927367,1109,0,1109,-29,0,68,0,0
2,350,21.000000,10000.000000,0,0,12927369,1109,0,1109,-29,0,68,0,0
2,350,21.000000,10000.000000,0,0,12927372,1109,0,1109,-29,0,68,0,0
2,350,21.000000,10000.000000,0,0,12927375,1109,0,1109,-29,0,68,0,0
2,350,21.000000,10000.000000,0,0,12927378,1109,0,1109,-29,0,68,0,0
2,350,21.000000,10000.000000,0,0,12927381,1109,0,1109,-29,0,68,0,0
2,350,21.000000,10000.000000,0,0,12927384,1109,0,1109,-29,0,68,0,0
2,350,21.000000,10000.000000,0,0,12927386,1109,0,1109,-29,0,68,0,0
2,350,21.000000,10000.000000,0,0,12927389,1109,0,1109,-29,0,68,0,0
2,350,21.000000,10000.000000,0,0,12927392,1109,0,1109,-29,0,68,0,0
2,350,21.000000,10000.000000,0,0,12927395,1109,0,1109,-29,0,68,0,0
2,350,21.000000,10000.000000,0,0,12927397,1109,0,1109,-29,0,68,0,0
2,350,21.000000,10000.000000,0,0,12927400,1109,0,1109,-29,0,68,0,0
2,350,21.000000,10000.000000,0,0,12927403,1109,0,1109,-29,0,68,0,0
2,350,21.000000,10000.000000,0,0,12927406,1109,0,1109,-29,0,68,0,0
2,350,21.000000,10000.000000,0,0,12927409,1109,0,1109,-29,0,68,0,0
2,350,21.000000,10000.000000,0,0,12927411,1109,0,1109,-29,0,68,0,0
2,350,21.000000,10000.000000,0,0,12927414,1110,0,1110,-29,0,68,0,0
2,350,21.000000,10000.000000,0,0,12927417,1111,0,1111,-29,0,68,0,0
2,350,21.000000,10000.000000,0,0,12927419,1111,0,1111,-29,0,68,0,0
2,350,21.000000,10000.000000,0,0,12927422,1112,0,1112,-29,0,68,0,0
2,350,21.000000,10000.000000,0,0,12927425,1112,0,1112,-29,0,68,0,0
2,350,21.000000,10000.000000,0,0,12927428,1113,0,1113,-29,0,68,0,0
2,350,21.000000,10000.000000,0,0,12927431,1114,0,1114,-29,0,68,0,0
2,350,21.000000,10000.000000,0,0,12927433,1115,0,1115,-29,0,68,0,0
2,350,21.000000,10000.000000,0,0,12927436,1116,0,1116,-30,0,68,0,0
2,350,21.000000,10000.000000,0,0,12927439,1117,0,1117,-31,0,68,0,0
2,350,21.000000,10000.000000,0,0,12927442,1117,0,1117,-31,0,68,0,0
2,350,21.000000,10000.000000,0,0,12927445,1118,0,1118,-31,0,68,0,0
2,350,21.000000,10000.000000,0,0,12927447,1119,0,1119,-31,0,68,0,0
2,350,21.000000,10000.000000,0,0,12927450,1120,0,1120,-31,0,68,0,0
2,350,21.000000,10000.000000,0,0,12927453,1121,0,1121,-31,0,68,0,0
2,350,21.000000,10000.000000,0,0,12927456,1121,0,1121,-32,0,68,0,0
2,350,21.000000,10000.000000,0,0,12927459,1122,0,1122,-33,0,68,0,0
2,350,21.000000,10000.000000,0,0,12927461,1122,0,1122,-33,0,68,0,0
2,350,21.000000,10000.000000,0,0,12927464,1123,0,1123,-33,0,68,0,0
2,350,21.000000,10000.000000,0,0,12927467,1124,0,1124,-33,0,68,0,0
2,350,21.000000,10000.000000,0,0,12927470,1124,0,1124,-33,0,68,0,0
2,350,21.000000,10000.000000,0,0,12927473,1125,0,1125,-33,0,68,0,0
2,350,21.000000,10000.000000,0,0,12927475,1125,0,1125,-33,0,68,0,0
2,350,21.000000,10000.000000,0,0,12927478,1126,0,1126,-33,0,68,0,0
2,350,21.000000,10000.000000,0,0,12927481,1127,0,1127,-33,0,68,0,0
2,350,21.000000,10000.000000,0,0,12927484,1127,0,1127,-33,0,68,0,0
2,350,21.000000,10000.000000,0,0,12927487,1127,0,1127,-33,0,68,0,0
2,350,21.000000,10000.000000,0,0,12927489,1127,0,1127,-33,0,68,0,0
2,350,21.000000,10000.000000,0,0,12927492,1127,0,1127,-33,0,68,0,0
2,350,21.000000,10000.000000,0,0,12927495,1127,0,1127,-33,0,68,0,0
2,350,21.000000,10000.000000,0,0,12927498,1127,0,1127,-33,0,68,0,0
2,350,21.000000,10000.000000,0,0,12927500,1127,0,1127,-33,0,68,0,0
2,350,21.000000,10000.000000,0,0,12927503,1127,0,1127,-33,0,68,0,0
2,350,21.000000,10000.000000,0,0,12927506,1127,0,1127,-33,0,68,0,0
2,350,21.000000,10000.000000,0,0,12927508,1127,0,1127,-33,0,68,0,0
2,350,21.000000,10000.000000,0,0,12927511,1127,0,1127,-33,0,68,0,0
2,350,21.000000,10000.000000,0,0,12927514,1127,0,1127,-33,0,68,0,0
2,350,21.000000,10000.000000,0,0,12927517,1127,0,1127,-33,0,68,0,0
2,350,21.000000,10000.000000,0,0,12927520,1127,0,1127,-33,0,68,0,0
2,350,21.000000,10000.000000,0,0,12927522,1127,0,1127,-33,0,68,0,0
2,350,21.000000,10000.000000,0,0,12927525,1127,0,1127,-33,0,68,0,0
2,350,21.000000,10000.000000,0,0,12927528,1127,0,1127,-33,0,68,0,0
2,350,21.000000,10000.000000,0,0,12927531,1127,0,1127,-33,0,68,0,0
2,350,21.000000,10000.000000,0,0,12927534,1127,0,1127,-33,0,68,0,0
2,350,21.000000,10000.000000,0,0,12927536,1127,0,1127,-33,0,68,0,0
2,350,21.000000,10000.000000,0,0,12927539,1127,0,1127,-33,0,68,0,0
2,350,21.000000,10000.000000,0,0,12927542,1127,0,1127,-33,0,68,0,0
2,350,21.000000,10000.000000,0,0,12927545,1127,0,1127,-33,0,68,0,0
2,350,21.000000,10000.000000,0,0,12927548,1127,0,1127,-33,0,68,0,0
2,350,21.000000,10000.000000,0,0,12927550,1127,0,1127,-33,0,68,0,0
2,350,21.000000,10000.000000,0,0,12927553,1127,0,1127,-33,0,68,0,0
2,350,21.000000,10000.000000,0,0,12927556,1128,0,1128,-33,0,68,0,0
2,350,21.000000,10000.000000,0,0,12927559,1129,0,1129,-33,0,68,0,0
2,350,21.000000,10000.000000,0,0,12927562,1129,0,1129,-33,0,68,0,0
2,350,21.000000,10000.000000,0,0,12927564,1129,0,1129,-33,0,68,0,0
2,350,21.000000,10000.000000,0,0,12927567,1129,0,1129,-33,0,68,0,0
2,350,21.000000,10000.000000,0,0,12927569,1129,0,1129,-33,0,68,0,0
2,350,21.000000,10000.000000,0,0,12927573,1130,0,1130,-33,0,68,0,0
2,350,21.000000,10000.000000,0,0,12927575,1131,0,1131,-33,0,68,0,0
2,350,21.000000,10000.000000,0,0,12927578,1131,0,1131,-33,0,68,0,0
2,350,21.000000,10000.000000,0,0,12927581,1131,0,1131,-33,0,68,0,0
2,350,21.000000,10000.000000,0,0,12927584,1131,0,1131,-33,0,68,0,0
2,350,21.000000,10000.000000,0,0,12927586,1131,0,1131,-33,0,68,0,0
2,350,21.000000,10000.000000,0,0,12927589,1131,0,1131,-33,0,68,0,0
2,350,21.000000,10000.000000,0,0,12927592,1131,0,1131,-33,0,68,0,0
2,350,21.000000,10000.000000,0,0,12927595,1131,0,1131,-33,0,68,0,0
2,350,21.000000,10000.000000,0,0,12927598,1131,0,1131,-33,0,68,0,0
2,350,21.000000,10000.000000,0,0,12927600,1131,0,1131,-33,0,68,0,0
2,350,21.000000,10000.000000,0,0,12927603,1131,0,1131,-33,0,68,0,0
2,350,21.000000,10000.000000,0,0,12927606,1131,0,1131,-33,0,68,0,0
2,350,21.000000,10000.000000,0,0,12927609,1131,0,1131,-33,0,68,0,0
2,350,21.000000,10000.000000,0,0,12927612,1131,0,1131,-33,0,68,0,0
2,350,21.000000,10000.000000,0,0,12927614,1131,0,1131,-33,0,68,0,0
2,350,21.000000,10000.000000,0,0,12927617,1131,0,1131,-33,0,68,0,0
2,350,21.000000,10000.000000,0,0,12927620,1131,0,1131,-33,0,68,0,0
2,350,21.000000,10000.000000,0,0,12927623,1131,0,1131,-33,0,68,0,0
2,350,21.000000,10000.000000,0,0,12927625,1131,0,1131,-33,0,68,0,0
2,350,21.000000,10000.000000,0,0,12927628,1131,0,1131,-33,0,68,0,0
2,350,21.000000,10000.000000,0,0,12927631,1131,0,1131,-33,0,68,0,0
2,350,21.000000,10000.000000,0,0,12927633,1131,0,1131,-33,0,68,0,0
2,350,21.000000,10000.000000,0,0,12927636,1131,0,1131,-33,0,68,0,0
2,350,21.000000,10000.000000,0,0,12927639,1131,0,1131,-33,0,68,0,0
2,350,21.000000,10000.000000,0,0,12927642,1131,0,1131,-33,0,68,0,0
2,350,21.000000,10000.000000,0,0,12927645,1131,0,1131,-33,0,68,0,0
2,350,21.000000,10000.000000,0,0,12927658,1131,0,1131,-33,0,68,0,0
