2,350,21.000000,0.000000,0,0,13049085,779,0,779,0,0,76,1,0
2,350,21.000000,0.000000,0,0,13049086,779,0,779,0,0,76,1,0
2,350,21.000000,0.000000,0,0,13049088,779,0,779,0,0,76,1,0
2,350,21.000000,0.000000,0,0,13049091,779,0,779,0,0,76,1,0
2,350,21.000000,0.000000,0,0,13049094,779,0,779,0,0,76,1,0
2,350,21.000000,0.000000,0,0,13049097,779,0,779,0,0,76,1,0
2,350,21.000000,0.000000,0,0,13049099,779,0,779,0,0,76,1,0
2,350,21.000000,0.000000,0,0,13049102,779,0,779,0,0,76,1,0
2,350,21.000000,0.000000,0,0,13049105,779,0,779,0,0,76,1,0
2,350,21.000000,0.000000,0,0,13049107,779,0,779,0,0,76,1,0
2,350,21.000000,0.000000,0,0,13049110,779,0,779,0,0,76,1,0
2,350,21.000000,0.000000,0,0,13049113,779,0,779,0,0,76,1,0
2,350,21.000000,0.000000,0,0,13049116,779,0,779,0,0,76,1,0
2,350,21.000000,0.000000,0,0,13049118,779,0,779,0,0,76,1,0
2,350,21.000000,0.000000,0,0,13049121,779,0,779,0,0,76,1,0
2,350,21.000000,0.000000,0,0,13049124,779,0,779,0,0,76,1,0
2,350,21.000000,0.000000,0,0,13049127,779,0,779,0,0,76,1,0
2,350,21.000000,0.000000,0,0,13049130,779,0,779,0,0,76,1,0
2,350,21.000000,0.000000,0,0,13049133,779,0,779,0,0,76,1,0
2,350,21.000000,0.000000,0,0,13049135,779,0,779,0,0,76,1,0
2,350,21.000000,0.000000,0,0,13049138,779,0,779,0,0,76,1,0
2,350,21.000000,0.000000,0,0,13049141,779,0,779,0,0,76,1,0
2,350,21.000000,0.000000,0,0,13049143,779,0,779,0,0,76,1,0
2,350,21.000000,0.000000,0,0,13049146,779,0,779,0,0,76,1,0
2,350,21.000000,0.000000,0,0,13049149,779,0,779,0,0,76,1,0
2,350,21.000000,0.000000,0,0,13049152,779,0,779,0,0,76,1,0
2,350,21.000000,0.000000,0,0,13049155,779,0,779,0,0,76,1,0
2,350,21.000000,0.000000,0,0,13049157,779,0,779,0,0,76,1,0
2,350,21.000000,0.000000,0,0,13049160,779,0,779,0,0,76,1,0
2,350,21.000000,0.000000,0,0,13049163,779,0,779,0,0,76,1,0
2,350,21.000000,0.000000,0,0,13049166,779,0,779,0,0,76,1,0
2,350,21.000000,0.000000,0,0,13049169,779,0,779,0,0,76,1,0
2,350,21.000000,0.000000,0,0,13049171,780,0,780,0,0,76,1,0
2,350,21.000000,0.000000,0,0,13049174,781,0,781,0,0,76,1,0
2,350,21.000000,0.000000,0,0,13049177,781,0,781,0,0,76,1,0
2,350,21.000000,0.000000,0,0,13049180,781,0,781,0,0,76,1,0
2,350,21.000000,0.000000,0,0,13049183,781,0,781,0,0,76,1,0
2,350,21.000000,0.000000,0,0,13049185,781,0,781,0,0,76,1,0
2,350,21.000000,0.000000,0,0,13049188,781,0,781,0,0,76,1,0
2,350,21.000000,0.000000,0,0,13049191,781,0,781,0,0,76,1,0
2,350,21.000000,0.000000,0,0,13049194,781,0,781,0,0,76,1,0
2,350,21.000000,0.000000,0,0,13049196,782,0,782,0,0,76,1,0
2,350,21.000000,0.000000,0,0,13049199,782,0,782,0,0,76,1,0
2,350,21.000000,0.000000,0,0,13049202,782,0,782,0,0,76,1,0
2,350,21.000000,0.000000,0,0,13049205,782,0,782,0,0,76,1,0
2,350,21.000000,0.000000,0,0,13049208,782,0,782,0,0,76,1,0
2,350,21.000000,0.000000,0,0,13049210,783,0,783,0,0,76,1,0
2,350,21.000000,0.000000,0,0,13049213,783,0,783,0,0,76,1,0
2,350,21.000000,0.000000,0,0,13049216,783,0,783,0,0,76,1,0
2,350,21.000000,0.000000,0,0,13049219,783,0,783,0,0,76,1,0
2,350,21.000000,0.000000,0,0,13049221,783,0,783,0,0,76,1,0
2,350,21.000000,0.000000,0,0,13049224,783,0,783,0,0,76,1,0
2,350,21.000000,0.000000,0,0,13049227,784,0,784,0,0,76,1,0
2,350,21.000000,0.000000,0,0,13049230,785,0,785,0,0,76,1,0
2,350,21.000000,0.000000,0,0,13049233,786,0,786,0,0,76,1,0
2,350,21.000000,0.000000,0,0,13049235,787,0,787,0,0,76,1,0
2,350,21.000000,0.000000,0,0,13049238,787,0,787,0,0,76,1,0
2,350,21.000000,0.000000,0,0,13049241,788,0,788,0,0,76,1,0
2,350,21.000000,0.000000,0,0,13049244,789,0,789,0,0,76,1,0
2,350,21.000000,0.000000,0,0,13049247,790,0,790,0,0,76,1,0
2,350,21.000000,0.000000,0,0,13049250,791,0,791,0,0,76,1,0
2,350,21.000000,0.000000,0,0,13049252,792,0,792,-1,0,76,1,0
2,350,21.000000,0.000000,0,0,13049255,793,0,793,-1,0,76,1,0
2,350,21.000000,0.000000,0,0,13049257,794,0,794,-1,0,76,1,0
2,350,21.000000,0.000000,0,0,13049260,795,0,795,-1,0,76,1,0
2,350,21.000000,0.000000,0,0,13049263,796,0,796,-1,0,76,1,0
2,350,21.000000,0.000000,0,0,13049266,798,0,798,-1,0,76,1,0
2,350,21.000000,0.000000,0,0,13049269,799,0,799,-2,0,76,1,0
2,350,21.000000,0.000000,0,0,13049271,801,0,801,-2,0,76,1,0
2,350,21.000000,0.000000,0,0,13049274,802,0,802,-2,0,76,1,0
2,350,21.000000,0.000000,0,0,13049277,804,0,804,-2,0,76,1,0
2,350,21.000000,0.000000,0,0,13049280,805,0,805,-3,0,76,1,0
2,350,21.000000,0.000000,0,0,13049283,808,0,808,-3,0,76,1,0
2,350,21.000000,0.000000,0,0,13049286,810,0,810,-3,0,76,1,0
2,350,21.000000,0.000000,0,0,13049288,813,0,813,-3,0,76,1,0
2,350,21.000000,0.000000,0,0,13049291,815,0,815,-4,0,76,1,0
2,350,21.000000,0.000000,0,0,13049294,818,0,818,-4,0,76,1,0
2,350,21.000000,0.000000,0,0,13049297,820,0,820,-4,0,76,1,0
2,350,21.000000,0.000000,0,0,13049300,823,0,823,-4,0,76,1,0
2,350,21.000000,0.000000,0,0,13049302,826,0,826,-4,0,76,1,0
2,350,21.000000,0.000000,0,0,13049305,829,0,829,-4,0,76,1,0
2,350,21.000000,0.000000,0,0,13049308,833,0,833,-4,0,76,1,0
2,350,21.000000,0.000000,0,0,13049311,837,0,837,-4,0,76,1,0
2,350,21.000000,0.000000,0,0,13049314,839,0,839,-4,0,76,1,0
2,350,21.000000,0.000000,0,0,13049316,842,0,842,-4,0,76,1,0
2,350,21.000000,0.000000,0,0,13049319,846,0,846,-4,0,76,1,0
2,350,21.000000,0.000000,0,0,13049322,850,0,850,-4,0,76,1,0
2,350,21.000000,0.000000,0,0,13049325,854,0,854,-4,0,76,1,0
2,350,21.000000,0.000000,0,0,13049327,857,0,857,-4,0,76,1,0
2,350,21.000000,0.000000,0,0,13049330,861,0,861,-4,0,76,1,0
2,350,21.000000,0.000000,0,0,13049333,865,0,865,-4,0,76,1,0
2,350,21.000000,0.000000,0,0,13049336,867,0,867,-4,0,76,1,0
2,350,21.000000,0.000000,0,0,13049338,871,0,871,-4,0,76,1,0
2,350,21.000000,0.000000,0,0,13049341,874,0,874,-4,0,76,1,0
2,350,21.000000,0.000000,0,0,13049344,877,0,877,-4,0,76,1,0
2,350,21.000000,0.000000,0,0,13049347,883,0,883,-4,0,76,1,0
2,350,21.000000,0.000000,0,0,13049349,887,0,887,-4,0,76,1,0
2,350,21.000000,0.000000,0,0,13049352,891,0,891,-4,0,76,1,0
2,350,21.000000,0.000000,0,0,13049355,895,0,895,-4,0,76,1,0
2,350,21.000000,0.000000,0,0,13049358,898,0,898,-4,0,76,1,0
2,350,21.000000,0.000000,0,0,13049361,902,0,902,-4,0,76,1,0
2,350,21.000000,0.000000,0,0,13049364,908,0,908,-4,0,76,1,0
2,350,21.000000,0.000000,0,0,13049367,913,0,913,-4,0,76,1,0
2,350,21.000000,0.000000,0,0,13049370,916,0,916,-4,0,76,1,0
2,350,21.000000,0.000000,0,0,13049372,921,0,921,-4,0,76,1,0
2,350,21.000000,0.000000,0,0,13049375,924,0,924,-4,0,76,1,0
2,350,21.000000,0.000000,0,0,13049379,928,0,928,-4,0,76,1,0
2,350,21.000000,0.000000,0,0,13049382,936,0,936,-4,0,76,1,0
2,350,21.000000,0.000000,0,0,13049386,942,0,942,-4,0,76,1,0
2,350,21.000000,0.000000,0,0,13049388,948,0,948,-4,0,76,1,0
2,350,21.000000,0.000000,0,0,13049391,951,0,951,-4,0,76,1,0
2,350,21.000000,0.000000,0,0,13049394,956,0,956,-4,0,76,1,0
2,350,21.000000,0.000000,0,0,13049397,960,0,960,-4,0,76,1,0
2,350,21.000000,0.000000,0,0,13049400,964,0,964,-4,0,76,1,0
2,350,21.000000,0.000000,0,0,13049402,968,1,968,-3,0,76,1,0
2,350,21.000000,0.000000,0,0,13049405,971,1,971,-3,0,76,1,0
2,350,21.000000,0.000000,0,0,13049408,974,1,974,-3,0,76,1,0
2,350,21.000000,0.000000,0,0,13049410,979,1,979,-3,0,76,1,0
2,350,21.000000,0.000000,0,0,13049413,982,1,982,-3,0,76,1,0
2,350,21.000000,0.000000,0,0,13049416,986,1,986,-3,0,76,1,0
2,350,21.000000,0.000000,0,0,13049419,987,1,987,-3,0,76,1,0
2,350,21.000000,0.000000,0,0,13049422,990,1,990,-3,0,76,1,0
2,350,21.000000,0.000000,0,0,13049424,994,1,994,-3,0,76,1,0
2,350,21.000000,0.000000,0,0,13049427,997,1,997,-3,0,76,1,0
2,350,21.000000,0.000000,0,0,13049430,1000,1,1000,-3,0,76,1,0
2,350,21.000000,0.000000,0,0,13049433,1001,1,1001,-3,0,76,1,0
2,350,21.000000,0.000000,0,0,13049436,1002,1,1002,-3,0,76,1,0
2,350,21.000000,0.000000,0,0,13049438,1004,1,1004,-3,0,76,1,0
2,350,21.000000,0.000000,0,0,13049441,1005,1,1005,-3,0,76,1,0
2,350,21.000000,0.000000,0,0,13049444,1007,1,1007,-3,0,76,1,0
2,350,21.000000,0.000000,0,0,13049447,1008,1,1008,-3,0,76,1,0
2,350,21.000000,0.000000,0,0,13049450,1009,1,1009,-3,0,76,1,0
2,350,21.000000,0.000000,0,0,13049452,1010,1,1010,-3,0,76,1,0
2,350,21.000000,0.000000,0,0,13049455,1011,1,1011,-3,0,76,1,0
2,350,21.000000,0.000000,0,0,13049458,1012,1,1012,-3,0,76,1,0
2,350,21.000000,0.000000,0,0,13049461,1013,1,1013,-3,0,76,1,0
2,350,21.000000,0.000000,0,0,13049463,1013,1,1013,-3,0,76,1,0
2,350,21.000000,0.000000,0,0,13049466,1013,1,1013,-3,0,76,1,0
2,350,21.000000,0.000000,0,0,13049469,1013,1,1013,-3,0,76,1,0
2,350,21.000000,0.000000,0,0,13049471,1013,1,1013,-3,0,76,1,0
2,350,21.000000,0.000000,0,0,13049474,1013,1,1013,-3,0,76,1,0
2,350,21.000000,0.000000,0,0,13049477,1013,1,1013,-3,0,76,1,0
2,350,21.000000,0.000000,0,0,13049480,1013,1,1013,-3,0,76,1,0
2,350,21.000000,0.000000,0,0,13049483,1013,1,1013,-3,0,76,1,0
2,350,21.000000,0.000000,0,0,13049486,1013,1,1013,-3,0,76,1,0
2,350,21.000000,0.000000,0,0,13049489,1013,1,1013,-3,0,76,1,0
2,350,21.000000,0.000000,0,0,13049491,1013,1,1013,-3,0,76,1,0
2,350,21.000000,0.000000,0,0,13049494,1013,1,1013,-3,0,76,1,0
2,350,21.000000,0.000000,0,0,13049496,1013,1,1013,-3,0,76,1,0
2,350,21.000000,0.000000,0,0,13049499,1013,1,1013,-3,0,76,1,0
2,350,21.000000,0.000000,0,0,13049502,1013,1,1013,-3,0,76,1,0
2,350,21.000000,0.000000,0,0,13049505,1013,1,1013,-3,0,76,1,0
2,350,21.000000,0.000000,0,0,13049508,1013,1,1013,-3,0,76,1,0
2,350,21.000000,0.000000,0,0,13049510,1013,1,1013,-3,0,76,1,0
2,350,21.000000,0.000000,0,0,13049513,1013,1,1013,-3,0,76,1,0
2,350,21.000000,0.000000,0,0,13049516,1013,1,1013,-3,0,76,1,0
2,350,21.000000,0.000000,0,0,13049519,1013,1,1013,-3,0,76,1,0
2,350,21.000000,0.000000,0,0,13049522,1013,1,1013,-3,0,76,1,0
2,350,21.000000,0.000000,0,0,13049524,1013,1,1013,-3,0,76,1,0
2,350,21.000000,0.000000,0,0,13049527,1013,1,1013,-3,0,76,1,0
2,350,21.000000,0.000000,0,0,13049530,1013,1,1013,-3,0,76,1,0
2,350,21.000000,0.000000,0,0,13049533,1014,1,1014,-3,0,76,1,0
2,350,21.000000,0.000000,0,0,13049536,1015,1,1015,-3,0,76,1,0
2,350,21.000000,0.000000,0,0,13049539,1015,1,1015,-3,0,76,1,0
2,350,21.000000,0.000000,0,0,13049541,1015,1,1015,-3,0,76,1,0
2,350,21.000000,0.000000,0,0,13049544,1015,1,1015,-3,0,76,1,0
2,350,21.000000,0.000000,0,0,13049547,1016,1,1016,-3,0,76,1,0
2,350,21.000000,0.000000,0,0,13049550,1017,1,1017,-3,0,76,1,0
2,350,21.000000,0.000000,0,0,13049552,1018,1,1018,-3,0,76,1,0
2,350,21.000000,0.000000,0,0,13049555,1019,1,1019,-3,0,76,1,0
2,350,21.000000,0.000000,0,0,13049558,1019,1,1019,-3,0,76,1,0
2,350,21.000000,0.000000,0,0,13049560,1020,1,1020,-3,0,76,1,0
2,350,21.000000,0.000000,0,0,13049563,1021,1,1021,-3,0,76,1,0
2,350,21.000000,0.000000,0,0,13049566,1022,1,1022,-3,0,76,1,0
2,350,21.000000,0.000000,0,0,13049569,1023,1,1023,-3,0,76,1,0
2,350,21.000000,0.000000,0,0,13049572,1024,1,1024,-3,0,76,1,0
2,350,21.000000,0.000000,0,0,13049574,1025,1,1025,-3,0,76,1,0
2,350,21.000000,0.000000,0,0,13049577,1026,0,1026,-4,0,76,1,0
2,350,21.000000,0.000000,0,0,13049580,1027,0,1027,-4,0,76,1,0
2,350,21.000000,0.000000,0,0,13049583,1028,0,1028,-4,0,76,1,0
2,350,21.000000,0.000000,0,0,13049586,1029,0,1029,-4,0,76,1,0
2,350,21.000000,0.000000,0,0,13049588,1030,0,1030,-4,0,76,1,0
2,350,21.000000,0.000000,0,0,13049591,1031,0,1031,-4,0,76,1,0
2,350,21.000000,0.000000,0,0,13049594,1032,0,1032,-4,0,76,1,0
2,350,21.000000,0.000000,0,0,13049597,1033,0,1033,-4,0,76,1,0
2,350,21.000000,0.000000,0,0,13049600,1034,0,1034,-4,0,76,1,0
2,350,21.000000,0.000000,0,0,13049602,1035,0,1035,-4,0,76,1,0
2,350,21.000000,0.000000,0,0,13049605,1035,0,1035,-4,0,76,1,0
2,350,21.000000,0.000000,0,0,13049608,1035,0,1035,-4,0,76,1,0
2,350,21.000000,0.000000,0,0,13049611,1036,0,1036,-4,0,76,1,0
2,350,21.000000,0.000000,0,0,13049613,1037,0,1037,-4,0,76,1,0
2,350,21.000000,0.000000,0,0,13049616,1038,0,1038,-4,0,76,1,0
2,350,21.000000,0.000000,0,0,13049619,1039,0,1039,-4,0,76,1,0
2,350,21.000000,0.000000,0,0,13049622,1040,0,1040,-4,0,76,1,0
2,350,21.000000,0.000000,0,0,13049625,1041,0,1041,-4,0,76,1,0
2,350,21.000000,0.000000,0,0,13049627,1042,0,1042,-4,0,76,1,0
2,350,21.000000,0.000000,0,0,13049630,1042,0,1042,-4,0,76,1,0
2,350,21.000000,0.000000,0,0,13049633,1043,0,1043,-4,0,76,1,0
2,350,21.000000,0.000000,0,0,13049636,1044,0,1044,-5,0,76,1,0
2,350,21.000000,0.000000,0,0,13049639,1045,0,1045,-5,0,76,1,0
2,350,21.000000,0.000000,0,0,13049641,1046,0,1046,-5,0,76,1,0
2,350,21.000000,0.000000,0,0,13049644,1047,0,1047,-5,0,76,1,0
2,350,21.000000,0.000000,0,0,13049646,1048,0,1048,-5,0,76,1,0
2,350,21.000000,0.000000,0,0,13049649,1049,0,1049,-5,0,76,1,0
2,350,21.000000,0.000000,0,0,13049652,1050,0,1050,-5,0,76,1,0
2,350,21.000000,0.000000,0,0,13049655,1053,0,1053,-5,0,76,1,0
2,350,21.000000,0.000000,0,0,13049658,1055,0,1055,-5,0,76,1,0
2,350,21.000000,0.000000,0,0,13049661,1058,0,1058,-6,0,76,1,0
2,350,21.000000,0.000000,0,0,13049664,1060,0,1060,-6,0,76,1,0
2,350,21.000000,0.000000,0,0,13049667,1062,0,1062,-6,0,76,1,0
2,350,21.000000,0.000000,0,0,13049670,1065,0,1065,-6,0,76,1,0
2,350,21.000000,0.000000,0,0,13049673,1068,0,1068,-6,0,76,1,0
2,350,21.000000,0.000000,0,0,13049675,1071,0,1071,-6,0,76,1,0
2,350,21.000000,0.000000,0,0,13049678,1073,0,1073,-6,0,76,1,0
2,350,21.000000,0.000000,0,0,13049681,1076,0,1076,-6,0,76,1,0
2,350,21.000000,0.000000,0,0,13049684,1080,0,1080,-6,0,76,1,0
2,350,21.000000,0.000000,0,0,13049687,1084,0,1084,-6,0,76,1,0
2,350,21.000000,0.000000,0,0,13049689,1087,0,1087,-6,0,76,1,0
2,350,21.000000,0.000000,0,0,13049692,1090,0,1090,-6,0,76,1,0
2,350,21.000000,0.000000,0,0,13049695,1092,0,1092,-6,0,76,1,0
2,350,21.000000,0.000000,0,0,13049698,1095,0,1095,-7,0,76,1,0
2,350,21.000000,0.000000,0,0,13049701,1098,0,1098,-7,0,76,1,0
2,350,21.000000,0.000000,0,0,13049703,1101,0,1101,-7,0,76,1,0
2,350,21.000000,0.000000,0,0,13049706,1103,0,1103,-7,0,76,1,0
2,350,21.000000,0.000000,0,0,13049709,1105,0,1105,-7,0,76,1,0
2,350,21.000000,0.000000,0,0,13049712,1107,0,1107,-7,0,76,1,0
2,350,21.000000,0.000000,0,0,13049715,1107,0,1107,-7,0,76,1,0
2,350,21.000000,0.000000,0,0,13049717,1109,0,1109,-7,0,76,1,0
2,350,21.000000,0.000000,0,0,13049720,1111,0,1111,-7,0,76,1,0
2,350,21.000000,0.000000,0,0,13049723,1112,0,1112,-7,0,76,1,0
2,350,21.000000,0.000000,0,0,13049726,1113,0,1113,-7,0,76,1,0
2,350,21.000000,0.000000,0,0,13049729,1114,0,1114,-7,0,76,1,0
2,350,21.000000,0.000000,0,0,13049732,1115,0,1115,-7,0,76,1,0
2,350,21.000000,0.000000,0,0,13049736,1116,0,1116,-7,0,76,1,0
2,350,21.000000,0.000000,0,0,13049738,1116,0,1116,-7,0,76,1,0
2,350,21.000000,0.000000,0,0,13049741,1117,0,1117,-7,0,76,1,0
2,350,21.000000,0.000000,0,0,13049744,1117,0,1117,-7,0,76,1,0
2,350,21.000000,0.000000,0,0,13049747,1117,0,1117,-7,0,76,1,0
2,350,21.000000,0.000000,0,0,13049750,1117,0,1117,-7,0,76,1,0
2,350,21.000000,0.000000,0,0,13049752,1117,0,1117,-7,0,76,1,0
2,350,21.000000,0.000000,0,0,13049755,1117,0,1117,-7,0,76,1,0
2,350,21.000000,0.000000,0,0,13049758,1117,0,1117,-7,0,76,1,0
2,350,21.000000,0.000000,0,0,13049761,1117,0,1117,-7,0,76,1,0
2,350,21.000000,0.000000,0,0,13049764,1117,0,1117,-7,0,76,1,0
2,350,21.000000,0.000000,0,0,13049766,1117,0,1117,-7,0,76,1,0
2,350,21.000000,0.000000,0,0,13049769,1117,0,1117,-7,0,76,1,0
2,350,21.000000,0.000000,0,0,13049772,1117,0,1117,-7,0,76,1,0
2,350,21.000000,0.000000,0,0,13049775,1117,0,1117,-7,0,76,1,0
2,350,21.000000,0.000000,0,0,13049778,1117,0,1117,-7,0,76,1,0
2,350,21.000000,0.000000,0,0,13049780,1117,0,1117,-7,0,76,1,0
2,350,21.000000,0.000000,0,0,13049783,1117,0,1117,-7,0,76,1,0
2,350,21.000000,0.000000,0,0,13049786,1117,0,1117,-7,0,76,1,0
2,350,21.000000,0.000000,0,0,13049789,1117,0,1117,-7,0,76,1,0
2,350,21.000000,0.000000,0,0,13049791,1117,0,1117,-7,0,76,1,0
2,350,21.000000,0.000000,0,0,13049794,1117,0,1117,-7,0,76,1,0
2,350,21.000000,0.000000,0,0,13049797,1117,0,1117,-7,0,76,1,0
2,350,21.000000,0.000000,0,0,13049799,1117,0,1117,-7,0,76,1,0
2,350,21.000000,0.000000,0,0,13049802,1117,0,1117,-7,0,76,1,0
2,350,21.000000,0.000000,0,0,13049805,1117,0,1117,-7,0,76,1,0
2,350,21.000000,0.000000,0,0,13049808,1117,0,1117,-7,0,76,1,0
2,350,21.000000,0.000000,0,0,13049811,1117,0,1117,-7,0,76,1,0
2,350,21.000000,0.000000,0,0,13049813,1117,0,1117,-7,0,76,1,0
2,350,21.000000,0.000000,0,0,13049816,1117,0,1117,-7,0,76,1,0
2,350,21.000000,0.000000,0,0,13049819,1117,0,1117,-7,0,76,1,0
2,350,21.000000,0.000000,0,0,13049822,1117,0,1117,-7,0,76,1,0
2,350,21.000000,0.000000,0,0,13049825,1117,0,1117,-7,0,76,1,0
2,350,21.000000,0.000000,0,0,13049827,1117,0,1117,-7,0,76,1,0
2,350,21.000000,0.000000,0,0,13049830,1117,0,1117,-7,0,76,1,0
2,350,21.000000,0.000000,0,0,13049833,1117,0,1117,-7,0,76,1,0
2,350,21.000000,0.000000,0,0,13049836,1117,0,1117,-7,0,76,1,0
2,350,21.000000,0.000000,0,0,13049838,1117,0,1117,-7,0,76,1,0
2,350,21.000000,0.000000,0,0,13049841,1117,0,1117,-7,0,76,1,0
2,350,21.000000,0.000000,0,0,13049844,1117,0,1117,-7,0,76,1,0
2,350,21.000000,0.000000,0,0,13049847,1117,0,1117,-7,0,76,1,0
2,350,21.000000,0.000000,0,0,13049850,1117,0,1117,-7,0,76,1,0
2,350,21.000000,0.000000,0,0,13049852,1117,0,1117,-7,0,76,1,0
2,350,21.000000,0.000000,0,0,13049855,1117,0,1117,-7,0,76,1,0
2,350,21.000000,0.000000,0,0,13049858,1117,0,1117,-7,0,76,1,0
2,350,21.000000,0.000000,0,0,13049861,1117,0,1117,-7,0,76,1,0
2,350,21.000000,0.000000,0,0,13049864,1117,0,1117,-7,0,76,1,0
2,350,21.000000,0.000000,0,0,13049866,1117,0,1117,-7,0,76,1,0
2,350,21.000000,0.000000,0,0,13049869,1117,0,1117,-7,0,76,1,0
2,350,21.000000,0.000000,0,0,13049872,1117,0,1117,-7,0,76,1,0
2,350,21.000000,0.000000,0,0,13049875,1117,0,1117,-7,0,76,1,0
2,350,21.000000,0.000000,0,0,13049878,1117,0,1117,-7,0,76,1,0
2,350,21.000000,0.000000,0,0,13049880,1117,0,1117,-7,0,76,1,0
2,350,21.000000,0.000000,0,0,13049883,1117,0,1117,-7,0,76,1,0
2,350,21.000000,0.000000,0,0,13049886,1117,0,1117,-7,0,76,1,0
2,350,21.000000,0.000000,0,0,13049889,1117,0,1117,-7,0,76,1,0
2,350,21.000000,0.000000,0,0,13049891,1117,0,1117,-7,0,76,1,0
2,350,21.000000,0.000000,0,0,13049894,1117,0,1117,-7,0,76,1,0
2,350,21.000000,0.000000,0,0,13049897,1117,0,1117,-7,0,76,1,0
2,350,21.000000,0.000000,0,0,13049900,1117,0,1117,-7,0,76,1,0
2,350,21.000000,0.000000,0,0,13049902,1117,0,1117,-7,0,76,1,0
2,350,21.000000,0.000000,0,0,13049905,1117,0,1117,-7,0,76,1,0
2,350,21.000000,0.000000,0,0,13049908,1117,0,1117,-7,0,76,1,0
2,350,21.000000,0.000000,0,0,13049911,1117,0,1117,-7,0,76,1,0
2,350,21.000000,0.000000,0,0,13049914,1117,0,1117,-7,0,76,1,0
2,350,21.000000,0.000000,0,0,13049917,1118,0,1118,-7,0,76,1,0
2,350,21.000000,0.000000,0,0,13049919,1119,0,1119,-7,0,76,1,0
2,350,21.000000,0.000000,0,0,13049922,1119,0,1119,-7,0,76,1,0
2,350,21.000000,0.000000,0,0,13049925,1120,0,1120,-7,0,76,1,0
2,350,21.000000,0.000000,0,0,13049928,1121,0,1121,-7,0,76,1,0
2,350,21.000000,0.000000,0,0,13049930,1121,0,1121,-7,0,76,1,0
2,350,21.000000,0.000000,0,0,13049933,1122,0,1122,-7,0,76,1,0
2,350,21.000000,0.000000,0,0,13049936,1123,0,1123,-7,0,76,1,0
2,350,21.000000,0.000000,0,0,13049938,1124,0,1124,-7,0,76,1,0
2,350,21.000000,0.000000,0,0,13049941,1124,0,1124,-8,0,76,1,0
2,350,21.000000,0.000000,0,0,13049944,1125,0,1125,-8,0,76,1,0
2,350,21.000000,0.000000,0,0,13049947,1126,0,1126,-8,0,76,1,0
2,350,21.000000,0.000000,0,0,13049950,1127,0,1127,-8,0,76,1,0
2,350,21.000000,0.000000,0,0,13049953,1128,0,1128,-8,0,76,1,0
2,350,21.000000,0.000000,0,0,13049955,1129,0,1129,-8,0,76,1,0
2,350,21.000000,0.000000,0,0,13049958,1130,0,1130,-8,0,76,1,0
2,350,21.000000,0.000000,0,0,13049961,1131,0,1131,-8,0,76,1,0
2,350,21.000000,0.000000,0,0,13049964,1132,0,1132,-8,0,76,1,0
2,350,21.000000,0.000000,0,0,13049966,1133,0,1133,-8,0,76,1,0
2,350,21.000000,0.000000,0,0,13049969,1134,0,1134,-8,0,76,1,0
2,350,21.000000,0.000000,0,0,13049972,1135,0,1135,-8,0,76,1,0
2,350,21.000000,0.000000,0,0,13049975,1136,0,1136,-8,0,76,1,0
2,350,21.000000,0.000000,0,0,13049978,1137,0,1137,-8,0,76,1,0
2,350,21.000000,0.000000,0,0,13049980,1138,0,1138,-8,0,76,1,0
2,350,21.000000,0.000000,0,0,13049983,1139,0,1139,-8,0,76,1,0
2,350,21.000000,0.000000,0,0,13049986,1140,0,1140,-8,0,76,1,0
2,350,21.000000,0.000000,0,0,13049989,1140,0,1140,-8,0,76,1,0
2,350,21.000000,0.000000,0,0,13049991,1140,0,1140,-8,0,76,1,0
2,350,21.000000,0.000000,0,0,13049994,1140,0,1140,-8,0,76,1,0
2,350,21.000000,0.000000,0,0,13049997,1140,0,1140,-8,0,76,1,0
2,350,21.000000,0.000000,0,0,13050000,1140,0,1140,-8,0,76,1,0
2,350,21.000000,0.000000,0,0,13050003,1140,0,1140,-8,0,76,1,0
2,350,21.000000,0.000000,0,0,13050005,1140,0,1140,-8,0,76,1,0
2,350,21.000000,0.000000,0,0,13050008,1140,0,1140,-8,0,76,1,0
2,350,21.000000,0.000000,0,0,13050011,1140,0,1140,-8,0,76,1,0
2,350,21.000000,0.000000,0,0,13050014,1140,0,1140,-8,0,76,1,0
2,350,21.000000,0.000000,0,0,13050017,1140,0,1140,-8,0,76,1,0
2,350,21.000000,0.000000,0,0,13050019,1140,0,1140,-8,0,76,1,0
2,350,21.000000,0.000000,0,0,13050022,1140,0,1140,-8,0,76,1,0
2,350,21.000000,0.000000,0,0,13050025,1140,0,1140,-8,0,76,1,0
2,350,21.000000,0.000000,0,0,13050027,1140,0,1140,-8,0,76,1,0
2,350,21.000000,0.000000,0,0,13050030,1140,0,1140,-8,0,76,1,0
2,350,21.000000,0.000000,0,0,13050033,1140,0,1140,-8,0,76,1,0
2,350,21.000000,0.000000,0,0,13050036,1140,0,1140,-8,0,76,1,0
2,350,21.000000,0.000000,0,0,13050038,1140,0,1140,-8,0,76,1,0
2,350,21.000000,0.000000,0,0,13050041,1140,0,1140,-8,0,76,1,0
2,350,21.000000,0.000000,0,0,13050044,1140,0,1140,-8,0,76,1,0
2,350,21.000000,0.000000,0,0,13050047,1141,0,1141,-8,0,76,1,0
2,350,21.000000,0.000000,0,0,13050050,1142,0,1142,-8,0,76,1,0
2,350,21.000000,0.000000,0,0,13050052,1142,0,1142,-8,0,76,1,0
2,350,21.000000,0.000000,0,0,13050055,1142,0,1142,-8,0,76,1,0
2,350,21.000000,0.000000,0,0,13050058,1142,0,1142,-9,0,76,1,0
2,350,21.000000,0.000000,0,0,13050061,1142,0,1142,-9,0,76,1,0
2,350,21.000000,0.000000,0,0,13050064,1142,0,1142,-9,0,76,1,0
2,350,21.000000,0.000000,0,0,13050066,1142,0,1142,-9,0,76,1,0
2,350,21.000000,0.000000,0,0,13050069,1142,0,1142,-9,0,76,1,0
2,350,21.000000,0.000000,0,0,13050072,1142,0,1142,-9,0,76,1,0
2,350,21.000000,0.000000,0,0,13050075,1143,0,1143,-9,0,76,1,0
2,350,21.000000,0.000000,0,0,13050078,1144,0,1144,-9,0,76,1,0
2,350,21.000000,0.000000,0,0,13050080,1144,0,1144,-9,0,76,1,0
2,350,21.000000,0.000000,0,0,13050083,1144,0,1144,-9,0,76,1,0
2,350,21.000000,0.000000,0,0,13050086,1144,0,1144,-9,0,76,1,0
2,350,21.000000,0.000000,0,0,13050089,1144,0,1144,-9,0,76,1,0
2,350,21.000000,0.000000,0,0,13050092,1144,0,1144,-9,0,76,1,0
2,350,21.000000,0.000000,0,0,13050094,1144,0,1144,-9,0,76,1,0
2,350,21.000000,0.000000,0,0,13050097,1144,0,1144,-9,0,76,1,0
2,350,21.000000,0.000000,0,0,13050100,1144,0,1144,-9,0,76,1,0
2,350,21.000000,0.000000,0,0,13050103,1144,0,1144,-9,0,76,1,0
2,350,21.000000,0.000000,0,0,13050105,1144,0,1144,-9,0,76,1,0
2,350,21.000000,0.000000,0,0,13050108,1144,0,1144,-9,0,76,1,0
2,350,21.000000,0.000000,0,0,13050111,1144,0,1144,-9,0,76,1,0
2,350,21.000000,0.000000,0,0,13050114,1144,0,1144,-9,0,76,1,0
2,350,21.000000,0.000000,0,0,13050117,1144,0,1144,-9,0,76,1,0
2,350,21.000000,0.000000,0,0,13050119,1144,0,1144,-9,0,76,1,0
2,350,21.000000,0.000000,0,0,13050122,1144,0,1144,-9,0,76,1,0
2,350,21.000000,0.000000,0,0,13050125,1144,0,1144,-9,0,76,1,0
2,350,21.000000,0.000000,0,0,13050128,1144,0,1144,-9,0,76,1,0
2,350,21.000000,0.000000,0,0,13050131,1144,0,1144,-9,0,76,1,0
2,350,21.000000,0.000000,0,0,13050133,1144,0,1144,-9,0,76,1,0
2,350,21.000000,0.000000,0,0,13050136,1144,0,1144,-9,0,76,1,0
2,350,21.000000,0.000000,0,0,13050139,1144,0,1144,-9,0,76,1,0
2,350,21.000000,0.000000,0,0,13050141,1144,0,1144,-9,0,76,1,0
2,350,21.000000,0.000000,0,0,13050144,1144,0,1144,-9,0,76,1,0
2,350,21.000000,0.000000,0,0,13050147,1144,0,1144,-9,0,76,1,0
2,350,21.000000,0.000000,0,0,13050150,1144,0,1144,-9,0,76,1,0
2,350,21.000000,0.000000,0,0,13050153,1144,0,1144,-9,0,76,1,0
2,350,21.000000,0.000000,0,0,13050155,1144,0,1144,-9,0,76,1,0
2,350,21.000000,0.000000,0,0,13050158,1144,0,1144,-9,0,76,1,0
2,350,21.000000,0.000000,0,0,13050161,1144,0,1144,-9,0,76,1,0
2,350,21.000000,0.000000,0,0,13050164,1144,0,1144,-9,0,76,1,0
2,350,21.000000,0.000000,0,0,13050166,1144,0,1144,-9,0,76,1,0
2,350,21.000000,0.000000,0,0,13050169,1144,0,1144,-9,0,76,1,0
2,350,21.000000,0.000000,0,0,13050172,1144,0,1144,-9,0,76,1,0
2,350,21.000000,0.000000,0,0,13050175,1144,0,1144,-9,0,76,1,0
2,350,21.000000,0.000000,0,0,13050178,1144,0,1144,-9,0,76,1,0
2,350,21.000000,0.000000,0,0,13050181,1144,0,1144,-9,0,76,1,0
2,350,21.000000,0.000000,0,0,13050183,1144,0,1144,-9,0,76,1,0
2,350,21.000000,0.000000,0,0,13050186,1144,0,1144,-9,0,76,1,0
2,350,21.000000,0.000000,0,0,13050189,1144,0,1144,-9,0,76,1,0
2,350,21.000000,0.000000,0,0,13050191,1144,0,1144,-9,0,76,1,0
2,350,21.000000,0.000000,0,0,13050194,1144,0,1144,-9,0,76,1,0
2,350,21.000000,0.000000,0,0,13050197,1144,0,1144,-9,0,76,1,0
2,350,21.000000,0.000000,0,0,13050200,1144,0,1144,-9,0,76,1,0
2,350,21.000000,0.000000,0,0,13050203,1144,0,1144,-9,0,76,1,0
2,350,21.000000,0.000000,0,0,13050205,1144,0,1144,-9,0,76,1,0
2,350,21.000000,0.000000,0,0,13050208,1144,0,1144,-9,0,76,1,0
2,350,21.000000,0.000000,0,0,13050211,1144,0,1144,-9,0,76,1,0
2,350,21.000000,0.000000,0,0,13050214,1144,0,1144,-9,0,76,1,0
2,350,21.000000,0.000000,0,0,13050217,1144,0,1144,-9,0,76,1,0
2,350,21.000000,0.000000,0,0,13050219,1144,0,1144,-9,0,76,1,0
2,350,21.000000,0.000000,0,0,13050222,1144,0,1144,-9,0,76,1,0
2,350,21.000000,0.000000,0,0,13050225,1144,0,1144,-9,0,76,1,0
2,350,21.000000,0.000000,0,0,13050228,1144,0,1144,-9,0,76,1,0
2,350,21.000000,0.000000,0,0,13050231,1144,0,1144,-9,0,76,1,0
2,350,21.000000,0.000000,0,0,13050233,1144,0,1144,-9,0,76,1,0
2,350,21.000000,0.000000,0,0,13050236,1144,0,1144,-9,0,76,1,0
2,350,21.000000,0.000000,0,0,13050239,1144,0,1144,-9,0,76,1,0
2,350,21.000000,0.000000,0,0,13050242,1144,0,1144,-9,0,76,1,0
2,350,21.000000,0.000000,0,0,13050245,1144,0,1144,-9,0,76,1,0
2,350,21.000000,0.000000,0,0,13050247,1144,0,1144,-9,0,76,1,0
2,350,21.000000,0.000000,0,0,13050250,1144,0,1144,-9,0,76,1,0
2,350,21.000000,0.000000,0,0,13050253,1144,0,1144,-9,0,76,1,0
2,350,21.000000,0.000000,0,0,13050255,1144,0,1144,-9,0,76,1,0
2,350,21.000000,0.000000,0,0,13050258,1144,0,1144,-9,0,76,1,0
2,350,21.000000,0.000000,0,0,13050261,1144,0,1144,-9,0,76,1,0
2,350,21.000000,0.000000,0,0,13050264,1144,0,1144,-9,0,76,1,0
2,350,21.000000,0.000000,0,0,13050266,1144,0,1144,-9,0,76,1,0
2,350,21.000000,0.000000,0,0,13050269,1144,0,1144,-9,0,76,1,0
2,350,21.000000,0.000000,0,0,13050272,1144,0,1144,-9,0,76,1,0
2,350,21.000000,0.000000,0,0,13050275,1144,0,1144,-9,0,76,1,0
2,350,21.000000,0.000000,0,0,13050278,1144,0,1144,-9,0,76,1,0
2,350,21.000000,0.000000,0,0,13050280,1144,0,1144,-9,0,76,1,0
2,350,21.000000,0.000000,0,0,13050283,1144,0,1144,-9,0,76,1,0
2,350,21.000000,0.000000,0,0,13050286,1144,0,1144,-9,0,76,1,0
2,350,21.000000,0.000000,0,0,13050289,1144,0,1144,-9,0,76,1,0
2,350,21.000000,0.000000,0,0,13050292,1144,0,1144,-9,0,76,1,0
2,350,21.000000,0.000000,0,0,13050294,1144,0,1144,-9,0,76,1,0
2,350,21.000000,0.000000,0,0,13050297,1144,0,1144,-9,0,76,1,0
2,350,21.000000,0.000000,0,0,13050310,1144,0,1144,-9,0,76,1,0
