2,700,21.000000,42.000000,0,0,13143748,607,0,607,0,0,82,5,0
2,700,21.000000,42.000000,0,0,13143749,607,0,607,0,0,82,5,0
2,700,21.000000,42.000000,0,0,13143752,607,0,607,0,0,82,5,0
2,700,21.000000,42.000000,0,0,13143755,607,0,607,0,0,82,5,0
2,700,21.000000,42.000000,0,0,13143758,607,0,607,0,0,82,5,0
2,700,21.000000,42.000000,0,0,13143760,607,0,607,0,0,82,5,0
2,700,21.000000,42.000000,0,0,13143763,607,0,607,0,0,82,5,0
2,700,21.000000,42.000000,0,0,13143766,607,0,607,0,0,82,5,0
2,700,21.000000,42.000000,0,0,13143769,607,0,607,0,0,82,5,0
2,700,21.000000,42.000000,0,0,13143772,607,0,607,0,0,82,5,0
2,700,21.000000,42.000000,0,0,13143774,607,0,607,0,0,82,5,0
2,700,21.000000,42.000000,0,0,13143777,607,0,607,0,0,82,5,0
2,700,21.000000,42.000000,0,0,13143780,607,0,607,0,0,82,5,0
2,700,21.000000,42.000000,0,0,13143783,607,0,607,0,0,82,5,0
2,700,21.000000,42.000000,0,0,13143786,607,0,607,0,0,82,5,0
2,700,21.000000,42.000000,0,0,13143788,607,0,607,0,0,82,5,0
2,700,21.000000,42.000000,0,0,13143791,607,0,607,0,0,82,5,0
2,700,21.000000,42.000000,0,0,13143794,607,0,607,0,0,82,5,0
2,700,21.000000,42.000000,0,0,13143797,607,0,607,0,0,82,5,0
2,700,21.000000,42.000000,0,0,13143800,607,0,607,0,0,82,5,0
2,700,21.000000,42.000000,0,0,13143802,607,0,607,0,0,82,5,0
2,700,21.000000,42.000000,0,0,13143805,607,0,607,0,0,82,5,0
2,700,21.000000,42.000000,0,0,13143808,607,0,607,-1,0,82,5,0
2,700,21.000000,42.000000,0,0,13143810,607,0,607,-2,0,82,5,0
2,700,21.000000,42.000000,0,0,13143813,607,0,607,-2,0,82,5,0
2,700,21.000000,42.000000,0,0,13143816,607,0,607,-2,0,82,5,0
2,700,21.000000,42.000000,0,0,13143819,607,0,607,-2,0,82,5,0
2,700,21.000000,42.000000,0,0,13143821,608,0,608,-2,0,82,5,0
2,700,21.000000,42.000000,0,0,13143824,609,0,609,-2,0,82,5,0
2,700,21.000000,42.000000,0,0,13143827,609,0,609,-2,0,82,5,0
2,700,21.000000,42.000000,0,0,13143830,609,0,609,-2,0,82,5,0
2,700,21.000000,42.000000,0,0,13143834,609,0,609,-2,0,82,5,0
2,700,21.000000,42.000000,0,0,13143837,610,0,610,-2,0,82,5,0
2,700,21.000000,42.000000,0,0,13143840,610,0,610,-2,0,82,5,0
2,700,21.000000,42.000000,0,0,13143842,610,0,610,-3,0,82,5,0
2,700,21.000000,42.000000,0,0,13143845,610,0,610,-3,0,82,5,0
2,700,21.000000,42.000000,0,0,13143848,611,0,611,-3,0,82,5,0
2,700,21.000000,42.000000,0,0,13143851,611,0,611,-3,0,82,5,0
2,700,21.000000,42.000000,0,0,13143854,611,0,611,-3,0,82,5,0
2,700,21.000000,42.000000,0,0,13143857,612,0,612,-3,0,82,5,0
2,700,21.000000,42.000000,0,0,13143859,613,0,613,-4,0,82,5,0
2,700,21.000000,42.000000,0,0,13143862,613,0,613,-4,0,82,5,0
2,700,21.000000,42.000000,0,0,13143865,614,0,614,-4,0,82,5,0
2,700,21.000000,42.000000,0,0,13143868,614,0,614,-4,0,82,5,0
2,700,21.000000,42.000000,0,0,13143871,615,0,615,-4,0,82,5,0
2,700,21.000000,42.000000,0,0,13143874,615,0,615,-4,0,82,5,0
2,700,21.000000,42.000000,0,0,13143877,615,0,615,-4,0,82,5,0
2,700,21.000000,42.000000,0,0,13143879,616,0,616,-4,0,82,5,0
2,700,21.000000,42.000000,0,0,13143883,617,0,617,-4,0,82,5,0
2,700,21.000000,42.000000,0,0,13143886,619,0,619,-5,0,82,5,0
2,700,21.000000,42.000000,0,0,13143888,620,0,620,-5,0,82,5,0
2,700,21.000000,42.000000,0,0,13143891,621,0,621,-5,0,82,5,0
2,700,21.000000,42.000000,0,0,13143894,623,0,623,-5,0,82,5,0
2,700,21.000000,42.000000,0,0,13143896,624,0,624,-5,0,82,5,0
2,700,21.000000,42.000000,0,0,13143899,626,0,626,-5,0,82,5,0
2,700,21.000000,42.000000,0,0,13143902,628,0,628,-5,0,82,5,0
2,700,21.000000,42.000000,0,0,13143905,631,0,631,-6,0,82,5,0
2,700,21.000000,42.000000,0,0,13143908,634,0,634,-6,0,82,5,0
2,700,21.000000,42.000000,0,0,13143911,636,0,636,-6,0,82,5,0
2,700,21.000000,42.000000,0,0,13143914,639,0,639,-6,0,82,5,0
2,700,21.000000,42.000000,0,0,13143917,643,0,643,-6,0,82,5,0
2,700,21.000000,42.000000,0,0,13143920,646,0,646,-7,0,82,5,0
2,700,21.000000,42.000000,0,0,13143922,649,0,649,-8,0,82,5,0
2,700,21.000000,42.000000,0,0,13143925,654,0,654,-8,0,82,5,0
2,700,21.000000,42.000000,0,0,13143928,657,0,657,-8,0,82,5,0
2,700,21.000000,42.000000,0,0,13143931,661,0,661,-8,0,82,5,0
2,700,21.000000,42.000000,0,0,13143933,667,0,667,-9,0,82,5,0
2,700,21.000000,42.000000,0,0,13143936,670,0,670,-9,0,82,5,0
2,700,21.000000,42.000000,0,0,13143939,676,0,676,-9,0,82,5,0
2,700,21.000000,42.000000,0,0,13143942,681,0,681,-10,0,82,5,0
2,700,21.000000,42.000000,0,0,13143945,685,0,685,-10,0,82,5,0
2,700,21.000000,42.000000,0,0,13143948,690,0,690,-10,0,82,5,0
2,700,21.000000,42.000000,0,0,13143951,699,0,699,-11,0,82,5,0
2,700,21.000000,42.000000,0,0,13143954,705,0,705,-12,0,82,5,0
2,700,21.000000,42.000000,0,0,13143956,712,0,712,-12,0,82,5,0
2,700,21.000000,42.000000,0,0,13143959,723,0,723,-13,0,82,5,0
2,700,21.000000,42.000000,0,0,13143962,730,0,730,-13,0,82,5,0
2,700,21.000000,42.000000,0,0,13143964,741,0,741,-13,0,82,5,0
2,700,21.000000,42.000000,0,0,13143967,749,0,749,-13,0,82,5,0
2,700,21.000000,42.000000,0,0,13143970,758,0,758,-14,0,82,5,0
2,700,21.000000,42.000000,0,0,13143973,774,0,774,-14,0,82,5,0
2,700,21.000000,42.000000,0,0,13143976,784,0,784,-14,0,82,5,0
2,700,21.000000,42.000000,0,0,13143978,791,0,791,-14,0,82,5,0
2,700,21.000000,42.000000,0,0,13143981,799,0,799,-14,0,82,5,0
2,700,21.000000,42.000000,0,0,13143984,826,0,826,-15,0,82,5,0
2,700,21.000000,42.000000,0,0,13143987,840,0,840,-15,0,82,5,0
2,700,21.000000,42.000000,0,0,13143990,853,0,853,-16,0,82,5,0
2,700,21.000000,42.000000,0,0,13143993,861,0,861,-17,0,82,5,0
2,700,21.000000,42.000000,0,0,13143995,869,0,869,-17,0,82,5,0
2,700,21.000000,42.000000,0,0,13143998,881,0,881,-17,0,82,5,0
2,700,21.000000,42.000000,0,0,13144001,889,0,889,-17,0,82,5,0
2,700,21.000000,42.000000,0,0,13144004,901,0,901,-18,0,82,5,0
2,700,21.000000,42.000000,0,0,13144007,910,0,910,-18,0,82,5,0
2,700,21.000000,42.000000,0,0,13144009,925,0,925,-19,0,82,5,0
2,700,21.000000,42.000000,0,0,13144012,939,0,939,-20,0,82,5,0
2,700,21.000000,42.000000,0,0,13144015,947,0,947,-20,0,82,5,0
2,700,21.000000,42.000000,0,0,13144018,962,0,962,-21,0,82,5,0
2,700,21.000000,42.000000,0,0,13144021,969,0,969,-21,0,82,5,0
2,700,21.000000,42.000000,0,0,13144023,978,0,978,-21,0,82,5,0
2,700,21.000000,42.000000,0,0,13144026,996,0,996,-22,0,82,5,0
2,700,21.000000,42.000000,0,0,13144029,1007,0,1007,-23,0,82,5,0
2,700,21.000000,42.000000,0,0,13144032,1018,0,1018,-24,0,82,5,0
2,700,21.000000,42.000000,0,0,13144035,1029,0,1029,-25,0,82,5,0
2,700,21.000000,42.000000,0,0,13144038,1043,0,1043,-26,0,82,5,0
2,700,21.000000,42.000000,0,0,13144041,1056,0,1056,-27,0,82,5,0
2,700,21.000000,42.000000,0,0,13144044,1066,0,1066,-28,0,82,5,0
2,700,21.000000,42.000000,0,0,13144047,1085,0,1085,-29,0,82,5,0
2,700,21.000000,42.000000,0,0,13144050,1094,0,1094,-30,0,82,5,0
2,700,21.000000,42.000000,0,0,13144053,1100,0,1100,-30,0,82,5,0
2,700,21.000000,42.000000,0,0,13144056,1111,0,1111,-31,0,82,5,0
2,700,21.000000,42.000000,0,0,13144058,1116,0,1116,-32,0,82,5,0
2,700,21.000000,42.000000,0,0,13144061,1129,0,1129,-32,0,82,5,0
2,700,21.000000,42.000000,0,0,13144064,1137,0,1137,-32,0,82,5,0
2,700,21.000000,42.000000,0,0,13144067,1143,0,1143,-32,0,82,5,0
2,700,21.000000,42.000000,0,0,13144070,1149,0,1149,-32,0,82,5,0
2,700,21.000000,42.000000,0,0,13144072,1158,0,1158,-33,0,82,5,0
2,700,21.000000,42.000000,0,0,13144075,1165,0,1165,-33,0,82,5,0
2,700,21.000000,42.000000,0,0,13144078,1172,0,1172,-34,0,82,5,0
2,700,21.000000,42.000000,0,0,13144081,1177,0,1177,-34,0,82,5,0
2,700,21.000000,42.000000,0,0,13144084,1183,0,1183,-34,0,82,5,0
2,700,21.000000,42.000000,0,0,13144087,1188,0,1188,-35,0,82,5,0
2,700,21.000000,42.000000,0,0,13144090,1196,0,1196,-35,0,82,5,0
2,700,21.000000,42.000000,0,0,13144092,1201,0,1201,-35,0,82,5,0
2,700,21.000000,42.000000,0,0,13144095,1206,0,1206,-35,0,82,5,0
2,700,21.000000,42.000000,0,0,13144098,1210,0,1210,-35,0,82,5,0
2,700,21.000000,42.000000,0,0,13144101,1215,0,1215,-35,0,82,5,0
2,700,21.000000,42.000000,0,0,13144104,1218,0,1218,-35,0,82,5,0
2,700,21.000000,42.000000,0,0,13144106,1221,0,1221,-35,0,82,5,0
2,700,21.000000,42.000000,0,0,13144109,1223,0,1223,-35,0,82,5,0
2,700,21.000000,42.000000,0,0,13144111,1225,0,1225,-35,0,82,5,0
2,700,21.000000,42.000000,0,0,13144114,1227,0,1227,-35,0,82,5,0
2,700,21.000000,42.000000,0,0,13144117,1229,0,1229,-35,0,82,5,0
2,700,21.000000,42.000000,0,0,13144120,1231,0,1231,-35,0,82,5,0
2,700,21.000000,42.000000,0,0,13144123,1232,0,1232,-35,0,82,5,0
2,700,21.000000,42.000000,0,0,13144126,1234,0,1234,-35,0,82,5,0
2,700,21.000000,42.000000,0,0,13144128,1235,0,1235,-35,0,82,5,0
2,700,21.000000,42.000000,0,0,13144131,1236,0,1236,-35,0,82,5,0
2,700,21.000000,42.000000,0,0,13144134,1236,0,1236,-35,0,82,5,0
2,700,21.000000,42.000000,0,0,13144137,1237,0,1237,-35,0,82,5,0
2,700,21.000000,42.000000,0,0,13144139,1238,0,1238,-35,0,82,5,0
2,700,21.000000,42.000000,0,0,13144142,1238,0,1238,-35,0,82,5,0
2,700,21.000000,42.000000,0,0,13144145,1238,0,1238,-35,0,82,5,0
2,700,21.000000,42.000000,0,0,13144148,1238,0,1238,-35,0,82,5,0
2,700,21.000000,42.000000,0,0,13144151,1238,0,1238,-35,0,82,5,0
2,700,21.000000,42.000000,0,0,13144153,1238,0,1238,-35,0,82,5,0
2,700,21.000000,42.000000,0,0,13144156,1238,0,1238,-35,0,82,5,0
2,700,21.000000,42.000000,0,0,13144159,1238,0,1238,-35,0,82,5,0
2,700,21.000000,42.000000,0,0,13144162,1238,0,1238,-35,0,82,5,0
2,700,21.000000,42.000000,0,0,13144164,1238,0,1238,-35,0,82,5,0
2,700,21.000000,42.000000,0,0,13144167,1238,0,1238,-35,0,82,5,0
2,700,21.000000,42.000000,0,0,13144170,1238,0,1238,-35,0,82,5,0
2,700,21.000000,42.000000,0,0,13144173,1238,0,1238,-35,0,82,5,0
2,700,21.000000,42.000000,0,0,13144175,1238,0,1238,-35,0,82,5,0
2,700,21.000000,42.000000,0,0,13144178,1238,0,1238,-35,0,82,5,0
2,700,21.000000,42.000000,0,0,13144181,1238,0,1238,-35,0,82,5,0
2,700,21.000000,42.000000,0,0,13144183,1238,0,1238,-35,0,82,5,0
2,700,21.000000,42.000000,0,0,13144186,1238,0,1238,-35,0,82,5,0
2,700,21.000000,42.000000,0,0,13144188,1238,0,1238,-35,0,82,5,0
2,700,21.000000,42.000000,0,0,13144191,1238,0,1238,-35,0,82,5,0
2,700,21.000000,42.000000,0,0,13144194,1239,0,1239,-36,0,82,5,0
2,700,21.000000,42.000000,0,0,13144197,1240,0,1240,-37,0,82,5,0
2,700,21.000000,42.000000,0,0,13144200,1240,0,1240,-37,0,82,5,0
2,700,21.000000,42.000000,0,0,13144202,1241,0,1241,-38,0,82,5,0
2,700,21.000000,42.000000,0,0,13144205,1243,0,1243,-39,0,82,5,0
2,700,21.000000,42.000000,0,0,13144208,1244,0,1244,-39,0,82,5,0
2,700,21.000000,42.000000,0,0,13144211,1245,0,1245,-39,0,82,5,0
2,700,21.000000,42.000000,0,0,13144214,1246,0,1246,-39,0,82,5,0
2,700,21.000000,42.000000,0,0,13144217,1247,0,1247,-39,0,82,5,0
2,700,21.000000,42.000000,0,0,13144219,1248,0,1248,-39,0,82,5,0
2,700,21.000000,42.000000,0,0,13144222,1249,0,1249,-39,0,82,5,0
2,700,21.000000,42.000000,0,0,13144225,1251,0,1251,-39,0,82,5,0
2,700,21.000000,42.000000,0,0,13144228,1252,0,1252,-39,0,82,5,0
2,700,21.000000,42.000000,0,0,13144230,1254,0,1254,-39,0,82,5,0
2,700,21.000000,42.000000,0,0,13144233,1255,0,1255,-39,0,82,5,0
2,700,21.000000,42.000000,0,0,13144236,1256,0,1256,-39,0,82,5,0
2,700,21.000000,42.000000,0,0,13144239,1257,0,1257,-39,0,82,5,0
2,700,21.000000,42.000000,0,0,13144242,1258,0,1258,-39,0,82,5,0
2,700,21.000000,42.000000,0,0,13144244,1259,0,1259,-39,0,82,5,0
2,700,21.000000,42.000000,0,0,13144247,1260,0,1260,-39,0,82,5,0
2,700,21.000000,42.000000,0,0,13144250,1261,0,1261,-39,0,82,5,0
2,700,21.000000,42.000000,0,0,13144253,1262,0,1262,-39,0,82,5,0
2,700,21.000000,42.000000,0,0,13144255,1263,0,1263,-39,0,82,5,0
2,700,21.000000,42.000000,0,0,13144258,1264,0,1264,-39,0,82,5,0
2,700,21.000000,42.000000,0,0,13144261,1264,0,1264,-39,0,82,5,0
2,700,21.000000,42.000000,0,0,13144264,1265,0,1265,-39,0,82,5,0
2,700,21.000000,42.000000,0,0,13144267,1266,0,1266,-39,0,82,5,0
2,700,21.000000,42.000000,0,0,13144269,1266,0,1266,-40,0,82,5,0
2,700,21.000000,42.000000,0,0,13144272,1266,0,1266,-40,0,82,5,0
2,700,21.000000,42.000000,0,0,13144274,1266,0,1266,-40,0,82,5,0
2,700,21.000000,42.000000,0,0,13144277,1267,0,1267,-40,0,82,5,0
2,700,21.000000,42.000000,0,0,13144280,1267,0,1267,-40,0,82,5,0
2,700,21.000000,42.000000,0,0,13144283,1267,0,1267,-40,0,82,5,0
2,700,21.000000,42.000000,0,0,13144286,1267,0,1267,-40,0,82,5,0
2,700,21.000000,42.000000,0,0,13144289,1267,0,1267,-40,0,82,5,0
2,700,21.000000,42.000000,0,0,13144291,1267,0,1267,-40,0,82,5,0
2,700,21.000000,42.000000,0,0,13144294,1267,0,1267,-40,0,82,5,0
2,700,21.000000,42.000000,0,0,13144297,1267,0,1267,-40,0,82,5,0
2,700,21.000000,42.000000,0,0,13144300,1267,0,1267,-40,0,82,5,0
2,700,21.000000,42.000000,0,0,13144303,1267,0,1267,-40,0,82,5,0
2,700,21.000000,42.000000,0,0,13144305,1267,0,1267,-40,0,82,5,0
2,700,21.000000,42.000000,0,0,13144308,1267,0,1267,-40,0,82,5,0
2,700,21.000000,42.000000,0,0,13144311,1267,0,1267,-40,0,82,5,0
2,700,21.000000,42.000000,0,0,13144314,1267,0,1267,-40,0,82,5,0
2,700,21.000000,42.000000,0,0,13144316,1267,0,1267,-40,0,82,5,0
2,700,21.000000,42.000000,0,0,13144319,1267,0,1267,-40,0,82,5,0
2,700,21.000000,42.000000,0,0,13144322,1267,0,1267,-40,0,82,5,0
2,700,21.000000,42.000000,0,0,13144325,1267,0,1267,-40,0,82,5,0
2,700,21.000000,42.000000,0,0,13144328,1267,0,1267,-40,0,82,5,0
2,700,21.000000,42.000000,0,0,13144330,1267,0,1267,-40,0,82,5,0
2,700,21.000000,42.000000,0,0,13144333,1267,0,1267,-40,0,82,5,0
2,700,21.000000,42.000000,0,0,13144336,1267,0,1267,-40,0,82,5,0
2,700,21.000000,42.000000,0,0,13144339,1267,0,1267,-40,0,82,5,0
2,700,21.000000,42.000000,0,0,13144342,1267,0,1267,-40,0,82,5,0
2,700,21.000000,42.000000,0,0,13144344,1267,0,1267,-40,0,82,5,0
2,700,21.000000,42.000000,0,0,13144347,1267,0,1267,-40,0,82,5,0
2,700,21.000000,42.000000,0,0,13144349,1267,0,1267,-40,0,82,5,0
2,700,21.000000,42.000000,0,0,13144352,1267,0,1267,-40,0,82,5,0
2,700,21.000000,42.000000,0,0,13144355,1267,0,1267,-40,0,82,5,0
2,700,21.000000,42.000000,0,0,13144358,1267,0,1267,-40,0,82,5,0
2,700,21.000000,42.000000,0,0,13144361,1267,0,1267,-40,0,82,5,0
2,700,21.000000,42.000000,0,0,13144364,1267,0,1267,-40,0,82,5,0
2,700,21.000000,42.000000,0,0,13144366,1267,0,1267,-40,0,82,5,0
2,700,21.000000,42.000000,0,0,13144369,1267,0,1267,-40,0,82,5,0
2,700,21.000000,42.000000,0,0,13144372,1267,0,1267,-40,0,82,5,0
2,700,21.000000,42.000000,0,0,13144375,1267,0,1267,-40,0,82,5,0
2,700,21.000000,42.000000,0,0,13144377,1267,0,1267,-40,0,82,5,0
2,700,21.000000,42.000000,0,0,13144380,1267,0,1267,-40,0,82,5,0
2,700,21.000000,42.000000,0,0,13144383,1267,0,1267,-40,0,82,5,0
2,700,21.000000,42.000000,0,0,13144386,1267,0,1267,-40,0,82,5,0
2,700,21.000000,42.000000,0,0,13144389,1267,0,1267,-40,0,82,5,0
2,700,21.000000,42.000000,0,0,13144391,1267,0,1267,-40,0,82,5,0
2,700,21.000000,42.000000,0,0,13144394,1267,0,1267,-40,0,82,5,0
2,700,21.000000,42.000000,0,0,13144397,1267,0,1267,-40,0,82,5,0
2,700,21.000000,42.000000,0,0,13144400,1267,0,1267,-40,0,82,5,0
2,700,21.000000,42.000000,0,0,13144402,1267,0,1267,-40,0,82,5,0
2,700,21.000000,42.000000,0,0,13144405,1267,0,1267,-40,0,82,5,0
2,700,21.000000,42.000000,0,0,13144408,1267,0,1267,-40,0,82,5,0
2,700,21.000000,42.000000,0,0,13144411,1267,0,1267,-40,0,82,5,0
2,700,21.000000,42.000000,0,0,13144414,1267,0,1267,-40,0,82,5,0
2,700,21.000000,42.000000,0,0,13144417,1267,0,1267,-40,0,82,5,0
2,700,21.000000,42.000000,0,0,13144419,1267,0,1267,-40,0,82,5,0
2,700,21.000000,42.000000,0,0,13144422,1267,0,1267,-40,0,82,5,0
2,700,21.000000,42.000000,0,0,13144425,1267,0,1267,-40,0,82,5,0
2,700,21.000000,42.000000,0,0,13144428,1267,0,1267,-41,0,82,5,0
2,700,21.000000,42.000000,0,0,13144430,1267,0,1267,-42,0,82,5,0
2,700,21.000000,42.000000,0,0,13144433,1267,0,1267,-42,0,82,5,0
2,700,21.000000,42.000000,0,0,13144436,1267,0,1267,-42,0,82,5,0
2,700,21.000000,42.000000,0,0,13144439,1267,0,1267,-42,0,82,5,0
2,700,21.000000,42.000000,0,0,13144442,1267,0,1267,-42,0,82,5,0
2,700,21.000000,42.000000,0,0,13144444,1267,0,1267,-42,0,82,5,0
2,700,21.000000,42.000000,0,0,13144447,1267,0,1267,-42,0,82,5,0
2,700,21.000000,42.000000,0,0,13144450,1267,0,1267,-42,0,82,5,0
2,700,21.000000,42.000000,0,0,13144453,1267,0,1267,-42,0,82,5,0
2,700,21.000000,42.000000,0,0,13144455,1267,0,1267,-42,0,82,5,0
2,700,21.000000,42.000000,0,0,13144458,1267,0,1267,-42,0,82,5,0
2,700,21.000000,42.000000,0,0,13144461,1267,0,1267,-42,0,82,5,0
2,700,21.000000,42.000000,0,0,13144464,1267,0,1267,-42,0,82,5,0
2,700,21.000000,42.000000,0,0,13144467,1267,0,1267,-42,0,82,5,0
2,700,21.000000,42.000000,0,0,13144469,1267,0,1267,-42,0,82,5,0
2,700,21.000000,42.000000,0,0,13144472,1267,0,1267,-42,0,82,5,0
2,700,21.000000,42.000000,0,0,13144475,1267,0,1267,-42,0,82,5,0
2,700,21.000000,42.000000,0,0,13144477,1267,0,1267,-42,0,82,5,0
2,700,21.000000,42.000000,0,0,13144480,1267,0,1267,-42,0,82,5,0
2,700,21.000000,42.000000,0,0,13144483,1267,0,1267,-42,0,82,5,0
2,700,21.000000,42.000000,0,0,13144486,1267,0,1267,-42,0,82,5,0
2,700,21.000000,42.000000,0,0,13144489,1267,0,1267,-42,0,82,5,0
2,700,21.000000,42.000000,0,0,13144492,1267,0,1267,-42,0,82,5,0
2,700,21.000000,42.000000,0,0,13144494,1267,0,1267,-42,0,82,5,0
2,700,21.000000,42.000000,0,0,13144497,1267,0,1267,-42,0,82,5,0
2,700,21.000000,42.000000,0,0,13144500,1267,0,1267,-42,0,82,5,0
2,700,21.000000,42.000000,0,0,13144503,1268,0,1268,-42,0,82,5,0
2,700,21.000000,42.000000,0,0,13144506,1269,0,1269,-42,0,82,5,0
2,700,21.000000,42.000000,0,0,13144508,1270,0,1270,-42,0,82,5,0
2,700,21.000000,42.000000,0,0,13144511,1271,0,1271,-43,0,82,5,0
2,700,21.000000,42.000000,0,0,13144514,1273,0,1273,-43,0,82,5,0
2,700,21.000000,42.000000,0,0,13144517,1274,0,1274,-43,0,82,5,0
2,700,21.000000,42.000000,0,0,13144520,1275,0,1275,-43,0,82,5,0
2,700,21.000000,42.000000,0,0,13144522,1276,0,1276,-44,0,82,5,0
2,700,21.000000,42.000000,0,0,13144525,1277,0,1277,-44,0,82,5,0
2,700,21.000000,42.000000,0,0,13144528,1279,0,1279,-44,0,82,5,0
2,700,21.000000,42.000000,0,0,13144531,1280,0,1280,-44,0,82,5,0
2,700,21.000000,42.000000,0,0,13144533,1282,0,1282,-45,0,82,5,0
2,700,21.000000,42.000000,0,0,13144536,1283,0,1283,-45,0,82,5,0
2,700,21.000000,42.000000,0,0,13144539,1284,0,1284,-46,0,82,5,0
2,700,21.000000,42.000000,0,0,13144541,1285,0,1285,-46,0,82,5,0
2,700,21.000000,42.000000,0,0,13144544,1286,0,1286,-46,0,82,5,0
2,700,21.000000,42.000000,0,0,13144547,1287,0,1287,-46,0,82,5,0
2,700,21.000000,42.000000,0,0,13144550,1288,0,1288,-47,0,82,5,0
2,700,21.000000,42.000000,0,0,13144553,1290,0,1290,-47,0,82,5,0
2,700,21.000000,42.000000,0,0,13144555,1292,0,1292,-47,0,82,5,0
2,700,21.000000,42.000000,0,0,13144558,1293,0,1293,-47,0,82,5,0
2,700,21.000000,42.000000,0,0,13144561,1294,0,1294,-47,0,82,5,0
2,700,21.000000,42.000000,0,0,13144564,1295,0,1295,-47,0,82,5,0
2,700,21.000000,42.000000,0,0,13144567,1296,0,1296,-47,0,82,5,0
2,700,21.000000,42.000000,0,0,13144569,1297,0,1297,-47,0,82,5,0
2,700,21.000000,42.000000,0,0,13144572,1297,0,1297,-48,0,82,5,0
2,700,21.000000,42.000000,0,0,13144575,1299,0,1299,-48,0,82,5,0
2,700,21.000000,42.000000,0,0,13144578,1300,0,1300,-48,0,82,5,0
2,700,21.000000,42.000000,0,0,13144581,1300,0,1300,-49,0,82,5,0
2,700,21.000000,42.000000,0,0,13144583,1301,0,1301,-49,0,82,5,0
2,700,21.000000,42.000000,0,0,13144586,1302,0,1302,-49,0,82,5,0
2,700,21.000000,42.000000,0,0,13144589,1302,0,1302,-49,0,82,5,0
2,700,21.000000,42.000000,0,0,13144592,1302,0,1302,-49,0,82,5,0
2,700,21.000000,42.000000,0,0,13144595,1302,0,1302,-49,0,82,5,0
2,700,21.000000,42.000000,0,0,13144597,1302,0,1302,-49,0,82,5,0
2,700,21.000000,42.000000,0,0,13144600,1302,0,1302,-49,0,82,5,0
2,700,21.000000,42.000000,0,0,13144603,1302,0,1302,-49,0,82,5,0
2,700,21.000000,42.000000,0,0,13144606,1302,0,1302,-49,0,82,5,0
2,700,21.000000,42.000000,0,0,13144608,1302,0,1302,-49,0,82,5,0
2,700,21.000000,42.000000,0,0,13144611,1302,0,1302,-49,0,82,5,0
2,700,21.000000,42.000000,0,0,13144614,1302,0,1302,-49,0,82,5,0
2,700,21.000000,42.000000,0,0,13144616,1302,0,1302,-49,0,82,5,0
2,700,21.000000,42.000000,0,0,13144619,1302,0,1302,-49,0,82,5,0
2,700,21.000000,42.000000,0,0,13144622,1302,0,1302,-49,0,82,5,0
2,700,21.000000,42.000000,0,0,13144625,1302,0,1302,-49,0,82,5,0
2,700,21.000000,42.000000,0,0,13144628,1302,0,1302,-49,0,82,5,0
2,700,21.000000,42.000000,0,0,13144631,1302,0,1302,-49,0,82,5,0
2,700,21.000000,42.000000,0,0,13144633,1302,0,1302,-49,0,82,5,0
2,700,21.000000,42.000000,0,0,13144636,1302,0,1302,-49,0,82,5,0
2,700,21.000000,42.000000,0,0,13144639,1302,0,1302,-49,0,82,5,0
2,700,21.000000,42.000000,0,0,13144642,1302,0,1302,-49,0,82,5,0
2,700,21.000000,42.000000,0,0,13144645,1302,0,1302,-49,0,82,5,0
2,700,21.000000,42.000000,0,0,13144647,1302,0,1302,-49,0,82,5,0
2,700,21.000000,42.000000,0,0,13144650,1302,0,1302,-49,0,82,5,0
2,700,21.000000,42.000000,0,0,13144653,1302,0,1302,-49,0,82,5,0
2,700,21.000000,42.000000,0,0,13144655,1302,0,1302,-49,0,82,5,0
2,700,21.000000,42.000000,0,0,13144658,1302,0,1302,-49,0,82,5,0
2,700,21.000000,42.000000,0,0,13144661,1302,0,1302,-49,0,82,5,0
2,700,21.000000,42.000000,0,0,13144664,1302,0,1302,-49,0,82,5,0
2,700,21.000000,42.000000,0,0,13144666,1302,0,1302,-49,0,82,5,0
2,700,21.000000,42.000000,0,0,13144670,1302,0,1302,-49,0,82,5,0
2,700,21.000000,42.000000,0,0,13144672,1302,0,1302,-49,0,82,5,0
2,700,21.000000,42.000000,0,0,13144675,1302,0,1302,-49,0,82,5,0
2,700,21.000000,42.000000,0,0,13144678,1302,0,1302,-49,0,82,5,0
2,700,21.000000,42.000000,0,0,13144681,1302,0,1302,-49,0,82,5,0
2,700,21.000000,42.000000,0,0,13144683,1302,0,1302,-49,0,82,5,0
2,700,21.000000,42.000000,0,0,13144686,1302,0,1302,-49,0,82,5,0
2,700,21.000000,42.000000,0,0,13144689,1302,0,1302,-49,0,82,5,0
2,700,21.000000,42.000000,0,0,13144692,1302,0,1302,-49,0,82,5,0
2,700,21.000000,42.000000,0,0,13144694,1302,0,1302,-49,0,82,5,0
2,700,21.000000,42.000000,0,0,13144697,1302,0,1302,-49,0,82,5,0
2,700,21.000000,42.000000,0,0,13144700,1302,0,1302,-49,0,82,5,0
2,700,21.000000,42.000000,0,0,13144703,1302,0,1302,-49,0,82,5,0
2,700,21.000000,42.000000,0,0,13144705,1302,0,1302,-49,0,82,5,0
2,700,21.000000,42.000000,0,0,13144708,1302,0,1302,-49,0,82,5,0
2,700,21.000000,42.000000,0,0,13144711,1302,0,1302,-49,0,82,5,0
2,700,21.000000,42.000000,0,0,13144714,1302,0,1302,-49,0,82,5,0
2,700,21.000000,42.000000,0,0,13144717,1302,0,1302,-49,0,82,5,0
2,700,21.000000,42.000000,0,0,13144719,1302,0,1302,-49,0,82,5,0
2,700,21.000000,42.000000,0,0,13144722,1302,0,1302,-49,0,82,5,0
2,700,21.000000,42.000000,0,0,13144725,1302,0,1302,-49,0,82,5,0
2,700,21.000000,42.000000,0,0,13144728,1302,0,1302,-49,0,82,5,0
2,700,21.000000,42.000000,0,0,13144731,1302,0,1302,-49,0,82,5,0
2,700,21.000000,42.000000,0,0,13144733,1302,0,1302,-49,0,82,5,0
2,700,21.000000,42.000000,0,0,13144736,1302,0,1302,-49,0,82,5,0
2,700,21.000000,42.000000,0,0,13144739,1302,0,1302,-49,0,82,5,0
2,700,21.000000,42.000000,0,0,13144742,1302,0,1302,-49,0,82,5,0
2,700,21.000000,42.000000,0,0,13144745,1302,0,1302,-49,0,82,5,0
2,700,21.000000,42.000000,0,0,13144747,1302,0,1302,-49,0,82,5,0
2,700,21.000000,42.000000,0,0,13144750,1302,0,1302,-49,0,82,5,0
2,700,21.000000,42.000000,0,0,13144753,1302,0,1302,-49,0,82,5,0
2,700,21.000000,42.000000,0,0,13144755,1302,0,1302,-49,0,82,5,0
2,700,21.000000,42.000000,0,0,13144758,1302,0,1302,-49,0,82,5,0
2,700,21.000000,42.000000,0,0,13144761,1302,0,1302,-49,0,82,5,0
2,700,21.000000,42.000000,0,0,13144764,1302,0,1302,-49,0,82,5,0
2,700,21.000000,42.000000,0,0,13144767,1302,0,1302,-49,0,82,5,0
2,700,21.000000,42.000000,0,0,13144770,1302,0,1302,-49,0,82,5,0
2,700,21.000000,42.000000,0,0,13144772,1302,0,1302,-49,0,82,5,0
2,700,21.000000,42.000000,0,0,13144775,1302,0,1302,-49,0,82,5,0
2,700,21.000000,42.000000,0,0,13144778,1302,0,1302,-49,0,82,5,0
2,700,21.000000,42.000000,0,0,13144781,1302,0,1302,-49,0,82,5,0
2,700,21.000000,42.000000,0,0,13144784,1302,0,1302,-49,0,82,5,0
2,700,21.000000,42.000000,0,0,13144786,1302,0,1302,-49,0,82,5,0
2,700,21.000000,42.000000,0,0,13144789,1302,0,1302,-49,0,82,5,0
2,700,21.000000,42.000000,0,0,13144792,1302,0,1302,-49,0,82,5,0
2,700,21.000000,42.000000,0,0,13144794,1302,0,1302,-49,0,82,5,0
2,700,21.000000,42.000000,0,0,13144797,1302,0,1302,-49,0,82,5,0
2,700,21.000000,42.000000,0,0,13144800,1302,0,1302,-49,0,82,5,0
2,700,21.000000,42.000000,0,0,13144803,1302,0,1302,-49,0,82,5,0
2,700,21.000000,42.000000,0,0,13144805,1302,0,1302,-49,0,82,5,0
2,700,21.000000,42.000000,0,0,13144808,1302,0,1302,-49,0,82,5,0
2,700,21.000000,42.000000,0,0,13144811,1302,0,1302,-49,0,82,5,0
2,700,21.000000,42.000000,0,0,13144814,1302,0,1302,-49,0,82,5,0
2,700,21.000000,42.000000,0,0,13144817,1302,0,1302,-49,0,82,5,0
2,700,21.000000,42.000000,0,0,13144819,1302,0,1302,-49,0,82,5,0
2,700,21.000000,42.000000,0,0,13144822,1302,0,1302,-49,0,82,5,0
2,700,21.000000,42.000000,0,0,13144825,1302,0,1302,-49,0,82,5,0
2,700,21.000000,42.000000,0,0,13144828,1302,0,1302,-49,0,82,5,0
2,700,21.000000,42.000000,0,0,13144831,1302,0,1302,-49,0,82,5,0
2,700,21.000000,42.000000,0,0,13144833,1302,0,1302,-49,0,82,5,0
2,700,21.000000,42.000000,0,0,13144836,1302,0,1302,-49,0,82,5,0
2,700,21.000000,42.000000,0,0,13144839,1302,0,1302,-49,0,82,5,0
2,700,21.000000,42.000000,0,0,13144842,1302,0,1302,-49,0,82,5,0
2,700,21.000000,42.000000,0,0,13144845,1302,0,1302,-49,0,82,5,0
2,700,21.000000,42.000000,0,0,13144847,1302,0,1302,-49,0,82,5,0
2,700,21.000000,42.000000,0,0,13144850,1302,0,1302,-49,0,82,5,0
2,700,21.000000,42.000000,0,0,13144853,1302,0,1302,-49,0,82,5,0
2,700,21.000000,42.000000,0,0,13144856,1302,0,1302,-49,0,82,5,0
2,700,21.000000,42.000000,0,0,13144858,1302,0,1302,-49,0,82,5,0
2,700,21.000000,42.000000,0,0,13144861,1302,0,1302,-49,0,82,5,0
2,700,21.000000,42.000000,0,0,13144864,1302,0,1302,-49,0,82,5,0
2,700,21.000000,42.000000,0,0,13144867,1302,0,1302,-49,0,82,5,0
2,700,21.000000,42.000000,0,0,13144870,1302,0,1302,-49,0,82,5,0
2,700,21.000000,42.000000,0,0,13144872,1302,0,1302,-49,0,82,5,0
2,700,21.000000,42.000000,0,0,13144875,1302,0,1302,-49,0,82,5,0
2,700,21.000000,42.000000,0,0,13144878,1302,0,1302,-49,0,82,5,0
2,700,21.000000,42.000000,0,0,13144881,1302,0,1302,-49,0,82,5,0
2,700,21.000000,42.000000,0,0,13144884,1302,0,1302,-49,0,82,5,0
2,700,21.000000,42.000000,0,0,13144886,1302,0,1302,-49,0,82,5,0
2,700,21.000000,42.000000,0,0,13144889,1302,0,1302,-49,0,82,5,0
2,700,21.000000,42.000000,0,0,13144892,1302,0,1302,-49,0,82,5,0
2,700,21.000000,42.000000,0,0,13144894,1302,0,1302,-49,0,82,5,0
2,700,21.000000,42.000000,0,0,13144897,1302,0,1302,-49,0,82,5,0
2,700,21.000000,42.000000,0,0,13144900,1302,0,1302,-49,0,82,5,0
2,700,21.000000,42.000000,0,0,13144903,1302,0,1302,-49,0,82,5,0
2,700,21.000000,42.000000,0,0,13144906,1302,0,1302,-49,0,82,5,0
2,700,21.000000,42.000000,0,0,13144908,1302,0,1302,-49,0,82,5,0
2,700,21.000000,42.000000,0,0,13144911,1302,0,1302,-49,0,82,5,0
2,700,21.000000,42.000000,0,0,13144914,1302,0,1302,-49,0,82,5,0
2,700,21.000000,42.000000,0,0,13144927,1302,0,1302,-49,0,82,5,0
