14,700,80.500000,42.000000,0,0,1231416971,605,0,605,0,0,1,3
14,700,80.500000,42.000000,0,0,1231416971,605,0,605,0,0,1,3
14,700,80.500000,42.000000,0,0,1231416975,605,0,605,0,0,1,3
14,700,80.500000,42.000000,0,0,1231416977,605,0,605,0,0,1,3
14,700,80.500000,42.000000,0,0,1231416980,605,0,605,0,0,1,3
14,700,80.500000,42.000000,0,0,1231416982,605,0,605,0,0,1,3
14,700,80.500000,42.000000,0,0,1231416986,605,0,605,0,0,1,3
14,700,80.500000,42.000000,0,0,1231416988,605,0,605,0,0,1,3
14,700,80.500000,42.000000,0,0,1231416991,605,0,605,0,0,1,3
14,700,80.500000,42.000000,0,0,1231416994,605,0,605,0,0,1,3
14,700,80.500000,42.000000,0,0,1231416997,605,0,605,0,0,1,3
14,700,80.500000,42.000000,0,0,1231417000,605,0,605,0,0,1,3
14,700,80.500000,42.000000,0,0,1231417002,605,0,605,0,0,1,3
14,700,80.500000,42.000000,0,0,1231417005,605,0,605,0,0,1,3
14,700,80.500000,42.000000,0,0,1231417008,605,0,605,0,0,1,3
14,700,80.500000,42.000000,0,0,1231417010,605,0,605,0,0,1,3
14,700,80.500000,42.000000,0,0,1231417013,605,0,605,0,0,1,3
14,700,80.500000,42.000000,0,0,1231417016,605,0,605,0,0,1,3
14,700,80.500000,42.000000,0,0,1231417019,605,0,605,0,0,1,3
14,700,80.500000,42.000000,0,0,1231417022,605,0,605,0,0,1,3
14,700,80.500000,42.000000,0,0,1231417025,605,0,605,0,0,1,3
14,700,80.500000,42.000000,0,0,1231417027,605,0,605,0,0,1,3
14,700,80.500000,42.000000,0,0,1231417030,605,0,605,0,0,1,3
14,700,80.500000,42.000000,0,0,1231417033,605,0,605,0,0,1,3
14,700,80.500000,42.000000,0,0,1231417036,605,0,605,0,0,1,3
14,700,80.500000,42.000000,0,0,1231417038,605,0,605,0,0,1,3
14,700,80.500000,42.000000,0,0,1231417041,605,0,605,0,0,1,3
14,700,80.500000,42.000000,0,0,1231417044,605,0,605,0,0,1,3
14,700,80.500000,42.000000,0,0,1231417047,605,0,605,0,0,1,3
14,700,80.500000,42.000000,0,0,1231417050,605,0,605,0,0,1,3
14,700,80.500000,42.000000,0,0,1231417052,605,0,605,0,0,1,3
14,700,80.500000,42.000000,0,0,1231417055,605,0,605,0,0,1,3
14,700,80.500000,42.000000,0,0,1231417058,605,0,605,0,0,1,3
14,700,80.500000,42.000000,0,0,1231417061,605,0,605,0,0,1,3
14,700,80.500000,42.000000,0,0,1231417064,605,0,605,0,0,1,3
14,700,80.500000,42.000000,0,0,1231417066,605,0,605,0,0,1,3
14,700,80.500000,42.000000,0,0,1231417069,605,0,605,0,0,1,3
14,700,80.500000,42.000000,0,0,1231417072,605,0,605,0,0,1,3
14,700,80.500000,42.000000,0,0,1231417075,605,0,605,0,0,1,3
14,700,80.500000,42.000000,0,0,1231417077,605,0,605,0,0,1,3
14,700,80.500000,42.000000,0,0,1231417080,605,0,605,0,0,1,3
14,700,80.500000,42.000000,0,0,1231417083,605,0,605,0,0,1,3
14,700,80.500000,42.000000,0,0,1231417086,605,0,605,0,0,1,3
14,700,80.500000,42.000000,0,0,1231417089,605,0,605,0,0,1,3
14,700,80.500000,42.000000,0,0,1231417091,605,0,605,0,0,1,3
14,700,80.500000,42.000000,0,0,1231417094,605,0,605,0,0,1,3
14,700,80.500000,42.000000,0,0,1231417096,605,0,605,0,0,1,3
14,700,80.500000,42.000000,0,0,1231417100,605,0,605,0,0,1,3
14,700,80.500000,42.000000,0,0,1231417102,605,0,605,0,0,1,3
14,700,80.500000,42.000000,0,0,1231417105,605,0,605,0,0,1,3
14,700,80.500000,42.000000,0,0,1231417108,605,0,605,-1,0,1,3
14,700,80.500000,42.000000,0,0,1231417111,605,0,605,-2,0,1,3
14,700,80.500000,42.000000,0,0,1231417113,606,0,606,-3,0,1,3
14,700,80.500000,42.000000,0,0,1231417116,608,0,608,-4,0,1,3
14,700,80.500000,42.000000,0,0,1231417119,610,0,610,-4,0,1,3
14,700,80.500000,42.000000,0,0,1231417122,612,0,612,-6,0,1,3
14,700,80.500000,42.000000,0,0,1231417125,617,0,617,-10,0,1,3
14,700,80.500000,42.000000,0,0,1231417127,621,0,621,-11,0,1,3
14,700,80.500000,42.000000,0,0,1231417130,628,0,628,-16,0,1,3
14,700,80.500000,42.000000,0,0,1231417133,634,0,634,-20,0,1,3
14,700,80.500000,42.000000,0,0,1231417135,642,0,642,-21,0,1,3
14,700,80.500000,42.000000,0,0,1231417139,649,0,649,-24,0,1,3
14,700,80.500000,42.000000,0,0,1231417141,658,0,658,-29,0,1,3
14,700,80.500000,42.000000,0,0,1231417144,666,0,666,-35,0,1,3
14,700,80.500000,42.000000,0,0,1231417147,676,0,676,-41,0,1,3
14,700,80.500000,42.000000,0,0,1231417150,687,0,687,-44,0,1,3
14,700,80.500000,42.000000,0,0,1231417152,694,0,694,-50,0,1,3
14,700,80.500000,42.000000,0,0,1231417155,707,0,707,-54,0,1,3
14,700,80.500000,42.000000,0,0,1231417158,720,0,720,-58,0,1,3
14,700,80.500000,42.000000,0,0,1231417161,733,0,733,-66,0,1,3
14,700,80.500000,42.000000,0,0,1231417163,744,0,744,-72,0,1,3
14,700,80.500000,42.000000,0,0,1231417166,758,0,758,-82,0,1,3
14,700,80.500000,42.000000,0,0,1231417169,771,0,771,-89,0,1,3
14,700,80.500000,42.000000,0,0,1231417172,794,0,794,-100,0,1,3
14,700,80.500000,42.000000,0,0,1231417175,810,0,810,-109,0,1,3
14,700,80.500000,42.000000,0,0,1231417177,835,0,835,-120,0,1,3
14,700,80.500000,42.000000,0,0,1231417180,859,0,859,-133,0,1,3
14,700,80.500000,42.000000,0,0,1231417183,878,0,878,-144,0,1,3
14,700,80.500000,42.000000,0,0,1231417186,892,0,892,-149,0,1,3
14,700,80.500000,42.000000,0,0,1231417189,911,0,911,-159,0,1,3
14,700,80.500000,42.000000,0,0,1231417191,930,0,930,-166,0,1,3
14,700,80.500000,42.000000,0,0,1231417194,948,0,948,-176,0,1,3
14,700,80.500000,42.000000,0,0,1231417197,969,0,969,-186,0,1,3
14,700,80.500000,42.000000,0,0,1231417200,987,0,987,-196,0,1,3
14,700,80.500000,42.000000,0,0,1231417202,1009,0,1009,-203,0,1,3
14,700,80.500000,42.000000,0,0,1231417205,1033,0,1033,-214,0,1,3
14,700,80.500000,42.000000,0,0,1231417208,1050,0,1050,-227,0,1,3
14,700,80.500000,42.000000,0,0,1231417211,1070,0,1070,-236,0,1,3
14,700,80.500000,42.000000,0,0,1231417213,1088,0,1088,-244,0,1,3
14,700,80.500000,42.000000,0,0,1231417216,1109,0,1109,-252,0,1,3
14,700,80.500000,42.000000,0,0,1231417219,1127,0,1127,-262,0,1,3
14,700,80.500000,42.000000,0,0,1231417222,1147,0,1147,-269,0,1,3
14,700,80.500000,42.000000,0,0,1231417224,1161,0,1161,-273,0,1,3
14,700,80.500000,42.000000,0,0,1231417228,1178,0,1178,-281,0,1,3
14,700,80.500000,42.000000,0,0,1231417230,1190,0,1190,-286,0,1,3
14,700,80.500000,42.000000,0,0,1231417233,1201,0,1201,-290,0,1,3
14,700,80.500000,42.000000,0,0,1231417236,1213,0,1213,-295,0,1,3
14,700,80.500000,42.000000,0,0,1231417239,1224,0,1224,-299,0,1,3
14,700,80.500000,42.000000,0,0,1231417241,1233,0,1233,-302,0,1,3
14,700,80.500000,42.000000,0,0,1231417244,1242,0,1242,-307,0,1,3
14,700,80.500000,42.000000,0,0,1231417247,1250,0,1250,-310,0,1,3
14,700,80.500000,42.000000,0,0,1231417250,1259,0,1259,-313,0,1,3
14,700,80.500000,42.000000,0,0,1231417253,1265,0,1265,-315,0,1,3
14,700,80.500000,42.000000,0,0,1231417256,1271,0,1271,-319,0,1,3
14,700,80.500000,42.000000,0,0,1231417258,1279,0,1279,-323,0,1,3
14,700,80.500000,42.000000,0,0,1231417260,1282,0,1282,-325,0,1,3
14,700,80.500000,42.000000,0,0,1231417264,1287,0,1287,-327,0,1,3
14,700,80.500000,42.000000,0,0,1231417266,1290,0,1290,-329,0,1,3
14,700,80.500000,42.000000,0,0,1231417269,1293,0,1293,-330,0,1,3
14,700,80.500000,42.000000,0,0,1231417272,1295,0,1295,-332,0,1,3
14,700,80.500000,42.000000,0,0,1231417274,1296,0,1296,-332,0,1,3
14,700,80.500000,42.000000,0,0,1231417278,1298,0,1298,-333,0,1,3
14,700,80.500000,42.000000,0,0,1231417280,1300,0,1300,-334,0,1,3
14,700,80.500000,42.000000,0,0,1231417283,1300,0,1300,-336,0,1,3
14,700,80.500000,42.000000,0,0,1231417286,1300,0,1300,-338,0,1,3
14,700,80.500000,42.000000,0,0,1231417289,1301,0,1301,-338,0,1,3
14,700,80.500000,42.000000,0,0,1231417291,1302,0,1302,-339,0,1,3
14,700,80.500000,42.000000,0,0,1231417294,1304,0,1304,-341,0,1,3
14,700,80.500000,42.000000,0,0,1231417297,1304,0,1304,-341,0,1,3
14,700,80.500000,42.000000,0,0,1231417299,1304,0,1304,-341,0,1,3
14,700,80.500000,42.000000,0,0,1231417303,1304,0,1304,-341,0,1,3
14,700,80.500000,42.000000,0,0,1231417305,1305,0,1305,-341,0,1,3
14,700,80.500000,42.000000,0,0,1231417308,1306,0,1306,-341,0,1,3
14,700,80.500000,42.000000,0,0,1231417311,1306,0,1306,-341,0,1,3
14,700,80.500000,42.000000,0,0,1231417314,1306,0,1306,-341,0,1,3
14,700,80.500000,42.000000,0,0,1231417316,1306,0,1306,-341,0,1,3
14,700,80.500000,42.000000,0,0,1231417319,1306,0,1306,-341,0,1,3
14,700,80.500000,42.000000,0,0,1231417322,1306,0,1306,-342,0,1,3
14,700,80.500000,42.000000,0,0,1231417325,1306,0,1306,-343,0,1,3
14,700,80.500000,42.000000,0,0,1231417327,1306,0,1306,-343,0,1,3
14,700,80.500000,42.000000,0,0,1231417330,1307,0,1307,-343,0,1,3
14,700,80.500000,42.000000,0,0,1231417333,1307,0,1307,-343,0,1,3
14,700,80.500000,42.000000,0,0,1231417336,1308,0,1308,-343,0,1,3
14,700,80.500000,42.000000,0,0,1231417338,1309,0,1309,-343,0,1,3
14,700,80.500000,42.000000,0,0,1231417341,1309,0,1309,-343,0,1,3
14,700,80.500000,42.000000,0,0,1231417344,1311,0,1311,-343,0,1,3
14,700,80.500000,42.000000,0,0,1231417347,1311,0,1311,-343,0,1,3
14,700,80.500000,42.000000,0,0,1231417350,1311,0,1311,-343,0,1,3
14,700,80.500000,42.000000,0,0,1231417352,1312,0,1312,-345,0,1,3
14,700,80.500000,42.000000,0,0,1231417355,1312,0,1312,-345,0,1,3
14,700,80.500000,42.000000,0,0,1231417358,1313,0,1313,-345,0,1,3
14,700,80.500000,42.000000,0,0,1231417361,1313,0,1313,-345,0,1,3
14,700,80.500000,42.000000,0,0,1231417364,1313,0,1313,-345,0,1,3
14,700,80.500000,42.000000,0,0,1231417366,1315,0,1315,-345,0,1,3
14,700,80.500000,42.000000,0,0,1231417369,1315,0,1315,-345,0,1,3
14,700,80.500000,42.000000,0,0,1231417372,1315,0,1315,-345,0,1,3
14,700,80.500000,42.000000,0,0,1231417374,1315,0,1315,-345,0,1,3
14,700,80.500000,42.000000,0,0,1231417377,1315,0,1315,-345,0,1,3
14,700,80.500000,42.000000,0,0,1231417380,1315,0,1315,-346,0,1,3
14,700,80.500000,42.000000,0,0,1231417383,1315,0,1315,-346,0,1,3
14,700,80.500000,42.000000,0,0,1231417386,1315,0,1315,-346,0,1,3
14,700,80.500000,42.000000,0,0,1231417389,1315,0,1315,-346,0,1,3
14,700,80.500000,42.000000,0,0,1231417392,1315,0,1315,-346,0,1,3
14,700,80.500000,42.000000,0,0,1231417394,1315,0,1315,-346,0,1,3
14,700,80.500000,42.000000,0,0,1231417397,1315,0,1315,-346,0,1,3
14,700,80.500000,42.000000,0,0,1231417400,1315,0,1315,-346,0,1,3
14,700,80.500000,42.000000,0,0,1231417403,1315,0,1315,-346,0,1,3
14,700,80.500000,42.000000,0,0,1231417405,1315,0,1315,-346,0,1,3
14,700,80.500000,42.000000,0,0,1231417408,1315,0,1315,-346,0,1,3
14,700,80.500000,42.000000,0,0,1231417411,1315,0,1315,-346,0,1,3
14,700,80.500000,42.000000,0,0,1231417414,1315,0,1315,-346,0,1,3
14,700,80.500000,42.000000,0,0,1231417417,1315,0,1315,-346,0,1,3
14,700,80.500000,42.000000,0,0,1231417419,1315,0,1315,-346,0,1,3
14,700,80.500000,42.000000,0,0,1231417422,1315,0,1315,-346,0,1,3
14,700,80.500000,42.000000,0,0,1231417425,1315,0,1315,-346,0,1,3
14,700,80.500000,42.000000,0,0,1231417428,1315,0,1315,-346,0,1,3
14,700,80.500000,42.000000,0,0,1231417430,1315,0,1315,-346,0,1,3
14,700,80.500000,42.000000,0,0,1231417433,1315,0,1315,-346,0,1,3
14,700,80.500000,42.000000,0,0,1231417436,1315,0,1315,-346,0,1,3
14,700,80.500000,42.000000,0,0,1231417438,1315,0,1315,-346,0,1,3
14,700,80.500000,42.000000,0,0,1231417442,1315,0,1315,-346,0,1,3
14,700,80.500000,42.000000,0,0,1231417444,1315,0,1315,-346,0,1,3
14,700,80.500000,42.000000,0,0,1231417447,1315,0,1315,-346,0,1,3
14,700,80.500000,42.000000,0,0,1231417450,1315,0,1315,-346,0,1,3
14,700,80.500000,42.000000,0,0,1231417453,1315,0,1315,-346,0,1,3
14,700,80.500000,42.000000,0,0,1231417455,1315,0,1315,-346,0,1,3
14,700,80.500000,42.000000,0,0,1231417458,1315,0,1315,-346,0,1,3
14,700,80.500000,42.000000,0,0,1231417461,1315,0,1315,-346,0,1,3
14,700,80.500000,42.000000,0,0,1231417464,1315,0,1315,-346,0,1,3
14,700,80.500000,42.000000,0,0,1231417467,1315,0,1315,-346,0,1,3
14,700,80.500000,42.000000,0,0,1231417469,1315,0,1315,-346,0,1,3
14,700,80.500000,42.000000,0,0,1231417472,1315,0,1315,-346,0,1,3
14,700,80.500000,42.000000,0,0,1231417475,1315,0,1315,-346,0,1,3
14,700,80.500000,42.000000,0,0,1231417478,1315,0,1315,-346,0,1,3
14,700,80.500000,42.000000,0,0,1231417480,1315,0,1315,-346,0,1,3
14,700,80.500000,42.000000,0,0,1231417483,1315,0,1315,-346,0,1,3
14,700,80.500000,42.000000,0,0,1231417486,1315,0,1315,-346,0,1,3
14,700,80.500000,42.000000,0,0,1231417489,1315,0,1315,-346,0,1,3
14,700,80.500000,42.000000,0,0,1231417492,1315,0,1315,-346,0,1,3
14,700,80.500000,42.000000,0,0,1231417494,1315,0,1315,-346,0,1,3
14,700,80.500000,42.000000,0,0,1231417497,1315,0,1315,-346,0,1,3
14,700,80.500000,42.000000,0,0,1231417500,1315,0,1315,-346,0,1,3
14,700,80.500000,42.000000,0,0,1231417503,1315,0,1315,-346,0,1,3
14,700,80.500000,42.000000,0,0,1231417505,1315,0,1315,-346,0,1,3
14,700,80.500000,42.000000,0,0,1231417508,1315,0,1315,-346,0,1,3
14,700,80.500000,42.000000,0,0,1231417511,1315,0,1315,-346,0,1,3
14,700,80.500000,42.000000,0,0,1231417514,1315,0,1315,-346,0,1,3
14,700,80.500000,42.000000,0,0,1231417516,1315,0,1315,-346,0,1,3
14,700,80.500000,42.000000,0,0,1231417519,1315,0,1315,-346,0,1,3
14,700,80.500000,42.000000,0,0,1231417522,1315,0,1315,-346,0,1,3
14,700,80.500000,42.000000,0,0,1231417525,1315,0,1315,-346,0,1,3
14,700,80.500000,42.000000,0,0,1231417528,1315,0,1315,-346,0,1,3
14,700,80.500000,42.000000,0,0,1231417530,1315,0,1315,-346,0,1,3
14,700,80.500000,42.000000,0,0,1231417533,1315,0,1315,-346,0,1,3
14,700,80.500000,42.000000,0,0,1231417536,1315,0,1315,-346,0,1,3
14,700,80.500000,42.000000,0,0,1231417539,1315,0,1315,-346,0,1,3
14,700,80.500000,42.000000,0,0,1231417542,1315,0,1315,-346,0,1,3
14,700,80.500000,42.000000,0,0,1231417544,1315,0,1315,-346,0,1,3
14,700,80.500000,42.000000,0,0,1231417547,1315,0,1315,-346,0,1,3
14,700,80.500000,42.000000,0,0,1231417550,1315,0,1315,-346,0,1,3
14,700,80.500000,42.000000,0,0,1231417552,1315,0,1315,-346,0,1,3
14,700,80.500000,42.000000,0,0,1231417555,1315,0,1315,-346,0,1,3
14,700,80.500000,42.000000,0,0,1231417558,1315,0,1315,-346,0,1,3
14,700,80.500000,42.000000,0,0,1231417572,1315,0,1315,-346,0,1,3
