14,350,80.500000,0.000000,2,0,1233610577,766,0,766,0,0,55,9
14,350,80.500000,0.000000,2,0,1233610578,766,0,766,0,0,55,9
14,350,80.500000,0.000000,2,0,1233610580,766,0,766,0,0,55,9
14,350,80.500000,0.000000,2,0,1233610583,766,0,766,0,0,55,9
14,350,80.500000,0.000000,2,0,1233610586,766,0,766,0,0,55,9
14,350,80.500000,0.000000,2,0,1233610589,766,0,766,0,0,55,9
14,350,80.500000,0.000000,2,0,1233610592,766,0,766,0,0,55,9
14,350,80.500000,0.000000,2,0,1233610594,766,0,766,0,0,55,9
14,350,80.500000,0.000000,2,0,1233610597,766,0,766,0,0,55,9
14,350,80.500000,0.000000,2,0,1233610600,766,0,766,0,0,55,9
14,350,80.500000,0.000000,2,0,1233610603,766,0,766,0,0,55,9
14,350,80.500000,0.000000,2,0,1233610606,766,0,766,0,0,55,9
14,350,80.500000,0.000000,2,0,1233610608,766,0,766,0,0,55,9
14,350,80.500000,0.000000,2,0,1233610611,766,0,766,0,0,55,9
14,350,80.500000,0.000000,2,0,1233610614,766,0,766,0,0,55,9
14,350,80.500000,0.000000,2,0,1233610616,766,0,766,0,0,55,9
14,350,80.500000,0.000000,2,0,1233610619,766,0,766,0,0,55,9
14,350,80.500000,0.000000,2,0,1233610622,766,0,766,0,0,55,9
14,350,80.500000,0.000000,2,0,1233610625,766,0,766,0,0,55,9
14,350,80.500000,0.000000,2,0,1233610628,766,0,766,0,0,55,9
14,350,80.500000,0.000000,2,0,1233610631,766,0,766,0,0,55,9
14,350,80.500000,0.000000,2,0,1233610633,766,0,766,0,0,55,9
14,350,80.500000,0.000000,2,0,1233610636,766,0,766,0,0,55,9
14,350,80.500000,0.000000,2,0,1233610639,766,0,766,0,0,55,9
14,350,80.500000,0.000000,2,0,1233610642,766,0,766,0,0,55,9
14,350,80.500000,0.000000,2,0,1233610644,766,0,766,0,0,55,9
14,350,80.500000,0.000000,2,0,1233610647,766,0,766,0,0,55,9
14,350,80.500000,0.000000,2,0,1233610650,766,0,766,0,0,55,9
14,350,80.500000,0.000000,2,0,1233610653,766,2,766,2,0,55,9
14,350,80.500000,0.000000,2,0,1233610656,768,4,768,4,0,55,9
14,350,80.500000,0.000000,2,0,1233610658,770,5,770,5,0,55,9
14,350,80.500000,0.000000,2,0,1233610661,772,6,772,6,0,55,9
14,350,80.500000,0.000000,2,0,1233610664,776,10,776,10,0,55,9
14,350,80.500000,0.000000,2,0,1233610666,780,12,780,12,0,55,9
14,350,80.500000,0.000000,2,0,1233610670,784,14,784,14,0,55,9
14,350,80.500000,0.000000,2,0,1233610673,794,21,794,21,0,55,9
14,350,80.500000,0.000000,2,0,1233610675,799,25,799,25,0,55,9
14,350,80.500000,0.000000,2,0,1233610678,807,31,807,31,0,55,9
14,350,80.500000,0.000000,2,0,1233610681,816,35,816,35,0,55,9
14,350,80.500000,0.000000,2,0,1233610683,826,39,826,39,0,55,9
14,350,80.500000,0.000000,2,0,1233610686,833,47,833,47,0,55,9
14,350,80.500000,0.000000,2,0,1233610689,842,53,842,53,0,55,9
14,350,80.500000,0.000000,2,0,1233610691,853,56,853,56,0,55,9
14,350,80.500000,0.000000,2,0,1233610695,864,61,864,61,0,55,9
14,350,80.500000,0.000000,2,0,1233610698,883,70,883,70,0,55,9
14,350,80.500000,0.000000,2,0,1233610700,897,75,897,75,0,55,9
14,350,80.500000,0.000000,2,0,1233610703,915,81,915,81,0,55,9
14,350,80.500000,0.000000,2,0,1233610706,930,89,930,89,0,55,9
14,350,80.500000,0.000000,2,0,1233610709,944,93,944,93,0,55,9
14,350,80.500000,0.000000,2,0,1233610711,959,95,959,95,0,55,9
14,350,80.500000,0.000000,2,0,1233610714,976,102,976,102,0,55,9
14,350,80.500000,0.000000,2,0,1233610717,988,106,988,106,0,55,9
14,350,80.500000,0.000000,2,0,1233610720,1002,111,1002,111,0,55,9
14,350,80.500000,0.000000,2,0,1233610723,1018,114,1018,114,0,55,9
14,350,80.500000,0.000000,2,0,1233610725,1032,119,1032,119,0,55,9
14,350,80.500000,0.000000,2,0,1233610728,1047,121,1047,121,0,55,9
14,350,80.500000,0.000000,2,0,1233610730,1064,123,1064,123,0,55,9
14,350,80.500000,0.000000,2,0,1233610733,1078,127,1078,127,0,55,9
14,350,80.500000,0.000000,2,0,1233610736,1092,130,1092,130,0,55,9
14,350,80.500000,0.000000,2,0,1233610739,1108,131,1108,131,0,55,9
14,350,80.500000,0.000000,2,0,1233610742,1119,131,1119,131,0,55,9
14,350,80.500000,0.000000,2,0,1233610744,1132,133,1132,133,0,55,9
14,350,80.500000,0.000000,2,0,1233610748,1142,133,1142,133,0,55,9
14,350,80.500000,0.000000,2,0,1233610750,1159,134,1159,134,0,55,9
14,350,80.500000,0.000000,2,0,1233610753,1172,136,1172,136,0,55,9
14,350,80.500000,0.000000,2,0,1233610756,1183,136,1183,136,0,55,9
14,350,80.500000,0.000000,2,0,1233610758,1195,136,1195,136,0,55,9
14,350,80.500000,0.000000,2,0,1233610761,1207,136,1207,136,0,55,9
14,350,80.500000,0.000000,2,0,1233610764,1217,136,1217,136,0,55,9
14,350,80.500000,0.000000,2,0,1233610767,1227,136,1227,136,0,55,9
14,350,80.500000,0.000000,2,0,1233610770,1235,136,1235,136,0,55,9
14,350,80.500000,0.000000,2,0,1233610772,1241,136,1241,136,0,55,9
14,350,80.500000,0.000000,2,0,1233610775,1247,136,1247,136,0,55,9
14,350,80.500000,0.000000,2,0,1233610778,1253,136,1253,136,0,55,9
14,350,80.500000,0.000000,2,0,1233610781,1261,134,1261,134,0,55,9
14,350,80.500000,0.000000,2,0,1233610783,1265,134,1265,134,0,55,9
14,350,80.500000,0.000000,2,0,1233610786,1270,134,1270,134,0,55,9
14,350,80.500000,0.000000,2,0,1233610789,1274,134,1274,134,0,55,9
14,350,80.500000,0.000000,2,0,1233610793,1280,133,1280,133,0,55,9
14,350,80.500000,0.000000,2,0,1233610796,1283,132,1283,132,0,55,9
14,350,80.500000,0.000000,2,0,1233610799,1288,130,1288,130,0,55,9
14,350,80.500000,0.000000,2,0,1233610803,1290,130,1290,130,0,55,9
14,350,80.500000,0.000000,2,0,1233610806,1291,128,1291,128,0,55,9
14,350,80.500000,0.000000,2,0,1233610808,1293,128,1293,128,0,55,9
14,350,80.500000,0.000000,2,0,1233610811,1294,126,1294,126,0,55,9
14,350,80.500000,0.000000,2,0,1233610814,1295,124,1295,124,0,55,9
14,350,80.500000,0.000000,2,0,1233610818,1296,124,1296,124,0,55,9
14,350,80.500000,0.000000,2,0,1233610821,1298,123,1298,123,0,55,9
14,350,80.500000,0.000000,2,0,1233610824,1298,121,1298,121,0,55,9
14,350,80.500000,0.000000,2,0,1233610826,1298,120,1298,120,0,55,9
14,350,80.500000,0.000000,2,0,1233610829,1298,118,1298,118,0,55,9
14,350,80.500000,0.000000,2,0,1233610832,1298,118,1298,118,0,55,9
14,350,80.500000,0.000000,2,0,1233610834,1298,115,1298,115,0,55,9
14,350,80.500000,0.000000,2,0,1233610837,1298,114,1298,114,0,55,9
14,350,80.500000,0.000000,2,0,1233610840,1298,112,1298,112,0,55,9
14,350,80.500000,0.000000,2,0,1233610842,1297,111,1297,111,0,55,9
14,350,80.500000,0.000000,2,0,1233610845,1296,107,1296,107,0,55,9
14,350,80.500000,0.000000,2,0,1233610848,1294,104,1294,104,0,55,9
14,350,80.500000,0.000000,2,0,1233610851,1293,101,1293,101,0,55,9
14,350,80.500000,0.000000,2,0,1233610854,1291,96,1291,96,0,55,9
14,350,80.500000,0.000000,2,0,1233610857,1285,88,1285,88,0,55,9
14,350,80.500000,0.000000,2,0,1233610859,1280,83,1280,83,0,55,9
14,350,80.500000,0.000000,2,0,1233610862,1278,76,1278,76,0,55,9
14,350,80.500000,0.000000,2,0,1233610865,1272,69,1272,69,0,55,9
14,350,80.500000,0.000000,2,0,1233610868,1269,64,1269,64,0,55,9
14,350,80.500000,0.000000,2,0,1233610871,1269,64,1269,64,0,55,9
14,350,80.500000,0.000000,2,0,1233610873,1264,53,1264,53,0,55,9
14,350,80.500000,0.000000,2,0,1233610877,1259,47,1259,47,0,55,9
14,350,80.500000,0.000000,2,0,1233610879,1252,37,1252,37,0,55,9
14,350,80.500000,0.000000,2,0,1233610882,1249,31,1249,31,0,55,9
14,350,80.500000,0.000000,2,0,1233610885,1240,24,1240,24,0,55,9
14,350,80.500000,0.000000,2,0,1233610887,1234,16,1234,16,0,55,9
14,350,80.500000,0.000000,2,0,1233610890,1231,12,1231,12,0,55,9
14,350,80.500000,0.000000,2,0,1233610893,1223,5,1223,5,0,55,9
14,350,80.500000,0.000000,2,0,1233610896,1215,0,1215,-3,0,55,9
14,350,80.500000,0.000000,2,0,1233610898,1206,0,1206,-12,0,55,9
14,350,80.500000,0.000000,2,0,1233610901,1198,0,1198,-20,0,55,9
14,350,80.500000,0.000000,2,0,1233610904,1187,0,1187,-29,0,55,9
14,350,80.500000,0.000000,2,0,1233610907,1187,0,1187,-29,0,55,9
14,350,80.500000,0.000000,2,0,1233610909,1177,0,1177,-38,0,55,9
14,350,80.500000,0.000000,2,0,1233610912,1166,0,1166,-42,0,55,9
14,350,80.500000,0.000000,2,0,1233610915,1154,0,1154,-49,0,55,9
14,350,80.500000,0.000000,2,0,1233610918,1144,0,1144,-57,0,55,9
14,350,80.500000,0.000000,2,0,1233610920,1136,0,1136,-61,0,55,9
14,350,80.500000,0.000000,2,0,1233610923,1127,0,1127,-66,0,55,9
14,350,80.500000,0.000000,2,0,1233610926,1117,0,1117,-73,0,55,9
14,350,80.500000,0.000000,2,0,1233610928,1104,0,1104,-79,0,55,9
14,350,80.500000,0.000000,2,0,1233610931,1097,0,1097,-84,0,55,9
14,350,80.500000,0.000000,2,0,1233610934,1096,0,1087,-90,0,55,9
14,350,80.500000,0.000000,2,0,1233610937,1096,0,1079,-96,0,55,9
14,350,80.500000,0.000000,2,0,1233610939,1096,0,1069,-100,0,55,9
14,350,80.500000,0.000000,2,0,1233610942,1096,0,1049,-108,0,55,9
14,350,80.500000,0.000000,2,0,1233610945,1096,0,1039,-111,0,55,9
14,350,80.500000,0.000000,2,0,1233610948,1096,0,1024,-116,0,55,9
14,350,80.500000,0.000000,2,0,1233610951,1096,0,1013,-118,0,55,9
14,350,80.500000,0.000000,2,0,1233610954,1096,0,1002,-124,0,55,9
14,350,80.500000,0.000000,2,0,1233610956,1096,0,992,-126,0,55,9
14,350,80.500000,0.000000,2,0,1233610959,1096,0,984,-129,0,55,9
14,350,80.500000,0.000000,2,0,1233610962,1096,0,974,-134,0,55,9
14,350,80.500000,0.000000,2,0,1233610965,1096,0,964,-137,0,55,9
14,350,80.500000,0.000000,2,0,1233610968,1096,0,958,-139,0,55,9
14,350,80.500000,0.000000,2,0,1233610970,1096,0,950,-141,0,55,9
14,350,80.500000,0.000000,2,0,1233610973,1096,0,943,-143,0,55,9
14,350,80.500000,0.000000,2,0,1233610976,1096,0,936,-145,0,55,9
14,350,80.500000,0.000000,2,0,1233610979,1096,0,931,-147,0,55,9
14,350,80.500000,0.000000,2,0,1233610981,1096,0,924,-149,0,55,9
14,350,80.500000,0.000000,2,0,1233610984,1096,0,921,-151,0,55,9
14,350,80.500000,0.000000,2,0,1233610987,1096,0,918,-152,0,55,9
14,350,80.500000,0.000000,2,0,1233610990,1096,0,916,-153,0,55,9
14,350,80.500000,0.000000,2,0,1233610993,1096,0,914,-154,0,55,9
14,350,80.500000,0.000000,2,0,1233610995,1096,0,911,-155,0,55,9
14,350,80.500000,0.000000,2,0,1233610998,1096,0,907,-157,0,55,9
14,350,80.500000,0.000000,2,0,1233611001,1096,0,906,-157,0,55,9
14,350,80.500000,0.000000,2,0,1233611004,1096,0,905,-160,0,55,9
14,350,80.500000,0.000000,2,0,1233611006,1096,0,905,-160,0,55,9
14,350,80.500000,0.000000,2,0,1233611009,1096,0,904,-160,0,55,9
14,350,80.500000,0.000000,2,0,1233611012,1096,0,903,-160,0,55,9
14,350,80.500000,0.000000,2,0,1233611014,1096,0,902,-160,0,55,9
14,350,80.500000,0.000000,2,0,1233611017,1096,0,901,-160,0,55,9
14,350,80.500000,0.000000,2,0,1233611020,1096,0,900,-160,0,55,9
14,350,80.500000,0.000000,2,0,1233611023,1096,0,900,-160,0,55,9
14,350,80.500000,0.000000,2,0,1233611025,1096,0,900,-160,0,55,9
14,350,80.500000,0.000000,2,0,1233611028,1096,0,900,-160,0,55,9
14,350,80.500000,0.000000,2,0,1233611039,1096,0,900,-160,0,55,9
