14,350,21.000000,10000.000000,2,0,1233690890,794,9,794,9,0,59,7
14,350,21.000000,10000.000000,2,0,1233690891,794,9,794,9,0,59,7
14,350,21.000000,10000.000000,2,0,1233690893,794,9,794,9,0,59,7
14,350,21.000000,10000.000000,2,0,1233690896,794,9,794,9,0,59,7
14,350,21.000000,10000.000000,2,0,1233690899,795,8,795,8,0,59,7
14,350,21.000000,10000.000000,2,0,1233690902,796,7,796,7,0,59,7
14,350,21.000000,10000.000000,2,0,1233690905,797,7,797,7,0,59,7
14,350,21.000000,10000.000000,2,0,1233690907,797,7,797,7,0,59,7
14,350,21.000000,10000.000000,2,0,1233690910,797,7,797,7,0,59,7
14,350,21.000000,10000.000000,2,0,1233690913,797,7,797,7,0,59,7
14,350,21.000000,10000.000000,2,0,1233690916,797,7,797,7,0,59,7
14,350,21.000000,10000.000000,2,0,1233690919,798,7,798,7,0,59,7
14,350,21.000000,10000.000000,2,0,1233690921,799,7,799,7,0,59,7
14,350,21.000000,10000.000000,2,0,1233690924,799,7,799,7,0,59,7
14,350,21.000000,10000.000000,2,0,1233690926,799,7,799,7,0,59,7
14,350,21.000000,10000.000000,2,0,1233690930,799,7,799,7,0,59,7
14,350,21.000000,10000.000000,2,0,1233690932,799,7,799,7,0,59,7
14,350,21.000000,10000.000000,2,0,1233690935,799,7,799,7,0,59,7
14,350,21.000000,10000.000000,2,0,1233690938,799,7,799,7,0,59,7
14,350,21.000000,10000.000000,2,0,1233690941,799,7,799,7,0,59,7
14,350,21.000000,10000.000000,2,0,1233690944,799,7,799,7,0,59,7
14,350,21.000000,10000.000000,2,0,1233690946,799,7,799,7,0,59,7
14,350,21.000000,10000.000000,2,0,1233690949,799,7,799,7,0,59,7
14,350,21.000000,10000.000000,2,0,1233690952,799,7,799,7,0,59,7
14,350,21.000000,10000.000000,2,0,1233690955,799,7,799,7,0,59,7
14,350,21.000000,10000.000000,2,0,1233690958,799,7,799,7,0,59,7
14,350,21.000000,10000.000000,2,0,1233690960,799,7,799,7,0,59,7
14,350,21.000000,10000.000000,2,0,1233690963,799,7,799,7,0,59,7
14,350,21.000000,10000.000000,2,0,1233690966,799,7,799,7,0,59,7
14,350,21.000000,10000.000000,2,0,1233690969,799,7,799,7,0,59,7
14,350,21.000000,10000.000000,2,0,1233690971,799,7,799,7,0,59,7
14,350,21.000000,10000.000000,2,0,1233690974,799,7,799,7,0,59,7
14,350,21.000000,10000.000000,2,0,1233690977,799,7,799,7,0,59,7
14,350,21.000000,10000.000000,2,0,1233690980,799,7,799,7,0,59,7
14,350,21.000000,10000.000000,2,0,1233690982,799,7,799,7,0,59,7
14,350,21.000000,10000.000000,2,0,1233690985,799,7,799,7,0,59,7
14,350,21.000000,10000.000000,2,0,1233690988,799,7,799,7,0,59,7
14,350,21.000000,10000.000000,2,0,1233690991,799,7,799,7,0,59,7
14,350,21.000000,10000.000000,2,0,1233690993,801,7,801,7,0,59,7
14,350,21.000000,10000.000000,2,0,1233690996,803,7,803,7,0,59,7
14,350,21.000000,10000.000000,2,0,1233690999,804,7,804,7,0,59,7
14,350,21.000000,10000.000000,2,0,1233691002,805,7,805,7,0,59,7
14,350,21.000000,10000.000000,2,0,1233691005,806,7,806,7,0,59,7
14,350,21.000000,10000.000000,2,0,1233691007,808,8,808,8,0,59,7
14,350,21.000000,10000.000000,2,0,1233691010,809,8,809,8,0,59,7
14,350,21.000000,10000.000000,2,0,1233691013,811,8,811,8,0,59,7
14,350,21.000000,10000.000000,2,0,1233691016,812,9,812,9,0,59,7
14,350,21.000000,10000.000000,2,0,1233691019,814,10,814,10,0,59,7
14,350,21.000000,10000.000000,2,0,1233691021,816,11,816,11,0,59,7
14,350,21.000000,10000.000000,2,0,1233691024,819,12,819,12,0,59,7
14,350,21.000000,10000.000000,2,0,1233691027,822,12,822,12,0,59,7
14,350,21.000000,10000.000000,2,0,1233691030,825,13,825,13,0,59,7
14,350,21.000000,10000.000000,2,0,1233691032,825,13,825,13,0,59,7
14,350,21.000000,10000.000000,2,0,1233691035,830,13,830,13,0,59,7
14,350,21.000000,10000.000000,2,0,1233691038,831,14,831,14,0,59,7
14,350,21.000000,10000.000000,2,0,1233691040,834,14,834,14,0,59,7
14,350,21.000000,10000.000000,2,0,1233691043,837,14,837,14,0,59,7
14,350,21.000000,10000.000000,2,0,1233691046,838,14,838,14,0,59,7
14,350,21.000000,10000.000000,2,0,1233691049,842,16,842,16,0,59,7
14,350,21.000000,10000.000000,2,0,1233691052,845,16,845,16,0,59,7
14,350,21.000000,10000.000000,2,0,1233691055,848,16,848,16,0,59,7
14,350,21.000000,10000.000000,2,0,1233691058,853,18,853,18,0,59,7
14,350,21.000000,10000.000000,2,0,1233691060,858,18,858,18,0,59,7
14,350,21.000000,10000.000000,2,0,1233691063,863,19,863,19,0,59,7
14,350,21.000000,10000.000000,2,0,1233691065,866,20,866,20,0,59,7
14,350,21.000000,10000.000000,2,0,1233691068,869,20,869,20,0,59,7
14,350,21.000000,10000.000000,2,0,1233691071,873,21,873,21,0,59,7
14,350,21.000000,10000.000000,2,0,1233691074,880,23,880,23,0,59,7
14,350,21.000000,10000.000000,2,0,1233691077,886,26,886,26,0,59,7
14,350,21.000000,10000.000000,2,0,1233691080,894,27,894,27,0,59,7
14,350,21.000000,10000.000000,2,0,1233691082,898,28,898,28,0,59,7
14,350,21.000000,10000.000000,2,0,1233691085,907,32,907,32,0,59,7
14,350,21.000000,10000.000000,2,0,1233691088,912,32,912,32,0,59,7
14,350,21.000000,10000.000000,2,0,1233691091,917,33,917,33,0,59,7
14,350,21.000000,10000.000000,2,0,1233691094,924,35,924,35,0,59,7
14,350,21.000000,10000.000000,2,0,1233691096,928,36,928,36,0,59,7
14,350,21.000000,10000.000000,2,0,1233691099,936,40,936,40,0,59,7
14,350,21.000000,10000.000000,2,0,1233691102,943,41,943,41,0,59,7
14,350,21.000000,10000.000000,2,0,1233691105,949,42,949,42,0,59,7
14,350,21.000000,10000.000000,2,0,1233691108,954,43,954,43,0,59,7
14,350,21.000000,10000.000000,2,0,1233691110,959,45,959,45,0,59,7
14,350,21.000000,10000.000000,2,0,1233691113,964,45,964,45,0,59,7
14,350,21.000000,10000.000000,2,0,1233691116,968,46,968,46,0,59,7
14,350,21.000000,10000.000000,2,0,1233691119,972,47,972,47,0,59,7
14,350,21.000000,10000.000000,2,0,1233691121,975,48,975,48,0,59,7
14,350,21.000000,10000.000000,2,0,1233691124,978,49,978,49,0,59,7
14,350,21.000000,10000.000000,2,0,1233691127,981,49,981,49,0,59,7
14,350,21.000000,10000.000000,2,0,1233691130,985,50,985,50,0,59,7
14,350,21.000000,10000.000000,2,0,1233691132,991,53,991,53,0,59,7
14,350,21.000000,10000.000000,2,0,1233691135,995,53,995,53,0,59,7
14,350,21.000000,10000.000000,2,0,1233691138,998,53,998,53,0,59,7
14,350,21.000000,10000.000000,2,0,1233691141,1000,53,1000,53,0,59,7
14,350,21.000000,10000.000000,2,0,1233691143,1004,54,1004,54,0,59,7
14,350,21.000000,10000.000000,2,0,1233691146,1008,55,1008,55,0,59,7
14,350,21.000000,10000.000000,2,0,1233691149,1014,57,1014,57,0,59,7
14,350,21.000000,10000.000000,2,0,1233691152,1016,57,1016,57,0,59,7
14,350,21.000000,10000.000000,2,0,1233691155,1018,58,1018,58,0,59,7
14,350,21.000000,10000.000000,2,0,1233691157,1021,59,1021,59,0,59,7
14,350,21.000000,10000.000000,2,0,1233691160,1024,59,1024,59,0,59,7
14,350,21.000000,10000.000000,2,0,1233691163,1027,61,1027,61,0,59,7
14,350,21.000000,10000.000000,2,0,1233691166,1028,61,1028,61,0,59,7
14,350,21.000000,10000.000000,2,0,1233691168,1031,63,1031,63,0,59,7
14,350,21.000000,10000.000000,2,0,1233691171,1034,65,1034,65,0,59,7
14,350,21.000000,10000.000000,2,0,1233691174,1037,65,1037,65,0,59,7
14,350,21.000000,10000.000000,2,0,1233691177,1038,65,1038,65,0,59,7
14,350,21.000000,10000.000000,2,0,1233691180,1041,65,1041,65,0,59,7
14,350,21.000000,10000.000000,2,0,1233691182,1043,66,1043,66,0,59,7
14,350,21.000000,10000.000000,2,0,1233691185,1045,66,1045,66,0,59,7
14,350,21.000000,10000.000000,2,0,1233691188,1046,67,1046,67,0,59,7
14,350,21.000000,10000.000000,2,0,1233691191,1048,68,1048,68,0,59,7
14,350,21.000000,10000.000000,2,0,1233691194,1049,68,1049,68,0,59,7
14,350,21.000000,10000.000000,2,0,1233691196,1050,68,1050,68,0,59,7
14,350,21.000000,10000.000000,2,0,1233691199,1051,68,1051,68,0,59,7
14,350,21.000000,10000.000000,2,0,1233691202,1052,68,1052,68,0,59,7
14,350,21.000000,10000.000000,2,0,1233691205,1053,68,1053,68,0,59,7
14,350,21.000000,10000.000000,2,0,1233691208,1054,68,1054,68,0,59,7
14,350,21.000000,10000.000000,2,0,1233691210,1055,68,1055,68,0,59,7
14,350,21.000000,10000.000000,2,0,1233691213,1056,68,1056,68,0,59,7
14,350,21.000000,10000.000000,2,0,1233691216,1058,68,1058,68,0,59,7
14,350,21.000000,10000.000000,2,0,1233691219,1061,68,1061,68,0,59,7
14,350,21.000000,10000.000000,2,0,1233691222,1061,68,1061,68,0,59,7
14,350,21.000000,10000.000000,2,0,1233691225,1063,68,1063,68,0,59,7
14,350,21.000000,10000.000000,2,0,1233691227,1065,68,1065,68,0,59,7
14,350,21.000000,10000.000000,2,0,1233691230,1066,68,1066,68,0,59,7
14,350,21.000000,10000.000000,2,0,1233691233,1067,68,1067,68,0,59,7
14,350,21.000000,10000.000000,2,0,1233691236,1067,68,1067,68,0,59,7
14,350,21.000000,10000.000000,2,0,1233691238,1068,68,1068,68,0,59,7
14,350,21.000000,10000.000000,2,0,1233691241,1069,68,1069,68,0,59,7
14,350,21.000000,10000.000000,2,0,1233691244,1070,68,1070,68,0,59,7
14,350,21.000000,10000.000000,2,0,1233691247,1071,68,1071,68,0,59,7
14,350,21.000000,10000.000000,2,0,1233691249,1072,68,1072,68,0,59,7
14,350,21.000000,10000.000000,2,0,1233691252,1072,68,1072,68,0,59,7
14,350,21.000000,10000.000000,2,0,1233691255,1074,68,1074,68,0,59,7
14,350,21.000000,10000.000000,2,0,1233691258,1076,68,1076,68,0,59,7
14,350,21.000000,10000.000000,2,0,1233691260,1076,68,1076,68,0,59,7
14,350,21.000000,10000.000000,2,0,1233691263,1076,68,1076,68,0,59,7
14,350,21.000000,10000.000000,2,0,1233691266,1076,68,1076,68,0,59,7
14,350,21.000000,10000.000000,2,0,1233691269,1077,68,1077,68,0,59,7
14,350,21.000000,10000.000000,2,0,1233691271,1078,68,1078,68,0,59,7
14,350,21.000000,10000.000000,2,0,1233691274,1079,68,1079,68,0,59,7
14,350,21.000000,10000.000000,2,0,1233691277,1079,67,1079,67,0,59,7
14,350,21.000000,10000.000000,2,0,1233691280,1079,66,1079,66,0,59,7
14,350,21.000000,10000.000000,2,0,1233691283,1080,66,1080,66,0,59,7
14,350,21.000000,10000.000000,2,0,1233691285,1081,66,1081,66,0,59,7
14,350,21.000000,10000.000000,2,0,1233691288,1081,65,1081,65,0,59,7
14,350,21.000000,10000.000000,2,0,1233691291,1081,64,1081,64,0,59,7
14,350,21.000000,10000.000000,2,0,1233691294,1082,63,1082,63,0,59,7
14,350,21.000000,10000.000000,2,0,1233691296,1083,61,1083,61,0,59,7
14,350,21.000000,10000.000000,2,0,1233691299,1084,59,1084,59,0,59,7
14,350,21.000000,10000.000000,2,0,1233691302,1085,59,1085,59,0,59,7
14,350,21.000000,10000.000000,2,0,1233691305,1087,57,1087,57,0,59,7
14,350,21.000000,10000.000000,2,0,1233691308,1088,57,1088,57,0,59,7
14,350,21.000000,10000.000000,2,0,1233691310,1089,56,1089,56,0,59,7
14,350,21.000000,10000.000000,2,0,1233691313,1091,55,1091,55,0,59,7
14,350,21.000000,10000.000000,2,0,1233691316,1093,55,1093,55,0,59,7
14,350,21.000000,10000.000000,2,0,1233691319,1095,53,1095,53,0,59,7
14,350,21.000000,10000.000000,2,0,1233691322,1096,52,1096,52,0,59,7
14,350,21.000000,10000.000000,2,0,1233691324,1097,51,1097,51,0,59,7
14,350,21.000000,10000.000000,2,0,1233691327,1099,50,1099,50,0,59,7
14,350,21.000000,10000.000000,2,0,1233691330,1101,49,1101,49,0,59,7
14,350,21.000000,10000.000000,2,0,1233691333,1103,48,1103,48,0,59,7
14,350,21.000000,10000.000000,2,0,1233691335,1104,47,1104,47,0,59,7
14,350,21.000000,10000.000000,2,0,1233691338,1106,46,1106,46,0,59,7
14,350,21.000000,10000.000000,2,0,1233691341,1106,44,1106,44,0,59,7
14,350,21.000000,10000.000000,2,0,1233691344,1107,44,1107,44,0,59,7
14,350,21.000000,10000.000000,2,0,1233691346,1108,43,1108,43,0,59,7
14,350,21.000000,10000.000000,2,0,1233691349,1110,42,1110,42,0,59,7
14,350,21.000000,10000.000000,2,0,1233691352,1112,41,1112,41,0,59,7
14,350,21.000000,10000.000000,2,0,1233691355,1114,41,1114,41,0,59,7
14,350,21.000000,10000.000000,2,0,1233691358,1114,40,1114,40,0,59,7
14,350,21.000000,10000.000000,2,0,1233691360,1116,39,1116,39,0,59,7
14,350,21.000000,10000.000000,2,0,1233691363,1118,38,1118,38,0,59,7
14,350,21.000000,10000.000000,2,0,1233691366,1120,37,1120,37,0,59,7
14,350,21.000000,10000.000000,2,0,1233691369,1123,35,1123,35,0,59,7
14,350,21.000000,10000.000000,2,0,1233691372,1125,35,1125,35,0,59,7
14,350,21.000000,10000.000000,2,0,1233691374,1126,32,1126,32,0,59,7
14,350,21.000000,10000.000000,2,0,1233691377,1129,32,1129,32,0,59,7
14,350,21.000000,10000.000000,2,0,1233691380,1132,32,1132,32,0,59,7
14,350,21.000000,10000.000000,2,0,1233691383,1133,30,1133,30,0,59,7
14,350,21.000000,10000.000000,2,0,1233691386,1135,29,1135,29,0,59,7
14,350,21.000000,10000.000000,2,0,1233691388,1137,28,1137,28,0,59,7
14,350,21.000000,10000.000000,2,0,1233691391,1138,28,1138,28,0,59,7
14,350,21.000000,10000.000000,2,0,1233691394,1140,27,1140,27,0,59,7
14,350,21.000000,10000.000000,2,0,1233691397,1142,27,1142,27,0,59,7
14,350,21.000000,10000.000000,2,0,1233691399,1143,26,1143,26,0,59,7
14,350,21.000000,10000.000000,2,0,1233691402,1144,25,1144,25,0,59,7
14,350,21.000000,10000.000000,2,0,1233691405,1146,25,1146,25,0,59,7
14,350,21.000000,10000.000000,2,0,1233691408,1146,23,1146,23,0,59,7
14,350,21.000000,10000.000000,2,0,1233691410,1146,21,1146,21,0,59,7
14,350,21.000000,10000.000000,2,0,1233691413,1147,21,1147,21,0,59,7
14,350,21.000000,10000.000000,2,0,1233691416,1147,20,1147,20,0,59,7
14,350,21.000000,10000.000000,2,0,1233691419,1147,18,1147,18,0,59,7
14,350,21.000000,10000.000000,2,0,1233691422,1147,16,1147,16,0,59,7
14,350,21.000000,10000.000000,2,0,1233691424,1148,16,1148,16,0,59,7
14,350,21.000000,10000.000000,2,0,1233691427,1149,16,1149,16,0,59,7
14,350,21.000000,10000.000000,2,0,1233691430,1150,15,1150,15,0,59,7
14,350,21.000000,10000.000000,2,0,1233691433,1151,14,1151,14,0,59,7
14,350,21.000000,10000.000000,2,0,1233691435,1151,13,1151,13,0,59,7
14,350,21.000000,10000.000000,2,0,1233691438,1152,12,1152,12,0,59,7
14,350,21.000000,10000.000000,2,0,1233691441,1152,11,1152,11,0,59,7
14,350,21.000000,10000.000000,2,0,1233691444,1152,10,1152,10,0,59,7
14,350,21.000000,10000.000000,2,0,1233691447,1152,10,1152,10,0,59,7
14,350,21.000000,10000.000000,2,0,1233691449,1153,10,1153,10,0,59,7
14,350,21.000000,10000.000000,2,0,1233691452,1154,10,1154,10,0,59,7
14,350,21.000000,10000.000000,2,0,1233691455,1155,9,1155,9,0,59,7
14,350,21.000000,10000.000000,2,0,1233691458,1155,9,1155,9,0,59,7
14,350,21.000000,10000.000000,2,0,1233691461,1155,8,1155,8,0,59,7
14,350,21.000000,10000.000000,2,0,1233691463,1155,7,1155,7,0,59,7
14,350,21.000000,10000.000000,2,0,1233691466,1155,6,1155,6,0,59,7
14,350,21.000000,10000.000000,2,0,1233691469,1155,5,1155,5,0,59,7
14,350,21.000000,10000.000000,2,0,1233691472,1156,5,1156,5,0,59,7
14,350,21.000000,10000.000000,2,0,1233691474,1157,5,1157,5,0,59,7
14,350,21.000000,10000.000000,2,0,1233691477,1157,4,1157,4,0,59,7
14,350,21.000000,10000.000000,2,0,1233691480,1157,3,1157,3,0,59,7
14,350,21.000000,10000.000000,2,0,1233691483,1157,2,1157,2,0,59,7
14,350,21.000000,10000.000000,2,0,1233691486,1157,2,1157,2,0,59,7
14,350,21.000000,10000.000000,2,0,1233691488,1157,2,1157,2,0,59,7
14,350,21.000000,10000.000000,2,0,1233691491,1157,2,1157,2,0,59,7
14,350,21.000000,10000.000000,2,0,1233691494,1157,2,1157,2,0,59,7
14,350,21.000000,10000.000000,2,0,1233691496,1157,2,1157,2,0,59,7
14,350,21.000000,10000.000000,2,0,1233691499,1157,2,1157,2,0,59,7
14,350,21.000000,10000.000000,2,0,1233691502,1157,2,1157,2,0,59,7
14,350,21.000000,10000.000000,2,0,1233691505,1157,2,1157,2,0,59,7
14,350,21.000000,10000.000000,2,0,1233691508,1157,0,1157,0,0,59,7
14,350,21.000000,10000.000000,2,0,1233691510,1157,0,1157,-1,0,59,7
14,350,21.000000,10000.000000,2,0,1233691513,1157,0,1157,-2,0,59,7
14,350,21.000000,10000.000000,2,0,1233691516,1157,0,1157,-2,0,59,7
14,350,21.000000,10000.000000,2,0,1233691519,1157,0,1157,-2,0,59,7
14,350,21.000000,10000.000000,2,0,1233691521,1157,0,1157,-2,0,59,7
14,350,21.000000,10000.000000,2,0,1233691524,1157,0,1157,-2,0,59,7
14,350,21.000000,10000.000000,2,0,1233691527,1157,0,1157,-2,0,59,7
14,350,21.000000,10000.000000,2,0,1233691530,1157,0,1157,-2,0,59,7
14,350,21.000000,10000.000000,2,0,1233691533,1157,0,1157,-2,0,59,7
14,350,21.000000,10000.000000,2,0,1233691536,1157,0,1157,-2,0,59,7
14,350,21.000000,10000.000000,2,0,1233691538,1157,0,1157,-2,0,59,7
14,350,21.000000,10000.000000,2,0,1233691541,1157,0,1157,-2,0,59,7
14,350,21.000000,10000.000000,2,0,1233691544,1157,0,1157,-2,0,59,7
14,350,21.000000,10000.000000,2,0,1233691547,1157,0,1157,-2,0,59,7
14,350,21.000000,10000.000000,2,0,1233691549,1157,0,1157,-2,0,59,7
14,350,21.000000,10000.000000,2,0,1233691552,1157,0,1157,-2,0,59,7
14,350,21.000000,10000.000000,2,0,1233691555,1157,0,1157,-2,0,59,7
14,350,21.000000,10000.000000,2,0,1233691558,1157,0,1157,-2,0,59,7
14,350,21.000000,10000.000000,2,0,1233691561,1157,0,1157,-2,0,59,7
14,350,21.000000,10000.000000,2,0,1233691563,1157,0,1157,-2,0,59,7
14,350,21.000000,10000.000000,2,0,1233691566,1157,0,1157,-2,0,59,7
14,350,21.000000,10000.000000,2,0,1233691569,1157,0,1157,-2,0,59,7
14,350,21.000000,10000.000000,2,0,1233691571,1157,0,1157,-2,0,59,7
14,350,21.000000,10000.000000,2,0,1233691575,1157,0,1157,-2,0,59,7
14,350,21.000000,10000.000000,2,0,1233691577,1157,0,1157,-2,0,59,7
14,350,21.000000,10000.000000,2,0,1233691580,1157,0,1157,-2,0,59,7
14,350,21.000000,10000.000000,2,0,1233691583,1157,0,1157,-3,0,59,7
14,350,21.000000,10000.000000,2,0,1233691586,1157,0,1157,-4,0,59,7
14,350,21.000000,10000.000000,2,0,1233691588,1157,0,1157,-5,0,59,7
14,350,21.000000,10000.000000,2,0,1233691591,1155,0,1155,-5,0,59,7
14,350,21.000000,10000.000000,2,0,1233691594,1153,0,1153,-5,0,59,7
14,350,21.000000,10000.000000,2,0,1233691597,1153,0,1153,-5,0,59,7
14,350,21.000000,10000.000000,2,0,1233691600,1153,0,1153,-5,0,59,7
14,350,21.000000,10000.000000,2,0,1233691602,1153,0,1153,-5,0,59,7
14,350,21.000000,10000.000000,2,0,1233691605,1153,0,1153,-5,0,59,7
14,350,21.000000,10000.000000,2,0,1233691608,1153,0,1153,-5,0,59,7
14,350,21.000000,10000.000000,2,0,1233691611,1152,0,1152,-5,0,59,7
14,350,21.000000,10000.000000,2,0,1233691613,1152,0,1152,-5,0,59,7
14,350,21.000000,10000.000000,2,0,1233691616,1152,0,1152,-5,0,59,7
14,350,21.000000,10000.000000,2,0,1233691619,1151,0,1151,-5,0,59,7
14,350,21.000000,10000.000000,2,0,1233691622,1150,0,1150,-5,0,59,7
14,350,21.000000,10000.000000,2,0,1233691624,1149,0,1149,-5,0,59,7
14,350,21.000000,10000.000000,2,0,1233691627,1148,0,1148,-6,0,59,7
14,350,21.000000,10000.000000,2,0,1233691630,1147,0,1147,-7,0,59,7
14,350,21.000000,10000.000000,2,0,1233691633,1147,0,1147,-7,0,59,7
14,350,21.000000,10000.000000,2,0,1233691636,1147,0,1147,-7,0,59,7
14,350,21.000000,10000.000000,2,0,1233691638,1146,0,1146,-7,0,59,7
14,350,21.000000,10000.000000,2,0,1233691641,1146,0,1146,-7,0,59,7
14,350,21.000000,10000.000000,2,0,1233691644,1146,0,1146,-7,0,59,7
14,350,21.000000,10000.000000,2,0,1233691647,1145,0,1145,-7,0,59,7
14,350,21.000000,10000.000000,2,0,1233691649,1144,0,1144,-7,0,59,7
14,350,21.000000,10000.000000,2,0,1233691652,1144,0,1144,-7,0,59,7
14,350,21.000000,10000.000000,2,0,1233691655,1144,0,1144,-7,0,59,7
14,350,21.000000,10000.000000,2,0,1233691658,1144,0,1144,-7,0,59,7
14,350,21.000000,10000.000000,2,0,1233691660,1144,0,1144,-7,0,59,7
14,350,21.000000,10000.000000,2,0,1233691664,1144,0,1144,-7,0,59,7
14,350,21.000000,10000.000000,2,0,1233691666,1144,0,1144,-7,0,59,7
14,350,21.000000,10000.000000,2,0,1233691669,1144,0,1144,-7,0,59,7
14,350,21.000000,10000.000000,2,0,1233691671,1144,0,1144,-7,0,59,7
14,350,21.000000,10000.000000,2,0,1233691675,1144,0,1144,-7,0,59,7
14,350,21.000000,10000.000000,2,0,1233691677,1144,0,1144,-7,0,59,7
14,350,21.000000,10000.000000,2,0,1233691680,1144,0,1144,-7,0,59,7
14,350,21.000000,10000.000000,2,0,1233691683,1144,0,1144,-7,0,59,7
14,350,21.000000,10000.000000,2,0,1233691686,1144,0,1144,-7,0,59,7
14,350,21.000000,10000.000000,2,0,1233691688,1144,0,1144,-7,0,59,7
14,350,21.000000,10000.000000,2,0,1233691691,1144,0,1144,-7,0,59,7
14,350,21.000000,10000.000000,2,0,1233691694,1144,0,1144,-7,0,59,7
14,350,21.000000,10000.000000,2,0,1233691697,1144,0,1144,-7,0,59,7
14,350,21.000000,10000.000000,2,0,1233691700,1144,0,1144,-7,0,59,7
14,350,21.000000,10000.000000,2,0,1233691702,1144,0,1144,-7,0,59,7
14,350,21.000000,10000.000000,2,0,1233691705,1144,0,1144,-7,0,59,7
14,350,21.000000,10000.000000,2,0,1233691708,1144,0,1144,-7,0,59,7
14,350,21.000000,10000.000000,2,0,1233691711,1144,0,1144,-7,0,59,7
14,350,21.000000,10000.000000,2,0,1233691713,1144,0,1144,-7,0,59,7
14,350,21.000000,10000.000000,2,0,1233691716,1144,0,1144,-7,0,59,7
14,350,21.000000,10000.000000,2,0,1233691719,1144,0,1144,-7,0,59,7
14,350,21.000000,10000.000000,2,0,1233691722,1143,0,1143,-8,0,59,7
14,350,21.000000,10000.000000,2,0,1233691725,1142,0,1142,-9,0,59,7
14,350,21.000000,10000.000000,2,0,1233691727,1142,0,1142,-9,0,59,7
14,350,21.000000,10000.000000,2,0,1233691730,1142,0,1142,-9,0,59,7
14,350,21.000000,10000.000000,2,0,1233691733,1142,0,1142,-9,0,59,7
14,350,21.000000,10000.000000,2,0,1233691736,1142,0,1142,-9,0,59,7
14,350,21.000000,10000.000000,2,0,1233691739,1142,0,1142,-9,0,59,7
14,350,21.000000,10000.000000,2,0,1233691741,1142,0,1142,-9,0,59,7
14,350,21.000000,10000.000000,2,0,1233691744,1142,0,1142,-9,0,59,7
14,350,21.000000,10000.000000,2,0,1233691747,1142,0,1142,-9,0,59,7
14,350,21.000000,10000.000000,2,0,1233691750,1142,0,1142,-9,0,59,7
14,350,21.000000,10000.000000,2,0,1233691752,1142,0,1142,-9,0,59,7
14,350,21.000000,10000.000000,2,0,1233691755,1142,0,1142,-9,0,59,7
14,350,21.000000,10000.000000,2,0,1233691758,1142,0,1142,-9,0,59,7
14,350,21.000000,10000.000000,2,0,1233691761,1142,0,1142,-9,0,59,7
14,350,21.000000,10000.000000,2,0,1233691764,1142,0,1142,-9,0,59,7
14,350,21.000000,10000.000000,2,0,1233691766,1142,0,1142,-9,0,59,7
14,350,21.000000,10000.000000,2,0,1233691769,1142,0,1142,-9,0,59,7
14,350,21.000000,10000.000000,2,0,1233691772,1142,0,1142,-9,0,59,7
14,350,21.000000,10000.000000,2,0,1233691775,1141,0,1141,-9,0,59,7
14,350,21.000000,10000.000000,2,0,1233691777,1140,0,1140,-9,0,59,7
14,350,21.000000,10000.000000,2,0,1233691780,1140,0,1140,-9,0,59,7
14,350,21.000000,10000.000000,2,0,1233691783,1140,0,1140,-9,0,59,7
14,350,21.000000,10000.000000,2,0,1233691786,1140,0,1140,-9,0,59,7
14,350,21.000000,10000.000000,2,0,1233691789,1140,0,1140,-9,0,59,7
14,350,21.000000,10000.000000,2,0,1233691792,1140,0,1140,-9,0,59,7
14,350,21.000000,10000.000000,2,0,1233691795,1140,0,1140,-9,0,59,7
14,350,21.000000,10000.000000,2,0,1233691799,1140,0,1140,-9,0,59,7
14,350,21.000000,10000.000000,2,0,1233691801,1140,0,1140,-9,0,59,7
14,350,21.000000,10000.000000,2,0,1233691804,1140,0,1140,-9,0,59,7
14,350,21.000000,10000.000000,2,0,1233691807,1140,0,1140,-9,0,59,7
14,350,21.000000,10000.000000,2,0,1233691809,1140,0,1140,-9,0,59,7
14,350,21.000000,10000.000000,2,0,1233691811,1140,0,1140,-9,0,59,7
14,350,21.000000,10000.000000,2,0,1233691814,1140,0,1140,-9,0,59,7
14,350,21.000000,10000.000000,2,0,1233691817,1140,0,1140,-9,0,59,7
14,350,21.000000,10000.000000,2,0,1233691820,1140,0,1140,-9,0,59,7
14,350,21.000000,10000.000000,2,0,1233691822,1140,0,1140,-9,0,59,7
14,350,21.000000,10000.000000,2,0,1233691825,1140,0,1140,-9,0,59,7
14,350,21.000000,10000.000000,2,0,1233691828,1140,0,1140,-9,0,59,7
14,350,21.000000,10000.000000,2,0,1233691830,1140,0,1140,-9,0,59,7
14,350,21.000000,10000.000000,2,0,1233691833,1140,0,1140,-9,0,59,7
14,350,21.000000,10000.000000,2,0,1233691836,1140,0,1140,-9,0,59,7
14,350,21.000000,10000.000000,2,0,1233691839,1140,0,1140,-9,0,59,7
14,350,21.000000,10000.000000,2,0,1233691841,1140,0,1140,-9,0,59,7
14,350,21.000000,10000.000000,2,0,1233691844,1140,0,1140,-9,0,59,7
14,350,21.000000,10000.000000,2,0,1233691847,1140,0,1140,-9,0,59,7
14,350,21.000000,10000.000000,2,0,1233691849,1140,0,1140,-9,0,59,7
14,350,21.000000,10000.000000,2,0,1233691852,1140,0,1140,-9,0,59,7
14,350,21.000000,10000.000000,2,0,1233691855,1140,0,1140,-9,0,59,7
14,350,21.000000,10000.000000,2,0,1233691858,1140,0,1140,-9,0,59,7
14,350,21.000000,10000.000000,2,0,1233691861,1140,0,1140,-9,0,59,7
14,350,21.000000,10000.000000,2,0,1233691864,1140,0,1140,-9,0,59,7
14,350,21.000000,10000.000000,2,0,1233691866,1140,0,1140,-9,0,59,7
14,350,21.000000,10000.000000,2,0,1233691869,1140,0,1140,-9,0,59,7
14,350,21.000000,10000.000000,2,0,1233691872,1140,0,1140,-9,0,59,7
14,350,21.000000,10000.000000,2,0,1233691874,1140,0,1140,-9,0,59,7
14,350,21.000000,10000.000000,2,0,1233691878,1140,0,1140,-9,0,59,7
14,350,21.000000,10000.000000,2,0,1233691880,1140,0,1140,-9,0,59,7
14,350,21.000000,10000.000000,2,0,1233691883,1140,0,1140,-9,0,59,7
14,350,21.000000,10000.000000,2,0,1233691886,1140,0,1140,-9,0,59,7
14,350,21.000000,10000.000000,2,0,1233691889,1140,0,1140,-9,0,59,7
14,350,21.000000,10000.000000,2,0,1233691891,1140,0,1140,-9,0,59,7
14,350,21.000000,10000.000000,2,0,1233691905,1140,0,1140,-9,0,59,7
