13,700,21.000000,10000.000000,0,5,14470564,614,0,614,0,0,117,2,1
13,700,21.000000,10000.000000,0,5,14470565,614,0,614,0,0,117,2,1
13,700,21.000000,10000.000000,0,5,14470567,614,0,614,0,0,117,2,1
13,700,21.000000,10000.000000,0,5,14470570,614,0,614,0,0,117,2,1
13,700,21.000000,10000.000000,0,5,14470573,614,0,614,0,0,117,2,1
13,700,21.000000,10000.000000,0,5,14470576,614,0,614,0,0,117,2,1
13,700,21.000000,10000.000000,0,5,14470579,614,0,614,0,0,117,2,1
13,700,21.000000,10000.000000,0,5,14470581,614,0,614,0,0,117,2,1
13,700,21.000000,10000.000000,0,5,14470584,614,0,614,0,0,117,2,1
13,700,21.000000,10000.000000,0,5,14470587,614,0,614,0,0,117,2,1
13,700,21.000000,10000.000000,0,5,14470590,614,0,614,0,0,117,2,1
13,700,21.000000,10000.000000,0,5,14470592,614,0,614,0,0,117,2,1
13,700,21.000000,10000.000000,0,5,14470595,614,0,614,0,0,117,2,1
13,700,21.000000,10000.000000,0,5,14470598,614,0,614,0,0,117,2,1
13,700,21.000000,10000.000000,0,5,14470601,614,0,614,0,0,117,2,1
13,700,21.000000,10000.000000,0,5,14470604,614,0,614,0,0,117,2,1
13,700,21.000000,10000.000000,0,5,14470606,614,0,614,0,0,117,2,1
13,700,21.000000,10000.000000,0,5,14470609,614,0,614,0,0,117,2,1
13,700,21.000000,10000.000000,0,5,14470612,614,0,614,0,0,117,2,1
13,700,21.000000,10000.000000,0,5,14470615,614,0,614,0,0,117,2,1
13,700,21.000000,10000.000000,0,5,14470618,614,0,614,0,0,117,2,1
13,700,21.000000,10000.000000,0,5,14470620,614,0,614,0,0,117,2,1
13,700,21.000000,10000.000000,0,5,14470623,614,0,614,0,0,117,2,1
13,700,21.000000,10000.000000,0,5,14470626,614,0,614,0,0,117,2,1
13,700,21.000000,10000.000000,0,5,14470629,614,0,614,0,0,117,2,1
13,700,21.000000,10000.000000,0,5,14470631,614,0,614,0,0,117,2,1
13,700,21.000000,10000.000000,0,5,14470634,614,0,614,0,0,117,2,1
13,700,21.000000,10000.000000,0,5,14470637,614,0,614,0,0,117,2,1
13,700,21.000000,10000.000000,0,5,14470640,614,0,614,0,0,117,2,1
13,700,21.000000,10000.000000,0,5,14470642,614,0,614,0,0,117,2,1
13,700,21.000000,10000.000000,0,5,14470645,614,0,614,0,0,117,2,1
13,700,21.000000,10000.000000,0,5,14470648,614,0,614,0,0,117,2,1
13,700,21.000000,10000.000000,0,5,14470651,614,0,614,0,0,117,2,1
13,700,21.000000,10000.000000,0,5,14470654,614,0,614,0,0,117,2,1
13,700,21.000000,10000.000000,0,5,14470656,614,0,614,0,0,117,2,1
13,700,21.000000,10000.000000,0,5,14470659,615,0,615,0,0,117,2,1
13,700,21.000000,10000.000000,0,5,14470662,616,0,616,0,0,117,2,1
13,700,21.000000,10000.000000,0,5,14470665,617,0,617,0,0,117,2,1
13,700,21.000000,10000.000000,0,5,14470667,618,0,618,0,0,117,2,1
13,700,21.000000,10000.000000,0,5,14470670,619,0,619,0,0,117,2,1
13,700,21.000000,10000.000000,0,5,14470673,621,0,621,0,0,117,2,1
13,700,21.000000,10000.000000,0,5,14470676,623,0,623,0,0,117,2,1
13,700,21.000000,10000.000000,0,5,14470678,627,0,627,-1,0,117,2,1
13,700,21.000000,10000.000000,0,5,14470681,631,0,631,-1,0,117,2,1
13,700,21.000000,10000.000000,0,5,14470684,635,0,635,-1,0,117,2,1
13,700,21.000000,10000.000000,0,5,14470687,640,0,640,-1,0,117,2,1
13,700,21.000000,10000.000000,0,5,14470690,644,0,644,-1,0,117,2,1
13,700,21.000000,10000.000000,0,5,14470692,650,0,650,-1,0,117,2,1
13,700,21.000000,10000.000000,0,5,14470695,656,0,656,-1,0,117,2,1
13,700,21.000000,10000.000000,0,5,14470698,662,0,662,-1,0,117,2,1
13,700,21.000000,10000.000000,0,5,14470701,672,0,672,-1,0,117,2,1
13,700,21.000000,10000.000000,0,5,14470704,688,0,688,-1,0,117,2,1
13,700,21.000000,10000.000000,0,5,14470706,695,0,695,-1,0,117,2,1
13,700,21.000000,10000.000000,0,5,14470709,705,0,705,-1,0,117,2,1
13,700,21.000000,10000.000000,0,5,14470712,720,0,720,-1,0,117,2,1
13,700,21.000000,10000.000000,0,5,14470715,728,0,728,-1,0,117,2,1
13,700,21.000000,10000.000000,0,5,14470717,740,0,740,-1,0,117,2,1
13,700,21.000000,10000.000000,0,5,14470720,753,0,753,-1,0,117,2,1
13,700,21.000000,10000.000000,0,5,14470723,765,0,765,-1,0,117,2,1
13,700,21.000000,10000.000000,0,5,14470726,789,0,789,-1,0,117,2,1
13,700,21.000000,10000.000000,0,5,14470728,800,0,800,-1,0,117,2,1
13,700,21.000000,10000.000000,0,5,14470731,808,0,808,-1,0,117,2,1
13,700,21.000000,10000.000000,0,5,14470734,824,0,824,-1,0,117,2,1
13,700,21.000000,10000.000000,0,5,14470737,841,0,841,-2,0,117,2,1
13,700,21.000000,10000.000000,0,5,14470740,857,0,857,-2,0,117,2,1
13,700,21.000000,10000.000000,0,5,14470742,887,0,887,-2,0,117,2,1
13,700,21.000000,10000.000000,0,5,14470745,905,0,905,-2,0,117,2,1
13,700,21.000000,10000.000000,0,5,14470748,919,0,919,-2,0,117,2,1
13,700,21.000000,10000.000000,0,5,14470751,929,0,929,-3,0,117,2,1
13,700,21.000000,10000.000000,0,5,14470753,944,0,944,-3,0,117,2,1
13,700,21.000000,10000.000000,0,5,14470756,965,0,965,-4,0,117,2,1
13,700,21.000000,10000.000000,0,5,14470759,976,0,976,-4,0,117,2,1
13,700,21.000000,10000.000000,0,5,14470762,1002,0,1002,-5,0,117,2,1
13,700,21.000000,10000.000000,0,5,14470765,1012,0,1012,-5,0,117,2,1
13,700,21.000000,10000.000000,0,5,14470767,1024,0,1024,-6,0,117,2,1
13,700,21.000000,10000.000000,0,5,14470770,1030,0,1030,-6,0,117,2,1
13,700,21.000000,10000.000000,0,5,14470773,1037,0,1037,-6,0,117,2,1
13,700,21.000000,10000.000000,0,5,14470776,1046,0,1046,-7,0,117,2,1
13,700,21.000000,10000.000000,0,5,14470779,1052,0,1052,-7,0,117,2,1
13,700,21.000000,10000.000000,0,5,14470781,1060,0,1060,-7,0,117,2,1
13,700,21.000000,10000.000000,0,5,14470784,1070,0,1070,-7,0,117,2,1
13,700,21.000000,10000.000000,0,5,14470787,1077,0,1077,-7,0,117,2,1
13,700,21.000000,10000.000000,0,5,14470790,1081,0,1081,-7,0,117,2,1
13,700,21.000000,10000.000000,0,5,14470792,1087,0,1087,-8,0,117,2,1
13,700,21.000000,10000.000000,0,5,14470795,1092,0,1092,-8,0,117,2,1
13,700,21.000000,10000.000000,0,5,14470798,1096,0,1096,-8,0,117,2,1
13,700,21.000000,10000.000000,0,5,14470801,1101,0,1101,-8,0,117,2,1
13,700,21.000000,10000.000000,0,5,14470804,1105,0,1105,-8,0,117,2,1
13,700,21.000000,10000.000000,0,5,14470806,1106,0,1106,-8,0,117,2,1
13,700,21.000000,10000.000000,0,5,14470809,1108,0,1108,-8,0,117,2,1
13,700,21.000000,10000.000000,0,5,14470812,1111,0,1111,-8,0,117,2,1
13,700,21.000000,10000.000000,0,5,14470815,1113,0,1113,-9,0,117,2,1
13,700,21.000000,10000.000000,0,5,14470817,1115,0,1115,-9,0,117,2,1
13,700,21.000000,10000.000000,0,5,14470821,1116,0,1116,-9,0,117,2,1
13,700,21.000000,10000.000000,0,5,14470823,1117,0,1117,-9,0,117,2,1
13,700,21.000000,10000.000000,0,5,14470826,1118,0,1118,-9,0,117,2,1
13,700,21.000000,10000.000000,0,5,14470829,1119,0,1119,-9,0,117,2,1
13,700,21.000000,10000.000000,0,5,14470832,1120,0,1120,-9,0,117,2,1
13,700,21.000000,10000.000000,0,5,14470834,1120,0,1120,-9,0,117,2,1
13,700,21.000000,10000.000000,0,5,14470837,1120,0,1120,-9,0,117,2,1
13,700,21.000000,10000.000000,0,5,14470840,1120,0,1120,-9,0,117,2,1
13,700,21.000000,10000.000000,0,5,14470843,1120,0,1120,-9,0,117,2,1
13,700,21.000000,10000.000000,0,5,14470846,1120,0,1120,-9,0,117,2,1
13,700,21.000000,10000.000000,0,5,14470848,1120,0,1120,-9,0,117,2,1
13,700,21.000000,10000.000000,0,5,14470851,1120,0,1120,-9,0,117,2,1
13,700,21.000000,10000.000000,0,5,14470854,1120,0,1120,-9,0,117,2,1
13,700,21.000000,10000.000000,0,5,14470857,1120,0,1120,-9,0,117,2,1
13,700,21.000000,10000.000000,0,5,14470860,1120,0,1120,-9,0,117,2,1
13,700,21.000000,10000.000000,0,5,14470862,1120,0,1120,-9,0,117,2,1
13,700,21.000000,10000.000000,0,5,14470865,1120,0,1120,-9,0,117,2,1
13,700,21.000000,10000.000000,0,5,14470868,1120,0,1120,-9,0,117,2,1
13,700,21.000000,10000.000000,0,5,14470870,1120,0,1120,-9,0,117,2,1
13,700,21.000000,10000.000000,0,5,14470873,1120,0,1120,-9,0,117,2,1
13,700,21.000000,10000.000000,0,5,14470876,1120,0,1120,-9,0,117,2,1
13,700,21.000000,10000.000000,0,5,14470880,1120,0,1120,-9,0,117,2,1
13,700,21.000000,10000.000000,0,5,14470882,1120,0,1120,-9,0,117,2,1
13,700,21.000000,10000.000000,0,5,14470885,1120,0,1120,-9,0,117,2,1
13,700,21.000000,10000.000000,0,5,14470888,1120,0,1120,-9,0,117,2,1
13,700,21.000000,10000.000000,0,5,14470891,1120,0,1120,-9,0,117,2,1
13,700,21.000000,10000.000000,0,5,14470894,1121,0,1121,-9,0,117,2,1
13,700,21.000000,10000.000000,0,5,14470896,1121,0,1121,-9,0,117,2,1
13,700,21.000000,10000.000000,0,5,14470899,1121,0,1121,-9,0,117,2,1
13,700,21.000000,10000.000000,0,5,14470902,1122,0,1122,-9,0,117,2,1
13,700,21.000000,10000.000000,0,5,14470905,1122,0,1122,-9,0,117,2,1
13,700,21.000000,10000.000000,0,5,14470908,1123,0,1123,-9,0,117,2,1
13,700,21.000000,10000.000000,0,5,14470911,1124,0,1124,-9,0,117,2,1
13,700,21.000000,10000.000000,0,5,14470913,1124,0,1124,-9,0,117,2,1
13,700,21.000000,10000.000000,0,5,14470916,1124,0,1124,-9,0,117,2,1
13,700,21.000000,10000.000000,0,5,14470919,1126,0,1126,-9,0,117,2,1
13,700,21.000000,10000.000000,0,5,14470922,1127,0,1127,-9,0,117,2,1
13,700,21.000000,10000.000000,0,5,14470924,1127,0,1127,-9,0,117,2,1
13,700,21.000000,10000.000000,0,5,14470927,1127,0,1127,-9,0,117,2,1
13,700,21.000000,10000.000000,0,5,14470930,1128,0,1128,-9,0,117,2,1
13,700,21.000000,10000.000000,0,5,14470933,1128,0,1128,-9,0,117,2,1
13,700,21.000000,10000.000000,0,5,14470935,1128,0,1128,-9,0,117,2,1
13,700,21.000000,10000.000000,0,5,14470938,1129,0,1129,-9,0,117,2,1
13,700,21.000000,10000.000000,0,5,14470941,1130,0,1130,-9,0,117,2,1
13,700,21.000000,10000.000000,0,5,14470943,1131,0,1131,-9,0,117,2,1
13,700,21.000000,10000.000000,0,5,14470946,1131,0,1131,-10,0,117,2,1
13,700,21.000000,10000.000000,0,5,14470949,1131,0,1131,-10,0,117,2,1
13,700,21.000000,10000.000000,0,5,14470952,1132,0,1132,-10,0,117,2,1
13,700,21.000000,10000.000000,0,5,14470954,1133,0,1133,-10,0,117,2,1
13,700,21.000000,10000.000000,0,5,14470957,1134,0,1134,-10,0,117,2,1
13,700,21.000000,10000.000000,0,5,14470960,1135,0,1135,-10,0,117,2,1
13,700,21.000000,10000.000000,0,5,14470962,1136,0,1136,-10,0,117,2,1
13,700,21.000000,10000.000000,0,5,14470965,1137,0,1137,-10,0,117,2,1
13,700,21.000000,10000.000000,0,5,14470968,1138,0,1138,-10,0,117,2,1
13,700,21.000000,10000.000000,0,5,14470971,1140,0,1140,-10,0,117,2,1
13,700,21.000000,10000.000000,0,5,14470973,1143,0,1143,-10,0,117,2,1
13,700,21.000000,10000.000000,0,5,14470976,1146,0,1146,-10,0,117,2,1
13,700,21.000000,10000.000000,0,5,14470979,1149,0,1149,-10,0,117,2,1
13,700,21.000000,10000.000000,0,5,14470982,1153,0,1153,-10,0,117,2,1
13,700,21.000000,10000.000000,0,5,14470985,1158,0,1158,-10,0,117,2,1
13,700,21.000000,10000.000000,0,5,14470987,1161,0,1161,-10,0,117,2,1
13,700,21.000000,10000.000000,0,5,14470990,1167,0,1167,-10,0,117,2,1
13,700,21.000000,10000.000000,0,5,14470993,1172,0,1172,-10,0,117,2,1
13,700,21.000000,10000.000000,0,5,14470996,1176,0,1176,-10,0,117,2,1
13,700,21.000000,10000.000000,0,5,14470998,1182,0,1182,-10,0,117,2,1
13,700,21.000000,10000.000000,0,5,14471001,1188,0,1188,-10,0,117,2,1
13,700,21.000000,10000.000000,0,5,14471004,1198,1,1198,-9,0,117,2,1
13,700,21.000000,10000.000000,0,5,14471007,1209,1,1209,-9,0,117,2,1
13,700,21.000000,10000.000000,0,5,14471010,1216,1,1216,-9,0,117,2,1
13,700,21.000000,10000.000000,0,5,14471013,1221,1,1221,-9,0,117,2,1
13,700,21.000000,10000.000000,0,5,14471015,1230,1,1230,-9,0,117,2,1
13,700,21.000000,10000.000000,0,5,14471018,1236,1,1236,-9,0,117,2,1
13,700,21.000000,10000.000000,0,5,14471021,1242,1,1242,-9,0,117,2,1
13,700,21.000000,10000.000000,0,5,14471024,1247,2,1247,-8,0,117,2,1
13,700,21.000000,10000.000000,0,5,14471026,1252,2,1252,-8,0,117,2,1
13,700,21.000000,10000.000000,0,5,14471029,1258,2,1258,-8,0,117,2,1
13,700,21.000000,10000.000000,0,5,14471032,1263,2,1263,-8,0,117,2,1
13,700,21.000000,10000.000000,0,5,14471035,1265,2,1265,-8,0,117,2,1
13,700,21.000000,10000.000000,0,5,14471037,1269,2,1269,-8,0,117,2,1
13,700,21.000000,10000.000000,0,5,14471040,1272,2,1272,-8,0,117,2,1
13,700,21.000000,10000.000000,0,5,14471043,1275,2,1275,-8,0,117,2,1
13,700,21.000000,10000.000000,0,5,14471046,1277,2,1277,-8,0,117,2,1
13,700,21.000000,10000.000000,0,5,14471049,1281,2,1281,-8,0,117,2,1
13,700,21.000000,10000.000000,0,5,14471051,1282,2,1282,-8,0,117,2,1
13,700,21.000000,10000.000000,0,5,14471054,1283,2,1283,-8,0,117,2,1
13,700,21.000000,10000.000000,0,5,14471057,1283,2,1283,-8,0,117,2,1
13,700,21.000000,10000.000000,0,5,14471060,1284,2,1284,-8,0,117,2,1
13,700,21.000000,10000.000000,0,5,14471062,1284,2,1284,-8,0,117,2,1
13,700,21.000000,10000.000000,0,5,14471065,1284,2,1284,-8,0,117,2,1
13,700,21.000000,10000.000000,0,5,14471068,1284,2,1284,-8,0,117,2,1
13,700,21.000000,10000.000000,0,5,14471070,1284,2,1284,-8,0,117,2,1
13,700,21.000000,10000.000000,0,5,14471073,1284,2,1284,-8,0,117,2,1
13,700,21.000000,10000.000000,0,5,14471076,1284,2,1284,-8,0,117,2,1
13,700,21.000000,10000.000000,0,5,14471079,1284,2,1284,-8,0,117,2,1
13,700,21.000000,10000.000000,0,5,14471082,1284,2,1284,-8,0,117,2,1
13,700,21.000000,10000.000000,0,5,14471084,1284,2,1284,-8,0,117,2,1
13,700,21.000000,10000.000000,0,5,14471087,1284,2,1284,-8,0,117,2,1
13,700,21.000000,10000.000000,0,5,14471090,1284,2,1284,-8,0,117,2,1
13,700,21.000000,10000.000000,0,5,14471093,1284,2,1284,-8,0,117,2,1
13,700,21.000000,10000.000000,0,5,14471095,1284,2,1284,-8,0,117,2,1
13,700,21.000000,10000.000000,0,5,14471098,1284,2,1284,-8,0,117,2,1
13,700,21.000000,10000.000000,0,5,14471101,1284,2,1284,-8,0,117,2,1
13,700,21.000000,10000.000000,0,5,14471104,1284,2,1284,-8,0,117,2,1
13,700,21.000000,10000.000000,0,5,14471107,1284,2,1284,-8,0,117,2,1
13,700,21.000000,10000.000000,0,5,14471109,1284,2,1284,-8,0,117,2,1
13,700,21.000000,10000.000000,0,5,14471112,1284,2,1284,-8,0,117,2,1
13,700,21.000000,10000.000000,0,5,14471115,1284,2,1284,-8,0,117,2,1
13,700,21.000000,10000.000000,0,5,14471118,1285,2,1285,-8,0,117,2,1
13,700,21.000000,10000.000000,0,5,14471120,1286,2,1286,-8,0,117,2,1
13,700,21.000000,10000.000000,0,5,14471123,1286,2,1286,-8,0,117,2,1
13,700,21.000000,10000.000000,0,5,14471126,1286,2,1286,-8,0,117,2,1
13,700,21.000000,10000.000000,0,5,14471129,1286,2,1286,-8,0,117,2,1
13,700,21.000000,10000.000000,0,5,14471132,1286,2,1286,-8,0,117,2,1
13,700,21.000000,10000.000000,0,5,14471134,1286,2,1286,-8,0,117,2,1
13,700,21.000000,10000.000000,0,5,14471137,1286,2,1286,-8,0,117,2,1
13,700,21.000000,10000.000000,0,5,14471140,1286,2,1286,-8,0,117,2,1
13,700,21.000000,10000.000000,0,5,14471143,1287,2,1287,-8,0,117,2,1
13,700,21.000000,10000.000000,0,5,14471145,1288,2,1288,-8,0,117,2,1
13,700,21.000000,10000.000000,0,5,14471148,1288,2,1288,-8,0,117,2,1
13,700,21.000000,10000.000000,0,5,14471151,1288,2,1288,-8,0,117,2,1
13,700,21.000000,10000.000000,0,5,14471154,1288,2,1288,-8,0,117,2,1
13,700,21.000000,10000.000000,0,5,14471157,1289,2,1289,-8,0,117,2,1
13,700,21.000000,10000.000000,0,5,14471159,1290,2,1290,-8,0,117,2,1
13,700,21.000000,10000.000000,0,5,14471162,1291,2,1291,-8,0,117,2,1
13,700,21.000000,10000.000000,0,5,14471165,1292,2,1292,-8,0,117,2,1
13,700,21.000000,10000.000000,0,5,14471168,1293,2,1293,-8,0,117,2,1
13,700,21.000000,10000.000000,0,5,14471170,1294,2,1294,-8,0,117,2,1
13,700,21.000000,10000.000000,0,5,14471173,1295,2,1295,-8,0,117,2,1
13,700,21.000000,10000.000000,0,5,14471176,1297,2,1297,-8,0,117,2,1
13,700,21.000000,10000.000000,0,5,14471179,1299,2,1299,-8,0,117,2,1
13,700,21.000000,10000.000000,0,5,14471182,1300,2,1300,-8,0,117,2,1
13,700,21.000000,10000.000000,0,5,14471185,1301,2,1301,-8,0,117,2,1
13,700,21.000000,10000.000000,0,5,14471187,1302,2,1302,-8,0,117,2,1
13,700,21.000000,10000.000000,0,5,14471190,1303,2,1303,-8,0,117,2,1
13,700,21.000000,10000.000000,0,5,14471193,1304,2,1304,-8,0,117,2,1
13,700,21.000000,10000.000000,0,5,14471195,1305,2,1305,-8,0,117,2,1
13,700,21.000000,10000.000000,0,5,14471198,1306,2,1306,-8,0,117,2,1
13,700,21.000000,10000.000000,0,5,14471201,1306,2,1306,-8,0,117,2,1
13,700,21.000000,10000.000000,0,5,14471204,1306,2,1306,-8,0,117,2,1
13,700,21.000000,10000.000000,0,5,14471207,1306,2,1306,-8,0,117,2,1
13,700,21.000000,10000.000000,0,5,14471209,1306,2,1306,-8,0,117,2,1
13,700,21.000000,10000.000000,0,5,14471212,1306,2,1306,-8,0,117,2,1
13,700,21.000000,10000.000000,0,5,14471215,1306,2,1306,-8,0,117,2,1
13,700,21.000000,10000.000000,0,5,14471218,1306,2,1306,-8,0,117,2,1
13,700,21.000000,10000.000000,0,5,14471220,1306,2,1306,-8,0,117,2,1
13,700,21.000000,10000.000000,0,5,14471223,1306,2,1306,-8,0,117,2,1
13,700,21.000000,10000.000000,0,5,14471226,1306,2,1306,-8,0,117,2,1
13,700,21.000000,10000.000000,0,5,14471229,1306,2,1306,-8,0,117,2,1
13,700,21.000000,10000.000000,0,5,14471232,1306,2,1306,-8,0,117,2,1
13,700,21.000000,10000.000000,0,5,14471234,1306,2,1306,-8,0,117,2,1
13,700,21.000000,10000.000000,0,5,14471237,1306,2,1306,-8,0,117,2,1
13,700,21.000000,10000.000000,0,5,14471240,1306,2,1306,-8,0,117,2,1
13,700,21.000000,10000.000000,0,5,14471243,1306,2,1306,-8,0,117,2,1
13,700,21.000000,10000.000000,0,5,14471246,1306,2,1306,-8,0,117,2,1
13,700,21.000000,10000.000000,0,5,14471248,1306,2,1306,-8,0,117,2,1
13,700,21.000000,10000.000000,0,5,14471251,1306,2,1306,-8,0,117,2,1
13,700,21.000000,10000.000000,0,5,14471254,1306,2,1306,-8,0,117,2,1
13,700,21.000000,10000.000000,0,5,14471257,1307,2,1307,-8,0,117,2,1
13,700,21.000000,10000.000000,0,5,14471259,1308,2,1308,-8,0,117,2,1
13,700,21.000000,10000.000000,0,5,14471262,1308,1,1308,-9,0,117,2,1
13,700,21.000000,10000.000000,0,5,14471265,1309,0,1309,-10,0,117,2,1
13,700,21.000000,10000.000000,0,5,14471268,1310,0,1310,-10,0,117,2,1
13,700,21.000000,10000.000000,0,5,14471270,1311,0,1311,-10,0,117,2,1
13,700,21.000000,10000.000000,0,5,14471273,1312,0,1312,-10,0,117,2,1
13,700,21.000000,10000.000000,0,5,14471276,1313,0,1313,-10,0,117,2,1
13,700,21.000000,10000.000000,0,5,14471279,1314,0,1314,-10,0,117,2,1
13,700,21.000000,10000.000000,0,5,14471282,1315,0,1315,-10,0,117,2,1
13,700,21.000000,10000.000000,0,5,14471285,1316,0,1316,-10,0,117,2,1
13,700,21.000000,10000.000000,0,5,14471287,1317,0,1317,-10,0,117,2,1
13,700,21.000000,10000.000000,0,5,14471290,1318,0,1318,-10,0,117,2,1
13,700,21.000000,10000.000000,0,5,14471293,1319,0,1319,-10,0,117,2,1
13,700,21.000000,10000.000000,0,5,14471296,1320,0,1320,-10,0,117,2,1
13,700,21.000000,10000.000000,0,5,14471298,1320,0,1320,-10,0,117,2,1
13,700,21.000000,10000.000000,0,5,14471301,1321,0,1321,-10,0,117,2,1
13,700,21.000000,10000.000000,0,5,14471304,1321,0,1321,-11,0,117,2,1
13,700,21.000000,10000.000000,0,5,14471307,1321,0,1321,-12,0,117,2,1
13,700,21.000000,10000.000000,0,5,14471310,1321,0,1321,-12,0,117,2,1
13,700,21.000000,10000.000000,0,5,14471313,1321,0,1321,-12,0,117,2,1
13,700,21.000000,10000.000000,0,5,14471315,1321,0,1321,-12,0,117,2,1
13,700,21.000000,10000.000000,0,5,14471318,1321,0,1321,-12,0,117,2,1
13,700,21.000000,10000.000000,0,5,14471321,1321,0,1321,-12,0,117,2,1
13,700,21.000000,10000.000000,0,5,14471323,1321,0,1321,-12,0,117,2,1
13,700,21.000000,10000.000000,0,5,14471326,1321,0,1321,-12,0,117,2,1
13,700,21.000000,10000.000000,0,5,14471329,1321,0,1321,-12,0,117,2,1
13,700,21.000000,10000.000000,0,5,14471332,1321,0,1321,-12,0,117,2,1
13,700,21.000000,10000.000000,0,5,14471334,1321,0,1321,-12,0,117,2,1
13,700,21.000000,10000.000000,0,5,14471337,1321,0,1321,-12,0,117,2,1
13,700,21.000000,10000.000000,0,5,14471340,1321,0,1321,-12,0,117,2,1
13,700,21.000000,10000.000000,0,5,14471343,1321,0,1321,-12,0,117,2,1
13,700,21.000000,10000.000000,0,5,14471346,1321,0,1321,-12,0,117,2,1
13,700,21.000000,10000.000000,0,5,14471348,1321,0,1321,-12,0,117,2,1
13,700,21.000000,10000.000000,0,5,14471351,1321,0,1321,-12,0,117,2,1
13,700,21.000000,10000.000000,0,5,14471354,1321,0,1321,-12,0,117,2,1
13,700,21.000000,10000.000000,0,5,14471357,1321,0,1321,-12,0,117,2,1
13,700,21.000000,10000.000000,0,5,14471359,1321,0,1321,-12,0,117,2,1
13,700,21.000000,10000.000000,0,5,14471362,1321,0,1321,-12,0,117,2,1
13,700,21.000000,10000.000000,0,5,14471365,1321,0,1321,-12,0,117,2,1
13,700,21.000000,10000.000000,0,5,14471368,1321,0,1321,-12,0,117,2,1
13,700,21.000000,10000.000000,0,5,14471371,1321,0,1321,-12,0,117,2,1
13,700,21.000000,10000.000000,0,5,14471373,1321,0,1321,-12,0,117,2,1
13,700,21.000000,10000.000000,0,5,14471376,1321,0,1321,-12,0,117,2,1
13,700,21.000000,10000.000000,0,5,14471379,1321,0,1321,-12,0,117,2,1
13,700,21.000000,10000.000000,0,5,14471382,1321,0,1321,-12,0,117,2,1
13,700,21.000000,10000.000000,0,5,14471385,1321,0,1321,-12,0,117,2,1
13,700,21.000000,10000.000000,0,5,14471387,1321,0,1321,-12,0,117,2,1
13,700,21.000000,10000.000000,0,5,14471390,1321,0,1321,-12,0,117,2,1
13,700,21.000000,10000.000000,0,5,14471393,1321,0,1321,-12,0,117,2,1
13,700,21.000000,10000.000000,0,5,14471396,1321,0,1321,-12,0,117,2,1
13,700,21.000000,10000.000000,0,5,14471398,1321,0,1321,-12,0,117,2,1
13,700,21.000000,10000.000000,0,5,14471401,1321,0,1321,-12,0,117,2,1
13,700,21.000000,10000.000000,0,5,14471404,1321,0,1321,-12,0,117,2,1
13,700,21.000000,10000.000000,0,5,14471407,1321,0,1321,-12,0,117,2,1
13,700,21.000000,10000.000000,0,5,14471410,1321,0,1321,-12,0,117,2,1
13,700,21.000000,10000.000000,0,5,14471423,1321,0,1321,-12,0,117,2,1
