13,700,21.000000,42.000000,1,5,14728792,612,8,612,8,0,140,0,1
13,700,21.000000,42.000000,1,5,14728792,612,8,612,8,0,140,0,1
13,700,21.000000,42.000000,1,5,14728795,612,8,612,8,0,140,0,1
13,700,21.000000,42.000000,1,5,14728798,612,8,612,8,0,140,0,1
13,700,21.000000,42.000000,1,5,14728801,612,8,612,8,0,140,0,1
13,700,21.000000,42.000000,1,5,14728803,612,8,612,8,0,140,0,1
13,700,21.000000,42.000000,1,5,14728806,612,8,612,8,0,140,0,1
13,700,21.000000,42.000000,1,5,14728809,612,8,612,8,0,140,0,1
13,700,21.000000,42.000000,1,5,14728812,612,8,612,8,0,140,0,1
13,700,21.000000,42.000000,1,5,14728815,612,8,612,8,0,140,0,1
13,700,21.000000,42.000000,1,5,14728817,612,8,612,8,0,140,0,1
13,700,21.000000,42.000000,1,5,14728820,612,8,612,8,0,140,0,1
13,700,21.000000,42.000000,1,5,14728823,612,8,612,8,0,140,0,1
13,700,21.000000,42.000000,1,5,14728826,612,8,612,8,0,140,0,1
13,700,21.000000,42.000000,1,5,14728828,612,8,612,8,0,140,0,1
13,700,21.000000,42.000000,1,5,14728831,612,8,612,8,0,140,0,1
13,700,21.000000,42.000000,1,5,14728834,612,8,612,8,0,140,0,1
13,700,21.000000,42.000000,1,5,14728837,612,8,612,8,0,140,0,1
13,700,21.000000,42.000000,1,5,14728840,612,8,612,8,0,140,0,1
13,700,21.000000,42.000000,1,5,14728842,612,8,612,8,0,140,0,1
13,700,21.000000,42.000000,1,5,14728845,612,8,612,8,0,140,0,1
13,700,21.000000,42.000000,1,5,14728848,612,8,612,8,0,140,0,1
13,700,21.000000,42.000000,1,5,14728851,612,8,612,8,0,140,0,1
13,700,21.000000,42.000000,1,5,14728853,612,8,612,8,0,140,0,1
13,700,21.000000,42.000000,1,5,14728856,612,8,612,8,0,140,0,1
13,700,21.000000,42.000000,1,5,14728859,612,8,612,8,0,140,0,1
13,700,21.000000,42.000000,1,5,14728861,612,8,612,8,0,140,0,1
13,700,21.000000,42.000000,1,5,14728864,612,8,612,8,0,140,0,1
13,700,21.000000,42.000000,1,5,14728867,612,8,612,8,0,140,0,1
13,700,21.000000,42.000000,1,5,14728870,612,8,612,8,0,140,0,1
13,700,21.000000,42.000000,1,5,14728873,612,8,612,8,0,140,0,1
13,700,21.000000,42.000000,1,5,14728875,612,8,612,8,0,140,0,1
13,700,21.000000,42.000000,1,5,14728878,612,8,612,8,0,140,0,1
13,700,21.000000,42.000000,1,5,14728881,612,8,612,8,0,140,0,1
13,700,21.000000,42.000000,1,5,14728884,612,8,612,8,0,140,0,1
13,700,21.000000,42.000000,1,5,14728887,612,8,612,8,0,140,0,1
13,700,21.000000,42.000000,1,5,14728889,612,8,612,8,0,140,0,1
13,700,21.000000,42.000000,1,5,14728892,612,8,612,8,0,140,0,1
13,700,21.000000,42.000000,1,5,14728895,612,8,612,8,0,140,0,1
13,700,21.000000,42.000000,1,5,14728898,612,8,612,8,0,140,0,1
13,700,21.000000,42.000000,1,5,14728900,612,8,612,8,0,140,0,1
13,700,21.000000,42.000000,1,5,14728903,612,8,612,8,0,140,0,1
13,700,21.000000,42.000000,1,5,14728906,612,8,612,8,0,140,0,1
13,700,21.000000,42.000000,1,5,14728909,612,8,612,8,0,140,0,1
13,700,21.000000,42.000000,1,5,14728912,612,8,612,8,0,140,0,1
13,700,21.000000,42.000000,1,5,14728914,612,8,612,8,0,140,0,1
13,700,21.000000,42.000000,1,5,14728917,612,8,612,8,0,140,0,1
13,700,21.000000,42.000000,1,5,14728920,612,8,612,8,0,140,0,1
13,700,21.000000,42.000000,1,5,14728923,612,8,612,8,0,140,0,1
13,700,21.000000,42.000000,1,5,14728925,612,8,612,8,0,140,0,1
13,700,21.000000,42.000000,1,5,14728928,612,8,612,8,0,140,0,1
13,700,21.000000,42.000000,1,5,14728931,612,8,612,8,0,140,0,1
13,700,21.000000,42.000000,1,5,14728934,612,8,612,8,0,140,0,1
13,700,21.000000,42.000000,1,5,14728937,612,8,612,8,0,140,0,1
13,700,21.000000,42.000000,1,5,14728939,612,8,612,8,0,140,0,1
13,700,21.000000,42.000000,1,5,14728942,612,8,612,8,0,140,0,1
13,700,21.000000,42.000000,1,5,14728945,612,8,612,8,0,140,0,1
13,700,21.000000,42.000000,1,5,14728948,612,8,612,8,0,140,0,1
13,700,21.000000,42.000000,1,5,14728950,612,8,612,8,0,140,0,1
13,700,21.000000,42.000000,1,5,14728953,612,8,612,8,0,140,0,1
13,700,21.000000,42.000000,1,5,14728956,612,8,612,8,0,140,0,1
13,700,21.000000,42.000000,1,5,14728959,612,8,612,8,0,140,0,1
13,700,21.000000,42.000000,1,5,14728962,612,8,612,8,0,140,0,1
13,700,21.000000,42.000000,1,5,14728964,612,8,612,8,0,140,0,1
13,700,21.000000,42.000000,1,5,14728967,612,8,612,8,0,140,0,1
13,700,21.000000,42.000000,1,5,14728970,612,9,612,9,0,140,0,1
13,700,21.000000,42.000000,1,5,14728973,612,10,612,10,0,140,0,1
13,700,21.000000,42.000000,1,5,14728976,613,10,613,10,0,140,0,1
13,700,21.000000,42.000000,1,5,14728978,614,11,614,11,0,140,0,1
13,700,21.000000,42.000000,1,5,14728981,616,12,616,12,0,140,0,1
13,700,21.000000,42.000000,1,5,14728984,619,14,619,14,0,140,0,1
13,700,21.000000,42.000000,1,5,14728987,622,15,622,15,0,140,0,1
13,700,21.000000,42.000000,1,5,14728990,625,17,625,17,0,140,0,1
13,700,21.000000,42.000000,1,5,14728992,628,19,628,19,0,140,0,1
13,700,21.000000,42.000000,1,5,14728995,631,21,631,21,0,140,0,1
13,700,21.000000,42.000000,1,5,14728998,636,22,636,22,0,140,0,1
13,700,21.000000,42.000000,1,5,14729000,641,23,641,23,0,140,0,1
13,700,21.000000,42.000000,1,5,14729003,646,24,646,24,0,140,0,1
13,700,21.000000,42.000000,1,5,14729006,652,25,652,25,0,140,0,1
13,700,21.000000,42.000000,1,5,14729009,657,27,657,27,0,140,0,1
13,700,21.000000,42.000000,1,5,14729012,660,27,660,27,0,140,0,1
13,700,21.000000,42.000000,1,5,14729014,669,29,669,29,0,140,0,1
13,700,21.000000,42.000000,1,5,14729017,674,30,674,30,0,140,0,1
13,700,21.000000,42.000000,1,5,14729020,681,31,681,31,0,140,0,1
13,700,21.000000,42.000000,1,5,14729023,689,33,689,33,0,140,0,1
13,700,21.000000,42.000000,1,5,14729026,695,33,695,33,0,140,0,1
13,700,21.000000,42.000000,1,5,14729028,702,34,702,34,0,140,0,1
13,700,21.000000,42.000000,1,5,14729031,710,34,710,34,0,140,0,1
13,700,21.000000,42.000000,1,5,14729034,720,36,720,36,0,140,0,1
13,700,21.000000,42.000000,1,5,14729037,727,37,727,37,0,140,0,1
13,700,21.000000,42.000000,1,5,14729039,736,39,736,39,0,140,0,1
13,700,21.000000,42.000000,1,5,14729042,746,40,746,40,0,140,0,1
13,700,21.000000,42.000000,1,5,14729045,756,42,756,42,0,140,0,1
13,700,21.000000,42.000000,1,5,14729048,764,43,764,43,0,140,0,1
13,700,21.000000,42.000000,1,5,14729051,775,45,775,45,0,140,0,1
13,700,21.000000,42.000000,1,5,14729053,790,47,790,47,0,140,0,1
13,700,21.000000,42.000000,1,5,14729056,799,48,799,48,0,140,0,1
13,700,21.000000,42.000000,1,5,14729059,814,50,814,50,0,140,0,1
13,700,21.000000,42.000000,1,5,14729062,823,52,823,52,0,140,0,1
13,700,21.000000,42.000000,1,5,14729064,836,54,836,54,0,140,0,1
13,700,21.000000,42.000000,1,5,14729067,843,55,843,55,0,140,0,1
13,700,21.000000,42.000000,1,5,14729070,860,58,860,58,0,140,0,1
13,700,21.000000,42.000000,1,5,14729073,867,60,867,60,0,140,0,1
13,700,21.000000,42.000000,1,5,14729076,885,63,885,63,0,140,0,1
13,700,21.000000,42.000000,1,5,14729078,892,64,892,64,0,140,0,1
13,700,21.000000,42.000000,1,5,14729081,910,67,910,67,0,140,0,1
13,700,21.000000,42.000000,1,5,14729084,921,69,921,69,0,140,0,1
13,700,21.000000,42.000000,1,5,14729087,931,71,931,71,0,140,0,1
13,700,21.000000,42.000000,1,5,14729089,942,72,942,72,0,140,0,1
13,700,21.000000,42.000000,1,5,14729092,954,74,954,74,0,140,0,1
13,700,21.000000,42.000000,1,5,14729095,970,77,970,77,0,140,0,1
13,700,21.000000,42.000000,1,5,14729098,978,79,978,79,0,140,0,1
13,700,21.000000,42.000000,1,5,14729101,988,80,988,80,0,140,0,1
13,700,21.000000,42.000000,1,5,14729103,1002,83,1002,83,0,140,0,1
13,700,21.000000,42.000000,1,5,14729106,1012,84,1012,84,0,140,0,1
13,700,21.000000,42.000000,1,5,14729109,1017,85,1017,85,0,140,0,1
13,700,21.000000,42.000000,1,5,14729112,1029,87,1029,87,0,140,0,1
13,700,21.000000,42.000000,1,5,14729115,1045,90,1045,90,0,140,0,1
13,700,21.000000,42.000000,1,5,14729117,1054,91,1054,91,0,140,0,1
13,700,21.000000,42.000000,1,5,14729120,1062,93,1062,93,0,140,0,1
13,700,21.000000,42.000000,1,5,14729123,1070,95,1070,95,0,140,0,1
13,700,21.000000,42.000000,1,5,14729126,1078,96,1078,96,0,140,0,1
13,700,21.000000,42.000000,1,5,14729128,1084,97,1084,97,0,140,0,1
13,700,21.000000,42.000000,1,5,14729131,1088,98,1088,98,0,140,0,1
13,700,21.000000,42.000000,1,5,14729134,1093,99,1093,99,0,140,0,1
13,700,21.000000,42.000000,1,5,14729137,1098,99,1098,99,0,140,0,1
13,700,21.000000,42.000000,1,5,14729140,1104,100,1104,100,0,140,0,1
13,700,21.000000,42.000000,1,5,14729142,1109,100,1109,100,0,140,0,1
13,700,21.000000,42.000000,1,5,14729145,1114,100,1114,100,0,140,0,1
13,700,21.000000,42.000000,1,5,14729148,1119,100,1119,100,0,140,0,1
13,700,21.000000,42.000000,1,5,14729151,1123,100,1123,100,0,140,0,1
13,700,21.000000,42.000000,1,5,14729153,1128,100,1128,100,0,140,0,1
13,700,21.000000,42.000000,1,5,14729156,1132,100,1132,100,0,140,0,1
13,700,21.000000,42.000000,1,5,14729159,1137,100,1137,100,0,140,0,1
13,700,21.000000,42.000000,1,5,14729162,1140,100,1140,100,0,140,0,1
13,700,21.000000,42.000000,1,5,14729165,1143,99,1143,99,0,140,0,1
13,700,21.000000,42.000000,1,5,14729167,1146,98,1146,98,0,140,0,1
13,700,21.000000,42.000000,1,5,14729170,1149,97,1149,97,0,140,0,1
13,700,21.000000,42.000000,1,5,14729173,1152,96,1152,96,0,140,0,1
13,700,21.000000,42.000000,1,5,14729176,1153,96,1153,96,0,140,0,1
13,700,21.000000,42.000000,1,5,14729178,1156,94,1156,94,0,140,0,1
13,700,21.000000,42.000000,1,5,14729181,1159,93,1159,93,0,140,0,1
13,700,21.000000,42.000000,1,5,14729184,1162,92,1162,92,0,140,0,1
13,700,21.000000,42.000000,1,5,14729187,1164,91,1164,91,0,140,0,1
13,700,21.000000,42.000000,1,5,14729190,1166,91,1166,91,0,140,0,1
13,700,21.000000,42.000000,1,5,14729192,1168,90,1168,90,0,140,0,1
13,700,21.000000,42.000000,1,5,14729195,1170,89,1170,89,0,140,0,1
13,700,21.000000,42.000000,1,5,14729198,1172,89,1172,89,0,140,0,1
13,700,21.000000,42.000000,1,5,14729201,1174,88,1174,88,0,140,0,1
13,700,21.000000,42.000000,1,5,14729204,1176,88,1176,88,0,140,0,1
13,700,21.000000,42.000000,1,5,14729207,1178,87,1178,87,0,140,0,1
13,700,21.000000,42.000000,1,5,14729209,1179,87,1179,87,0,140,0,1
13,700,21.000000,42.000000,1,5,14729212,1179,87,1179,87,0,140,0,1
13,700,21.000000,42.000000,1,5,14729215,1181,87,1181,87,0,140,0,1
13,700,21.000000,42.000000,1,5,14729218,1182,86,1182,86,0,140,0,1
13,700,21.000000,42.000000,1,5,14729220,1184,85,1184,85,0,140,0,1
13,700,21.000000,42.000000,1,5,14729223,1186,84,1186,84,0,140,0,1
13,700,21.000000,42.000000,1,5,14729226,1187,84,1187,84,0,140,0,1
13,700,21.000000,42.000000,1,5,14729228,1188,83,1188,83,0,140,0,1
13,700,21.000000,42.000000,1,5,14729231,1189,82,1189,82,0,140,0,1
13,700,21.000000,42.000000,1,5,14729234,1190,82,1190,82,0,140,0,1
13,700,21.000000,42.000000,1,5,14729237,1191,81,1191,81,0,140,0,1
13,700,21.000000,42.000000,1,5,14729239,1193,80,1193,80,0,140,0,1
13,700,21.000000,42.000000,1,5,14729242,1195,79,1195,79,0,140,0,1
13,700,21.000000,42.000000,1,5,14729245,1197,78,1197,78,0,140,0,1
13,700,21.000000,42.000000,1,5,14729248,1199,77,1199,77,0,140,0,1
13,700,21.000000,42.000000,1,5,14729251,1200,76,1200,76,0,140,0,1
13,700,21.000000,42.000000,1,5,14729253,1202,76,1202,76,0,140,0,1
13,700,21.000000,42.000000,1,5,14729256,1204,75,1204,75,0,140,0,1
13,700,21.000000,42.000000,1,5,14729259,1206,75,1206,75,0,140,0,1
13,700,21.000000,42.000000,1,5,14729262,1209,74,1209,74,0,140,0,1
13,700,21.000000,42.000000,1,5,14729265,1211,72,1211,72,0,140,0,1
13,700,21.000000,42.000000,1,5,14729267,1215,71,1215,71,0,140,0,1
13,700,21.000000,42.000000,1,5,14729270,1219,70,1219,70,0,140,0,1
13,700,21.000000,42.000000,1,5,14729273,1222,70,1222,70,0,140,0,1
13,700,21.000000,42.000000,1,5,14729276,1225,68,1225,68,0,140,0,1
13,700,21.000000,42.000000,1,5,14729278,1228,66,1228,66,0,140,0,1
13,700,21.000000,42.000000,1,5,14729281,1229,65,1229,65,0,140,0,1
13,700,21.000000,42.000000,1,5,14729284,1230,65,1230,65,0,140,0,1
13,700,21.000000,42.000000,1,5,14729287,1235,62,1235,62,0,140,0,1
13,700,21.000000,42.000000,1,5,14729290,1239,61,1239,61,0,140,0,1
13,700,21.000000,42.000000,1,5,14729292,1243,60,1243,60,0,140,0,1
13,700,21.000000,42.000000,1,5,14729295,1248,59,1248,59,0,140,0,1
13,700,21.000000,42.000000,1,5,14729298,1252,59,1252,59,0,140,0,1
13,700,21.000000,42.000000,1,5,14729301,1256,57,1256,57,0,140,0,1
13,700,21.000000,42.000000,1,5,14729303,1260,56,1260,56,0,140,0,1
13,700,21.000000,42.000000,1,5,14729306,1264,55,1264,55,0,140,0,1
13,700,21.000000,42.000000,1,5,14729309,1268,54,1268,54,0,140,0,1
13,700,21.000000,42.000000,1,5,14729312,1272,54,1272,54,0,140,0,1
13,700,21.000000,42.000000,1,5,14729315,1275,52,1275,52,0,140,0,1
13,700,21.000000,42.000000,1,5,14729317,1278,52,1278,52,0,140,0,1
13,700,21.000000,42.000000,1,5,14729320,1281,52,1281,52,0,140,0,1
13,700,21.000000,42.000000,1,5,14729323,1284,51,1284,51,0,140,0,1
13,700,21.000000,42.000000,1,5,14729326,1288,51,1288,51,0,140,0,1
13,700,21.000000,42.000000,1,5,14729328,1290,50,1290,50,0,140,0,1
13,700,21.000000,42.000000,1,5,14729331,1292,50,1292,50,0,140,0,1
13,700,21.000000,42.000000,1,5,14729334,1293,49,1293,49,0,140,0,1
13,700,21.000000,42.000000,1,5,14729337,1295,49,1295,49,0,140,0,1
13,700,21.000000,42.000000,1,5,14729340,1295,48,1295,48,0,140,0,1
13,700,21.000000,42.000000,1,5,14729342,1296,48,1296,48,0,140,0,1
13,700,21.000000,42.000000,1,5,14729346,1297,48,1297,48,0,140,0,1
13,700,21.000000,42.000000,1,5,14729348,1297,47,1297,47,0,140,0,1
13,700,21.000000,42.000000,1,5,14729351,1297,46,1297,46,0,140,0,1
13,700,21.000000,42.000000,1,5,14729354,1297,45,1297,45,0,140,0,1
13,700,21.000000,42.000000,1,5,14729357,1297,45,1297,45,0,140,0,1
13,700,21.000000,42.000000,1,5,14729359,1298,45,1298,45,0,140,0,1
13,700,21.000000,42.000000,1,5,14729362,1299,45,1299,45,0,140,0,1
13,700,21.000000,42.000000,1,5,14729365,1299,45,1299,45,0,140,0,1
13,700,21.000000,42.000000,1,5,14729368,1299,45,1299,45,0,140,0,1
13,700,21.000000,42.000000,1,5,14729371,1299,45,1299,45,0,140,0,1
13,700,21.000000,42.000000,1,5,14729373,1299,45,1299,45,0,140,0,1
13,700,21.000000,42.000000,1,5,14729376,1299,45,1299,45,0,140,0,1
13,700,21.000000,42.000000,1,5,14729379,1299,45,1299,45,0,140,0,1
13,700,21.000000,42.000000,1,5,14729381,1299,45,1299,45,0,140,0,1
13,700,21.000000,42.000000,1,5,14729384,1299,45,1299,45,0,140,0,1
13,700,21.000000,42.000000,1,5,14729387,1299,45,1299,45,0,140,0,1
13,700,21.000000,42.000000,1,5,14729390,1299,45,1299,45,0,140,0,1
13,700,21.000000,42.000000,1,5,14729392,1299,45,1299,45,0,140,0,1
13,700,21.000000,42.000000,1,5,14729395,1299,45,1299,45,0,140,0,1
13,700,21.000000,42.000000,1,5,14729398,1299,45,1299,45,0,140,0,1
13,700,21.000000,42.000000,1,5,14729401,1299,45,1299,45,0,140,0,1
13,700,21.000000,42.000000,1,5,14729404,1299,45,1299,45,0,140,0,1
13,700,21.000000,42.000000,1,5,14729406,1299,45,1299,45,0,140,0,1
13,700,21.000000,42.000000,1,5,14729409,1299,45,1299,45,0,140,0,1
13,700,21.000000,42.000000,1,5,14729412,1299,45,1299,45,0,140,0,1
13,700,21.000000,42.000000,1,5,14729415,1299,45,1299,45,0,140,0,1
13,700,21.000000,42.000000,1,5,14729418,1299,45,1299,45,0,140,0,1
13,700,21.000000,42.000000,1,5,14729421,1299,45,1299,45,0,140,0,1
13,700,21.000000,42.000000,1,5,14729423,1299,45,1299,45,0,140,0,1
13,700,21.000000,42.000000,1,5,14729426,1299,45,1299,45,0,140,0,1
13,700,21.000000,42.000000,1,5,14729429,1299,45,1299,45,0,140,0,1
13,700,21.000000,42.000000,1,5,14729432,1299,45,1299,45,0,140,0,1
13,700,21.000000,42.000000,1,5,14729434,1299,45,1299,45,0,140,0,1
13,700,21.000000,42.000000,1,5,14729437,1299,44,1299,44,0,140,0,1
13,700,21.000000,42.000000,1,5,14729440,1299,43,1299,43,0,140,0,1
13,700,21.000000,42.000000,1,5,14729443,1299,43,1299,43,0,140,0,1
13,700,21.000000,42.000000,1,5,14729445,1299,43,1299,43,0,140,0,1
13,700,21.000000,42.000000,1,5,14729448,1299,43,1299,43,0,140,0,1
13,700,21.000000,42.000000,1,5,14729451,1299,43,1299,43,0,140,0,1
13,700,21.000000,42.000000,1,5,14729454,1299,43,1299,43,0,140,0,1
13,700,21.000000,42.000000,1,5,14729457,1299,43,1299,43,0,140,0,1
13,700,21.000000,42.000000,1,5,14729459,1299,43,1299,43,0,140,0,1
13,700,21.000000,42.000000,1,5,14729462,1299,43,1299,43,0,140,0,1
13,700,21.000000,42.000000,1,5,14729465,1299,42,1299,42,0,140,0,1
13,700,21.000000,42.000000,1,5,14729468,1299,41,1299,41,0,140,0,1
13,700,21.000000,42.000000,1,5,14729471,1299,41,1299,41,0,140,0,1
13,700,21.000000,42.000000,1,5,14729473,1299,41,1299,41,0,140,0,1
13,700,21.000000,42.000000,1,5,14729476,1299,41,1299,41,0,140,0,1
13,700,21.000000,42.000000,1,5,14729479,1299,41,1299,41,0,140,0,1
13,700,21.000000,42.000000,1,5,14729482,1299,40,1299,40,0,140,0,1
13,700,21.000000,42.000000,1,5,14729484,1299,39,1299,39,0,140,0,1
13,700,21.000000,42.000000,1,5,14729487,1299,38,1299,38,0,140,0,1
13,700,21.000000,42.000000,1,5,14729490,1299,37,1299,37,0,140,0,1
13,700,21.000000,42.000000,1,5,14729493,1299,37,1299,37,0,140,0,1
13,700,21.000000,42.000000,1,5,14729496,1299,37,1299,37,0,140,0,1
13,700,21.000000,42.000000,1,5,14729498,1299,36,1299,36,0,140,0,1
13,700,21.000000,42.000000,1,5,14729501,1300,36,1300,36,0,140,0,1
13,700,21.000000,42.000000,1,5,14729504,1301,35,1301,35,0,140,0,1
13,700,21.000000,42.000000,1,5,14729507,1302,34,1302,34,0,140,0,1
13,700,21.000000,42.000000,1,5,14729509,1303,33,1303,33,0,140,0,1
13,700,21.000000,42.000000,1,5,14729512,1303,32,1303,32,0,140,0,1
13,700,21.000000,42.000000,1,5,14729515,1303,31,1303,31,0,140,0,1
13,700,21.000000,42.000000,1,5,14729518,1304,31,1304,31,0,140,0,1
13,700,21.000000,42.000000,1,5,14729521,1305,30,1305,30,0,140,0,1
13,700,21.000000,42.000000,1,5,14729523,1306,29,1306,29,0,140,0,1
13,700,21.000000,42.000000,1,5,14729526,1307,29,1307,29,0,140,0,1
13,700,21.000000,42.000000,1,5,14729529,1307,28,1307,28,0,140,0,1
13,700,21.000000,42.000000,1,5,14729532,1308,27,1308,27,0,140,0,1
13,700,21.000000,42.000000,1,5,14729534,1308,26,1308,26,0,140,0,1
13,700,21.000000,42.000000,1,5,14729537,1309,25,1309,25,0,140,0,1
13,700,21.000000,42.000000,1,5,14729540,1310,24,1310,24,0,140,0,1
13,700,21.000000,42.000000,1,5,14729543,1310,24,1310,24,0,140,0,1
13,700,21.000000,42.000000,1,5,14729546,1310,23,1310,23,0,140,0,1
13,700,21.000000,42.000000,1,5,14729548,1310,22,1310,22,0,140,0,1
13,700,21.000000,42.000000,1,5,14729551,1310,21,1310,21,0,140,0,1
13,700,21.000000,42.000000,1,5,14729554,1310,20,1310,20,0,140,0,1
13,700,21.000000,42.000000,1,5,14729557,1310,19,1310,19,0,140,0,1
13,700,21.000000,42.000000,1,5,14729559,1310,18,1310,18,0,140,0,1
13,700,21.000000,42.000000,1,5,14729562,1310,17,1310,17,0,140,0,1
13,700,21.000000,42.000000,1,5,14729565,1310,16,1310,16,0,140,0,1
13,700,21.000000,42.000000,1,5,14729568,1310,16,1310,16,0,140,0,1
13,700,21.000000,42.000000,1,5,14729570,1310,15,1310,15,0,140,0,1
13,700,21.000000,42.000000,1,5,14729573,1310,15,1310,15,0,140,0,1
13,700,21.000000,42.000000,1,5,14729576,1310,14,1310,14,0,140,0,1
13,700,21.000000,42.000000,1,5,14729579,1310,14,1310,14,0,140,0,1
13,700,21.000000,42.000000,1,5,14729582,1310,13,1310,13,0,140,0,1
13,700,21.000000,42.000000,1,5,14729584,1310,12,1310,12,0,140,0,1
13,700,21.000000,42.000000,1,5,14729587,1310,11,1310,11,0,140,0,1
13,700,21.000000,42.000000,1,5,14729590,1310,11,1310,11,0,140,0,1
13,700,21.000000,42.000000,1,5,14729593,1310,10,1310,10,0,140,0,1
13,700,21.000000,42.000000,1,5,14729596,1310,9,1310,9,0,140,0,1
13,700,21.000000,42.000000,1,5,14729598,1311,9,1311,9,0,140,0,1
13,700,21.000000,42.000000,1,5,14729601,1311,9,1311,9,0,140,0,1
13,700,21.000000,42.000000,1,5,14729604,1311,9,1311,9,0,140,0,1
13,700,21.000000,42.000000,1,5,14729607,1311,8,1311,8,0,140,0,1
13,700,21.000000,42.000000,1,5,14729609,1311,7,1311,7,0,140,0,1
13,700,21.000000,42.000000,1,5,14729612,1311,7,1311,7,0,140,0,1
13,700,21.000000,42.000000,1,5,14729615,1311,7,1311,7,0,140,0,1
13,700,21.000000,42.000000,1,5,14729618,1311,7,1311,7,0,140,0,1
13,700,21.000000,42.000000,1,5,14729620,1311,7,1311,7,0,140,0,1
13,700,21.000000,42.000000,1,5,14729623,1311,7,1311,7,0,140,0,1
13,700,21.000000,42.000000,1,5,14729626,1311,7,1311,7,0,140,0,1
13,700,21.000000,42.000000,1,5,14729629,1311,7,1311,7,0,140,0,1
13,700,21.000000,42.000000,1,5,14729632,1311,7,1311,7,0,140,0,1
13,700,21.000000,42.000000,1,5,14729634,1311,7,1311,7,0,140,0,1
13,700,21.000000,42.000000,1,5,14729637,1311,7,1311,7,0,140,0,1
13,700,21.000000,42.000000,1,5,14729640,1311,7,1311,7,0,140,0,1
13,700,21.000000,42.000000,1,5,14729643,1311,7,1311,7,0,140,0,1
13,700,21.000000,42.000000,1,5,14729645,1311,7,1311,7,0,140,0,1
13,700,21.000000,42.000000,1,5,14729648,1311,7,1311,7,0,140,0,1
13,700,21.000000,42.000000,1,5,14729651,1311,7,1311,7,0,140,0,1
13,700,21.000000,42.000000,1,5,14729654,1311,7,1311,7,0,140,0,1
13,700,21.000000,42.000000,1,5,14729657,1311,7,1311,7,0,140,0,1
13,700,21.000000,42.000000,1,5,14729660,1311,7,1311,7,0,140,0,1
13,700,21.000000,42.000000,1,5,14729662,1311,7,1311,7,0,140,0,1
13,700,21.000000,42.000000,1,5,14729665,1311,7,1311,7,0,140,0,1
13,700,21.000000,42.000000,1,5,14729668,1311,7,1311,7,0,140,0,1
13,700,21.000000,42.000000,1,5,14729670,1311,7,1311,7,0,140,0,1
13,700,21.000000,42.000000,1,5,14729673,1311,7,1311,7,0,140,0,1
13,700,21.000000,42.000000,1,5,14729691,1311,7,1311,7,0,140,0,1
