13,350,21.000000,42.000000,1,5,14894326,776,0,776,0,0,156,3,0
13,350,21.000000,42.000000,1,5,14894327,776,0,776,0,0,156,3,0
13,350,21.000000,42.000000,1,5,14894329,776,0,776,0,0,156,3,0
13,350,21.000000,42.000000,1,5,14894332,776,0,776,0,0,156,3,0
13,350,21.000000,42.000000,1,5,14894335,776,0,776,0,0,156,3,0
13,350,21.000000,42.000000,1,5,14894338,776,0,776,0,0,156,3,0
13,350,21.000000,42.000000,1,5,14894340,776,0,776,0,0,156,3,0
13,350,21.000000,42.000000,1,5,14894343,776,0,776,0,0,156,3,0
13,350,21.000000,42.000000,1,5,14894346,776,0,776,0,0,156,3,0
13,350,21.000000,42.000000,1,5,14894349,776,0,776,0,0,156,3,0
13,350,21.000000,42.000000,1,5,14894351,776,0,776,0,0,156,3,0
13,350,21.000000,42.000000,1,5,14894354,776,0,776,0,0,156,3,0
13,350,21.000000,42.000000,1,5,14894357,776,0,776,0,0,156,3,0
13,350,21.000000,42.000000,1,5,14894360,776,0,776,0,0,156,3,0
13,350,21.000000,42.000000,1,5,14894363,776,0,776,0,0,156,3,0
13,350,21.000000,42.000000,1,5,14894366,776,0,776,0,0,156,3,0
13,350,21.000000,42.000000,1,5,14894368,776,0,776,0,0,156,3,0
13,350,21.000000,42.000000,1,5,14894371,776,0,776,0,0,156,3,0
13,350,21.000000,42.000000,1,5,14894374,776,0,776,0,0,156,3,0
13,350,21.000000,42.000000,1,5,14894376,776,0,776,0,0,156,3,0
13,350,21.000000,42.000000,1,5,14894379,776,0,776,0,0,156,3,0
13,350,21.000000,42.000000,1,5,14894382,776,0,776,0,0,156,3,0
13,350,21.000000,42.000000,1,5,14894385,776,0,776,0,0,156,3,0
13,350,21.000000,42.000000,1,5,14894387,776,0,776,0,0,156,3,0
13,350,21.000000,42.000000,1,5,14894390,776,0,776,0,0,156,3,0
13,350,21.000000,42.000000,1,5,14894393,776,0,776,0,0,156,3,0
13,350,21.000000,42.000000,1,5,14894396,776,0,776,0,0,156,3,0
13,350,21.000000,42.000000,1,5,14894399,776,0,776,0,0,156,3,0
13,350,21.000000,42.000000,1,5,14894401,776,0,776,0,0,156,3,0
13,350,21.000000,42.000000,1,5,14894404,776,0,776,0,0,156,3,0
13,350,21.000000,42.000000,1,5,14894407,776,0,776,0,0,156,3,0
13,350,21.000000,42.000000,1,5,14894410,776,0,776,0,0,156,3,0
13,350,21.000000,42.000000,1,5,14894412,776,0,776,0,0,156,3,0
13,350,21.000000,42.000000,1,5,14894415,776,0,776,0,0,156,3,0
13,350,21.000000,42.000000,1,5,14894418,776,0,776,0,0,156,3,0
13,350,21.000000,42.000000,1,5,14894421,776,0,776,0,0,156,3,0
13,350,21.000000,42.000000,1,5,14894424,776,0,776,0,0,156,3,0
13,350,21.000000,42.000000,1,5,14894426,776,0,776,0,0,156,3,0
13,350,21.000000,42.000000,1,5,14894429,776,0,776,0,0,156,3,0
13,350,21.000000,42.000000,1,5,14894432,776,0,776,0,0,156,3,0
13,350,21.000000,42.000000,1,5,14894435,776,0,776,0,0,156,3,0
13,350,21.000000,42.000000,1,5,14894438,776,0,776,0,0,156,3,0
13,350,21.000000,42.000000,1,5,14894440,776,0,776,0,0,156,3,0
13,350,21.000000,42.000000,1,5,14894443,776,0,776,0,0,156,3,0
13,350,21.000000,42.000000,1,5,14894446,776,0,776,0,0,156,3,0
13,350,21.000000,42.000000,1,5,14894449,776,0,776,0,0,156,3,0
13,350,21.000000,42.000000,1,5,14894452,776,0,776,0,0,156,3,0
13,350,21.000000,42.000000,1,5,14894454,776,0,776,0,0,156,3,0
13,350,21.000000,42.000000,1,5,14894457,777,0,777,0,0,156,3,0
13,350,21.000000,42.000000,1,5,14894460,778,2,778,2,0,156,3,0
13,350,21.000000,42.000000,1,5,14894463,780,2,780,2,0,156,3,0
13,350,21.000000,42.000000,1,5,14894465,781,2,781,2,0,156,3,0
13,350,21.000000,42.000000,1,5,14894468,783,2,783,2,0,156,3,0
13,350,21.000000,42.000000,1,5,14894471,785,4,785,4,0,156,3,0
13,350,21.000000,42.000000,1,5,14894474,790,6,790,6,0,156,3,0
13,350,21.000000,42.000000,1,5,14894476,793,7,793,7,0,156,3,0
13,350,21.000000,42.000000,1,5,14894479,797,9,797,9,0,156,3,0
13,350,21.000000,42.000000,1,5,14894482,801,11,801,11,0,156,3,0
13,350,21.000000,42.000000,1,5,14894485,804,12,804,12,0,156,3,0
13,350,21.000000,42.000000,1,5,14894488,810,14,810,14,0,156,3,0
13,350,21.000000,42.000000,1,5,14894490,815,16,815,16,0,156,3,0
13,350,21.000000,42.000000,1,5,14894493,821,17,821,17,0,156,3,0
13,350,21.000000,42.000000,1,5,14894496,827,18,827,18,0,156,3,0
13,350,21.000000,42.000000,1,5,14894499,832,20,832,20,0,156,3,0
13,350,21.000000,42.000000,1,5,14894501,837,21,837,21,0,156,3,0
13,350,21.000000,42.000000,1,5,14894504,843,23,843,23,0,156,3,0
13,350,21.000000,42.000000,1,5,14894507,849,23,849,23,0,156,3,0
13,350,21.000000,42.000000,1,5,14894510,854,24,854,24,0,156,3,0
13,350,21.000000,42.000000,1,5,14894513,866,27,866,27,0,156,3,0
13,350,21.000000,42.000000,1,5,14894515,870,27,870,27,0,156,3,0
13,350,21.000000,42.000000,1,5,14894518,888,31,888,31,0,156,3,0
13,350,21.000000,42.000000,1,5,14894521,894,32,894,32,0,156,3,0
13,350,21.000000,42.000000,1,5,14894524,919,37,919,37,0,156,3,0
13,350,21.000000,42.000000,1,5,14894527,928,39,928,39,0,156,3,0
13,350,21.000000,42.000000,1,5,14894529,935,40,935,40,0,156,3,0
13,350,21.000000,42.000000,1,5,14894532,943,42,943,42,0,156,3,0
13,350,21.000000,42.000000,1,5,14894535,950,43,950,43,0,156,3,0
13,350,21.000000,42.000000,1,5,14894538,960,45,960,45,0,156,3,0
13,350,21.000000,42.000000,1,5,14894540,970,46,970,46,0,156,3,0
13,350,21.000000,42.000000,1,5,14894543,985,48,985,48,0,156,3,0
13,350,21.000000,42.000000,1,5,14894546,989,48,989,48,0,156,3,0
13,350,21.000000,42.000000,1,5,14894549,1004,50,1004,50,0,156,3,0
13,350,21.000000,42.000000,1,5,14894551,1008,50,1008,50,0,156,3,0
13,350,21.000000,42.000000,1,5,14894554,1015,50,1015,50,0,156,3,0
13,350,21.000000,42.000000,1,5,14894557,1022,51,1022,51,0,156,3,0
13,350,21.000000,42.000000,1,5,14894560,1030,51,1030,51,0,156,3,0
13,350,21.000000,42.000000,1,5,14894563,1040,52,1040,52,0,156,3,0
13,350,21.000000,42.000000,1,5,14894565,1047,53,1047,53,0,156,3,0
13,350,21.000000,42.000000,1,5,14894568,1054,53,1054,53,0,156,3,0
13,350,21.000000,42.000000,1,5,14894571,1058,53,1058,53,0,156,3,0
13,350,21.000000,42.000000,1,5,14894574,1068,54,1068,54,0,156,3,0
13,350,21.000000,42.000000,1,5,14894577,1074,55,1074,55,0,156,3,0
13,350,21.000000,42.000000,1,5,14894579,1082,55,1082,55,0,156,3,0
13,350,21.000000,42.000000,1,5,14894582,1087,55,1087,55,0,156,3,0
13,350,21.000000,42.000000,1,5,14894585,1093,56,1093,56,0,156,3,0
13,350,21.000000,42.000000,1,5,14894588,1098,56,1098,56,0,156,3,0
13,350,21.000000,42.000000,1,5,14894591,1103,57,1103,57,0,156,3,0
13,350,21.000000,42.000000,1,5,14894594,1108,58,1108,58,0,156,3,0
13,350,21.000000,42.000000,1,5,14894597,1113,58,1113,58,0,156,3,0
13,350,21.000000,42.000000,1,5,14894599,1117,58,1117,58,0,156,3,0
13,350,21.000000,42.000000,1,5,14894602,1121,58,1121,58,0,156,3,0
13,350,21.000000,42.000000,1,5,14894605,1124,58,1124,58,0,156,3,0
13,350,21.000000,42.000000,1,5,14894608,1127,58,1127,58,0,156,3,0
13,350,21.000000,42.000000,1,5,14894610,1130,58,1130,58,0,156,3,0
13,350,21.000000,42.000000,1,5,14894613,1133,58,1133,58,0,156,3,0
13,350,21.000000,42.000000,1,5,14894616,1135,58,1135,58,0,156,3,0
13,350,21.000000,42.000000,1,5,14894619,1138,58,1138,58,0,156,3,0
13,350,21.000000,42.000000,1,5,14894622,1140,58,1140,58,0,156,3,0
13,350,21.000000,42.000000,1,5,14894624,1143,58,1143,58,0,156,3,0
13,350,21.000000,42.000000,1,5,14894627,1145,58,1145,58,0,156,3,0
13,350,21.000000,42.000000,1,5,14894630,1147,58,1147,58,0,156,3,0
13,350,21.000000,42.000000,1,5,14894633,1148,58,1148,58,0,156,3,0
13,350,21.000000,42.000000,1,5,14894635,1149,58,1149,58,0,156,3,0
13,350,21.000000,42.000000,1,5,14894638,1150,57,1150,57,0,156,3,0
13,350,21.000000,42.000000,1,5,14894641,1152,56,1152,56,0,156,3,0
13,350,21.000000,42.000000,1,5,14894643,1152,56,1152,56,0,156,3,0
13,350,21.000000,42.000000,1,5,14894646,1153,55,1153,55,0,156,3,0
13,350,21.000000,42.000000,1,5,14894649,1153,54,1153,54,0,156,3,0
13,350,21.000000,42.000000,1,5,14894652,1153,53,1153,53,0,156,3,0
13,350,21.000000,42.000000,1,5,14894654,1153,52,1153,52,0,156,3,0
13,350,21.000000,42.000000,1,5,14894657,1153,51,1153,51,0,156,3,0
13,350,21.000000,42.000000,1,5,14894660,1153,50,1153,50,0,156,3,0
13,350,21.000000,42.000000,1,5,14894663,1154,49,1154,49,0,156,3,0
13,350,21.000000,42.000000,1,5,14894665,1154,48,1154,48,0,156,3,0
13,350,21.000000,42.000000,1,5,14894668,1154,47,1154,47,0,156,3,0
13,350,21.000000,42.000000,1,5,14894671,1154,46,1154,46,0,156,3,0
13,350,21.000000,42.000000,1,5,14894674,1154,45,1154,45,0,156,3,0
13,350,21.000000,42.000000,1,5,14894677,1154,44,1154,44,0,156,3,0
13,350,21.000000,42.000000,1,5,14894679,1154,43,1154,43,0,156,3,0
13,350,21.000000,42.000000,1,5,14894682,1154,42,1154,42,0,156,3,0
13,350,21.000000,42.000000,1,5,14894685,1154,41,1154,41,0,156,3,0
13,350,21.000000,42.000000,1,5,14894688,1155,40,1155,40,0,156,3,0
13,350,21.000000,42.000000,1,5,14894690,1155,39,1155,39,0,156,3,0
13,350,21.000000,42.000000,1,5,14894693,1155,38,1155,38,0,156,3,0
13,350,21.000000,42.000000,1,5,14894696,1156,37,1156,37,0,156,3,0
13,350,21.000000,42.000000,1,5,14894699,1156,36,1156,36,0,156,3,0
13,350,21.000000,42.000000,1,5,14894702,1156,35,1156,35,0,156,3,0
13,350,21.000000,42.000000,1,5,14894704,1156,34,1156,34,0,156,3,0
13,350,21.000000,42.000000,1,5,14894707,1156,33,1156,33,0,156,3,0
13,350,21.000000,42.000000,1,5,14894710,1156,32,1156,32,0,156,3,0
13,350,21.000000,42.000000,1,5,14894713,1156,30,1156,30,0,156,3,0
13,350,21.000000,42.000000,1,5,14894715,1156,28,1156,28,0,156,3,0
13,350,21.000000,42.000000,1,5,14894718,1156,27,1156,27,0,156,3,0
13,350,21.000000,42.000000,1,5,14894721,1156,26,1156,26,0,156,3,0
13,350,21.000000,42.000000,1,5,14894724,1156,25,1156,25,0,156,3,0
13,350,21.000000,42.000000,1,5,14894727,1156,25,1156,25,0,156,3,0
13,350,21.000000,42.000000,1,5,14894729,1156,24,1156,24,0,156,3,0
13,350,21.000000,42.000000,1,5,14894732,1156,23,1156,23,0,156,3,0
13,350,21.000000,42.000000,1,5,14894735,1155,22,1155,22,0,156,3,0
13,350,21.000000,42.000000,1,5,14894738,1155,22,1155,22,0,156,3,0
13,350,21.000000,42.000000,1,5,14894740,1155,21,1155,21,0,156,3,0
13,350,21.000000,42.000000,1,5,14894743,1155,21,1155,21,0,156,3,0
13,350,21.000000,42.000000,1,5,14894746,1155,20,1155,20,0,156,3,0
13,350,21.000000,42.000000,1,5,14894749,1154,20,1154,20,0,156,3,0
13,350,21.000000,42.000000,1,5,14894752,1154,19,1154,19,0,156,3,0
13,350,21.000000,42.000000,1,5,14894754,1154,18,1154,18,0,156,3,0
13,350,21.000000,42.000000,1,5,14894757,1154,17,1154,17,0,156,3,0
13,350,21.000000,42.000000,1,5,14894760,1153,16,1153,16,0,156,3,0
13,350,21.000000,42.000000,1,5,14894763,1152,15,1152,15,0,156,3,0
13,350,21.000000,42.000000,1,5,14894765,1152,15,1152,15,0,156,3,0
13,350,21.000000,42.000000,1,5,14894768,1152,15,1152,15,0,156,3,0
13,350,21.000000,42.000000,1,5,14894771,1151,15,1151,15,0,156,3,0
13,350,21.000000,42.000000,1,5,14894774,1150,15,1150,15,0,156,3,0
13,350,21.000000,42.000000,1,5,14894777,1149,15,1149,15,0,156,3,0
13,350,21.000000,42.000000,1,5,14894780,1149,14,1149,14,0,156,3,0
13,350,21.000000,42.000000,1,5,14894782,1149,13,1149,13,0,156,3,0
13,350,21.000000,42.000000,1,5,14894785,1148,13,1148,13,0,156,3,0
13,350,21.000000,42.000000,1,5,14894788,1147,13,1147,13,0,156,3,0
13,350,21.000000,42.000000,1,5,14894791,1146,13,1146,13,0,156,3,0
13,350,21.000000,42.000000,1,5,14894793,1145,13,1145,13,0,156,3,0
13,350,21.000000,42.000000,1,5,14894796,1145,12,1145,12,0,156,3,0
13,350,21.000000,42.000000,1,5,14894799,1144,12,1144,12,0,156,3,0
13,350,21.000000,42.000000,1,5,14894802,1143,12,1143,12,0,156,3,0
13,350,21.000000,42.000000,1,5,14894804,1143,12,1143,12,0,156,3,0
13,350,21.000000,42.000000,1,5,14894807,1142,12,1142,12,0,156,3,0
13,350,21.000000,42.000000,1,5,14894810,1142,12,1142,12,0,156,3,0
13,350,21.000000,42.000000,1,5,14894813,1142,11,1142,11,0,156,3,0
13,350,21.000000,42.000000,1,5,14894816,1141,10,1141,10,0,156,3,0
13,350,21.000000,42.000000,1,5,14894818,1140,10,1140,10,0,156,3,0
13,350,21.000000,42.000000,1,5,14894821,1140,10,1140,10,0,156,3,0
13,350,21.000000,42.000000,1,5,14894824,1140,10,1140,10,0,156,3,0
13,350,21.000000,42.000000,1,5,14894827,1140,10,1140,10,0,156,3,0
13,350,21.000000,42.000000,1,5,14894829,1140,10,1140,10,0,156,3,0
13,350,21.000000,42.000000,1,5,14894832,1140,10,1140,10,0,156,3,0
13,350,21.000000,42.000000,1,5,14894835,1140,10,1140,10,0,156,3,0
13,350,21.000000,42.000000,1,5,14894838,1140,10,1140,10,0,156,3,0
13,350,21.000000,42.000000,1,5,14894840,1140,10,1140,10,0,156,3,0
13,350,21.000000,42.000000,1,5,14894843,1140,10,1140,10,0,156,3,0
13,350,21.000000,42.000000,1,5,14894846,1140,10,1140,10,0,156,3,0
13,350,21.000000,42.000000,1,5,14894849,1140,10,1140,10,0,156,3,0
13,350,21.000000,42.000000,1,5,14894852,1140,10,1140,10,0,156,3,0
13,350,21.000000,42.000000,1,5,14894855,1140,10,1140,10,0,156,3,0
13,350,21.000000,42.000000,1,5,14894857,1140,10,1140,10,0,156,3,0
13,350,21.000000,42.000000,1,5,14894860,1140,10,1140,10,0,156,3,0
13,350,21.000000,42.000000,1,5,14894863,1140,10,1140,10,0,156,3,0
13,350,21.000000,42.000000,1,5,14894866,1140,10,1140,10,0,156,3,0
13,350,21.000000,42.000000,1,5,14894868,1140,10,1140,10,0,156,3,0
13,350,21.000000,42.000000,1,5,14894871,1140,10,1140,10,0,156,3,0
13,350,21.000000,42.000000,1,5,14894874,1140,10,1140,10,0,156,3,0
13,350,21.000000,42.000000,1,5,14894877,1140,10,1140,10,0,156,3,0
13,350,21.000000,42.000000,1,5,14894880,1140,10,1140,10,0,156,3,0
13,350,21.000000,42.000000,1,5,14894891,1140,10,1140,10,0,156,3,0
