13,350,21.000000,42.000000,0,5,14422509,785,0,785,0,0,112,5,1
13,350,21.000000,42.000000,0,5,14422510,785,0,785,0,0,112,5,1
13,350,21.000000,42.000000,0,5,14422513,785,0,785,0,0,112,5,1
13,350,21.000000,42.000000,0,5,14422515,785,0,785,0,0,112,5,1
13,350,21.000000,42.000000,0,5,14422518,785,0,785,0,0,112,5,1
13,350,21.000000,42.000000,0,5,14422521,785,0,785,0,0,112,5,1
13,350,21.000000,42.000000,0,5,14422523,785,0,785,0,0,112,5,1
13,350,21.000000,42.000000,0,5,14422526,785,0,785,0,0,112,5,1
13,350,21.000000,42.000000,0,5,14422529,785,0,785,0,0,112,5,1
13,350,21.000000,42.000000,0,5,14422532,785,0,785,0,0,112,5,1
13,350,21.000000,42.000000,0,5,14422535,785,0,785,0,0,112,5,1
13,350,21.000000,42.000000,0,5,14422538,785,0,785,0,0,112,5,1
13,350,21.000000,42.000000,0,5,14422540,785,0,785,0,0,112,5,1
13,350,21.000000,42.000000,0,5,14422543,785,0,785,0,0,112,5,1
13,350,21.000000,42.000000,0,5,14422546,785,0,785,0,0,112,5,1
13,350,21.000000,42.000000,0,5,14422549,785,0,785,0,0,112,5,1
13,350,21.000000,42.000000,0,5,14422552,785,0,785,0,0,112,5,1
13,350,21.000000,42.000000,0,5,14422554,785,0,785,0,0,112,5,1
13,350,21.000000,42.000000,0,5,14422557,785,0,785,0,0,112,5,1
13,350,21.000000,42.000000,0,5,14422560,785,0,785,0,0,112,5,1
13,350,21.000000,42.000000,0,5,14422563,785,0,785,0,0,112,5,1
13,350,21.000000,42.000000,0,5,14422566,785,0,785,0,0,112,5,1
13,350,21.000000,42.000000,0,5,14422568,785,0,785,0,0,112,5,1
13,350,21.000000,42.000000,0,5,14422571,785,0,785,0,0,112,5,1
13,350,21.000000,42.000000,0,5,14422574,785,0,785,0,0,112,5,1
13,350,21.000000,42.000000,0,5,14422577,785,0,785,0,0,112,5,1
13,350,21.000000,42.000000,0,5,14422579,785,0,785,0,0,112,5,1
13,350,21.000000,42.000000,0,5,14422582,785,0,785,0,0,112,5,1
13,350,21.000000,42.000000,0,5,14422585,785,0,785,0,0,112,5,1
13,350,21.000000,42.000000,0,5,14422588,785,0,785,0,0,112,5,1
13,350,21.000000,42.000000,0,5,14422590,785,0,785,0,0,112,5,1
13,350,21.000000,42.000000,0,5,14422593,786,0,786,0,0,112,5,1
13,350,21.000000,42.000000,0,5,14422596,787,0,787,0,0,112,5,1
13,350,21.000000,42.000000,0,5,14422599,787,0,787,0,0,112,5,1
13,350,21.000000,42.000000,0,5,14422602,788,0,788,0,0,112,5,1
13,350,21.000000,42.000000,0,5,14422604,789,0,789,0,0,112,5,1
13,350,21.000000,42.000000,0,5,14422607,790,0,790,0,0,112,5,1
13,350,21.000000,42.000000,0,5,14422610,791,0,791,0,0,112,5,1
13,350,21.000000,42.000000,0,5,14422613,792,0,792,-1,0,112,5,1
13,350,21.000000,42.000000,0,5,14422615,794,0,794,-1,0,112,5,1
13,350,21.000000,42.000000,0,5,14422618,796,0,796,-1,0,112,5,1
13,350,21.000000,42.000000,0,5,14422621,798,0,798,-1,0,112,5,1
13,350,21.000000,42.000000,0,5,14422624,800,0,800,-1,0,112,5,1
13,350,21.000000,42.000000,0,5,14422627,803,0,803,-2,0,112,5,1
13,350,21.000000,42.000000,0,5,14422630,807,0,807,-2,0,112,5,1
13,350,21.000000,42.000000,0,5,14422632,811,0,811,-2,0,112,5,1
13,350,21.000000,42.000000,0,5,14422635,818,0,818,-2,0,112,5,1
13,350,21.000000,42.000000,0,5,14422639,824,0,824,-2,0,112,5,1
13,350,21.000000,42.000000,0,5,14422641,832,0,832,-2,0,112,5,1
13,350,21.000000,42.000000,0,5,14422644,837,0,837,-2,0,112,5,1
13,350,21.000000,42.000000,0,5,14422647,847,0,847,-2,0,112,5,1
13,350,21.000000,42.000000,0,5,14422650,862,0,862,-3,0,112,5,1
13,350,21.000000,42.000000,0,5,14422653,868,0,868,-3,0,112,5,1
13,350,21.000000,42.000000,0,5,14422656,873,0,873,-3,0,112,5,1
13,350,21.000000,42.000000,0,5,14422658,885,0,885,-4,0,112,5,1
13,350,21.000000,42.000000,0,5,14422661,894,0,894,-5,0,112,5,1
13,350,21.000000,42.000000,0,5,14422664,899,0,899,-6,0,112,5,1
13,350,21.000000,42.000000,0,5,14422667,906,0,906,-7,0,112,5,1
13,350,21.000000,42.000000,0,5,14422669,917,0,917,-8,0,112,5,1
13,350,21.000000,42.000000,0,5,14422672,924,0,924,-8,0,112,5,1
13,350,21.000000,42.000000,0,5,14422675,931,0,931,-8,0,112,5,1
13,350,21.000000,42.000000,0,5,14422678,938,0,938,-9,0,112,5,1
13,350,21.000000,42.000000,0,5,14422680,946,0,946,-10,0,112,5,1
13,350,21.000000,42.000000,0,5,14422683,951,0,951,-11,0,112,5,1
13,350,21.000000,42.000000,0,5,14422686,1086,0,957,-12,0,112,5,1
13,350,21.000000,42.000000,0,5,14422688,1091,0,962,-13,0,112,5,1
13,350,21.000000,42.000000,0,5,14422691,1095,0,966,-13,0,112,5,1
13,350,21.000000,42.000000,0,5,14422694,1100,0,971,-14,0,112,5,1
13,350,21.000000,42.000000,0,5,14422697,1106,0,977,-14,0,112,5,1
13,350,21.000000,42.000000,0,5,14422700,1110,0,981,-15,0,112,5,1
13,350,21.000000,42.000000,0,5,14422703,1112,0,983,-15,0,112,5,1
13,350,21.000000,42.000000,0,5,14422705,1117,0,988,-16,0,112,5,1
13,350,21.000000,42.000000,0,5,14422708,1120,0,991,-17,0,112,5,1
13,350,21.000000,42.000000,0,5,14422711,1122,0,993,-18,0,112,5,1
13,350,21.000000,42.000000,0,5,14422713,1123,0,994,-18,0,112,5,1
13,350,21.000000,42.000000,0,5,14422716,1125,0,996,-18,0,112,5,1
13,350,21.000000,42.000000,0,5,14422719,1126,0,997,-18,0,112,5,1
13,350,21.000000,42.000000,0,5,14422722,1128,0,999,-19,0,112,5,1
13,350,21.000000,42.000000,0,5,14422724,1129,0,1000,-19,0,112,5,1
13,350,21.000000,42.000000,0,5,14422727,1130,0,1001,-19,0,112,5,1
13,350,21.000000,42.000000,0,5,14422730,1131,0,1002,-19,0,112,5,1
13,350,21.000000,42.000000,0,5,14422733,1132,0,1003,-19,0,112,5,1
13,350,21.000000,42.000000,0,5,14422735,1132,0,1003,-20,0,112,5,1
13,350,21.000000,42.000000,0,5,14422738,1132,0,1003,-21,0,112,5,1
13,350,21.000000,42.000000,0,5,14422741,1133,0,1004,-21,0,112,5,1
13,350,21.000000,42.000000,0,5,14422743,1134,0,1005,-21,0,112,5,1
13,350,21.000000,42.000000,0,5,14422746,1134,0,1005,-21,0,112,5,1
13,350,21.000000,42.000000,0,5,14422749,1134,0,1005,-21,0,112,5,1
13,350,21.000000,42.000000,0,5,14422752,1134,0,1005,-21,0,112,5,1
13,350,21.000000,42.000000,0,5,14422754,1134,0,1005,-21,0,112,5,1
13,350,21.000000,42.000000,0,5,14422757,1134,0,1005,-21,0,112,5,1
13,350,21.000000,42.000000,0,5,14422760,1134,0,1005,-21,0,112,5,1
13,350,21.000000,42.000000,0,5,14422763,1135,0,1006,-21,0,112,5,1
13,350,21.000000,42.000000,0,5,14422766,1136,0,1007,-21,0,112,5,1
13,350,21.000000,42.000000,0,5,14422768,1136,0,1007,-21,0,112,5,1
13,350,21.000000,42.000000,0,5,14422771,1137,0,1008,-21,0,112,5,1
13,350,21.000000,42.000000,0,5,14422774,1137,0,1008,-21,0,112,5,1
13,350,21.000000,42.000000,0,5,14422777,1138,0,1009,-21,0,112,5,1
13,350,21.000000,42.000000,0,5,14422780,1139,0,1010,-21,0,112,5,1
13,350,21.000000,42.000000,0,5,14422782,1140,0,1011,-21,0,112,5,1
13,350,21.000000,42.000000,0,5,14422785,1141,0,1012,-21,0,112,5,1
13,350,21.000000,42.000000,0,5,14422788,1142,0,1013,-21,0,112,5,1
13,350,21.000000,42.000000,0,5,14422791,1143,0,1014,-21,0,112,5,1
13,350,21.000000,42.000000,0,5,14422793,1143,0,1014,-22,0,112,5,1
13,350,21.000000,42.000000,0,5,14422796,1144,0,1015,-22,0,112,5,1
13,350,21.000000,42.000000,0,5,14422799,1145,0,1016,-22,0,112,5,1
13,350,21.000000,42.000000,0,5,14422802,1146,0,1017,-22,0,112,5,1
13,350,21.000000,42.000000,0,5,14422805,1147,0,1018,-22,0,112,5,1
13,350,21.000000,42.000000,0,5,14422807,1148,0,1019,-22,0,112,5,1
13,350,21.000000,42.000000,0,5,14422810,1148,0,1019,-23,0,112,5,1
13,350,21.000000,42.000000,0,5,14422813,1149,0,1020,-23,0,112,5,1
13,350,21.000000,42.000000,0,5,14422816,1151,0,1022,-23,0,112,5,1
13,350,21.000000,42.000000,0,5,14422818,1151,0,1022,-23,0,112,5,1
13,350,21.000000,42.000000,0,5,14422821,1151,0,1022,-23,0,112,5,1
13,350,21.000000,42.000000,0,5,14422824,1152,0,1023,-23,0,112,5,1
13,350,21.000000,42.000000,0,5,14422827,1153,0,1024,-23,0,112,5,1
13,350,21.000000,42.000000,0,5,14422829,1153,0,1024,-23,0,112,5,1
13,350,21.000000,42.000000,0,5,14422832,1153,0,1024,-23,0,112,5,1
13,350,21.000000,42.000000,0,5,14422835,1153,0,1024,-24,0,112,5,1
13,350,21.000000,42.000000,0,5,14422838,1153,0,1024,-24,0,112,5,1
13,350,21.000000,42.000000,0,5,14422840,1153,0,1024,-24,0,112,5,1
13,350,21.000000,42.000000,0,5,14422843,1153,0,1024,-24,0,112,5,1
13,350,21.000000,42.000000,0,5,14422846,1153,0,1024,-24,0,112,5,1
13,350,21.000000,42.000000,0,5,14422849,1153,0,1024,-24,0,112,5,1
13,350,21.000000,42.000000,0,5,14422852,1153,0,1024,-24,0,112,5,1
13,350,21.000000,42.000000,0,5,14422854,1153,0,1024,-24,0,112,5,1
13,350,21.000000,42.000000,0,5,14422857,1153,0,1024,-24,0,112,5,1
13,350,21.000000,42.000000,0,5,14422860,1153,0,1024,-24,0,112,5,1
13,350,21.000000,42.000000,0,5,14422863,1153,0,1024,-24,0,112,5,1
13,350,21.000000,42.000000,0,5,14422865,1153,0,1024,-24,0,112,5,1
13,350,21.000000,42.000000,0,5,14422868,1153,0,1024,-24,0,112,5,1
13,350,21.000000,42.000000,0,5,14422871,1153,0,1024,-24,0,112,5,1
13,350,21.000000,42.000000,0,5,14422874,1153,0,1024,-24,0,112,5,1
13,350,21.000000,42.000000,0,5,14422877,1153,0,1024,-24,0,112,5,1
13,350,21.000000,42.000000,0,5,14422879,1153,0,1024,-24,0,112,5,1
13,350,21.000000,42.000000,0,5,14422882,1153,0,1024,-24,0,112,5,1
13,350,21.000000,42.000000,0,5,14422885,1153,0,1024,-24,0,112,5,1
13,350,21.000000,42.000000,0,5,14422888,1153,0,1024,-24,0,112,5,1
13,350,21.000000,42.000000,0,5,14422890,1153,0,1024,-24,0,112,5,1
13,350,21.000000,42.000000,0,5,14422893,1153,0,1024,-24,0,112,5,1
13,350,21.000000,42.000000,0,5,14422896,1153,0,1024,-24,0,112,5,1
13,350,21.000000,42.000000,0,5,14422899,1153,0,1024,-24,0,112,5,1
13,350,21.000000,42.000000,0,5,14422902,1153,0,1024,-24,0,112,5,1
13,350,21.000000,42.000000,0,5,14422904,1153,0,1024,-24,0,112,5,1
13,350,21.000000,42.000000,0,5,14422907,1153,0,1024,-24,0,112,5,1
13,350,21.000000,42.000000,0,5,14422910,1153,0,1024,-24,0,112,5,1
13,350,21.000000,42.000000,0,5,14422913,1153,0,1024,-24,0,112,5,1
13,350,21.000000,42.000000,0,5,14422915,1153,0,1024,-24,0,112,5,1
13,350,21.000000,42.000000,0,5,14422918,1153,0,1024,-24,0,112,5,1
13,350,21.000000,42.000000,0,5,14422921,1153,0,1024,-24,0,112,5,1
13,350,21.000000,42.000000,0,5,14422924,1153,0,1024,-24,0,112,5,1
13,350,21.000000,42.000000,0,5,14422927,1153,0,1024,-24,0,112,5,1
13,350,21.000000,42.000000,0,5,14422929,1153,0,1024,-24,0,112,5,1
13,350,21.000000,42.000000,0,5,14422933,1153,0,1024,-24,0,112,5,1
13,350,21.000000,42.000000,0,5,14422935,1153,0,1024,-24,0,112,5,1
13,350,21.000000,42.000000,0,5,14422938,1153,0,1024,-24,0,112,5,1
13,350,21.000000,42.000000,0,5,14422941,1153,0,1024,-24,0,112,5,1
13,350,21.000000,42.000000,0,5,14422943,1153,0,1024,-24,0,112,5,1
13,350,21.000000,42.000000,0,5,14422946,1153,0,1024,-24,0,112,5,1
13,350,21.000000,42.000000,0,5,14422949,1153,0,1024,-24,0,112,5,1
13,350,21.000000,42.000000,0,5,14422952,1153,0,1024,-24,0,112,5,1
13,350,21.000000,42.000000,0,5,14422955,1153,0,1024,-24,0,112,5,1
13,350,21.000000,42.000000,0,5,14422958,1153,0,1024,-24,0,112,5,1
13,350,21.000000,42.000000,0,5,14422960,1153,0,1024,-24,0,112,5,1
13,350,21.000000,42.000000,0,5,14422963,1153,0,1024,-24,0,112,5,1
13,350,21.000000,42.000000,0,5,14422966,1153,0,1024,-24,0,112,5,1
13,350,21.000000,42.000000,0,5,14422969,1153,0,1024,-24,0,112,5,1
13,350,21.000000,42.000000,0,5,14422971,1153,0,1024,-24,0,112,5,1
13,350,21.000000,42.000000,0,5,14422974,1153,0,1024,-24,0,112,5,1
13,350,21.000000,42.000000,0,5,14422977,1153,0,1024,-24,0,112,5,1
13,350,21.000000,42.000000,0,5,14422980,1153,0,1024,-24,0,112,5,1
13,350,21.000000,42.000000,0,5,14422982,1153,0,1024,-24,0,112,5,1
13,350,21.000000,42.000000,0,5,14422985,1153,0,1024,-24,0,112,5,1
13,350,21.000000,42.000000,0,5,14422988,1153,0,1024,-24,0,112,5,1
13,350,21.000000,42.000000,0,5,14422991,1153,0,1024,-24,0,112,5,1
13,350,21.000000,42.000000,0,5,14422993,1153,0,1024,-24,0,112,5,1
13,350,21.000000,42.000000,0,5,14422996,1153,0,1024,-24,0,112,5,1
13,350,21.000000,42.000000,0,5,14422999,1153,0,1024,-24,0,112,5,1
13,350,21.000000,42.000000,0,5,14423002,1153,0,1024,-24,0,112,5,1
13,350,21.000000,42.000000,0,5,14423004,1153,0,1024,-24,0,112,5,1
13,350,21.000000,42.000000,0,5,14423007,1153,0,1024,-24,0,112,5,1
13,350,21.000000,42.000000,0,5,14423010,1153,0,1024,-24,0,112,5,1
13,350,21.000000,42.000000,0,5,14423013,1153,0,1024,-24,0,112,5,1
13,350,21.000000,42.000000,0,5,14423016,1153,0,1024,-24,0,112,5,1
13,350,21.000000,42.000000,0,5,14423018,1153,0,1024,-24,0,112,5,1
13,350,21.000000,42.000000,0,5,14423021,1153,0,1024,-24,0,112,5,1
13,350,21.000000,42.000000,0,5,14423024,1153,0,1024,-24,0,112,5,1
13,350,21.000000,42.000000,0,5,14423027,1153,0,1024,-24,0,112,5,1
13,350,21.000000,42.000000,0,5,14423029,1153,0,1024,-24,0,112,5,1
13,350,21.000000,42.000000,0,5,14423032,1153,0,1024,-24,0,112,5,1
13,350,21.000000,42.000000,0,5,14423035,1153,0,1024,-24,0,112,5,1
13,350,21.000000,42.000000,0,5,14423038,1153,0,1024,-24,0,112,5,1
13,350,21.000000,42.000000,0,5,14423041,1153,0,1024,-24,0,112,5,1
13,350,21.000000,42.000000,0,5,14423044,1153,0,1024,-24,0,112,5,1
13,350,21.000000,42.000000,0,5,14423047,1153,0,1024,-24,0,112,5,1
13,350,21.000000,42.000000,0,5,14423049,1153,0,1024,-24,0,112,5,1
13,350,21.000000,42.000000,0,5,14423052,1153,0,1024,-24,0,112,5,1
13,350,21.000000,42.000000,0,5,14423055,1153,0,1024,-24,0,112,5,1
13,350,21.000000,42.000000,0,5,14423057,1153,0,1024,-24,0,112,5,1
13,350,21.000000,42.000000,0,5,14423060,1153,0,1024,-24,0,112,5,1
13,350,21.000000,42.000000,0,5,14423063,1153,0,1024,-24,0,112,5,1
13,350,21.000000,42.000000,0,5,14423066,1153,0,1024,-24,0,112,5,1
13,350,21.000000,42.000000,0,5,14423068,1153,0,1024,-24,0,112,5,1
13,350,21.000000,42.000000,0,5,14423071,1153,0,1024,-24,0,112,5,1
13,350,21.000000,42.000000,0,5,14423074,1153,0,1024,-24,0,112,5,1
13,350,21.000000,42.000000,0,5,14423077,1153,0,1024,-24,0,112,5,1
13,350,21.000000,42.000000,0,5,14423080,1153,0,1024,-24,0,112,5,1
13,350,21.000000,42.000000,0,5,14423082,1153,0,1024,-24,0,112,5,1
13,350,21.000000,42.000000,0,5,14423085,1153,0,1024,-24,0,112,5,1
13,350,21.000000,42.000000,0,5,14423088,1153,0,1024,-24,0,112,5,1
13,350,21.000000,42.000000,0,5,14423091,1153,0,1024,-24,0,112,5,1
13,350,21.000000,42.000000,0,5,14423093,1153,0,1024,-24,0,112,5,1
13,350,21.000000,42.000000,0,5,14423096,1153,0,1024,-24,0,112,5,1
13,350,21.000000,42.000000,0,5,14423099,1153,0,1024,-24,0,112,5,1
13,350,21.000000,42.000000,0,5,14423102,1153,0,1024,-24,0,112,5,1
13,350,21.000000,42.000000,0,5,14423105,1153,0,1024,-24,0,112,5,1
13,350,21.000000,42.000000,0,5,14423107,1153,0,1024,-24,0,112,5,1
13,350,21.000000,42.000000,0,5,14423110,1153,0,1024,-24,0,112,5,1
13,350,21.000000,42.000000,0,5,14423113,1153,0,1024,-24,0,112,5,1
13,350,21.000000,42.000000,0,5,14423116,1153,0,1024,-24,0,112,5,1
13,350,21.000000,42.000000,0,5,14423118,1153,0,1024,-24,0,112,5,1
13,350,21.000000,42.000000,0,5,14423121,1153,0,1024,-24,0,112,5,1
13,350,21.000000,42.000000,0,5,14423124,1153,0,1024,-24,0,112,5,1
13,350,21.000000,42.000000,0,5,14423127,1153,0,1024,-24,0,112,5,1
13,350,21.000000,42.000000,0,5,14423130,1153,0,1024,-24,0,112,5,1
13,350,21.000000,42.000000,0,5,14423132,1153,0,1024,-24,0,112,5,1
13,350,21.000000,42.000000,0,5,14423135,1153,0,1024,-24,0,112,5,1
13,350,21.000000,42.000000,0,5,14423138,1153,0,1024,-24,0,112,5,1
13,350,21.000000,42.000000,0,5,14423141,1153,0,1024,-24,0,112,5,1
13,350,21.000000,42.000000,0,5,14423144,1153,0,1024,-24,0,112,5,1
13,350,21.000000,42.000000,0,5,14423146,1153,0,1024,-24,0,112,5,1
13,350,21.000000,42.000000,0,5,14423149,1153,0,1024,-24,0,112,5,1
13,350,21.000000,42.000000,0,5,14423152,1153,0,1024,-24,0,112,5,1
13,350,21.000000,42.000000,0,5,14423155,1153,0,1024,-24,0,112,5,1
13,350,21.000000,42.000000,0,5,14423158,1153,0,1024,-24,0,112,5,1
13,350,21.000000,42.000000,0,5,14423160,1153,0,1024,-24,0,112,5,1
13,350,21.000000,42.000000,0,5,14423163,1153,0,1024,-24,0,112,5,1
13,350,21.000000,42.000000,0,5,14423166,1153,0,1024,-24,0,112,5,1
13,350,21.000000,42.000000,0,5,14423169,1153,0,1024,-24,0,112,5,1
13,350,21.000000,42.000000,0,5,14423171,1153,0,1024,-24,0,112,5,1
13,350,21.000000,42.000000,0,5,14423174,1153,0,1024,-24,0,112,5,1
13,350,21.000000,42.000000,0,5,14423177,1153,0,1024,-24,0,112,5,1
13,350,21.000000,42.000000,0,5,14423180,1153,0,1024,-24,0,112,5,1
13,350,21.000000,42.000000,0,5,14423183,1153,0,1024,-24,0,112,5,1
13,350,21.000000,42.000000,0,5,14423185,1153,0,1024,-24,0,112,5,1
13,350,21.000000,42.000000,0,5,14423188,1153,0,1024,-24,0,112,5,1
13,350,21.000000,42.000000,0,5,14423191,1153,0,1024,-24,0,112,5,1
13,350,21.000000,42.000000,0,5,14423194,1153,0,1024,-24,0,112,5,1
13,350,21.000000,42.000000,0,5,14423196,1153,0,1024,-24,0,112,5,1
13,350,21.000000,42.000000,0,5,14423199,1153,0,1024,-24,0,112,5,1
13,350,21.000000,42.000000,0,5,14423202,1153,0,1024,-24,0,112,5,1
13,350,21.000000,42.000000,0,5,14423205,1153,0,1024,-24,0,112,5,1
13,350,21.000000,42.000000,0,5,14423208,1153,0,1024,-24,0,112,5,1
13,350,21.000000,42.000000,0,5,14423210,1153,0,1024,-24,0,112,5,1
13,350,21.000000,42.000000,0,5,14423213,1153,0,1024,-24,0,112,5,1
13,350,21.000000,42.000000,0,5,14423216,1153,0,1024,-24,0,112,5,1
13,350,21.000000,42.000000,0,5,14423219,1153,0,1024,-24,0,112,5,1
13,350,21.000000,42.000000,0,5,14423221,1153,0,1024,-24,0,112,5,1
13,350,21.000000,42.000000,0,5,14423224,1153,0,1024,-25,0,112,5,1
13,350,21.000000,42.000000,0,5,14423227,1153,0,1024,-25,0,112,5,1
13,350,21.000000,42.000000,0,5,14423230,1153,0,1024,-25,0,112,5,1
13,350,21.000000,42.000000,0,5,14423233,1153,0,1024,-25,0,112,5,1
13,350,21.000000,42.000000,0,5,14423235,1153,0,1024,-25,0,112,5,1
13,350,21.000000,42.000000,0,5,14423238,1153,0,1024,-25,0,112,5,1
13,350,21.000000,42.000000,0,5,14423241,1153,0,1024,-25,0,112,5,1
13,350,21.000000,42.000000,0,5,14423244,1153,0,1024,-25,0,112,5,1
13,350,21.000000,42.000000,0,5,14423247,1153,0,1024,-25,0,112,5,1
13,350,21.000000,42.000000,0,5,14423249,1152,0,1023,-25,0,112,5,1
13,350,21.000000,42.000000,0,5,14423252,1151,0,1022,-25,0,112,5,1
13,350,21.000000,42.000000,0,5,14423255,1151,0,1022,-25,0,112,5,1
13,350,21.000000,42.000000,0,5,14423257,1151,0,1022,-25,0,112,5,1
13,350,21.000000,42.000000,0,5,14423260,1150,0,1021,-25,0,112,5,1
13,350,21.000000,42.000000,0,5,14423263,1149,0,1020,-25,0,112,5,1
13,350,21.000000,42.000000,0,5,14423266,1149,0,1020,-25,0,112,5,1
13,350,21.000000,42.000000,0,5,14423269,1149,0,1020,-26,0,112,5,1
13,350,21.000000,42.000000,0,5,14423272,1149,0,1020,-27,0,112,5,1
13,350,21.000000,42.000000,0,5,14423274,1149,0,1020,-27,0,112,5,1
13,350,21.000000,42.000000,0,5,14423277,1149,0,1020,-27,0,112,5,1
13,350,21.000000,42.000000,0,5,14423280,1148,0,1019,-27,0,112,5,1
13,350,21.000000,42.000000,0,5,14423283,1147,0,1018,-27,0,112,5,1
13,350,21.000000,42.000000,0,5,14423285,1147,0,1018,-27,0,112,5,1
13,350,21.000000,42.000000,0,5,14423288,1147,0,1018,-27,0,112,5,1
13,350,21.000000,42.000000,0,5,14423291,1147,0,1018,-27,0,112,5,1
13,350,21.000000,42.000000,0,5,14423294,1147,0,1018,-27,0,112,5,1
13,350,21.000000,42.000000,0,5,14423297,1147,0,1018,-27,0,112,5,1
13,350,21.000000,42.000000,0,5,14423299,1147,0,1018,-27,0,112,5,1
13,350,21.000000,42.000000,0,5,14423302,1147,0,1018,-27,0,112,5,1
13,350,21.000000,42.000000,0,5,14423305,1146,0,1017,-27,0,112,5,1
13,350,21.000000,42.000000,0,5,14423308,1145,0,1016,-27,0,112,5,1
13,350,21.000000,42.000000,0,5,14423310,1145,0,1016,-27,0,112,5,1
13,350,21.000000,42.000000,0,5,14423313,1145,0,1016,-27,0,112,5,1
13,350,21.000000,42.000000,0,5,14423316,1145,0,1016,-27,0,112,5,1
13,350,21.000000,42.000000,0,5,14423319,1145,0,1016,-27,0,112,5,1
13,350,21.000000,42.000000,0,5,14423322,1145,0,1016,-27,0,112,5,1
13,350,21.000000,42.000000,0,5,14423324,1144,0,1015,-27,0,112,5,1
13,350,21.000000,42.000000,0,5,14423327,1143,0,1014,-27,0,112,5,1
13,350,21.000000,42.000000,0,5,14423330,1143,0,1014,-27,0,112,5,1
13,350,21.000000,42.000000,0,5,14423333,1143,0,1014,-28,0,112,5,1
13,350,21.000000,42.000000,0,5,14423335,1142,0,1013,-28,0,112,5,1
13,350,21.000000,42.000000,0,5,14423338,1142,0,1013,-28,0,112,5,1
13,350,21.000000,42.000000,0,5,14423341,1142,0,1013,-28,0,112,5,1
13,350,21.000000,42.000000,0,5,14423344,1142,0,1013,-28,0,112,5,1
13,350,21.000000,42.000000,0,5,14423347,1142,0,1013,-28,0,112,5,1
13,350,21.000000,42.000000,0,5,14423349,1142,0,1013,-28,0,112,5,1
13,350,21.000000,42.000000,0,5,14423352,1142,0,1013,-28,0,112,5,1
13,350,21.000000,42.000000,0,5,14423355,1142,0,1013,-28,0,112,5,1
13,350,21.000000,42.000000,0,5,14423358,1142,0,1013,-28,0,112,5,1
13,350,21.000000,42.000000,0,5,14423360,1142,0,1013,-28,0,112,5,1
13,350,21.000000,42.000000,0,5,14423363,1142,0,1013,-28,0,112,5,1
13,350,21.000000,42.000000,0,5,14423366,1142,0,1013,-28,0,112,5,1
13,350,21.000000,42.000000,0,5,14423369,1141,0,1012,-28,0,112,5,1
13,350,21.000000,42.000000,0,5,14423372,1140,0,1011,-28,0,112,5,1
13,350,21.000000,42.000000,0,5,14423374,1140,0,1011,-28,0,112,5,1
13,350,21.000000,42.000000,0,5,14423377,1140,0,1011,-28,0,112,5,1
13,350,21.000000,42.000000,0,5,14423380,1140,0,1011,-28,0,112,5,1
13,350,21.000000,42.000000,0,5,14423383,1140,0,1011,-28,0,112,5,1
13,350,21.000000,42.000000,0,5,14423386,1140,0,1011,-28,0,112,5,1
13,350,21.000000,42.000000,0,5,14423390,1140,0,1011,-28,0,112,5,1
13,350,21.000000,42.000000,0,5,14423394,1140,0,1011,-28,0,112,5,1
13,350,21.000000,42.000000,0,5,14423398,1140,0,1011,-28,0,112,5,1
13,350,21.000000,42.000000,0,5,14423401,1140,0,1011,-28,0,112,5,1
13,350,21.000000,42.000000,0,5,14423403,1140,0,1011,-28,0,112,5,1
13,350,21.000000,42.000000,0,5,14423406,1140,0,1011,-28,0,112,5,1
13,350,21.000000,42.000000,0,5,14423409,1140,0,1011,-28,0,112,5,1
13,350,21.000000,42.000000,0,5,14423412,1140,0,1011,-28,0,112,5,1
13,350,21.000000,42.000000,0,5,14423415,1140,0,1011,-28,0,112,5,1
13,350,21.000000,42.000000,0,5,14423417,1140,0,1011,-28,0,112,5,1
13,350,21.000000,42.000000,0,5,14423420,1140,0,1011,-28,0,112,5,1
13,350,21.000000,42.000000,0,5,14423433,1140,0,1011,-28,0,112,5,1
