13,700,21.000000,42.000000,0,0,13468360,609,0,609,0,0,21,1,0
13,700,21.000000,42.000000,0,0,13468361,609,0,609,0,0,21,1,0
13,700,21.000000,42.000000,0,0,13468364,609,0,609,0,0,21,1,0
13,700,21.000000,42.000000,0,0,13468367,609,0,609,0,0,21,1,0
13,700,21.000000,42.000000,0,0,13468369,609,0,609,0,0,21,1,0
13,700,21.000000,42.000000,0,0,13468372,609,0,609,0,0,21,1,0
13,700,21.000000,42.000000,0,0,13468375,609,0,609,0,0,21,1,0
13,700,21.000000,42.000000,0,0,13468378,609,0,609,0,0,21,1,0
13,700,21.000000,42.000000,0,0,13468381,609,0,609,0,0,21,1,0
13,700,21.000000,42.000000,0,0,13468383,609,0,609,0,0,21,1,0
13,700,21.000000,42.000000,0,0,13468386,609,0,609,0,0,21,1,0
13,700,21.000000,42.000000,0,0,13468389,609,0,609,0,0,21,1,0
13,700,21.000000,42.000000,0,0,13468392,609,0,609,0,0,21,1,0
13,700,21.000000,42.000000,0,0,13468394,609,0,609,0,0,21,1,0
13,700,21.000000,42.000000,0,0,13468397,609,0,609,0,0,21,1,0
13,700,21.000000,42.000000,0,0,13468400,609,0,609,0,0,21,1,0
13,700,21.000000,42.000000,0,0,13468403,609,0,609,0,0,21,1,0
13,700,21.000000,42.000000,0,0,13468406,609,0,609,0,0,21,1,0
13,700,21.000000,42.000000,0,0,13468408,609,0,609,0,0,21,1,0
13,700,21.000000,42.000000,0,0,13468411,609,0,609,0,0,21,1,0
13,700,21.000000,42.000000,0,0,13468414,609,0,609,0,0,21,1,0
13,700,21.000000,42.000000,0,0,13468417,609,0,609,0,0,21,1,0
13,700,21.000000,42.000000,0,0,13468419,609,0,609,0,0,21,1,0
13,700,21.000000,42.000000,0,0,13468422,609,0,609,0,0,21,1,0
13,700,21.000000,42.000000,0,0,13468425,609,0,609,0,0,21,1,0
13,700,21.000000,42.000000,0,0,13468428,609,0,609,0,0,21,1,0
13,700,21.000000,42.000000,0,0,13468431,609,0,609,0,0,21,1,0
13,700,21.000000,42.000000,0,0,13468433,609,0,609,0,0,21,1,0
13,700,21.000000,42.000000,0,0,13468436,609,0,609,0,0,21,1,0
13,700,21.000000,42.000000,0,0,13468439,609,0,609,0,0,21,1,0
13,700,21.000000,42.000000,0,0,13468442,609,0,609,0,0,21,1,0
13,700,21.000000,42.000000,0,0,13468444,610,0,610,0,0,21,1,0
13,700,21.000000,42.000000,0,0,13468447,610,0,610,0,0,21,1,0
13,700,21.000000,42.000000,0,0,13468450,610,0,610,0,0,21,1,0
13,700,21.000000,42.000000,0,0,13468453,611,0,611,0,0,21,1,0
13,700,21.000000,42.000000,0,0,13468455,612,0,612,0,0,21,1,0
13,700,21.000000,42.000000,0,0,13468458,613,0,613,0,0,21,1,0
13,700,21.000000,42.000000,0,0,13468461,615,0,615,0,0,21,1,0
13,700,21.000000,42.000000,0,0,13468464,617,0,617,0,0,21,1,0
13,700,21.000000,42.000000,0,0,13468466,619,0,619,0,0,21,1,0
13,700,21.000000,42.000000,0,0,13468469,623,0,623,-1,0,21,1,0
13,700,21.000000,42.000000,0,0,13468472,626,0,626,-1,0,21,1,0
13,700,21.000000,42.000000,0,0,13468475,628,0,628,-2,0,21,1,0
13,700,21.000000,42.000000,0,0,13468478,635,0,635,-2,0,21,1,0
13,700,21.000000,42.000000,0,0,13468480,640,0,640,-3,0,21,1,0
13,700,21.000000,42.000000,0,0,13468483,646,0,646,-4,0,21,1,0
13,700,21.000000,42.000000,0,0,13468486,648,0,648,-4,0,21,1,0
13,700,21.000000,42.000000,0,0,13468489,657,0,657,-5,0,21,1,0
13,700,21.000000,42.000000,0,0,13468491,666,0,666,-5,0,21,1,0
13,700,21.000000,42.000000,0,0,13468494,673,0,673,-6,0,21,1,0
13,700,21.000000,42.000000,0,0,13468497,680,0,680,-6,0,21,1,0
13,700,21.000000,42.000000,0,0,13468500,685,0,685,-6,0,21,1,0
13,700,21.000000,42.000000,0,0,13468503,701,0,701,-8,0,21,1,0
13,700,21.000000,42.000000,0,0,13468505,707,0,707,-9,0,21,1,0
13,700,21.000000,42.000000,0,0,13468508,714,0,714,-10,0,21,1,0
13,700,21.000000,42.000000,0,0,13468511,733,0,733,-11,0,21,1,0
13,700,21.000000,42.000000,0,0,13468514,746,0,746,-12,0,21,1,0
13,700,21.000000,42.000000,0,0,13468517,768,0,768,-14,0,21,1,0
13,700,21.000000,42.000000,0,0,13468519,784,0,784,-15,0,21,1,0
13,700,21.000000,42.000000,0,0,13468522,801,0,801,-16,0,21,1,0
13,700,21.000000,42.000000,0,0,13468525,827,0,827,-18,0,21,1,0
13,700,21.000000,42.000000,0,0,13468528,841,0,841,-19,0,21,1,0
13,700,21.000000,42.000000,0,0,13468530,856,0,856,-21,0,21,1,0
13,700,21.000000,42.000000,0,0,13468533,877,0,877,-22,0,21,1,0
13,700,21.000000,42.000000,0,0,13468536,893,0,893,-23,0,21,1,0
13,700,21.000000,42.000000,0,0,13468539,908,0,908,-24,0,21,1,0
13,700,21.000000,42.000000,0,0,13468541,923,0,923,-25,0,21,1,0
13,700,21.000000,42.000000,0,0,13468544,943,0,943,-25,0,21,1,0
13,700,21.000000,42.000000,0,0,13468547,958,0,958,-26,0,21,1,0
13,700,21.000000,42.000000,0,0,13468550,979,0,979,-27,0,21,1,0
13,700,21.000000,42.000000,0,0,13468553,1011,0,1011,-28,0,21,1,0
13,700,21.000000,42.000000,0,0,13468556,1031,0,1031,-29,0,21,1,0
13,700,21.000000,42.000000,0,0,13468558,1049,0,1049,-30,0,21,1,0
13,700,21.000000,42.000000,0,0,13468561,1064,0,1064,-31,0,21,1,0
13,700,21.000000,42.000000,0,0,13468564,1094,0,1094,-32,0,21,1,0
13,700,21.000000,42.000000,0,0,13468567,1109,0,1109,-33,0,21,1,0
13,700,21.000000,42.000000,0,0,13468569,1129,0,1129,-34,0,21,1,0
13,700,21.000000,42.000000,0,0,13468572,1149,0,1149,-36,0,21,1,0
13,700,21.000000,42.000000,0,0,13468575,1171,0,1171,-37,0,21,1,0
13,700,21.000000,42.000000,0,0,13468578,1195,0,1195,-38,0,21,1,0
13,700,21.000000,42.000000,0,0,13468580,1213,0,1213,-39,0,21,1,0
13,700,21.000000,42.000000,0,0,13468583,1229,0,1229,-39,0,21,1,0
13,700,21.000000,42.000000,0,0,13468586,1252,0,1252,-40,0,21,1,0
13,700,21.000000,42.000000,0,0,13468589,1265,0,1265,-41,0,21,1,0
13,700,21.000000,42.000000,0,0,13468592,1280,0,1280,-41,0,21,1,0
13,700,21.000000,42.000000,0,0,13468594,1289,0,1289,-41,0,21,1,0
13,700,21.000000,42.000000,0,0,13468597,1300,0,1300,-41,0,21,1,0
13,700,21.000000,42.000000,0,0,13468600,1308,0,1308,-42,0,21,1,0
13,700,21.000000,42.000000,0,0,13468603,1315,0,1315,-43,0,21,1,0
13,700,21.000000,42.000000,0,0,13468605,1322,0,1322,-44,0,21,1,0
13,700,21.000000,42.000000,0,0,13468608,1330,0,1330,-45,0,21,1,0
13,700,21.000000,42.000000,0,0,13468611,1335,0,1335,-45,0,21,1,0
13,700,21.000000,42.000000,0,0,13468614,1338,0,1338,-45,0,21,1,0
13,700,21.000000,42.000000,0,0,13468617,1343,0,1343,-45,0,21,1,0
13,700,21.000000,42.000000,0,0,13468619,1347,0,1347,-45,0,21,1,0
13,700,21.000000,42.000000,0,0,13468622,1349,0,1349,-45,0,21,1,0
13,700,21.000000,42.000000,0,0,13468625,1351,0,1351,-45,0,21,1,0
13,700,21.000000,42.000000,0,0,13468628,1352,0,1352,-45,0,21,1,0
13,700,21.000000,42.000000,0,0,13468630,1354,0,1354,-45,0,21,1,0
13,700,21.000000,42.000000,0,0,13468633,1355,0,1355,-45,0,21,1,0
13,700,21.000000,42.000000,0,0,13468636,1356,0,1356,-45,0,21,1,0
13,700,21.000000,42.000000,0,0,13468639,1357,0,1357,-45,0,21,1,0
13,700,21.000000,42.000000,0,0,13468642,1358,0,1358,-45,0,21,1,0
13,700,21.000000,42.000000,0,0,13468644,1358,0,1358,-45,0,21,1,0
13,700,21.000000,42.000000,0,0,13468647,1359,0,1359,-45,0,21,1,0
13,700,21.000000,42.000000,0,0,13468650,1360,0,1360,-45,0,21,1,0
13,700,21.000000,42.000000,0,0,13468653,1360,0,1360,-45,0,21,1,0
13,700,21.000000,42.000000,0,0,13468655,1360,0,1360,-45,0,21,1,0
13,700,21.000000,42.000000,0,0,13468658,1360,0,1360,-45,0,21,1,0
13,700,21.000000,42.000000,0,0,13468661,1360,0,1360,-45,0,21,1,0
13,700,21.000000,42.000000,0,0,13468664,1360,0,1360,-45,0,21,1,0
13,700,21.000000,42.000000,0,0,13468667,1360,0,1360,-45,0,21,1,0
13,700,21.000000,42.000000,0,0,13468669,1360,0,1360,-45,0,21,1,0
13,700,21.000000,42.000000,0,0,13468672,1360,0,1360,-45,0,21,1,0
13,700,21.000000,42.000000,0,0,13468675,1360,0,1360,-45,0,21,1,0
13,700,21.000000,42.000000,0,0,13468678,1360,0,1360,-45,0,21,1,0
13,700,21.000000,42.000000,0,0,13468681,1360,0,1360,-45,0,21,1,0
13,700,21.000000,42.000000,0,0,13468683,1360,0,1360,-46,0,21,1,0
13,700,21.000000,42.000000,0,0,13468686,1360,0,1360,-47,0,21,1,0
13,700,21.000000,42.000000,0,0,13468689,1360,0,1360,-47,0,21,1,0
13,700,21.000000,42.000000,0,0,13468692,1360,0,1360,-47,0,21,1,0
13,700,21.000000,42.000000,0,0,13468695,1360,0,1360,-47,0,21,1,0
13,700,21.000000,42.000000,0,0,13468697,1360,0,1360,-47,0,21,1,0
13,700,21.000000,42.000000,0,0,13468700,1360,0,1360,-47,0,21,1,0
13,700,21.000000,42.000000,0,0,13468703,1361,0,1361,-47,0,21,1,0
13,700,21.000000,42.000000,0,0,13468706,1362,0,1362,-47,0,21,1,0
13,700,21.000000,42.000000,0,0,13468708,1362,0,1362,-47,0,21,1,0
13,700,21.000000,42.000000,0,0,13468711,1362,0,1362,-47,0,21,1,0
13,700,21.000000,42.000000,0,0,13468714,1362,0,1362,-47,0,21,1,0
13,700,21.000000,42.000000,0,0,13468717,1362,0,1362,-47,0,21,1,0
13,700,21.000000,42.000000,0,0,13468719,1362,0,1362,-47,0,21,1,0
13,700,21.000000,42.000000,0,0,13468722,1362,0,1362,-47,0,21,1,0
13,700,21.000000,42.000000,0,0,13468725,1362,0,1362,-47,0,21,1,0
13,700,21.000000,42.000000,0,0,13468728,1362,0,1362,-47,0,21,1,0
13,700,21.000000,42.000000,0,0,13468731,1362,0,1362,-47,0,21,1,0
13,700,21.000000,42.000000,0,0,13468733,1362,0,1362,-47,0,21,1,0
13,700,21.000000,42.000000,0,0,13468736,1362,0,1362,-47,0,21,1,0
13,700,21.000000,42.000000,0,0,13468739,1362,0,1362,-47,0,21,1,0
13,700,21.000000,42.000000,0,0,13468742,1362,0,1362,-47,0,21,1,0
13,700,21.000000,42.000000,0,0,13468744,1362,0,1362,-47,0,21,1,0
13,700,21.000000,42.000000,0,0,13468748,1362,0,1362,-47,0,21,1,0
13,700,21.000000,42.000000,0,0,13468750,1362,0,1362,-47,0,21,1,0
13,700,21.000000,42.000000,0,0,13468753,1362,0,1362,-47,0,21,1,0
13,700,21.000000,42.000000,0,0,13468756,1362,0,1362,-47,0,21,1,0
13,700,21.000000,42.000000,0,0,13468758,1362,0,1362,-47,0,21,1,0
13,700,21.000000,42.000000,0,0,13468761,1362,0,1362,-47,0,21,1,0
13,700,21.000000,42.000000,0,0,13468764,1362,0,1362,-47,0,21,1,0
13,700,21.000000,42.000000,0,0,13468767,1362,0,1362,-47,0,21,1,0
13,700,21.000000,42.000000,0,0,13468770,1362,0,1362,-47,0,21,1,0
13,700,21.000000,42.000000,0,0,13468772,1362,0,1362,-47,0,21,1,0
13,700,21.000000,42.000000,0,0,13468775,1362,0,1362,-47,0,21,1,0
13,700,21.000000,42.000000,0,0,13468778,1362,0,1362,-47,0,21,1,0
13,700,21.000000,42.000000,0,0,13468781,1362,0,1362,-47,0,21,1,0
13,700,21.000000,42.000000,0,0,13468783,1362,0,1362,-47,0,21,1,0
13,700,21.000000,42.000000,0,0,13468786,1362,0,1362,-47,0,21,1,0
13,700,21.000000,42.000000,0,0,13468789,1362,0,1362,-47,0,21,1,0
13,700,21.000000,42.000000,0,0,13468792,1362,0,1362,-47,0,21,1,0
13,700,21.000000,42.000000,0,0,13468795,1362,0,1362,-47,0,21,1,0
13,700,21.000000,42.000000,0,0,13468797,1362,0,1362,-47,0,21,1,0
13,700,21.000000,42.000000,0,0,13468800,1362,0,1362,-47,0,21,1,0
13,700,21.000000,42.000000,0,0,13468803,1362,0,1362,-47,0,21,1,0
13,700,21.000000,42.000000,0,0,13468806,1362,0,1362,-47,0,21,1,0
13,700,21.000000,42.000000,0,0,13468808,1362,0,1362,-47,0,21,1,0
13,700,21.000000,42.000000,0,0,13468811,1362,0,1362,-47,0,21,1,0
13,700,21.000000,42.000000,0,0,13468814,1362,0,1362,-47,0,21,1,0
13,700,21.000000,42.000000,0,0,13468817,1362,0,1362,-47,0,21,1,0
13,700,21.000000,42.000000,0,0,13468820,1362,0,1362,-47,0,21,1,0
13,700,21.000000,42.000000,0,0,13468822,1361,0,1361,-47,0,21,1,0
13,700,21.000000,42.000000,0,0,13468825,1360,0,1360,-47,0,21,1,0
13,700,21.000000,42.000000,0,0,13468828,1360,0,1360,-47,0,21,1,0
13,700,21.000000,42.000000,0,0,13468831,1359,0,1359,-47,0,21,1,0
13,700,21.000000,42.000000,0,0,13468834,1359,0,1359,-47,0,21,1,0
13,700,21.000000,42.000000,0,0,13468836,1359,0,1359,-47,0,21,1,0
13,700,21.000000,42.000000,0,0,13468839,1358,0,1358,-47,0,21,1,0
13,700,21.000000,42.000000,0,0,13468842,1357,0,1357,-47,0,21,1,0
13,700,21.000000,42.000000,0,0,13468845,1356,0,1356,-47,0,21,1,0
13,700,21.000000,42.000000,0,0,13468847,1355,0,1355,-47,0,21,1,0
13,700,21.000000,42.000000,0,0,13468850,1354,0,1354,-47,0,21,1,0
13,700,21.000000,42.000000,0,0,13468853,1353,0,1353,-47,0,21,1,0
13,700,21.000000,42.000000,0,0,13468856,1352,0,1352,-47,0,21,1,0
13,700,21.000000,42.000000,0,0,13468859,1350,0,1350,-47,0,21,1,0
13,700,21.000000,42.000000,0,0,13468861,1349,0,1349,-47,0,21,1,0
13,700,21.000000,42.000000,0,0,13468864,1348,0,1348,-47,0,21,1,0
13,700,21.000000,42.000000,0,0,13468867,1347,0,1347,-47,0,21,1,0
13,700,21.000000,42.000000,0,0,13468870,1346,0,1346,-47,0,21,1,0
13,700,21.000000,42.000000,0,0,13468872,1345,0,1345,-47,0,21,1,0
13,700,21.000000,42.000000,0,0,13468875,1344,0,1344,-47,0,21,1,0
13,700,21.000000,42.000000,0,0,13468878,1343,0,1343,-47,0,21,1,0
13,700,21.000000,42.000000,0,0,13468881,1342,0,1342,-47,0,21,1,0
13,700,21.000000,42.000000,0,0,13468883,1342,0,1342,-47,0,21,1,0
13,700,21.000000,42.000000,0,0,13468886,1341,0,1341,-47,0,21,1,0
13,700,21.000000,42.000000,0,0,13468889,1340,0,1340,-47,0,21,1,0
13,700,21.000000,42.000000,0,0,13468892,1340,0,1340,-47,0,21,1,0
13,700,21.000000,42.000000,0,0,13468895,1340,0,1340,-47,0,21,1,0
13,700,21.000000,42.000000,0,0,13468898,1340,0,1340,-47,0,21,1,0
13,700,21.000000,42.000000,0,0,13468900,1340,0,1340,-47,0,21,1,0
13,700,21.000000,42.000000,0,0,13468903,1340,0,1340,-47,0,21,1,0
13,700,21.000000,42.000000,0,0,13468906,1339,0,1339,-47,0,21,1,0
13,700,21.000000,42.000000,0,0,13468908,1338,0,1338,-47,0,21,1,0
13,700,21.000000,42.000000,0,0,13468911,1338,0,1338,-47,0,21,1,0
13,700,21.000000,42.000000,0,0,13468914,1338,0,1338,-47,0,21,1,0
13,700,21.000000,42.000000,0,0,13468917,1338,0,1338,-47,0,21,1,0
13,700,21.000000,42.000000,0,0,13468920,1337,0,1337,-47,0,21,1,0
13,700,21.000000,42.000000,0,0,13468922,1336,0,1336,-47,0,21,1,0
13,700,21.000000,42.000000,0,0,13468925,1335,0,1335,-47,0,21,1,0
13,700,21.000000,42.000000,0,0,13468928,1334,0,1334,-47,0,21,1,0
13,700,21.000000,42.000000,0,0,13468931,1332,0,1332,-47,0,21,1,0
13,700,21.000000,42.000000,0,0,13468933,1331,0,1331,-47,0,21,1,0
13,700,21.000000,42.000000,0,0,13468936,1330,0,1330,-47,0,21,1,0
13,700,21.000000,42.000000,0,0,13468939,1329,0,1329,-47,0,21,1,0
13,700,21.000000,42.000000,0,0,13468942,1329,0,1329,-48,0,21,1,0
13,700,21.000000,42.000000,0,0,13468944,1328,0,1328,-49,0,21,1,0
13,700,21.000000,42.000000,0,0,13468947,1327,0,1327,-49,0,21,1,0
13,700,21.000000,42.000000,0,0,13468950,1326,0,1326,-49,0,21,1,0
13,700,21.000000,42.000000,0,0,13468953,1325,0,1325,-49,0,21,1,0
13,700,21.000000,42.000000,0,0,13468956,1324,0,1324,-49,0,21,1,0
13,700,21.000000,42.000000,0,0,13468958,1323,0,1323,-49,0,21,1,0
13,700,21.000000,42.000000,0,0,13468961,1322,0,1322,-49,0,21,1,0
13,700,21.000000,42.000000,0,0,13468964,1322,0,1322,-49,0,21,1,0
13,700,21.000000,42.000000,0,0,13468967,1322,0,1322,-49,0,21,1,0
13,700,21.000000,42.000000,0,0,13468969,1322,0,1322,-49,0,21,1,0
13,700,21.000000,42.000000,0,0,13468973,1322,0,1322,-49,0,21,1,0
13,700,21.000000,42.000000,0,0,13468975,1321,0,1321,-49,0,21,1,0
13,700,21.000000,42.000000,0,0,13468978,1320,0,1320,-49,0,21,1,0
13,700,21.000000,42.000000,0,0,13468981,1320,0,1320,-49,0,21,1,0
13,700,21.000000,42.000000,0,0,13468984,1320,0,1320,-49,0,21,1,0
13,700,21.000000,42.000000,0,0,13468987,1320,0,1320,-49,0,21,1,0
13,700,21.000000,42.000000,0,0,13468989,1320,0,1320,-49,0,21,1,0
13,700,21.000000,42.000000,0,0,13468992,1320,0,1320,-49,0,21,1,0
13,700,21.000000,42.000000,0,0,13468995,1320,0,1320,-49,0,21,1,0
13,700,21.000000,42.000000,0,0,13468997,1320,0,1320,-49,0,21,1,0
13,700,21.000000,42.000000,0,0,13469000,1320,0,1320,-49,0,21,1,0
13,700,21.000000,42.000000,0,0,13469003,1320,0,1320,-49,0,21,1,0
13,700,21.000000,42.000000,0,0,13469006,1320,0,1320,-49,0,21,1,0
13,700,21.000000,42.000000,0,0,13469008,1320,0,1320,-49,0,21,1,0
13,700,21.000000,42.000000,0,0,13469011,1320,0,1320,-49,0,21,1,0
13,700,21.000000,42.000000,0,0,13469014,1319,0,1319,-49,0,21,1,0
13,700,21.000000,42.000000,0,0,13469017,1318,0,1318,-49,0,21,1,0
13,700,21.000000,42.000000,0,0,13469020,1318,0,1318,-49,0,21,1,0
13,700,21.000000,42.000000,0,0,13469022,1317,0,1317,-49,0,21,1,0
13,700,21.000000,42.000000,0,0,13469025,1316,0,1316,-49,0,21,1,0
13,700,21.000000,42.000000,0,0,13469028,1315,0,1315,-49,0,21,1,0
13,700,21.000000,42.000000,0,0,13469031,1314,0,1314,-49,0,21,1,0
13,700,21.000000,42.000000,0,0,13469033,1313,0,1313,-49,0,21,1,0
13,700,21.000000,42.000000,0,0,13469036,1312,0,1312,-49,0,21,1,0
13,700,21.000000,42.000000,0,0,13469039,1311,0,1311,-49,0,21,1,0
13,700,21.000000,42.000000,0,0,13469042,1310,0,1310,-49,0,21,1,0
13,700,21.000000,42.000000,0,0,13469045,1310,0,1310,-49,0,21,1,0
13,700,21.000000,42.000000,0,0,13469047,1310,0,1310,-49,0,21,1,0
13,700,21.000000,42.000000,0,0,13469050,1309,0,1309,-49,0,21,1,0
13,700,21.000000,42.000000,0,0,13469053,1309,0,1309,-49,0,21,1,0
13,700,21.000000,42.000000,0,0,13469056,1309,0,1309,-49,0,21,1,0
13,700,21.000000,42.000000,0,0,13469058,1309,0,1309,-49,0,21,1,0
13,700,21.000000,42.000000,0,0,13469061,1309,0,1309,-49,0,21,1,0
13,700,21.000000,42.000000,0,0,13469064,1309,0,1309,-49,0,21,1,0
13,700,21.000000,42.000000,0,0,13469067,1309,0,1309,-49,0,21,1,0
13,700,21.000000,42.000000,0,0,13469070,1309,0,1309,-49,0,21,1,0
13,700,21.000000,42.000000,0,0,13469072,1309,0,1309,-49,0,21,1,0
13,700,21.000000,42.000000,0,0,13469076,1309,0,1309,-49,0,21,1,0
13,700,21.000000,42.000000,0,0,13469078,1309,0,1309,-49,0,21,1,0
13,700,21.000000,42.000000,0,0,13469081,1309,0,1309,-49,0,21,1,0
13,700,21.000000,42.000000,0,0,13469084,1309,0,1309,-49,0,21,1,0
13,700,21.000000,42.000000,0,0,13469087,1309,0,1309,-49,0,21,1,0
13,700,21.000000,42.000000,0,0,13469089,1309,0,1309,-49,0,21,1,0
13,700,21.000000,42.000000,0,0,13469092,1309,0,1309,-49,0,21,1,0
13,700,21.000000,42.000000,0,0,13469095,1309,0,1309,-49,0,21,1,0
13,700,21.000000,42.000000,0,0,13469098,1309,0,1309,-49,0,21,1,0
13,700,21.000000,42.000000,0,0,13469101,1309,0,1309,-49,0,21,1,0
13,700,21.000000,42.000000,0,0,13469103,1309,0,1309,-49,0,21,1,0
13,700,21.000000,42.000000,0,0,13469106,1309,0,1309,-49,0,21,1,0
13,700,21.000000,42.000000,0,0,13469109,1309,0,1309,-49,0,21,1,0
13,700,21.000000,42.000000,0,0,13469112,1309,0,1309,-50,0,21,1,0
13,700,21.000000,42.000000,0,0,13469114,1309,0,1309,-50,0,21,1,0
13,700,21.000000,42.000000,0,0,13469117,1309,0,1309,-50,0,21,1,0
13,700,21.000000,42.000000,0,0,13469120,1309,0,1309,-50,0,21,1,0
13,700,21.000000,42.000000,0,0,13469123,1309,0,1309,-50,0,21,1,0
13,700,21.000000,42.000000,0,0,13469125,1309,0,1309,-50,0,21,1,0
13,700,21.000000,42.000000,0,0,13469128,1309,0,1309,-50,0,21,1,0
13,700,21.000000,42.000000,0,0,13469131,1309,0,1309,-50,0,21,1,0
13,700,21.000000,42.000000,0,0,13469133,1309,0,1309,-50,0,21,1,0
13,700,21.000000,42.000000,0,0,13469136,1309,0,1309,-50,0,21,1,0
13,700,21.000000,42.000000,0,0,13469150,1309,0,1309,-50,0,21,1,0
