13,700,21.000000,0.000000,0,0,13454648,608,0,608,0,1,20,0,0
13,700,21.000000,0.000000,0,0,13454649,608,0,608,0,1,20,0,0
13,700,21.000000,0.000000,0,0,13454652,608,0,608,0,1,20,0,0
13,700,21.000000,0.000000,0,0,13454654,608,0,608,0,1,20,0,0
13,700,21.000000,0.000000,0,0,13454657,608,0,608,0,1,20,0,0
13,700,21.000000,0.000000,0,0,13454660,608,0,608,-1,1,20,0,0
13,700,21.000000,0.000000,0,0,13454663,608,0,608,-2,1,20,0,0
13,700,21.000000,0.000000,0,0,13454666,608,0,608,-2,1,20,0,0
13,700,21.000000,0.000000,0,0,13454668,608,0,608,-2,1,20,0,0
13,700,21.000000,0.000000,0,0,13454671,608,0,608,-2,1,20,0,0
13,700,21.000000,0.000000,0,0,13454674,608,0,608,-2,1,20,0,0
13,700,21.000000,0.000000,0,0,13454676,608,0,608,-2,1,20,0,0
13,700,21.000000,0.000000,0,0,13454679,608,0,608,-2,1,20,0,0
13,700,21.000000,0.000000,0,0,13454682,608,0,608,-2,1,20,0,0
13,700,21.000000,0.000000,0,0,13454685,608,0,608,-2,1,20,0,0
13,700,21.000000,0.000000,0,0,13454687,608,0,608,-2,1,20,0,0
13,700,21.000000,0.000000,0,0,13454690,608,0,608,-2,1,20,0,0
13,700,21.000000,0.000000,0,0,13454694,608,0,608,-2,1,20,0,0
13,700,21.000000,0.000000,0,0,13454696,608,0,608,-2,1,20,0,0
13,700,21.000000,0.000000,0,0,13454699,608,0,608,-2,1,20,0,0
13,700,21.000000,0.000000,0,0,13454702,608,0,608,-2,1,20,0,0
13,700,21.000000,0.000000,0,0,13454704,608,0,608,-2,1,20,0,0
13,700,21.000000,0.000000,0,0,13454707,608,0,608,-2,1,20,0,0
13,700,21.000000,0.000000,0,0,13454710,608,0,608,-2,1,20,0,0
13,700,21.000000,0.000000,0,0,13454713,608,0,608,-2,1,20,0,0
13,700,21.000000,0.000000,0,0,13454715,608,0,608,-2,1,20,0,0
13,700,21.000000,0.000000,0,0,13454718,608,0,608,-2,1,20,0,0
13,700,21.000000,0.000000,0,0,13454721,608,0,608,-2,1,20,0,0
13,700,21.000000,0.000000,0,0,13454724,608,0,608,-2,1,20,0,0
13,700,21.000000,0.000000,0,0,13454727,608,0,608,-2,1,20,0,0
13,700,21.000000,0.000000,0,0,13454729,608,0,608,-2,1,20,0,0
13,700,21.000000,0.000000,0,0,13454732,608,0,608,-2,1,20,0,0
13,700,21.000000,0.000000,0,0,13454735,608,0,608,-2,1,20,0,0
13,700,21.000000,0.000000,0,0,13454738,608,0,608,-2,1,20,0,0
13,700,21.000000,0.000000,0,0,13454741,608,0,608,-2,1,20,0,0
13,700,21.000000,0.000000,0,0,13454743,608,0,608,-2,1,20,0,0
13,700,21.000000,0.000000,0,0,13454746,608,0,608,-2,1,20,0,0
13,700,21.000000,0.000000,0,0,13454749,608,0,608,-2,1,20,0,0
13,700,21.000000,0.000000,0,0,13454752,608,0,608,-2,1,20,0,0
13,700,21.000000,0.000000,0,0,13454755,608,0,608,-2,1,20,0,0
13,700,21.000000,0.000000,0,0,13454758,609,0,609,-2,1,20,0,0
13,700,21.000000,0.000000,0,0,13454761,610,0,610,-2,1,20,0,0
13,700,21.000000,0.000000,0,0,13454763,611,0,611,-2,1,20,0,0
13,700,21.000000,0.000000,0,0,13454766,614,0,614,-2,1,20,0,0
13,700,21.000000,0.000000,0,0,13454769,619,0,619,-2,1,20,0,0
13,700,21.000000,0.000000,0,0,13454772,625,0,625,-3,1,20,0,0
13,700,21.000000,0.000000,0,0,13454775,629,0,629,-3,1,20,0,0
13,700,21.000000,0.000000,0,0,13454777,636,0,636,-3,1,20,0,0
13,700,21.000000,0.000000,0,0,13454780,642,0,642,-4,1,20,0,0
13,700,21.000000,0.000000,0,0,13454783,654,0,654,-5,1,20,0,0
13,700,21.000000,0.000000,0,0,13454786,660,0,660,-5,1,20,0,0
13,700,21.000000,0.000000,0,0,13454789,671,0,671,-6,1,20,0,0
13,700,21.000000,0.000000,0,0,13454791,682,0,682,-7,1,20,0,0
13,700,21.000000,0.000000,0,0,13454794,689,0,689,-8,1,20,0,0
13,700,21.000000,0.000000,0,0,13454797,710,0,710,-10,1,20,0,0
13,700,21.000000,0.000000,0,0,13454800,717,0,717,-11,1,20,0,0
13,700,21.000000,0.000000,0,0,13454802,749,0,749,-14,1,20,0,0
13,700,21.000000,0.000000,0,0,13454805,762,0,762,-15,1,20,0,0
13,700,21.000000,0.000000,0,0,13454808,783,0,783,-16,1,20,0,0
13,700,21.000000,0.000000,0,0,13454810,794,0,794,-17,1,20,0,0
13,700,21.000000,0.000000,0,0,13454813,817,0,817,-19,1,20,0,0
13,700,21.000000,0.000000,0,0,13454816,832,0,832,-20,1,20,0,0
13,700,21.000000,0.000000,0,0,13454819,849,0,849,-21,1,20,0,0
13,700,21.000000,0.000000,0,0,13454821,865,0,865,-23,1,20,0,0
13,700,21.000000,0.000000,0,0,13454824,887,0,887,-24,1,20,0,0
13,700,21.000000,0.000000,0,0,13454827,910,0,910,-25,1,20,0,0
13,700,21.000000,0.000000,0,0,13454829,938,0,938,-27,1,20,0,0
13,700,21.000000,0.000000,0,0,13454832,953,0,953,-28,1,20,0,0
13,700,21.000000,0.000000,0,0,13454835,965,0,965,-29,1,20,0,0
13,700,21.000000,0.000000,0,0,13454838,976,0,976,-30,1,20,0,0
13,700,21.000000,0.000000,0,0,13454841,999,0,999,-32,1,20,0,0
13,700,21.000000,0.000000,0,0,13454843,1020,0,1020,-34,1,20,0,0
13,700,21.000000,0.000000,0,0,13454846,1041,0,1041,-36,1,20,0,0
13,700,21.000000,0.000000,0,0,13454849,1055,0,1055,-37,1,20,0,0
13,700,21.000000,0.000000,0,0,13454852,1069,0,1069,-38,1,20,0,0
13,700,21.000000,0.000000,0,0,13454855,1087,0,1087,-40,1,20,0,0
13,700,21.000000,0.000000,0,0,13454857,1097,0,1097,-40,1,20,0,0
13,700,21.000000,0.000000,0,0,13454860,1115,0,1115,-41,1,20,0,0
13,700,21.000000,0.000000,0,0,13454863,1127,0,1127,-42,1,20,0,0
13,700,21.000000,0.000000,0,0,13454866,1147,0,1147,-45,1,20,0,0
13,700,21.000000,0.000000,0,0,13454868,1160,0,1160,-46,1,20,0,0
13,700,21.000000,0.000000,0,0,13454871,1171,0,1171,-47,1,20,0,0
13,700,21.000000,0.000000,0,0,13454874,1182,0,1182,-48,1,20,0,0
13,700,21.000000,0.000000,0,0,13454877,1190,0,1190,-49,1,20,0,0
13,700,21.000000,0.000000,0,0,13454880,1201,0,1201,-50,1,20,0,0
13,700,21.000000,0.000000,0,0,13454882,1209,0,1209,-51,1,20,0,0
13,700,21.000000,0.000000,0,0,13454885,1212,0,1212,-52,1,20,0,0
13,700,21.000000,0.000000,0,0,13454888,1217,0,1217,-53,1,20,0,0
13,700,21.000000,0.000000,0,0,13454891,1222,0,1222,-53,1,20,0,0
13,700,21.000000,0.000000,0,0,13454893,1226,0,1226,-54,1,20,0,0
13,700,21.000000,0.000000,0,0,13454896,1229,0,1229,-54,1,20,0,0
13,700,21.000000,0.000000,0,0,13454899,1232,0,1232,-55,1,20,0,0
13,700,21.000000,0.000000,0,0,13454902,1234,0,1234,-55,1,20,0,0
13,700,21.000000,0.000000,0,0,13454904,1236,0,1236,-55,1,20,0,0
13,700,21.000000,0.000000,0,0,13454907,1237,0,1237,-55,1,20,0,0
13,700,21.000000,0.000000,0,0,13454910,1238,0,1238,-56,1,20,0,0
13,700,21.000000,0.000000,0,0,13454913,1240,0,1240,-57,1,20,0,0
13,700,21.000000,0.000000,0,0,13454916,1241,0,1241,-57,1,20,0,0
13,700,21.000000,0.000000,0,0,13454919,1242,0,1242,-57,1,20,0,0
13,700,21.000000,0.000000,0,0,13454921,1242,0,1242,-57,1,20,0,0
13,700,21.000000,0.000000,0,0,13454924,1242,0,1242,-57,1,20,0,0
13,700,21.000000,0.000000,0,0,13454927,1242,0,1242,-57,1,20,0,0
13,700,21.000000,0.000000,0,0,13454930,1242,0,1242,-57,1,20,0,0
13,700,21.000000,0.000000,0,0,13454932,1242,0,1242,-57,1,20,0,0
13,700,21.000000,0.000000,0,0,13454935,1242,0,1242,-57,1,20,0,0
13,700,21.000000,0.000000,0,0,13454938,1242,0,1242,-57,1,20,0,0
13,700,21.000000,0.000000,0,0,13454941,1242,0,1242,-57,1,20,0,0
13,700,21.000000,0.000000,0,0,13454944,1242,0,1242,-57,1,20,0,0
13,700,21.000000,0.000000,0,0,13454947,1242,0,1242,-57,1,20,0,0
13,700,21.000000,0.000000,0,0,13454949,1242,0,1242,-57,1,20,0,0
13,700,21.000000,0.000000,0,0,13454952,1243,0,1243,-58,1,20,0,0
13,700,21.000000,0.000000,0,0,13454955,1243,0,1243,-58,1,20,0,0
13,700,21.000000,0.000000,0,0,13454958,1244,0,1244,-58,1,20,0,0
13,700,21.000000,0.000000,0,0,13454960,1245,0,1245,-58,1,20,0,0
13,700,21.000000,0.000000,0,0,13454963,1245,0,1245,-59,1,20,0,0
13,700,21.000000,0.000000,0,0,13454966,1246,0,1246,-59,1,20,0,0
13,700,21.000000,0.000000,0,0,13454969,1247,0,1247,-59,1,20,0,0
13,700,21.000000,0.000000,0,0,13454971,1248,0,1248,-59,1,20,0,0
13,700,21.000000,0.000000,0,0,13454974,1248,0,1248,-60,1,20,0,0
13,700,21.000000,0.000000,0,0,13454977,1249,0,1249,-60,1,20,0,0
13,700,21.000000,0.000000,0,0,13454980,1250,0,1250,-60,1,20,0,0
13,700,21.000000,0.000000,0,0,13454983,1251,0,1251,-61,1,20,0,0
13,700,21.000000,0.000000,0,0,13454985,1252,0,1252,-62,1,20,0,0
13,700,21.000000,0.000000,0,0,13454988,1252,0,1252,-63,1,20,0,0
13,700,21.000000,0.000000,0,0,13454991,1253,0,1253,-63,1,20,0,0
13,700,21.000000,0.000000,0,0,13454994,1254,0,1254,-63,1,20,0,0
13,700,21.000000,0.000000,0,0,13454997,1255,0,1255,-63,1,20,0,0
13,700,21.000000,0.000000,0,0,13454999,1256,0,1256,-63,1,20,0,0
13,700,21.000000,0.000000,0,0,13455002,1256,0,1256,-64,1,20,0,0
13,700,21.000000,0.000000,0,0,13455005,1257,0,1257,-64,1,20,0,0
13,700,21.000000,0.000000,0,0,13455008,1258,0,1258,-64,1,20,0,0
13,700,21.000000,0.000000,0,0,13455010,1258,0,1258,-64,1,20,0,0
13,700,21.000000,0.000000,0,0,13455013,1259,0,1259,-64,1,20,0,0
13,700,21.000000,0.000000,0,0,13455016,1260,0,1260,-64,1,20,0,0
13,700,21.000000,0.000000,0,0,13455019,1261,0,1261,-64,1,20,0,0
13,700,21.000000,0.000000,0,0,13455021,1262,0,1262,-64,1,20,0,0
13,700,21.000000,0.000000,0,0,13455024,1263,0,1263,-64,1,20,0,0
13,700,21.000000,0.000000,0,0,13455027,1264,0,1264,-64,1,20,0,0
13,700,21.000000,0.000000,0,0,13455030,1265,0,1265,-64,1,20,0,0
13,700,21.000000,0.000000,0,0,13455032,1266,0,1266,-64,1,20,0,0
13,700,21.000000,0.000000,0,0,13455035,1267,0,1267,-65,1,20,0,0
13,700,21.000000,0.000000,0,0,13455038,1268,0,1268,-65,1,20,0,0
13,700,21.000000,0.000000,0,0,13455041,1269,0,1269,-66,1,20,0,0
13,700,21.000000,0.000000,0,0,13455044,1270,0,1270,-66,1,20,0,0
13,700,21.000000,0.000000,0,0,13455046,1271,0,1271,-66,1,20,0,0
13,700,21.000000,0.000000,0,0,13455049,1272,0,1272,-66,1,20,0,0
13,700,21.000000,0.000000,0,0,13455052,1273,0,1273,-67,1,20,0,0
13,700,21.000000,0.000000,0,0,13455055,1275,0,1275,-67,1,20,0,0
13,700,21.000000,0.000000,0,0,13455057,1276,0,1276,-67,1,20,0,0
13,700,21.000000,0.000000,0,0,13455060,1277,0,1277,-67,1,20,0,0
13,700,21.000000,0.000000,0,0,13455063,1278,0,1278,-67,1,20,0,0
13,700,21.000000,0.000000,0,0,13455066,1279,0,1279,-68,1,20,0,0
13,700,21.000000,0.000000,0,0,13455069,1280,0,1280,-68,1,20,0,0
13,700,21.000000,0.000000,0,0,13455071,1281,0,1281,-68,1,20,0,0
13,700,21.000000,0.000000,0,0,13455074,1282,0,1282,-68,1,20,0,0
13,700,21.000000,0.000000,0,0,13455077,1283,0,1283,-68,1,20,0,0
13,700,21.000000,0.000000,0,0,13455080,1283,0,1283,-68,1,20,0,0
13,700,21.000000,0.000000,0,0,13455082,1283,0,1283,-68,1,20,0,0
13,700,21.000000,0.000000,0,0,13455085,1283,0,1283,-68,1,20,0,0
13,700,21.000000,0.000000,0,0,13455088,1283,0,1283,-68,1,20,0,0
13,700,21.000000,0.000000,0,0,13455091,1283,0,1283,-68,1,20,0,0
13,700,21.000000,0.000000,0,0,13455093,1283,0,1283,-68,1,20,0,0
13,700,21.000000,0.000000,0,0,13455096,1283,0,1283,-68,1,20,0,0
13,700,21.000000,0.000000,0,0,13455099,1283,0,1283,-68,1,20,0,0
13,700,21.000000,0.000000,0,0,13455102,1283,0,1283,-68,1,20,0,0
13,700,21.000000,0.000000,0,0,13455105,1283,0,1283,-68,1,20,0,0
13,700,21.000000,0.000000,0,0,13455107,1283,0,1283,-68,1,20,0,0
13,700,21.000000,0.000000,0,0,13455110,1283,0,1283,-68,1,20,0,0
13,700,21.000000,0.000000,0,0,13455113,1283,0,1283,-68,1,20,0,0
13,700,21.000000,0.000000,0,0,13455116,1284,0,1284,-68,1,20,0,0
13,700,21.000000,0.000000,0,0,13455119,1285,0,1285,-68,1,20,0,0
13,700,21.000000,0.000000,0,0,13455121,1286,0,1286,-68,1,20,0,0
13,700,21.000000,0.000000,0,0,13455124,1286,0,1286,-68,1,20,0,0
13,700,21.000000,0.000000,0,0,13455127,1286,0,1286,-68,1,20,0,0
13,700,21.000000,0.000000,0,0,13455130,1287,0,1287,-68,1,20,0,0
13,700,21.000000,0.000000,0,0,13455132,1288,0,1288,-68,1,20,0,0
13,700,21.000000,0.000000,0,0,13455135,1288,0,1288,-69,1,20,0,0
13,700,21.000000,0.000000,0,0,13455138,1289,0,1289,-69,1,20,0,0
13,700,21.000000,0.000000,0,0,13455141,1290,0,1290,-69,1,20,0,0
13,700,21.000000,0.000000,0,0,13455144,1291,0,1291,-69,1,20,0,0
13,700,21.000000,0.000000,0,0,13455146,1292,0,1292,-69,1,20,0,0
13,700,21.000000,0.000000,0,0,13455149,1293,0,1293,-69,1,20,0,0
13,700,21.000000,0.000000,0,0,13455152,1294,0,1294,-70,1,20,0,0
13,700,21.000000,0.000000,0,0,13455155,1296,0,1296,-71,1,20,0,0
13,700,21.000000,0.000000,0,0,13455157,1296,0,1296,-72,1,20,0,0
13,700,21.000000,0.000000,0,0,13455160,1297,0,1297,-72,1,20,0,0
13,700,21.000000,0.000000,0,0,13455163,1298,0,1298,-72,1,20,0,0
13,700,21.000000,0.000000,0,0,13455166,1299,0,1299,-72,1,20,0,0
13,700,21.000000,0.000000,0,0,13455168,1300,0,1300,-72,1,20,0,0
13,700,21.000000,0.000000,0,0,13455171,1301,0,1301,-72,1,20,0,0
13,700,21.000000,0.000000,0,0,13455174,1301,0,1301,-72,1,20,0,0
13,700,21.000000,0.000000,0,0,13455177,1302,0,1302,-73,1,20,0,0
13,700,21.000000,0.000000,0,0,13455180,1303,0,1303,-74,1,20,0,0
13,700,21.000000,0.000000,0,0,13455183,1304,0,1304,-74,1,20,0,0
13,700,21.000000,0.000000,0,0,13455185,1305,0,1305,-74,1,20,0,0
13,700,21.000000,0.000000,0,0,13455188,1306,0,1306,-74,1,20,0,0
13,700,21.000000,0.000000,0,0,13455191,1307,0,1307,-74,1,20,0,0
13,700,21.000000,0.000000,0,0,13455194,1308,0,1308,-74,1,20,0,0
13,700,21.000000,0.000000,0,0,13455196,1309,0,1309,-74,1,20,0,0
13,700,21.000000,0.000000,0,0,13455199,1310,0,1310,-74,1,20,0,0
13,700,21.000000,0.000000,0,0,13455202,1312,0,1312,-74,1,20,0,0
13,700,21.000000,0.000000,0,0,13455205,1313,0,1313,-74,1,20,0,0
13,700,21.000000,0.000000,0,0,13455208,1316,0,1316,-74,1,20,0,0
13,700,21.000000,0.000000,0,0,13455210,1320,0,1320,-75,1,20,0,0
13,700,21.000000,0.000000,0,0,13455213,1324,0,1324,-75,1,20,0,0
13,700,21.000000,0.000000,0,0,13455216,1327,0,1327,-75,1,20,0,0
13,700,21.000000,0.000000,0,0,13455219,1332,0,1332,-75,1,20,0,0
13,700,21.000000,0.000000,0,0,13455221,1336,0,1336,-76,1,20,0,0
13,700,21.000000,0.000000,0,0,13455224,1341,0,1341,-76,1,20,0,0
13,700,21.000000,0.000000,0,0,13455227,1344,0,1344,-76,1,20,0,0
13,700,21.000000,0.000000,0,0,13455230,1349,0,1349,-76,1,20,0,0
13,700,21.000000,0.000000,0,0,13455233,1355,0,1355,-76,1,20,0,0
13,700,21.000000,0.000000,0,0,13455235,1357,0,1357,-76,1,20,0,0
13,700,21.000000,0.000000,0,0,13455238,1369,0,1369,-77,1,20,0,0
13,700,21.000000,0.000000,0,0,13455241,1372,0,1372,-77,1,20,0,0
13,700,21.000000,0.000000,0,0,13455244,1377,0,1377,-77,1,20,0,0
13,700,21.000000,0.000000,0,0,13455247,1383,0,1383,-77,1,20,0,0
13,700,21.000000,0.000000,0,0,13455249,1388,0,1388,-77,1,20,0,0
13,700,21.000000,0.000000,0,0,13455252,1393,0,1393,-77,1,20,0,0
13,700,21.000000,0.000000,0,0,13455255,1397,0,1397,-78,1,20,0,0
13,700,21.000000,0.000000,0,0,13455258,1401,0,1401,-78,1,20,0,0
13,700,21.000000,0.000000,0,0,13455260,1404,0,1404,-78,1,20,0,0
13,700,21.000000,0.000000,0,0,13455263,1406,0,1406,-78,1,20,0,0
13,700,21.000000,0.000000,0,0,13455266,1409,0,1409,-79,1,20,0,0
13,700,21.000000,0.000000,0,0,13455269,1410,0,1410,-79,1,20,0,0
13,700,21.000000,0.000000,0,0,13455271,1412,0,1412,-79,1,20,0,0
13,700,21.000000,0.000000,0,0,13455274,1414,0,1414,-80,1,20,0,0
13,700,21.000000,0.000000,0,0,13455277,1416,0,1416,-81,1,20,0,0
13,700,21.000000,0.000000,0,0,13455280,1417,0,1417,-81,1,20,0,0
13,700,21.000000,0.000000,0,0,13455283,1418,0,1418,-81,1,20,0,0
13,700,21.000000,0.000000,0,0,13455285,1419,0,1419,-81,1,20,0,0
13,700,21.000000,0.000000,0,0,13455288,1419,0,1419,-81,1,20,0,0
13,700,21.000000,0.000000,0,0,13455291,1419,0,1419,-81,1,20,0,0
13,700,21.000000,0.000000,0,0,13455294,1419,0,1419,-81,1,20,0,0
13,700,21.000000,0.000000,0,0,13455296,1419,0,1419,-81,1,20,0,0
13,700,21.000000,0.000000,0,0,13455299,1419,0,1419,-81,1,20,0,0
13,700,21.000000,0.000000,0,0,13455302,1419,0,1419,-81,1,20,0,0
13,700,21.000000,0.000000,0,0,13455305,1419,0,1419,-81,1,20,0,0
13,700,21.000000,0.000000,0,0,13455307,1419,0,1419,-81,1,20,0,0
13,700,21.000000,0.000000,0,0,13455310,1419,0,1419,-81,1,20,0,0
13,700,21.000000,0.000000,0,0,13455313,1419,0,1419,-81,1,20,0,0
13,700,21.000000,0.000000,0,0,13455316,1419,0,1419,-81,1,20,0,0
13,700,21.000000,0.000000,0,0,13455318,1419,0,1419,-81,1,20,0,0
13,700,21.000000,0.000000,0,0,13455321,1419,0,1419,-81,1,20,0,0
13,700,21.000000,0.000000,0,0,13455324,1419,0,1419,-81,1,20,0,0
13,700,21.000000,0.000000,0,0,13455327,1419,0,1419,-81,1,20,0,0
13,700,21.000000,0.000000,0,0,13455330,1419,0,1419,-81,1,20,0,0
13,700,21.000000,0.000000,0,0,13455332,1419,0,1419,-81,1,20,0,0
13,700,21.000000,0.000000,0,0,13455335,1419,0,1419,-81,1,20,0,0
13,700,21.000000,0.000000,0,0,13455338,1419,0,1419,-81,1,20,0,0
13,700,21.000000,0.000000,0,0,13455341,1419,0,1419,-81,1,20,0,0
13,700,21.000000,0.000000,0,0,13455344,1419,0,1419,-81,1,20,0,0
13,700,21.000000,0.000000,0,0,13455346,1419,0,1419,-81,1,20,0,0
13,700,21.000000,0.000000,0,0,13455349,1419,0,1419,-81,1,20,0,0
13,700,21.000000,0.000000,0,0,13455352,1419,0,1419,-81,1,20,0,0
13,700,21.000000,0.000000,0,0,13455355,1419,0,1419,-81,1,20,0,0
13,700,21.000000,0.000000,0,0,13455358,1419,0,1419,-81,1,20,0,0
13,700,21.000000,0.000000,0,0,13455360,1419,0,1419,-81,1,20,0,0
13,700,21.000000,0.000000,0,0,13455363,1419,0,1419,-81,1,20,0,0
13,700,21.000000,0.000000,0,0,13455366,1419,0,1419,-81,1,20,0,0
13,700,21.000000,0.000000,0,0,13455369,1419,0,1419,-81,1,20,0,0
13,700,21.000000,0.000000,0,0,13455371,1419,0,1419,-81,1,20,0,0
13,700,21.000000,0.000000,0,0,13455374,1419,0,1419,-81,1,20,0,0
13,700,21.000000,0.000000,0,0,13455377,1419,0,1419,-81,1,20,0,0
13,700,21.000000,0.000000,0,0,13455380,1419,0,1419,-81,1,20,0,0
13,700,21.000000,0.000000,0,0,13455383,1419,0,1419,-81,1,20,0,0
13,700,21.000000,0.000000,0,0,13455385,1419,0,1419,-81,1,20,0,0
13,700,21.000000,0.000000,0,0,13455388,1419,0,1419,-81,1,20,0,0
13,700,21.000000,0.000000,0,0,13455391,1419,0,1419,-81,1,20,0,0
13,700,21.000000,0.000000,0,0,13455394,1419,0,1419,-81,1,20,0,0
13,700,21.000000,0.000000,0,0,13455397,1419,0,1419,-81,1,20,0,0
13,700,21.000000,0.000000,0,0,13455399,1419,0,1419,-81,1,20,0,0
13,700,21.000000,0.000000,0,0,13455402,1419,0,1419,-81,1,20,0,0
13,700,21.000000,0.000000,0,0,13455405,1419,0,1419,-81,1,20,0,0
13,700,21.000000,0.000000,0,0,13455408,1419,0,1419,-81,1,20,0,0
13,700,21.000000,0.000000,0,0,13455411,1418,0,1418,-81,1,20,0,0
13,700,21.000000,0.000000,0,0,13455413,1417,0,1417,-81,1,20,0,0
13,700,21.000000,0.000000,0,0,13455416,1415,0,1415,-81,1,20,0,0
13,700,21.000000,0.000000,0,0,13455419,1413,0,1413,-81,1,20,0,0
13,700,21.000000,0.000000,0,0,13455422,1412,0,1412,-81,1,20,0,0
13,700,21.000000,0.000000,0,0,13455424,1410,0,1410,-81,1,20,0,0
13,700,21.000000,0.000000,0,0,13455427,1409,0,1409,-81,1,20,0,0
13,700,21.000000,0.000000,0,0,13455430,1408,0,1408,-81,1,20,0,0
13,700,21.000000,0.000000,0,0,13455433,1407,0,1407,-81,1,20,0,0
13,700,21.000000,0.000000,0,0,13455436,1406,0,1406,-81,1,20,0,0
13,700,21.000000,0.000000,0,0,13455438,1405,0,1405,-81,1,20,0,0
13,700,21.000000,0.000000,0,0,13455441,1403,0,1403,-81,1,20,0,0
13,700,21.000000,0.000000,0,0,13455444,1401,0,1401,-82,1,20,0,0
13,700,21.000000,0.000000,0,0,13455447,1400,0,1400,-82,1,20,0,0
13,700,21.000000,0.000000,0,0,13455450,1398,0,1398,-82,1,20,0,0
13,700,21.000000,0.000000,0,0,13455452,1396,0,1396,-82,1,20,0,0
13,700,21.000000,0.000000,0,0,13455455,1394,0,1394,-82,1,20,0,0
13,700,21.000000,0.000000,0,0,13455458,1392,0,1392,-82,1,20,0,0
13,700,21.000000,0.000000,0,0,13455461,1390,0,1390,-82,1,20,0,0
13,700,21.000000,0.000000,0,0,13455463,1388,0,1388,-83,1,20,0,0
13,700,21.000000,0.000000,0,0,13455466,1386,0,1386,-83,1,20,0,0
13,700,21.000000,0.000000,0,0,13455469,1383,0,1383,-84,1,20,0,0
13,700,21.000000,0.000000,0,0,13455472,1380,0,1380,-84,1,20,0,0
13,700,21.000000,0.000000,0,0,13455475,1377,0,1377,-84,1,20,0,0
13,700,21.000000,0.000000,0,0,13455477,1376,0,1376,-84,1,20,0,0
13,700,21.000000,0.000000,0,0,13455480,1372,0,1372,-84,1,20,0,0
13,700,21.000000,0.000000,0,0,13455483,1367,0,1367,-84,1,20,0,0
13,700,21.000000,0.000000,0,0,13455486,1364,0,1364,-84,1,20,0,0
13,700,21.000000,0.000000,0,0,13455488,1360,0,1360,-84,1,20,0,0
13,700,21.000000,0.000000,0,0,13455491,1356,0,1356,-84,1,20,0,0
13,700,21.000000,0.000000,0,0,13455494,1351,0,1351,-84,1,20,0,0
13,700,21.000000,0.000000,0,0,13455497,1349,0,1349,-84,1,20,0,0
13,700,21.000000,0.000000,0,0,13455500,1345,0,1345,-84,1,20,0,0
13,700,21.000000,0.000000,0,0,13455502,1342,0,1342,-84,1,20,0,0
13,700,21.000000,0.000000,0,0,13455505,1338,0,1338,-85,1,20,0,0
13,700,21.000000,0.000000,0,0,13455508,1336,0,1336,-85,1,20,0,0
13,700,21.000000,0.000000,0,0,13455511,1334,0,1334,-85,1,20,0,0
13,700,21.000000,0.000000,0,0,13455513,1333,0,1333,-85,1,20,0,0
13,700,21.000000,0.000000,0,0,13455516,1331,0,1331,-85,1,20,0,0
13,700,21.000000,0.000000,0,0,13455519,1330,0,1330,-85,1,20,0,0
13,700,21.000000,0.000000,0,0,13455522,1329,0,1329,-85,1,20,0,0
13,700,21.000000,0.000000,0,0,13455525,1327,0,1327,-85,1,20,0,0
13,700,21.000000,0.000000,0,0,13455527,1326,0,1326,-85,1,20,0,0
13,700,21.000000,0.000000,0,0,13455530,1325,0,1325,-85,1,20,0,0
13,700,21.000000,0.000000,0,0,13455533,1324,0,1324,-85,1,20,0,0
13,700,21.000000,0.000000,0,0,13455536,1324,0,1324,-85,1,20,0,0
13,700,21.000000,0.000000,0,0,13455538,1324,0,1324,-85,1,20,0,0
13,700,21.000000,0.000000,0,0,13455541,1324,0,1324,-85,1,20,0,0
13,700,21.000000,0.000000,0,0,13455544,1324,0,1324,-85,1,20,0,0
13,700,21.000000,0.000000,0,0,13455547,1324,0,1324,-85,1,20,0,0
13,700,21.000000,0.000000,0,0,13455549,1324,0,1324,-85,1,20,0,0
13,700,21.000000,0.000000,0,0,13455552,1324,0,1324,-85,1,20,0,0
13,700,21.000000,0.000000,0,0,13455555,1324,0,1324,-85,1,20,0,0
13,700,21.000000,0.000000,0,0,13455558,1324,0,1324,-85,1,20,0,0
13,700,21.000000,0.000000,0,0,13455561,1324,0,1324,-85,1,20,0,0
13,700,21.000000,0.000000,0,0,13455564,1324,0,1324,-85,1,20,0,0
13,700,21.000000,0.000000,0,0,13455566,1324,0,1324,-85,1,20,0,0
13,700,21.000000,0.000000,0,0,13455569,1324,0,1324,-85,1,20,0,0
13,700,21.000000,0.000000,0,0,13455572,1324,0,1324,-85,1,20,0,0
13,700,21.000000,0.000000,0,0,13455575,1324,0,1324,-85,1,20,0,0
13,700,21.000000,0.000000,0,0,13455577,1324,0,1324,-85,1,20,0,0
13,700,21.000000,0.000000,0,0,13455580,1324,0,1324,-85,1,20,0,0
13,700,21.000000,0.000000,0,0,13455583,1324,0,1324,-85,1,20,0,0
13,700,21.000000,0.000000,0,0,13455586,1324,0,1324,-85,1,20,0,0
13,700,21.000000,0.000000,0,0,13455588,1324,0,1324,-85,1,20,0,0
13,700,21.000000,0.000000,0,0,13455591,1324,0,1324,-85,1,20,0,0
13,700,21.000000,0.000000,0,0,13455594,1324,0,1324,-85,1,20,0,0
13,700,21.000000,0.000000,0,0,13455597,1324,0,1324,-85,1,20,0,0
13,700,21.000000,0.000000,0,0,13455599,1324,0,1324,-85,1,20,0,0
13,700,21.000000,0.000000,0,0,13455602,1324,0,1324,-85,1,20,0,0
13,700,21.000000,0.000000,0,0,13455605,1324,0,1324,-85,1,20,0,0
13,700,21.000000,0.000000,0,0,13455608,1324,0,1324,-85,1,20,0,0
13,700,21.000000,0.000000,0,0,13455611,1324,0,1324,-85,1,20,0,0
13,700,21.000000,0.000000,0,0,13455613,1324,0,1324,-85,1,20,0,0
13,700,21.000000,0.000000,0,0,13455616,1324,0,1324,-85,1,20,0,0
13,700,21.000000,0.000000,0,0,13455619,1324,0,1324,-85,1,20,0,0
13,700,21.000000,0.000000,0,0,13455622,1324,0,1324,-85,1,20,0,0
13,700,21.000000,0.000000,0,0,13455624,1324,0,1324,-85,1,20,0,0
13,700,21.000000,0.000000,0,0,13455627,1324,0,1324,-85,1,20,0,0
13,700,21.000000,0.000000,0,0,13455630,1324,0,1324,-85,1,20,0,0
13,700,21.000000,0.000000,0,0,13455633,1323,0,1323,-85,1,20,0,0
13,700,21.000000,0.000000,0,0,13455635,1323,0,1323,-85,1,20,0,0
13,700,21.000000,0.000000,0,0,13455638,1323,0,1323,-85,1,20,0,0
13,700,21.000000,0.000000,0,0,13455641,1323,0,1323,-85,1,20,0,0
13,700,21.000000,0.000000,0,0,13455644,1323,0,1323,-85,1,20,0,0
13,700,21.000000,0.000000,0,0,13455647,1323,0,1323,-85,1,20,0,0
13,700,21.000000,0.000000,0,0,13455650,1323,0,1323,-85,1,20,0,0
13,700,21.000000,0.000000,0,0,13455652,1323,0,1323,-85,1,20,0,0
13,700,21.000000,0.000000,0,0,13455655,1323,0,1323,-85,1,20,0,0
13,700,21.000000,0.000000,0,0,13455658,1323,0,1323,-85,1,20,0,0
13,700,21.000000,0.000000,0,0,13455661,1323,0,1323,-85,1,20,0,0
13,700,21.000000,0.000000,0,0,13455663,1323,0,1323,-85,1,20,0,0
13,700,21.000000,0.000000,0,0,13455666,1323,0,1323,-85,1,20,0,0
13,700,21.000000,0.000000,0,0,13455669,1323,0,1323,-85,1,20,0,0
13,700,21.000000,0.000000,0,0,13455672,1323,0,1323,-85,1,20,0,0
13,700,21.000000,0.000000,0,0,13455675,1323,0,1323,-85,1,20,0,0
13,700,21.000000,0.000000,0,0,13455677,1323,0,1323,-85,1,20,0,0
13,700,21.000000,0.000000,0,0,13455680,1323,0,1323,-85,1,20,0,0
13,700,21.000000,0.000000,0,0,13455683,1323,0,1323,-85,1,20,0,0
13,700,21.000000,0.000000,0,0,13455686,1323,0,1323,-85,1,20,0,0
13,700,21.000000,0.000000,0,0,13455689,1323,0,1323,-85,1,20,0,0
13,700,21.000000,0.000000,0,0,13455691,1323,0,1323,-85,1,20,0,0
13,700,21.000000,0.000000,0,0,13455694,1323,0,1323,-85,1,20,0,0
13,700,21.000000,0.000000,0,0,13455697,1323,0,1323,-85,1,20,0,0
13,700,21.000000,0.000000,0,0,13455700,1323,0,1323,-85,1,20,0,0
13,700,21.000000,0.000000,0,0,13455702,1323,0,1323,-85,1,20,0,0
13,700,21.000000,0.000000,0,0,13455705,1323,0,1323,-85,1,20,0,0
13,700,21.000000,0.000000,0,0,13455708,1323,0,1323,-86,1,20,0,0
13,700,21.000000,0.000000,0,0,13455711,1323,0,1323,-87,1,20,0,0
13,700,21.000000,0.000000,0,0,13455713,1323,0,1323,-87,1,20,0,0
13,700,21.000000,0.000000,0,0,13455716,1323,0,1323,-87,1,20,0,0
13,700,21.000000,0.000000,0,0,13455719,1323,0,1323,-87,1,20,0,0
13,700,21.000000,0.000000,0,0,13455722,1323,0,1323,-87,1,20,0,0
13,700,21.000000,0.000000,0,0,13455725,1323,0,1323,-87,1,20,0,0
13,700,21.000000,0.000000,0,0,13455727,1322,0,1322,-87,1,20,0,0
13,700,21.000000,0.000000,0,0,13455730,1322,0,1322,-87,1,20,0,0
13,700,21.000000,0.000000,0,0,13455733,1322,0,1322,-87,1,20,0,0
13,700,21.000000,0.000000,0,0,13455735,1322,0,1322,-87,1,20,0,0
13,700,21.000000,0.000000,0,0,13455738,1322,0,1322,-87,1,20,0,0
13,700,21.000000,0.000000,0,0,13455741,1322,0,1322,-87,1,20,0,0
13,700,21.000000,0.000000,0,0,13455744,1322,0,1322,-87,1,20,0,0
13,700,21.000000,0.000000,0,0,13455747,1322,0,1322,-87,1,20,0,0
13,700,21.000000,0.000000,0,0,13455749,1322,0,1322,-87,1,20,0,0
13,700,21.000000,0.000000,0,0,13455752,1322,0,1322,-87,1,20,0,0
13,700,21.000000,0.000000,0,0,13455755,1322,0,1322,-87,1,20,0,0
13,700,21.000000,0.000000,0,0,13455758,1322,0,1322,-87,1,20,0,0
13,700,21.000000,0.000000,0,0,13455760,1322,0,1322,-87,1,20,0,0
13,700,21.000000,0.000000,0,0,13455764,1321,0,1321,-87,1,20,0,0
13,700,21.000000,0.000000,0,0,13455766,1321,0,1321,-87,1,20,0,0
13,700,21.000000,0.000000,0,0,13455769,1321,0,1321,-87,1,20,0,0
13,700,21.000000,0.000000,0,0,13455772,1321,0,1321,-87,1,20,0,0
13,700,21.000000,0.000000,0,0,13455775,1321,0,1321,-87,1,20,0,0
13,700,21.000000,0.000000,0,0,13455777,1321,0,1321,-87,1,20,0,0
13,700,21.000000,0.000000,0,0,13455780,1321,0,1321,-87,1,20,0,0
13,700,21.000000,0.000000,0,0,13455783,1321,0,1321,-87,1,20,0,0
13,700,21.000000,0.000000,0,0,13455786,1321,0,1321,-87,1,20,0,0
13,700,21.000000,0.000000,0,0,13455788,1321,0,1321,-87,1,20,0,0
13,700,21.000000,0.000000,0,0,13455792,1321,0,1321,-87,1,20,0,0
13,700,21.000000,0.000000,0,0,13455794,1321,0,1321,-87,1,20,0,0
13,700,21.000000,0.000000,0,0,13455797,1321,0,1321,-87,1,20,0,0
13,700,21.000000,0.000000,0,0,13455800,1321,0,1321,-87,1,20,0,0
13,700,21.000000,0.000000,0,0,13455803,1321,0,1321,-87,1,20,0,0
13,700,21.000000,0.000000,0,0,13455805,1321,0,1321,-87,1,20,0,0
13,700,21.000000,0.000000,0,0,13455808,1321,0,1321,-87,1,20,0,0
13,700,21.000000,0.000000,0,0,13455811,1320,0,1320,-87,1,20,0,0
13,700,21.000000,0.000000,0,0,13455814,1320,0,1320,-87,1,20,0,0
13,700,21.000000,0.000000,0,0,13455817,1320,0,1320,-87,1,20,0,0
13,700,21.000000,0.000000,0,0,13455819,1320,0,1320,-87,1,20,0,0
13,700,21.000000,0.000000,0,0,13455822,1320,0,1320,-87,1,20,0,0
13,700,21.000000,0.000000,0,0,13455825,1320,0,1320,-87,1,20,0,0
13,700,21.000000,0.000000,0,0,13455828,1320,0,1320,-87,1,20,0,0
13,700,21.000000,0.000000,0,0,13455830,1320,0,1320,-87,1,20,0,0
13,700,21.000000,0.000000,0,0,13455833,1320,0,1320,-87,1,20,0,0
13,700,21.000000,0.000000,0,0,13455836,1320,0,1320,-87,1,20,0,0
13,700,21.000000,0.000000,0,0,13455839,1320,0,1320,-87,1,20,0,0
13,700,21.000000,0.000000,0,0,13455841,1320,0,1320,-87,1,20,0,0
13,700,21.000000,0.000000,0,0,13455844,1320,0,1320,-87,1,20,0,0
13,700,21.000000,0.000000,0,0,13455847,1320,0,1320,-87,1,20,0,0
13,700,21.000000,0.000000,0,0,13455850,1320,0,1320,-87,1,20,0,0
13,700,21.000000,0.000000,0,0,13455852,1319,0,1319,-87,1,20,0,0
13,700,21.000000,0.000000,0,0,13455855,1319,0,1319,-87,1,20,0,0
13,700,21.000000,0.000000,0,0,13455858,1319,0,1319,-87,1,20,0,0
13,700,21.000000,0.000000,0,0,13455861,1318,0,1318,-87,1,20,0,0
13,700,21.000000,0.000000,0,0,13455864,1317,0,1317,-87,1,20,0,0
13,700,21.000000,0.000000,0,0,13455867,1317,0,1317,-87,1,20,0,0
13,700,21.000000,0.000000,0,0,13455869,1317,0,1317,-87,1,20,0,0
13,700,21.000000,0.000000,0,0,13455872,1317,0,1317,-87,1,20,0,0
13,700,21.000000,0.000000,0,0,13455875,1317,0,1317,-87,1,20,0,0
13,700,21.000000,0.000000,0,0,13455878,1317,0,1317,-87,1,20,0,0
13,700,21.000000,0.000000,0,0,13455880,1316,0,1316,-87,1,20,0,0
13,700,21.000000,0.000000,0,0,13455883,1315,0,1315,-87,1,20,0,0
13,700,21.000000,0.000000,0,0,13455886,1315,0,1315,-87,1,20,0,0
13,700,21.000000,0.000000,0,0,13455889,1315,0,1315,-87,1,20,0,0
13,700,21.000000,0.000000,0,0,13455891,1315,0,1315,-87,1,20,0,0
13,700,21.000000,0.000000,0,0,13455894,1315,0,1315,-87,1,20,0,0
13,700,21.000000,0.000000,0,0,13455897,1315,0,1315,-87,1,20,0,0
13,700,21.000000,0.000000,0,0,13455900,1315,0,1315,-87,1,20,0,0
13,700,21.000000,0.000000,0,0,13455902,1315,0,1315,-87,1,20,0,0
13,700,21.000000,0.000000,0,0,13455905,1315,0,1315,-87,1,20,0,0
13,700,21.000000,0.000000,0,0,13455908,1315,0,1315,-87,1,20,0,0
13,700,21.000000,0.000000,0,0,13455911,1315,0,1315,-87,1,20,0,0
13,700,21.000000,0.000000,0,0,13455914,1315,0,1315,-87,1,20,0,0
13,700,21.000000,0.000000,0,0,13455917,1315,0,1315,-87,1,20,0,0
13,700,21.000000,0.000000,0,0,13455919,1315,0,1315,-87,1,20,0,0
13,700,21.000000,0.000000,0,0,13455922,1315,0,1315,-87,1,20,0,0
13,700,21.000000,0.000000,0,0,13455925,1315,0,1315,-87,1,20,0,0
13,700,21.000000,0.000000,0,0,13455928,1315,0,1315,-87,1,20,0,0
13,700,21.000000,0.000000,0,0,13455931,1315,0,1315,-87,1,20,0,0
13,700,21.000000,0.000000,0,0,13455933,1315,0,1315,-87,1,20,0,0
13,700,21.000000,0.000000,0,0,13455936,1315,0,1315,-87,1,20,0,0
13,700,21.000000,0.000000,0,0,13455939,1315,0,1315,-87,1,20,0,0
13,700,21.000000,0.000000,0,0,13455942,1315,0,1315,-87,1,20,0,0
13,700,21.000000,0.000000,0,0,13455944,1315,0,1315,-87,1,20,0,0
13,700,21.000000,0.000000,0,0,13455947,1315,0,1315,-87,1,20,0,0
13,700,21.000000,0.000000,0,0,13455950,1315,0,1315,-87,1,20,0,0
13,700,21.000000,0.000000,0,0,13455963,1315,0,1315,-87,0,20,0,0
