13,350,80.500000,0.000000,2,0,1574377447,802,0,802,0,0,41,2
13,350,80.500000,0.000000,2,0,1574377448,802,0,802,0,0,41,2
13,350,80.500000,0.000000,2,0,1574377451,802,0,802,0,0,41,2
13,350,80.500000,0.000000,2,0,1574377453,802,0,802,0,0,41,2
13,350,80.500000,0.000000,2,0,1574377456,802,0,802,0,0,41,2
13,350,80.500000,0.000000,2,0,1574377459,802,0,802,0,0,41,2
13,350,80.500000,0.000000,2,0,1574377462,802,0,802,0,0,41,2
13,350,80.500000,0.000000,2,0,1574377464,802,0,802,0,0,41,2
13,350,80.500000,0.000000,2,0,1574377467,802,0,802,0,0,41,2
13,350,80.500000,0.000000,2,0,1574377470,802,0,802,0,0,41,2
13,350,80.500000,0.000000,2,0,1574377473,802,0,802,0,0,41,2
13,350,80.500000,0.000000,2,0,1574377476,802,0,802,0,0,41,2
13,350,80.500000,0.000000,2,0,1574377479,802,0,802,0,0,41,2
13,350,80.500000,0.000000,2,0,1574377481,802,0,802,0,0,41,2
13,350,80.500000,0.000000,2,0,1574377484,802,0,802,0,0,41,2
13,350,80.500000,0.000000,2,0,1574377487,802,0,802,0,0,41,2
13,350,80.500000,0.000000,2,0,1574377490,802,0,802,0,0,41,2
13,350,80.500000,0.000000,2,0,1574377492,802,0,802,0,0,41,2
13,350,80.500000,0.000000,2,0,1574377495,802,0,802,0,0,41,2
13,350,80.500000,0.000000,2,0,1574377497,802,0,802,0,0,41,2
13,350,80.500000,0.000000,2,0,1574377500,802,0,802,0,0,41,2
13,350,80.500000,0.000000,2,0,1574377503,802,0,802,0,0,41,2
13,350,80.500000,0.000000,2,0,1574377506,802,0,802,0,0,41,2
13,350,80.500000,0.000000,2,0,1574377509,802,0,802,0,0,41,2
13,350,80.500000,0.000000,2,0,1574377512,802,0,802,0,0,41,2
13,350,80.500000,0.000000,2,0,1574377515,802,0,802,0,0,41,2
13,350,80.500000,0.000000,2,0,1574377517,802,2,802,2,0,41,2
13,350,80.500000,0.000000,2,0,1574377520,804,3,804,3,0,41,2
13,350,80.500000,0.000000,2,0,1574377523,804,4,804,4,0,41,2
13,350,80.500000,0.000000,2,0,1574377526,806,7,806,7,0,41,2
13,350,80.500000,0.000000,2,0,1574377529,808,9,808,9,0,41,2
13,350,80.500000,0.000000,2,0,1574377531,812,13,812,13,0,41,2
13,350,80.500000,0.000000,2,0,1574377534,814,15,814,15,0,41,2
13,350,80.500000,0.000000,2,0,1574377537,815,19,815,19,0,41,2
13,350,80.500000,0.000000,2,0,1574377540,819,23,819,23,0,41,2
13,350,80.500000,0.000000,2,0,1574377542,824,27,824,27,0,41,2
13,350,80.500000,0.000000,2,0,1574377545,827,29,827,29,0,41,2
13,350,80.500000,0.000000,2,0,1574377548,832,34,832,34,0,41,2
13,350,80.500000,0.000000,2,0,1574377551,839,36,839,36,0,41,2
13,350,80.500000,0.000000,2,0,1574377554,854,43,854,43,0,41,2
13,350,80.500000,0.000000,2,0,1574377556,862,48,862,48,0,41,2
13,350,80.500000,0.000000,2,0,1574377559,869,50,869,50,0,41,2
13,350,80.500000,0.000000,2,0,1574377562,879,54,879,54,0,41,2
13,350,80.500000,0.000000,2,0,1574377565,888,60,888,60,0,41,2
13,350,80.500000,0.000000,2,0,1574377567,899,62,899,62,0,41,2
13,350,80.500000,0.000000,2,0,1574377570,909,65,909,65,0,41,2
13,350,80.500000,0.000000,2,0,1574377573,923,71,923,71,0,41,2
13,350,80.500000,0.000000,2,0,1574377575,935,75,935,75,0,41,2
13,350,80.500000,0.000000,2,0,1574377578,946,78,946,78,0,41,2
13,350,80.500000,0.000000,2,0,1574377581,957,82,957,82,0,41,2
13,350,80.500000,0.000000,2,0,1574377584,971,84,971,84,0,41,2
13,350,80.500000,0.000000,2,0,1574377587,982,87,982,87,0,41,2
13,350,80.500000,0.000000,2,0,1574377589,992,89,992,89,0,41,2
13,350,80.500000,0.000000,2,0,1574377592,1006,90,1006,90,0,41,2
13,350,80.500000,0.000000,2,0,1574377595,1018,91,1018,91,0,41,2
13,350,80.500000,0.000000,2,0,1574377598,1030,92,1030,92,0,41,2
13,350,80.500000,0.000000,2,0,1574377601,1042,92,1042,92,0,41,2
13,350,80.500000,0.000000,2,0,1574377604,1054,92,1054,92,0,41,2
13,350,80.500000,0.000000,2,0,1574377607,1064,93,1064,93,0,41,2
13,350,80.500000,0.000000,2,0,1574377609,1077,93,1077,93,0,41,2
13,350,80.500000,0.000000,2,0,1574377612,1087,93,1087,93,0,41,2
13,350,80.500000,0.000000,2,0,1574377615,1098,93,1098,93,0,41,2
13,350,80.500000,0.000000,2,0,1574377618,1108,92,1108,92,0,41,2
13,350,80.500000,0.000000,2,0,1574377621,1117,92,1117,92,0,41,2
13,350,80.500000,0.000000,2,0,1574377624,1125,92,1125,92,0,41,2
13,350,80.500000,0.000000,2,0,1574377626,1132,90,1132,90,0,41,2
13,350,80.500000,0.000000,2,0,1574377629,1140,88,1140,88,0,41,2
13,350,80.500000,0.000000,2,0,1574377632,1149,88,1149,88,0,41,2
13,350,80.500000,0.000000,2,0,1574377635,1153,87,1153,87,0,41,2
13,350,80.500000,0.000000,2,0,1574377637,1160,84,1160,84,0,41,2
13,350,80.500000,0.000000,2,0,1574377640,1166,82,1166,82,0,41,2
13,350,80.500000,0.000000,2,0,1574377643,1171,80,1171,80,0,41,2
13,350,80.500000,0.000000,2,0,1574377646,1175,79,1175,79,0,41,2
13,350,80.500000,0.000000,2,0,1574377648,1177,77,1177,77,0,41,2
13,350,80.500000,0.000000,2,0,1574377651,1180,75,1180,75,0,41,2
13,350,80.500000,0.000000,2,0,1574377654,1182,74,1182,74,0,41,2
13,350,80.500000,0.000000,2,0,1574377657,1183,72,1183,72,0,41,2
13,350,80.500000,0.000000,2,0,1574377659,1184,70,1184,70,0,41,2
13,350,80.500000,0.000000,2,0,1574377663,1186,68,1186,68,0,41,2
13,350,80.500000,0.000000,2,0,1574377666,1186,64,1186,64,0,41,2
13,350,80.500000,0.000000,2,0,1574377669,1187,62,1187,62,0,41,2
13,350,80.500000,0.000000,2,0,1574377671,1188,58,1188,58,0,41,2
13,350,80.500000,0.000000,2,0,1574377674,1188,55,1188,55,0,41,2
13,350,80.500000,0.000000,2,0,1574377677,1188,54,1188,54,0,41,2
13,350,80.500000,0.000000,2,0,1574377680,1188,51,1188,51,0,41,2
13,350,80.500000,0.000000,2,0,1574377683,1188,49,1188,49,0,41,2
13,350,80.500000,0.000000,2,0,1574377685,1187,47,1187,47,0,41,2
13,350,80.500000,0.000000,2,0,1574377688,1187,43,1187,43,0,41,2
13,350,80.500000,0.000000,2,0,1574377691,1186,41,1186,41,0,41,2
13,350,80.500000,0.000000,2,0,1574377694,1186,38,1186,38,0,41,2
13,350,80.500000,0.000000,2,0,1574377697,1186,34,1186,34,0,41,2
13,350,80.500000,0.000000,2,0,1574377699,1186,31,1186,31,0,41,2
13,350,80.500000,0.000000,2,0,1574377702,1185,29,1185,29,0,41,2
13,350,80.500000,0.000000,2,0,1574377705,1185,25,1185,25,0,41,2
13,350,80.500000,0.000000,2,0,1574377708,1184,24,1184,24,0,41,2
13,350,80.500000,0.000000,2,0,1574377711,1182,19,1182,19,0,41,2
13,350,80.500000,0.000000,2,0,1574377713,1182,17,1182,17,0,41,2
13,350,80.500000,0.000000,2,0,1574377716,1182,13,1182,13,0,41,2
13,350,80.500000,0.000000,2,0,1574377719,1180,10,1180,10,0,41,2
13,350,80.500000,0.000000,2,0,1574377721,1179,5,1179,5,0,41,2
13,350,80.500000,0.000000,2,0,1574377724,1177,4,1177,4,0,41,2
13,350,80.500000,0.000000,2,0,1574377727,1176,0,1176,0,0,41,2
13,350,80.500000,0.000000,2,0,1574377730,1175,0,1175,-3,0,41,2
13,350,80.500000,0.000000,2,0,1574377733,1172,0,1172,-5,0,41,2
13,350,80.500000,0.000000,2,0,1574377735,1169,0,1169,-9,0,41,2
13,350,80.500000,0.000000,2,0,1574377738,1169,0,1169,-12,0,41,2
13,350,80.500000,0.000000,2,0,1574377741,1168,0,1168,-14,0,41,2
13,350,80.500000,0.000000,2,0,1574377744,1167,0,1167,-15,0,41,2
13,350,80.500000,0.000000,2,0,1574377747,1166,0,1166,-19,0,41,2
13,350,80.500000,0.000000,2,0,1574377750,1165,0,1165,-22,0,41,2
13,350,80.500000,0.000000,2,0,1574377752,1163,0,1163,-24,0,41,2
13,350,80.500000,0.000000,2,0,1574377756,1157,0,1157,-27,0,41,2
13,350,80.500000,0.000000,2,0,1574377758,1154,0,1154,-29,0,41,2
13,350,80.500000,0.000000,2,0,1574377762,1150,0,1150,-32,0,41,2
13,350,80.500000,0.000000,2,0,1574377765,1147,0,1147,-35,0,41,2
13,350,80.500000,0.000000,2,0,1574377767,1144,0,1144,-37,0,41,2
13,350,80.500000,0.000000,2,0,1574377770,1137,0,1137,-38,0,41,2
13,350,80.500000,0.000000,2,0,1574377773,1133,0,1133,-40,0,41,2
13,350,80.500000,0.000000,2,0,1574377776,1124,0,1124,-41,0,41,2
13,350,80.500000,0.000000,2,0,1574377779,1118,0,1118,-42,0,41,2
13,350,80.500000,0.000000,2,0,1574377781,1110,0,1110,-43,0,41,2
13,350,80.500000,0.000000,2,0,1574377784,1102,0,1102,-45,0,41,2
13,350,80.500000,0.000000,2,0,1574377787,1096,0,1092,-45,0,41,2
13,350,80.500000,0.000000,2,0,1574377790,1096,0,1082,-46,0,41,2
13,350,80.500000,0.000000,2,0,1574377793,1096,0,1073,-49,0,41,2
13,350,80.500000,0.000000,2,0,1574377795,1096,0,1062,-49,0,41,2
13,350,80.500000,0.000000,2,0,1574377798,1096,0,1055,-50,0,41,2
13,350,80.500000,0.000000,2,0,1574377801,1096,0,1047,-50,0,41,2
13,350,80.500000,0.000000,2,0,1574377804,1096,0,1040,-50,0,41,2
13,350,80.500000,0.000000,2,0,1574377807,1096,0,1032,-50,0,41,2
13,350,80.500000,0.000000,2,0,1574377809,1096,0,1025,-50,0,41,2
13,350,80.500000,0.000000,2,0,1574377812,1096,0,1020,-51,0,41,2
13,350,80.500000,0.000000,2,0,1574377815,1096,0,1014,-51,0,41,2
13,350,80.500000,0.000000,2,0,1574377827,1096,0,1010,-51,0,41,2
