13,700,21.000000,42.000000,0,2,13943212,608,0,608,0,0,64,4,0
13,700,21.000000,42.000000,0,2,13943213,608,0,608,0,0,64,4,0
13,700,21.000000,42.000000,0,2,13943216,608,0,608,0,0,64,4,0
13,700,21.000000,42.000000,0,2,13943219,608,0,608,0,0,64,4,0
13,700,21.000000,42.000000,0,2,13943221,608,0,608,0,0,64,4,0
13,700,21.000000,42.000000,0,2,13943224,608,0,608,0,0,64,4,0
13,700,21.000000,42.000000,0,2,13943227,608,0,608,0,0,64,4,0
13,700,21.000000,42.000000,0,2,13943230,608,0,608,0,0,64,4,0
13,700,21.000000,42.000000,0,2,13943233,608,0,608,0,0,64,4,0
13,700,21.000000,42.000000,0,2,13943235,608,0,608,0,0,64,4,0
13,700,21.000000,42.000000,0,2,13943238,608,0,608,0,0,64,4,0
13,700,21.000000,42.000000,0,2,13943241,608,0,608,0,0,64,4,0
13,700,21.000000,42.000000,0,2,13943244,608,0,608,0,0,64,4,0
13,700,21.000000,42.000000,0,2,13943246,608,0,608,0,0,64,4,0
13,700,21.000000,42.000000,0,2,13943249,608,0,608,0,0,64,4,0
13,700,21.000000,42.000000,0,2,13943252,608,0,608,0,0,64,4,0
13,700,21.000000,42.000000,0,2,13943255,608,0,608,0,0,64,4,0
13,700,21.000000,42.000000,0,2,13943257,608,0,608,0,0,64,4,0
13,700,21.000000,42.000000,0,2,13943260,608,0,608,0,0,64,4,0
13,700,21.000000,42.000000,0,2,13943263,608,0,608,0,0,64,4,0
13,700,21.000000,42.000000,0,2,13943266,608,0,608,0,0,64,4,0
13,700,21.000000,42.000000,0,2,13943269,608,0,608,0,0,64,4,0
13,700,21.000000,42.000000,0,2,13943271,608,0,608,0,0,64,4,0
13,700,21.000000,42.000000,0,2,13943274,608,0,608,0,0,64,4,0
13,700,21.000000,42.000000,0,2,13943277,608,0,608,0,0,64,4,0
13,700,21.000000,42.000000,0,2,13943280,608,0,608,0,0,64,4,0
13,700,21.000000,42.000000,0,2,13943282,608,0,608,0,0,64,4,0
13,700,21.000000,42.000000,0,2,13943285,608,0,608,0,0,64,4,0
13,700,21.000000,42.000000,0,2,13943288,608,0,608,0,0,64,4,0
13,700,21.000000,42.000000,0,2,13943291,608,0,608,0,0,64,4,0
13,700,21.000000,42.000000,0,2,13943294,608,0,608,0,0,64,4,0
13,700,21.000000,42.000000,0,2,13943296,609,0,609,0,0,64,4,0
13,700,21.000000,42.000000,0,2,13943299,610,0,610,0,0,64,4,0
13,700,21.000000,42.000000,0,2,13943302,611,0,611,0,0,64,4,0
13,700,21.000000,42.000000,0,2,13943305,612,0,612,0,0,64,4,0
13,700,21.000000,42.000000,0,2,13943307,613,0,613,0,0,64,4,0
13,700,21.000000,42.000000,0,2,13943310,616,0,616,0,0,64,4,0
13,700,21.000000,42.000000,0,2,13943313,618,0,618,0,0,64,4,0
13,700,21.000000,42.000000,0,2,13943316,621,0,621,0,0,64,4,0
13,700,21.000000,42.000000,0,2,13943319,624,0,624,0,0,64,4,0
13,700,21.000000,42.000000,0,2,13943321,627,0,627,0,0,64,4,0
13,700,21.000000,42.000000,0,2,13943324,630,0,630,0,0,64,4,0
13,700,21.000000,42.000000,0,2,13943327,634,0,634,0,0,64,4,0
13,700,21.000000,42.000000,0,2,13943330,640,0,640,-1,0,64,4,0
13,700,21.000000,42.000000,0,2,13943332,645,0,645,-1,0,64,4,0
13,700,21.000000,42.000000,0,2,13943336,652,0,652,-1,0,64,4,0
13,700,21.000000,42.000000,0,2,13943338,658,0,658,-1,0,64,4,0
13,700,21.000000,42.000000,0,2,13943341,662,0,662,-1,0,64,4,0
13,700,21.000000,42.000000,0,2,13943344,674,0,674,-1,0,64,4,0
13,700,21.000000,42.000000,0,2,13943347,683,0,683,-1,0,64,4,0
13,700,21.000000,42.000000,0,2,13943350,693,0,693,-1,0,64,4,0
13,700,21.000000,42.000000,0,2,13943352,704,0,704,-1,0,64,4,0
13,700,21.000000,42.000000,0,2,13943355,711,0,711,-1,0,64,4,0
13,700,21.000000,42.000000,0,2,13943358,725,0,725,-1,0,64,4,0
13,700,21.000000,42.000000,0,2,13943361,734,0,734,-1,0,64,4,0
13,700,21.000000,42.000000,0,2,13943363,749,0,749,-1,0,64,4,0
13,700,21.000000,42.000000,0,2,13943366,759,0,759,-2,0,64,4,0
13,700,21.000000,42.000000,0,2,13943369,765,0,765,-2,0,64,4,0
13,700,21.000000,42.000000,0,2,13943371,802,0,802,-3,0,64,4,0
13,700,21.000000,42.000000,0,2,13943374,817,0,817,-3,0,64,4,0
13,700,21.000000,42.000000,0,2,13943377,832,0,832,-4,0,64,4,0
13,700,21.000000,42.000000,0,2,13943380,849,0,849,-4,0,64,4,0
13,700,21.000000,42.000000,0,2,13943382,864,0,864,-4,0,64,4,0
13,700,21.000000,42.000000,0,2,13943385,878,0,878,-5,0,64,4,0
13,700,21.000000,42.000000,0,2,13943388,896,0,896,-5,0,64,4,0
13,700,21.000000,42.000000,0,2,13943391,914,0,914,-6,0,64,4,0
13,700,21.000000,42.000000,0,2,13943394,931,0,931,-7,0,64,4,0
13,700,21.000000,42.000000,0,2,13943397,942,0,942,-7,0,64,4,0
13,700,21.000000,42.000000,0,2,13943399,956,0,956,-8,0,64,4,0
13,700,21.000000,42.000000,0,2,13943402,970,0,970,-9,0,64,4,0
13,700,21.000000,42.000000,0,2,13943405,997,0,997,-10,0,64,4,0
13,700,21.000000,42.000000,0,2,13943408,1003,0,1003,-10,0,64,4,0
13,700,21.000000,42.000000,0,2,13943411,1022,0,1022,-11,0,64,4,0
13,700,21.000000,42.000000,0,2,13943413,1040,0,1040,-11,0,64,4,0
13,700,21.000000,42.000000,0,2,13943416,1053,0,1053,-12,0,64,4,0
13,700,21.000000,42.000000,0,2,13943419,1062,0,1062,-12,0,64,4,0
13,700,21.000000,42.000000,0,2,13943422,1074,0,1074,-12,0,64,4,0
13,700,21.000000,42.000000,0,2,13943424,1087,0,1087,-12,0,64,4,0
13,700,21.000000,42.000000,0,2,13943427,1097,0,1097,-12,0,64,4,0
13,700,21.000000,42.000000,0,2,13943430,1110,0,1110,-13,0,64,4,0
13,700,21.000000,42.000000,0,2,13943433,1126,0,1126,-13,0,64,4,0
13,700,21.000000,42.000000,0,2,13943435,1143,0,1143,-14,0,64,4,0
13,700,21.000000,42.000000,0,2,13943438,1152,0,1152,-14,0,64,4,0
13,700,21.000000,42.000000,0,2,13943441,1161,0,1161,-15,0,64,4,0
13,700,21.000000,42.000000,0,2,13943444,1177,0,1177,-16,0,64,4,0
13,700,21.000000,42.000000,0,2,13943446,1185,0,1185,-16,0,64,4,0
13,700,21.000000,42.000000,0,2,13943449,1192,0,1192,-16,0,64,4,0
13,700,21.000000,42.000000,0,2,13943452,1198,0,1198,-16,0,64,4,0
13,700,21.000000,42.000000,0,2,13943455,1206,0,1206,-16,0,64,4,0
13,700,21.000000,42.000000,0,2,13943458,1212,0,1212,-17,0,64,4,0
13,700,21.000000,42.000000,0,2,13943460,1214,0,1214,-17,0,64,4,0
13,700,21.000000,42.000000,0,2,13943463,1221,0,1221,-17,0,64,4,0
13,700,21.000000,42.000000,0,2,13943466,1224,0,1224,-17,0,64,4,0
13,700,21.000000,42.000000,0,2,13943469,1227,0,1227,-17,0,64,4,0
13,700,21.000000,42.000000,0,2,13943472,1230,0,1230,-18,0,64,4,0
13,700,21.000000,42.000000,0,2,13943474,1232,0,1232,-18,0,64,4,0
13,700,21.000000,42.000000,0,2,13943477,1234,0,1234,-18,0,64,4,0
13,700,21.000000,42.000000,0,2,13943480,1236,0,1236,-18,0,64,4,0
13,700,21.000000,42.000000,0,2,13943483,1238,0,1238,-18,0,64,4,0
13,700,21.000000,42.000000,0,2,13943486,1240,0,1240,-18,0,64,4,0
13,700,21.000000,42.000000,0,2,13943488,1241,0,1241,-18,0,64,4,0
13,700,21.000000,42.000000,0,2,13943491,1242,0,1242,-18,0,64,4,0
13,700,21.000000,42.000000,0,2,13943494,1244,0,1244,-18,0,64,4,0
13,700,21.000000,42.000000,0,2,13943497,1245,0,1245,-18,0,64,4,0
13,700,21.000000,42.000000,0,2,13943499,1246,0,1246,-18,0,64,4,0
13,700,21.000000,42.000000,0,2,13943502,1248,0,1248,-18,0,64,4,0
13,700,21.000000,42.000000,0,2,13943505,1249,0,1249,-18,0,64,4,0
13,700,21.000000,42.000000,0,2,13943508,1250,0,1250,-18,0,64,4,0
13,700,21.000000,42.000000,0,2,13943511,1252,0,1252,-18,0,64,4,0
13,700,21.000000,42.000000,0,2,13943513,1253,0,1253,-18,0,64,4,0
13,700,21.000000,42.000000,0,2,13943516,1255,0,1255,-18,0,64,4,0
13,700,21.000000,42.000000,0,2,13943519,1256,0,1256,-18,0,64,4,0
13,700,21.000000,42.000000,0,2,13943522,1257,0,1257,-18,0,64,4,0
13,700,21.000000,42.000000,0,2,13943524,1258,0,1258,-18,0,64,4,0
13,700,21.000000,42.000000,0,2,13943527,1258,0,1258,-19,0,64,4,0
13,700,21.000000,42.000000,0,2,13943530,1259,0,1259,-19,0,64,4,0
13,700,21.000000,42.000000,0,2,13943533,1260,0,1260,-19,0,64,4,0
13,700,21.000000,42.000000,0,2,13943535,1261,0,1261,-19,0,64,4,0
13,700,21.000000,42.000000,0,2,13943538,1262,0,1262,-19,0,64,4,0
13,700,21.000000,42.000000,0,2,13943541,1262,0,1262,-19,0,64,4,0
13,700,21.000000,42.000000,0,2,13943544,1262,0,1262,-19,0,64,4,0
13,700,21.000000,42.000000,0,2,13943546,1262,0,1262,-19,0,64,4,0
13,700,21.000000,42.000000,0,2,13943549,1262,0,1262,-19,0,64,4,0
13,700,21.000000,42.000000,0,2,13943552,1262,0,1262,-19,0,64,4,0
13,700,21.000000,42.000000,0,2,13943555,1262,0,1262,-19,0,64,4,0
13,700,21.000000,42.000000,0,2,13943558,1262,0,1262,-19,0,64,4,0
13,700,21.000000,42.000000,0,2,13943561,1262,0,1262,-19,0,64,4,0
13,700,21.000000,42.000000,0,2,13943563,1262,0,1262,-19,0,64,4,0
13,700,21.000000,42.000000,0,2,13943566,1262,0,1262,-19,0,64,4,0
13,700,21.000000,42.000000,0,2,13943569,1262,0,1262,-19,0,64,4,0
13,700,21.000000,42.000000,0,2,13943572,1262,0,1262,-19,0,64,4,0
13,700,21.000000,42.000000,0,2,13943575,1262,0,1262,-19,0,64,4,0
13,700,21.000000,42.000000,0,2,13943577,1262,0,1262,-19,0,64,4,0
13,700,21.000000,42.000000,0,2,13943580,1262,0,1262,-19,0,64,4,0
13,700,21.000000,42.000000,0,2,13943583,1262,0,1262,-19,0,64,4,0
13,700,21.000000,42.000000,0,2,13943586,1262,0,1262,-19,0,64,4,0
13,700,21.000000,42.000000,0,2,13943589,1263,0,1263,-19,0,64,4,0
13,700,21.000000,42.000000,0,2,13943591,1263,0,1263,-19,0,64,4,0
13,700,21.000000,42.000000,0,2,13943594,1263,0,1263,-19,0,64,4,0
13,700,21.000000,42.000000,0,2,13943597,1263,0,1263,-19,0,64,4,0
13,700,21.000000,42.000000,0,2,13943600,1264,0,1264,-19,0,64,4,0
13,700,21.000000,42.000000,0,2,13943602,1265,0,1265,-19,0,64,4,0
13,700,21.000000,42.000000,0,2,13943605,1266,0,1266,-19,0,64,4,0
13,700,21.000000,42.000000,0,2,13943608,1267,0,1267,-20,0,64,4,0
13,700,21.000000,42.000000,0,2,13943611,1268,0,1268,-21,0,64,4,0
13,700,21.000000,42.000000,0,2,13943613,1269,0,1269,-21,0,64,4,0
13,700,21.000000,42.000000,0,2,13943616,1271,0,1271,-21,0,64,4,0
13,700,21.000000,42.000000,0,2,13943619,1272,0,1272,-21,0,64,4,0
13,700,21.000000,42.000000,0,2,13943622,1273,0,1273,-21,0,64,4,0
13,700,21.000000,42.000000,0,2,13943625,1274,0,1274,-21,0,64,4,0
13,700,21.000000,42.000000,0,2,13943628,1275,0,1275,-22,0,64,4,0
13,700,21.000000,42.000000,0,2,13943630,1276,0,1276,-22,0,64,4,0
13,700,21.000000,42.000000,0,2,13943633,1277,0,1277,-22,0,64,4,0
13,700,21.000000,42.000000,0,2,13943636,1278,0,1278,-23,0,64,4,0
13,700,21.000000,42.000000,0,2,13943639,1279,0,1279,-24,0,64,4,0
13,700,21.000000,42.000000,0,2,13943642,1279,0,1279,-24,0,64,4,0
13,700,21.000000,42.000000,0,2,13943645,1279,0,1279,-24,0,64,4,0
13,700,21.000000,42.000000,0,2,13943647,1279,0,1279,-24,0,64,4,0
13,700,21.000000,42.000000,0,2,13943650,1279,0,1279,-24,0,64,4,0
13,700,21.000000,42.000000,0,2,13943654,1279,0,1279,-24,0,64,4,0
13,700,21.000000,42.000000,0,2,13943656,1279,0,1279,-24,0,64,4,0
13,700,21.000000,42.000000,0,2,13943659,1279,0,1279,-24,0,64,4,0
13,700,21.000000,42.000000,0,2,13943662,1279,0,1279,-24,0,64,4,0
13,700,21.000000,42.000000,0,2,13943664,1279,0,1279,-24,0,64,4,0
13,700,21.000000,42.000000,0,2,13943667,1279,0,1279,-24,0,64,4,0
13,700,21.000000,42.000000,0,2,13943670,1279,0,1279,-24,0,64,4,0
13,700,21.000000,42.000000,0,2,13943672,1279,0,1279,-24,0,64,4,0
13,700,21.000000,42.000000,0,2,13943675,1279,0,1279,-24,0,64,4,0
13,700,21.000000,42.000000,0,2,13943678,1279,0,1279,-24,0,64,4,0
13,700,21.000000,42.000000,0,2,13943681,1279,0,1279,-24,0,64,4,0
13,700,21.000000,42.000000,0,2,13943684,1279,0,1279,-24,0,64,4,0
13,700,21.000000,42.000000,0,2,13943686,1279,0,1279,-24,0,64,4,0
13,700,21.000000,42.000000,0,2,13943689,1279,0,1279,-24,0,64,4,0
13,700,21.000000,42.000000,0,2,13943692,1279,0,1279,-24,0,64,4,0
13,700,21.000000,42.000000,0,2,13943695,1279,0,1279,-24,0,64,4,0
13,700,21.000000,42.000000,0,2,13943697,1279,0,1279,-24,0,64,4,0
13,700,21.000000,42.000000,0,2,13943700,1279,0,1279,-24,0,64,4,0
13,700,21.000000,42.000000,0,2,13943703,1279,0,1279,-24,0,64,4,0
13,700,21.000000,42.000000,0,2,13943705,1280,0,1280,-24,0,64,4,0
13,700,21.000000,42.000000,0,2,13943708,1280,0,1280,-25,0,64,4,0
13,700,21.000000,42.000000,0,2,13943711,1281,0,1281,-25,0,64,4,0
13,700,21.000000,42.000000,0,2,13943714,1282,0,1282,-25,0,64,4,0
13,700,21.000000,42.000000,0,2,13943716,1282,0,1282,-25,0,64,4,0
13,700,21.000000,42.000000,0,2,13943719,1283,0,1283,-25,0,64,4,0
13,700,21.000000,42.000000,0,2,13943722,1284,0,1284,-25,0,64,4,0
13,700,21.000000,42.000000,0,2,13943725,1285,0,1285,-25,0,64,4,0
13,700,21.000000,42.000000,0,2,13943728,1286,0,1286,-25,0,64,4,0
13,700,21.000000,42.000000,0,2,13943730,1286,0,1286,-26,0,64,4,0
13,700,21.000000,42.000000,0,2,13943733,1287,0,1287,-26,0,64,4,0
13,700,21.000000,42.000000,0,2,13943736,1288,0,1288,-26,0,64,4,0
13,700,21.000000,42.000000,0,2,13943738,1289,0,1289,-26,0,64,4,0
13,700,21.000000,42.000000,0,2,13943741,1291,0,1291,-26,0,64,4,0
13,700,21.000000,42.000000,0,2,13943744,1292,0,1292,-27,0,64,4,0
13,700,21.000000,42.000000,0,2,13943747,1293,0,1293,-27,0,64,4,0
13,700,21.000000,42.000000,0,2,13943750,1294,0,1294,-28,0,64,4,0
13,700,21.000000,42.000000,0,2,13943753,1295,0,1295,-29,0,64,4,0
13,700,21.000000,42.000000,0,2,13943755,1295,0,1295,-29,0,64,4,0
13,700,21.000000,42.000000,0,2,13943758,1296,0,1296,-29,0,64,4,0
13,700,21.000000,42.000000,0,2,13943761,1297,0,1297,-29,0,64,4,0
13,700,21.000000,42.000000,0,2,13943764,1297,0,1297,-29,0,64,4,0
13,700,21.000000,42.000000,0,2,13943766,1297,0,1297,-29,0,64,4,0
13,700,21.000000,42.000000,0,2,13943769,1297,0,1297,-29,0,64,4,0
13,700,21.000000,42.000000,0,2,13943772,1297,0,1297,-29,0,64,4,0
13,700,21.000000,42.000000,0,2,13943775,1297,0,1297,-29,0,64,4,0
13,700,21.000000,42.000000,0,2,13943778,1297,0,1297,-29,0,64,4,0
13,700,21.000000,42.000000,0,2,13943780,1297,0,1297,-29,0,64,4,0
13,700,21.000000,42.000000,0,2,13943783,1297,0,1297,-29,0,64,4,0
13,700,21.000000,42.000000,0,2,13943786,1297,0,1297,-29,0,64,4,0
13,700,21.000000,42.000000,0,2,13943789,1297,0,1297,-29,0,64,4,0
13,700,21.000000,42.000000,0,2,13943791,1297,0,1297,-29,0,64,4,0
13,700,21.000000,42.000000,0,2,13943794,1297,0,1297,-29,0,64,4,0
13,700,21.000000,42.000000,0,2,13943797,1297,0,1297,-29,0,64,4,0
13,700,21.000000,42.000000,0,2,13943800,1297,0,1297,-29,0,64,4,0
13,700,21.000000,42.000000,0,2,13943803,1297,0,1297,-29,0,64,4,0
13,700,21.000000,42.000000,0,2,13943805,1297,0,1297,-29,0,64,4,0
13,700,21.000000,42.000000,0,2,13943808,1297,0,1297,-29,0,64,4,0
13,700,21.000000,42.000000,0,2,13943811,1297,0,1297,-29,0,64,4,0
13,700,21.000000,42.000000,0,2,13943814,1297,0,1297,-29,0,64,4,0
13,700,21.000000,42.000000,0,2,13943816,1297,0,1297,-29,0,64,4,0
13,700,21.000000,42.000000,0,2,13943819,1297,0,1297,-29,0,64,4,0
13,700,21.000000,42.000000,0,2,13943822,1297,0,1297,-29,0,64,4,0
13,700,21.000000,42.000000,0,2,13943825,1297,0,1297,-29,0,64,4,0
13,700,21.000000,42.000000,0,2,13943828,1297,0,1297,-29,0,64,4,0
13,700,21.000000,42.000000,0,2,13943830,1297,0,1297,-29,0,64,4,0
13,700,21.000000,42.000000,0,2,13943833,1297,0,1297,-29,0,64,4,0
13,700,21.000000,42.000000,0,2,13943836,1297,0,1297,-29,0,64,4,0
13,700,21.000000,42.000000,0,2,13943839,1297,0,1297,-29,0,64,4,0
13,700,21.000000,42.000000,0,2,13943841,1297,0,1297,-29,0,64,4,0
13,700,21.000000,42.000000,0,2,13943844,1297,0,1297,-29,0,64,4,0
13,700,21.000000,42.000000,0,2,13943847,1297,0,1297,-29,0,64,4,0
13,700,21.000000,42.000000,0,2,13943850,1297,0,1297,-29,0,64,4,0
13,700,21.000000,42.000000,0,2,13943852,1297,0,1297,-29,0,64,4,0
13,700,21.000000,42.000000,0,2,13943855,1297,0,1297,-30,0,64,4,0
13,700,21.000000,42.000000,0,2,13943858,1298,0,1298,-30,0,64,4,0
13,700,21.000000,42.000000,0,2,13943861,1299,0,1299,-30,0,64,4,0
13,700,21.000000,42.000000,0,2,13943863,1299,0,1299,-30,0,64,4,0
13,700,21.000000,42.000000,0,2,13943867,1300,0,1300,-30,0,64,4,0
13,700,21.000000,42.000000,0,2,13943869,1301,0,1301,-30,0,64,4,0
13,700,21.000000,42.000000,0,2,13943872,1301,0,1301,-30,0,64,4,0
13,700,21.000000,42.000000,0,2,13943875,1301,0,1301,-30,0,64,4,0
13,700,21.000000,42.000000,0,2,13943878,1301,0,1301,-30,0,64,4,0
13,700,21.000000,42.000000,0,2,13943880,1302,0,1302,-30,0,64,4,0
13,700,21.000000,42.000000,0,2,13943883,1302,0,1302,-30,0,64,4,0
13,700,21.000000,42.000000,0,2,13943886,1302,0,1302,-30,0,64,4,0
13,700,21.000000,42.000000,0,2,13943889,1302,0,1302,-30,0,64,4,0
13,700,21.000000,42.000000,0,2,13943892,1302,0,1302,-31,0,64,4,0
13,700,21.000000,42.000000,0,2,13943894,1302,0,1302,-32,0,64,4,0
13,700,21.000000,42.000000,0,2,13943905,1302,0,1302,-32,0,64,4,0
