13,700,21.000000,10000.000000,0,2,13961219,618,0,618,0,0,66,2,0
13,700,21.000000,10000.000000,0,2,13961220,618,0,618,0,0,66,2,0
13,700,21.000000,10000.000000,0,2,13961222,618,0,618,0,0,66,2,0
13,700,21.000000,10000.000000,0,2,13961225,618,0,618,0,0,66,2,0
13,700,21.000000,10000.000000,0,2,13961228,618,0,618,0,0,66,2,0
13,700,21.000000,10000.000000,0,2,13961231,618,0,618,0,0,66,2,0
13,700,21.000000,10000.000000,0,2,13961234,618,0,618,0,0,66,2,0
13,700,21.000000,10000.000000,0,2,13961237,618,0,618,0,0,66,2,0
13,700,21.000000,10000.000000,0,2,13961239,618,0,618,0,0,66,2,0
13,700,21.000000,10000.000000,0,2,13961242,618,0,618,0,0,66,2,0
13,700,21.000000,10000.000000,0,2,13961245,618,0,618,0,0,66,2,0
13,700,21.000000,10000.000000,0,2,13961248,618,0,618,0,0,66,2,0
13,700,21.000000,10000.000000,0,2,13961251,618,0,618,0,0,66,2,0
13,700,21.000000,10000.000000,0,2,13961253,618,0,618,0,0,66,2,0
13,700,21.000000,10000.000000,0,2,13961256,618,0,618,0,0,66,2,0
13,700,21.000000,10000.000000,0,2,13961259,618,0,618,0,0,66,2,0
13,700,21.000000,10000.000000,0,2,13961262,618,0,618,0,0,66,2,0
13,700,21.000000,10000.000000,0,2,13961264,618,0,618,0,0,66,2,0
13,700,21.000000,10000.000000,0,2,13961267,618,0,618,0,0,66,2,0
13,700,21.000000,10000.000000,0,2,13961270,618,0,618,0,0,66,2,0
13,700,21.000000,10000.000000,0,2,13961273,618,0,618,0,0,66,2,0
13,700,21.000000,10000.000000,0,2,13961275,618,0,618,0,0,66,2,0
13,700,21.000000,10000.000000,0,2,13961278,618,0,618,0,0,66,2,0
13,700,21.000000,10000.000000,0,2,13961281,618,0,618,0,0,66,2,0
13,700,21.000000,10000.000000,0,2,13961284,618,0,618,0,0,66,2,0
13,700,21.000000,10000.000000,0,2,13961287,618,0,618,0,0,66,2,0
13,700,21.000000,10000.000000,0,2,13961290,618,0,618,0,0,66,2,0
13,700,21.000000,10000.000000,0,2,13961292,618,0,618,0,0,66,2,0
13,700,21.000000,10000.000000,0,2,13961295,618,0,618,0,0,66,2,0
13,700,21.000000,10000.000000,0,2,13961298,618,0,618,0,0,66,2,0
13,700,21.000000,10000.000000,0,2,13961300,618,0,618,0,0,66,2,0
13,700,21.000000,10000.000000,0,2,13961303,618,0,618,0,0,66,2,0
13,700,21.000000,10000.000000,0,2,13961306,618,0,618,0,0,66,2,0
13,700,21.000000,10000.000000,0,2,13961308,618,0,618,0,0,66,2,0
13,700,21.000000,10000.000000,0,2,13961311,618,0,618,0,0,66,2,0
13,700,21.000000,10000.000000,0,2,13961314,618,0,618,0,0,66,2,0
13,700,21.000000,10000.000000,0,2,13961317,618,0,618,0,0,66,2,0
13,700,21.000000,10000.000000,0,2,13961320,618,0,618,0,0,66,2,0
13,700,21.000000,10000.000000,0,2,13961322,618,0,618,0,0,66,2,0
13,700,21.000000,10000.000000,0,2,13961325,618,0,618,0,0,66,2,0
13,700,21.000000,10000.000000,0,2,13961328,618,0,618,0,0,66,2,0
13,700,21.000000,10000.000000,0,2,13961331,618,0,618,0,0,66,2,0
13,700,21.000000,10000.000000,0,2,13961333,618,0,618,0,0,66,2,0
13,700,21.000000,10000.000000,0,2,13961336,619,0,619,0,0,66,2,0
13,700,21.000000,10000.000000,0,2,13961339,620,0,620,0,0,66,2,0
13,700,21.000000,10000.000000,0,2,13961342,621,0,621,0,0,66,2,0
13,700,21.000000,10000.000000,0,2,13961345,622,0,622,0,0,66,2,0
13,700,21.000000,10000.000000,0,2,13961347,624,0,624,0,0,66,2,0
13,700,21.000000,10000.000000,0,2,13961350,626,0,626,0,0,66,2,0
13,700,21.000000,10000.000000,0,2,13961353,628,0,628,0,0,66,2,0
13,700,21.000000,10000.000000,0,2,13961356,630,0,630,0,0,66,2,0
13,700,21.000000,10000.000000,0,2,13961359,632,0,632,0,0,66,2,0
13,700,21.000000,10000.000000,0,2,13961362,636,0,636,-1,0,66,2,0
13,700,21.000000,10000.000000,0,2,13961364,643,0,643,-1,0,66,2,0
13,700,21.000000,10000.000000,0,2,13961367,652,0,652,-1,0,66,2,0
13,700,21.000000,10000.000000,0,2,13961370,658,0,658,-1,0,66,2,0
13,700,21.000000,10000.000000,0,2,13961373,664,0,664,-1,0,66,2,0
13,700,21.000000,10000.000000,0,2,13961375,674,0,674,-1,0,66,2,0
13,700,21.000000,10000.000000,0,2,13961378,680,0,680,-1,0,66,2,0
13,700,21.000000,10000.000000,0,2,13961381,691,0,691,-1,0,66,2,0
13,700,21.000000,10000.000000,0,2,13961384,696,0,696,-1,0,66,2,0
13,700,21.000000,10000.000000,0,2,13961387,709,0,709,-1,0,66,2,0
13,700,21.000000,10000.000000,0,2,13961389,724,0,724,-1,0,66,2,0
13,700,21.000000,10000.000000,0,2,13961392,735,0,735,-1,0,66,2,0
13,700,21.000000,10000.000000,0,2,13961395,747,0,747,-1,0,66,2,0
13,700,21.000000,10000.000000,0,2,13961398,762,0,762,-1,0,66,2,0
13,700,21.000000,10000.000000,0,2,13961400,781,1,781,0,0,66,2,0
13,700,21.000000,10000.000000,0,2,13961403,801,1,801,0,0,66,2,0
13,700,21.000000,10000.000000,0,2,13961406,816,1,816,0,0,66,2,0
13,700,21.000000,10000.000000,0,2,13961409,835,2,835,1,0,66,2,0
13,700,21.000000,10000.000000,0,2,13961412,857,2,857,1,0,66,2,0
13,700,21.000000,10000.000000,0,2,13961414,884,2,884,1,0,66,2,0
13,700,21.000000,10000.000000,0,2,13961417,899,2,899,1,0,66,2,0
13,700,21.000000,10000.000000,0,2,13961420,918,3,918,2,0,66,2,0
13,700,21.000000,10000.000000,0,2,13961423,938,3,938,2,0,66,2,0
13,700,21.000000,10000.000000,0,2,13961425,955,3,955,2,0,66,2,0
13,700,21.000000,10000.000000,0,2,13961428,970,3,970,2,0,66,2,0
13,700,21.000000,10000.000000,0,2,13961431,997,3,997,2,0,66,2,0
13,700,21.000000,10000.000000,0,2,13961434,1011,3,1011,2,0,66,2,0
13,700,21.000000,10000.000000,0,2,13961436,1035,3,1035,2,0,66,2,0
13,700,21.000000,10000.000000,0,2,13961439,1060,3,1060,2,0,66,2,0
13,700,21.000000,10000.000000,0,2,13961442,1076,3,1076,2,0,66,2,0
13,700,21.000000,10000.000000,0,2,13961445,1103,2,1103,1,0,66,2,0
13,700,21.000000,10000.000000,0,2,13961448,1123,2,1123,1,0,66,2,0
13,700,21.000000,10000.000000,0,2,13961450,1139,2,1139,1,0,66,2,0
13,700,21.000000,10000.000000,0,2,13961453,1149,2,1149,1,0,66,2,0
13,700,21.000000,10000.000000,0,2,13961456,1159,2,1159,1,0,66,2,0
13,700,21.000000,10000.000000,0,2,13961459,1175,2,1175,1,0,66,2,0
13,700,21.000000,10000.000000,0,2,13961461,1193,2,1193,1,0,66,2,0
13,700,21.000000,10000.000000,0,2,13961464,1211,1,1211,0,0,66,2,0
13,700,21.000000,10000.000000,0,2,13961467,1228,1,1228,0,0,66,2,0
13,700,21.000000,10000.000000,0,2,13961470,1242,1,1242,0,0,66,2,0
13,700,21.000000,10000.000000,0,2,13961473,1256,0,1256,-1,0,66,2,0
13,700,21.000000,10000.000000,0,2,13961475,1265,0,1265,-1,0,66,2,0
13,700,21.000000,10000.000000,0,2,13961478,1276,0,1276,-1,0,66,2,0
13,700,21.000000,10000.000000,0,2,13961481,1283,0,1283,-1,0,66,2,0
13,700,21.000000,10000.000000,0,2,13961484,1290,0,1290,-1,0,66,2,0
13,700,21.000000,10000.000000,0,2,13961486,1295,0,1295,-2,0,66,2,0
13,700,21.000000,10000.000000,0,2,13961489,1301,0,1301,-2,0,66,2,0
13,700,21.000000,10000.000000,0,2,13961492,1306,0,1306,-2,0,66,2,0
13,700,21.000000,10000.000000,0,2,13961495,1309,0,1309,-2,0,66,2,0
13,700,21.000000,10000.000000,0,2,13961498,1312,0,1312,-3,0,66,2,0
13,700,21.000000,10000.000000,0,2,13961501,1315,0,1315,-4,0,66,2,0
13,700,21.000000,10000.000000,0,2,13961504,1317,0,1317,-4,0,66,2,0
13,700,21.000000,10000.000000,0,2,13961506,1318,0,1318,-4,0,66,2,0
13,700,21.000000,10000.000000,0,2,13961509,1320,0,1320,-4,0,66,2,0
13,700,21.000000,10000.000000,0,2,13961512,1321,0,1321,-4,0,66,2,0
13,700,21.000000,10000.000000,0,2,13961514,1322,0,1322,-4,0,66,2,0
13,700,21.000000,10000.000000,0,2,13961517,1323,0,1323,-4,0,66,2,0
13,700,21.000000,10000.000000,0,2,13961520,1323,0,1323,-4,0,66,2,0
13,700,21.000000,10000.000000,0,2,13961523,1323,0,1323,-4,0,66,2,0
13,700,21.000000,10000.000000,0,2,13961525,1323,0,1323,-4,0,66,2,0
13,700,21.000000,10000.000000,0,2,13961528,1323,0,1323,-4,0,66,2,0
13,700,21.000000,10000.000000,0,2,13961531,1323,0,1323,-4,0,66,2,0
13,700,21.000000,10000.000000,0,2,13961534,1323,0,1323,-4,0,66,2,0
13,700,21.000000,10000.000000,0,2,13961537,1323,0,1323,-4,0,66,2,0
13,700,21.000000,10000.000000,0,2,13961540,1323,0,1323,-4,0,66,2,0
13,700,21.000000,10000.000000,0,2,13961543,1323,0,1323,-4,0,66,2,0
13,700,21.000000,10000.000000,0,2,13961545,1323,0,1323,-4,0,66,2,0
13,700,21.000000,10000.000000,0,2,13961548,1323,0,1323,-4,0,66,2,0
13,700,21.000000,10000.000000,0,2,13961551,1323,0,1323,-4,0,66,2,0
13,700,21.000000,10000.000000,0,2,13961554,1323,0,1323,-4,0,66,2,0
13,700,21.000000,10000.000000,0,2,13961556,1323,0,1323,-4,0,66,2,0
13,700,21.000000,10000.000000,0,2,13961559,1323,0,1323,-4,0,66,2,0
13,700,21.000000,10000.000000,0,2,13961562,1323,0,1323,-4,0,66,2,0
13,700,21.000000,10000.000000,0,2,13961565,1323,0,1323,-4,0,66,2,0
13,700,21.000000,10000.000000,0,2,13961567,1323,0,1323,-4,0,66,2,0
13,700,21.000000,10000.000000,0,2,13961570,1323,0,1323,-4,0,66,2,0
13,700,21.000000,10000.000000,0,2,13961573,1323,0,1323,-4,0,66,2,0
13,700,21.000000,10000.000000,0,2,13961576,1323,0,1323,-4,0,66,2,0
13,700,21.000000,10000.000000,0,2,13961579,1323,0,1323,-4,0,66,2,0
13,700,21.000000,10000.000000,0,2,13961582,1323,0,1323,-4,0,66,2,0
13,700,21.000000,10000.000000,0,2,13961585,1323,0,1323,-4,0,66,2,0
13,700,21.000000,10000.000000,0,2,13961588,1323,0,1323,-4,0,66,2,0
13,700,21.000000,10000.000000,0,2,13961591,1323,0,1323,-4,0,66,2,0
13,700,21.000000,10000.000000,0,2,13961594,1323,0,1323,-4,0,66,2,0
13,700,21.000000,10000.000000,0,2,13961596,1323,0,1323,-4,0,66,2,0
13,700,21.000000,10000.000000,0,2,13961599,1323,0,1323,-4,0,66,2,0
13,700,21.000000,10000.000000,0,2,13961602,1323,0,1323,-4,0,66,2,0
13,700,21.000000,10000.000000,0,2,13961604,1323,0,1323,-4,0,66,2,0
13,700,21.000000,10000.000000,0,2,13961607,1323,0,1323,-4,0,66,2,0
13,700,21.000000,10000.000000,0,2,13961610,1323,0,1323,-4,0,66,2,0
13,700,21.000000,10000.000000,0,2,13961612,1323,0,1323,-4,0,66,2,0
13,700,21.000000,10000.000000,0,2,13961615,1323,0,1323,-4,0,66,2,0
13,700,21.000000,10000.000000,0,2,13961618,1323,0,1323,-4,0,66,2,0
13,700,21.000000,10000.000000,0,2,13961621,1323,0,1323,-4,0,66,2,0
13,700,21.000000,10000.000000,0,2,13961623,1323,0,1323,-4,0,66,2,0
13,700,21.000000,10000.000000,0,2,13961626,1323,0,1323,-4,0,66,2,0
13,700,21.000000,10000.000000,0,2,13961628,1323,0,1323,-4,0,66,2,0
13,700,21.000000,10000.000000,0,2,13961631,1323,0,1323,-4,0,66,2,0
13,700,21.000000,10000.000000,0,2,13961634,1323,0,1323,-4,0,66,2,0
13,700,21.000000,10000.000000,0,2,13961637,1323,0,1323,-4,0,66,2,0
13,700,21.000000,10000.000000,0,2,13961639,1323,0,1323,-4,0,66,2,0
13,700,21.000000,10000.000000,0,2,13961642,1323,0,1323,-4,0,66,2,0
13,700,21.000000,10000.000000,0,2,13961645,1323,0,1323,-4,0,66,2,0
13,700,21.000000,10000.000000,0,2,13961647,1323,0,1323,-4,0,66,2,0
13,700,21.000000,10000.000000,0,2,13961650,1323,0,1323,-4,0,66,2,0
13,700,21.000000,10000.000000,0,2,13961653,1323,0,1323,-4,0,66,2,0
13,700,21.000000,10000.000000,0,2,13961656,1323,0,1323,-4,0,66,2,0
13,700,21.000000,10000.000000,0,2,13961659,1323,0,1323,-4,0,66,2,0
13,700,21.000000,10000.000000,0,2,13961661,1323,0,1323,-4,0,66,2,0
13,700,21.000000,10000.000000,0,2,13961664,1323,0,1323,-4,0,66,2,0
13,700,21.000000,10000.000000,0,2,13961667,1323,0,1323,-4,0,66,2,0
13,700,21.000000,10000.000000,0,2,13961670,1323,0,1323,-4,0,66,2,0
13,700,21.000000,10000.000000,0,2,13961673,1323,0,1323,-4,0,66,2,0
13,700,21.000000,10000.000000,0,2,13961675,1323,0,1323,-4,0,66,2,0
13,700,21.000000,10000.000000,0,2,13961678,1323,0,1323,-4,0,66,2,0
13,700,21.000000,10000.000000,0,2,13961681,1323,0,1323,-4,0,66,2,0
13,700,21.000000,10000.000000,0,2,13961684,1323,0,1323,-4,0,66,2,0
13,700,21.000000,10000.000000,0,2,13961687,1323,0,1323,-4,0,66,2,0
13,700,21.000000,10000.000000,0,2,13961689,1322,0,1322,-4,0,66,2,0
13,700,21.000000,10000.000000,0,2,13961692,1322,0,1322,-4,0,66,2,0
13,700,21.000000,10000.000000,0,2,13961695,1320,0,1320,-4,0,66,2,0
13,700,21.000000,10000.000000,0,2,13961698,1318,0,1318,-4,0,66,2,0
13,700,21.000000,10000.000000,0,2,13961701,1317,0,1317,-4,0,66,2,0
13,700,21.000000,10000.000000,0,2,13961703,1316,0,1316,-4,0,66,2,0
13,700,21.000000,10000.000000,0,2,13961706,1315,0,1315,-4,0,66,2,0
13,700,21.000000,10000.000000,0,2,13961709,1314,0,1314,-4,0,66,2,0
13,700,21.000000,10000.000000,0,2,13961712,1314,0,1314,-4,0,66,2,0
13,700,21.000000,10000.000000,0,2,13961714,1313,0,1313,-4,0,66,2,0
13,700,21.000000,10000.000000,0,2,13961717,1312,0,1312,-4,0,66,2,0
13,700,21.000000,10000.000000,0,2,13961720,1311,0,1311,-4,0,66,2,0
13,700,21.000000,10000.000000,0,2,13961723,1311,0,1311,-4,0,66,2,0
13,700,21.000000,10000.000000,0,2,13961726,1311,0,1311,-4,0,66,2,0
13,700,21.000000,10000.000000,0,2,13961728,1311,0,1311,-4,0,66,2,0
13,700,21.000000,10000.000000,0,2,13961731,1311,0,1311,-4,0,66,2,0
13,700,21.000000,10000.000000,0,2,13961734,1311,0,1311,-4,0,66,2,0
13,700,21.000000,10000.000000,0,2,13961737,1311,0,1311,-4,0,66,2,0
13,700,21.000000,10000.000000,0,2,13961740,1311,0,1311,-4,0,66,2,0
13,700,21.000000,10000.000000,0,2,13961743,1311,0,1311,-4,0,66,2,0
13,700,21.000000,10000.000000,0,2,13961745,1311,0,1311,-4,0,66,2,0
13,700,21.000000,10000.000000,0,2,13961748,1311,0,1311,-4,0,66,2,0
13,700,21.000000,10000.000000,0,2,13961751,1311,0,1311,-4,0,66,2,0
13,700,21.000000,10000.000000,0,2,13961753,1311,0,1311,-4,0,66,2,0
13,700,21.000000,10000.000000,0,2,13961756,1311,0,1311,-4,0,66,2,0
13,700,21.000000,10000.000000,0,2,13961759,1311,0,1311,-4,0,66,2,0
13,700,21.000000,10000.000000,0,2,13961762,1311,0,1311,-4,0,66,2,0
13,700,21.000000,10000.000000,0,2,13961765,1311,0,1311,-4,0,66,2,0
13,700,21.000000,10000.000000,0,2,13961768,1311,0,1311,-4,0,66,2,0
13,700,21.000000,10000.000000,0,2,13961771,1310,0,1310,-4,0,66,2,0
13,700,21.000000,10000.000000,0,2,13961773,1309,0,1309,-4,0,66,2,0
13,700,21.000000,10000.000000,0,2,13961776,1309,0,1309,-4,0,66,2,0
13,700,21.000000,10000.000000,0,2,13961779,1309,0,1309,-4,0,66,2,0
13,700,21.000000,10000.000000,0,2,13961782,1308,0,1308,-4,0,66,2,0
13,700,21.000000,10000.000000,0,2,13961784,1308,0,1308,-4,0,66,2,0
13,700,21.000000,10000.000000,0,2,13961787,1307,0,1307,-5,0,66,2,0
13,700,21.000000,10000.000000,0,2,13961790,1306,0,1306,-5,0,66,2,0
13,700,21.000000,10000.000000,0,2,13961793,1305,0,1305,-5,0,66,2,0
13,700,21.000000,10000.000000,0,2,13961795,1304,0,1304,-5,0,66,2,0
13,700,21.000000,10000.000000,0,2,13961798,1302,0,1302,-5,0,66,2,0
13,700,21.000000,10000.000000,0,2,13961801,1301,0,1301,-5,0,66,2,0
13,700,21.000000,10000.000000,0,2,13961804,1300,0,1300,-5,0,66,2,0
13,700,21.000000,10000.000000,0,2,13961806,1299,0,1299,-6,0,66,2,0
13,700,21.000000,10000.000000,0,2,13961809,1299,0,1299,-6,0,66,2,0
13,700,21.000000,10000.000000,0,2,13961812,1298,0,1298,-6,0,66,2,0
13,700,21.000000,10000.000000,0,2,13961815,1297,0,1297,-6,0,66,2,0
13,700,21.000000,10000.000000,0,2,13961818,1297,0,1297,-6,0,66,2,0
13,700,21.000000,10000.000000,0,2,13961820,1297,0,1297,-6,0,66,2,0
13,700,21.000000,10000.000000,0,2,13961823,1297,0,1297,-6,0,66,2,0
13,700,21.000000,10000.000000,0,2,13961826,1297,0,1297,-6,0,66,2,0
13,700,21.000000,10000.000000,0,2,13961829,1297,0,1297,-6,0,66,2,0
13,700,21.000000,10000.000000,0,2,13961831,1297,0,1297,-6,0,66,2,0
13,700,21.000000,10000.000000,0,2,13961834,1297,0,1297,-6,0,66,2,0
13,700,21.000000,10000.000000,0,2,13961837,1297,0,1297,-6,0,66,2,0
13,700,21.000000,10000.000000,0,2,13961840,1297,0,1297,-6,0,66,2,0
13,700,21.000000,10000.000000,0,2,13961843,1297,0,1297,-6,0,66,2,0
13,700,21.000000,10000.000000,0,2,13961845,1297,0,1297,-6,0,66,2,0
13,700,21.000000,10000.000000,0,2,13961848,1297,0,1297,-6,0,66,2,0
13,700,21.000000,10000.000000,0,2,13961851,1297,0,1297,-6,0,66,2,0
13,700,21.000000,10000.000000,0,2,13961854,1297,0,1297,-6,0,66,2,0
13,700,21.000000,10000.000000,0,2,13961865,1297,0,1297,-6,1,66,2,0
