13,700,21.000000,10000.000000,0,2,14098640,617,0,617,0,0,81,0,0
13,700,21.000000,10000.000000,0,2,14098641,617,0,617,0,0,81,0,0
13,700,21.000000,10000.000000,0,2,14098643,617,0,617,0,0,81,0,0
13,700,21.000000,10000.000000,0,2,14098646,617,0,617,0,0,81,0,0
13,700,21.000000,10000.000000,0,2,14098649,617,0,617,0,0,81,0,0
13,700,21.000000,10000.000000,0,2,14098652,616,0,616,0,0,81,0,0
13,700,21.000000,10000.000000,0,2,14098654,616,0,616,0,0,81,0,0
13,700,21.000000,10000.000000,0,2,14098657,616,0,616,0,0,81,0,0
13,700,21.000000,10000.000000,0,2,14098660,616,0,616,0,0,81,0,0
13,700,21.000000,10000.000000,0,2,14098663,616,0,616,0,0,81,0,0
13,700,21.000000,10000.000000,0,2,14098666,615,0,615,0,0,81,0,0
13,700,21.000000,10000.000000,0,2,14098668,615,0,615,0,0,81,0,0
13,700,21.000000,10000.000000,0,2,14098671,615,0,615,0,0,81,0,0
13,700,21.000000,10000.000000,0,2,14098674,615,0,615,0,0,81,0,0
13,700,21.000000,10000.000000,0,2,14098677,615,0,615,0,0,81,0,0
13,700,21.000000,10000.000000,0,2,14098680,615,0,615,0,0,81,0,0
13,700,21.000000,10000.000000,0,2,14098683,615,0,615,0,0,81,0,0
13,700,21.000000,10000.000000,0,2,14098685,615,0,615,0,0,81,0,0
13,700,21.000000,10000.000000,0,2,14098688,615,0,615,0,0,81,0,0
13,700,21.000000,10000.000000,0,2,14098691,615,0,615,0,0,81,0,0
13,700,21.000000,10000.000000,0,2,14098693,615,0,615,0,0,81,0,0
13,700,21.000000,10000.000000,0,2,14098696,615,0,615,0,0,81,0,0
13,700,21.000000,10000.000000,0,2,14098699,615,0,615,0,0,81,0,0
13,700,21.000000,10000.000000,0,2,14098702,615,0,615,0,0,81,0,0
13,700,21.000000,10000.000000,0,2,14098705,615,0,615,0,0,81,0,0
13,700,21.000000,10000.000000,0,2,14098707,615,0,615,0,0,81,0,0
13,700,21.000000,10000.000000,0,2,14098710,615,0,615,0,0,81,0,0
13,700,21.000000,10000.000000,0,2,14098713,615,0,615,0,0,81,0,0
13,700,21.000000,10000.000000,0,2,14098716,615,0,615,0,0,81,0,0
13,700,21.000000,10000.000000,0,2,14098718,615,0,615,0,0,81,0,0
13,700,21.000000,10000.000000,0,2,14098721,615,0,615,0,0,81,0,0
13,700,21.000000,10000.000000,0,2,14098724,615,0,615,0,0,81,0,0
13,700,21.000000,10000.000000,0,2,14098727,615,0,615,0,0,81,0,0
13,700,21.000000,10000.000000,0,2,14098730,615,0,615,0,0,81,0,0
13,700,21.000000,10000.000000,0,2,14098732,615,0,615,0,0,81,0,0
13,700,21.000000,10000.000000,0,2,14098735,615,0,615,0,0,81,0,0
13,700,21.000000,10000.000000,0,2,14098738,615,0,615,0,0,81,0,0
13,700,21.000000,10000.000000,0,2,14098741,615,0,615,0,0,81,0,0
13,700,21.000000,10000.000000,0,2,14098744,615,0,615,0,0,81,0,0
13,700,21.000000,10000.000000,0,2,14098746,615,0,615,0,0,81,0,0
13,700,21.000000,10000.000000,0,2,14098749,615,0,615,0,0,81,0,0
13,700,21.000000,10000.000000,0,2,14098752,615,0,615,0,0,81,0,0
13,700,21.000000,10000.000000,0,2,14098755,615,0,615,0,0,81,0,0
13,700,21.000000,10000.000000,0,2,14098758,615,0,615,0,0,81,0,0
13,700,21.000000,10000.000000,0,2,14098760,617,0,617,0,0,81,0,0
13,700,21.000000,10000.000000,0,2,14098763,618,0,618,0,0,81,0,0
13,700,21.000000,10000.000000,0,2,14098766,619,0,619,0,0,81,0,0
13,700,21.000000,10000.000000,0,2,14098769,621,0,621,0,0,81,0,0
13,700,21.000000,10000.000000,0,2,14098771,624,0,624,0,0,81,0,0
13,700,21.000000,10000.000000,0,2,14098774,628,0,628,0,0,81,0,0
13,700,21.000000,10000.000000,0,2,14098777,632,0,632,0,0,81,0,0
13,700,21.000000,10000.000000,0,2,14098780,638,0,638,0,0,81,0,0
13,700,21.000000,10000.000000,0,2,14098782,644,0,644,0,0,81,0,0
13,700,21.000000,10000.000000,0,2,14098785,648,0,648,0,0,81,0,0
13,700,21.000000,10000.000000,0,2,14098788,655,0,655,0,0,81,0,0
13,700,21.000000,10000.000000,0,2,14098791,662,0,662,0,0,81,0,0
13,700,21.000000,10000.000000,0,2,14098793,667,1,667,1,0,81,0,0
13,700,21.000000,10000.000000,0,2,14098797,675,1,675,1,0,81,0,0
13,700,21.000000,10000.000000,0,2,14098799,688,1,688,1,0,81,0,0
13,700,21.000000,10000.000000,0,2,14098802,697,1,697,1,0,81,0,0
13,700,21.000000,10000.000000,0,2,14098805,710,1,710,1,0,81,0,0
13,700,21.000000,10000.000000,0,2,14098808,719,1,719,1,0,81,0,0
13,700,21.000000,10000.000000,0,2,14098810,734,1,734,1,0,81,0,0
13,700,21.000000,10000.000000,0,2,14098813,743,1,743,1,0,81,0,0
13,700,21.000000,10000.000000,0,2,14098816,754,1,754,1,0,81,0,0
13,700,21.000000,10000.000000,0,2,14098819,764,1,764,1,0,81,0,0
13,700,21.000000,10000.000000,0,2,14098822,775,2,775,2,0,81,0,0
13,700,21.000000,10000.000000,0,2,14098824,792,2,792,2,0,81,0,0
13,700,21.000000,10000.000000,0,2,14098827,808,2,808,2,0,81,0,0
13,700,21.000000,10000.000000,0,2,14098830,822,2,822,2,0,81,0,0
13,700,21.000000,10000.000000,0,2,14098833,836,2,836,2,0,81,0,0
13,700,21.000000,10000.000000,0,2,14098836,847,2,847,2,0,81,0,0
13,700,21.000000,10000.000000,0,2,14098839,882,2,882,2,0,81,0,0
13,700,21.000000,10000.000000,0,2,14098842,905,2,905,2,0,81,0,0
13,700,21.000000,10000.000000,0,2,14098845,929,2,929,2,0,81,0,0
13,700,21.000000,10000.000000,0,2,14098847,943,2,943,2,0,81,0,0
13,700,21.000000,10000.000000,0,2,14098850,966,2,966,2,0,81,0,0
13,700,21.000000,10000.000000,0,2,14098853,987,2,987,2,0,81,0,0
13,700,21.000000,10000.000000,0,2,14098856,1007,2,1007,2,0,81,0,0
13,700,21.000000,10000.000000,0,2,14098858,1027,2,1027,2,0,81,0,0
13,700,21.000000,10000.000000,0,2,14098861,1040,2,1040,2,0,81,0,0
13,700,21.000000,10000.000000,0,2,14098864,1043,2,1043,2,0,81,0,0
13,700,21.000000,10000.000000,0,2,14098867,1064,2,1064,2,0,81,0,0
13,700,21.000000,10000.000000,0,2,14098870,1085,2,1085,2,0,81,0,0
13,700,21.000000,10000.000000,0,2,14098872,1096,2,1096,2,0,81,0,0
13,700,21.000000,10000.000000,0,2,14098875,1108,2,1108,2,0,81,0,0
13,700,21.000000,10000.000000,0,2,14098878,1119,2,1119,2,0,81,0,0
13,700,21.000000,10000.000000,0,2,14098880,1130,2,1130,2,0,81,0,0
13,700,21.000000,10000.000000,0,2,14098883,1134,2,1134,2,0,81,0,0
13,700,21.000000,10000.000000,0,2,14098886,1148,2,1148,2,0,81,0,0
13,700,21.000000,10000.000000,0,2,14098889,1157,2,1157,2,0,81,0,0
13,700,21.000000,10000.000000,0,2,14098891,1167,2,1167,2,0,81,0,0
13,700,21.000000,10000.000000,0,2,14098894,1171,2,1171,2,0,81,0,0
13,700,21.000000,10000.000000,0,2,14098897,1181,2,1181,2,0,81,0,0
13,700,21.000000,10000.000000,0,2,14098899,1187,2,1187,2,0,81,0,0
13,700,21.000000,10000.000000,0,2,14098902,1189,2,1189,2,0,81,0,0
13,700,21.000000,10000.000000,0,2,14098905,1196,2,1196,2,0,81,0,0
13,700,21.000000,10000.000000,0,2,14098908,1201,2,1201,2,0,81,0,0
13,700,21.000000,10000.000000,0,2,14098911,1203,2,1203,2,0,81,0,0
13,700,21.000000,10000.000000,0,2,14098913,1208,2,1208,2,0,81,0,0
13,700,21.000000,10000.000000,0,2,14098916,1213,2,1213,2,0,81,0,0
13,700,21.000000,10000.000000,0,2,14098919,1217,2,1217,2,0,81,0,0
13,700,21.000000,10000.000000,0,2,14098922,1219,2,1219,2,0,81,0,0
13,700,21.000000,10000.000000,0,2,14098924,1221,2,1221,2,0,81,0,0
13,700,21.000000,10000.000000,0,2,14098927,1224,3,1224,3,0,81,0,0
13,700,21.000000,10000.000000,0,2,14098930,1227,3,1227,3,0,81,0,0
13,700,21.000000,10000.000000,0,2,14098933,1229,3,1229,3,0,81,0,0
13,700,21.000000,10000.000000,0,2,14098936,1231,3,1231,3,0,81,0,0
13,700,21.000000,10000.000000,0,2,14098938,1234,4,1234,4,0,81,0,0
13,700,21.000000,10000.000000,0,2,14098941,1237,4,1237,4,0,81,0,0
13,700,21.000000,10000.000000,0,2,14098944,1239,4,1239,4,0,81,0,0
13,700,21.000000,10000.000000,0,2,14098947,1241,4,1241,4,0,81,0,0
13,700,21.000000,10000.000000,0,2,14098949,1244,4,1244,4,0,81,0,0
13,700,21.000000,10000.000000,0,2,14098952,1246,4,1246,4,0,81,0,0
13,700,21.000000,10000.000000,0,2,14098955,1248,4,1248,4,0,81,0,0
13,700,21.000000,10000.000000,0,2,14098958,1249,4,1249,4,0,81,0,0
13,700,21.000000,10000.000000,0,2,14098961,1250,4,1250,4,0,81,0,0
13,700,21.000000,10000.000000,0,2,14098963,1251,4,1251,4,0,81,0,0
13,700,21.000000,10000.000000,0,2,14098966,1252,4,1252,4,0,81,0,0
13,700,21.000000,10000.000000,0,2,14098969,1253,4,1253,4,0,81,0,0
13,700,21.000000,10000.000000,0,2,14098972,1254,4,1254,4,0,81,0,0
13,700,21.000000,10000.000000,0,2,14098974,1255,4,1255,4,0,81,0,0
13,700,21.000000,10000.000000,0,2,14098977,1255,4,1255,4,0,81,0,0
13,700,21.000000,10000.000000,0,2,14098980,1255,4,1255,4,0,81,0,0
13,700,21.000000,10000.000000,0,2,14098982,1255,4,1255,4,0,81,0,0
13,700,21.000000,10000.000000,0,2,14098985,1255,4,1255,4,0,81,0,0
13,700,21.000000,10000.000000,0,2,14098988,1255,4,1255,4,0,81,0,0
13,700,21.000000,10000.000000,0,2,14098991,1255,4,1255,4,0,81,0,0
13,700,21.000000,10000.000000,0,2,14098994,1255,4,1255,4,0,81,0,0
13,700,21.000000,10000.000000,0,2,14098996,1255,4,1255,4,0,81,0,0
13,700,21.000000,10000.000000,0,2,14098999,1255,4,1255,4,0,81,0,0
13,700,21.000000,10000.000000,0,2,14099002,1255,4,1255,4,0,81,0,0
13,700,21.000000,10000.000000,0,2,14099005,1255,4,1255,4,0,81,0,0
13,700,21.000000,10000.000000,0,2,14099007,1255,4,1255,4,0,81,0,0
13,700,21.000000,10000.000000,0,2,14099010,1255,4,1255,4,0,81,0,0
13,700,21.000000,10000.000000,0,2,14099013,1255,4,1255,4,0,81,0,0
13,700,21.000000,10000.000000,0,2,14099016,1255,4,1255,4,0,81,0,0
13,700,21.000000,10000.000000,0,2,14099019,1255,4,1255,4,0,81,0,0
13,700,21.000000,10000.000000,0,2,14099021,1255,4,1255,4,0,81,0,0
13,700,21.000000,10000.000000,0,2,14099024,1255,4,1255,4,0,81,0,0
13,700,21.000000,10000.000000,0,2,14099027,1255,4,1255,4,0,81,0,0
13,700,21.000000,10000.000000,0,2,14099030,1255,4,1255,4,0,81,0,0
13,700,21.000000,10000.000000,0,2,14099032,1255,4,1255,4,0,81,0,0
13,700,21.000000,10000.000000,0,2,14099035,1255,4,1255,4,0,81,0,0
13,700,21.000000,10000.000000,0,2,14099038,1255,4,1255,4,0,81,0,0
13,700,21.000000,10000.000000,0,2,14099041,1255,4,1255,4,0,81,0,0
13,700,21.000000,10000.000000,0,2,14099044,1256,4,1256,4,0,81,0,0
13,700,21.000000,10000.000000,0,2,14099047,1257,4,1257,4,0,81,0,0
13,700,21.000000,10000.000000,0,2,14099049,1258,4,1258,4,0,81,0,0
13,700,21.000000,10000.000000,0,2,14099052,1259,4,1259,4,0,81,0,0
13,700,21.000000,10000.000000,0,2,14099055,1260,4,1260,4,0,81,0,0
13,700,21.000000,10000.000000,0,2,14099058,1261,4,1261,4,0,81,0,0
13,700,21.000000,10000.000000,0,2,14099060,1263,4,1263,4,0,81,0,0
13,700,21.000000,10000.000000,0,2,14099063,1264,4,1264,4,0,81,0,0
13,700,21.000000,10000.000000,0,2,14099066,1265,4,1265,4,0,81,0,0
13,700,21.000000,10000.000000,0,2,14099069,1266,4,1266,4,0,81,0,0
13,700,21.000000,10000.000000,0,2,14099072,1268,4,1268,4,0,81,0,0
13,700,21.000000,10000.000000,0,2,14099074,1269,4,1269,4,0,81,0,0
13,700,21.000000,10000.000000,0,2,14099077,1270,4,1270,4,0,81,0,0
13,700,21.000000,10000.000000,0,2,14099080,1271,4,1271,4,0,81,0,0
13,700,21.000000,10000.000000,0,2,14099083,1273,4,1273,4,0,81,0,0
13,700,21.000000,10000.000000,0,2,14099085,1274,3,1274,3,0,81,0,0
13,700,21.000000,10000.000000,0,2,14099088,1275,2,1275,2,0,81,0,0
13,700,21.000000,10000.000000,0,2,14099091,1276,2,1276,2,0,81,0,0
13,700,21.000000,10000.000000,0,2,14099094,1277,2,1277,2,0,81,0,0
13,700,21.000000,10000.000000,0,2,14099097,1277,2,1277,2,0,81,0,0
13,700,21.000000,10000.000000,0,2,14099100,1277,2,1277,2,0,81,0,0
13,700,21.000000,10000.000000,0,2,14099102,1277,2,1277,2,0,81,0,0
13,700,21.000000,10000.000000,0,2,14099105,1277,2,1277,2,0,81,0,0
13,700,21.000000,10000.000000,0,2,14099108,1277,2,1277,2,0,81,0,0
13,700,21.000000,10000.000000,0,2,14099110,1277,2,1277,2,0,81,0,0
13,700,21.000000,10000.000000,0,2,14099113,1277,2,1277,2,0,81,0,0
13,700,21.000000,10000.000000,0,2,14099116,1277,2,1277,2,0,81,0,0
13,700,21.000000,10000.000000,0,2,14099119,1278,2,1278,2,0,81,0,0
13,700,21.000000,10000.000000,0,2,14099122,1279,2,1279,2,0,81,0,0
13,700,21.000000,10000.000000,0,2,14099124,1279,2,1279,2,0,81,0,0
13,700,21.000000,10000.000000,0,2,14099127,1280,2,1280,2,0,81,0,0
13,700,21.000000,10000.000000,0,2,14099130,1281,2,1281,2,0,81,0,0
13,700,21.000000,10000.000000,0,2,14099133,1281,2,1281,2,0,81,0,0
13,700,21.000000,10000.000000,0,2,14099136,1282,2,1282,2,0,81,0,0
13,700,21.000000,10000.000000,0,2,14099138,1283,2,1283,2,0,81,0,0
13,700,21.000000,10000.000000,0,2,14099141,1284,2,1284,2,0,81,0,0
13,700,21.000000,10000.000000,0,2,14099144,1285,2,1285,2,0,81,0,0
13,700,21.000000,10000.000000,0,2,14099147,1287,2,1287,2,0,81,0,0
13,700,21.000000,10000.000000,0,2,14099149,1288,2,1288,2,0,81,0,0
13,700,21.000000,10000.000000,0,2,14099152,1289,2,1289,2,0,81,0,0
13,700,21.000000,10000.000000,0,2,14099155,1290,2,1290,2,0,81,0,0
13,700,21.000000,10000.000000,0,2,14099158,1291,2,1291,2,0,81,0,0
13,700,21.000000,10000.000000,0,2,14099160,1292,2,1292,2,0,81,0,0
13,700,21.000000,10000.000000,0,2,14099163,1294,2,1294,2,0,81,0,0
13,700,21.000000,10000.000000,0,2,14099166,1295,2,1295,2,0,81,0,0
13,700,21.000000,10000.000000,0,2,14099169,1296,1,1296,1,0,81,0,0
13,700,21.000000,10000.000000,0,2,14099172,1298,1,1298,1,0,81,0,0
13,700,21.000000,10000.000000,0,2,14099175,1299,1,1299,1,0,81,0,0
13,700,21.000000,10000.000000,0,2,14099177,1300,1,1300,1,0,81,0,0
13,700,21.000000,10000.000000,0,2,14099180,1300,0,1300,0,0,81,0,0
13,700,21.000000,10000.000000,0,2,14099183,1301,0,1301,0,0,81,0,0
13,700,21.000000,10000.000000,0,2,14099186,1302,0,1302,0,0,81,0,0
13,700,21.000000,10000.000000,0,2,14099188,1302,0,1302,-1,0,81,0,0
13,700,21.000000,10000.000000,0,2,14099191,1303,0,1303,-2,0,81,0,0
13,700,21.000000,10000.000000,0,2,14099194,1304,0,1304,-3,0,81,0,0
13,700,21.000000,10000.000000,0,2,14099197,1304,0,1304,-3,0,81,0,0
13,700,21.000000,10000.000000,0,2,14099200,1304,0,1304,-3,0,81,0,0
13,700,21.000000,10000.000000,0,2,14099202,1304,0,1304,-3,0,81,0,0
13,700,21.000000,10000.000000,0,2,14099205,1304,0,1304,-3,0,81,0,0
13,700,21.000000,10000.000000,0,2,14099208,1304,0,1304,-3,0,81,0,0
13,700,21.000000,10000.000000,0,2,14099211,1304,0,1304,-3,0,81,0,0
13,700,21.000000,10000.000000,0,2,14099213,1304,0,1304,-3,0,81,0,0
13,700,21.000000,10000.000000,0,2,14099216,1304,0,1304,-3,0,81,0,0
13,700,21.000000,10000.000000,0,2,14099219,1304,0,1304,-3,0,81,0,0
13,700,21.000000,10000.000000,0,2,14099222,1304,0,1304,-3,0,81,0,0
13,700,21.000000,10000.000000,0,2,14099224,1304,0,1304,-3,0,81,0,0
13,700,21.000000,10000.000000,0,2,14099227,1304,0,1304,-3,0,81,0,0
13,700,21.000000,10000.000000,0,2,14099230,1304,0,1304,-3,0,81,0,0
13,700,21.000000,10000.000000,0,2,14099233,1304,0,1304,-3,0,81,0,0
13,700,21.000000,10000.000000,0,2,14099235,1304,0,1304,-3,0,81,0,0
13,700,21.000000,10000.000000,0,2,14099238,1304,0,1304,-3,0,81,0,0
13,700,21.000000,10000.000000,0,2,14099241,1304,0,1304,-3,0,81,0,0
13,700,21.000000,10000.000000,0,2,14099244,1304,0,1304,-3,0,81,0,0
13,700,21.000000,10000.000000,0,2,14099247,1304,0,1304,-3,0,81,0,0
13,700,21.000000,10000.000000,0,2,14099249,1304,0,1304,-3,0,81,0,0
13,700,21.000000,10000.000000,0,2,14099252,1304,0,1304,-3,0,81,0,0
13,700,21.000000,10000.000000,0,2,14099255,1304,0,1304,-3,0,81,0,0
13,700,21.000000,10000.000000,0,2,14099258,1304,0,1304,-3,0,81,0,0
13,700,21.000000,10000.000000,0,2,14099260,1304,0,1304,-3,0,81,0,0
13,700,21.000000,10000.000000,0,2,14099263,1304,0,1304,-3,0,81,0,0
13,700,21.000000,10000.000000,0,2,14099266,1304,0,1304,-3,0,81,0,0
13,700,21.000000,10000.000000,0,2,14099269,1304,0,1304,-3,0,81,0,0
13,700,21.000000,10000.000000,0,2,14099272,1304,0,1304,-3,0,81,0,0
13,700,21.000000,10000.000000,0,2,14099274,1304,0,1304,-3,0,81,0,0
13,700,21.000000,10000.000000,0,2,14099277,1304,0,1304,-3,0,81,0,0
13,700,21.000000,10000.000000,0,2,14099280,1304,0,1304,-3,0,81,0,0
13,700,21.000000,10000.000000,0,2,14099283,1304,0,1304,-3,0,81,0,0
13,700,21.000000,10000.000000,0,2,14099285,1304,0,1304,-3,0,81,0,0
13,700,21.000000,10000.000000,0,2,14099289,1304,0,1304,-3,0,81,0,0
13,700,21.000000,10000.000000,0,2,14099291,1304,0,1304,-3,0,81,0,0
13,700,21.000000,10000.000000,0,2,14099294,1304,0,1304,-3,0,81,0,0
13,700,21.000000,10000.000000,0,2,14099297,1304,0,1304,-3,0,81,0,0
13,700,21.000000,10000.000000,0,2,14099300,1304,0,1304,-3,0,81,0,0
13,700,21.000000,10000.000000,0,2,14099302,1304,0,1304,-3,0,81,0,0
13,700,21.000000,10000.000000,0,2,14099305,1304,0,1304,-3,0,81,0,0
13,700,21.000000,10000.000000,0,2,14099308,1304,0,1304,-3,0,81,0,0
13,700,21.000000,10000.000000,0,2,14099311,1304,0,1304,-3,0,81,0,0
13,700,21.000000,10000.000000,0,2,14099314,1304,0,1304,-3,0,81,0,0
13,700,21.000000,10000.000000,0,2,14099316,1304,0,1304,-3,0,81,0,0
13,700,21.000000,10000.000000,0,2,14099319,1304,0,1304,-3,0,81,0,0
13,700,21.000000,10000.000000,0,2,14099333,1304,0,1304,-3,0,81,0,0
