6,700,21.000000,10000.000000,0,5,1811439,608,0,608,0,0,104,0,0
6,700,21.000000,10000.000000,0,5,1811440,608,0,608,0,0,104,0,0
6,700,21.000000,10000.000000,0,5,1811442,608,0,608,0,0,104,0,0
6,700,21.000000,10000.000000,0,5,1811445,608,0,608,0,0,104,0,0
6,700,21.000000,10000.000000,0,5,1811448,608,0,608,0,0,104,0,0
6,700,21.000000,10000.000000,0,5,1811450,608,0,608,0,0,104,0,0
6,700,21.000000,10000.000000,0,5,1811453,608,0,608,0,0,104,0,0
6,700,21.000000,10000.000000,0,5,1811456,608,0,608,0,0,104,0,0
6,700,21.000000,10000.000000,0,5,1811459,608,0,608,0,0,104,0,0
6,700,21.000000,10000.000000,0,5,1811462,608,0,608,0,0,104,0,0
6,700,21.000000,10000.000000,0,5,1811464,608,0,608,0,0,104,0,0
6,700,21.000000,10000.000000,0,5,1811467,608,0,608,0,0,104,0,0
6,700,21.000000,10000.000000,0,5,1811470,608,0,608,0,0,104,0,0
6,700,21.000000,10000.000000,0,5,1811473,608,0,608,0,0,104,0,0
6,700,21.000000,10000.000000,0,5,1811476,608,0,608,0,0,104,0,0
6,700,21.000000,10000.000000,0,5,1811478,608,0,608,0,0,104,0,0
6,700,21.000000,10000.000000,0,5,1811481,608,0,608,0,0,104,0,0
6,700,21.000000,10000.000000,0,5,1811484,608,0,608,0,0,104,0,0
6,700,21.000000,10000.000000,0,5,1811487,608,0,608,0,0,104,0,0
6,700,21.000000,10000.000000,0,5,1811489,608,0,608,0,0,104,0,0
6,700,21.000000,10000.000000,0,5,1811492,608,0,608,0,0,104,0,0
6,700,21.000000,10000.000000,0,5,1811495,608,0,608,0,0,104,0,0
6,700,21.000000,10000.000000,0,5,1811498,608,0,608,0,0,104,0,0
6,700,21.000000,10000.000000,0,5,1811501,608,0,608,0,0,104,0,0
6,700,21.000000,10000.000000,0,5,1811503,608,0,608,0,0,104,0,0
6,700,21.000000,10000.000000,0,5,1811506,608,0,608,0,0,104,0,0
6,700,21.000000,10000.000000,0,5,1811509,608,0,608,0,0,104,0,0
6,700,21.000000,10000.000000,0,5,1811512,608,0,608,0,0,104,0,0
6,700,21.000000,10000.000000,0,5,1811514,608,0,608,0,0,104,0,0
6,700,21.000000,10000.000000,0,5,1811517,608,0,608,0,0,104,0,0
6,700,21.000000,10000.000000,0,5,1811520,608,0,608,0,0,104,0,0
6,700,21.000000,10000.000000,0,5,1811523,608,0,608,0,0,104,0,0
6,700,21.000000,10000.000000,0,5,1811526,609,0,609,0,0,104,0,0
6,700,21.000000,10000.000000,0,5,1811528,610,0,610,0,0,104,0,0
6,700,21.000000,10000.000000,0,5,1811531,611,0,611,0,0,104,0,0
6,700,21.000000,10000.000000,0,5,1811534,612,0,612,0,0,104,0,0
6,700,21.000000,10000.000000,0,5,1811537,614,0,614,0,0,104,0,0
6,700,21.000000,10000.000000,0,5,1811539,616,0,616,0,0,104,0,0
6,700,21.000000,10000.000000,0,5,1811542,617,0,617,0,0,104,0,0
6,700,21.000000,10000.000000,0,5,1811545,619,0,619,0,0,104,0,0
6,700,21.000000,10000.000000,0,5,1811548,620,0,620,0,0,104,0,0
6,700,21.000000,10000.000000,0,5,1811551,622,0,622,0,0,104,0,0
6,700,21.000000,10000.000000,0,5,1811553,625,0,625,0,0,104,0,0
6,700,21.000000,10000.000000,0,5,1811556,628,0,628,0,0,104,0,0
6,700,21.000000,10000.000000,0,5,1811559,632,0,632,0,0,104,0,0
6,700,21.000000,10000.000000,0,5,1811562,635,0,635,0,0,104,0,0
6,700,21.000000,10000.000000,0,5,1811564,638,0,638,0,0,104,0,0
6,700,21.000000,10000.000000,0,5,1811567,644,0,644,0,0,104,0,0
6,700,21.000000,10000.000000,0,5,1811570,648,0,648,0,0,104,0,0
6,700,21.000000,10000.000000,0,5,1811573,652,0,652,0,0,104,0,0
6,700,21.000000,10000.000000,0,5,1811576,660,0,660,0,0,104,0,0
6,700,21.000000,10000.000000,0,5,1811578,664,0,664,0,0,104,0,0
6,700,21.000000,10000.000000,0,5,1811581,670,0,670,0,0,104,0,0
6,700,21.000000,10000.000000,0,5,1811584,678,0,678,0,0,104,0,0
6,700,21.000000,10000.000000,0,5,1811587,683,0,683,0,0,104,0,0
6,700,21.000000,10000.000000,0,5,1811590,695,0,695,0,0,104,0,0
6,700,21.000000,10000.000000,0,5,1811592,700,0,700,0,0,104,0,0
6,700,21.000000,10000.000000,0,5,1811595,709,0,709,-1,0,104,0,0
6,700,21.000000,10000.000000,0,5,1811598,719,0,719,-1,0,104,0,0
6,700,21.000000,10000.000000,0,5,1811601,732,0,732,-2,0,104,0,0
6,700,21.000000,10000.000000,0,5,1811603,742,0,742,-3,0,104,0,0
6,700,21.000000,10000.000000,0,5,1811606,754,0,754,-4,0,104,0,0
6,700,21.000000,10000.000000,0,5,1811609,766,0,766,-5,0,104,0,0
6,700,21.000000,10000.000000,0,5,1811612,777,0,777,-5,0,104,0,0
6,700,21.000000,10000.000000,0,5,1811614,790,0,790,-6,0,104,0,0
6,700,21.000000,10000.000000,0,5,1811617,798,0,798,-7,0,104,0,0
6,700,21.000000,10000.000000,0,5,1811620,813,0,813,-8,0,104,0,0
6,700,21.000000,10000.000000,0,5,1811623,829,0,829,-10,0,104,0,0
6,700,21.000000,10000.000000,0,5,1811626,844,0,844,-11,0,104,0,0
6,700,21.000000,10000.000000,0,5,1811628,857,0,857,-12,0,104,0,0
6,700,21.000000,10000.000000,0,5,1811631,870,0,870,-13,0,104,0,0
6,700,21.000000,10000.000000,0,5,1811634,889,0,889,-14,0,104,0,0
6,700,21.000000,10000.000000,0,5,1811637,903,0,903,-15,0,104,0,0
6,700,21.000000,10000.000000,0,5,1811640,925,0,925,-15,0,104,0,0
6,700,21.000000,10000.000000,0,5,1811642,939,0,939,-16,0,104,0,0
6,700,21.000000,10000.000000,0,5,1811645,952,0,952,-16,0,104,0,0
6,700,21.000000,10000.000000,0,5,1811648,961,0,961,-16,0,104,0,0
6,700,21.000000,10000.000000,0,5,1811651,973,0,973,-16,0,104,0,0
6,700,21.000000,10000.000000,0,5,1811653,989,0,989,-16,0,104,0,0
6,700,21.000000,10000.000000,0,5,1811656,995,0,995,-16,0,104,0,0
6,700,21.000000,10000.000000,0,5,1811659,1020,0,1020,-16,0,104,0,0
6,700,21.000000,10000.000000,0,5,1811662,1027,0,1027,-16,0,104,0,0
6,700,21.000000,10000.000000,0,5,1811665,1038,0,1038,-16,0,104,0,0
6,700,21.000000,10000.000000,0,5,1811667,1046,0,1046,-16,0,104,0,0
6,700,21.000000,10000.000000,0,5,1811670,1058,0,1058,-16,0,104,0,0
6,700,21.000000,10000.000000,0,5,1811673,1068,0,1068,-16,0,104,0,0
6,700,21.000000,10000.000000,0,5,1811676,1076,0,1076,-16,0,104,0,0
6,700,21.000000,10000.000000,0,5,1811678,1082,0,1082,-16,0,104,0,0
6,700,21.000000,10000.000000,0,5,1811681,1086,0,1086,-16,0,104,0,0
6,700,21.000000,10000.000000,0,5,1811684,1093,0,1093,-16,0,104,0,0
6,700,21.000000,10000.000000,0,5,1811687,1095,0,1095,-16,0,104,0,0
6,700,21.000000,10000.000000,0,5,1811690,1106,1,1106,-15,0,104,0,0
6,700,21.000000,10000.000000,0,5,1811692,1111,1,1111,-15,0,104,0,0
6,700,21.000000,10000.000000,0,5,1811695,1116,2,1116,-14,0,104,0,0
6,700,21.000000,10000.000000,0,5,1811698,1120,2,1120,-14,0,104,0,0
6,700,21.000000,10000.000000,0,5,1811701,1125,2,1125,-14,0,104,0,0
6,700,21.000000,10000.000000,0,5,1811704,1129,2,1129,-14,0,104,0,0
6,700,21.000000,10000.000000,0,5,1811706,1135,2,1135,-14,0,104,0,0
6,700,21.000000,10000.000000,0,5,1811709,1139,2,1139,-14,0,104,0,0
6,700,21.000000,10000.000000,0,5,1811712,1141,2,1141,-14,0,104,0,0
6,700,21.000000,10000.000000,0,5,1811715,1145,2,1145,-14,0,104,0,0
6,700,21.000000,10000.000000,0,5,1811717,1146,2,1146,-14,0,104,0,0
6,700,21.000000,10000.000000,0,5,1811720,1150,2,1150,-14,0,104,0,0
6,700,21.000000,10000.000000,0,5,1811723,1153,2,1153,-14,0,104,0,0
6,700,21.000000,10000.000000,0,5,1811726,1158,2,1158,-14,0,104,0,0
6,700,21.000000,10000.000000,0,5,1811729,1161,2,1161,-14,0,104,0,0
6,700,21.000000,10000.000000,0,5,1811731,1163,2,1163,-14,0,104,0,0
6,700,21.000000,10000.000000,0,5,1811734,1167,2,1167,-14,0,104,0,0
6,700,21.000000,10000.000000,0,5,1811737,1170,2,1170,-14,0,104,0,0
6,700,21.000000,10000.000000,0,5,1811740,1173,2,1173,-14,0,104,0,0
6,700,21.000000,10000.000000,0,5,1811742,1176,2,1176,-14,0,104,0,0
6,700,21.000000,10000.000000,0,5,1811745,1179,2,1179,-14,0,104,0,0
6,700,21.000000,10000.000000,0,5,1811748,1185,2,1185,-14,0,104,0,0
6,700,21.000000,10000.000000,0,5,1811751,1187,2,1187,-14,0,104,0,0
6,700,21.000000,10000.000000,0,5,1811754,1190,2,1190,-14,0,104,0,0
6,700,21.000000,10000.000000,0,5,1811756,1192,2,1192,-14,0,104,0,0
6,700,21.000000,10000.000000,0,5,1811759,1194,2,1194,-14,0,104,0,0
6,700,21.000000,10000.000000,0,5,1811762,1196,2,1196,-14,0,104,0,0
6,700,21.000000,10000.000000,0,5,1811765,1197,1,1197,-15,0,104,0,0
6,700,21.000000,10000.000000,0,5,1811768,1198,1,1198,-15,0,104,0,0
6,700,21.000000,10000.000000,0,5,1811770,1199,1,1199,-15,0,104,0,0
6,700,21.000000,10000.000000,0,5,1811773,1200,1,1200,-15,0,104,0,0
6,700,21.000000,10000.000000,0,5,1811776,1201,1,1201,-15,0,104,0,0
6,700,21.000000,10000.000000,0,5,1811779,1202,1,1202,-15,0,104,0,0
6,700,21.000000,10000.000000,0,5,1811781,1204,1,1204,-15,0,104,0,0
6,700,21.000000,10000.000000,0,5,1811784,1205,1,1205,-15,0,104,0,0
6,700,21.000000,10000.000000,0,5,1811787,1206,1,1206,-15,0,104,0,0
6,700,21.000000,10000.000000,0,5,1811790,1207,1,1207,-15,0,104,0,0
6,700,21.000000,10000.000000,0,5,1811793,1208,1,1208,-15,0,104,0,0
6,700,21.000000,10000.000000,0,5,1811795,1209,1,1209,-15,0,104,0,0
6,700,21.000000,10000.000000,0,5,1811798,1209,1,1209,-15,0,104,0,0
6,700,21.000000,10000.000000,0,5,1811801,1209,1,1209,-15,0,104,0,0
6,700,21.000000,10000.000000,0,5,1811803,1209,1,1209,-15,0,104,0,0
6,700,21.000000,10000.000000,0,5,1811806,1209,1,1209,-15,0,104,0,0
6,700,21.000000,10000.000000,0,5,1811809,1209,1,1209,-15,0,104,0,0
6,700,21.000000,10000.000000,0,5,1811812,1209,1,1209,-15,0,104,0,0
6,700,21.000000,10000.000000,0,5,1811814,1210,1,1210,-15,0,104,0,0
6,700,21.000000,10000.000000,0,5,1811817,1211,1,1211,-15,0,104,0,0
6,700,21.000000,10000.000000,0,5,1811820,1211,1,1211,-15,0,104,0,0
6,700,21.000000,10000.000000,0,5,1811823,1211,1,1211,-15,0,104,0,0
6,700,21.000000,10000.000000,0,5,1811826,1211,1,1211,-15,0,104,0,0
6,700,21.000000,10000.000000,0,5,1811828,1212,1,1212,-15,0,104,0,0
6,700,21.000000,10000.000000,0,5,1811831,1213,1,1213,-15,0,104,0,0
6,700,21.000000,10000.000000,0,5,1811834,1214,1,1214,-15,0,104,0,0
6,700,21.000000,10000.000000,0,5,1811837,1215,1,1215,-15,0,104,0,0
6,700,21.000000,10000.000000,0,5,1811839,1216,1,1216,-15,0,104,0,0
6,700,21.000000,10000.000000,0,5,1811842,1217,1,1217,-15,0,104,0,0
6,700,21.000000,10000.000000,0,5,1811845,1220,1,1220,-15,0,104,0,0
6,700,21.000000,10000.000000,0,5,1811848,1222,1,1222,-15,0,104,0,0
6,700,21.000000,10000.000000,0,5,1811851,1224,1,1224,-15,0,104,0,0
6,700,21.000000,10000.000000,0,5,1811853,1225,1,1225,-15,0,104,0,0
6,700,21.000000,10000.000000,0,5,1811856,1226,1,1226,-15,0,104,0,0
6,700,21.000000,10000.000000,0,5,1811859,1227,1,1227,-15,0,104,0,0
6,700,21.000000,10000.000000,0,5,1811862,1229,1,1229,-15,0,104,0,0
6,700,21.000000,10000.000000,0,5,1811864,1231,1,1231,-15,0,104,0,0
6,700,21.000000,10000.000000,0,5,1811867,1232,1,1232,-15,0,104,0,0
6,700,21.000000,10000.000000,0,5,1811870,1233,1,1233,-15,0,104,0,0
6,700,21.000000,10000.000000,0,5,1811873,1234,1,1234,-15,0,104,0,0
6,700,21.000000,10000.000000,0,5,1811876,1235,1,1235,-15,0,104,0,0
6,700,21.000000,10000.000000,0,5,1811878,1236,1,1236,-15,0,104,0,0
6,700,21.000000,10000.000000,0,5,1811881,1237,1,1237,-15,0,104,0,0
6,700,21.000000,10000.000000,0,5,1811884,1237,1,1237,-15,0,104,0,0
6,700,21.000000,10000.000000,0,5,1811887,1237,1,1237,-15,0,104,0,0
6,700,21.000000,10000.000000,0,5,1811890,1237,1,1237,-15,0,104,0,0
6,700,21.000000,10000.000000,0,5,1811892,1237,1,1237,-15,0,104,0,0
6,700,21.000000,10000.000000,0,5,1811895,1237,1,1237,-15,0,104,0,0
6,700,21.000000,10000.000000,0,5,1811898,1237,1,1237,-15,0,104,0,0
6,700,21.000000,10000.000000,0,5,1811901,1237,1,1237,-15,0,104,0,0
6,700,21.000000,10000.000000,0,5,1811903,1237,1,1237,-15,0,104,0,0
6,700,21.000000,10000.000000,0,5,1811906,1237,1,1237,-15,0,104,0,0
6,700,21.000000,10000.000000,0,5,1811909,1237,1,1237,-15,0,104,0,0
6,700,21.000000,10000.000000,0,5,1811912,1237,1,1237,-15,0,104,0,0
6,700,21.000000,10000.000000,0,5,1811915,1237,1,1237,-15,0,104,0,0
6,700,21.000000,10000.000000,0,5,1811917,1237,1,1237,-15,0,104,0,0
6,700,21.000000,10000.000000,0,5,1811920,1237,1,1237,-15,0,104,0,0
6,700,21.000000,10000.000000,0,5,1811923,1238,1,1238,-15,0,104,0,0
6,700,21.000000,10000.000000,0,5,1811926,1239,1,1239,-15,0,104,0,0
6,700,21.000000,10000.000000,0,5,1811928,1240,1,1240,-15,0,104,0,0
6,700,21.000000,10000.000000,0,5,1811931,1241,1,1241,-15,0,104,0,0
6,700,21.000000,10000.000000,0,5,1811934,1242,1,1242,-15,0,104,0,0
6,700,21.000000,10000.000000,0,5,1811937,1243,1,1243,-15,0,104,0,0
6,700,21.000000,10000.000000,0,5,1811940,1245,1,1245,-15,0,104,0,0
6,700,21.000000,10000.000000,0,5,1811943,1246,1,1246,-15,0,104,0,0
6,700,21.000000,10000.000000,0,5,1811945,1247,1,1247,-15,0,104,0,0
6,700,21.000000,10000.000000,0,5,1811948,1248,1,1248,-15,0,104,0,0
6,700,21.000000,10000.000000,0,5,1811951,1250,1,1250,-15,0,104,0,0
6,700,21.000000,10000.000000,0,5,1811953,1251,1,1251,-15,0,104,0,0
6,700,21.000000,10000.000000,0,5,1811956,1252,1,1252,-15,0,104,0,0
6,700,21.000000,10000.000000,0,5,1811959,1253,1,1253,-15,0,104,0,0
6,700,21.000000,10000.000000,0,5,1811962,1253,0,1253,-16,0,104,0,0
6,700,21.000000,10000.000000,0,5,1811964,1254,0,1254,-17,0,104,0,0
6,700,21.000000,10000.000000,0,5,1811967,1255,0,1255,-17,0,104,0,0
6,700,21.000000,10000.000000,0,5,1811970,1256,0,1256,-17,0,104,0,0
6,700,21.000000,10000.000000,0,5,1811973,1259,0,1259,-17,0,104,0,0
6,700,21.000000,10000.000000,0,5,1811976,1260,0,1260,-17,0,104,0,0
6,700,21.000000,10000.000000,0,5,1811978,1261,0,1261,-17,0,104,0,0
6,700,21.000000,10000.000000,0,5,1811981,1262,0,1262,-17,0,104,0,0
6,700,21.000000,10000.000000,0,5,1811984,1263,0,1263,-17,0,104,0,0
6,700,21.000000,10000.000000,0,5,1811987,1265,0,1265,-17,0,104,0,0
6,700,21.000000,10000.000000,0,5,1811990,1266,0,1266,-17,0,104,0,0
6,700,21.000000,10000.000000,0,5,1811992,1267,0,1267,-17,0,104,0,0
6,700,21.000000,10000.000000,0,5,1811995,1268,0,1268,-17,0,104,0,0
6,700,21.000000,10000.000000,0,5,1811998,1269,0,1269,-17,0,104,0,0
6,700,21.000000,10000.000000,0,5,1812001,1270,0,1270,-17,0,104,0,0
6,700,21.000000,10000.000000,0,5,1812004,1272,0,1272,-17,0,104,0,0
6,700,21.000000,10000.000000,0,5,1812006,1275,0,1275,-17,0,104,0,0
6,700,21.000000,10000.000000,0,5,1812009,1277,0,1277,-17,0,104,0,0
6,700,21.000000,10000.000000,0,5,1812012,1278,0,1278,-17,0,104,0,0
6,700,21.000000,10000.000000,0,5,1812015,1280,0,1280,-17,0,104,0,0
6,700,21.000000,10000.000000,0,5,1812017,1282,0,1282,-17,0,104,0,0
6,700,21.000000,10000.000000,0,5,1812020,1283,0,1283,-17,0,104,0,0
6,700,21.000000,10000.000000,0,5,1812023,1285,0,1285,-17,0,104,0,0
6,700,21.000000,10000.000000,0,5,1812026,1286,0,1286,-17,0,104,0,0
6,700,21.000000,10000.000000,0,5,1812028,1287,0,1287,-17,0,104,0,0
6,700,21.000000,10000.000000,0,5,1812031,1288,0,1288,-17,0,104,0,0
6,700,21.000000,10000.000000,0,5,1812034,1289,0,1289,-17,0,104,0,0
6,700,21.000000,10000.000000,0,5,1812037,1290,0,1290,-17,0,104,0,0
6,700,21.000000,10000.000000,0,5,1812040,1291,0,1291,-17,0,104,0,0
6,700,21.000000,10000.000000,0,5,1812042,1292,0,1292,-17,0,104,0,0
6,700,21.000000,10000.000000,0,5,1812045,1292,0,1292,-17,0,104,0,0
6,700,21.000000,10000.000000,0,5,1812048,1292,0,1292,-17,0,104,0,0
6,700,21.000000,10000.000000,0,5,1812051,1292,0,1292,-17,0,104,0,0
6,700,21.000000,10000.000000,0,5,1812054,1292,0,1292,-17,0,104,0,0
6,700,21.000000,10000.000000,0,5,1812056,1292,0,1292,-17,0,104,0,0
6,700,21.000000,10000.000000,0,5,1812059,1292,0,1292,-17,0,104,0,0
6,700,21.000000,10000.000000,0,5,1812062,1292,0,1292,-17,0,104,0,0
6,700,21.000000,10000.000000,0,5,1812065,1292,0,1292,-17,0,104,0,0
6,700,21.000000,10000.000000,0,5,1812067,1292,0,1292,-17,0,104,0,0
6,700,21.000000,10000.000000,0,5,1812070,1292,0,1292,-18,0,104,0,0
6,700,21.000000,10000.000000,0,5,1812073,1292,0,1292,-19,0,104,0,0
6,700,21.000000,10000.000000,0,5,1812076,1292,0,1292,-19,0,104,0,0
6,700,21.000000,10000.000000,0,5,1812079,1292,0,1292,-19,0,104,0,0
6,700,21.000000,10000.000000,0,5,1812081,1293,0,1293,-19,0,104,0,0
6,700,21.000000,10000.000000,0,5,1812084,1294,0,1294,-19,0,104,0,0
6,700,21.000000,10000.000000,0,5,1812087,1294,0,1294,-19,0,104,0,0
6,700,21.000000,10000.000000,0,5,1812090,1294,0,1294,-19,0,104,0,0
6,700,21.000000,10000.000000,0,5,1812092,1294,0,1294,-19,0,104,0,0
6,700,21.000000,10000.000000,0,5,1812095,1295,0,1295,-19,0,104,0,0
6,700,21.000000,10000.000000,0,5,1812098,1296,0,1296,-19,0,104,0,0
6,700,21.000000,10000.000000,0,5,1812101,1297,0,1297,-19,0,104,0,0
6,700,21.000000,10000.000000,0,5,1812104,1298,0,1298,-19,0,104,0,0
6,700,21.000000,10000.000000,0,5,1812107,1298,0,1298,-19,0,104,0,0
6,700,21.000000,10000.000000,0,5,1812109,1298,0,1298,-20,0,104,0,0
6,700,21.000000,10000.000000,0,5,1812112,1299,0,1299,-21,0,104,0,0
6,700,21.000000,10000.000000,0,5,1812115,1299,0,1299,-21,0,104,0,0
6,700,21.000000,10000.000000,0,5,1812118,1299,0,1299,-21,0,104,0,0
6,700,21.000000,10000.000000,0,5,1812120,1299,0,1299,-21,0,104,0,0
6,700,21.000000,10000.000000,0,5,1812123,1299,0,1299,-21,0,104,0,0
6,700,21.000000,10000.000000,0,5,1812126,1299,0,1299,-21,0,104,0,0
6,700,21.000000,10000.000000,0,5,1812129,1299,0,1299,-21,0,104,0,0
6,700,21.000000,10000.000000,0,5,1812131,1299,0,1299,-21,0,104,0,0
6,700,21.000000,10000.000000,0,5,1812134,1299,0,1299,-21,0,104,0,0
6,700,21.000000,10000.000000,0,5,1812137,1299,0,1299,-21,0,104,0,0
6,700,21.000000,10000.000000,0,5,1812140,1299,0,1299,-21,0,104,0,0
6,700,21.000000,10000.000000,0,5,1812143,1299,0,1299,-21,0,104,0,0
6,700,21.000000,10000.000000,0,5,1812145,1299,0,1299,-21,0,104,0,0
6,700,21.000000,10000.000000,0,5,1812148,1299,0,1299,-21,0,104,0,0
6,700,21.000000,10000.000000,0,5,1812151,1299,0,1299,-21,0,104,0,0
6,700,21.000000,10000.000000,0,5,1812154,1299,0,1299,-21,0,104,0,0
6,700,21.000000,10000.000000,0,5,1812156,1299,0,1299,-21,0,104,0,0
6,700,21.000000,10000.000000,0,5,1812159,1299,0,1299,-21,0,104,0,0
6,700,21.000000,10000.000000,0,5,1812162,1299,0,1299,-21,0,104,0,0
6,700,21.000000,10000.000000,0,5,1812165,1299,0,1299,-21,0,104,0,0
6,700,21.000000,10000.000000,0,5,1812168,1299,0,1299,-21,0,104,0,0
6,700,21.000000,10000.000000,0,5,1812170,1299,0,1299,-21,0,104,0,0
6,700,21.000000,10000.000000,0,5,1812173,1299,0,1299,-21,0,104,0,0
6,700,21.000000,10000.000000,0,5,1812176,1299,0,1299,-21,0,104,0,0
6,700,21.000000,10000.000000,0,5,1812179,1299,0,1299,-21,0,104,0,0
6,700,21.000000,10000.000000,0,5,1812181,1299,0,1299,-21,0,104,0,0
6,700,21.000000,10000.000000,0,5,1812184,1299,0,1299,-21,0,104,0,0
6,700,21.000000,10000.000000,0,5,1812187,1299,0,1299,-21,0,104,0,0
6,700,21.000000,10000.000000,0,5,1812190,1299,0,1299,-21,0,104,0,0
6,700,21.000000,10000.000000,0,5,1812192,1300,0,1300,-21,0,104,0,0
6,700,21.000000,10000.000000,0,5,1812195,1301,0,1301,-21,0,104,0,0
6,700,21.000000,10000.000000,0,5,1812198,1301,0,1301,-21,0,104,0,0
6,700,21.000000,10000.000000,0,5,1812201,1301,0,1301,-21,0,104,0,0
6,700,21.000000,10000.000000,0,5,1812204,1301,0,1301,-21,0,104,0,0
6,700,21.000000,10000.000000,0,5,1812206,1301,0,1301,-21,0,104,0,0
6,700,21.000000,10000.000000,0,5,1812209,1302,0,1302,-21,0,104,0,0
6,700,21.000000,10000.000000,0,5,1812212,1302,0,1302,-21,0,104,0,0
6,700,21.000000,10000.000000,0,5,1812215,1302,0,1302,-21,0,104,0,0
6,700,21.000000,10000.000000,0,5,1812217,1302,0,1302,-21,0,104,0,0
6,700,21.000000,10000.000000,0,5,1812220,1303,0,1303,-21,0,104,0,0
6,700,21.000000,10000.000000,0,5,1812223,1303,0,1303,-21,0,104,0,0
6,700,21.000000,10000.000000,0,5,1812226,1303,0,1303,-21,0,104,0,0
6,700,21.000000,10000.000000,0,5,1812229,1303,0,1303,-21,0,104,0,0
6,700,21.000000,10000.000000,0,5,1812231,1303,0,1303,-21,0,104,0,0
6,700,21.000000,10000.000000,0,5,1812234,1303,0,1303,-21,0,104,0,0
6,700,21.000000,10000.000000,0,5,1812237,1303,0,1303,-21,0,104,0,0
6,700,21.000000,10000.000000,0,5,1812240,1303,0,1303,-21,0,104,0,0
6,700,21.000000,10000.000000,0,5,1812242,1303,0,1303,-21,0,104,0,0
6,700,21.000000,10000.000000,0,5,1812245,1303,0,1303,-21,0,104,0,0
6,700,21.000000,10000.000000,0,5,1812248,1303,0,1303,-21,0,104,0,0
6,700,21.000000,10000.000000,0,5,1812251,1303,0,1303,-21,0,104,0,0
6,700,21.000000,10000.000000,0,5,1812254,1303,0,1303,-22,0,104,0,0
6,700,21.000000,10000.000000,0,5,1812256,1304,0,1304,-22,0,104,0,0
6,700,21.000000,10000.000000,0,5,1812259,1305,0,1305,-22,0,104,0,0
6,700,21.000000,10000.000000,0,5,1812262,1305,0,1305,-22,0,104,0,0
6,700,21.000000,10000.000000,0,5,1812265,1305,0,1305,-22,0,104,0,0
6,700,21.000000,10000.000000,0,5,1812267,1306,0,1306,-22,0,104,0,0
6,700,21.000000,10000.000000,0,5,1812270,1307,0,1307,-22,0,104,0,0
6,700,21.000000,10000.000000,0,5,1812273,1307,0,1307,-22,0,104,0,0
6,700,21.000000,10000.000000,0,5,1812276,1307,0,1307,-22,0,104,0,0
6,700,21.000000,10000.000000,0,5,1812279,1308,0,1308,-22,0,104,0,0
6,700,21.000000,10000.000000,0,5,1812282,1308,0,1308,-22,0,104,0,0
6,700,21.000000,10000.000000,0,5,1812284,1309,0,1309,-22,0,104,0,0
6,700,21.000000,10000.000000,0,5,1812287,1310,0,1310,-22,0,104,0,0
6,700,21.000000,10000.000000,0,5,1812290,1310,0,1310,-22,0,104,0,0
6,700,21.000000,10000.000000,0,5,1812293,1310,0,1310,-22,0,104,0,0
6,700,21.000000,10000.000000,0,5,1812295,1310,0,1310,-22,0,104,0,0
6,700,21.000000,10000.000000,0,5,1812298,1310,0,1310,-22,0,104,0,0
6,700,21.000000,10000.000000,0,5,1812301,1310,0,1310,-22,0,104,0,0
6,700,21.000000,10000.000000,0,5,1812304,1310,0,1310,-22,0,104,0,0
6,700,21.000000,10000.000000,0,5,1812306,1310,0,1310,-22,0,104,0,0
6,700,21.000000,10000.000000,0,5,1812309,1310,0,1310,-22,0,104,0,0
6,700,21.000000,10000.000000,0,5,1812312,1310,0,1310,-22,0,104,0,0
6,700,21.000000,10000.000000,0,5,1812315,1310,0,1310,-22,0,104,0,0
6,700,21.000000,10000.000000,0,5,1812317,1310,0,1310,-22,0,104,0,0
6,700,21.000000,10000.000000,0,5,1812320,1310,0,1310,-22,0,104,0,0
6,700,21.000000,10000.000000,0,5,1812323,1311,0,1311,-22,0,104,0,0
6,700,21.000000,10000.000000,0,5,1812326,1312,0,1312,-22,0,104,0,0
6,700,21.000000,10000.000000,0,5,1812329,1312,0,1312,-22,0,104,0,0
6,700,21.000000,10000.000000,0,5,1812332,1312,0,1312,-22,0,104,0,0
6,700,21.000000,10000.000000,0,5,1812334,1312,0,1312,-22,0,104,0,0
6,700,21.000000,10000.000000,0,5,1812337,1312,0,1312,-22,0,104,0,0
6,700,21.000000,10000.000000,0,5,1812340,1312,0,1312,-22,0,104,0,0
6,700,21.000000,10000.000000,0,5,1812343,1312,0,1312,-22,0,104,0,0
6,700,21.000000,10000.000000,0,5,1812346,1312,0,1312,-22,0,104,0,0
6,700,21.000000,10000.000000,0,5,1812348,1312,0,1312,-22,0,104,0,0
6,700,21.000000,10000.000000,0,5,1812351,1312,0,1312,-22,0,104,0,0
6,700,21.000000,10000.000000,0,5,1812354,1312,0,1312,-22,0,104,0,0
6,700,21.000000,10000.000000,0,5,1812356,1312,0,1312,-22,0,104,0,0
6,700,21.000000,10000.000000,0,5,1812359,1312,0,1312,-22,0,104,0,0
6,700,21.000000,10000.000000,0,5,1812362,1312,0,1312,-22,0,104,0,0
6,700,21.000000,10000.000000,0,5,1812365,1312,0,1312,-22,0,104,0,0
6,700,21.000000,10000.000000,0,5,1812367,1312,0,1312,-22,0,104,0,0
6,700,21.000000,10000.000000,0,5,1812370,1312,0,1312,-22,0,104,0,0
6,700,21.000000,10000.000000,0,5,1812373,1312,0,1312,-22,0,104,0,0
6,700,21.000000,10000.000000,0,5,1812376,1312,0,1312,-22,0,104,0,0
6,700,21.000000,10000.000000,0,5,1812379,1312,0,1312,-22,0,104,0,0
6,700,21.000000,10000.000000,0,5,1812381,1312,0,1312,-22,0,104,0,0
6,700,21.000000,10000.000000,0,5,1812384,1312,0,1312,-22,0,104,0,0
6,700,21.000000,10000.000000,0,5,1812387,1312,0,1312,-22,0,104,0,0
6,700,21.000000,10000.000000,0,5,1812390,1312,0,1312,-22,0,104,0,0
6,700,21.000000,10000.000000,0,5,1812392,1312,0,1312,-22,0,104,0,0
6,700,21.000000,10000.000000,0,5,1812395,1312,0,1312,-22,0,104,0,0
6,700,21.000000,10000.000000,0,5,1812398,1312,0,1312,-22,0,104,0,0
6,700,21.000000,10000.000000,0,5,1812412,1312,0,1312,-22,0,104,0,0
