6,350,21.000000,0.000000,1,2,437981,781,0,781,0,0,13,2,0
6,350,21.000000,0.000000,1,2,437982,781,0,781,0,0,13,2,0
6,350,21.000000,0.000000,1,2,437985,781,0,781,0,0,13,2,0
6,350,21.000000,0.000000,1,2,437987,781,0,781,0,0,13,2,0
6,350,21.000000,0.000000,1,2,437990,781,0,781,0,0,13,2,0
6,350,21.000000,0.000000,1,2,437993,781,0,781,0,0,13,2,0
6,350,21.000000,0.000000,1,2,437996,781,0,781,0,0,13,2,0
6,350,21.000000,0.000000,1,2,437999,781,0,781,0,0,13,2,0
6,350,21.000000,0.000000,1,2,438001,781,0,781,0,0,13,2,0
6,350,21.000000,0.000000,1,2,438004,781,0,781,0,0,13,2,0
6,350,21.000000,0.000000,1,2,438007,781,0,781,0,0,13,2,0
6,350,21.000000,0.000000,1,2,438010,781,0,781,0,0,13,2,0
6,350,21.000000,0.000000,1,2,438013,781,0,781,0,0,13,2,0
6,350,21.000000,0.000000,1,2,438015,781,0,781,0,0,13,2,0
6,350,21.000000,0.000000,1,2,438018,781,0,781,0,0,13,2,0
6,350,21.000000,0.000000,1,2,438021,781,0,781,0,0,13,2,0
6,350,21.000000,0.000000,1,2,438024,781,0,781,0,0,13,2,0
6,350,21.000000,0.000000,1,2,438027,781,0,781,0,0,13,2,0
6,350,21.000000,0.000000,1,2,438029,781,0,781,0,0,13,2,0
6,350,21.000000,0.000000,1,2,438032,781,0,781,0,0,13,2,0
6,350,21.000000,0.000000,1,2,438035,781,0,781,0,0,13,2,0
6,350,21.000000,0.000000,1,2,438037,781,0,781,0,0,13,2,0
6,350,21.000000,0.000000,1,2,438040,781,0,781,0,0,13,2,0
6,350,21.000000,0.000000,1,2,438043,781,0,781,0,0,13,2,0
6,350,21.000000,0.000000,1,2,438046,781,0,781,0,0,13,2,0
6,350,21.000000,0.000000,1,2,438049,781,0,781,0,0,13,2,0
6,350,21.000000,0.000000,1,2,438051,781,0,781,0,0,13,2,0
6,350,21.000000,0.000000,1,2,438054,781,0,781,0,0,13,2,0
6,350,21.000000,0.000000,1,2,438057,781,0,781,0,0,13,2,0
6,350,21.000000,0.000000,1,2,438059,781,0,781,0,0,13,2,0
6,350,21.000000,0.000000,1,2,438063,781,0,781,0,0,13,2,0
6,350,21.000000,0.000000,1,2,438065,781,0,781,0,0,13,2,0
6,350,21.000000,0.000000,1,2,438068,782,0,782,0,0,13,2,0
6,350,21.000000,0.000000,1,2,438071,784,0,784,0,0,13,2,0
6,350,21.000000,0.000000,1,2,438074,785,0,785,0,0,13,2,0
6,350,21.000000,0.000000,1,2,438077,786,1,786,1,0,13,2,0
6,350,21.000000,0.000000,1,2,438079,787,1,787,1,0,13,2,0
6,350,21.000000,0.000000,1,2,438082,788,1,788,1,0,13,2,0
6,350,21.000000,0.000000,1,2,438085,790,1,790,1,0,13,2,0
6,350,21.000000,0.000000,1,2,438088,792,1,792,1,0,13,2,0
6,350,21.000000,0.000000,1,2,438090,794,1,794,1,0,13,2,0
6,350,21.000000,0.000000,1,2,438093,796,1,796,1,0,13,2,0
6,350,21.000000,0.000000,1,2,438096,798,2,798,2,0,13,2,0
6,350,21.000000,0.000000,1,2,438099,801,2,801,2,0,13,2,0
6,350,21.000000,0.000000,1,2,438102,804,2,804,2,0,13,2,0
6,350,21.000000,0.000000,1,2,438104,807,3,807,3,0,13,2,0
6,350,21.000000,0.000000,1,2,438107,810,3,810,3,0,13,2,0
6,350,21.000000,0.000000,1,2,438110,814,3,814,3,0,13,2,0
6,350,21.000000,0.000000,1,2,438113,817,4,817,4,0,13,2,0
6,350,21.000000,0.000000,1,2,438115,821,4,821,4,0,13,2,0
6,350,21.000000,0.000000,1,2,438118,824,5,824,5,0,13,2,0
6,350,21.000000,0.000000,1,2,438121,831,6,831,6,0,13,2,0
6,350,21.000000,0.000000,1,2,438124,835,7,835,7,0,13,2,0
6,350,21.000000,0.000000,1,2,438127,838,8,838,8,0,13,2,0
6,350,21.000000,0.000000,1,2,438129,843,8,843,8,0,13,2,0
6,350,21.000000,0.000000,1,2,438132,848,10,848,10,0,13,2,0
6,350,21.000000,0.000000,1,2,438135,852,11,852,11,0,13,2,0
6,350,21.000000,0.000000,1,2,438138,855,11,855,11,0,13,2,0
6,350,21.000000,0.000000,1,2,438141,860,12,860,12,0,13,2,0
6,350,21.000000,0.000000,1,2,438143,864,13,864,13,0,13,2,0
6,350,21.000000,0.000000,1,2,438146,868,13,868,13,0,13,2,0
6,350,21.000000,0.000000,1,2,438149,872,14,872,14,0,13,2,0
6,350,21.000000,0.000000,1,2,438152,879,15,879,15,0,13,2,0
6,350,21.000000,0.000000,1,2,438154,884,15,884,15,0,13,2,0
6,350,21.000000,0.000000,1,2,438157,889,16,889,16,0,13,2,0
6,350,21.000000,0.000000,1,2,438160,893,16,893,16,0,13,2,0
6,350,21.000000,0.000000,1,2,438163,896,17,896,17,0,13,2,0
6,350,21.000000,0.000000,1,2,438165,901,17,901,17,0,13,2,0
6,350,21.000000,0.000000,1,2,438168,906,17,906,17,0,13,2,0
6,350,21.000000,0.000000,1,2,438171,910,17,910,17,0,13,2,0
6,350,21.000000,0.000000,1,2,438174,914,18,914,18,0,13,2,0
6,350,21.000000,0.000000,1,2,438177,919,19,919,19,0,13,2,0
6,350,21.000000,0.000000,1,2,438180,925,20,925,20,0,13,2,0
6,350,21.000000,0.000000,1,2,438182,929,20,929,20,0,13,2,0
6,350,21.000000,0.000000,1,2,438185,934,20,934,20,0,13,2,0
6,350,21.000000,0.000000,1,2,438188,937,20,937,20,0,13,2,0
6,350,21.000000,0.000000,1,2,438191,942,21,942,21,0,13,2,0
6,350,21.000000,0.000000,1,2,438193,946,21,946,21,0,13,2,0
6,350,21.000000,0.000000,1,2,438196,950,22,950,22,0,13,2,0
6,350,21.000000,0.000000,1,2,438199,953,22,953,22,0,13,2,0
6,350,21.000000,0.000000,1,2,438202,957,22,957,22,0,13,2,0
6,350,21.000000,0.000000,1,2,438204,964,23,964,23,0,13,2,0
6,350,21.000000,0.000000,1,2,438207,968,23,968,23,0,13,2,0
6,350,21.000000,0.000000,1,2,438210,971,23,971,23,0,13,2,0
6,350,21.000000,0.000000,1,2,438213,976,24,976,24,0,13,2,0
6,350,21.000000,0.000000,1,2,438216,981,24,981,24,0,13,2,0
6,350,21.000000,0.000000,1,2,438218,986,25,986,25,0,13,2,0
6,350,21.000000,0.000000,1,2,438221,988,25,988,25,0,13,2,0
6,350,21.000000,0.000000,1,2,438224,993,25,993,25,0,13,2,0
6,350,21.000000,0.000000,1,2,438227,997,25,997,25,0,13,2,0
6,350,21.000000,0.000000,1,2,438230,1001,25,1001,25,0,13,2,0
6,350,21.000000,0.000000,1,2,438232,1006,25,1006,25,0,13,2,0
6,350,21.000000,0.000000,1,2,438235,1009,25,1009,25,0,13,2,0
6,350,21.000000,0.000000,1,2,438238,1013,25,1013,25,0,13,2,0
6,350,21.000000,0.000000,1,2,438241,1016,26,1016,26,0,13,2,0
6,350,21.000000,0.000000,1,2,438243,1019,26,1019,26,0,13,2,0
6,350,21.000000,0.000000,1,2,438246,1020,26,1020,26,0,13,2,0
6,350,21.000000,0.000000,1,2,438249,1022,27,1022,27,0,13,2,0
6,350,21.000000,0.000000,1,2,438251,1025,27,1025,27,0,13,2,0
6,350,21.000000,0.000000,1,2,438254,1026,27,1026,27,0,13,2,0
6,350,21.000000,0.000000,1,2,438257,1027,27,1027,27,0,13,2,0
6,350,21.000000,0.000000,1,2,438260,1029,27,1029,27,0,13,2,0
6,350,21.000000,0.000000,1,2,438262,1031,27,1031,27,0,13,2,0
6,350,21.000000,0.000000,1,2,438265,1033,27,1033,27,0,13,2,0
6,350,21.000000,0.000000,1,2,438268,1036,27,1036,27,0,13,2,0
6,350,21.000000,0.000000,1,2,438271,1038,27,1038,27,0,13,2,0
6,350,21.000000,0.000000,1,2,438273,1040,27,1040,27,0,13,2,0
6,350,21.000000,0.000000,1,2,438276,1042,27,1042,27,0,13,2,0
6,350,21.000000,0.000000,1,2,438279,1045,27,1045,27,0,13,2,0
6,350,21.000000,0.000000,1,2,438282,1048,27,1048,27,0,13,2,0
6,350,21.000000,0.000000,1,2,438285,1050,27,1050,27,0,13,2,0
6,350,21.000000,0.000000,1,2,438287,1053,27,1053,27,0,13,2,0
6,350,21.000000,0.000000,1,2,438290,1055,27,1055,27,0,13,2,0
6,350,21.000000,0.000000,1,2,438293,1058,27,1058,27,0,13,2,0
6,350,21.000000,0.000000,1,2,438296,1061,27,1061,27,0,13,2,0
6,350,21.000000,0.000000,1,2,438298,1063,27,1063,27,0,13,2,0
6,350,21.000000,0.000000,1,2,438301,1066,27,1066,27,0,13,2,0
6,350,21.000000,0.000000,1,2,438304,1067,27,1067,27,0,13,2,0
6,350,21.000000,0.000000,1,2,438307,1069,27,1069,27,0,13,2,0
6,350,21.000000,0.000000,1,2,438310,1071,27,1071,27,0,13,2,0
6,350,21.000000,0.000000,1,2,438312,1072,27,1072,27,0,13,2,0
6,350,21.000000,0.000000,1,2,438315,1074,27,1074,27,0,13,2,0
6,350,21.000000,0.000000,1,2,438318,1076,27,1076,27,0,13,2,0
6,350,21.000000,0.000000,1,2,438321,1078,27,1078,27,0,13,2,0
6,350,21.000000,0.000000,1,2,438323,1080,26,1080,26,0,13,2,0
6,350,21.000000,0.000000,1,2,438326,1082,26,1082,26,0,13,2,0
6,350,21.000000,0.000000,1,2,438329,1084,26,1084,26,0,13,2,0
6,350,21.000000,0.000000,1,2,438332,1085,25,1085,25,0,13,2,0
6,350,21.000000,0.000000,1,2,438335,1086,25,1086,25,0,13,2,0
6,350,21.000000,0.000000,1,2,438337,1088,25,1088,25,0,13,2,0
6,350,21.000000,0.000000,1,2,438340,1089,25,1089,25,0,13,2,0
6,350,21.000000,0.000000,1,2,438343,1090,25,1090,25,0,13,2,0
6,350,21.000000,0.000000,1,2,438346,1091,25,1091,25,0,13,2,0
6,350,21.000000,0.000000,1,2,438348,1092,25,1092,25,0,13,2,0
6,350,21.000000,0.000000,1,2,438351,1094,25,1094,25,0,13,2,0
6,350,21.000000,0.000000,1,2,438354,1095,24,1095,24,0,13,2,0
6,350,21.000000,0.000000,1,2,438357,1096,23,1096,23,0,13,2,0
6,350,21.000000,0.000000,1,2,438360,1098,23,1098,23,0,13,2,0
6,350,21.000000,0.000000,1,2,438362,1099,23,1099,23,0,13,2,0
6,350,21.000000,0.000000,1,2,438365,1101,23,1101,23,0,13,2,0
6,350,21.000000,0.000000,1,2,438368,1102,23,1102,23,0,13,2,0
6,350,21.000000,0.000000,1,2,438371,1103,23,1103,23,0,13,2,0
6,350,21.000000,0.000000,1,2,438374,1104,23,1104,23,0,13,2,0
6,350,21.000000,0.000000,1,2,438377,1106,23,1106,23,0,13,2,0
6,350,21.000000,0.000000,1,2,438380,1108,23,1108,23,0,13,2,0
6,350,21.000000,0.000000,1,2,438383,1109,23,1109,23,0,13,2,0
6,350,21.000000,0.000000,1,2,438386,1110,23,1110,23,0,13,2,0
6,350,21.000000,0.000000,1,2,438388,1112,23,1112,23,0,13,2,0
6,350,21.000000,0.000000,1,2,438391,1114,23,1114,23,0,13,2,0
6,350,21.000000,0.000000,1,2,438394,1116,23,1116,23,0,13,2,0
6,350,21.000000,0.000000,1,2,438397,1117,23,1117,23,0,13,2,0
6,350,21.000000,0.000000,1,2,438400,1119,23,1119,23,0,13,2,0
6,350,21.000000,0.000000,1,2,438403,1119,23,1119,23,0,13,2,0
6,350,21.000000,0.000000,1,2,438405,1120,23,1120,23,0,13,2,0
6,350,21.000000,0.000000,1,2,438408,1121,23,1121,23,0,13,2,0
6,350,21.000000,0.000000,1,2,438411,1122,23,1122,23,0,13,2,0
6,350,21.000000,0.000000,1,2,438413,1123,23,1123,23,0,13,2,0
6,350,21.000000,0.000000,1,2,438416,1123,22,1123,22,0,13,2,0
6,350,21.000000,0.000000,1,2,438419,1124,22,1124,22,0,13,2,0
6,350,21.000000,0.000000,1,2,438421,1125,22,1125,22,0,13,2,0
6,350,21.000000,0.000000,1,2,438424,1126,22,1126,22,0,13,2,0
6,350,21.000000,0.000000,1,2,438427,1127,22,1127,22,0,13,2,0
6,350,21.000000,0.000000,1,2,438429,1127,22,1127,22,0,13,2,0
6,350,21.000000,0.000000,1,2,438432,1127,22,1127,22,0,13,2,0
6,350,21.000000,0.000000,1,2,438435,1127,22,1127,22,0,13,2,0
6,350,21.000000,0.000000,1,2,438438,1127,22,1127,22,0,13,2,0
6,350,21.000000,0.000000,1,2,438441,1127,22,1127,22,0,13,2,0
6,350,21.000000,0.000000,1,2,438443,1127,22,1127,22,0,13,2,0
6,350,21.000000,0.000000,1,2,438446,1127,22,1127,22,0,13,2,0
6,350,21.000000,0.000000,1,2,438449,1127,22,1127,22,0,13,2,0
6,350,21.000000,0.000000,1,2,438452,1127,22,1127,22,0,13,2,0
6,350,21.000000,0.000000,1,2,438455,1127,22,1127,22,0,13,2,0
6,350,21.000000,0.000000,1,2,438457,1127,22,1127,22,0,13,2,0
6,350,21.000000,0.000000,1,2,438460,1127,22,1127,22,0,13,2,0
6,350,21.000000,0.000000,1,2,438463,1127,22,1127,22,0,13,2,0
6,350,21.000000,0.000000,1,2,438466,1128,22,1128,22,0,13,2,0
6,350,21.000000,0.000000,1,2,438468,1129,22,1129,22,0,13,2,0
6,350,21.000000,0.000000,1,2,438471,1129,21,1129,21,0,13,2,0
6,350,21.000000,0.000000,1,2,438474,1129,20,1129,20,0,13,2,0
6,350,21.000000,0.000000,1,2,438477,1129,20,1129,20,0,13,2,0
6,350,21.000000,0.000000,1,2,438480,1129,20,1129,20,0,13,2,0
6,350,21.000000,0.000000,1,2,438482,1130,20,1130,20,0,13,2,0
6,350,21.000000,0.000000,1,2,438485,1131,20,1131,20,0,13,2,0
6,350,21.000000,0.000000,1,2,438488,1131,20,1131,20,0,13,2,0
6,350,21.000000,0.000000,1,2,438491,1132,20,1132,20,0,13,2,0
6,350,21.000000,0.000000,1,2,438493,1133,20,1133,20,0,13,2,0
6,350,21.000000,0.000000,1,2,438496,1134,20,1134,20,0,13,2,0
6,350,21.000000,0.000000,1,2,438499,1134,19,1134,19,0,13,2,0
6,350,21.000000,0.000000,1,2,438502,1134,18,1134,18,0,13,2,0
6,350,21.000000,0.000000,1,2,438505,1134,18,1134,18,0,13,2,0
6,350,21.000000,0.000000,1,2,438507,1134,18,1134,18,0,13,2,0
6,350,21.000000,0.000000,1,2,438510,1134,18,1134,18,0,13,2,0
6,350,21.000000,0.000000,1,2,438513,1134,18,1134,18,0,13,2,0
6,350,21.000000,0.000000,1,2,438516,1134,18,1134,18,0,13,2,0
6,350,21.000000,0.000000,1,2,438518,1134,18,1134,18,0,13,2,0
6,350,21.000000,0.000000,1,2,438521,1134,18,1134,18,0,13,2,0
6,350,21.000000,0.000000,1,2,438524,1134,18,1134,18,0,13,2,0
6,350,21.000000,0.000000,1,2,438527,1134,18,1134,18,0,13,2,0
6,350,21.000000,0.000000,1,2,438529,1134,18,1134,18,0,13,2,0
6,350,21.000000,0.000000,1,2,438532,1134,18,1134,18,0,13,2,0
6,350,21.000000,0.000000,1,2,438535,1134,18,1134,18,0,13,2,0
6,350,21.000000,0.000000,1,2,438538,1134,18,1134,18,0,13,2,0
6,350,21.000000,0.000000,1,2,438541,1134,18,1134,18,0,13,2,0
6,350,21.000000,0.000000,1,2,438543,1134,18,1134,18,0,13,2,0
6,350,21.000000,0.000000,1,2,438546,1134,18,1134,18,0,13,2,0
6,350,21.000000,0.000000,1,2,438549,1134,18,1134,18,0,13,2,0
6,350,21.000000,0.000000,1,2,438551,1134,18,1134,18,0,13,2,0
6,350,21.000000,0.000000,1,2,438554,1134,18,1134,18,0,13,2,0
6,350,21.000000,0.000000,1,2,438557,1134,18,1134,18,0,13,2,0
6,350,21.000000,0.000000,1,2,438560,1134,18,1134,18,0,13,2,0
6,350,21.000000,0.000000,1,2,438562,1134,18,1134,18,0,13,2,0
6,350,21.000000,0.000000,1,2,438565,1134,18,1134,18,0,13,2,0
6,350,21.000000,0.000000,1,2,438568,1134,18,1134,18,0,13,2,0
6,350,21.000000,0.000000,1,2,438571,1134,18,1134,18,0,13,2,0
6,350,21.000000,0.000000,1,2,438574,1134,18,1134,18,0,13,2,0
6,350,21.000000,0.000000,1,2,438576,1134,18,1134,18,0,13,2,0
6,350,21.000000,0.000000,1,2,438579,1134,18,1134,18,0,13,2,0
6,350,21.000000,0.000000,1,2,438582,1134,18,1134,18,0,13,2,0
6,350,21.000000,0.000000,1,2,438585,1134,18,1134,18,0,13,2,0
6,350,21.000000,0.000000,1,2,438587,1134,18,1134,18,0,13,2,0
6,350,21.000000,0.000000,1,2,438590,1134,18,1134,18,0,13,2,0
6,350,21.000000,0.000000,1,2,438593,1134,18,1134,18,0,13,2,0
6,350,21.000000,0.000000,1,2,438596,1134,18,1134,18,0,13,2,0
6,350,21.000000,0.000000,1,2,438599,1134,18,1134,18,0,13,2,0
6,350,21.000000,0.000000,1,2,438601,1134,18,1134,18,0,13,2,0
6,350,21.000000,0.000000,1,2,438604,1134,18,1134,18,0,13,2,0
6,350,21.000000,0.000000,1,2,438607,1135,18,1135,18,0,13,2,0
6,350,21.000000,0.000000,1,2,438610,1136,18,1136,18,0,13,2,0
6,350,21.000000,0.000000,1,2,438613,1136,18,1136,18,0,13,2,0
6,350,21.000000,0.000000,1,2,438615,1136,18,1136,18,0,13,2,0
6,350,21.000000,0.000000,1,2,438618,1136,18,1136,18,0,13,2,0
6,350,21.000000,0.000000,1,2,438621,1136,18,1136,18,0,13,2,0
6,350,21.000000,0.000000,1,2,438624,1136,18,1136,18,0,13,2,0
6,350,21.000000,0.000000,1,2,438627,1136,18,1136,18,0,13,2,0
6,350,21.000000,0.000000,1,2,438629,1136,18,1136,18,0,13,2,0
6,350,21.000000,0.000000,1,2,438632,1136,18,1136,18,0,13,2,0
6,350,21.000000,0.000000,1,2,438635,1136,18,1136,18,0,13,2,0
6,350,21.000000,0.000000,1,2,438638,1136,18,1136,18,0,13,2,0
6,350,21.000000,0.000000,1,2,438641,1136,18,1136,18,0,13,2,0
6,350,21.000000,0.000000,1,2,438643,1136,18,1136,18,0,13,2,0
6,350,21.000000,0.000000,1,2,438646,1136,18,1136,18,0,13,2,0
6,350,21.000000,0.000000,1,2,438649,1136,18,1136,18,0,13,2,0
6,350,21.000000,0.000000,1,2,438652,1136,18,1136,18,0,13,2,0
6,350,21.000000,0.000000,1,2,438654,1136,18,1136,18,0,13,2,0
6,350,21.000000,0.000000,1,2,438657,1136,18,1136,18,0,13,2,0
6,350,21.000000,0.000000,1,2,438660,1136,18,1136,18,0,13,2,0
6,350,21.000000,0.000000,1,2,438663,1136,18,1136,18,0,13,2,0
6,350,21.000000,0.000000,1,2,438666,1136,18,1136,18,0,13,2,0
6,350,21.000000,0.000000,1,2,438668,1136,18,1136,18,0,13,2,0
6,350,21.000000,0.000000,1,2,438671,1136,18,1136,18,0,13,2,0
6,350,21.000000,0.000000,1,2,438674,1136,18,1136,18,0,13,2,0
6,350,21.000000,0.000000,1,2,438676,1136,18,1136,18,0,13,2,0
6,350,21.000000,0.000000,1,2,438679,1136,18,1136,18,0,13,2,0
6,350,21.000000,0.000000,1,2,438682,1136,18,1136,18,0,13,2,0
6,350,21.000000,0.000000,1,2,438694,1136,18,1136,18,0,13,2,0
