6,350,21.000000,0.000000,0,0,19232632,789,0,789,0,0,1,8
6,350,21.000000,0.000000,0,0,19232633,789,0,789,0,0,1,8
6,350,21.000000,0.000000,0,0,19232636,789,0,789,0,0,1,8
6,350,21.000000,0.000000,0,0,19232639,789,0,789,0,0,1,8
6,350,21.000000,0.000000,0,0,19232641,789,0,789,0,0,1,8
6,350,21.000000,0.000000,0,0,19232644,789,0,789,0,0,1,8
6,350,21.000000,0.000000,0,0,19232647,789,0,789,0,0,1,8
6,350,21.000000,0.000000,0,0,19232650,789,0,789,0,0,1,8
6,350,21.000000,0.000000,0,0,19232653,789,0,789,0,0,1,8
6,350,21.000000,0.000000,0,0,19232655,789,0,789,0,0,1,8
6,350,21.000000,0.000000,0,0,19232658,789,0,789,0,0,1,8
6,350,21.000000,0.000000,0,0,19232661,789,0,789,0,0,1,8
6,350,21.000000,0.000000,0,0,19232663,789,0,789,0,0,1,8
6,350,21.000000,0.000000,0,0,19232666,789,0,789,0,0,1,8
6,350,21.000000,0.000000,0,0,19232669,789,0,789,0,0,1,8
6,350,21.000000,0.000000,0,0,19232672,789,0,789,0,0,1,8
6,350,21.000000,0.000000,0,0,19232674,789,0,789,0,0,1,8
6,350,21.000000,0.000000,0,0,19232677,789,0,789,0,0,1,8
6,350,21.000000,0.000000,0,0,19232680,789,0,789,0,0,1,8
6,350,21.000000,0.000000,0,0,19232683,789,0,789,0,0,1,8
6,350,21.000000,0.000000,0,0,19232686,789,0,789,0,0,1,8
6,350,21.000000,0.000000,0,0,19232688,790,0,790,0,0,1,8
6,350,21.000000,0.000000,0,0,19232691,791,0,791,0,0,1,8
6,350,21.000000,0.000000,0,0,19232694,791,0,791,0,0,1,8
6,350,21.000000,0.000000,0,0,19232697,791,0,791,0,0,1,8
6,350,21.000000,0.000000,0,0,19232700,791,0,791,0,0,1,8
6,350,21.000000,0.000000,0,0,19232702,791,0,791,0,0,1,8
6,350,21.000000,0.000000,0,0,19232705,791,0,791,0,0,1,8
6,350,21.000000,0.000000,0,0,19232708,791,0,791,0,0,1,8
6,350,21.000000,0.000000,0,0,19232711,791,0,791,0,0,1,8
6,350,21.000000,0.000000,0,0,19232714,791,0,791,0,0,1,8
6,350,21.000000,0.000000,0,0,19232716,791,0,791,0,0,1,8
6,350,21.000000,0.000000,0,0,19232719,791,0,791,0,0,1,8
6,350,21.000000,0.000000,0,0,19232722,791,0,791,0,0,1,8
6,350,21.000000,0.000000,0,0,19232725,791,0,791,0,0,1,8
6,350,21.000000,0.000000,0,0,19232727,791,0,791,0,0,1,8
6,350,21.000000,0.000000,0,0,19232730,791,0,791,0,0,1,8
6,350,21.000000,0.000000,0,0,19232733,791,0,791,0,0,1,8
6,350,21.000000,0.000000,0,0,19232736,791,0,791,0,0,1,8
6,350,21.000000,0.000000,0,0,19232739,791,0,791,0,0,1,8
6,350,21.000000,0.000000,0,0,19232741,791,0,791,0,0,1,8
6,350,21.000000,0.000000,0,0,19232744,791,0,791,0,0,1,8
6,350,21.000000,0.000000,0,0,19232747,791,0,791,0,0,1,8
6,350,21.000000,0.000000,0,0,19232750,791,0,791,0,0,1,8
6,350,21.000000,0.000000,0,0,19232753,791,0,791,0,0,1,8
6,350,21.000000,0.000000,0,0,19232756,791,0,791,0,0,1,8
6,350,21.000000,0.000000,0,0,19232758,792,0,792,0,0,1,8
6,350,21.000000,0.000000,0,0,19232761,793,0,793,0,0,1,8
6,350,21.000000,0.000000,0,0,19232763,794,0,794,0,0,1,8
6,350,21.000000,0.000000,0,0,19232766,796,0,796,0,0,1,8
6,350,21.000000,0.000000,0,0,19232769,797,0,797,0,0,1,8
6,350,21.000000,0.000000,0,0,19232772,798,0,798,0,0,1,8
6,350,21.000000,0.000000,0,0,19232774,801,0,801,0,0,1,8
6,350,21.000000,0.000000,0,0,19232777,803,0,803,0,0,1,8
6,350,21.000000,0.000000,0,0,19232780,807,0,807,0,0,1,8
6,350,21.000000,0.000000,0,0,19232783,811,0,811,0,0,1,8
6,350,21.000000,0.000000,0,0,19232786,814,0,814,0,0,1,8
6,350,21.000000,0.000000,0,0,19232789,819,0,819,-1,0,1,8
6,350,21.000000,0.000000,0,0,19232791,823,0,823,-1,0,1,8
6,350,21.000000,0.000000,0,0,19232794,830,0,830,-1,0,1,8
6,350,21.000000,0.000000,0,0,19232797,834,0,834,-1,0,1,8
6,350,21.000000,0.000000,0,0,19232800,839,0,839,-1,0,1,8
6,350,21.000000,0.000000,0,0,19232802,847,0,847,-1,0,1,8
6,350,21.000000,0.000000,0,0,19232805,854,0,854,-1,0,1,8
6,350,21.000000,0.000000,0,0,19232808,859,0,859,-1,0,1,8
6,350,21.000000,0.000000,0,0,19232811,864,0,864,-1,0,1,8
6,350,21.000000,0.000000,0,0,19232814,871,0,871,-1,0,1,8
6,350,21.000000,0.000000,0,0,19232816,878,0,878,-1,0,1,8
6,350,21.000000,0.000000,0,0,19232819,885,0,885,-2,0,1,8
6,350,21.000000,0.000000,0,0,19232822,892,0,892,-3,0,1,8
6,350,21.000000,0.000000,0,0,19232825,901,0,901,-4,0,1,8
6,350,21.000000,0.000000,0,0,19232828,905,0,905,-4,0,1,8
6,350,21.000000,0.000000,0,0,19232830,912,0,912,-4,0,1,8
6,350,21.000000,0.000000,0,0,19232833,917,0,917,-6,0,1,8
6,350,21.000000,0.000000,0,0,19232836,923,0,923,-7,0,1,8
6,350,21.000000,0.000000,0,0,19232839,928,0,928,-9,0,1,8
6,350,21.000000,0.000000,0,0,19232841,933,0,933,-10,0,1,8
6,350,21.000000,0.000000,0,0,19232844,939,0,939,-11,0,1,8
6,350,21.000000,0.000000,0,0,19232847,943,0,943,-12,0,1,8
6,350,21.000000,0.000000,0,0,19232850,949,0,949,-14,0,1,8
6,350,21.000000,0.000000,0,0,19232852,955,0,955,-15,0,1,8
6,350,21.000000,0.000000,0,0,19232855,959,0,959,-15,0,1,8
6,350,21.000000,0.000000,0,0,19232858,963,0,963,-16,0,1,8
6,350,21.000000,0.000000,0,0,19232861,968,0,968,-17,0,1,8
6,350,21.000000,0.000000,0,0,19232864,973,0,973,-19,0,1,8
6,350,21.000000,0.000000,0,0,19232866,977,0,977,-20,0,1,8
6,350,21.000000,0.000000,0,0,19232869,983,0,983,-21,0,1,8
6,350,21.000000,0.000000,0,0,19232872,987,0,987,-22,0,1,8
6,350,21.000000,0.000000,0,0,19232875,992,0,992,-24,0,1,8
6,350,21.000000,0.000000,0,0,19232878,996,0,996,-25,0,1,8
6,350,21.000000,0.000000,0,0,19232880,1001,0,1001,-26,0,1,8
6,350,21.000000,0.000000,0,0,19232883,1006,0,1006,-27,0,1,8
6,350,21.000000,0.000000,0,0,19232886,1010,0,1010,-28,0,1,8
6,350,21.000000,0.000000,0,0,19232889,1017,0,1017,-29,0,1,8
6,350,21.000000,0.000000,0,0,19232892,1020,0,1020,-30,0,1,8
6,350,21.000000,0.000000,0,0,19232894,1023,0,1023,-31,0,1,8
6,350,21.000000,0.000000,0,0,19232897,1028,0,1028,-33,0,1,8
6,350,21.000000,0.000000,0,0,19232900,1030,0,1030,-33,0,1,8
6,350,21.000000,0.000000,0,0,19232903,1034,0,1034,-33,0,1,8
6,350,21.000000,0.000000,0,0,19232906,1038,0,1038,-33,0,1,8
6,350,21.000000,0.000000,0,0,19232908,1042,0,1042,-33,0,1,8
6,350,21.000000,0.000000,0,0,19232911,1044,0,1044,-34,0,1,8
6,350,21.000000,0.000000,0,0,19232913,1047,0,1047,-36,0,1,8
6,350,21.000000,0.000000,0,0,19232916,1050,0,1050,-36,0,1,8
6,350,21.000000,0.000000,0,0,19232919,1052,0,1052,-36,0,1,8
6,350,21.000000,0.000000,0,0,19232922,1054,0,1054,-36,0,1,8
6,350,21.000000,0.000000,0,0,19232925,1057,0,1057,-37,0,1,8
6,350,21.000000,0.000000,0,0,19232927,1059,0,1059,-37,0,1,8
6,350,21.000000,0.000000,0,0,19232930,1060,0,1060,-39,0,1,8
6,350,21.000000,0.000000,0,0,19232933,1063,0,1063,-40,0,1,8
6,350,21.000000,0.000000,0,0,19232936,1064,0,1064,-40,0,1,8
6,350,21.000000,0.000000,0,0,19232939,1065,0,1065,-40,0,1,8
6,350,21.000000,0.000000,0,0,19232941,1067,0,1067,-40,0,1,8
6,350,21.000000,0.000000,0,0,19232944,1068,0,1068,-40,0,1,8
6,350,21.000000,0.000000,0,0,19232947,1070,0,1070,-41,0,1,8
6,350,21.000000,0.000000,0,0,19232950,1071,0,1071,-41,0,1,8
6,350,21.000000,0.000000,0,0,19232953,1072,0,1072,-42,0,1,8
6,350,21.000000,0.000000,0,0,19232956,1073,0,1073,-42,0,1,8
6,350,21.000000,0.000000,0,0,19232958,1075,0,1075,-42,0,1,8
6,350,21.000000,0.000000,0,0,19232961,1076,0,1076,-42,0,1,8
6,350,21.000000,0.000000,0,0,19232964,1076,0,1076,-43,0,1,8
6,350,21.000000,0.000000,0,0,19232967,1078,0,1078,-44,0,1,8
6,350,21.000000,0.000000,0,0,19232969,1079,0,1079,-44,0,1,8
6,350,21.000000,0.000000,0,0,19232972,1081,0,1081,-44,0,1,8
6,350,21.000000,0.000000,0,0,19232975,1081,0,1081,-45,0,1,8
6,350,21.000000,0.000000,0,0,19232978,1082,0,1082,-45,0,1,8
6,350,21.000000,0.000000,0,0,19232980,1083,0,1083,-45,0,1,8
6,350,21.000000,0.000000,0,0,19232983,1084,0,1084,-45,0,1,8
6,350,21.000000,0.000000,0,0,19232986,1085,0,1085,-45,0,1,8
6,350,21.000000,0.000000,0,0,19232989,1087,0,1087,-45,0,1,8
6,350,21.000000,0.000000,0,0,19232992,1087,0,1087,-46,0,1,8
6,350,21.000000,0.000000,0,0,19232994,1089,0,1089,-47,0,1,8
6,350,21.000000,0.000000,0,0,19232997,1091,0,1091,-48,0,1,8
6,350,21.000000,0.000000,0,0,19233000,1093,0,1093,-48,0,1,8
6,350,21.000000,0.000000,0,0,19233002,1094,0,1094,-48,0,1,8
6,350,21.000000,0.000000,0,0,19233005,1095,0,1095,-49,0,1,8
6,350,21.000000,0.000000,0,0,19233008,1096,0,1096,-49,0,1,8
6,350,21.000000,0.000000,0,0,19233011,1098,0,1098,-49,0,1,8
6,350,21.000000,0.000000,0,0,19233014,1100,0,1100,-49,0,1,8
6,350,21.000000,0.000000,0,0,19233016,1102,0,1102,-49,0,1,8
6,350,21.000000,0.000000,0,0,19233019,1104,0,1104,-49,0,1,8
6,350,21.000000,0.000000,0,0,19233022,1108,0,1108,-49,0,1,8
6,350,21.000000,0.000000,0,0,19233025,1112,0,1112,-49,0,1,8
6,350,21.000000,0.000000,0,0,19233028,1113,0,1113,-49,0,1,8
6,350,21.000000,0.000000,0,0,19233030,1115,0,1115,-49,0,1,8
6,350,21.000000,0.000000,0,0,19233033,1116,0,1116,-49,0,1,8
6,350,21.000000,0.000000,0,0,19233036,1118,0,1118,-49,0,1,8
6,350,21.000000,0.000000,0,0,19233039,1119,0,1119,-49,0,1,8
6,350,21.000000,0.000000,0,0,19233042,1120,0,1120,-49,0,1,8
6,350,21.000000,0.000000,0,0,19233044,1121,0,1121,-49,0,1,8
6,350,21.000000,0.000000,0,0,19233047,1122,0,1122,-49,0,1,8
6,350,21.000000,0.000000,0,0,19233050,1122,0,1122,-49,0,1,8
6,350,21.000000,0.000000,0,0,19233053,1123,0,1123,-50,0,1,8
6,350,21.000000,0.000000,0,0,19233055,1124,0,1124,-51,0,1,8
6,350,21.000000,0.000000,0,0,19233058,1124,0,1124,-51,0,1,8
6,350,21.000000,0.000000,0,0,19233061,1124,0,1124,-52,0,1,8
6,350,21.000000,0.000000,0,0,19233064,1124,0,1124,-53,0,1,8
6,350,21.000000,0.000000,0,0,19233067,1125,0,1125,-53,0,1,8
6,350,21.000000,0.000000,0,0,19233070,1126,0,1126,-53,0,1,8
6,350,21.000000,0.000000,0,0,19233072,1126,0,1126,-53,0,1,8
6,350,21.000000,0.000000,0,0,19233075,1126,0,1126,-53,0,1,8
6,350,21.000000,0.000000,0,0,19233078,1126,0,1126,-53,0,1,8
6,350,21.000000,0.000000,0,0,19233081,1126,0,1126,-53,0,1,8
6,350,21.000000,0.000000,0,0,19233083,1126,0,1126,-53,0,1,8
6,350,21.000000,0.000000,0,0,19233086,1126,0,1126,-53,0,1,8
6,350,21.000000,0.000000,0,0,19233089,1126,0,1126,-53,0,1,8
6,350,21.000000,0.000000,0,0,19233092,1126,0,1126,-53,0,1,8
6,350,21.000000,0.000000,0,0,19233095,1126,0,1126,-53,0,1,8
6,350,21.000000,0.000000,0,0,19233097,1126,0,1126,-53,0,1,8
6,350,21.000000,0.000000,0,0,19233100,1126,0,1126,-53,0,1,8
6,350,21.000000,0.000000,0,0,19233102,1126,0,1126,-53,0,1,8
6,350,21.000000,0.000000,0,0,19233105,1126,0,1126,-53,0,1,8
6,350,21.000000,0.000000,0,0,19233108,1126,0,1126,-53,0,1,8
6,350,21.000000,0.000000,0,0,19233111,1126,0,1126,-53,0,1,8
6,350,21.000000,0.000000,0,0,19233114,1126,0,1126,-53,0,1,8
6,350,21.000000,0.000000,0,0,19233116,1126,0,1126,-53,0,1,8
6,350,21.000000,0.000000,0,0,19233119,1126,0,1126,-53,0,1,8
6,350,21.000000,0.000000,0,0,19233122,1127,0,1127,-53,0,1,8
6,350,21.000000,0.000000,0,0,19233125,1128,0,1128,-53,0,1,8
6,350,21.000000,0.000000,0,0,19233128,1128,0,1128,-53,0,1,8
6,350,21.000000,0.000000,0,0,19233131,1128,0,1128,-53,0,1,8
6,350,21.000000,0.000000,0,0,19233133,1129,0,1129,-53,0,1,8
6,350,21.000000,0.000000,0,0,19233136,1130,0,1130,-53,0,1,8
6,350,21.000000,0.000000,0,0,19233139,1130,0,1130,-53,0,1,8
6,350,21.000000,0.000000,0,0,19233141,1130,0,1130,-53,0,1,8
6,350,21.000000,0.000000,0,0,19233144,1130,0,1130,-53,0,1,8
6,350,21.000000,0.000000,0,0,19233147,1130,0,1130,-53,0,1,8
6,350,21.000000,0.000000,0,0,19233150,1130,0,1130,-53,0,1,8
6,350,21.000000,0.000000,0,0,19233153,1130,0,1130,-53,0,1,8
6,350,21.000000,0.000000,0,0,19233156,1130,0,1130,-53,0,1,8
6,350,21.000000,0.000000,0,0,19233158,1130,0,1130,-53,0,1,8
6,350,21.000000,0.000000,0,0,19233161,1130,0,1130,-53,0,1,8
6,350,21.000000,0.000000,0,0,19233164,1130,0,1130,-53,0,1,8
6,350,21.000000,0.000000,0,0,19233167,1130,0,1130,-53,0,1,8
6,350,21.000000,0.000000,0,0,19233169,1130,0,1130,-53,0,1,8
6,350,21.000000,0.000000,0,0,19233172,1130,0,1130,-53,0,1,8
6,350,21.000000,0.000000,0,0,19233175,1130,0,1130,-53,0,1,8
6,350,21.000000,0.000000,0,0,19233178,1130,0,1130,-53,0,1,8
6,350,21.000000,0.000000,0,0,19233181,1130,0,1130,-53,0,1,8
6,350,21.000000,0.000000,0,0,19233183,1130,0,1130,-53,0,1,8
6,350,21.000000,0.000000,0,0,19233186,1130,0,1130,-53,0,1,8
6,350,21.000000,0.000000,0,0,19233189,1131,0,1131,-53,0,1,8
6,350,21.000000,0.000000,0,0,19233192,1132,0,1132,-53,0,1,8
6,350,21.000000,0.000000,0,0,19233195,1133,0,1133,-53,0,1,8
6,350,21.000000,0.000000,0,0,19233197,1134,0,1134,-53,0,1,8
6,350,21.000000,0.000000,0,0,19233200,1135,0,1135,-53,0,1,8
6,350,21.000000,0.000000,0,0,19233203,1135,0,1135,-53,0,1,8
6,350,21.000000,0.000000,0,0,19233206,1136,0,1136,-53,0,1,8
6,350,21.000000,0.000000,0,0,19233208,1137,0,1137,-53,0,1,8
6,350,21.000000,0.000000,0,0,19233211,1137,0,1137,-53,0,1,8
6,350,21.000000,0.000000,0,0,19233214,1137,0,1137,-53,0,1,8
6,350,21.000000,0.000000,0,0,19233217,1137,0,1137,-53,0,1,8
6,350,21.000000,0.000000,0,0,19233220,1137,0,1137,-53,0,1,8
6,350,21.000000,0.000000,0,0,19233222,1137,0,1137,-53,0,1,8
6,350,21.000000,0.000000,0,0,19233225,1137,0,1137,-53,0,1,8
6,350,21.000000,0.000000,0,0,19233228,1137,0,1137,-53,0,1,8
6,350,21.000000,0.000000,0,0,19233230,1137,0,1137,-53,0,1,8
6,350,21.000000,0.000000,0,0,19233233,1137,0,1137,-53,0,1,8
6,350,21.000000,0.000000,0,0,19233236,1137,0,1137,-53,0,1,8
6,350,21.000000,0.000000,0,0,19233239,1137,0,1137,-53,0,1,8
6,350,21.000000,0.000000,0,0,19233242,1137,0,1137,-53,0,1,8
6,350,21.000000,0.000000,0,0,19233244,1137,0,1137,-53,0,1,8
6,350,21.000000,0.000000,0,0,19233247,1137,0,1137,-53,0,1,8
6,350,21.000000,0.000000,0,0,19233250,1137,0,1137,-53,0,1,8
6,350,21.000000,0.000000,0,0,19233253,1137,0,1137,-53,0,1,8
6,350,21.000000,0.000000,0,0,19233256,1137,0,1137,-53,0,1,8
6,350,21.000000,0.000000,0,0,19233258,1137,0,1137,-53,0,1,8
6,350,21.000000,0.000000,0,0,19233261,1137,0,1137,-53,0,1,8
6,350,21.000000,0.000000,0,0,19233264,1137,0,1137,-53,0,1,8
6,350,21.000000,0.000000,0,0,19233267,1137,0,1137,-53,0,1,8
6,350,21.000000,0.000000,0,0,19233270,1137,0,1137,-53,0,1,8
6,350,21.000000,0.000000,0,0,19233272,1137,0,1137,-53,0,1,8
6,350,21.000000,0.000000,0,0,19233275,1137,0,1137,-53,0,1,8
6,350,21.000000,0.000000,0,0,19233278,1137,0,1137,-53,0,1,8
6,350,21.000000,0.000000,0,0,19233281,1137,0,1137,-53,0,1,8
6,350,21.000000,0.000000,0,0,19233283,1137,0,1137,-53,0,1,8
6,350,21.000000,0.000000,0,0,19233286,1137,0,1137,-53,0,1,8
6,350,21.000000,0.000000,0,0,19233289,1137,0,1137,-53,0,1,8
6,350,21.000000,0.000000,0,0,19233291,1137,0,1137,-53,0,1,8
6,350,21.000000,0.000000,0,0,19233295,1138,0,1138,-53,0,1,8
6,350,21.000000,0.000000,0,0,19233297,1138,0,1138,-53,0,1,8
6,350,21.000000,0.000000,0,0,19233300,1138,0,1138,-53,0,1,8
6,350,21.000000,0.000000,0,0,19233303,1138,0,1138,-53,0,1,8
6,350,21.000000,0.000000,0,0,19233305,1139,0,1139,-53,0,1,8
6,350,21.000000,0.000000,0,0,19233309,1140,0,1140,-53,0,1,8
6,350,21.000000,0.000000,0,0,19233312,1140,0,1140,-53,0,1,8
6,350,21.000000,0.000000,0,0,19233314,1141,0,1141,-54,0,1,8
6,350,21.000000,0.000000,0,0,19233316,1142,0,1142,-55,0,1,8
6,350,21.000000,0.000000,0,0,19233319,1142,0,1142,-55,0,1,8
6,350,21.000000,0.000000,0,0,19233332,1142,0,1142,-55,0,1,8
