6,700,21.000000,42.000000,0,2,725884,610,0,610,0,0,36,4,0
6,700,21.000000,42.000000,0,2,725885,610,0,610,0,0,36,4,0
6,700,21.000000,42.000000,0,2,725888,610,0,610,0,0,36,4,0
6,700,21.000000,42.000000,0,2,725891,610,0,610,0,0,36,4,0
6,700,21.000000,42.000000,0,2,725893,610,0,610,0,0,36,4,0
6,700,21.000000,42.000000,0,2,725896,610,0,610,0,0,36,4,0
6,700,21.000000,42.000000,0,2,725899,610,0,610,0,0,36,4,0
6,700,21.000000,42.000000,0,2,725902,610,0,610,0,0,36,4,0
6,700,21.000000,42.000000,0,2,725905,610,0,610,0,0,36,4,0
6,700,21.000000,42.000000,0,2,725907,610,0,610,0,0,36,4,0
6,700,21.000000,42.000000,0,2,725910,610,0,610,0,0,36,4,0
6,700,21.000000,42.000000,0,2,725913,610,0,610,0,0,36,4,0
6,700,21.000000,42.000000,0,2,725916,610,0,610,0,0,36,4,0
6,700,21.000000,42.000000,0,2,725919,610,0,610,0,0,36,4,0
6,700,21.000000,42.000000,0,2,725921,610,0,610,0,0,36,4,0
6,700,21.000000,42.000000,0,2,725924,610,0,610,0,0,36,4,0
6,700,21.000000,42.000000,0,2,725927,610,0,610,0,0,36,4,0
6,700,21.000000,42.000000,0,2,725929,610,0,610,0,0,36,4,0
6,700,21.000000,42.000000,0,2,725932,610,0,610,0,0,36,4,0
6,700,21.000000,42.000000,0,2,725935,610,0,610,0,0,36,4,0
6,700,21.000000,42.000000,0,2,725938,610,0,610,0,0,36,4,0
6,700,21.000000,42.000000,0,2,725940,610,0,610,0,0,36,4,0
6,700,21.000000,42.000000,0,2,725943,610,0,610,0,0,36,4,0
6,700,21.000000,42.000000,0,2,725946,610,0,610,0,0,36,4,0
6,700,21.000000,42.000000,0,2,725949,610,0,610,0,0,36,4,0
6,700,21.000000,42.000000,0,2,725952,610,0,610,0,0,36,4,0
6,700,21.000000,42.000000,0,2,725954,610,0,610,0,0,36,4,0
6,700,21.000000,42.000000,0,2,725957,610,0,610,0,0,36,4,0
6,700,21.000000,42.000000,0,2,725960,610,0,610,0,0,36,4,0
6,700,21.000000,42.000000,0,2,725963,610,0,610,0,0,36,4,0
6,700,21.000000,42.000000,0,2,725965,610,0,610,0,0,36,4,0
6,700,21.000000,42.000000,0,2,725968,610,0,610,0,0,36,4,0
6,700,21.000000,42.000000,0,2,725972,610,0,610,0,0,36,4,0
6,700,21.000000,42.000000,0,2,725974,610,0,610,0,0,36,4,0
6,700,21.000000,42.000000,0,2,725977,610,0,610,0,0,36,4,0
6,700,21.000000,42.000000,0,2,725980,611,0,611,0,0,36,4,0
6,700,21.000000,42.000000,0,2,725982,612,0,612,0,0,36,4,0
6,700,21.000000,42.000000,0,2,725985,613,0,613,0,0,36,4,0
6,700,21.000000,42.000000,0,2,725988,614,0,614,0,0,36,4,0
6,700,21.000000,42.000000,0,2,725991,616,0,616,0,0,36,4,0
6,700,21.000000,42.000000,0,2,725993,617,0,617,0,0,36,4,0
6,700,21.000000,42.000000,0,2,725996,619,0,619,-1,0,36,4,0
6,700,21.000000,42.000000,0,2,725999,621,0,621,-1,0,36,4,0
6,700,21.000000,42.000000,0,2,726002,623,0,623,-1,0,36,4,0
6,700,21.000000,42.000000,0,2,726005,625,0,625,-1,0,36,4,0
6,700,21.000000,42.000000,0,2,726008,628,0,628,-1,0,36,4,0
6,700,21.000000,42.000000,0,2,726010,632,0,632,-2,0,36,4,0
6,700,21.000000,42.000000,0,2,726013,637,0,637,-2,0,36,4,0
6,700,21.000000,42.000000,0,2,726016,641,0,641,-2,0,36,4,0
6,700,21.000000,42.000000,0,2,726019,647,0,647,-3,0,36,4,0
6,700,21.000000,42.000000,0,2,726021,653,0,653,-3,0,36,4,0
6,700,21.000000,42.000000,0,2,726024,660,0,660,-4,0,36,4,0
6,700,21.000000,42.000000,0,2,726027,668,0,668,-5,0,36,4,0
6,700,21.000000,42.000000,0,2,726030,675,0,675,-5,0,36,4,0
6,700,21.000000,42.000000,0,2,726033,684,0,684,-6,0,36,4,0
6,700,21.000000,42.000000,0,2,726035,690,0,690,-7,0,36,4,0
6,700,21.000000,42.000000,0,2,726038,699,0,699,-8,0,36,4,0
6,700,21.000000,42.000000,0,2,726041,714,0,714,-9,0,36,4,0
6,700,21.000000,42.000000,0,2,726044,742,0,742,-10,0,36,4,0
6,700,21.000000,42.000000,0,2,726047,750,0,750,-10,0,36,4,0
6,700,21.000000,42.000000,0,2,726049,766,0,766,-11,0,36,4,0
6,700,21.000000,42.000000,0,2,726052,773,0,773,-12,0,36,4,0
6,700,21.000000,42.000000,0,2,726055,786,0,786,-13,0,36,4,0
6,700,21.000000,42.000000,0,2,726058,800,0,800,-14,0,36,4,0
6,700,21.000000,42.000000,0,2,726060,815,0,815,-15,0,36,4,0
6,700,21.000000,42.000000,0,2,726063,829,0,829,-15,0,36,4,0
6,700,21.000000,42.000000,0,2,726066,847,0,847,-16,0,36,4,0
6,700,21.000000,42.000000,0,2,726069,860,0,860,-16,0,36,4,0
6,700,21.000000,42.000000,0,2,726072,874,0,874,-16,0,36,4,0
6,700,21.000000,42.000000,0,2,726074,884,0,884,-16,0,36,4,0
6,700,21.000000,42.000000,0,2,726077,895,0,895,-16,0,36,4,0
6,700,21.000000,42.000000,0,2,726080,906,0,906,-16,0,36,4,0
6,700,21.000000,42.000000,0,2,726083,926,0,926,-16,0,36,4,0
6,700,21.000000,42.000000,0,2,726085,934,0,934,-16,0,36,4,0
6,700,21.000000,42.000000,0,2,726088,953,0,953,-17,0,36,4,0
6,700,21.000000,42.000000,0,2,726091,965,0,965,-17,0,36,4,0
6,700,21.000000,42.000000,0,2,726094,970,0,970,-17,0,36,4,0
6,700,21.000000,42.000000,0,2,726096,977,0,977,-17,0,36,4,0
6,700,21.000000,42.000000,0,2,726099,993,0,993,-17,0,36,4,0
6,700,21.000000,42.000000,0,2,726102,1002,0,1002,-17,0,36,4,0
6,700,21.000000,42.000000,0,2,726105,1013,0,1013,-17,0,36,4,0
6,700,21.000000,42.000000,0,2,726107,1024,0,1024,-17,0,36,4,0
6,700,21.000000,42.000000,0,2,726110,1029,0,1029,-17,0,36,4,0
6,700,21.000000,42.000000,0,2,726113,1041,0,1041,-17,0,36,4,0
6,700,21.000000,42.000000,0,2,726116,1049,0,1049,-17,0,36,4,0
6,700,21.000000,42.000000,0,2,726119,1055,0,1055,-17,0,36,4,0
6,700,21.000000,42.000000,0,2,726121,1066,0,1066,-17,0,36,4,0
6,700,21.000000,42.000000,0,2,726124,1071,0,1071,-17,0,36,4,0
6,700,21.000000,42.000000,0,2,726127,1078,0,1078,-17,0,36,4,0
6,700,21.000000,42.000000,0,2,726130,1087,0,1087,-17,0,36,4,0
6,700,21.000000,42.000000,0,2,726132,1091,0,1091,-17,0,36,4,0
6,700,21.000000,42.000000,0,2,726135,1095,0,1095,-17,0,36,4,0
6,700,21.000000,42.000000,0,2,726138,1101,0,1101,-17,0,36,4,0
6,700,21.000000,42.000000,0,2,726141,1106,0,1106,-17,0,36,4,0
6,700,21.000000,42.000000,0,2,726144,1111,0,1111,-17,0,36,4,0
6,700,21.000000,42.000000,0,2,726147,1115,0,1115,-17,0,36,4,0
6,700,21.000000,42.000000,0,2,726149,1124,0,1124,-17,0,36,4,0
6,700,21.000000,42.000000,0,2,726152,1129,0,1129,-17,0,36,4,0
6,700,21.000000,42.000000,0,2,726155,1133,0,1133,-17,0,36,4,0
6,700,21.000000,42.000000,0,2,726157,1137,0,1137,-17,0,36,4,0
6,700,21.000000,42.000000,0,2,726160,1141,0,1141,-17,0,36,4,0
6,700,21.000000,42.000000,0,2,726163,1144,0,1144,-17,0,36,4,0
6,700,21.000000,42.000000,0,2,726166,1147,0,1147,-17,0,36,4,0
6,700,21.000000,42.000000,0,2,726169,1150,0,1150,-17,0,36,4,0
6,700,21.000000,42.000000,0,2,726171,1153,0,1153,-17,0,36,4,0
6,700,21.000000,42.000000,0,2,726174,1158,0,1158,-17,0,36,4,0
6,700,21.000000,42.000000,0,2,726177,1160,0,1160,-17,0,36,4,0
6,700,21.000000,42.000000,0,2,726180,1162,0,1162,-17,0,36,4,0
6,700,21.000000,42.000000,0,2,726182,1164,0,1164,-17,0,36,4,0
6,700,21.000000,42.000000,0,2,726186,1168,0,1168,-17,0,36,4,0
6,700,21.000000,42.000000,0,2,726188,1170,0,1170,-17,0,36,4,0
6,700,21.000000,42.000000,0,2,726191,1172,0,1172,-17,0,36,4,0
6,700,21.000000,42.000000,0,2,726194,1174,0,1174,-17,0,36,4,0
6,700,21.000000,42.000000,0,2,726196,1176,0,1176,-18,0,36,4,0
6,700,21.000000,42.000000,0,2,726199,1176,0,1176,-18,0,36,4,0
6,700,21.000000,42.000000,0,2,726202,1177,0,1177,-18,0,36,4,0
6,700,21.000000,42.000000,0,2,726205,1179,0,1179,-18,0,36,4,0
6,700,21.000000,42.000000,0,2,726208,1181,0,1181,-18,0,36,4,0
6,700,21.000000,42.000000,0,2,726210,1183,0,1183,-18,0,36,4,0
6,700,21.000000,42.000000,0,2,726213,1185,0,1185,-18,0,36,4,0
6,700,21.000000,42.000000,0,2,726216,1187,0,1187,-18,0,36,4,0
6,700,21.000000,42.000000,0,2,726219,1189,0,1189,-18,0,36,4,0
6,700,21.000000,42.000000,0,2,726221,1191,0,1191,-18,0,36,4,0
6,700,21.000000,42.000000,0,2,726224,1193,0,1193,-19,0,36,4,0
6,700,21.000000,42.000000,0,2,726227,1195,0,1195,-19,0,36,4,0
6,700,21.000000,42.000000,0,2,726230,1197,0,1197,-19,0,36,4,0
6,700,21.000000,42.000000,0,2,726233,1198,0,1198,-20,0,36,4,0
6,700,21.000000,42.000000,0,2,726235,1199,0,1199,-20,0,36,4,0
6,700,21.000000,42.000000,0,2,726238,1201,0,1201,-20,0,36,4,0
6,700,21.000000,42.000000,0,2,726241,1203,0,1203,-20,0,36,4,0
6,700,21.000000,42.000000,0,2,726244,1204,0,1204,-20,0,36,4,0
6,700,21.000000,42.000000,0,2,726246,1206,0,1206,-20,0,36,4,0
6,700,21.000000,42.000000,0,2,726249,1208,0,1208,-20,0,36,4,0
6,700,21.000000,42.000000,0,2,726252,1209,0,1209,-21,0,36,4,0
6,700,21.000000,42.000000,0,2,726255,1210,0,1210,-21,0,36,4,0
6,700,21.000000,42.000000,0,2,726257,1212,0,1212,-21,0,36,4,0
6,700,21.000000,42.000000,0,2,726260,1213,0,1213,-21,0,36,4,0
6,700,21.000000,42.000000,0,2,726263,1214,0,1214,-21,0,36,4,0
6,700,21.000000,42.000000,0,2,726266,1216,0,1216,-21,0,36,4,0
6,700,21.000000,42.000000,0,2,726269,1218,0,1218,-21,0,36,4,0
6,700,21.000000,42.000000,0,2,726272,1219,0,1219,-22,0,36,4,0
6,700,21.000000,42.000000,0,2,726274,1220,0,1220,-22,0,36,4,0
6,700,21.000000,42.000000,0,2,726277,1221,0,1221,-22,0,36,4,0
6,700,21.000000,42.000000,0,2,726280,1223,0,1223,-22,0,36,4,0
6,700,21.000000,42.000000,0,2,726283,1224,0,1224,-22,0,36,4,0
6,700,21.000000,42.000000,0,2,726286,1225,0,1225,-22,0,36,4,0
6,700,21.000000,42.000000,0,2,726288,1226,0,1226,-22,0,36,4,0
6,700,21.000000,42.000000,0,2,726291,1227,0,1227,-22,0,36,4,0
6,700,21.000000,42.000000,0,2,726294,1228,0,1228,-22,0,36,4,0
6,700,21.000000,42.000000,0,2,726297,1229,0,1229,-22,0,36,4,0
6,700,21.000000,42.000000,0,2,726299,1230,0,1230,-22,0,36,4,0
6,700,21.000000,42.000000,0,2,726302,1231,0,1231,-22,0,36,4,0
6,700,21.000000,42.000000,0,2,726305,1232,0,1232,-22,0,36,4,0
6,700,21.000000,42.000000,0,2,726308,1233,0,1233,-22,0,36,4,0
6,700,21.000000,42.000000,0,2,726311,1234,0,1234,-22,0,36,4,0
6,700,21.000000,42.000000,0,2,726313,1235,0,1235,-22,0,36,4,0
6,700,21.000000,42.000000,0,2,726316,1236,0,1236,-22,0,36,4,0
6,700,21.000000,42.000000,0,2,726319,1238,0,1238,-22,0,36,4,0
6,700,21.000000,42.000000,0,2,726322,1241,0,1241,-22,0,36,4,0
6,700,21.000000,42.000000,0,2,726324,1243,0,1243,-22,0,36,4,0
6,700,21.000000,42.000000,0,2,726327,1244,0,1244,-22,0,36,4,0
6,700,21.000000,42.000000,0,2,726330,1246,0,1246,-22,0,36,4,0
6,700,21.000000,42.000000,0,2,726332,1248,0,1248,-22,0,36,4,0
6,700,21.000000,42.000000,0,2,726335,1250,0,1250,-22,0,36,4,0
6,700,21.000000,42.000000,0,2,726338,1251,0,1251,-22,0,36,4,0
6,700,21.000000,42.000000,0,2,726341,1252,0,1252,-22,0,36,4,0
6,700,21.000000,42.000000,0,2,726343,1254,0,1254,-22,0,36,4,0
6,700,21.000000,42.000000,0,2,726346,1255,0,1255,-22,0,36,4,0
6,700,21.000000,42.000000,0,2,726349,1256,0,1256,-22,0,36,4,0
6,700,21.000000,42.000000,0,2,726352,1257,0,1257,-22,0,36,4,0
6,700,21.000000,42.000000,0,2,726355,1258,0,1258,-22,0,36,4,0
6,700,21.000000,42.000000,0,2,726358,1259,0,1259,-22,0,36,4,0
6,700,21.000000,42.000000,0,2,726360,1260,0,1260,-22,0,36,4,0
6,700,21.000000,42.000000,0,2,726363,1260,0,1260,-23,0,36,4,0
6,700,21.000000,42.000000,0,2,726366,1260,0,1260,-24,0,36,4,0
6,700,21.000000,42.000000,0,2,726368,1260,0,1260,-24,0,36,4,0
6,700,21.000000,42.000000,0,2,726371,1260,0,1260,-24,0,36,4,0
6,700,21.000000,42.000000,0,2,726374,1260,0,1260,-24,0,36,4,0
6,700,21.000000,42.000000,0,2,726377,1260,0,1260,-24,0,36,4,0
6,700,21.000000,42.000000,0,2,726380,1260,0,1260,-24,0,36,4,0
6,700,21.000000,42.000000,0,2,726382,1260,0,1260,-24,0,36,4,0
6,700,21.000000,42.000000,0,2,726385,1260,0,1260,-24,0,36,4,0
6,700,21.000000,42.000000,0,2,726388,1260,0,1260,-24,0,36,4,0
6,700,21.000000,42.000000,0,2,726391,1260,0,1260,-24,0,36,4,0
6,700,21.000000,42.000000,0,2,726394,1260,0,1260,-24,0,36,4,0
6,700,21.000000,42.000000,0,2,726397,1260,0,1260,-24,0,36,4,0
6,700,21.000000,42.000000,0,2,726400,1261,0,1261,-24,0,36,4,0
6,700,21.000000,42.000000,0,2,726402,1261,0,1261,-24,0,36,4,0
6,700,21.000000,42.000000,0,2,726405,1261,0,1261,-24,0,36,4,0
6,700,21.000000,42.000000,0,2,726408,1262,0,1262,-24,0,36,4,0
6,700,21.000000,42.000000,0,2,726411,1263,0,1263,-24,0,36,4,0
6,700,21.000000,42.000000,0,2,726413,1265,0,1265,-24,0,36,4,0
6,700,21.000000,42.000000,0,2,726416,1266,0,1266,-24,0,36,4,0
6,700,21.000000,42.000000,0,2,726419,1267,0,1267,-24,0,36,4,0
6,700,21.000000,42.000000,0,2,726422,1269,0,1269,-24,0,36,4,0
6,700,21.000000,42.000000,0,2,726424,1270,0,1270,-24,0,36,4,0
6,700,21.000000,42.000000,0,2,726427,1271,0,1271,-24,0,36,4,0
6,700,21.000000,42.000000,0,2,726430,1272,0,1272,-24,0,36,4,0
6,700,21.000000,42.000000,0,2,726432,1273,0,1273,-24,0,36,4,0
6,700,21.000000,42.000000,0,2,726435,1275,0,1275,-25,0,36,4,0
6,700,21.000000,42.000000,0,2,726438,1276,0,1276,-25,0,36,4,0
6,700,21.000000,42.000000,0,2,726441,1277,0,1277,-25,0,36,4,0
6,700,21.000000,42.000000,0,2,726444,1278,0,1278,-25,0,36,4,0
6,700,21.000000,42.000000,0,2,726446,1280,0,1280,-25,0,36,4,0
6,700,21.000000,42.000000,0,2,726449,1281,0,1281,-25,0,36,4,0
6,700,21.000000,42.000000,0,2,726452,1282,0,1282,-25,0,36,4,0
6,700,21.000000,42.000000,0,2,726455,1283,0,1283,-25,0,36,4,0
6,700,21.000000,42.000000,0,2,726458,1284,0,1284,-25,0,36,4,0
6,700,21.000000,42.000000,0,2,726460,1285,0,1285,-25,0,36,4,0
6,700,21.000000,42.000000,0,2,726463,1286,0,1286,-25,0,36,4,0
6,700,21.000000,42.000000,0,2,726466,1286,0,1286,-25,0,36,4,0
6,700,21.000000,42.000000,0,2,726469,1286,0,1286,-25,0,36,4,0
6,700,21.000000,42.000000,0,2,726471,1287,0,1287,-25,0,36,4,0
6,700,21.000000,42.000000,0,2,726474,1287,0,1287,-25,0,36,4,0
6,700,21.000000,42.000000,0,2,726477,1287,0,1287,-25,0,36,4,0
6,700,21.000000,42.000000,0,2,726480,1287,0,1287,-25,0,36,4,0
6,700,21.000000,42.000000,0,2,726483,1287,0,1287,-25,0,36,4,0
6,700,21.000000,42.000000,0,2,726485,1287,0,1287,-25,0,36,4,0
6,700,21.000000,42.000000,0,2,726488,1288,0,1288,-25,0,36,4,0
6,700,21.000000,42.000000,0,2,726491,1288,0,1288,-25,0,36,4,0
6,700,21.000000,42.000000,0,2,726494,1288,0,1288,-25,0,36,4,0
6,700,21.000000,42.000000,0,2,726497,1289,0,1289,-25,0,36,4,0
6,700,21.000000,42.000000,0,2,726500,1290,0,1290,-25,0,36,4,0
6,700,21.000000,42.000000,0,2,726502,1291,0,1291,-25,0,36,4,0
6,700,21.000000,42.000000,0,2,726505,1292,0,1292,-25,0,36,4,0
6,700,21.000000,42.000000,0,2,726508,1293,0,1293,-25,0,36,4,0
6,700,21.000000,42.000000,0,2,726510,1294,0,1294,-25,0,36,4,0
6,700,21.000000,42.000000,0,2,726513,1295,0,1295,-25,0,36,4,0
6,700,21.000000,42.000000,0,2,726516,1296,0,1296,-25,0,36,4,0
6,700,21.000000,42.000000,0,2,726519,1297,0,1297,-25,0,36,4,0
6,700,21.000000,42.000000,0,2,726522,1298,0,1298,-25,0,36,4,0
6,700,21.000000,42.000000,0,2,726524,1299,0,1299,-25,0,36,4,0
6,700,21.000000,42.000000,0,2,726527,1300,0,1300,-25,0,36,4,0
6,700,21.000000,42.000000,0,2,726530,1300,0,1300,-26,0,36,4,0
6,700,21.000000,42.000000,0,2,726533,1301,0,1301,-26,0,36,4,0
6,700,21.000000,42.000000,0,2,726536,1302,0,1302,-26,0,36,4,0
6,700,21.000000,42.000000,0,2,726538,1303,0,1303,-26,0,36,4,0
6,700,21.000000,42.000000,0,2,726541,1303,0,1303,-26,0,36,4,0
6,700,21.000000,42.000000,0,2,726544,1303,0,1303,-26,0,36,4,0
6,700,21.000000,42.000000,0,2,726547,1303,0,1303,-26,0,36,4,0
6,700,21.000000,42.000000,0,2,726549,1303,0,1303,-26,0,36,4,0
6,700,21.000000,42.000000,0,2,726552,1303,0,1303,-26,0,36,4,0
6,700,21.000000,42.000000,0,2,726555,1303,0,1303,-26,0,36,4,0
6,700,21.000000,42.000000,0,2,726558,1303,0,1303,-26,0,36,4,0
6,700,21.000000,42.000000,0,2,726561,1303,0,1303,-26,0,36,4,0
6,700,21.000000,42.000000,0,2,726563,1303,0,1303,-26,0,36,4,0
6,700,21.000000,42.000000,0,2,726566,1303,0,1303,-26,0,36,4,0
6,700,21.000000,42.000000,0,2,726569,1303,0,1303,-26,0,36,4,0
6,700,21.000000,42.000000,0,2,726572,1303,0,1303,-26,0,36,4,0
6,700,21.000000,42.000000,0,2,726574,1303,0,1303,-26,0,36,4,0
6,700,21.000000,42.000000,0,2,726577,1303,0,1303,-26,0,36,4,0
6,700,21.000000,42.000000,0,2,726580,1303,0,1303,-26,0,36,4,0
6,700,21.000000,42.000000,0,2,726583,1303,0,1303,-26,0,36,4,0
6,700,21.000000,42.000000,0,2,726586,1303,0,1303,-26,0,36,4,0
6,700,21.000000,42.000000,0,2,726588,1303,0,1303,-26,0,36,4,0
6,700,21.000000,42.000000,0,2,726591,1303,0,1303,-26,0,36,4,0
6,700,21.000000,42.000000,0,2,726594,1303,0,1303,-26,0,36,4,0
6,700,21.000000,42.000000,0,2,726597,1303,0,1303,-26,0,36,4,0
6,700,21.000000,42.000000,0,2,726600,1303,0,1303,-26,0,36,4,0
6,700,21.000000,42.000000,0,2,726602,1303,0,1303,-26,0,36,4,0
6,700,21.000000,42.000000,0,2,726605,1303,0,1303,-26,0,36,4,0
6,700,21.000000,42.000000,0,2,726608,1303,0,1303,-26,0,36,4,0
6,700,21.000000,42.000000,0,2,726611,1303,0,1303,-26,0,36,4,0
6,700,21.000000,42.000000,0,2,726613,1303,0,1303,-26,0,36,4,0
6,700,21.000000,42.000000,0,2,726616,1303,0,1303,-26,0,36,4,0
6,700,21.000000,42.000000,0,2,726619,1303,0,1303,-26,0,36,4,0
6,700,21.000000,42.000000,0,2,726622,1303,0,1303,-26,0,36,4,0
6,700,21.000000,42.000000,0,2,726624,1303,0,1303,-26,0,36,4,0
6,700,21.000000,42.000000,0,2,726627,1303,0,1303,-26,0,36,4,0
6,700,21.000000,42.000000,0,2,726630,1303,0,1303,-26,0,36,4,0
6,700,21.000000,42.000000,0,2,726633,1303,0,1303,-26,0,36,4,0
6,700,21.000000,42.000000,0,2,726635,1303,0,1303,-26,0,36,4,0
6,700,21.000000,42.000000,0,2,726638,1303,0,1303,-26,0,36,4,0
6,700,21.000000,42.000000,0,2,726641,1303,0,1303,-26,0,36,4,0
6,700,21.000000,42.000000,0,2,726644,1303,0,1303,-26,0,36,4,0
6,700,21.000000,42.000000,0,2,726647,1303,0,1303,-26,0,36,4,0
6,700,21.000000,42.000000,0,2,726649,1303,0,1303,-26,0,36,4,0
6,700,21.000000,42.000000,0,2,726652,1303,0,1303,-26,0,36,4,0
6,700,21.000000,42.000000,0,2,726655,1303,0,1303,-26,0,36,4,0
6,700,21.000000,42.000000,0,2,726658,1303,0,1303,-26,0,36,4,0
6,700,21.000000,42.000000,0,2,726660,1303,0,1303,-26,0,36,4,0
6,700,21.000000,42.000000,0,2,726663,1303,0,1303,-26,0,36,4,0
6,700,21.000000,42.000000,0,2,726666,1303,0,1303,-26,0,36,4,0
6,700,21.000000,42.000000,0,2,726669,1303,0,1303,-26,0,36,4,0
6,700,21.000000,42.000000,0,2,726672,1303,0,1303,-26,0,36,4,0
6,700,21.000000,42.000000,0,2,726674,1303,0,1303,-26,0,36,4,0
6,700,21.000000,42.000000,0,2,726677,1303,0,1303,-26,0,36,4,0
6,700,21.000000,42.000000,0,2,726680,1304,0,1304,-26,0,36,4,0
6,700,21.000000,42.000000,0,2,726683,1305,0,1305,-26,0,36,4,0
6,700,21.000000,42.000000,0,2,726686,1305,0,1305,-26,0,36,4,0
6,700,21.000000,42.000000,0,2,726688,1305,0,1305,-26,0,36,4,0
6,700,21.000000,42.000000,0,2,726691,1305,0,1305,-26,0,36,4,0
6,700,21.000000,42.000000,0,2,726694,1305,0,1305,-26,0,36,4,0
6,700,21.000000,42.000000,0,2,726697,1305,0,1305,-26,0,36,4,0
6,700,21.000000,42.000000,0,2,726699,1305,0,1305,-26,0,36,4,0
6,700,21.000000,42.000000,0,2,726702,1305,0,1305,-26,0,36,4,0
6,700,21.000000,42.000000,0,2,726705,1305,0,1305,-26,0,36,4,0
6,700,21.000000,42.000000,0,2,726708,1305,0,1305,-26,0,36,4,0
6,700,21.000000,42.000000,0,2,726710,1306,0,1306,-26,0,36,4,0
6,700,21.000000,42.000000,0,2,726713,1306,0,1306,-26,0,36,4,0
6,700,21.000000,42.000000,0,2,726716,1306,0,1306,-26,0,36,4,0
6,700,21.000000,42.000000,0,2,726719,1306,0,1306,-26,0,36,4,0
6,700,21.000000,42.000000,0,2,726722,1306,0,1306,-26,0,36,4,0
6,700,21.000000,42.000000,0,2,726724,1306,0,1306,-26,0,36,4,0
6,700,21.000000,42.000000,0,2,726727,1306,0,1306,-26,0,36,4,0
6,700,21.000000,42.000000,0,2,726730,1306,0,1306,-26,0,36,4,0
6,700,21.000000,42.000000,0,2,726733,1306,0,1306,-26,0,36,4,0
6,700,21.000000,42.000000,0,2,726735,1306,0,1306,-27,0,36,4,0
6,700,21.000000,42.000000,0,2,726738,1306,0,1306,-28,0,36,4,0
6,700,21.000000,42.000000,0,2,726741,1306,0,1306,-28,0,36,4,0
6,700,21.000000,42.000000,0,2,726744,1306,0,1306,-28,0,36,4,0
6,700,21.000000,42.000000,0,2,726747,1306,0,1306,-28,0,36,4,0
6,700,21.000000,42.000000,0,2,726749,1306,0,1306,-28,0,36,4,0
6,700,21.000000,42.000000,0,2,726752,1306,0,1306,-28,0,36,4,0
6,700,21.000000,42.000000,0,2,726755,1307,0,1307,-28,0,36,4,0
6,700,21.000000,42.000000,0,2,726758,1308,0,1308,-28,0,36,4,0
6,700,21.000000,42.000000,0,2,726760,1308,0,1308,-28,0,36,4,0
6,700,21.000000,42.000000,0,2,726763,1308,0,1308,-28,0,36,4,0
6,700,21.000000,42.000000,0,2,726766,1308,0,1308,-28,0,36,4,0
6,700,21.000000,42.000000,0,2,726769,1308,0,1308,-28,0,36,4,0
6,700,21.000000,42.000000,0,2,726772,1309,0,1309,-28,0,36,4,0
6,700,21.000000,42.000000,0,2,726774,1309,0,1309,-28,0,36,4,0
6,700,21.000000,42.000000,0,2,726777,1309,0,1309,-28,0,36,4,0
6,700,21.000000,42.000000,0,2,726780,1309,0,1309,-28,0,36,4,0
6,700,21.000000,42.000000,0,2,726783,1309,0,1309,-28,0,36,4,0
6,700,21.000000,42.000000,0,2,726785,1309,0,1309,-28,0,36,4,0
6,700,21.000000,42.000000,0,2,726788,1309,0,1309,-28,0,36,4,0
6,700,21.000000,42.000000,0,2,726791,1309,0,1309,-28,0,36,4,0
6,700,21.000000,42.000000,0,2,726794,1309,0,1309,-28,0,36,4,0
6,700,21.000000,42.000000,0,2,726797,1309,0,1309,-28,0,36,4,0
6,700,21.000000,42.000000,0,2,726799,1309,0,1309,-28,0,36,4,0
6,700,21.000000,42.000000,0,2,726802,1310,0,1310,-28,0,36,4,0
6,700,21.000000,42.000000,0,2,726805,1311,0,1311,-28,0,36,4,0
6,700,21.000000,42.000000,0,2,726808,1311,0,1311,-28,0,36,4,0
6,700,21.000000,42.000000,0,2,726811,1311,0,1311,-28,0,36,4,0
6,700,21.000000,42.000000,0,2,726814,1311,0,1311,-28,0,36,4,0
6,700,21.000000,42.000000,0,2,726816,1311,0,1311,-28,0,36,4,0
6,700,21.000000,42.000000,0,2,726819,1311,0,1311,-28,0,36,4,0
6,700,21.000000,42.000000,0,2,726832,1311,0,1311,-28,0,36,4,0
