6,700,21.000000,42.000000,0,2,767023,614,0,614,0,0,40,5,0
6,700,21.000000,42.000000,0,2,767024,614,0,614,0,0,40,5,0
6,700,21.000000,42.000000,0,2,767027,614,0,614,0,0,40,5,0
6,700,21.000000,42.000000,0,2,767029,614,0,614,0,0,40,5,0
6,700,21.000000,42.000000,0,2,767032,614,0,614,0,0,40,5,0
6,700,21.000000,42.000000,0,2,767035,614,0,614,0,0,40,5,0
6,700,21.000000,42.000000,0,2,767038,614,0,614,0,0,40,5,0
6,700,21.000000,42.000000,0,2,767041,614,0,614,0,0,40,5,0
6,700,21.000000,42.000000,0,2,767044,614,0,614,0,0,40,5,0
6,700,21.000000,42.000000,0,2,767046,614,0,614,0,0,40,5,0
6,700,21.000000,42.000000,0,2,767049,614,0,614,0,0,40,5,0
6,700,21.000000,42.000000,0,2,767052,614,0,614,0,0,40,5,0
6,700,21.000000,42.000000,0,2,767055,614,0,614,0,0,40,5,0
6,700,21.000000,42.000000,0,2,767058,614,0,614,0,0,40,5,0
6,700,21.000000,42.000000,0,2,767060,614,0,614,0,0,40,5,0
6,700,21.000000,42.000000,0,2,767063,614,0,614,0,0,40,5,0
6,700,21.000000,42.000000,0,2,767066,614,0,614,0,0,40,5,0
6,700,21.000000,42.000000,0,2,767069,614,0,614,0,0,40,5,0
6,700,21.000000,42.000000,0,2,767072,614,0,614,0,0,40,5,0
6,700,21.000000,42.000000,0,2,767074,614,0,614,0,0,40,5,0
6,700,21.000000,42.000000,0,2,767077,614,0,614,0,0,40,5,0
6,700,21.000000,42.000000,0,2,767080,614,0,614,0,0,40,5,0
6,700,21.000000,42.000000,0,2,767083,614,0,614,0,0,40,5,0
6,700,21.000000,42.000000,0,2,767086,614,0,614,0,0,40,5,0
6,700,21.000000,42.000000,0,2,767088,614,0,614,0,0,40,5,0
6,700,21.000000,42.000000,0,2,767091,614,0,614,0,0,40,5,0
6,700,21.000000,42.000000,0,2,767094,614,0,614,0,0,40,5,0
6,700,21.000000,42.000000,0,2,767096,614,0,614,0,0,40,5,0
6,700,21.000000,42.000000,0,2,767099,614,0,614,0,0,40,5,0
6,700,21.000000,42.000000,0,2,767102,614,0,614,0,0,40,5,0
6,700,21.000000,42.000000,0,2,767105,614,0,614,0,0,40,5,0
6,700,21.000000,42.000000,0,2,767108,614,0,614,0,0,40,5,0
6,700,21.000000,42.000000,0,2,767110,614,0,614,0,0,40,5,0
6,700,21.000000,42.000000,0,2,767113,614,0,614,0,0,40,5,0
6,700,21.000000,42.000000,0,2,767116,614,0,614,0,0,40,5,0
6,700,21.000000,42.000000,0,2,767118,614,0,614,0,0,40,5,0
6,700,21.000000,42.000000,0,2,767121,614,0,614,0,0,40,5,0
6,700,21.000000,42.000000,0,2,767124,614,0,614,0,0,40,5,0
6,700,21.000000,42.000000,0,2,767127,614,0,614,0,0,40,5,0
6,700,21.000000,42.000000,0,2,767130,614,0,614,0,0,40,5,0
6,700,21.000000,42.000000,0,2,767133,614,0,614,0,0,40,5,0
6,700,21.000000,42.000000,0,2,767135,614,0,614,0,0,40,5,0
6,700,21.000000,42.000000,0,2,767138,614,0,614,0,0,40,5,0
6,700,21.000000,42.000000,0,2,767141,614,0,614,0,0,40,5,0
6,700,21.000000,42.000000,0,2,767144,614,0,614,0,0,40,5,0
6,700,21.000000,42.000000,0,2,767147,614,0,614,0,0,40,5,0
6,700,21.000000,42.000000,0,2,767149,614,0,614,0,0,40,5,0
6,700,21.000000,42.000000,0,2,767152,614,0,614,0,0,40,5,0
6,700,21.000000,42.000000,0,2,767155,615,0,615,0,0,40,5,0
6,700,21.000000,42.000000,0,2,767158,616,0,616,0,0,40,5,0
6,700,21.000000,42.000000,0,2,767160,618,0,618,0,0,40,5,0
6,700,21.000000,42.000000,0,2,767163,619,0,619,0,0,40,5,0
6,700,21.000000,42.000000,0,2,767166,621,0,621,0,0,40,5,0
6,700,21.000000,42.000000,0,2,767169,623,0,623,0,0,40,5,0
6,700,21.000000,42.000000,0,2,767172,625,0,625,0,0,40,5,0
6,700,21.000000,42.000000,0,2,767175,628,0,628,0,0,40,5,0
6,700,21.000000,42.000000,0,2,767177,630,0,630,0,0,40,5,0
6,700,21.000000,42.000000,0,2,767180,632,0,632,0,0,40,5,0
6,700,21.000000,42.000000,0,2,767183,634,0,634,0,0,40,5,0
6,700,21.000000,42.000000,0,2,767185,637,0,637,0,0,40,5,0
6,700,21.000000,42.000000,0,2,767188,640,0,640,0,0,40,5,0
6,700,21.000000,42.000000,0,2,767191,645,0,645,0,0,40,5,0
6,700,21.000000,42.000000,0,2,767194,649,0,649,0,0,40,5,0
6,700,21.000000,42.000000,0,2,767197,653,0,653,0,0,40,5,0
6,700,21.000000,42.000000,0,2,767199,658,0,658,0,0,40,5,0
6,700,21.000000,42.000000,0,2,767202,663,0,663,-1,0,40,5,0
6,700,21.000000,42.000000,0,2,767205,669,0,669,-1,0,40,5,0
6,700,21.000000,42.000000,0,2,767208,675,0,675,-1,0,40,5,0
6,700,21.000000,42.000000,0,2,767210,679,0,679,-1,0,40,5,0
6,700,21.000000,42.000000,0,2,767213,686,0,686,-1,0,40,5,0
6,700,21.000000,42.000000,0,2,767216,694,0,694,-1,0,40,5,0
6,700,21.000000,42.000000,0,2,767219,701,0,701,-2,0,40,5,0
6,700,21.000000,42.000000,0,2,767222,712,0,712,-2,0,40,5,0
6,700,21.000000,42.000000,0,2,767224,719,0,719,-2,0,40,5,0
6,700,21.000000,42.000000,0,2,767227,726,0,726,-2,0,40,5,0
6,700,21.000000,42.000000,0,2,767230,742,0,742,-2,0,40,5,0
6,700,21.000000,42.000000,0,2,767233,753,0,753,-2,0,40,5,0
6,700,21.000000,42.000000,0,2,767236,764,0,764,-2,0,40,5,0
6,700,21.000000,42.000000,0,2,767238,770,0,770,-2,0,40,5,0
6,700,21.000000,42.000000,0,2,767241,781,0,781,-2,0,40,5,0
6,700,21.000000,42.000000,0,2,767244,798,0,798,-2,0,40,5,0
6,700,21.000000,42.000000,0,2,767246,805,0,805,-2,0,40,5,0
6,700,21.000000,42.000000,0,2,767249,823,0,823,-2,0,40,5,0
6,700,21.000000,42.000000,0,2,767252,830,0,830,-2,0,40,5,0
6,700,21.000000,42.000000,0,2,767255,846,0,846,-2,0,40,5,0
6,700,21.000000,42.000000,0,2,767257,853,0,853,-2,0,40,5,0
6,700,21.000000,42.000000,0,2,767260,863,0,863,-2,0,40,5,0
6,700,21.000000,42.000000,0,2,767263,871,0,871,-2,0,40,5,0
6,700,21.000000,42.000000,0,2,767266,882,0,882,-2,0,40,5,0
6,700,21.000000,42.000000,0,2,767269,898,0,898,-2,0,40,5,0
6,700,21.000000,42.000000,0,2,767271,904,0,904,-2,0,40,5,0
6,700,21.000000,42.000000,0,2,767274,922,0,922,-2,0,40,5,0
6,700,21.000000,42.000000,0,2,767277,929,0,929,-2,0,40,5,0
6,700,21.000000,42.000000,0,2,767280,937,0,937,-2,0,40,5,0
6,700,21.000000,42.000000,0,2,767282,952,0,952,-2,0,40,5,0
6,700,21.000000,42.000000,0,2,767286,960,0,960,-2,0,40,5,0
6,700,21.000000,42.000000,0,2,767288,971,0,971,-2,0,40,5,0
6,700,21.000000,42.000000,0,2,767291,976,0,976,-3,0,40,5,0
6,700,21.000000,42.000000,0,2,767294,987,0,987,-3,0,40,5,0
6,700,21.000000,42.000000,0,2,767297,995,0,995,-3,0,40,5,0
6,700,21.000000,42.000000,0,2,767299,1003,0,1003,-3,0,40,5,0
6,700,21.000000,42.000000,0,2,767302,1011,0,1011,-3,0,40,5,0
6,700,21.000000,42.000000,0,2,767305,1017,0,1017,-3,0,40,5,0
6,700,21.000000,42.000000,0,2,767308,1022,0,1022,-4,0,40,5,0
6,700,21.000000,42.000000,0,2,767311,1028,0,1028,-4,0,40,5,0
6,700,21.000000,42.000000,0,2,767313,1038,0,1038,-5,0,40,5,0
6,700,21.000000,42.000000,0,2,767316,1045,0,1045,-6,0,40,5,0
6,700,21.000000,42.000000,0,2,767319,1048,0,1048,-6,0,40,5,0
6,700,21.000000,42.000000,0,2,767322,1056,0,1056,-7,0,40,5,0
6,700,21.000000,42.000000,0,2,767324,1061,0,1061,-7,0,40,5,0
6,700,21.000000,42.000000,0,2,767327,1064,0,1064,-7,0,40,5,0
6,700,21.000000,42.000000,0,2,767330,1070,0,1070,-8,0,40,5,0
6,700,21.000000,42.000000,0,2,767332,1074,0,1074,-8,0,40,5,0
6,700,21.000000,42.000000,0,2,767335,1079,0,1079,-8,0,40,5,0
6,700,21.000000,42.000000,0,2,767338,1082,0,1082,-8,0,40,5,0
6,700,21.000000,42.000000,0,2,767341,1087,0,1087,-8,0,40,5,0
6,700,21.000000,42.000000,0,2,767344,1094,0,1094,-8,0,40,5,0
6,700,21.000000,42.000000,0,2,767346,1097,0,1097,-9,0,40,5,0
6,700,21.000000,42.000000,0,2,767349,1099,0,1099,-9,0,40,5,0
6,700,21.000000,42.000000,0,2,767352,1105,0,1105,-10,0,40,5,0
6,700,21.000000,42.000000,0,2,767355,1108,0,1108,-11,0,40,5,0
6,700,21.000000,42.000000,0,2,767358,1111,0,1111,-11,0,40,5,0
6,700,21.000000,42.000000,0,2,767360,1114,0,1114,-11,0,40,5,0
6,700,21.000000,42.000000,0,2,767363,1115,0,1115,-11,0,40,5,0
6,700,21.000000,42.000000,0,2,767366,1117,0,1117,-11,0,40,5,0
6,700,21.000000,42.000000,0,2,767369,1118,0,1118,-11,0,40,5,0
6,700,21.000000,42.000000,0,2,767371,1119,0,1119,-11,0,40,5,0
6,700,21.000000,42.000000,0,2,767375,1121,0,1121,-12,0,40,5,0
6,700,21.000000,42.000000,0,2,767377,1122,0,1122,-12,0,40,5,0
6,700,21.000000,42.000000,0,2,767380,1123,0,1123,-12,0,40,5,0
6,700,21.000000,42.000000,0,2,767382,1124,0,1124,-13,0,40,5,0
6,700,21.000000,42.000000,0,2,767385,1126,0,1126,-14,0,40,5,0
6,700,21.000000,42.000000,0,2,767388,1127,0,1127,-14,0,40,5,0
6,700,21.000000,42.000000,0,2,767391,1128,0,1128,-14,0,40,5,0
6,700,21.000000,42.000000,0,2,767394,1129,0,1129,-15,0,40,5,0
6,700,21.000000,42.000000,0,2,767396,1130,0,1130,-15,0,40,5,0
6,700,21.000000,42.000000,0,2,767399,1131,0,1131,-16,0,40,5,0
6,700,21.000000,42.000000,0,2,767402,1132,0,1132,-16,0,40,5,0
6,700,21.000000,42.000000,0,2,767405,1133,0,1133,-16,0,40,5,0
6,700,21.000000,42.000000,0,2,767408,1134,0,1134,-16,0,40,5,0
6,700,21.000000,42.000000,0,2,767411,1135,0,1135,-16,0,40,5,0
6,700,21.000000,42.000000,0,2,767413,1136,0,1136,-17,0,40,5,0
6,700,21.000000,42.000000,0,2,767416,1137,0,1137,-18,0,40,5,0
6,700,21.000000,42.000000,0,2,767419,1138,0,1138,-18,0,40,5,0
6,700,21.000000,42.000000,0,2,767422,1139,0,1139,-18,0,40,5,0
6,700,21.000000,42.000000,0,2,767424,1140,0,1140,-18,0,40,5,0
6,700,21.000000,42.000000,0,2,767427,1141,0,1141,-18,0,40,5,0
6,700,21.000000,42.000000,0,2,767430,1142,0,1142,-18,0,40,5,0
6,700,21.000000,42.000000,0,2,767433,1143,0,1143,-18,0,40,5,0
6,700,21.000000,42.000000,0,2,767435,1144,0,1144,-18,0,40,5,0
6,700,21.000000,42.000000,0,2,767438,1145,0,1145,-18,0,40,5,0
6,700,21.000000,42.000000,0,2,767441,1147,0,1147,-18,0,40,5,0
6,700,21.000000,42.000000,0,2,767444,1148,0,1148,-18,0,40,5,0
6,700,21.000000,42.000000,0,2,767447,1150,0,1150,-18,0,40,5,0
6,700,21.000000,42.000000,0,2,767449,1152,0,1152,-18,0,40,5,0
6,700,21.000000,42.000000,0,2,767452,1154,0,1154,-18,0,40,5,0
6,700,21.000000,42.000000,0,2,767455,1156,0,1156,-18,0,40,5,0
6,700,21.000000,42.000000,0,2,767458,1159,0,1159,-18,0,40,5,0
6,700,21.000000,42.000000,0,2,767460,1161,0,1161,-19,0,40,5,0
6,700,21.000000,42.000000,0,2,767463,1162,0,1162,-19,0,40,5,0
6,700,21.000000,42.000000,0,2,767466,1164,0,1164,-19,0,40,5,0
6,700,21.000000,42.000000,0,2,767469,1165,0,1165,-19,0,40,5,0
6,700,21.000000,42.000000,0,2,767472,1168,0,1168,-19,0,40,5,0
6,700,21.000000,42.000000,0,2,767474,1170,0,1170,-19,0,40,5,0
6,700,21.000000,42.000000,0,2,767477,1171,0,1171,-19,0,40,5,0
6,700,21.000000,42.000000,0,2,767480,1173,0,1173,-19,0,40,5,0
6,700,21.000000,42.000000,0,2,767483,1175,0,1175,-19,0,40,5,0
6,700,21.000000,42.000000,0,2,767485,1177,0,1177,-19,0,40,5,0
6,700,21.000000,42.000000,0,2,767488,1178,0,1178,-19,0,40,5,0
6,700,21.000000,42.000000,0,2,767491,1181,0,1181,-19,0,40,5,0
6,700,21.000000,42.000000,0,2,767494,1183,0,1183,-19,0,40,5,0
6,700,21.000000,42.000000,0,2,767497,1184,0,1184,-19,0,40,5,0
6,700,21.000000,42.000000,0,2,767499,1186,0,1186,-19,0,40,5,0
6,700,21.000000,42.000000,0,2,767502,1187,0,1187,-19,0,40,5,0
6,700,21.000000,42.000000,0,2,767505,1189,0,1189,-19,0,40,5,0
6,700,21.000000,42.000000,0,2,767508,1192,0,1192,-19,0,40,5,0
6,700,21.000000,42.000000,0,2,767510,1194,0,1194,-19,0,40,5,0
6,700,21.000000,42.000000,0,2,767513,1196,0,1196,-19,0,40,5,0
6,700,21.000000,42.000000,0,2,767516,1198,0,1198,-19,0,40,5,0
6,700,21.000000,42.000000,0,2,767519,1200,0,1200,-19,0,40,5,0
6,700,21.000000,42.000000,0,2,767522,1202,0,1202,-19,0,40,5,0
6,700,21.000000,42.000000,0,2,767524,1206,0,1206,-19,0,40,5,0
6,700,21.000000,42.000000,0,2,767527,1207,0,1207,-19,0,40,5,0
6,700,21.000000,42.000000,0,2,767530,1208,0,1208,-19,0,40,5,0
6,700,21.000000,42.000000,0,2,767533,1209,0,1209,-19,0,40,5,0
6,700,21.000000,42.000000,0,2,767535,1211,0,1211,-19,0,40,5,0
6,700,21.000000,42.000000,0,2,767538,1213,0,1213,-19,0,40,5,0
6,700,21.000000,42.000000,0,2,767541,1216,0,1216,-19,0,40,5,0
6,700,21.000000,42.000000,0,2,767544,1219,0,1219,-19,0,40,5,0
6,700,21.000000,42.000000,0,2,767547,1221,0,1221,-19,0,40,5,0
6,700,21.000000,42.000000,0,2,767549,1223,0,1223,-19,0,40,5,0
6,700,21.000000,42.000000,0,2,767552,1224,0,1224,-19,0,40,5,0
6,700,21.000000,42.000000,0,2,767555,1226,0,1226,-19,0,40,5,0
6,700,21.000000,42.000000,0,2,767558,1228,0,1228,-19,0,40,5,0
6,700,21.000000,42.000000,0,2,767560,1230,0,1230,-19,0,40,5,0
6,700,21.000000,42.000000,0,2,767563,1231,0,1231,-19,0,40,5,0
6,700,21.000000,42.000000,0,2,767566,1232,0,1232,-19,0,40,5,0
6,700,21.000000,42.000000,0,2,767569,1234,0,1234,-19,0,40,5,0
6,700,21.000000,42.000000,0,2,767572,1235,0,1235,-19,0,40,5,0
6,700,21.000000,42.000000,0,2,767574,1237,0,1237,-19,0,40,5,0
6,700,21.000000,42.000000,0,2,767577,1239,0,1239,-19,0,40,5,0
6,700,21.000000,42.000000,0,2,767580,1241,0,1241,-19,0,40,5,0
6,700,21.000000,42.000000,0,2,767583,1242,0,1242,-19,0,40,5,0
6,700,21.000000,42.000000,0,2,767585,1243,0,1243,-19,0,40,5,0
6,700,21.000000,42.000000,0,2,767588,1244,0,1244,-19,0,40,5,0
6,700,21.000000,42.000000,0,2,767591,1245,0,1245,-19,0,40,5,0
6,700,21.000000,42.000000,0,2,767594,1246,0,1246,-19,0,40,5,0
6,700,21.000000,42.000000,0,2,767597,1247,0,1247,-19,0,40,5,0
6,700,21.000000,42.000000,0,2,767600,1248,0,1248,-19,0,40,5,0
6,700,21.000000,42.000000,0,2,767602,1249,0,1249,-19,0,40,5,0
6,700,21.000000,42.000000,0,2,767605,1250,0,1250,-19,0,40,5,0
6,700,21.000000,42.000000,0,2,767608,1251,0,1251,-19,0,40,5,0
6,700,21.000000,42.000000,0,2,767611,1252,0,1252,-19,0,40,5,0
6,700,21.000000,42.000000,0,2,767613,1253,0,1253,-19,0,40,5,0
6,700,21.000000,42.000000,0,2,767616,1254,0,1254,-19,0,40,5,0
6,700,21.000000,42.000000,0,2,767619,1255,0,1255,-19,0,40,5,0
6,700,21.000000,42.000000,0,2,767622,1256,0,1256,-19,0,40,5,0
6,700,21.000000,42.000000,0,2,767624,1257,0,1257,-19,0,40,5,0
6,700,21.000000,42.000000,0,2,767627,1259,0,1259,-19,0,40,5,0
6,700,21.000000,42.000000,0,2,767630,1259,0,1259,-19,0,40,5,0
6,700,21.000000,42.000000,0,2,767633,1260,0,1260,-19,0,40,5,0
6,700,21.000000,42.000000,0,2,767635,1261,0,1261,-19,0,40,5,0
6,700,21.000000,42.000000,0,2,767638,1262,0,1262,-19,0,40,5,0
6,700,21.000000,42.000000,0,2,767641,1263,0,1263,-19,0,40,5,0
6,700,21.000000,42.000000,0,2,767644,1264,0,1264,-19,0,40,5,0
6,700,21.000000,42.000000,0,2,767647,1266,0,1266,-19,0,40,5,0
6,700,21.000000,42.000000,0,2,767649,1267,0,1267,-19,0,40,5,0
6,700,21.000000,42.000000,0,2,767652,1268,0,1268,-19,0,40,5,0
6,700,21.000000,42.000000,0,2,767655,1269,0,1269,-19,0,40,5,0
6,700,21.000000,42.000000,0,2,767658,1270,0,1270,-19,0,40,5,0
6,700,21.000000,42.000000,0,2,767661,1271,0,1271,-20,0,40,5,0
6,700,21.000000,42.000000,0,2,767664,1272,0,1272,-21,0,40,5,0
6,700,21.000000,42.000000,0,2,767666,1273,0,1273,-21,0,40,5,0
6,700,21.000000,42.000000,0,2,767669,1274,0,1274,-21,0,40,5,0
6,700,21.000000,42.000000,0,2,767672,1275,0,1275,-21,0,40,5,0
6,700,21.000000,42.000000,0,2,767675,1275,0,1275,-21,0,40,5,0
6,700,21.000000,42.000000,0,2,767677,1276,0,1276,-21,0,40,5,0
6,700,21.000000,42.000000,0,2,767680,1276,0,1276,-21,0,40,5,0
6,700,21.000000,42.000000,0,2,767683,1277,0,1277,-21,0,40,5,0
6,700,21.000000,42.000000,0,2,767686,1277,0,1277,-21,0,40,5,0
6,700,21.000000,42.000000,0,2,767689,1278,0,1278,-21,0,40,5,0
6,700,21.000000,42.000000,0,2,767691,1279,0,1279,-21,0,40,5,0
6,700,21.000000,42.000000,0,2,767694,1279,0,1279,-21,0,40,5,0
6,700,21.000000,42.000000,0,2,767697,1280,0,1280,-21,0,40,5,0
6,700,21.000000,42.000000,0,2,767700,1281,0,1281,-21,0,40,5,0
6,700,21.000000,42.000000,0,2,767702,1281,0,1281,-21,0,40,5,0
6,700,21.000000,42.000000,0,2,767705,1282,0,1282,-21,0,40,5,0
6,700,21.000000,42.000000,0,2,767708,1283,0,1283,-21,0,40,5,0
6,700,21.000000,42.000000,0,2,767711,1284,0,1284,-21,0,40,5,0
6,700,21.000000,42.000000,0,2,767714,1285,0,1285,-21,0,40,5,0
6,700,21.000000,42.000000,0,2,767716,1286,0,1286,-21,0,40,5,0
6,700,21.000000,42.000000,0,2,767719,1287,0,1287,-21,0,40,5,0
6,700,21.000000,42.000000,0,2,767722,1288,0,1288,-21,0,40,5,0
6,700,21.000000,42.000000,0,2,767725,1289,0,1289,-21,0,40,5,0
6,700,21.000000,42.000000,0,2,767728,1290,0,1290,-21,0,40,5,0
6,700,21.000000,42.000000,0,2,767730,1290,0,1290,-22,0,40,5,0
6,700,21.000000,42.000000,0,2,767733,1291,0,1291,-23,0,40,5,0
6,700,21.000000,42.000000,0,2,767736,1292,0,1292,-23,0,40,5,0
6,700,21.000000,42.000000,0,2,767739,1293,0,1293,-23,0,40,5,0
6,700,21.000000,42.000000,0,2,767741,1293,0,1293,-23,0,40,5,0
6,700,21.000000,42.000000,0,2,767744,1294,0,1294,-23,0,40,5,0
6,700,21.000000,42.000000,0,2,767747,1295,0,1295,-23,0,40,5,0
6,700,21.000000,42.000000,0,2,767750,1296,0,1296,-23,0,40,5,0
6,700,21.000000,42.000000,0,2,767753,1297,0,1297,-23,0,40,5,0
6,700,21.000000,42.000000,0,2,767755,1297,0,1297,-23,0,40,5,0
6,700,21.000000,42.000000,0,2,767758,1297,0,1297,-23,0,40,5,0
6,700,21.000000,42.000000,0,2,767761,1297,0,1297,-23,0,40,5,0
6,700,21.000000,42.000000,0,2,767763,1297,0,1297,-23,0,40,5,0
6,700,21.000000,42.000000,0,2,767766,1297,0,1297,-23,0,40,5,0
6,700,21.000000,42.000000,0,2,767769,1297,0,1297,-23,0,40,5,0
6,700,21.000000,42.000000,0,2,767772,1297,0,1297,-23,0,40,5,0
6,700,21.000000,42.000000,0,2,767774,1297,0,1297,-23,0,40,5,0
6,700,21.000000,42.000000,0,2,767778,1297,0,1297,-23,0,40,5,0
6,700,21.000000,42.000000,0,2,767780,1297,0,1297,-23,0,40,5,0
6,700,21.000000,42.000000,0,2,767783,1297,0,1297,-23,0,40,5,0
6,700,21.000000,42.000000,0,2,767786,1297,0,1297,-23,0,40,5,0
6,700,21.000000,42.000000,0,2,767788,1297,0,1297,-23,0,40,5,0
6,700,21.000000,42.000000,0,2,767791,1297,0,1297,-23,0,40,5,0
6,700,21.000000,42.000000,0,2,767794,1297,0,1297,-23,0,40,5,0
6,700,21.000000,42.000000,0,2,767797,1297,0,1297,-23,0,40,5,0
6,700,21.000000,42.000000,0,2,767799,1297,0,1297,-23,0,40,5,0
6,700,21.000000,42.000000,0,2,767802,1297,0,1297,-23,0,40,5,0
6,700,21.000000,42.000000,0,2,767805,1297,0,1297,-23,0,40,5,0
6,700,21.000000,42.000000,0,2,767808,1297,0,1297,-23,0,40,5,0
6,700,21.000000,42.000000,0,2,767811,1297,0,1297,-23,0,40,5,0
6,700,21.000000,42.000000,0,2,767813,1297,0,1297,-23,0,40,5,0
6,700,21.000000,42.000000,0,2,767816,1297,0,1297,-23,0,40,5,0
6,700,21.000000,42.000000,0,2,767819,1297,0,1297,-23,0,40,5,0
6,700,21.000000,42.000000,0,2,767822,1297,0,1297,-23,0,40,5,0
6,700,21.000000,42.000000,0,2,767824,1298,0,1298,-23,0,40,5,0
6,700,21.000000,42.000000,0,2,767827,1298,0,1298,-23,0,40,5,0
6,700,21.000000,42.000000,0,2,767830,1298,0,1298,-23,0,40,5,0
6,700,21.000000,42.000000,0,2,767833,1298,0,1298,-23,0,40,5,0
6,700,21.000000,42.000000,0,2,767836,1298,0,1298,-23,0,40,5,0
6,700,21.000000,42.000000,0,2,767838,1298,0,1298,-23,0,40,5,0
6,700,21.000000,42.000000,0,2,767841,1298,0,1298,-23,0,40,5,0
6,700,21.000000,42.000000,0,2,767844,1298,0,1298,-23,0,40,5,0
6,700,21.000000,42.000000,0,2,767847,1298,0,1298,-23,0,40,5,0
6,700,21.000000,42.000000,0,2,767849,1298,0,1298,-23,0,40,5,0
6,700,21.000000,42.000000,0,2,767852,1298,0,1298,-23,0,40,5,0
6,700,21.000000,42.000000,0,2,767855,1298,0,1298,-23,0,40,5,0
6,700,21.000000,42.000000,0,2,767858,1298,0,1298,-23,0,40,5,0
6,700,21.000000,42.000000,0,2,767861,1298,0,1298,-23,0,40,5,0
6,700,21.000000,42.000000,0,2,767864,1298,0,1298,-23,0,40,5,0
6,700,21.000000,42.000000,0,2,767866,1298,0,1298,-23,0,40,5,0
6,700,21.000000,42.000000,0,2,767869,1298,0,1298,-23,0,40,5,0
6,700,21.000000,42.000000,0,2,767872,1298,0,1298,-23,0,40,5,0
6,700,21.000000,42.000000,0,2,767874,1298,0,1298,-23,0,40,5,0
6,700,21.000000,42.000000,0,2,767877,1298,0,1298,-23,0,40,5,0
6,700,21.000000,42.000000,0,2,767880,1298,0,1298,-23,0,40,5,0
6,700,21.000000,42.000000,0,2,767883,1298,0,1298,-23,0,40,5,0
6,700,21.000000,42.000000,0,2,767886,1298,0,1298,-23,0,40,5,0
6,700,21.000000,42.000000,0,2,767888,1298,0,1298,-23,0,40,5,0
6,700,21.000000,42.000000,0,2,767892,1298,0,1298,-23,0,40,5,0
6,700,21.000000,42.000000,0,2,767894,1298,0,1298,-23,0,40,5,0
6,700,21.000000,42.000000,0,2,767897,1298,0,1298,-23,0,40,5,0
6,700,21.000000,42.000000,0,2,767900,1298,0,1298,-23,0,40,5,0
6,700,21.000000,42.000000,0,2,767902,1298,0,1298,-23,0,40,5,0
6,700,21.000000,42.000000,0,2,767905,1298,0,1298,-23,0,40,5,0
6,700,21.000000,42.000000,0,2,767908,1299,0,1299,-23,0,40,5,0
6,700,21.000000,42.000000,0,2,767911,1300,0,1300,-23,0,40,5,0
6,700,21.000000,42.000000,0,2,767913,1300,0,1300,-23,0,40,5,0
6,700,21.000000,42.000000,0,2,767916,1300,0,1300,-23,0,40,5,0
6,700,21.000000,42.000000,0,2,767919,1300,0,1300,-23,0,40,5,0
6,700,21.000000,42.000000,0,2,767922,1300,0,1300,-23,0,40,5,0
6,700,21.000000,42.000000,0,2,767925,1300,0,1300,-23,0,40,5,0
6,700,21.000000,42.000000,0,2,767927,1300,0,1300,-23,0,40,5,0
6,700,21.000000,42.000000,0,2,767930,1300,0,1300,-23,0,40,5,0
6,700,21.000000,42.000000,0,2,767933,1300,0,1300,-23,0,40,5,0
6,700,21.000000,42.000000,0,2,767936,1300,0,1300,-23,0,40,5,0
6,700,21.000000,42.000000,0,2,767938,1300,0,1300,-24,0,40,5,0
6,700,21.000000,42.000000,0,2,767941,1300,0,1300,-25,0,40,5,0
6,700,21.000000,42.000000,0,2,767944,1300,0,1300,-25,0,40,5,0
6,700,21.000000,42.000000,0,2,767947,1300,0,1300,-25,0,40,5,0
6,700,21.000000,42.000000,0,2,767950,1301,0,1301,-25,0,40,5,0
6,700,21.000000,42.000000,0,2,767952,1302,0,1302,-25,0,40,5,0
6,700,21.000000,42.000000,0,2,767955,1302,0,1302,-25,0,40,5,0
6,700,21.000000,42.000000,0,2,767958,1302,0,1302,-25,0,40,5,0
6,700,21.000000,42.000000,0,2,767961,1302,0,1302,-25,0,40,5,0
6,700,21.000000,42.000000,0,2,767964,1302,0,1302,-25,0,40,5,0
6,700,21.000000,42.000000,0,2,767966,1303,0,1303,-25,0,40,5,0
6,700,21.000000,42.000000,0,2,767969,1304,0,1304,-25,0,40,5,0
6,700,21.000000,42.000000,0,2,767972,1304,0,1304,-25,0,40,5,0
6,700,21.000000,42.000000,0,2,767975,1304,0,1304,-25,0,40,5,0
6,700,21.000000,42.000000,0,2,767978,1304,0,1304,-25,0,40,5,0
6,700,21.000000,42.000000,0,2,767980,1304,0,1304,-25,0,40,5,0
6,700,21.000000,42.000000,0,2,767983,1304,0,1304,-25,0,40,5,0
6,700,21.000000,42.000000,0,2,767986,1304,0,1304,-25,0,40,5,0
6,700,21.000000,42.000000,0,2,767988,1304,0,1304,-25,0,40,5,0
6,700,21.000000,42.000000,0,2,767991,1304,0,1304,-25,0,40,5,0
6,700,21.000000,42.000000,0,2,767994,1304,0,1304,-25,0,40,5,0
6,700,21.000000,42.000000,0,2,767997,1304,0,1304,-25,0,40,5,0
6,700,21.000000,42.000000,0,2,768000,1304,0,1304,-25,0,40,5,0
6,700,21.000000,42.000000,0,2,768002,1304,0,1304,-25,0,40,5,0
6,700,21.000000,42.000000,0,2,768005,1304,0,1304,-25,0,40,5,0
6,700,21.000000,42.000000,0,2,768008,1304,0,1304,-25,0,40,5,0
6,700,21.000000,42.000000,0,2,768011,1304,0,1304,-25,0,40,5,0
6,700,21.000000,42.000000,0,2,768013,1304,0,1304,-25,0,40,5,0
6,700,21.000000,42.000000,0,2,768016,1304,0,1304,-25,0,40,5,0
6,700,21.000000,42.000000,0,2,768019,1304,0,1304,-25,0,40,5,0
6,700,21.000000,42.000000,0,2,768022,1304,0,1304,-25,0,40,5,0
6,700,21.000000,42.000000,0,2,768025,1304,0,1304,-25,0,40,5,0
6,700,21.000000,42.000000,0,2,768027,1304,0,1304,-25,0,40,5,0
6,700,21.000000,42.000000,0,2,768030,1304,0,1304,-25,0,40,5,0
6,700,21.000000,42.000000,0,2,768033,1304,0,1304,-25,0,40,5,0
6,700,21.000000,42.000000,0,2,768036,1304,0,1304,-25,0,40,5,0
6,700,21.000000,42.000000,0,2,768038,1305,0,1305,-25,0,40,5,0
6,700,21.000000,42.000000,0,2,768041,1305,0,1305,-25,0,40,5,0
6,700,21.000000,42.000000,0,2,768044,1305,0,1305,-25,0,40,5,0
6,700,21.000000,42.000000,0,2,768047,1305,0,1305,-25,0,40,5,0
6,700,21.000000,42.000000,0,2,768050,1305,0,1305,-25,0,40,5,0
6,700,21.000000,42.000000,0,2,768052,1305,0,1305,-25,0,40,5,0
6,700,21.000000,42.000000,0,2,768055,1305,0,1305,-25,0,40,5,0
6,700,21.000000,42.000000,0,2,768058,1305,0,1305,-25,0,40,5,0
6,700,21.000000,42.000000,0,2,768061,1305,0,1305,-25,0,40,5,0
6,700,21.000000,42.000000,0,2,768064,1305,0,1305,-25,0,40,5,0
6,700,21.000000,42.000000,0,2,768066,1305,0,1305,-25,0,40,5,0
6,700,21.000000,42.000000,0,2,768069,1305,0,1305,-25,0,40,5,0
6,700,21.000000,42.000000,0,2,768072,1305,0,1305,-25,0,40,5,0
6,700,21.000000,42.000000,0,2,768075,1305,0,1305,-25,0,40,5,0
6,700,21.000000,42.000000,0,2,768078,1305,0,1305,-25,0,40,5,0
6,700,21.000000,42.000000,0,2,768081,1305,0,1305,-25,0,40,5,0
6,700,21.000000,42.000000,0,2,768083,1305,0,1305,-25,0,40,5,0
6,700,21.000000,42.000000,0,2,768086,1305,0,1305,-25,0,40,5,0
6,700,21.000000,42.000000,0,2,768089,1305,0,1305,-25,0,40,5,0
6,700,21.000000,42.000000,0,2,768092,1305,0,1305,-25,0,40,5,0
6,700,21.000000,42.000000,0,2,768094,1305,0,1305,-25,0,40,5,0
6,700,21.000000,42.000000,0,2,768097,1305,0,1305,-25,0,40,5,0
6,700,21.000000,42.000000,0,2,768100,1305,0,1305,-25,0,40,5,0
6,700,21.000000,42.000000,0,2,768103,1305,0,1305,-25,0,40,5,0
6,700,21.000000,42.000000,0,2,768105,1305,0,1305,-25,0,40,5,0
6,700,21.000000,42.000000,0,2,768108,1305,0,1305,-25,0,40,5,0
6,700,21.000000,42.000000,0,2,768122,1305,0,1305,-25,0,40,5,0
