6,350,21.000000,42.000000,2,0,1226911196,789,0,789,0,0,54,8
6,350,21.000000,42.000000,2,0,1226911197,789,0,789,0,0,54,8
6,350,21.000000,42.000000,2,0,1226911200,789,0,789,0,0,54,8
6,350,21.000000,42.000000,2,0,1226911203,789,0,789,0,0,54,8
6,350,21.000000,42.000000,2,0,1226911205,789,0,789,0,0,54,8
6,350,21.000000,42.000000,2,0,1226911208,789,0,789,0,0,54,8
6,350,21.000000,42.000000,2,0,1226911211,789,0,789,0,0,54,8
6,350,21.000000,42.000000,2,0,1226911213,789,0,789,0,0,54,8
6,350,21.000000,42.000000,2,0,1226911216,789,0,789,0,0,54,8
6,350,21.000000,42.000000,2,0,1226911219,789,0,789,0,0,54,8
6,350,21.000000,42.000000,2,0,1226911222,789,0,789,0,0,54,8
6,350,21.000000,42.000000,2,0,1226911224,789,0,789,0,0,54,8
6,350,21.000000,42.000000,2,0,1226911228,789,0,789,0,0,54,8
6,350,21.000000,42.000000,2,0,1226911230,789,0,789,0,0,54,8
6,350,21.000000,42.000000,2,0,1226911233,789,0,789,0,0,54,8
6,350,21.000000,42.000000,2,0,1226911236,789,0,789,0,0,54,8
6,350,21.000000,42.000000,2,0,1226911238,789,0,789,0,0,54,8
6,350,21.000000,42.000000,2,0,1226911241,789,0,789,0,0,54,8
6,350,21.000000,42.000000,2,0,1226911244,789,0,789,0,0,54,8
6,350,21.000000,42.000000,2,0,1226911247,789,0,789,0,0,54,8
6,350,21.000000,42.000000,2,0,1226911249,789,0,789,0,0,54,8
6,350,21.000000,42.000000,2,0,1226911252,789,0,789,0,0,54,8
6,350,21.000000,42.000000,2,0,1226911255,789,0,789,0,0,54,8
6,350,21.000000,42.000000,2,0,1226911258,789,0,789,0,0,54,8
6,350,21.000000,42.000000,2,0,1226911261,789,0,789,0,0,54,8
6,350,21.000000,42.000000,2,0,1226911263,789,0,789,0,0,54,8
6,350,21.000000,42.000000,2,0,1226911266,789,0,789,0,0,54,8
6,350,21.000000,42.000000,2,0,1226911269,789,0,789,0,0,54,8
6,350,21.000000,42.000000,2,0,1226911272,789,0,789,0,0,54,8
6,350,21.000000,42.000000,2,0,1226911275,789,0,789,0,0,54,8
6,350,21.000000,42.000000,2,0,1226911277,789,0,789,0,0,54,8
6,350,21.000000,42.000000,2,0,1226911280,789,0,789,0,0,54,8
6,350,21.000000,42.000000,2,0,1226911283,789,0,789,0,0,54,8
6,350,21.000000,42.000000,2,0,1226911286,789,0,789,0,0,54,8
6,350,21.000000,42.000000,2,0,1226911289,789,0,789,0,0,54,8
6,350,21.000000,42.000000,2,0,1226911291,789,0,789,0,0,54,8
6,350,21.000000,42.000000,2,0,1226911294,789,0,789,0,0,54,8
6,350,21.000000,42.000000,2,0,1226911297,789,0,789,0,0,54,8
6,350,21.000000,42.000000,2,0,1226911299,789,0,789,0,0,54,8
6,350,21.000000,42.000000,2,0,1226911302,789,1,789,1,0,54,8
6,350,21.000000,42.000000,2,0,1226911305,789,3,789,3,0,54,8
6,350,21.000000,42.000000,2,0,1226911309,789,3,789,3,0,54,8
6,350,21.000000,42.000000,2,0,1226911312,790,4,790,4,0,54,8
6,350,21.000000,42.000000,2,0,1226911314,791,6,791,6,0,54,8
6,350,21.000000,42.000000,2,0,1226911317,792,8,792,8,0,54,8
6,350,21.000000,42.000000,2,0,1226911319,792,9,792,9,0,54,8
6,350,21.000000,42.000000,2,0,1226911322,793,9,793,9,0,54,8
6,350,21.000000,42.000000,2,0,1226911325,795,12,795,12,0,54,8
6,350,21.000000,42.000000,2,0,1226911327,797,13,797,13,0,54,8
6,350,21.000000,42.000000,2,0,1226911330,799,15,799,15,0,54,8
6,350,21.000000,42.000000,2,0,1226911333,799,16,799,16,0,54,8
6,350,21.000000,42.000000,2,0,1226911336,802,19,802,19,0,54,8
6,350,21.000000,42.000000,2,0,1226911339,804,21,804,21,0,54,8
6,350,21.000000,42.000000,2,0,1226911341,805,23,805,23,0,54,8
6,350,21.000000,42.000000,2,0,1226911344,808,25,808,25,0,54,8
6,350,21.000000,42.000000,2,0,1226911347,812,27,812,27,0,54,8
6,350,21.000000,42.000000,2,0,1226911349,817,29,817,29,0,54,8
6,350,21.000000,42.000000,2,0,1226911352,822,34,822,34,0,54,8
6,350,21.000000,42.000000,2,0,1226911355,824,36,824,36,0,54,8
6,350,21.000000,42.000000,2,0,1226911358,829,38,829,38,0,54,8
6,350,21.000000,42.000000,2,0,1226911361,831,40,831,40,0,54,8
6,350,21.000000,42.000000,2,0,1226911364,836,43,836,43,0,54,8
6,350,21.000000,42.000000,2,0,1226911367,839,44,839,44,0,54,8
6,350,21.000000,42.000000,2,0,1226911369,844,47,844,47,0,54,8
6,350,21.000000,42.000000,2,0,1226911372,845,47,845,47,0,54,8
6,350,21.000000,42.000000,2,0,1226911375,848,49,848,49,0,54,8
6,350,21.000000,42.000000,2,0,1226911378,852,51,852,51,0,54,8
6,350,21.000000,42.000000,2,0,1226911380,855,52,855,52,0,54,8
6,350,21.000000,42.000000,2,0,1226911383,858,54,858,54,0,54,8
6,350,21.000000,42.000000,2,0,1226911386,862,56,862,56,0,54,8
6,350,21.000000,42.000000,2,0,1226911389,864,56,864,56,0,54,8
6,350,21.000000,42.000000,2,0,1226911391,868,57,868,57,0,54,8
6,350,21.000000,42.000000,2,0,1226911394,871,58,871,58,0,54,8
6,350,21.000000,42.000000,2,0,1226911397,874,59,874,59,0,54,8
6,350,21.000000,42.000000,2,0,1226911400,877,60,877,60,0,54,8
6,350,21.000000,42.000000,2,0,1226911403,880,61,880,61,0,54,8
6,350,21.000000,42.000000,2,0,1226911405,883,62,883,62,0,54,8
6,350,21.000000,42.000000,2,0,1226911408,886,62,886,62,0,54,8
6,350,21.000000,42.000000,2,0,1226911411,888,63,888,63,0,54,8
6,350,21.000000,42.000000,2,0,1226911413,893,65,893,65,0,54,8
6,350,21.000000,42.000000,2,0,1226911416,897,65,897,65,0,54,8
6,350,21.000000,42.000000,2,0,1226911419,900,65,900,65,0,54,8
6,350,21.000000,42.000000,2,0,1226911422,904,65,904,65,0,54,8
6,350,21.000000,42.000000,2,0,1226911425,911,66,911,66,0,54,8
6,350,21.000000,42.000000,2,0,1226911427,915,66,915,66,0,54,8
6,350,21.000000,42.000000,2,0,1226911430,921,68,921,68,0,54,8
6,350,21.000000,42.000000,2,0,1226911433,928,68,928,68,0,54,8
6,350,21.000000,42.000000,2,0,1226911436,936,69,936,69,0,54,8
6,350,21.000000,42.000000,2,0,1226911438,942,69,942,69,0,54,8
6,350,21.000000,42.000000,2,0,1226911441,948,69,948,69,0,54,8
6,350,21.000000,42.000000,2,0,1226911444,954,70,954,70,0,54,8
6,350,21.000000,42.000000,2,0,1226911447,961,70,961,70,0,54,8
6,350,21.000000,42.000000,2,0,1226911450,966,70,966,70,0,54,8
6,350,21.000000,42.000000,2,0,1226911452,973,70,973,70,0,54,8
6,350,21.000000,42.000000,2,0,1226911455,979,70,979,70,0,54,8
6,350,21.000000,42.000000,2,0,1226911458,986,70,986,70,0,54,8
6,350,21.000000,42.000000,2,0,1226911461,991,70,991,70,0,54,8
6,350,21.000000,42.000000,2,0,1226911463,996,70,996,70,0,54,8
6,350,21.000000,42.000000,2,0,1226911466,1003,70,1003,70,0,54,8
6,350,21.000000,42.000000,2,0,1226911469,1010,70,1010,70,0,54,8
6,350,21.000000,42.000000,2,0,1226911472,1015,70,1015,70,0,54,8
6,350,21.000000,42.000000,2,0,1226911475,1019,70,1019,70,0,54,8
6,350,21.000000,42.000000,2,0,1226911477,1023,70,1023,70,0,54,8
6,350,21.000000,42.000000,2,0,1226911480,1027,70,1027,70,0,54,8
6,350,21.000000,42.000000,2,0,1226911483,1031,70,1031,70,0,54,8
6,350,21.000000,42.000000,2,0,1226911486,1035,70,1035,70,0,54,8
6,350,21.000000,42.000000,2,0,1226911489,1039,69,1039,69,0,54,8
6,350,21.000000,42.000000,2,0,1226911491,1042,69,1042,69,0,54,8
6,350,21.000000,42.000000,2,0,1226911494,1045,69,1045,69,0,54,8
6,350,21.000000,42.000000,2,0,1226911497,1047,69,1047,69,0,54,8
6,350,21.000000,42.000000,2,0,1226911500,1050,69,1050,69,0,54,8
6,350,21.000000,42.000000,2,0,1226911502,1054,68,1054,68,0,54,8
6,350,21.000000,42.000000,2,0,1226911505,1058,68,1058,68,0,54,8
6,350,21.000000,42.000000,2,0,1226911508,1061,68,1061,68,0,54,8
6,350,21.000000,42.000000,2,0,1226911511,1062,68,1062,68,0,54,8
6,350,21.000000,42.000000,2,0,1226911513,1064,67,1064,67,0,54,8
6,350,21.000000,42.000000,2,0,1226911516,1068,67,1068,67,0,54,8
6,350,21.000000,42.000000,2,0,1226911519,1072,67,1072,67,0,54,8
6,350,21.000000,42.000000,2,0,1226911522,1074,66,1074,66,0,54,8
6,350,21.000000,42.000000,2,0,1226911525,1075,64,1075,64,0,54,8
6,350,21.000000,42.000000,2,0,1226911528,1078,63,1078,63,0,54,8
6,350,21.000000,42.000000,2,0,1226911531,1080,62,1080,62,0,54,8
6,350,21.000000,42.000000,2,0,1226911533,1083,61,1083,61,0,54,8
6,350,21.000000,42.000000,2,0,1226911536,1085,60,1085,60,0,54,8
6,350,21.000000,42.000000,2,0,1226911539,1087,60,1087,60,0,54,8
6,350,21.000000,42.000000,2,0,1226911541,1088,59,1088,59,0,54,8
6,350,21.000000,42.000000,2,0,1226911544,1090,59,1090,59,0,54,8
6,350,21.000000,42.000000,2,0,1226911547,1091,59,1091,59,0,54,8
6,350,21.000000,42.000000,2,0,1226911550,1092,59,1092,59,0,54,8
6,350,21.000000,42.000000,2,0,1226911553,1093,57,1093,57,0,54,8
6,350,21.000000,42.000000,2,0,1226911555,1094,57,1094,57,0,54,8
6,350,21.000000,42.000000,2,0,1226911558,1095,57,1095,57,0,54,8
6,350,21.000000,42.000000,2,0,1226911561,1095,57,1095,57,0,54,8
6,350,21.000000,42.000000,2,0,1226911564,1096,57,1096,57,0,54,8
6,350,21.000000,42.000000,2,0,1226911567,1096,57,1096,57,0,54,8
6,350,21.000000,42.000000,2,0,1226911569,1097,57,1097,57,0,54,8
6,350,21.000000,42.000000,2,0,1226911572,1098,57,1098,57,0,54,8
6,350,21.000000,42.000000,2,0,1226911575,1098,57,1098,57,0,54,8
6,350,21.000000,42.000000,2,0,1226911578,1099,57,1099,57,0,54,8
6,350,21.000000,42.000000,2,0,1226911580,1100,57,1100,57,0,54,8
6,350,21.000000,42.000000,2,0,1226911583,1100,56,1100,56,0,54,8
6,350,21.000000,42.000000,2,0,1226911586,1100,55,1100,55,0,54,8
6,350,21.000000,42.000000,2,0,1226911589,1101,55,1101,55,0,54,8
6,350,21.000000,42.000000,2,0,1226911592,1102,55,1102,55,0,54,8
6,350,21.000000,42.000000,2,0,1226911595,1103,55,1103,55,0,54,8
6,350,21.000000,42.000000,2,0,1226911597,1104,55,1104,55,0,54,8
6,350,21.000000,42.000000,2,0,1226911600,1105,55,1105,55,0,54,8
6,350,21.000000,42.000000,2,0,1226911602,1106,55,1106,55,0,54,8
6,350,21.000000,42.000000,2,0,1226911605,1106,53,1106,53,0,54,8
6,350,21.000000,42.000000,2,0,1226911608,1106,51,1106,51,0,54,8
6,350,21.000000,42.000000,2,0,1226911611,1107,51,1107,51,0,54,8
6,350,21.000000,42.000000,2,0,1226911614,1108,51,1108,51,0,54,8
6,350,21.000000,42.000000,2,0,1226911616,1108,50,1108,50,0,54,8
6,350,21.000000,42.000000,2,0,1226911619,1108,49,1108,49,0,54,8
6,350,21.000000,42.000000,2,0,1226911622,1108,49,1108,49,0,54,8
6,350,21.000000,42.000000,2,0,1226911625,1109,49,1109,49,0,54,8
6,350,21.000000,42.000000,2,0,1226911627,1110,49,1110,49,0,54,8
6,350,21.000000,42.000000,2,0,1226911630,1110,49,1110,49,0,54,8
6,350,21.000000,42.000000,2,0,1226911633,1110,49,1110,49,0,54,8
6,350,21.000000,42.000000,2,0,1226911636,1110,49,1110,49,0,54,8
6,350,21.000000,42.000000,2,0,1226911639,1110,49,1110,49,0,54,8
6,350,21.000000,42.000000,2,0,1226911642,1110,49,1110,49,0,54,8
6,350,21.000000,42.000000,2,0,1226911645,1110,48,1110,48,0,54,8
6,350,21.000000,42.000000,2,0,1226911647,1110,47,1110,47,0,54,8
6,350,21.000000,42.000000,2,0,1226911650,1110,46,1110,46,0,54,8
6,350,21.000000,42.000000,2,0,1226911652,1111,46,1111,46,0,54,8
6,350,21.000000,42.000000,2,0,1226911655,1112,46,1112,46,0,54,8
6,350,21.000000,42.000000,2,0,1226911658,1113,46,1113,46,0,54,8
6,350,21.000000,42.000000,2,0,1226911661,1114,46,1114,46,0,54,8
6,350,21.000000,42.000000,2,0,1226911664,1114,45,1114,45,0,54,8
6,350,21.000000,42.000000,2,0,1226911666,1114,44,1114,44,0,54,8
6,350,21.000000,42.000000,2,0,1226911669,1114,43,1114,43,0,54,8
6,350,21.000000,42.000000,2,0,1226911672,1114,42,1114,42,0,54,8
6,350,21.000000,42.000000,2,0,1226911675,1114,42,1114,42,0,54,8
6,350,21.000000,42.000000,2,0,1226911678,1114,40,1114,40,0,54,8
6,350,21.000000,42.000000,2,0,1226911681,1114,40,1114,40,0,54,8
6,350,21.000000,42.000000,2,0,1226911684,1114,39,1114,39,0,54,8
6,350,21.000000,42.000000,2,0,1226911686,1114,38,1114,38,0,54,8
6,350,21.000000,42.000000,2,0,1226911689,1115,38,1115,38,0,54,8
6,350,21.000000,42.000000,2,0,1226911692,1115,37,1115,37,0,54,8
6,350,21.000000,42.000000,2,0,1226911694,1115,36,1115,36,0,54,8
6,350,21.000000,42.000000,2,0,1226911697,1115,36,1115,36,0,54,8
6,350,21.000000,42.000000,2,0,1226911700,1116,35,1116,35,0,54,8
6,350,21.000000,42.000000,2,0,1226911703,1117,35,1117,35,0,54,8
6,350,21.000000,42.000000,2,0,1226911705,1118,35,1118,35,0,54,8
6,350,21.000000,42.000000,2,0,1226911708,1119,35,1119,35,0,54,8
6,350,21.000000,42.000000,2,0,1226911711,1120,35,1120,35,0,54,8
6,350,21.000000,42.000000,2,0,1226911714,1122,34,1122,34,0,54,8
6,350,21.000000,42.000000,2,0,1226911716,1124,33,1124,33,0,54,8
6,350,21.000000,42.000000,2,0,1226911719,1125,31,1125,31,0,54,8
6,350,21.000000,42.000000,2,0,1226911722,1125,30,1125,30,0,54,8
6,350,21.000000,42.000000,2,0,1226911725,1126,30,1126,30,0,54,8
6,350,21.000000,42.000000,2,0,1226911728,1128,30,1128,30,0,54,8
6,350,21.000000,42.000000,2,0,1226911731,1128,29,1128,29,0,54,8
6,350,21.000000,42.000000,2,0,1226911733,1129,29,1129,29,0,54,8
6,350,21.000000,42.000000,2,0,1226911736,1130,29,1130,29,0,54,8
6,350,21.000000,42.000000,2,0,1226911739,1131,29,1131,29,0,54,8
6,350,21.000000,42.000000,2,0,1226911742,1131,28,1131,28,0,54,8
6,350,21.000000,42.000000,2,0,1226911744,1131,28,1131,28,0,54,8
6,350,21.000000,42.000000,2,0,1226911747,1132,28,1132,28,0,54,8
6,350,21.000000,42.000000,2,0,1226911750,1133,28,1133,28,0,54,8
6,350,21.000000,42.000000,2,0,1226911753,1133,27,1133,27,0,54,8
6,350,21.000000,42.000000,2,0,1226911755,1134,26,1134,26,0,54,8
6,350,21.000000,42.000000,2,0,1226911759,1134,25,1134,25,0,54,8
6,350,21.000000,42.000000,2,0,1226911761,1134,24,1134,24,0,54,8
6,350,21.000000,42.000000,2,0,1226911764,1135,24,1135,24,0,54,8
6,350,21.000000,42.000000,2,0,1226911767,1135,24,1135,24,0,54,8
6,350,21.000000,42.000000,2,0,1226911769,1135,24,1135,24,0,54,8
6,350,21.000000,42.000000,2,0,1226911773,1135,23,1135,23,0,54,8
6,350,21.000000,42.000000,2,0,1226911775,1136,22,1136,22,0,54,8
6,350,21.000000,42.000000,2,0,1226911778,1137,21,1137,21,0,54,8
6,350,21.000000,42.000000,2,0,1226911781,1137,21,1137,21,0,54,8
6,350,21.000000,42.000000,2,0,1226911783,1138,21,1138,21,0,54,8
6,350,21.000000,42.000000,2,0,1226911786,1138,20,1138,20,0,54,8
6,350,21.000000,42.000000,2,0,1226911789,1138,19,1138,19,0,54,8
6,350,21.000000,42.000000,2,0,1226911791,1138,19,1138,19,0,54,8
6,350,21.000000,42.000000,2,0,1226911795,1138,18,1138,18,0,54,8
6,350,21.000000,42.000000,2,0,1226911798,1139,17,1139,17,0,54,8
6,350,21.000000,42.000000,2,0,1226911801,1139,17,1139,17,0,54,8
6,350,21.000000,42.000000,2,0,1226911804,1139,16,1139,16,0,54,8
6,350,21.000000,42.000000,2,0,1226911807,1139,16,1139,16,0,54,8
6,350,21.000000,42.000000,2,0,1226911810,1139,16,1139,16,0,54,8
6,350,21.000000,42.000000,2,0,1226911813,1140,16,1140,16,0,54,8
6,350,21.000000,42.000000,2,0,1226911815,1141,16,1141,16,0,54,8
6,350,21.000000,42.000000,2,0,1226911818,1141,16,1141,16,0,54,8
6,350,21.000000,42.000000,2,0,1226911821,1141,14,1141,14,0,54,8
6,350,21.000000,42.000000,2,0,1226911823,1141,14,1141,14,0,54,8
6,350,21.000000,42.000000,2,0,1226911825,1142,13,1142,13,0,54,8
6,350,21.000000,42.000000,2,0,1226911828,1143,12,1143,12,0,54,8
6,350,21.000000,42.000000,2,0,1226911831,1143,12,1143,12,0,54,8
6,350,21.000000,42.000000,2,0,1226911833,1145,11,1145,11,0,54,8
6,350,21.000000,42.000000,2,0,1226911836,1147,10,1147,10,0,54,8
6,350,21.000000,42.000000,2,0,1226911839,1147,10,1147,10,0,54,8
6,350,21.000000,42.000000,2,0,1226911842,1147,10,1147,10,0,54,8
6,350,21.000000,42.000000,2,0,1226911845,1147,9,1147,9,0,54,8
6,350,21.000000,42.000000,2,0,1226911847,1147,8,1147,8,0,54,8
6,350,21.000000,42.000000,2,0,1226911850,1147,8,1147,8,0,54,8
6,350,21.000000,42.000000,2,0,1226911853,1147,8,1147,8,0,54,8
6,350,21.000000,42.000000,2,0,1226911855,1147,8,1147,8,0,54,8
6,350,21.000000,42.000000,2,0,1226911858,1147,7,1147,7,0,54,8
6,350,21.000000,42.000000,2,0,1226911861,1147,5,1147,5,0,54,8
6,350,21.000000,42.000000,2,0,1226911864,1147,5,1147,5,0,54,8
6,350,21.000000,42.000000,2,0,1226911867,1147,5,1147,5,0,54,8
6,350,21.000000,42.000000,2,0,1226911870,1147,5,1147,5,0,54,8
6,350,21.000000,42.000000,2,0,1226911872,1147,5,1147,5,0,54,8
6,350,21.000000,42.000000,2,0,1226911875,1147,5,1147,5,0,54,8
6,350,21.000000,42.000000,2,0,1226911878,1147,4,1147,4,0,54,8
6,350,21.000000,42.000000,2,0,1226911881,1147,4,1147,4,0,54,8
6,350,21.000000,42.000000,2,0,1226911883,1147,4,1147,4,0,54,8
6,350,21.000000,42.000000,2,0,1226911886,1147,4,1147,4,0,54,8
6,350,21.000000,42.000000,2,0,1226911889,1147,4,1147,4,0,54,8
6,350,21.000000,42.000000,2,0,1226911892,1147,4,1147,4,0,54,8
6,350,21.000000,42.000000,2,0,1226911894,1147,4,1147,4,0,54,8
6,350,21.000000,42.000000,2,0,1226911897,1147,4,1147,4,0,54,8
6,350,21.000000,42.000000,2,0,1226911900,1147,4,1147,4,0,54,8
6,350,21.000000,42.000000,2,0,1226911903,1147,4,1147,4,0,54,8
6,350,21.000000,42.000000,2,0,1226911905,1147,4,1147,4,0,54,8
6,350,21.000000,42.000000,2,0,1226911908,1147,4,1147,4,0,54,8
6,350,21.000000,42.000000,2,0,1226911911,1147,4,1147,4,0,54,8
6,350,21.000000,42.000000,2,0,1226911914,1147,4,1147,4,0,54,8
6,350,21.000000,42.000000,2,0,1226911917,1147,4,1147,4,0,54,8
6,350,21.000000,42.000000,2,0,1226911919,1147,4,1147,4,0,54,8
6,350,21.000000,42.000000,2,0,1226911922,1147,4,1147,4,0,54,8
6,350,21.000000,42.000000,2,0,1226911925,1147,4,1147,4,0,54,8
6,350,21.000000,42.000000,2,0,1226911928,1147,4,1147,4,0,54,8
6,350,21.000000,42.000000,2,0,1226911931,1147,4,1147,4,0,54,8
6,350,21.000000,42.000000,2,0,1226911933,1147,4,1147,4,0,54,8
6,350,21.000000,42.000000,2,0,1226911936,1147,4,1147,4,0,54,8
6,350,21.000000,42.000000,2,0,1226911939,1147,4,1147,4,0,54,8
6,350,21.000000,42.000000,2,0,1226911942,1147,4,1147,4,0,54,8
6,350,21.000000,42.000000,2,0,1226911944,1147,3,1147,3,0,54,8
6,350,21.000000,42.000000,2,0,1226911947,1147,2,1147,2,0,54,8
6,350,21.000000,42.000000,2,0,1226911950,1147,2,1147,2,0,54,8
6,350,21.000000,42.000000,2,0,1226911953,1147,2,1147,2,0,54,8
6,350,21.000000,42.000000,2,0,1226911955,1147,2,1147,2,0,54,8
6,350,21.000000,42.000000,2,0,1226911958,1147,2,1147,2,0,54,8
6,350,21.000000,42.000000,2,0,1226911961,1147,2,1147,2,0,54,8
6,350,21.000000,42.000000,2,0,1226911964,1147,2,1147,2,0,54,8
6,350,21.000000,42.000000,2,0,1226911967,1147,2,1147,2,0,54,8
6,350,21.000000,42.000000,2,0,1226911970,1147,2,1147,2,0,54,8
6,350,21.000000,42.000000,2,0,1226911973,1147,2,1147,2,0,54,8
6,350,21.000000,42.000000,2,0,1226911975,1147,2,1147,2,0,54,8
6,350,21.000000,42.000000,2,0,1226911978,1147,2,1147,2,0,54,8
6,350,21.000000,42.000000,2,0,1226911981,1147,2,1147,2,0,54,8
6,350,21.000000,42.000000,2,0,1226911984,1147,2,1147,2,0,54,8
6,350,21.000000,42.000000,2,0,1226911986,1147,2,1147,2,0,54,8
6,350,21.000000,42.000000,2,0,1226911989,1147,2,1147,2,0,54,8
6,350,21.000000,42.000000,2,0,1226911992,1147,2,1147,2,0,54,8
6,350,21.000000,42.000000,2,0,1226911995,1147,2,1147,2,0,54,8
6,350,21.000000,42.000000,2,0,1226911997,1147,2,1147,2,0,54,8
6,350,21.000000,42.000000,2,0,1226912000,1147,2,1147,2,0,54,8
6,350,21.000000,42.000000,2,0,1226912003,1147,2,1147,2,0,54,8
6,350,21.000000,42.000000,2,0,1226912006,1147,2,1147,2,0,54,8
6,350,21.000000,42.000000,2,0,1226912008,1147,2,1147,2,0,54,8
6,350,21.000000,42.000000,2,0,1226912011,1147,2,1147,2,0,54,8
6,350,21.000000,42.000000,2,0,1226912014,1147,2,1147,2,0,54,8
6,350,21.000000,42.000000,2,0,1226912027,1147,2,1147,2,1,54,8
