6,350,21.000000,0.000000,1,5,1177362,780,6,780,6,0,68,0,0
6,350,21.000000,0.000000,1,5,1177363,780,6,780,6,0,68,0,0
6,350,21.000000,0.000000,1,5,1177366,780,6,780,6,0,68,0,0
6,350,21.000000,0.000000,1,5,1177369,780,6,780,6,0,68,0,0
6,350,21.000000,0.000000,1,5,1177371,780,6,780,6,0,68,0,0
6,350,21.000000,0.000000,1,5,1177374,780,6,780,6,0,68,0,0
6,350,21.000000,0.000000,1,5,1177377,780,6,780,6,0,68,0,0
6,350,21.000000,0.000000,1,5,1177380,780,6,780,6,0,68,0,0
6,350,21.000000,0.000000,1,5,1177382,780,6,780,6,0,68,0,0
6,350,21.000000,0.000000,1,5,1177385,780,6,780,6,0,68,0,0
6,350,21.000000,0.000000,1,5,1177388,780,6,780,6,0,68,0,0
6,350,21.000000,0.000000,1,5,1177391,780,6,780,6,0,68,0,0
6,350,21.000000,0.000000,1,5,1177393,780,6,780,6,0,68,0,0
6,350,21.000000,0.000000,1,5,1177396,780,6,780,6,0,68,0,0
6,350,21.000000,0.000000,1,5,1177399,780,6,780,6,0,68,0,0
6,350,21.000000,0.000000,1,5,1177402,780,6,780,6,0,68,0,0
6,350,21.000000,0.000000,1,5,1177405,780,6,780,6,0,68,0,0
6,350,21.000000,0.000000,1,5,1177408,780,6,780,6,0,68,0,0
6,350,21.000000,0.000000,1,5,1177410,780,6,780,6,0,68,0,0
6,350,21.000000,0.000000,1,5,1177413,780,6,780,6,0,68,0,0
6,350,21.000000,0.000000,1,5,1177416,780,6,780,6,0,68,0,0
6,350,21.000000,0.000000,1,5,1177418,780,6,780,6,0,68,0,0
6,350,21.000000,0.000000,1,5,1177421,780,6,780,6,0,68,0,0
6,350,21.000000,0.000000,1,5,1177424,780,6,780,6,0,68,0,0
6,350,21.000000,0.000000,1,5,1177427,780,6,780,6,0,68,0,0
6,350,21.000000,0.000000,1,5,1177429,780,6,780,6,0,68,0,0
6,350,21.000000,0.000000,1,5,1177432,780,6,780,6,0,68,0,0
6,350,21.000000,0.000000,1,5,1177435,780,6,780,6,0,68,0,0
6,350,21.000000,0.000000,1,5,1177438,780,6,780,6,0,68,0,0
6,350,21.000000,0.000000,1,5,1177441,780,6,780,6,0,68,0,0
6,350,21.000000,0.000000,1,5,1177443,780,6,780,6,0,68,0,0
6,350,21.000000,0.000000,1,5,1177446,780,6,780,6,0,68,0,0
6,350,21.000000,0.000000,1,5,1177449,780,6,780,6,0,68,0,0
6,350,21.000000,0.000000,1,5,1177452,780,6,780,6,0,68,0,0
6,350,21.000000,0.000000,1,5,1177455,780,6,780,6,0,68,0,0
6,350,21.000000,0.000000,1,5,1177457,780,7,780,7,0,68,0,0
6,350,21.000000,0.000000,1,5,1177460,781,7,781,7,0,68,0,0
6,350,21.000000,0.000000,1,5,1177463,782,7,782,7,0,68,0,0
6,350,21.000000,0.000000,1,5,1177466,783,7,783,7,0,68,0,0
6,350,21.000000,0.000000,1,5,1177468,784,8,784,8,0,68,0,0
6,350,21.000000,0.000000,1,5,1177471,785,8,785,8,0,68,0,0
6,350,21.000000,0.000000,1,5,1177474,786,8,786,8,0,68,0,0
6,350,21.000000,0.000000,1,5,1177477,786,9,786,9,0,68,0,0
6,350,21.000000,0.000000,1,5,1177480,787,10,787,10,0,68,0,0
6,350,21.000000,0.000000,1,5,1177482,789,10,789,10,0,68,0,0
6,350,21.000000,0.000000,1,5,1177485,791,10,791,10,0,68,0,0
6,350,21.000000,0.000000,1,5,1177488,793,10,793,10,0,68,0,0
6,350,21.000000,0.000000,1,5,1177491,795,10,795,10,0,68,0,0
6,350,21.000000,0.000000,1,5,1177493,798,11,798,11,0,68,0,0
6,350,21.000000,0.000000,1,5,1177496,801,12,801,12,0,68,0,0
6,350,21.000000,0.000000,1,5,1177499,804,12,804,12,0,68,0,0
6,350,21.000000,0.000000,1,5,1177502,806,13,806,13,0,68,0,0
6,350,21.000000,0.000000,1,5,1177505,809,14,809,14,0,68,0,0
6,350,21.000000,0.000000,1,5,1177508,810,14,810,14,0,68,0,0
6,350,21.000000,0.000000,1,5,1177510,812,14,812,14,0,68,0,0
6,350,21.000000,0.000000,1,5,1177513,815,15,815,15,0,68,0,0
6,350,21.000000,0.000000,1,5,1177516,819,15,819,15,0,68,0,0
6,350,21.000000,0.000000,1,5,1177519,822,16,822,16,0,68,0,0
6,350,21.000000,0.000000,1,5,1177521,825,16,825,16,0,68,0,0
6,350,21.000000,0.000000,1,5,1177524,828,16,828,16,0,68,0,0
6,350,21.000000,0.000000,1,5,1177527,832,16,832,16,0,68,0,0
6,350,21.000000,0.000000,1,5,1177530,835,16,835,16,0,68,0,0
6,350,21.000000,0.000000,1,5,1177533,840,17,840,17,0,68,0,0
6,350,21.000000,0.000000,1,5,1177536,844,17,844,17,0,68,0,0
6,350,21.000000,0.000000,1,5,1177538,848,18,848,18,0,68,0,0
6,350,21.000000,0.000000,1,5,1177541,852,19,852,19,0,68,0,0
6,350,21.000000,0.000000,1,5,1177544,855,19,855,19,0,68,0,0
6,350,21.000000,0.000000,1,5,1177546,860,19,860,19,0,68,0,0
6,350,21.000000,0.000000,1,5,1177549,864,20,864,20,0,68,0,0
6,350,21.000000,0.000000,1,5,1177552,869,20,869,20,0,68,0,0
6,350,21.000000,0.000000,1,5,1177555,873,21,873,21,0,68,0,0
6,350,21.000000,0.000000,1,5,1177558,878,21,878,21,0,68,0,0
6,350,21.000000,0.000000,1,5,1177560,881,22,881,22,0,68,0,0
6,350,21.000000,0.000000,1,5,1177563,886,22,886,22,0,68,0,0
6,350,21.000000,0.000000,1,5,1177566,891,23,891,23,0,68,0,0
6,350,21.000000,0.000000,1,5,1177569,895,23,895,23,0,68,0,0
6,350,21.000000,0.000000,1,5,1177571,900,23,900,23,0,68,0,0
6,350,21.000000,0.000000,1,5,1177574,905,23,905,23,0,68,0,0
6,350,21.000000,0.000000,1,5,1177577,911,24,911,24,0,68,0,0
6,350,21.000000,0.000000,1,5,1177580,918,24,918,24,0,68,0,0
6,350,21.000000,0.000000,1,5,1177582,923,24,923,24,0,68,0,0
6,350,21.000000,0.000000,1,5,1177585,929,24,929,24,0,68,0,0
6,350,21.000000,0.000000,1,5,1177588,934,25,934,25,0,68,0,0
6,350,21.000000,0.000000,1,5,1177591,940,25,940,25,0,68,0,0
6,350,21.000000,0.000000,1,5,1177594,945,25,945,25,0,68,0,0
6,350,21.000000,0.000000,1,5,1177596,950,25,950,25,0,68,0,0
6,350,21.000000,0.000000,1,5,1177599,956,25,956,25,0,68,0,0
6,350,21.000000,0.000000,1,5,1177602,961,26,961,26,0,68,0,0
6,350,21.000000,0.000000,1,5,1177605,968,26,968,26,0,68,0,0
6,350,21.000000,0.000000,1,5,1177608,972,26,972,26,0,68,0,0
6,350,21.000000,0.000000,1,5,1177610,976,26,976,26,0,68,0,0
6,350,21.000000,0.000000,1,5,1177613,980,26,980,26,0,68,0,0
6,350,21.000000,0.000000,1,5,1177616,984,26,984,26,0,68,0,0
6,350,21.000000,0.000000,1,5,1177619,988,26,988,26,0,68,0,0
6,350,21.000000,0.000000,1,5,1177621,990,26,990,26,0,68,0,0
6,350,21.000000,0.000000,1,5,1177624,994,26,994,26,0,68,0,0
6,350,21.000000,0.000000,1,5,1177627,998,26,998,26,0,68,0,0
6,350,21.000000,0.000000,1,5,1177630,1000,26,1000,26,0,68,0,0
6,350,21.000000,0.000000,1,5,1177632,1003,26,1003,26,0,68,0,0
6,350,21.000000,0.000000,1,5,1177635,1006,26,1006,26,0,68,0,0
6,350,21.000000,0.000000,1,5,1177638,1008,26,1008,26,0,68,0,0
6,350,21.000000,0.000000,1,5,1177641,1010,26,1010,26,0,68,0,0
6,350,21.000000,0.000000,1,5,1177644,1012,26,1012,26,0,68,0,0
6,350,21.000000,0.000000,1,5,1177646,1014,26,1014,26,0,68,0,0
6,350,21.000000,0.000000,1,5,1177649,1016,26,1016,26,0,68,0,0
6,350,21.000000,0.000000,1,5,1177652,1018,26,1018,26,0,68,0,0
6,350,21.000000,0.000000,1,5,1177655,1019,26,1019,26,0,68,0,0
6,350,21.000000,0.000000,1,5,1177658,1021,26,1021,26,0,68,0,0
6,350,21.000000,0.000000,1,5,1177660,1022,26,1022,26,0,68,0,0
6,350,21.000000,0.000000,1,5,1177663,1024,26,1024,26,0,68,0,0
6,350,21.000000,0.000000,1,5,1177666,1025,26,1025,26,0,68,0,0
6,350,21.000000,0.000000,1,5,1177669,1026,26,1026,26,0,68,0,0
6,350,21.000000,0.000000,1,5,1177671,1027,26,1027,26,0,68,0,0
6,350,21.000000,0.000000,1,5,1177674,1028,26,1028,26,0,68,0,0
6,350,21.000000,0.000000,1,5,1177677,1029,26,1029,26,0,68,0,0
6,350,21.000000,0.000000,1,5,1177680,1030,26,1030,26,0,68,0,0
6,350,21.000000,0.000000,1,5,1177683,1032,25,1032,25,0,68,0,0
6,350,21.000000,0.000000,1,5,1177685,1033,25,1033,25,0,68,0,0
6,350,21.000000,0.000000,1,5,1177688,1034,25,1034,25,0,68,0,0
6,350,21.000000,0.000000,1,5,1177691,1035,25,1035,25,0,68,0,0
6,350,21.000000,0.000000,1,5,1177694,1036,24,1036,24,0,68,0,0
6,350,21.000000,0.000000,1,5,1177697,1037,24,1037,24,0,68,0,0
6,350,21.000000,0.000000,1,5,1177699,1039,24,1039,24,0,68,0,0
6,350,21.000000,0.000000,1,5,1177702,1040,23,1040,23,0,68,0,0
6,350,21.000000,0.000000,1,5,1177705,1042,23,1042,23,0,68,0,0
6,350,21.000000,0.000000,1,5,1177708,1044,23,1044,23,0,68,0,0
6,350,21.000000,0.000000,1,5,1177710,1046,23,1046,23,0,68,0,0
6,350,21.000000,0.000000,1,5,1177713,1048,23,1048,23,0,68,0,0
6,350,21.000000,0.000000,1,5,1177716,1050,22,1050,22,0,68,0,0
6,350,21.000000,0.000000,1,5,1177719,1052,22,1052,22,0,68,0,0
6,350,21.000000,0.000000,1,5,1177722,1054,22.600000,1054,21,0,68,0,0
6,350,21.000000,0.000000,1,5,1177724,1056,22.600000,1056,21,0,68,0,0
6,350,21.000000,0.000000,1,5,1177727,1058,22.600000,1058,21,0,68,0,0
6,350,21.000000,0.000000,1,5,1177730,1059,22.600000,1059,21,0,68,0,0
6,350,21.000000,0.000000,1,5,1177733,1061,22.600000,1061,21,0,68,0,0
6,350,21.000000,0.000000,1,5,1177735,1063,22.600000,1063,20,0,68,0,0
6,350,21.000000,0.000000,1,5,1177738,1064,22.600000,1064,20,0,68,0,0
6,350,21.000000,0.000000,1,5,1177741,1066,22.600000,1066,20,0,68,0,0
6,350,21.000000,0.000000,1,5,1177744,1067,22.600000,1067,20,0,68,0,0
6,350,21.000000,0.000000,1,5,1177746,1068,22.600000,1068,20,0,68,0,0
6,350,21.000000,0.000000,1,5,1177749,1069,22.600000,1069,20,0,68,0,0
6,350,21.000000,0.000000,1,5,1177752,1070,22.600000,1070,20,0,68,0,0
6,350,21.000000,0.000000,1,5,1177755,1072,22.600000,1072,20,0,68,0,0
6,350,21.000000,0.000000,1,5,1177758,1073,22.600000,1073,20,0,68,0,0
6,350,21.000000,0.000000,1,5,1177760,1074,22.600000,1074,20,0,68,0,0
6,350,21.000000,0.000000,1,5,1177763,1075,22.600000,1075,19,0,68,0,0
6,350,21.000000,0.000000,1,5,1177766,1076,22.600000,1076,19,0,68,0,0
6,350,21.000000,0.000000,1,5,1177769,1077,22.600000,1077,19,0,68,0,0
6,350,21.000000,0.000000,1,5,1177771,1078,22.600000,1078,19,0,68,0,0
6,350,21.000000,0.000000,1,5,1177774,1079,22.600000,1079,19,0,68,0,0
6,350,21.000000,0.000000,1,5,1177777,1080,22.600000,1080,19,0,68,0,0
6,350,21.000000,0.000000,1,5,1177780,1081,22.600000,1081,19,0,68,0,0
6,350,21.000000,0.000000,1,5,1177783,1082,22.600000,1082,19,0,68,0,0
6,350,21.000000,0.000000,1,5,1177785,1083,22.600000,1083,19,0,68,0,0
6,350,21.000000,0.000000,1,5,1177788,1085,22.600000,1085,19,0,68,0,0
6,350,21.000000,0.000000,1,5,1177791,1086,22.600000,1086,19,0,68,0,0
6,350,21.000000,0.000000,1,5,1177794,1087,22.600000,1087,19,0,68,0,0
6,350,21.000000,0.000000,1,5,1177796,1088,22.600000,1088,19,0,68,0,0
6,350,21.000000,0.000000,1,5,1177799,1089,22.600000,1089,19,0,68,0,0
6,350,21.000000,0.000000,1,5,1177802,1090,22.600000,1090,19,0,68,0,0
6,350,21.000000,0.000000,1,5,1177805,1091,22.600000,1091,19,0,68,0,0
6,350,21.000000,0.000000,1,5,1177808,1092,22.600000,1092,19,0,68,0,0
6,350,21.000000,0.000000,1,5,1177810,1093,22.600000,1093,19,0,68,0,0
6,350,21.000000,0.000000,1,5,1177813,1094,22.600000,1094,19,0,68,0,0
6,350,21.000000,0.000000,1,5,1177816,1095,22.600000,1095,19,0,68,0,0
6,350,21.000000,0.000000,1,5,1177819,1096,22.600000,1096,19,0,68,0,0
6,350,21.000000,0.000000,1,5,1177821,1097,22.600000,1097,19,0,68,0,0
6,350,21.000000,0.000000,1,5,1177824,1098,22.600000,1098,19,0,68,0,0
6,350,21.000000,0.000000,1,5,1177827,1098,22.600000,1098,19,0,68,0,0
6,350,21.000000,0.000000,1,5,1177830,1099,22.600000,1099,19,0,68,0,0
6,350,21.000000,0.000000,1,5,1177833,1100,22.600000,1100,19,0,68,0,0
6,350,21.000000,0.000000,1,5,1177836,1101,22.600000,1101,19,0,68,0,0
6,350,21.000000,0.000000,1,5,1177838,1101,22.600000,1101,19,0,68,0,0
6,350,21.000000,0.000000,1,5,1177841,1102,22.600000,1102,19,0,68,0,0
6,350,21.000000,0.000000,1,5,1177844,1102,22.600000,1102,19,0,68,0,0
6,350,21.000000,0.000000,1,5,1177847,1103,22.600000,1103,19,0,68,0,0
6,350,21.000000,0.000000,1,5,1177850,1104,22.600000,1104,19,0,68,0,0
6,350,21.000000,0.000000,1,5,1177852,1105,22.600000,1105,19,0,68,0,0
6,350,21.000000,0.000000,1,5,1177855,1106,22.600000,1106,19,0,68,0,0
6,350,21.000000,0.000000,1,5,1177858,1107,22.600000,1107,19,0,68,0,0
6,350,21.000000,0.000000,1,5,1177861,1108,22.600000,1108,19,0,68,0,0
6,350,21.000000,0.000000,1,5,1177863,1109,22.600000,1109,19,0,68,0,0
6,350,21.000000,0.000000,1,5,1177866,1110,22.600000,1110,19,0,68,0,0
6,350,21.000000,0.000000,1,5,1177869,1110,22.600000,1110,19,0,68,0,0
6,350,21.000000,0.000000,1,5,1177872,1111,22.600000,1111,19,0,68,0,0
6,350,21.000000,0.000000,1,5,1177874,1112,22.600000,1112,19,0,68,0,0
6,350,21.000000,0.000000,1,5,1177877,1113,22.600000,1113,19,0,68,0,0
6,350,21.000000,0.000000,1,5,1177880,1114,22.600000,1114,18,0,68,0,0
6,350,21.000000,0.000000,1,5,1177883,1115,22.600000,1115,17,0,68,0,0
6,350,21.000000,0.000000,1,5,1177886,1115,22.600000,1115,17,0,68,0,0
6,350,21.000000,0.000000,1,5,1177888,1116,22.600000,1116,17,0,68,0,0
6,350,21.000000,0.000000,1,5,1177891,1117,22.600000,1117,17,0,68,0,0
6,350,21.000000,0.000000,1,5,1177894,1117,22.600000,1117,17,0,68,0,0
6,350,21.000000,0.000000,1,5,1177897,1117,22.600000,1117,17,0,68,0,0
6,350,21.000000,0.000000,1,5,1177899,1118,22.600000,1118,17,0,68,0,0
6,350,21.000000,0.000000,1,5,1177902,1119,22.600000,1119,17,0,68,0,0
6,350,21.000000,0.000000,1,5,1177905,1120,22.600000,1120,17,0,68,0,0
6,350,21.000000,0.000000,1,5,1177908,1120,22.600000,1120,17,0,68,0,0
6,350,21.000000,0.000000,1,5,1177911,1120,22.600000,1120,17,0,68,0,0
6,350,21.000000,0.000000,1,5,1177914,1120,22.600000,1120,17,0,68,0,0
6,350,21.000000,0.000000,1,5,1177916,1121,22.600000,1121,17,0,68,0,0
6,350,21.000000,0.000000,1,5,1177919,1121,22.600000,1121,16,0,68,0,0
6,350,21.000000,0.000000,1,5,1177922,1121,22.600000,1121,15,0,68,0,0
6,350,21.000000,0.000000,1,5,1177924,1122,22.600000,1122,15,0,68,0,0
6,350,21.000000,0.000000,1,5,1177927,1123,22.600000,1123,15,0,68,0,0
6,350,21.000000,0.000000,1,5,1177930,1123,22.600000,1123,15,0,68,0,0
6,350,21.000000,0.000000,1,5,1177933,1124,22.600000,1124,15,0,68,0,0
6,350,21.000000,0.000000,1,5,1177935,1125,22.600000,1125,15,0,68,0,0
6,350,21.000000,0.000000,1,5,1177938,1126,22.600000,1126,15,0,68,0,0
6,350,21.000000,0.000000,1,5,1177941,1127,22.600000,1127,15,0,68,0,0
6,350,21.000000,0.000000,1,5,1177944,1128,22.600000,1128,15,0,68,0,0
6,350,21.000000,0.000000,1,5,1177947,1129,22.600000,1129,15,0,68,0,0
6,350,21.000000,0.000000,1,5,1177949,1130,22.600000,1130,15,0,68,0,0
6,350,21.000000,0.000000,1,5,1177952,1131,22.600000,1131,15,0,68,0,0
6,350,21.000000,0.000000,1,5,1177955,1131,22.600000,1131,15,0,68,0,0
6,350,21.000000,0.000000,1,5,1177958,1132,22.600000,1132,15,0,68,0,0
6,350,21.000000,0.000000,1,5,1177960,1133,22.600000,1133,15,0,68,0,0
6,350,21.000000,0.000000,1,5,1177963,1134,22.600000,1134,15,0,68,0,0
6,350,21.000000,0.000000,1,5,1177966,1135,22.600000,1135,15,0,68,0,0
6,350,21.000000,0.000000,1,5,1177969,1135,22.600000,1135,15,0,68,0,0
6,350,21.000000,0.000000,1,5,1177972,1136,22.600000,1136,15,0,68,0,0
6,350,21.000000,0.000000,1,5,1177974,1136,22.600000,1136,15,0,68,0,0
6,350,21.000000,0.000000,1,5,1177977,1136,22.600000,1136,15,0,68,0,0
6,350,21.000000,0.000000,1,5,1177980,1136,22.600000,1136,15,0,68,0,0
6,350,21.000000,0.000000,1,5,1177983,1137,22.600000,1137,15,0,68,0,0
6,350,21.000000,0.000000,1,5,1177985,1138,22.600000,1138,15,0,68,0,0
6,350,21.000000,0.000000,1,5,1177988,1138,22.600000,1138,15,0,68,0,0
6,350,21.000000,0.000000,1,5,1177991,1138,22.600000,1138,15,0,68,0,0
6,350,21.000000,0.000000,1,5,1177994,1138,22.600000,1138,15,0,68,0,0
6,350,21.000000,0.000000,1,5,1177997,1139,22.600000,1139,15,0,68,0,0
6,350,21.000000,0.000000,1,5,1177999,1139,22.600000,1139,15,0,68,0,0
6,350,21.000000,0.000000,1,5,1178002,1139,22.600000,1139,15,0,68,0,0
6,350,21.000000,0.000000,1,5,1178005,1139,22.600000,1139,15,0,68,0,0
6,350,21.000000,0.000000,1,5,1178008,1140,22.600000,1140,15,0,68,0,0
6,350,21.000000,0.000000,1,5,1178010,1141,22.600000,1141,15,0,68,0,0
6,350,21.000000,0.000000,1,5,1178013,1142,22.600000,1142,15,0,68,0,0
6,350,21.000000,0.000000,1,5,1178016,1143,22.600000,1143,15,0,68,0,0
6,350,21.000000,0.000000,1,5,1178019,1143,22.600000,1143,15,0,68,0,0
6,350,21.000000,0.000000,1,5,1178022,1144,22.600000,1144,15,0,68,0,0
6,350,21.000000,0.000000,1,5,1178025,1145,22.600000,1145,15,0,68,0,0
6,350,21.000000,0.000000,1,5,1178027,1145,22.600000,1145,15,0,68,0,0
6,350,21.000000,0.000000,1,5,1178030,1145,21.600000,1145,14,0,68,0,0
6,350,21.000000,0.000000,1,5,1178033,1145,20.600000,1145,13,0,68,0,0
6,350,21.000000,0.000000,1,5,1178036,1145,20.600000,1145,13,0,68,0,0
6,350,21.000000,0.000000,1,5,1178038,1146,20.600000,1146,13,0,68,0,0
6,350,21.000000,0.000000,1,5,1178041,1147,20.600000,1147,13,0,68,0,0
6,350,21.000000,0.000000,1,5,1178044,1147,20.600000,1147,13,0,68,0,0
6,350,21.000000,0.000000,1,5,1178047,1147,20.600000,1147,13,0,68,0,0
6,350,21.000000,0.000000,1,5,1178050,1148,20.600000,1148,13,0,68,0,0
6,350,21.000000,0.000000,1,5,1178052,1149,20.600000,1149,13,0,68,0,0
6,350,21.000000,0.000000,1,5,1178055,1149,20.600000,1149,13,0,68,0,0
6,350,21.000000,0.000000,1,5,1178058,1149,20.600000,1149,13,0,68,0,0
6,350,21.000000,0.000000,1,5,1178061,1149,20.600000,1149,13,0,68,0,0
6,350,21.000000,0.000000,1,5,1178063,1149,20.600000,1149,13,0,68,0,0
6,350,21.000000,0.000000,1,5,1178066,1149,20.600000,1149,13,0,68,0,0
6,350,21.000000,0.000000,1,5,1178069,1149,20.600000,1149,13,0,68,0,0
6,350,21.000000,0.000000,1,5,1178072,1149,20.600000,1149,13,0,68,0,0
6,350,21.000000,0.000000,1,5,1178075,1149,20.600000,1149,13,0,68,0,0
6,350,21.000000,0.000000,1,5,1178078,1149,20.600000,1149,13,0,68,0,0
6,350,21.000000,0.000000,1,5,1178080,1149,19.600000,1149,12,0,68,0,0
6,350,21.000000,0.000000,1,5,1178083,1149,18.600000,1149,11,0,68,0,0
6,350,21.000000,0.000000,1,5,1178086,1149,18.600000,1149,11,0,68,0,0
6,350,21.000000,0.000000,1,5,1178088,1149,18.600000,1149,11,0,68,0,0
6,350,21.000000,0.000000,1,5,1178091,1149,18.600000,1149,11,0,68,0,0
6,350,21.000000,0.000000,1,5,1178094,1149,18.600000,1149,11,0,68,0,0
6,350,21.000000,0.000000,1,5,1178097,1149,18.600000,1149,11,0,68,0,0
6,350,21.000000,0.000000,1,5,1178099,1149,18.600000,1149,11,0,68,0,0
6,350,21.000000,0.000000,1,5,1178102,1149,18.600000,1149,11,0,68,0,0
6,350,21.000000,0.000000,1,5,1178105,1149,17.600000,1149,10,0,68,0,0
6,350,21.000000,0.000000,1,5,1178108,1149,16.600000,1149,9,0,68,0,0
6,350,21.000000,0.000000,1,5,1178110,1149,16.600000,1149,9,0,68,0,0
6,350,21.000000,0.000000,1,5,1178113,1149,16.600000,1149,9,0,68,0,0
6,350,21.000000,0.000000,1,5,1178116,1149,16.600000,1149,9,0,68,0,0
6,350,21.000000,0.000000,1,5,1178119,1149,16.600000,1149,9,0,68,0,0
6,350,21.000000,0.000000,1,5,1178122,1149,16.600000,1149,9,0,68,0,0
6,350,21.000000,0.000000,1,5,1178124,1149,16.600000,1149,9,0,68,0,0
6,350,21.000000,0.000000,1,5,1178127,1149,16.600000,1149,9,0,68,0,0
6,350,21.000000,0.000000,1,5,1178130,1149,16.600000,1149,9,0,68,0,0
6,350,21.000000,0.000000,1,5,1178133,1149,16.600000,1149,9,0,68,0,0
6,350,21.000000,0.000000,1,5,1178135,1149,16.600000,1149,9,0,68,0,0
6,350,21.000000,0.000000,1,5,1178138,1148,16.600000,1148,9,0,68,0,0
6,350,21.000000,0.000000,1,5,1178141,1147,16.600000,1147,9,0,68,0,0
6,350,21.000000,0.000000,1,5,1178144,1147,16.600000,1147,9,0,68,0,0
6,350,21.000000,0.000000,1,5,1178147,1147,16.600000,1147,9,0,68,0,0
6,350,21.000000,0.000000,1,5,1178149,1147,15.600000,1147,8,0,68,0,0
6,350,21.000000,0.000000,1,5,1178152,1147,14.600000,1147,7,0,68,0,0
6,350,21.000000,0.000000,1,5,1178155,1147,14.600000,1147,7,0,68,0,0
6,350,21.000000,0.000000,1,5,1178158,1147,14.600000,1147,7,0,68,0,0
6,350,21.000000,0.000000,1,5,1178161,1147,14.600000,1147,7,0,68,0,0
6,350,21.000000,0.000000,1,5,1178163,1147,14.600000,1147,7,0,68,0,0
6,350,21.000000,0.000000,1,5,1178166,1147,14.600000,1147,7,0,68,0,0
6,350,21.000000,0.000000,1,5,1178169,1147,14.600000,1147,7,0,68,0,0
6,350,21.000000,0.000000,1,5,1178172,1147,14.600000,1147,7,0,68,0,0
6,350,21.000000,0.000000,1,5,1178174,1147,14.600000,1147,7,0,68,0,0
6,350,21.000000,0.000000,1,5,1178177,1147,13.600000,1147,6,0,68,0,0
6,350,21.000000,0.000000,1,5,1178180,1147,12.600000,1147,5,0,68,0,0
6,350,21.000000,0.000000,1,5,1178183,1147,12.600000,1147,5,0,68,0,0
6,350,21.000000,0.000000,1,5,1178185,1146,12.600000,1146,5,0,68,0,0
6,350,21.000000,0.000000,1,5,1178188,1146,11.600000,1146,4,0,68,0,0
6,350,21.000000,0.000000,1,5,1178191,1146,10.600000,1146,3,0,68,0,0
6,350,21.000000,0.000000,1,5,1178194,1146,10.600000,1146,3,0,68,0,0
6,350,21.000000,0.000000,1,5,1178197,1146,10.600000,1146,3,0,68,0,0
6,350,21.000000,0.000000,1,5,1178200,1146,10.600000,1146,3,0,68,0,0
6,350,21.000000,0.000000,1,5,1178203,1146,10.600000,1146,3,0,68,0,0
6,350,21.000000,0.000000,1,5,1178205,1146,10.600000,1146,3,0,68,0,0
6,350,21.000000,0.000000,1,5,1178208,1146,10.600000,1146,3,0,68,0,0
6,350,21.000000,0.000000,1,5,1178211,1146,10.600000,1146,3,0,68,0,0
6,350,21.000000,0.000000,1,5,1178214,1146,10.600000,1146,3,0,68,0,0
6,350,21.000000,0.000000,1,5,1178217,1146,9.600000,1146,2,0,68,0,0
6,350,21.000000,0.000000,1,5,1178219,1146,8.600000,1146,1,0,68,0,0
6,350,21.000000,0.000000,1,5,1178222,1146,8.600000,1146,1,0,68,0,0
6,350,21.000000,0.000000,1,5,1178225,1146,8.600000,1146,1,0,68,0,0
6,350,21.000000,0.000000,1,5,1178227,1146,8.600000,1146,1,0,68,0,0
6,350,21.000000,0.000000,1,5,1178230,1146,8.600000,1146,1,0,68,0,0
6,350,21.000000,0.000000,1,5,1178233,1146,8.600000,1146,1,0,68,0,0
6,350,21.000000,0.000000,1,5,1178236,1146,8.600000,1146,1,0,68,0,0
6,350,21.000000,0.000000,1,5,1178239,1146,8.600000,1146,1,0,68,0,0
6,350,21.000000,0.000000,1,5,1178241,1146,8.600000,1146,1,0,68,0,0
6,350,21.000000,0.000000,1,5,1178244,1146,8.600000,1146,1,0,68,0,0
6,350,21.000000,0.000000,1,5,1178247,1146,8.600000,1146,1,0,68,0,0
6,350,21.000000,0.000000,1,5,1178250,1146,8.600000,1146,1,0,68,0,0
6,350,21.000000,0.000000,1,5,1178252,1146,8.600000,1146,1,0,68,0,0
6,350,21.000000,0.000000,1,5,1178255,1146,8.600000,1146,1,0,68,0,0
6,350,21.000000,0.000000,1,5,1178258,1146,8.600000,1146,1,0,68,0,0
6,350,21.000000,0.000000,1,5,1178261,1146,8.600000,1146,1,0,68,0,0
6,350,21.000000,0.000000,1,5,1178264,1146,8.600000,1146,1,0,68,0,0
6,350,21.000000,0.000000,1,5,1178266,1146,8.600000,1146,1,0,68,0,0
6,350,21.000000,0.000000,1,5,1178269,1146,8.600000,1146,1,0,68,0,0
6,350,21.000000,0.000000,1,5,1178272,1146,8.600000,1146,1,0,68,0,0
6,350,21.000000,0.000000,1,5,1178275,1146,8.600000,1146,1,0,68,0,0
6,350,21.000000,0.000000,1,5,1178277,1146,8.600000,1146,1,0,68,0,0
6,350,21.000000,0.000000,1,5,1178280,1146,8.600000,1146,1,0,68,0,0
6,350,21.000000,0.000000,1,5,1178293,1146,8.600000,1146,1,0,68,0,0
