6,350,21.000000,42.000000,1,2,314206,788,0,788,0,0,6,3,1
6,350,21.000000,42.000000,1,2,314206,788,0,788,0,0,6,3,1
6,350,21.000000,42.000000,1,2,314209,788,0,788,0,0,6,3,1
6,350,21.000000,42.000000,1,2,314212,788,0,788,0,0,6,3,1
6,350,21.000000,42.000000,1,2,314215,788,0,788,0,0,6,3,1
6,350,21.000000,42.000000,1,2,314217,788,0,788,0,0,6,3,1
6,350,21.000000,42.000000,1,2,314220,788,0,788,0,0,6,3,1
6,350,21.000000,42.000000,1,2,314223,788,0,788,0,0,6,3,1
6,350,21.000000,42.000000,1,2,314226,788,0,788,0,0,6,3,1
6,350,21.000000,42.000000,1,2,314229,788,0,788,0,0,6,3,1
6,350,21.000000,42.000000,1,2,314231,788,0,788,0,0,6,3,1
6,350,21.000000,42.000000,1,2,314234,788,0,788,0,0,6,3,1
6,350,21.000000,42.000000,1,2,314237,788,0,788,0,0,6,3,1
6,350,21.000000,42.000000,1,2,314240,788,0,788,0,0,6,3,1
6,350,21.000000,42.000000,1,2,314242,788,0,788,0,0,6,3,1
6,350,21.000000,42.000000,1,2,314245,788,0,788,0,0,6,3,1
6,350,21.000000,42.000000,1,2,314248,788,0,788,0,0,6,3,1
6,350,21.000000,42.000000,1,2,314251,788,0,788,0,0,6,3,1
6,350,21.000000,42.000000,1,2,314254,788,0,788,0,0,6,3,1
6,350,21.000000,42.000000,1,2,314256,788,0,788,0,0,6,3,1
6,350,21.000000,42.000000,1,2,314259,788,0,788,0,0,6,3,1
6,350,21.000000,42.000000,1,2,314262,788,0,788,0,0,6,3,1
6,350,21.000000,42.000000,1,2,314265,788,0,788,0,0,6,3,1
6,350,21.000000,42.000000,1,2,314268,788,0,788,0,0,6,3,1
6,350,21.000000,42.000000,1,2,314271,788,0,788,0,0,6,3,1
6,350,21.000000,42.000000,1,2,314273,788,0,788,0,0,6,3,1
6,350,21.000000,42.000000,1,2,314276,788,0,788,0,0,6,3,1
6,350,21.000000,42.000000,1,2,314279,788,0,788,0,0,6,3,1
6,350,21.000000,42.000000,1,2,314282,788,0,788,0,0,6,3,1
6,350,21.000000,42.000000,1,2,314284,788,0,788,0,0,6,3,1
6,350,21.000000,42.000000,1,2,314287,788,0,788,0,0,6,3,1
6,350,21.000000,42.000000,1,2,314290,788,0,788,0,0,6,3,1
6,350,21.000000,42.000000,1,2,314293,788,0,788,0,0,6,3,1
6,350,21.000000,42.000000,1,2,314295,788,0,788,0,0,6,3,1
6,350,21.000000,42.000000,1,2,314298,788,0,788,0,0,6,3,1
6,350,21.000000,42.000000,1,2,314301,788,0,788,0,0,6,3,1
6,350,21.000000,42.000000,1,2,314304,788,0,788,0,0,6,3,1
6,350,21.000000,42.000000,1,2,314307,788,0,788,0,0,6,3,1
6,350,21.000000,42.000000,1,2,314309,788,0,788,0,0,6,3,1
6,350,21.000000,42.000000,1,2,314312,788,0,788,0,0,6,3,1
6,350,21.000000,42.000000,1,2,314315,788,0,788,0,0,6,3,1
6,350,21.000000,42.000000,1,2,314318,788,0,788,0,0,6,3,1
6,350,21.000000,42.000000,1,2,314321,788,0,788,0,0,6,3,1
6,350,21.000000,42.000000,1,2,314323,788,0,788,0,0,6,3,1
6,350,21.000000,42.000000,1,2,314326,788,0,788,0,0,6,3,1
6,350,21.000000,42.000000,1,2,314328,788,0,788,0,0,6,3,1
6,350,21.000000,42.000000,1,2,314331,788,0,788,0,0,6,3,1
6,350,21.000000,42.000000,1,2,314334,788,0,788,0,0,6,3,1
6,350,21.000000,42.000000,1,2,314337,788,0,788,0,0,6,3,1
6,350,21.000000,42.000000,1,2,314340,789,0,789,0,0,6,3,1
6,350,21.000000,42.000000,1,2,314343,790,0,790,0,0,6,3,1
6,350,21.000000,42.000000,1,2,314345,791,0,791,0,0,6,3,1
6,350,21.000000,42.000000,1,2,314348,792,0,792,0,0,6,3,1
6,350,21.000000,42.000000,1,2,314351,794,0,794,0,0,6,3,1
6,350,21.000000,42.000000,1,2,314354,795,0,795,0,0,6,3,1
6,350,21.000000,42.000000,1,2,314357,796,0,796,0,0,6,3,1
6,350,21.000000,42.000000,1,2,314359,798,0,798,0,0,6,3,1
6,350,21.000000,42.000000,1,2,314362,799,0,799,0,0,6,3,1
6,350,21.000000,42.000000,1,2,314365,801,0,801,0,0,6,3,1
6,350,21.000000,42.000000,1,2,314368,802,1,802,1,0,6,3,1
6,350,21.000000,42.000000,1,2,314370,803,1,803,1,0,6,3,1
6,350,21.000000,42.000000,1,2,314373,805,1,805,1,0,6,3,1
6,350,21.000000,42.000000,1,2,314376,806,1,806,1,0,6,3,1
6,350,21.000000,42.000000,1,2,314379,807,2,807,2,0,6,3,1
6,350,21.000000,42.000000,1,2,314382,809,2,809,2,0,6,3,1
6,350,21.000000,42.000000,1,2,314384,811,2,811,2,0,6,3,1
6,350,21.000000,42.000000,1,2,314387,813,3,813,3,0,6,3,1
6,350,21.000000,42.000000,1,2,314390,815,4,815,4,0,6,3,1
6,350,21.000000,42.000000,1,2,314393,817,4,817,4,0,6,3,1
6,350,21.000000,42.000000,1,2,314396,818,5,818,5,0,6,3,1
6,350,21.000000,42.000000,1,2,314398,821,5,821,5,0,6,3,1
6,350,21.000000,42.000000,1,2,314401,824,6,824,6,0,6,3,1
6,350,21.000000,42.000000,1,2,314404,828,7,828,7,0,6,3,1
6,350,21.000000,42.000000,1,2,314407,830,7,830,7,0,6,3,1
6,350,21.000000,42.000000,1,2,314409,834,9,834,9,0,6,3,1
6,350,21.000000,42.000000,1,2,314412,837,9,837,9,0,6,3,1
6,350,21.000000,42.000000,1,2,314415,842,10,842,10,0,6,3,1
6,350,21.000000,42.000000,1,2,314418,848,11,848,11,0,6,3,1
6,350,21.000000,42.000000,1,2,314421,852,12,852,12,0,6,3,1
6,350,21.000000,42.000000,1,2,314423,856,13,856,13,0,6,3,1
6,350,21.000000,42.000000,1,2,314426,859,13,859,13,0,6,3,1
6,350,21.000000,42.000000,1,2,314429,863,13,863,13,0,6,3,1
6,350,21.000000,42.000000,1,2,314432,871,14,871,14,0,6,3,1
6,350,21.000000,42.000000,1,2,314434,875,15,875,15,0,6,3,1
6,350,21.000000,42.000000,1,2,314437,881,16,881,16,0,6,3,1
6,350,21.000000,42.000000,1,2,314440,885,16,885,16,0,6,3,1
6,350,21.000000,42.000000,1,2,314443,888,16,888,16,0,6,3,1
6,350,21.000000,42.000000,1,2,314446,891,17,891,17,0,6,3,1
6,350,21.000000,42.000000,1,2,314448,895,17,895,17,0,6,3,1
6,350,21.000000,42.000000,1,2,314451,899,17,899,17,0,6,3,1
6,350,21.000000,42.000000,1,2,314454,903,17,903,17,0,6,3,1
6,350,21.000000,42.000000,1,2,314457,907,17,907,17,0,6,3,1
6,350,21.000000,42.000000,1,2,314459,911,18,911,18,0,6,3,1
6,350,21.000000,42.000000,1,2,314462,915,18,915,18,0,6,3,1
6,350,21.000000,42.000000,1,2,314465,917,18,917,18,0,6,3,1
6,350,21.000000,42.000000,1,2,314468,922,19,922,19,0,6,3,1
6,350,21.000000,42.000000,1,2,314471,926,19,926,19,0,6,3,1
6,350,21.000000,42.000000,1,2,314473,928,19,928,19,0,6,3,1
6,350,21.000000,42.000000,1,2,314476,931,20,931,20,0,6,3,1
6,350,21.000000,42.000000,1,2,314479,935,20,935,20,0,6,3,1
6,350,21.000000,42.000000,1,2,314482,938,20,938,20,0,6,3,1
6,350,21.000000,42.000000,1,2,314484,942,20,942,20,0,6,3,1
6,350,21.000000,42.000000,1,2,314487,945,20,945,20,0,6,3,1
6,350,21.000000,42.000000,1,2,314490,948,21,948,21,0,6,3,1
6,350,21.000000,42.000000,1,2,314493,952,22,952,22,0,6,3,1
6,350,21.000000,42.000000,1,2,314495,955,22,955,22,0,6,3,1
6,350,21.000000,42.000000,1,2,314498,957,22,957,22,0,6,3,1
6,350,21.000000,42.000000,1,2,314501,964,23,964,23,0,6,3,1
6,350,21.000000,42.000000,1,2,314504,966,23,966,23,0,6,3,1
6,350,21.000000,42.000000,1,2,314506,968,23,968,23,0,6,3,1
6,350,21.000000,42.000000,1,2,314509,971,23,971,23,0,6,3,1
6,350,21.000000,42.000000,1,2,314512,974,23,974,23,0,6,3,1
6,350,21.000000,42.000000,1,2,314515,977,23,977,23,0,6,3,1
6,350,21.000000,42.000000,1,2,314518,980,23,980,23,0,6,3,1
6,350,21.000000,42.000000,1,2,314520,984,23,984,23,0,6,3,1
6,350,21.000000,42.000000,1,2,314523,986,23,986,23,0,6,3,1
6,350,21.000000,42.000000,1,2,314526,989,23,989,23,0,6,3,1
6,350,21.000000,42.000000,1,2,314529,992,23,992,23,0,6,3,1
6,350,21.000000,42.000000,1,2,314531,994,23,994,23,0,6,3,1
6,350,21.000000,42.000000,1,2,314534,995,23,995,23,0,6,3,1
6,350,21.000000,42.000000,1,2,314537,998,23,998,23,0,6,3,1
6,350,21.000000,42.000000,1,2,314540,1000,23,1000,23,0,6,3,1
6,350,21.000000,42.000000,1,2,314543,1003,23,1003,23,0,6,3,1
6,350,21.000000,42.000000,1,2,314545,1006,23,1006,23,0,6,3,1
6,350,21.000000,42.000000,1,2,314548,1007,23,1007,23,0,6,3,1
6,350,21.000000,42.000000,1,2,314551,1009,23,1009,23,0,6,3,1
6,350,21.000000,42.000000,1,2,314554,1011,23,1011,23,0,6,3,1
6,350,21.000000,42.000000,1,2,314557,1013,23,1013,23,0,6,3,1
6,350,21.000000,42.000000,1,2,314559,1013,23,1013,23,0,6,3,1
6,350,21.000000,42.000000,1,2,314562,1014,23,1014,23,0,6,3,1
6,350,21.000000,42.000000,1,2,314565,1015,23,1015,23,0,6,3,1
6,350,21.000000,42.000000,1,2,314568,1017,23,1017,23,0,6,3,1
6,350,21.000000,42.000000,1,2,314570,1019,23,1019,23,0,6,3,1
6,350,21.000000,42.000000,1,2,314574,1020,23,1020,23,0,6,3,1
6,350,21.000000,42.000000,1,2,314576,1022,23,1022,23,0,6,3,1
6,350,21.000000,42.000000,1,2,314579,1023,23,1023,23,0,6,3,1
6,350,21.000000,42.000000,1,2,314582,1024,23,1024,23,0,6,3,1
6,350,21.000000,42.000000,1,2,314585,1025,23,1025,23,0,6,3,1
6,350,21.000000,42.000000,1,2,314587,1027,23,1027,23,0,6,3,1
6,350,21.000000,42.000000,1,2,314590,1030,23,1030,23,0,6,3,1
6,350,21.000000,42.000000,1,2,314593,1031,23,1031,23,0,6,3,1
6,350,21.000000,42.000000,1,2,314596,1032,23,1032,23,0,6,3,1
6,350,21.000000,42.000000,1,2,314598,1033,23,1033,23,0,6,3,1
6,350,21.000000,42.000000,1,2,314601,1035,22,1035,22,0,6,3,1
6,350,21.000000,42.000000,1,2,314604,1036,22,1036,22,0,6,3,1
6,350,21.000000,42.000000,1,2,314607,1037,22,1037,22,0,6,3,1
6,350,21.000000,42.000000,1,2,314609,1038,22,1038,22,0,6,3,1
6,350,21.000000,42.000000,1,2,314612,1039,22,1039,22,0,6,3,1
6,350,21.000000,42.000000,1,2,314615,1040,22,1040,22,0,6,3,1
6,350,21.000000,42.000000,1,2,314618,1041,21,1041,21,0,6,3,1
6,350,21.000000,42.000000,1,2,314621,1044,21,1044,21,0,6,3,1
6,350,21.000000,42.000000,1,2,314623,1047,21,1047,21,0,6,3,1
6,350,21.000000,42.000000,1,2,314626,1048,21,1048,21,0,6,3,1
6,350,21.000000,42.000000,1,2,314629,1048,20,1048,20,0,6,3,1
6,350,21.000000,42.000000,1,2,314632,1049,20,1049,20,0,6,3,1
6,350,21.000000,42.000000,1,2,314634,1050,20,1050,20,0,6,3,1
6,350,21.000000,42.000000,1,2,314637,1051,20,1051,20,0,6,3,1
6,350,21.000000,42.000000,1,2,314640,1053,20,1053,20,0,6,3,1
6,350,21.000000,42.000000,1,2,314643,1054,20,1054,20,0,6,3,1
6,350,21.000000,42.000000,1,2,314646,1056,20,1056,20,0,6,3,1
6,350,21.000000,42.000000,1,2,314648,1057,20,1057,20,0,6,3,1
6,350,21.000000,42.000000,1,2,314651,1058,20,1058,20,0,6,3,1
6,350,21.000000,42.000000,1,2,314654,1059,19,1059,19,0,6,3,1
6,350,21.000000,42.000000,1,2,314657,1061,18,1061,18,0,6,3,1
6,350,21.000000,42.000000,1,2,314660,1062,18,1062,18,0,6,3,1
6,350,21.000000,42.000000,1,2,314662,1063,18,1063,18,0,6,3,1
6,350,21.000000,42.000000,1,2,314665,1064,18,1064,18,0,6,3,1
6,350,21.000000,42.000000,1,2,314668,1065,17,1065,17,0,6,3,1
6,350,21.000000,42.000000,1,2,314671,1066,17,1066,17,0,6,3,1
6,350,21.000000,42.000000,1,2,314673,1067,17,1067,17,0,6,3,1
6,350,21.000000,42.000000,1,2,314676,1068,17,1068,17,0,6,3,1
6,350,21.000000,42.000000,1,2,314679,1069,17,1069,17,0,6,3,1
6,350,21.000000,42.000000,1,2,314682,1071,17,1071,17,0,6,3,1
6,350,21.000000,42.000000,1,2,314685,1072,17,1072,17,0,6,3,1
6,350,21.000000,42.000000,1,2,314687,1073,17,1073,17,0,6,3,1
6,350,21.000000,42.000000,1,2,314690,1074,17,1074,17,0,6,3,1
6,350,21.000000,42.000000,1,2,314693,1075,16,1075,16,0,6,3,1
6,350,21.000000,42.000000,1,2,314696,1077,16,1077,16,0,6,3,1
6,350,21.000000,42.000000,1,2,314699,1079,16,1079,16,0,6,3,1
6,350,21.000000,42.000000,1,2,314701,1080,16,1080,16,0,6,3,1
6,350,21.000000,42.000000,1,2,314704,1081,16,1081,16,0,6,3,1
6,350,21.000000,42.000000,1,2,314707,1082,16,1082,16,0,6,3,1
6,350,21.000000,42.000000,1,2,314710,1083,16,1083,16,0,6,3,1
6,350,21.000000,42.000000,1,2,314713,1084,16,1084,16,0,6,3,1
6,350,21.000000,42.000000,1,2,314715,1085,15,1085,15,0,6,3,1
6,350,21.000000,42.000000,1,2,314718,1086,15,1086,15,0,6,3,1
6,350,21.000000,42.000000,1,2,314721,1087,15,1087,15,0,6,3,1
6,350,21.000000,42.000000,1,2,314723,1089,15,1089,15,0,6,3,1
6,350,21.000000,42.000000,1,2,314726,1091,15,1091,15,0,6,3,1
6,350,21.000000,42.000000,1,2,314729,1092,15,1092,15,0,6,3,1
6,350,21.000000,42.000000,1,2,314732,1093,15,1093,15,0,6,3,1
6,350,21.000000,42.000000,1,2,314734,1095,15,1095,15,0,6,3,1
6,350,21.000000,42.000000,1,2,314737,1096,15,1096,15,0,6,3,1
6,350,21.000000,42.000000,1,2,314740,1097,14,1097,14,0,6,3,1
6,350,21.000000,42.000000,1,2,314743,1099,14,1099,14,0,6,3,1
6,350,21.000000,42.000000,1,2,314746,1100,14,1100,14,0,6,3,1
6,350,21.000000,42.000000,1,2,314748,1101,14,1101,14,0,6,3,1
6,350,21.000000,42.000000,1,2,314751,1103,14,1103,14,0,6,3,1
6,350,21.000000,42.000000,1,2,314754,1104,14,1104,14,0,6,3,1
6,350,21.000000,42.000000,1,2,314757,1105,14,1105,14,0,6,3,1
6,350,21.000000,42.000000,1,2,314760,1106,14,1106,14,0,6,3,1
6,350,21.000000,42.000000,1,2,314762,1107,14,1107,14,0,6,3,1
6,350,21.000000,42.000000,1,2,314765,1108,14,1108,14,0,6,3,1
6,350,21.000000,42.000000,1,2,314768,1109,14,1109,14,0,6,3,1
6,350,21.000000,42.000000,1,2,314771,1110,14,1110,14,0,6,3,1
6,350,21.000000,42.000000,1,2,314773,1112,14,1112,14,0,6,3,1
6,350,21.000000,42.000000,1,2,314776,1113,14,1113,14,0,6,3,1
6,350,21.000000,42.000000,1,2,314779,1114,14,1114,14,0,6,3,1
6,350,21.000000,42.000000,1,2,314782,1116,14,1116,14,0,6,3,1
6,350,21.000000,42.000000,1,2,314784,1117,14,1117,14,0,6,3,1
6,350,21.000000,42.000000,1,2,314787,1119,14,1119,14,0,6,3,1
6,350,21.000000,42.000000,1,2,314790,1120,14,1120,14,0,6,3,1
6,350,21.000000,42.000000,1,2,314793,1121,14,1121,14,0,6,3,1
6,350,21.000000,42.000000,1,2,314795,1122,14,1122,14,0,6,3,1
6,350,21.000000,42.000000,1,2,314798,1122,14,1122,14,0,6,3,1
6,350,21.000000,42.000000,1,2,314801,1123,14,1123,14,0,6,3,1
6,350,21.000000,42.000000,1,2,314804,1125,14,1125,14,0,6,3,1
6,350,21.000000,42.000000,1,2,314807,1125,14,1125,14,0,6,3,1
6,350,21.000000,42.000000,1,2,314809,1125,14,1125,14,0,6,3,1
6,350,21.000000,42.000000,1,2,314812,1126,14,1126,14,0,6,3,1
6,350,21.000000,42.000000,1,2,314815,1127,14,1127,14,0,6,3,1
6,350,21.000000,42.000000,1,2,314818,1127,14,1127,14,0,6,3,1
6,350,21.000000,42.000000,1,2,314820,1127,14,1127,14,0,6,3,1
6,350,21.000000,42.000000,1,2,314823,1127,14,1127,14,0,6,3,1
6,350,21.000000,42.000000,1,2,314827,1127,14,1127,14,0,6,3,1
6,350,21.000000,42.000000,1,2,314829,1127,14,1127,14,0,6,3,1
6,350,21.000000,42.000000,1,2,314832,1127,14,1127,14,0,6,3,1
6,350,21.000000,42.000000,1,2,314835,1127,13,1127,13,0,6,3,1
6,350,21.000000,42.000000,1,2,314838,1128,13,1128,13,0,6,3,1
6,350,21.000000,42.000000,1,2,314840,1129,13,1129,13,0,6,3,1
6,350,21.000000,42.000000,1,2,314843,1129,13,1129,13,0,6,3,1
6,350,21.000000,42.000000,1,2,314846,1129,13,1129,13,0,6,3,1
6,350,21.000000,42.000000,1,2,314848,1129,13,1129,13,0,6,3,1
6,350,21.000000,42.000000,1,2,314851,1129,13,1129,13,0,6,3,1
6,350,21.000000,42.000000,1,2,314854,1129,13,1129,13,0,6,3,1
6,350,21.000000,42.000000,1,2,314857,1130,13,1130,13,0,6,3,1
6,350,21.000000,42.000000,1,2,314859,1130,13,1130,13,0,6,3,1
6,350,21.000000,42.000000,1,2,314862,1131,13,1131,13,0,6,3,1
6,350,21.000000,42.000000,1,2,314865,1132,13,1132,13,0,6,3,1
6,350,21.000000,42.000000,1,2,314868,1132,13,1132,13,0,6,3,1
6,350,21.000000,42.000000,1,2,314871,1132,13,1132,13,0,6,3,1
6,350,21.000000,42.000000,1,2,314873,1132,13,1132,13,0,6,3,1
6,350,21.000000,42.000000,1,2,314876,1132,13,1132,13,0,6,3,1
6,350,21.000000,42.000000,1,2,314879,1132,13,1132,13,0,6,3,1
6,350,21.000000,42.000000,1,2,314882,1132,13,1132,13,0,6,3,1
6,350,21.000000,42.000000,1,2,314884,1132,13,1132,13,0,6,3,1
6,350,21.000000,42.000000,1,2,314887,1132,13,1132,13,0,6,3,1
6,350,21.000000,42.000000,1,2,314890,1132,13,1132,13,0,6,3,1
6,350,21.000000,42.000000,1,2,314893,1132,13,1132,13,0,6,3,1
6,350,21.000000,42.000000,1,2,314896,1132,13,1132,13,0,6,3,1
6,350,21.000000,42.000000,1,2,314898,1132,13,1132,13,0,6,3,1
6,350,21.000000,42.000000,1,2,314901,1132,13,1132,13,0,6,3,1
6,350,21.000000,42.000000,1,2,314904,1132,13,1132,13,0,6,3,1
6,350,21.000000,42.000000,1,2,314907,1132,13,1132,13,0,6,3,1
6,350,21.000000,42.000000,1,2,314909,1132,13,1132,13,0,6,3,1
6,350,21.000000,42.000000,1,2,314912,1132,13,1132,13,0,6,3,1
6,350,21.000000,42.000000,1,2,314915,1132,13,1132,13,0,6,3,1
6,350,21.000000,42.000000,1,2,314918,1132,13,1132,13,0,6,3,1
6,350,21.000000,42.000000,1,2,314921,1132,13,1132,13,0,6,3,1
6,350,21.000000,42.000000,1,2,314923,1132,13,1132,13,0,6,3,1
6,350,21.000000,42.000000,1,2,314926,1132,13,1132,13,0,6,3,1
6,350,21.000000,42.000000,1,2,314929,1132,13,1132,13,0,6,3,1
6,350,21.000000,42.000000,1,2,314932,1132,13,1132,13,0,6,3,1
6,350,21.000000,42.000000,1,2,314934,1132,13,1132,13,0,6,3,1
6,350,21.000000,42.000000,1,2,314937,1132,13,1132,13,0,6,3,1
6,350,21.000000,42.000000,1,2,314940,1132,13,1132,13,0,6,3,1
6,350,21.000000,42.000000,1,2,314943,1132,13,1132,13,0,6,3,1
6,350,21.000000,42.000000,1,2,314946,1132,13,1132,13,0,6,3,1
6,350,21.000000,42.000000,1,2,314948,1132,13,1132,13,0,6,3,1
6,350,21.000000,42.000000,1,2,314951,1132,13,1132,13,0,6,3,1
6,350,21.000000,42.000000,1,2,314954,1132,13,1132,13,0,6,3,1
6,350,21.000000,42.000000,1,2,314957,1132,13,1132,13,0,6,3,1
6,350,21.000000,42.000000,1,2,314960,1132,13,1132,13,0,6,3,1
6,350,21.000000,42.000000,1,2,314962,1132,13,1132,13,0,6,3,1
6,350,21.000000,42.000000,1,2,314965,1132,13,1132,13,0,6,3,1
6,350,21.000000,42.000000,1,2,314968,1132,13,1132,13,0,6,3,1
6,350,21.000000,42.000000,1,2,314971,1132,13,1132,13,0,6,3,1
6,350,21.000000,42.000000,1,2,314974,1132,13,1132,13,0,6,3,1
6,350,21.000000,42.000000,1,2,314976,1132,13,1132,13,0,6,3,1
6,350,21.000000,42.000000,1,2,314979,1132,13,1132,13,0,6,3,1
6,350,21.000000,42.000000,1,2,314982,1132,13,1132,13,0,6,3,1
6,350,21.000000,42.000000,1,2,314985,1132,13,1132,13,0,6,3,1
6,350,21.000000,42.000000,1,2,314988,1132,13,1132,13,0,6,3,1
6,350,21.000000,42.000000,1,2,314990,1132,13,1132,13,0,6,3,1
6,350,21.000000,42.000000,1,2,314993,1132,13,1132,13,0,6,3,1
6,350,21.000000,42.000000,1,2,314996,1132,13,1132,13,0,6,3,1
6,350,21.000000,42.000000,1,2,314999,1132,13,1132,13,0,6,3,1
6,350,21.000000,42.000000,1,2,315001,1132,13,1132,13,0,6,3,1
6,350,21.000000,42.000000,1,2,315004,1132,13,1132,13,0,6,3,1
6,350,21.000000,42.000000,1,2,315007,1132,13,1132,13,0,6,3,1
6,350,21.000000,42.000000,1,2,315010,1132,13,1132,13,0,6,3,1
6,350,21.000000,42.000000,1,2,315013,1132,13,1132,13,0,6,3,1
6,350,21.000000,42.000000,1,2,315015,1132,13,1132,13,0,6,3,1
6,350,21.000000,42.000000,1,2,315018,1132,13,1132,13,0,6,3,1
6,350,21.000000,42.000000,1,2,315021,1132,13,1132,13,0,6,3,1
6,350,21.000000,42.000000,1,2,315024,1132,13,1132,13,0,6,3,1
6,350,21.000000,42.000000,1,2,315026,1132,13,1132,13,0,6,3,1
6,350,21.000000,42.000000,1,2,315029,1132,13,1132,13,0,6,3,1
6,350,21.000000,42.000000,1,2,315032,1132,13,1132,13,0,6,3,1
6,350,21.000000,42.000000,1,2,315035,1132,13,1132,13,0,6,3,1
6,350,21.000000,42.000000,1,2,315037,1132,13,1132,13,0,6,3,1
6,350,21.000000,42.000000,1,2,315040,1132,13,1132,13,0,6,3,1
6,350,21.000000,42.000000,1,2,315043,1132,13,1132,13,0,6,3,1
6,350,21.000000,42.000000,1,2,315046,1132,13,1132,13,0,6,3,1
6,350,21.000000,42.000000,1,2,315059,1132,13,1132,13,0,6,3,1
