6,700,21.000000,42.000000,1,2,323784,615,0,615,0,0,7,3,1
6,700,21.000000,42.000000,1,2,323785,615,0,615,0,0,7,3,1
6,700,21.000000,42.000000,1,2,323788,615,0,615,0,0,7,3,1
6,700,21.000000,42.000000,1,2,323791,615,0,615,0,0,7,3,1
6,700,21.000000,42.000000,1,2,323793,615,0,615,0,0,7,3,1
6,700,21.000000,42.000000,1,2,323796,615,0,615,0,0,7,3,1
6,700,21.000000,42.000000,1,2,323799,615,0,615,0,0,7,3,1
6,700,21.000000,42.000000,1,2,323802,615,0,615,0,0,7,3,1
6,700,21.000000,42.000000,1,2,323805,615,0,615,0,0,7,3,1
6,700,21.000000,42.000000,1,2,323807,615,0,615,0,0,7,3,1
6,700,21.000000,42.000000,1,2,323810,615,0,615,0,0,7,3,1
6,700,21.000000,42.000000,1,2,323813,615,0,615,0,0,7,3,1
6,700,21.000000,42.000000,1,2,323816,615,0,615,0,0,7,3,1
6,700,21.000000,42.000000,1,2,323819,615,0,615,0,0,7,3,1
6,700,21.000000,42.000000,1,2,323821,615,0,615,0,0,7,3,1
6,700,21.000000,42.000000,1,2,323824,615,0,615,0,0,7,3,1
6,700,21.000000,42.000000,1,2,323827,615,0,615,0,0,7,3,1
6,700,21.000000,42.000000,1,2,323830,615,0,615,0,0,7,3,1
6,700,21.000000,42.000000,1,2,323832,615,0,615,0,0,7,3,1
6,700,21.000000,42.000000,1,2,323835,615,0,615,0,0,7,3,1
6,700,21.000000,42.000000,1,2,323838,615,0,615,0,0,7,3,1
6,700,21.000000,42.000000,1,2,323841,615,0,615,0,0,7,3,1
6,700,21.000000,42.000000,1,2,323844,615,0,615,0,0,7,3,1
6,700,21.000000,42.000000,1,2,323846,615,0,615,0,0,7,3,1
6,700,21.000000,42.000000,1,2,323849,615,0,615,0,0,7,3,1
6,700,21.000000,42.000000,1,2,323852,616,0,616,0,0,7,3,1
6,700,21.000000,42.000000,1,2,323855,617,0,617,0,0,7,3,1
6,700,21.000000,42.000000,1,2,323858,618,0,618,0,0,7,3,1
6,700,21.000000,42.000000,1,2,323860,619,0,619,0,0,7,3,1
6,700,21.000000,42.000000,1,2,323863,620,0,620,0,0,7,3,1
6,700,21.000000,42.000000,1,2,323866,622,0,622,0,0,7,3,1
6,700,21.000000,42.000000,1,2,323869,623,0,623,0,0,7,3,1
6,700,21.000000,42.000000,1,2,323871,625,0,625,0,0,7,3,1
6,700,21.000000,42.000000,1,2,323874,627,1,627,1,0,7,3,1
6,700,21.000000,42.000000,1,2,323877,630,1,630,1,0,7,3,1
6,700,21.000000,42.000000,1,2,323880,634,2,634,2,0,7,3,1
6,700,21.000000,42.000000,1,2,323883,639,3,639,3,0,7,3,1
6,700,21.000000,42.000000,1,2,323885,644,3,644,3,0,7,3,1
6,700,21.000000,42.000000,1,2,323888,648,4,648,4,0,7,3,1
6,700,21.000000,42.000000,1,2,323891,652,5,652,5,0,7,3,1
6,700,21.000000,42.000000,1,2,323894,656,6,656,6,0,7,3,1
6,700,21.000000,42.000000,1,2,323896,662,6,662,6,0,7,3,1
6,700,21.000000,42.000000,1,2,323899,667,7,667,7,0,7,3,1
6,700,21.000000,42.000000,1,2,323902,676,8,676,8,0,7,3,1
6,700,21.000000,42.000000,1,2,323905,687,10,687,10,0,7,3,1
6,700,21.000000,42.000000,1,2,323908,698,10,698,10,0,7,3,1
6,700,21.000000,42.000000,1,2,323910,704,11,704,11,0,7,3,1
6,700,21.000000,42.000000,1,2,323913,710,12,710,12,0,7,3,1
6,700,21.000000,42.000000,1,2,323916,716,13,716,13,0,7,3,1
6,700,21.000000,42.000000,1,2,323919,720,13,720,13,0,7,3,1
6,700,21.000000,42.000000,1,2,323921,735,15,735,15,0,7,3,1
6,700,21.000000,42.000000,1,2,323924,738,16,738,16,0,7,3,1
6,700,21.000000,42.000000,1,2,323927,751,17,751,17,0,7,3,1
6,700,21.000000,42.000000,1,2,323930,752,17,752,17,0,7,3,1
6,700,21.000000,42.000000,1,2,323932,766,19,766,19,0,7,3,1
6,700,21.000000,42.000000,1,2,323935,773,19,773,19,0,7,3,1
6,700,21.000000,42.000000,1,2,323938,782,20,782,20,0,7,3,1
6,700,21.000000,42.000000,1,2,323941,786,20,786,20,0,7,3,1
6,700,21.000000,42.000000,1,2,323943,801,22,801,22,0,7,3,1
6,700,21.000000,42.000000,1,2,323946,810,23,810,23,0,7,3,1
6,700,21.000000,42.000000,1,2,323949,812,23,812,23,0,7,3,1
6,700,21.000000,42.000000,1,2,323952,828,25,828,25,0,7,3,1
6,700,21.000000,42.000000,1,2,323955,835,25,835,25,0,7,3,1
6,700,21.000000,42.000000,1,2,323957,847,26,847,26,0,7,3,1
6,700,21.000000,42.000000,1,2,323960,857,28,857,28,0,7,3,1
6,700,21.000000,42.000000,1,2,323963,860,28,860,28,0,7,3,1
6,700,21.000000,42.000000,1,2,323966,869,29,869,29,0,7,3,1
6,700,21.000000,42.000000,1,2,323968,873,29,873,29,0,7,3,1
6,700,21.000000,42.000000,1,2,323971,882,30,882,30,0,7,3,1
6,700,21.000000,42.000000,1,2,323974,890,31,890,31,0,7,3,1
6,700,21.000000,42.000000,1,2,323977,900,32,900,32,0,7,3,1
6,700,21.000000,42.000000,1,2,323980,914,33,914,33,0,7,3,1
6,700,21.000000,42.000000,1,2,323982,924,34,924,34,0,7,3,1
6,700,21.000000,42.000000,1,2,323985,928,34,928,34,0,7,3,1
6,700,21.000000,42.000000,1,2,323988,942,35,942,35,0,7,3,1
6,700,21.000000,42.000000,1,2,323991,955,36,955,36,0,7,3,1
6,700,21.000000,42.000000,1,2,323993,965,37,965,37,0,7,3,1
6,700,21.000000,42.000000,1,2,323996,973,37,973,37,0,7,3,1
6,700,21.000000,42.000000,1,2,323999,981,38,981,38,0,7,3,1
6,700,21.000000,42.000000,1,2,324002,989,39,989,39,0,7,3,1
6,700,21.000000,42.000000,1,2,324005,998,40,998,40,0,7,3,1
6,700,21.000000,42.000000,1,2,324007,1012,41,1012,41,0,7,3,1
6,700,21.000000,42.000000,1,2,324010,1021,42,1021,42,0,7,3,1
6,700,21.000000,42.000000,1,2,324013,1030,43,1030,43,0,7,3,1
6,700,21.000000,42.000000,1,2,324016,1038,43,1038,43,0,7,3,1
6,700,21.000000,42.000000,1,2,324018,1049,43,1049,43,0,7,3,1
6,700,21.000000,42.000000,1,2,324021,1056,44,1056,44,0,7,3,1
6,700,21.000000,42.000000,1,2,324024,1065,45,1065,45,0,7,3,1
6,700,21.000000,42.000000,1,2,324027,1069,45,1069,45,0,7,3,1
6,700,21.000000,42.000000,1,2,324030,1073,46,1073,46,0,7,3,1
6,700,21.000000,42.000000,1,2,324032,1088,47,1088,47,0,7,3,1
6,700,21.000000,42.000000,1,2,324035,1092,47,1092,47,0,7,3,1
6,700,21.000000,42.000000,1,2,324038,1095,47,1095,47,0,7,3,1
6,700,21.000000,42.000000,1,2,324041,1106,47,1106,47,0,7,3,1
6,700,21.000000,42.000000,1,2,324043,1111,47,1111,47,0,7,3,1
6,700,21.000000,42.000000,1,2,324046,1117,47,1117,47,0,7,3,1
6,700,21.000000,42.000000,1,2,324049,1122,47,1122,47,0,7,3,1
6,700,21.000000,42.000000,1,2,324052,1126,47,1126,47,0,7,3,1
6,700,21.000000,42.000000,1,2,324055,1128,47,1128,47,0,7,3,1
6,700,21.000000,42.000000,1,2,324058,1137,48,1137,48,0,7,3,1
6,700,21.000000,42.000000,1,2,324061,1143,48,1143,48,0,7,3,1
6,700,21.000000,42.000000,1,2,324064,1148,48,1148,48,0,7,3,1
6,700,21.000000,42.000000,1,2,324067,1160,48,1160,48,0,7,3,1
6,700,21.000000,42.000000,1,2,324069,1166,48,1166,48,0,7,3,1
6,700,21.000000,42.000000,1,2,324072,1170,48,1170,48,0,7,3,1
6,700,21.000000,42.000000,1,2,324075,1174,49,1174,49,0,7,3,1
6,700,21.000000,42.000000,1,2,324078,1179,49,1179,49,0,7,3,1
6,700,21.000000,42.000000,1,2,324081,1182,49,1182,49,0,7,3,1
6,700,21.000000,42.000000,1,2,324084,1186,49,1186,49,0,7,3,1
6,700,21.000000,42.000000,1,2,324087,1190,49,1190,49,0,7,3,1
6,700,21.000000,42.000000,1,2,324089,1194,49,1194,49,0,7,3,1
6,700,21.000000,42.000000,1,2,324092,1195,49,1195,49,0,7,3,1
6,700,21.000000,42.000000,1,2,324095,1198,49,1198,49,0,7,3,1
6,700,21.000000,42.000000,1,2,324097,1201,49,1201,49,0,7,3,1
6,700,21.000000,42.000000,1,2,324100,1202,49,1202,49,0,7,3,1
6,700,21.000000,42.000000,1,2,324103,1205,49,1205,49,0,7,3,1
6,700,21.000000,42.000000,1,2,324105,1208,49,1208,49,0,7,3,1
6,700,21.000000,42.000000,1,2,324108,1209,49,1209,49,0,7,3,1
6,700,21.000000,42.000000,1,2,324111,1212,49,1212,49,0,7,3,1
6,700,21.000000,42.000000,1,2,324113,1215,49,1215,49,0,7,3,1
6,700,21.000000,42.000000,1,2,324116,1218,49,1218,49,0,7,3,1
6,700,21.000000,42.000000,1,2,324119,1219,49,1219,49,0,7,3,1
6,700,21.000000,42.000000,1,2,324121,1221,49,1221,49,0,7,3,1
6,700,21.000000,42.000000,1,2,324124,1222,49,1222,49,0,7,3,1
6,700,21.000000,42.000000,1,2,324127,1223,49,1223,49,0,7,3,1
6,700,21.000000,42.000000,1,2,324130,1228,48,1228,48,0,7,3,1
6,700,21.000000,42.000000,1,2,324133,1230,48,1230,48,0,7,3,1
6,700,21.000000,42.000000,1,2,324135,1234,47,1234,47,0,7,3,1
6,700,21.000000,42.000000,1,2,324138,1237,47,1237,47,0,7,3,1
6,700,21.000000,42.000000,1,2,324141,1238,47,1238,47,0,7,3,1
6,700,21.000000,42.000000,1,2,324144,1241,47,1241,47,0,7,3,1
6,700,21.000000,42.000000,1,2,324146,1243,47,1243,47,0,7,3,1
6,700,21.000000,42.000000,1,2,324149,1246,46,1246,46,0,7,3,1
6,700,21.000000,42.000000,1,2,324152,1248,46,1248,46,0,7,3,1
6,700,21.000000,42.000000,1,2,324155,1251,45,1251,45,0,7,3,1
6,700,21.000000,42.000000,1,2,324157,1254,45,1254,45,0,7,3,1
6,700,21.000000,42.000000,1,2,324161,1256,45,1256,45,0,7,3,1
6,700,21.000000,42.000000,1,2,324163,1257,45,1257,45,0,7,3,1
6,700,21.000000,42.000000,1,2,324166,1259,44,1259,44,0,7,3,1
6,700,21.000000,42.000000,1,2,324169,1261,44,1261,44,0,7,3,1
6,700,21.000000,42.000000,1,2,324172,1262,44,1262,44,0,7,3,1
6,700,21.000000,42.000000,1,2,324174,1264,44,1264,44,0,7,3,1
6,700,21.000000,42.000000,1,2,324177,1266,43,1266,43,0,7,3,1
6,700,21.000000,42.000000,1,2,324180,1268,43,1268,43,0,7,3,1
6,700,21.000000,42.000000,1,2,324183,1270,43,1270,43,0,7,3,1
6,700,21.000000,42.000000,1,2,324186,1272,43,1272,43,0,7,3,1
6,700,21.000000,42.000000,1,2,324188,1273,43,1273,43,0,7,3,1
6,700,21.000000,42.000000,1,2,324191,1275,43,1275,43,0,7,3,1
6,700,21.000000,42.000000,1,2,324194,1276,43,1276,43,0,7,3,1
6,700,21.000000,42.000000,1,2,324196,1278,43,1278,43,0,7,3,1
6,700,21.000000,42.000000,1,2,324200,1280,43,1280,43,0,7,3,1
6,700,21.000000,42.000000,1,2,324202,1282,43,1282,43,0,7,3,1
6,700,21.000000,42.000000,1,2,324205,1283,42,1283,42,0,7,3,1
6,700,21.000000,42.000000,1,2,324208,1284,42,1284,42,0,7,3,1
6,700,21.000000,42.000000,1,2,324211,1284,41,1284,41,0,7,3,1
6,700,21.000000,42.000000,1,2,324213,1284,40,1284,40,0,7,3,1
6,700,21.000000,42.000000,1,2,324216,1284,40,1284,40,0,7,3,1
6,700,21.000000,42.000000,1,2,324219,1284,40,1284,40,0,7,3,1
6,700,21.000000,42.000000,1,2,324222,1284,40,1284,40,0,7,3,1
6,700,21.000000,42.000000,1,2,324224,1284,40,1284,40,0,7,3,1
6,700,21.000000,42.000000,1,2,324227,1284,39,1284,39,0,7,3,1
6,700,21.000000,42.000000,1,2,324230,1284,38,1284,38,0,7,3,1
6,700,21.000000,42.000000,1,2,324233,1284,38,1284,38,0,7,3,1
6,700,21.000000,42.000000,1,2,324236,1284,38,1284,38,0,7,3,1
6,700,21.000000,42.000000,1,2,324238,1284,38,1284,38,0,7,3,1
6,700,21.000000,42.000000,1,2,324241,1284,38,1284,38,0,7,3,1
6,700,21.000000,42.000000,1,2,324244,1284,37,1284,37,0,7,3,1
6,700,21.000000,42.000000,1,2,324247,1284,36,1284,36,0,7,3,1
6,700,21.000000,42.000000,1,2,324249,1285,36,1285,36,0,7,3,1
6,700,21.000000,42.000000,1,2,324252,1286,36,1286,36,0,7,3,1
6,700,21.000000,42.000000,1,2,324255,1286,36,1286,36,0,7,3,1
6,700,21.000000,42.000000,1,2,324258,1286,35,1286,35,0,7,3,1
6,700,21.000000,42.000000,1,2,324260,1287,35,1287,35,0,7,3,1
6,700,21.000000,42.000000,1,2,324263,1287,34,1287,34,0,7,3,1
6,700,21.000000,42.000000,1,2,324266,1287,33,1287,33,0,7,3,1
6,700,21.000000,42.000000,1,2,324269,1287,33,1287,33,0,7,3,1
6,700,21.000000,42.000000,1,2,324271,1287,32,1287,32,0,7,3,1
6,700,21.000000,42.000000,1,2,324274,1288,32,1288,32,0,7,3,1
6,700,21.000000,42.000000,1,2,324277,1289,32,1289,32,0,7,3,1
6,700,21.000000,42.000000,1,2,324280,1290,31,1290,31,0,7,3,1
6,700,21.000000,42.000000,1,2,324282,1291,30,1291,30,0,7,3,1
6,700,21.000000,42.000000,1,2,324286,1292,30,1292,30,0,7,3,1
6,700,21.000000,42.000000,1,2,324288,1293,29,1293,29,0,7,3,1
6,700,21.000000,42.000000,1,2,324291,1293,28,1293,28,0,7,3,1
6,700,21.000000,42.000000,1,2,324294,1294,27,1294,27,0,7,3,1
6,700,21.000000,42.000000,1,2,324296,1295,27,1295,27,0,7,3,1
6,700,21.000000,42.000000,1,2,324299,1295,26,1295,26,0,7,3,1
6,700,21.000000,42.000000,1,2,324302,1296,26,1296,26,0,7,3,1
6,700,21.000000,42.000000,1,2,324305,1297,26,1297,26,0,7,3,1
6,700,21.000000,42.000000,1,2,324307,1298,25,1298,25,0,7,3,1
6,700,21.000000,42.000000,1,2,324310,1299,25,1299,25,0,7,3,1
6,700,21.000000,42.000000,1,2,324313,1299,25,1299,25,0,7,3,1
6,700,21.000000,42.000000,1,2,324316,1300,24,1300,24,0,7,3,1
6,700,21.000000,42.000000,1,2,324319,1302,23,1302,23,0,7,3,1
6,700,21.000000,42.000000,1,2,324321,1302,23,1302,23,0,7,3,1
6,700,21.000000,42.000000,1,2,324324,1302,23,1302,23,0,7,3,1
6,700,21.000000,42.000000,1,2,324327,1302,22,1302,22,0,7,3,1
6,700,21.000000,42.000000,1,2,324330,1303,22,1303,22,0,7,3,1
6,700,21.000000,42.000000,1,2,324332,1304,21,1304,21,0,7,3,1
6,700,21.000000,42.000000,1,2,324335,1304,21,1304,21,0,7,3,1
6,700,21.000000,42.000000,1,2,324338,1304,21,1304,21,0,7,3,1
6,700,21.000000,42.000000,1,2,324341,1304,21,1304,21,0,7,3,1
6,700,21.000000,42.000000,1,2,324344,1304,21,1304,21,0,7,3,1
6,700,21.000000,42.000000,1,2,324346,1304,20,1304,20,0,7,3,1
6,700,21.000000,42.000000,1,2,324349,1304,19,1304,19,0,7,3,1
6,700,21.000000,42.000000,1,2,324352,1304,19,1304,19,0,7,3,1
6,700,21.000000,42.000000,1,2,324355,1304,19,1304,19,0,7,3,1
6,700,21.000000,42.000000,1,2,324357,1304,19,1304,19,0,7,3,1
6,700,21.000000,42.000000,1,2,324360,1304,19,1304,19,0,7,3,1
6,700,21.000000,42.000000,1,2,324363,1304,18,1304,18,0,7,3,1
6,700,21.000000,42.000000,1,2,324366,1304,17,1304,17,0,7,3,1
6,700,21.000000,42.000000,1,2,324369,1305,17,1305,17,0,7,3,1
6,700,21.000000,42.000000,1,2,324372,1306,17,1306,17,0,7,3,1
6,700,21.000000,42.000000,1,2,324374,1306,17,1306,17,0,7,3,1
6,700,21.000000,42.000000,1,2,324377,1307,17,1307,17,0,7,3,1
6,700,21.000000,42.000000,1,2,324380,1308,16,1308,16,0,7,3,1
6,700,21.000000,42.000000,1,2,324383,1309,15,1309,15,0,7,3,1
6,700,21.000000,42.000000,1,2,324386,1309,14,1309,14,0,7,3,1
6,700,21.000000,42.000000,1,2,324388,1310,14,1310,14,0,7,3,1
6,700,21.000000,42.000000,1,2,324391,1311,14,1311,14,0,7,3,1
6,700,21.000000,42.000000,1,2,324394,1312,14,1312,14,0,7,3,1
6,700,21.000000,42.000000,1,2,324397,1312,13,1312,13,0,7,3,1
6,700,21.000000,42.000000,1,2,324399,1312,12,1312,12,0,7,3,1
6,700,21.000000,42.000000,1,2,324402,1313,12,1313,12,0,7,3,1
6,700,21.000000,42.000000,1,2,324405,1314,12,1314,12,0,7,3,1
6,700,21.000000,42.000000,1,2,324408,1314,12,1314,12,0,7,3,1
6,700,21.000000,42.000000,1,2,324410,1315,12,1315,12,0,7,3,1
6,700,21.000000,42.000000,1,2,324413,1315,11,1315,11,0,7,3,1
6,700,21.000000,42.000000,1,2,324416,1315,10,1315,10,0,7,3,1
6,700,21.000000,42.000000,1,2,324419,1316,10,1316,10,0,7,3,1
6,700,21.000000,42.000000,1,2,324422,1316,10,1316,10,0,7,3,1
6,700,21.000000,42.000000,1,2,324424,1316,10,1316,10,0,7,3,1
6,700,21.000000,42.000000,1,2,324427,1316,10,1316,10,0,7,3,1
6,700,21.000000,42.000000,1,2,324430,1316,10,1316,10,0,7,3,1
6,700,21.000000,42.000000,1,2,324433,1316,10,1316,10,0,7,3,1
6,700,21.000000,42.000000,1,2,324435,1316,10,1316,10,0,7,3,1
6,700,21.000000,42.000000,1,2,324438,1316,10,1316,10,0,7,3,1
6,700,21.000000,42.000000,1,2,324441,1316,10,1316,10,0,7,3,1
6,700,21.000000,42.000000,1,2,324444,1316,9,1316,9,0,7,3,1
6,700,21.000000,42.000000,1,2,324447,1316,8,1316,8,0,7,3,1
6,700,21.000000,42.000000,1,2,324450,1316,8,1316,8,0,7,3,1
6,700,21.000000,42.000000,1,2,324452,1316,8,1316,8,0,7,3,1
6,700,21.000000,42.000000,1,2,324455,1316,8,1316,8,0,7,3,1
6,700,21.000000,42.000000,1,2,324458,1316,8,1316,8,0,7,3,1
6,700,21.000000,42.000000,1,2,324461,1316,8,1316,8,0,7,3,1
6,700,21.000000,42.000000,1,2,324464,1316,8,1316,8,0,7,3,1
6,700,21.000000,42.000000,1,2,324467,1316,8,1316,8,0,7,3,1
6,700,21.000000,42.000000,1,2,324469,1316,8,1316,8,0,7,3,1
6,700,21.000000,42.000000,1,2,324472,1316,8,1316,8,0,7,3,1
6,700,21.000000,42.000000,1,2,324475,1316,8,1316,8,0,7,3,1
6,700,21.000000,42.000000,1,2,324477,1316,8,1316,8,0,7,3,1
6,700,21.000000,42.000000,1,2,324480,1316,8,1316,8,0,7,3,1
6,700,21.000000,42.000000,1,2,324483,1316,8,1316,8,0,7,3,1
6,700,21.000000,42.000000,1,2,324485,1316,8,1316,8,0,7,3,1
6,700,21.000000,42.000000,1,2,324488,1316,8,1316,8,0,7,3,1
6,700,21.000000,42.000000,1,2,324491,1316,8,1316,8,0,7,3,1
6,700,21.000000,42.000000,1,2,324505,1316,8,1316,8,0,7,3,1
