6,350,21.000000,0.000000,1,5,1312595,783,0,783,0,0,80,1,0
6,350,21.000000,0.000000,1,5,1312596,783,0,783,0,0,80,1,0
6,350,21.000000,0.000000,1,5,1312599,783,0,783,0,0,80,1,0
6,350,21.000000,0.000000,1,5,1312602,783,0,783,0,0,80,1,0
6,350,21.000000,0.000000,1,5,1312605,783,0,783,0,0,80,1,0
6,350,21.000000,0.000000,1,5,1312607,783,0,783,0,0,80,1,0
6,350,21.000000,0.000000,1,5,1312610,783,0,783,0,0,80,1,0
6,350,21.000000,0.000000,1,5,1312613,783,0,783,0,0,80,1,0
6,350,21.000000,0.000000,1,5,1312616,783,0,783,0,0,80,1,0
6,350,21.000000,0.000000,1,5,1312618,783,0,783,0,0,80,1,0
6,350,21.000000,0.000000,1,5,1312621,783,0,783,0,0,80,1,0
6,350,21.000000,0.000000,1,5,1312624,783,0,783,0,0,80,1,0
6,350,21.000000,0.000000,1,5,1312627,783,0,783,0,0,80,1,0
6,350,21.000000,0.000000,1,5,1312630,783,0,783,0,0,80,1,0
6,350,21.000000,0.000000,1,5,1312632,783,0,783,0,0,80,1,0
6,350,21.000000,0.000000,1,5,1312635,783,0,783,0,0,80,1,0
6,350,21.000000,0.000000,1,5,1312638,783,0,783,0,0,80,1,0
6,350,21.000000,0.000000,1,5,1312641,783,0,783,0,0,80,1,0
6,350,21.000000,0.000000,1,5,1312644,783,0,783,0,0,80,1,0
6,350,21.000000,0.000000,1,5,1312646,783,0,783,0,0,80,1,0
6,350,21.000000,0.000000,1,5,1312649,783,0,783,0,0,80,1,0
6,350,21.000000,0.000000,1,5,1312652,783,0,783,0,0,80,1,0
6,350,21.000000,0.000000,1,5,1312654,783,0,783,0,0,80,1,0
6,350,21.000000,0.000000,1,5,1312657,783,0,783,0,0,80,1,0
6,350,21.000000,0.000000,1,5,1312660,783,0,783,0,0,80,1,0
6,350,21.000000,0.000000,1,5,1312663,783,0,783,0,0,80,1,0
6,350,21.000000,0.000000,1,5,1312666,783,0,783,0,0,80,1,0
6,350,21.000000,0.000000,1,5,1312668,783,0,783,0,0,80,1,0
6,350,21.000000,0.000000,1,5,1312671,783,0,783,0,0,80,1,0
6,350,21.000000,0.000000,1,5,1312674,783,0,783,0,0,80,1,0
6,350,21.000000,0.000000,1,5,1312677,783,0,783,0,0,80,1,0
6,350,21.000000,0.000000,1,5,1312679,783,0,783,0,0,80,1,0
6,350,21.000000,0.000000,1,5,1312682,783,0,783,0,0,80,1,0
6,350,21.000000,0.000000,1,5,1312685,783,0,783,0,0,80,1,0
6,350,21.000000,0.000000,1,5,1312688,784,1,784,1,0,80,1,0
6,350,21.000000,0.000000,1,5,1312690,785,1,785,1,0,80,1,0
6,350,21.000000,0.000000,1,5,1312693,786,1,786,1,0,80,1,0
6,350,21.000000,0.000000,1,5,1312696,787,1,787,1,0,80,1,0
6,350,21.000000,0.000000,1,5,1312699,788,1,788,1,0,80,1,0
6,350,21.000000,0.000000,1,5,1312702,789,1,789,1,0,80,1,0
6,350,21.000000,0.000000,1,5,1312705,790,1,790,1,0,80,1,0
6,350,21.000000,0.000000,1,5,1312707,792,1,792,1,0,80,1,0
6,350,21.000000,0.000000,1,5,1312710,794,1,794,1,0,80,1,0
6,350,21.000000,0.000000,1,5,1312713,795,1,795,1,0,80,1,0
6,350,21.000000,0.000000,1,5,1312715,797,1,797,1,0,80,1,0
6,350,21.000000,0.000000,1,5,1312718,799,2,799,2,0,80,1,0
6,350,21.000000,0.000000,1,5,1312721,800,3,800,3,0,80,1,0
6,350,21.000000,0.000000,1,5,1312724,801,3,801,3,0,80,1,0
6,350,21.000000,0.000000,1,5,1312727,803,3,803,3,0,80,1,0
6,350,21.000000,0.000000,1,5,1312730,805,3,805,3,0,80,1,0
6,350,21.000000,0.000000,1,5,1312732,806,3,806,3,0,80,1,0
6,350,21.000000,0.000000,1,5,1312735,808,4,808,4,0,80,1,0
6,350,21.000000,0.000000,1,5,1312738,811,5,811,5,0,80,1,0
6,350,21.000000,0.000000,1,5,1312740,815,5,815,5,0,80,1,0
6,350,21.000000,0.000000,1,5,1312743,818,6,818,6,0,80,1,0
6,350,21.000000,0.000000,1,5,1312746,820,6,820,6,0,80,1,0
6,350,21.000000,0.000000,1,5,1312749,822,7,822,7,0,80,1,0
6,350,21.000000,0.000000,1,5,1312751,826,8,826,8,0,80,1,0
6,350,21.000000,0.000000,1,5,1312754,828,9,828,9,0,80,1,0
6,350,21.000000,0.000000,1,5,1312757,831,10,831,10,0,80,1,0
6,350,21.000000,0.000000,1,5,1312760,835,11,835,11,0,80,1,0
6,350,21.000000,0.000000,1,5,1312763,839,11,839,11,0,80,1,0
6,350,21.000000,0.000000,1,5,1312765,844,12,844,12,0,80,1,0
6,350,21.000000,0.000000,1,5,1312768,848,13,848,13,0,80,1,0
6,350,21.000000,0.000000,1,5,1312771,852,14,852,14,0,80,1,0
6,350,21.000000,0.000000,1,5,1312774,857,15,857,15,0,80,1,0
6,350,21.000000,0.000000,1,5,1312776,861,15,861,15,0,80,1,0
6,350,21.000000,0.000000,1,5,1312779,866,16,866,16,0,80,1,0
6,350,21.000000,0.000000,1,5,1312782,872,17,872,17,0,80,1,0
6,350,21.000000,0.000000,1,5,1312785,879,18,879,18,0,80,1,0
6,350,21.000000,0.000000,1,5,1312788,885,19,885,19,0,80,1,0
6,350,21.000000,0.000000,1,5,1312790,889,20,889,20,0,80,1,0
6,350,21.000000,0.000000,1,5,1312793,894,20,894,20,0,80,1,0
6,350,21.000000,0.000000,1,5,1312796,900,21,900,21,0,80,1,0
6,350,21.000000,0.000000,1,5,1312799,905,22,905,22,0,80,1,0
6,350,21.000000,0.000000,1,5,1312802,910,23,910,23,0,80,1,0
6,350,21.000000,0.000000,1,5,1312804,915,23,915,23,0,80,1,0
6,350,21.000000,0.000000,1,5,1312807,920,23,920,23,0,80,1,0
6,350,21.000000,0.000000,1,5,1312810,927,24,927,24,0,80,1,0
6,350,21.000000,0.000000,1,5,1312813,933,24,933,24,0,80,1,0
6,350,21.000000,0.000000,1,5,1312815,940,25,940,25,0,80,1,0
6,350,21.000000,0.000000,1,5,1312818,945,25,945,25,0,80,1,0
6,350,21.000000,0.000000,1,5,1312821,951,25,951,25,0,80,1,0
6,350,21.000000,0.000000,1,5,1312824,956,25,956,25,0,80,1,0
6,350,21.000000,0.000000,1,5,1312826,961,25,961,25,0,80,1,0
6,350,21.000000,0.000000,1,5,1312829,965,25,965,25,0,80,1,0
6,350,21.000000,0.000000,1,5,1312832,969,25,969,25,0,80,1,0
6,350,21.000000,0.000000,1,5,1312835,974,25,974,25,0,80,1,0
6,350,21.000000,0.000000,1,5,1312838,976,26,976,26,0,80,1,0
6,350,21.000000,0.000000,1,5,1312841,981,26,981,26,0,80,1,0
6,350,21.000000,0.000000,1,5,1312844,988,26,988,26,0,80,1,0
6,350,21.000000,0.000000,1,5,1312846,992,26,992,26,0,80,1,0
6,350,21.000000,0.000000,1,5,1312849,996,26,996,26,0,80,1,0
6,350,21.000000,0.000000,1,5,1312852,1000,26,1000,26,0,80,1,0
6,350,21.000000,0.000000,1,5,1312855,1005,26,1005,26,0,80,1,0
6,350,21.000000,0.000000,1,5,1312858,1007,26,1007,26,0,80,1,0
6,350,21.000000,0.000000,1,5,1312860,1010,26,1010,26,0,80,1,0
6,350,21.000000,0.000000,1,5,1312863,1014,27,1014,27,0,80,1,0
6,350,21.000000,0.000000,1,5,1312866,1018,27,1018,27,0,80,1,0
6,350,21.000000,0.000000,1,5,1312869,1021,27,1021,27,0,80,1,0
6,350,21.000000,0.000000,1,5,1312871,1023,27,1023,27,0,80,1,0
6,350,21.000000,0.000000,1,5,1312874,1025,27,1025,27,0,80,1,0
6,350,21.000000,0.000000,1,5,1312877,1028,28,1028,28,0,80,1,0
6,350,21.000000,0.000000,1,5,1312880,1031,28,1031,28,0,80,1,0
6,350,21.000000,0.000000,1,5,1312883,1033,28,1033,28,0,80,1,0
6,350,21.000000,0.000000,1,5,1312885,1035,28,1035,28,0,80,1,0
6,350,21.000000,0.000000,1,5,1312888,1036,28,1036,28,0,80,1,0
6,350,21.000000,0.000000,1,5,1312891,1038,28,1038,28,0,80,1,0
6,350,21.000000,0.000000,1,5,1312894,1040,28,1040,28,0,80,1,0
6,350,21.000000,0.000000,1,5,1312896,1042,28,1042,28,0,80,1,0
6,350,21.000000,0.000000,1,5,1312899,1045,28,1045,28,0,80,1,0
6,350,21.000000,0.000000,1,5,1312902,1046,28,1046,28,0,80,1,0
6,350,21.000000,0.000000,1,5,1312905,1047,28,1047,28,0,80,1,0
6,350,21.000000,0.000000,1,5,1312908,1048,28,1048,28,0,80,1,0
6,350,21.000000,0.000000,1,5,1312910,1051,28,1051,28,0,80,1,0
6,350,21.000000,0.000000,1,5,1312913,1052,28,1052,28,0,80,1,0
6,350,21.000000,0.000000,1,5,1312916,1054,28,1054,28,0,80,1,0
6,350,21.000000,0.000000,1,5,1312919,1056,28,1056,28,0,80,1,0
6,350,21.000000,0.000000,1,5,1312921,1058,28,1058,28,0,80,1,0
6,350,21.000000,0.000000,1,5,1312924,1059,28,1059,28,0,80,1,0
6,350,21.000000,0.000000,1,5,1312927,1060,28,1060,28,0,80,1,0
6,350,21.000000,0.000000,1,5,1312930,1063,28,1063,28,0,80,1,0
6,350,21.000000,0.000000,1,5,1312933,1065,28,1065,28,0,80,1,0
6,350,21.000000,0.000000,1,5,1312935,1067,28,1067,28,0,80,1,0
6,350,21.000000,0.000000,1,5,1312938,1069,28,1069,28,0,80,1,0
6,350,21.000000,0.000000,1,5,1312941,1070,28,1070,28,0,80,1,0
6,350,21.000000,0.000000,1,5,1312944,1072,28,1072,28,0,80,1,0
6,350,21.000000,0.000000,1,5,1312946,1074,28,1074,28,0,80,1,0
6,350,21.000000,0.000000,1,5,1312949,1075,28,1075,28,0,80,1,0
6,350,21.000000,0.000000,1,5,1312952,1077,28,1077,28,0,80,1,0
6,350,21.000000,0.000000,1,5,1312955,1078,28,1078,28,0,80,1,0
6,350,21.000000,0.000000,1,5,1312958,1079,28,1079,28,0,80,1,0
6,350,21.000000,0.000000,1,5,1312960,1081,28,1081,28,0,80,1,0
6,350,21.000000,0.000000,1,5,1312963,1083,28,1083,28,0,80,1,0
6,350,21.000000,0.000000,1,5,1312966,1084,28,1084,28,0,80,1,0
6,350,21.000000,0.000000,1,5,1312969,1085,28,1085,28,0,80,1,0
6,350,21.000000,0.000000,1,5,1312971,1086,28,1086,28,0,80,1,0
6,350,21.000000,0.000000,1,5,1312974,1087,28,1087,28,0,80,1,0
6,350,21.000000,0.000000,1,5,1312977,1088,28,1088,28,0,80,1,0
6,350,21.000000,0.000000,1,5,1312980,1089,28,1089,28,0,80,1,0
6,350,21.000000,0.000000,1,5,1312983,1091,28,1091,28,0,80,1,0
6,350,21.000000,0.000000,1,5,1312985,1092,28,1092,28,0,80,1,0
6,350,21.000000,0.000000,1,5,1312988,1093,28,1093,28,0,80,1,0
6,350,21.000000,0.000000,1,5,1312991,1094,28,1094,28,0,80,1,0
6,350,21.000000,0.000000,1,5,1312993,1096,28,1096,28,0,80,1,0
6,350,21.000000,0.000000,1,5,1312996,1097,27,1097,27,0,80,1,0
6,350,21.000000,0.000000,1,5,1312999,1098,27,1098,27,0,80,1,0
6,350,21.000000,0.000000,1,5,1313002,1099,27,1099,27,0,80,1,0
6,350,21.000000,0.000000,1,5,1313005,1100,26,1100,26,0,80,1,0
6,350,21.000000,0.000000,1,5,1313007,1101,25,1101,25,0,80,1,0
6,350,21.000000,0.000000,1,5,1313010,1102,25,1102,25,0,80,1,0
6,350,21.000000,0.000000,1,5,1313013,1103,25,1103,25,0,80,1,0
6,350,21.000000,0.000000,1,5,1313016,1104,25,1104,25,0,80,1,0
6,350,21.000000,0.000000,1,5,1313018,1104,25,1104,25,0,80,1,0
6,350,21.000000,0.000000,1,5,1313021,1105,25,1105,25,0,80,1,0
6,350,21.000000,0.000000,1,5,1313024,1106,25,1106,25,0,80,1,0
6,350,21.000000,0.000000,1,5,1313027,1106,25,1106,25,0,80,1,0
6,350,21.000000,0.000000,1,5,1313030,1107,25,1107,25,0,80,1,0
6,350,21.000000,0.000000,1,5,1313032,1108,25,1108,25,0,80,1,0
6,350,21.000000,0.000000,1,5,1313035,1108,25,1108,25,0,80,1,0
6,350,21.000000,0.000000,1,5,1313038,1109,25,1109,25,0,80,1,0
6,350,21.000000,0.000000,1,5,1313041,1110,25,1110,25,0,80,1,0
6,350,21.000000,0.000000,1,5,1313044,1111,25,1111,25,0,80,1,0
6,350,21.000000,0.000000,1,5,1313046,1112,25,1112,25,0,80,1,0
6,350,21.000000,0.000000,1,5,1313049,1113,25,1113,25,0,80,1,0
6,350,21.000000,0.000000,1,5,1313052,1114,25,1114,25,0,80,1,0
6,350,21.000000,0.000000,1,5,1313055,1116,25,1116,25,0,80,1,0
6,350,21.000000,0.000000,1,5,1313057,1117,25,1117,25,0,80,1,0
6,350,21.000000,0.000000,1,5,1313060,1118,25,1118,25,0,80,1,0
6,350,21.000000,0.000000,1,5,1313063,1119,25,1119,25,0,80,1,0
6,350,21.000000,0.000000,1,5,1313066,1120,25,1120,25,0,80,1,0
6,350,21.000000,0.000000,1,5,1313069,1122,24,1122,24,0,80,1,0
6,350,21.000000,0.000000,1,5,1313071,1123,24,1123,24,0,80,1,0
6,350,21.000000,0.000000,1,5,1313074,1124,24,1124,24,0,80,1,0
6,350,21.000000,0.000000,1,5,1313077,1125,24,1125,24,0,80,1,0
6,350,21.000000,0.000000,1,5,1313080,1127,24,1127,24,0,80,1,0
6,350,21.000000,0.000000,1,5,1313083,1128,24,1128,24,0,80,1,0
6,350,21.000000,0.000000,1,5,1313085,1129,24,1129,24,0,80,1,0
6,350,21.000000,0.000000,1,5,1313088,1130,24,1130,24,0,80,1,0
6,350,21.000000,0.000000,1,5,1313091,1132,24,1132,24,0,80,1,0
6,350,21.000000,0.000000,1,5,1313094,1132,23,1132,23,0,80,1,0
6,350,21.000000,0.000000,1,5,1313096,1133,23,1133,23,0,80,1,0
6,350,21.000000,0.000000,1,5,1313099,1133,23,1133,23,0,80,1,0
6,350,21.000000,0.000000,1,5,1313102,1134,23,1134,23,0,80,1,0
6,350,21.000000,0.000000,1,5,1313105,1135,23,1135,23,0,80,1,0
6,350,21.000000,0.000000,1,5,1313107,1135,23,1135,23,0,80,1,0
6,350,21.000000,0.000000,1,5,1313110,1135,23,1135,23,0,80,1,0
6,350,21.000000,0.000000,1,5,1313113,1135,23,1135,23,0,80,1,0
6,350,21.000000,0.000000,1,5,1313116,1135,23,1135,23,0,80,1,0
6,350,21.000000,0.000000,1,5,1313119,1135,23,1135,23,0,80,1,0
6,350,21.000000,0.000000,1,5,1313121,1135,23,1135,23,0,80,1,0
6,350,21.000000,0.000000,1,5,1313124,1135,23,1135,23,0,80,1,0
6,350,21.000000,0.000000,1,5,1313127,1135,23,1135,23,0,80,1,0
6,350,21.000000,0.000000,1,5,1313130,1135,23,1135,23,0,80,1,0
6,350,21.000000,0.000000,1,5,1313132,1135,23,1135,23,0,80,1,0
6,350,21.000000,0.000000,1,5,1313135,1135,23,1135,23,0,80,1,0
6,350,21.000000,0.000000,1,5,1313138,1135,23,1135,23,0,80,1,0
6,350,21.000000,0.000000,1,5,1313141,1135,23,1135,23,0,80,1,0
6,350,21.000000,0.000000,1,5,1313143,1135,23,1135,23,0,80,1,0
6,350,21.000000,0.000000,1,5,1313146,1135,23,1135,23,0,80,1,0
6,350,21.000000,0.000000,1,5,1313149,1135,23,1135,23,0,80,1,0
6,350,21.000000,0.000000,1,5,1313152,1136,23,1136,23,0,80,1,0
6,350,21.000000,0.000000,1,5,1313155,1137,23,1137,23,0,80,1,0
6,350,21.000000,0.000000,1,5,1313157,1137,23,1137,23,0,80,1,0
6,350,21.000000,0.000000,1,5,1313160,1138,23,1138,23,0,80,1,0
6,350,21.000000,0.000000,1,5,1313163,1138,22,1138,22,0,80,1,0
6,350,21.000000,0.000000,1,5,1313166,1138,21,1138,21,0,80,1,0
6,350,21.000000,0.000000,1,5,1313169,1138,21,1138,21,0,80,1,0
6,350,21.000000,0.000000,1,5,1313171,1139,21,1139,21,0,80,1,0
6,350,21.000000,0.000000,1,5,1313174,1140,20,1140,20,0,80,1,0
6,350,21.000000,0.000000,1,5,1313177,1140,20,1140,20,0,80,1,0
6,350,21.000000,0.000000,1,5,1313180,1140,20,1140,20,0,80,1,0
6,350,21.000000,0.000000,1,5,1313183,1140,20,1140,20,0,80,1,0
6,350,21.000000,0.000000,1,5,1313185,1140,20,1140,20,0,80,1,0
6,350,21.000000,0.000000,1,5,1313188,1140,20,1140,20,0,80,1,0
6,350,21.000000,0.000000,1,5,1313191,1140,20,1140,20,0,80,1,0
6,350,21.000000,0.000000,1,5,1313194,1140,20,1140,20,0,80,1,0
6,350,21.000000,0.000000,1,5,1313197,1140,20,1140,20,0,80,1,0
6,350,21.000000,0.000000,1,5,1313199,1140,19,1140,19,0,80,1,0
6,350,21.000000,0.000000,1,5,1313202,1140,18,1140,18,0,80,1,0
6,350,21.000000,0.000000,1,5,1313205,1140,18,1140,18,0,80,1,0
6,350,21.000000,0.000000,1,5,1313208,1140,18,1140,18,0,80,1,0
6,350,21.000000,0.000000,1,5,1313210,1140,18,1140,18,0,80,1,0
6,350,21.000000,0.000000,1,5,1313213,1140,18,1140,18,0,80,1,0
6,350,21.000000,0.000000,1,5,1313216,1140,18,1140,18,0,80,1,0
6,350,21.000000,0.000000,1,5,1313219,1140,18,1140,18,0,80,1,0
6,350,21.000000,0.000000,1,5,1313221,1140,17,1140,17,0,80,1,0
6,350,21.000000,0.000000,1,5,1313224,1140,16,1140,16,0,80,1,0
6,350,21.000000,0.000000,1,5,1313227,1140,16,1140,16,0,80,1,0
6,350,21.000000,0.000000,1,5,1313230,1140,16,1140,16,0,80,1,0
6,350,21.000000,0.000000,1,5,1313233,1140,16,1140,16,0,80,1,0
6,350,21.000000,0.000000,1,5,1313235,1140,16,1140,16,0,80,1,0
6,350,21.000000,0.000000,1,5,1313238,1140,16,1140,16,0,80,1,0
6,350,21.000000,0.000000,1,5,1313241,1140,16,1140,16,0,80,1,0
6,350,21.000000,0.000000,1,5,1313244,1139,16,1139,16,0,80,1,0
6,350,21.000000,0.000000,1,5,1313246,1139,15,1139,15,0,80,1,0
6,350,21.000000,0.000000,1,5,1313249,1139,14,1139,14,0,80,1,0
6,350,21.000000,0.000000,1,5,1313252,1139,14,1139,14,0,80,1,0
6,350,21.000000,0.000000,1,5,1313255,1139,14,1139,14,0,80,1,0
6,350,21.000000,0.000000,1,5,1313257,1138,13,1138,13,0,80,1,0
6,350,21.000000,0.000000,1,5,1313260,1137,12,1137,12,0,80,1,0
6,350,21.000000,0.000000,1,5,1313263,1137,12,1137,12,0,80,1,0
6,350,21.000000,0.000000,1,5,1313266,1137,12,1137,12,0,80,1,0
6,350,21.000000,0.000000,1,5,1313269,1137,12,1137,12,0,80,1,0
6,350,21.000000,0.000000,1,5,1313271,1137,12,1137,12,0,80,1,0
6,350,21.000000,0.000000,1,5,1313274,1137,12,1137,12,0,80,1,0
6,350,21.000000,0.000000,1,5,1313277,1137,12,1137,12,0,80,1,0
6,350,21.000000,0.000000,1,5,1313280,1137,12,1137,12,0,80,1,0
6,350,21.000000,0.000000,1,5,1313282,1137,11,1137,11,0,80,1,0
6,350,21.000000,0.000000,1,5,1313286,1136,11,1136,11,0,80,1,0
6,350,21.000000,0.000000,1,5,1313288,1135,11,1135,11,0,80,1,0
6,350,21.000000,0.000000,1,5,1313291,1135,11,1135,11,0,80,1,0
6,350,21.000000,0.000000,1,5,1313294,1135,11,1135,11,0,80,1,0
6,350,21.000000,0.000000,1,5,1313297,1135,11,1135,11,0,80,1,0
6,350,21.000000,0.000000,1,5,1313299,1134,11,1134,11,0,80,1,0
6,350,21.000000,0.000000,1,5,1313302,1133,11,1133,11,0,80,1,0
6,350,21.000000,0.000000,1,5,1313305,1133,11,1133,11,0,80,1,0
6,350,21.000000,0.000000,1,5,1313308,1133,11,1133,11,0,80,1,0
6,350,21.000000,0.000000,1,5,1313311,1132,11,1132,11,0,80,1,0
6,350,21.000000,0.000000,1,5,1313313,1131,11,1131,11,0,80,1,0
6,350,21.000000,0.000000,1,5,1313316,1131,11,1131,11,0,80,1,0
6,350,21.000000,0.000000,1,5,1313319,1130,11,1130,11,0,80,1,0
6,350,21.000000,0.000000,1,5,1313322,1129,11,1129,11,0,80,1,0
6,350,21.000000,0.000000,1,5,1313324,1129,11,1129,11,0,80,1,0
6,350,21.000000,0.000000,1,5,1313327,1129,11,1129,11,0,80,1,0
6,350,21.000000,0.000000,1,5,1313330,1129,11,1129,11,0,80,1,0
6,350,21.000000,0.000000,1,5,1313333,1129,11,1129,11,0,80,1,0
6,350,21.000000,0.000000,1,5,1313336,1129,11,1129,11,0,80,1,0
6,350,21.000000,0.000000,1,5,1313338,1129,11,1129,11,0,80,1,0
6,350,21.000000,0.000000,1,5,1313341,1129,11,1129,11,0,80,1,0
6,350,21.000000,0.000000,1,5,1313344,1129,11,1129,11,0,80,1,0
6,350,21.000000,0.000000,1,5,1313347,1129,11,1129,11,0,80,1,0
6,350,21.000000,0.000000,1,5,1313349,1129,11,1129,11,0,80,1,0
6,350,21.000000,0.000000,1,5,1313352,1129,11,1129,11,0,80,1,0
6,350,21.000000,0.000000,1,5,1313355,1129,11,1129,11,0,80,1,0
6,350,21.000000,0.000000,1,5,1313358,1129,11,1129,11,0,80,1,0
6,350,21.000000,0.000000,1,5,1313360,1129,11,1129,11,0,80,1,0
6,350,21.000000,0.000000,1,5,1313363,1129,11,1129,11,0,80,1,0
6,350,21.000000,0.000000,1,5,1313366,1129,11,1129,11,0,80,1,0
6,350,21.000000,0.000000,1,5,1313369,1129,11,1129,11,0,80,1,0
6,350,21.000000,0.000000,1,5,1313372,1129,11,1129,11,0,80,1,0
6,350,21.000000,0.000000,1,5,1313374,1129,11,1129,11,0,80,1,0
6,350,21.000000,0.000000,1,5,1313377,1129,11,1129,11,0,80,1,0
6,350,21.000000,0.000000,1,5,1313380,1129,11,1129,11,0,80,1,0
6,350,21.000000,0.000000,1,5,1313383,1129,11,1129,11,0,80,1,0
6,350,21.000000,0.000000,1,5,1313385,1129,11,1129,11,0,80,1,0
6,350,21.000000,0.000000,1,5,1313388,1129,11,1129,11,0,80,1,0
6,350,21.000000,0.000000,1,5,1313391,1129,11,1129,11,0,80,1,0
6,350,21.000000,0.000000,1,5,1313394,1129,11,1129,11,0,80,1,0
6,350,21.000000,0.000000,1,5,1313397,1129,11,1129,11,0,80,1,0
6,350,21.000000,0.000000,1,5,1313400,1129,11,1129,11,0,80,1,0
6,350,21.000000,0.000000,1,5,1313402,1129,11,1129,11,0,80,1,0
6,350,21.000000,0.000000,1,5,1313405,1129,11,1129,11,0,80,1,0
6,350,21.000000,0.000000,1,5,1313408,1129,11,1129,11,0,80,1,0
6,350,21.000000,0.000000,1,5,1313411,1129,11,1129,11,0,80,1,0
6,350,21.000000,0.000000,1,5,1313413,1129,11,1129,11,0,80,1,0
6,350,21.000000,0.000000,1,5,1313416,1129,11,1129,11,0,80,1,0
6,350,21.000000,0.000000,1,5,1313419,1129,11,1129,11,0,80,1,0
6,350,21.000000,0.000000,1,5,1313422,1129,11,1129,11,0,80,1,0
6,350,21.000000,0.000000,1,5,1313424,1129,11,1129,11,0,80,1,0
6,350,21.000000,0.000000,1,5,1313427,1129,11,1129,11,0,80,1,0
6,350,21.000000,0.000000,1,5,1313430,1129,11,1129,11,0,80,1,0
6,350,21.000000,0.000000,1,5,1313433,1129,11,1129,11,0,80,1,0
6,350,21.000000,0.000000,1,5,1313446,1129,11,1129,11,0,80,1,0
