6,350,21.000000,42.000000,0,5,1546988,779,3,779,3,0,86,4,1
6,350,21.000000,42.000000,0,5,1546988,779,3,779,3,0,86,4,1
6,350,21.000000,42.000000,0,5,1546991,779,3,779,3,0,86,4,1
6,350,21.000000,42.000000,0,5,1546994,779,3,779,3,0,86,4,1
6,350,21.000000,42.000000,0,5,1546996,779,3,779,3,0,86,4,1
6,350,21.000000,42.000000,0,5,1546999,779,3,779,3,0,86,4,1
6,350,21.000000,42.000000,0,5,1547002,779,3,779,3,0,86,4,1
6,350,21.000000,42.000000,0,5,1547005,779,3,779,3,0,86,4,1
6,350,21.000000,42.000000,0,5,1547008,779,3,779,3,0,86,4,1
6,350,21.000000,42.000000,0,5,1547010,779,3,779,3,0,86,4,1
6,350,21.000000,42.000000,0,5,1547013,779,3,779,3,0,86,4,1
6,350,21.000000,42.000000,0,5,1547016,779,3,779,3,0,86,4,1
6,350,21.000000,42.000000,0,5,1547019,779,3,779,3,0,86,4,1
6,350,21.000000,42.000000,0,5,1547022,779,3,779,3,0,86,4,1
6,350,21.000000,42.000000,0,5,1547024,779,3,779,3,0,86,4,1
6,350,21.000000,42.000000,0,5,1547027,779,3,779,3,0,86,4,1
6,350,21.000000,42.000000,0,5,1547030,779,3,779,3,0,86,4,1
6,350,21.000000,42.000000,0,5,1547032,779,3,779,3,0,86,4,1
6,350,21.000000,42.000000,0,5,1547035,779,3,779,3,0,86,4,1
6,350,21.000000,42.000000,0,5,1547038,779,3,779,3,0,86,4,1
6,350,21.000000,42.000000,0,5,1547041,779,3,779,3,0,86,4,1
6,350,21.000000,42.000000,0,5,1547043,779,3,779,3,0,86,4,1
6,350,21.000000,42.000000,0,5,1547046,779,3,779,3,0,86,4,1
6,350,21.000000,42.000000,0,5,1547049,779,3,779,3,0,86,4,1
6,350,21.000000,42.000000,0,5,1547052,779,3,779,3,0,86,4,1
6,350,21.000000,42.000000,0,5,1547055,779,3,779,3,0,86,4,1
6,350,21.000000,42.000000,0,5,1547057,779,3,779,3,0,86,4,1
6,350,21.000000,42.000000,0,5,1547060,779,3,779,3,0,86,4,1
6,350,21.000000,42.000000,0,5,1547063,780,3,780,3,0,86,4,1
6,350,21.000000,42.000000,0,5,1547066,780,3,780,3,0,86,4,1
6,350,21.000000,42.000000,0,5,1547069,780,3,780,3,0,86,4,1
6,350,21.000000,42.000000,0,5,1547071,780,3,780,3,0,86,4,1
6,350,21.000000,42.000000,0,5,1547074,781,3,781,3,0,86,4,1
6,350,21.000000,42.000000,0,5,1547077,783,3,783,3,0,86,4,1
6,350,21.000000,42.000000,0,5,1547080,785,3,785,3,0,86,4,1
6,350,21.000000,42.000000,0,5,1547082,786,3,786,3,0,86,4,1
6,350,21.000000,42.000000,0,5,1547085,788,3,788,3,0,86,4,1
6,350,21.000000,42.000000,0,5,1547088,789,3,789,3,0,86,4,1
6,350,21.000000,42.000000,0,5,1547091,790,3,790,3,0,86,4,1
6,350,21.000000,42.000000,0,5,1547094,792,3,792,3,0,86,4,1
6,350,21.000000,42.000000,0,5,1547096,794,3,794,3,0,86,4,1
6,350,21.000000,42.000000,0,5,1547099,796,3,796,3,0,86,4,1
6,350,21.000000,42.000000,0,5,1547102,797,3,797,3,0,86,4,1
6,350,21.000000,42.000000,0,5,1547105,800,3,800,3,0,86,4,1
6,350,21.000000,42.000000,0,5,1547107,802,3,802,3,0,86,4,1
6,350,21.000000,42.000000,0,5,1547111,805,3,805,3,0,86,4,1
6,350,21.000000,42.000000,0,5,1547113,809,3,809,3,0,86,4,1
6,350,21.000000,42.000000,0,5,1547116,812,3,812,3,0,86,4,1
6,350,21.000000,42.000000,0,5,1547119,818,2,818,2,0,86,4,1
6,350,21.000000,42.000000,0,5,1547122,821,2,821,2,0,86,4,1
6,350,21.000000,42.000000,0,5,1547124,824,2,824,2,0,86,4,1
6,350,21.000000,42.000000,0,5,1547127,829,2,829,2,0,86,4,1
6,350,21.000000,42.000000,0,5,1547130,834,2,834,2,0,86,4,1
6,350,21.000000,42.000000,0,5,1547132,839,2,839,2,0,86,4,1
6,350,21.000000,42.000000,0,5,1547135,847,2,847,2,0,86,4,1
6,350,21.000000,42.000000,0,5,1547138,852,1,852,1,0,86,4,1
6,350,21.000000,42.000000,0,5,1547141,858,1,858,1,0,86,4,1
6,350,21.000000,42.000000,0,5,1547143,863,1,863,1,0,86,4,1
6,350,21.000000,42.000000,0,5,1547146,869,1,869,1,0,86,4,1
6,350,21.000000,42.000000,0,5,1547149,874,1,874,1,0,86,4,1
6,350,21.000000,42.000000,0,5,1547152,882,1,882,1,0,86,4,1
6,350,21.000000,42.000000,0,5,1547155,888,1,888,1,0,86,4,1
6,350,21.000000,42.000000,0,5,1547157,894,1,894,1,0,86,4,1
6,350,21.000000,42.000000,0,5,1547160,900,1,900,1,0,86,4,1
6,350,21.000000,42.000000,0,5,1547163,906,1,906,1,0,86,4,1
6,350,21.000000,42.000000,0,5,1547166,911,1,911,1,0,86,4,1
6,350,21.000000,42.000000,0,5,1547168,917,1,917,1,0,86,4,1
6,350,21.000000,42.000000,0,5,1547171,922,1,922,1,0,86,4,1
6,350,21.000000,42.000000,0,5,1547174,927,1,927,1,0,86,4,1
6,350,21.000000,42.000000,0,5,1547177,932,1,932,1,0,86,4,1
6,350,21.000000,42.000000,0,5,1547180,934,1,934,1,0,86,4,1
6,350,21.000000,42.000000,0,5,1547182,938,1,938,1,0,86,4,1
6,350,21.000000,42.000000,0,5,1547185,942,1,942,1,0,86,4,1
6,350,21.000000,42.000000,0,5,1547188,950,1,950,1,0,86,4,1
6,350,21.000000,42.000000,0,5,1547191,953,1,953,1,0,86,4,1
6,350,21.000000,42.000000,0,5,1547193,1086,1,957,1,0,86,4,1
6,350,21.000000,42.000000,0,5,1547196,1090,1,961,1,0,86,4,1
6,350,21.000000,42.000000,0,5,1547199,1094,1,965,1,0,86,4,1
6,350,21.000000,42.000000,0,5,1547202,1096,1,967,1,0,86,4,1
6,350,21.000000,42.000000,0,5,1547205,1101,2,972,2,0,86,4,1
6,350,21.000000,42.000000,0,5,1547207,1105,2,976,2,0,86,4,1
6,350,21.000000,42.000000,0,5,1547210,1110,3,981,3,0,86,4,1
6,350,21.000000,42.000000,0,5,1547213,1113,3,984,3,0,86,4,1
6,350,21.000000,42.000000,0,5,1547216,1117,3,988,3,0,86,4,1
6,350,21.000000,42.000000,0,5,1547219,1121,3,992,3,0,86,4,1
6,350,21.000000,42.000000,0,5,1547221,1124,3,995,3,0,86,4,1
6,350,21.000000,42.000000,0,5,1547224,1127,3,998,3,0,86,4,1
6,350,21.000000,42.000000,0,5,1547227,1131,4,1002,4,0,86,4,1
6,350,21.000000,42.000000,0,5,1547230,1134,4,1005,4,0,86,4,1
6,350,21.000000,42.000000,0,5,1547233,1136,4,1007,4,0,86,4,1
6,350,21.000000,42.000000,0,5,1547235,1139,4,1010,4,0,86,4,1
6,350,21.000000,42.000000,0,5,1547238,1141,5,1012,5,0,86,4,1
6,350,21.000000,42.000000,0,5,1547241,1143,5,1014,5,0,86,4,1
6,350,21.000000,42.000000,0,5,1547244,1145,5,1016,5,0,86,4,1
6,350,21.000000,42.000000,0,5,1547247,1147,5,1018,5,0,86,4,1
6,350,21.000000,42.000000,0,5,1547249,1150,5,1021,5,0,86,4,1
6,350,21.000000,42.000000,0,5,1547252,1152,5,1023,5,0,86,4,1
6,350,21.000000,42.000000,0,5,1547255,1154,5,1025,5,0,86,4,1
6,350,21.000000,42.000000,0,5,1547258,1156,5,1027,5,0,86,4,1
6,350,21.000000,42.000000,0,5,1547260,1157,5,1028,5,0,86,4,1
6,350,21.000000,42.000000,0,5,1547263,1159,5,1030,5,0,86,4,1
6,350,21.000000,42.000000,0,5,1547266,1161,5,1032,5,0,86,4,1
6,350,21.000000,42.000000,0,5,1547269,1162,5,1033,5,0,86,4,1
6,350,21.000000,42.000000,0,5,1547272,1163,5,1034,5,0,86,4,1
6,350,21.000000,42.000000,0,5,1547274,1164,5,1035,5,0,86,4,1
6,350,21.000000,42.000000,0,5,1547277,1165,5,1036,5,0,86,4,1
6,350,21.000000,42.000000,0,5,1547280,1166,5,1037,5,0,86,4,1
6,350,21.000000,42.000000,0,5,1547283,1167,5,1038,5,0,86,4,1
6,350,21.000000,42.000000,0,5,1547285,1168,5,1039,5,0,86,4,1
6,350,21.000000,42.000000,0,5,1547288,1169,5,1040,5,0,86,4,1
6,350,21.000000,42.000000,0,5,1547291,1170,5,1041,5,0,86,4,1
6,350,21.000000,42.000000,0,5,1547294,1171,5,1042,5,0,86,4,1
6,350,21.000000,42.000000,0,5,1547297,1171,5,1042,5,0,86,4,1
6,350,21.000000,42.000000,0,5,1547299,1171,5,1042,5,0,86,4,1
6,350,21.000000,42.000000,0,5,1547302,1172,5,1043,5,0,86,4,1
6,350,21.000000,42.000000,0,5,1547305,1173,5,1044,5,0,86,4,1
6,350,21.000000,42.000000,0,5,1547308,1173,5,1044,5,0,86,4,1
6,350,21.000000,42.000000,0,5,1547310,1173,5,1044,5,0,86,4,1
6,350,21.000000,42.000000,0,5,1547313,1173,5,1044,5,0,86,4,1
6,350,21.000000,42.000000,0,5,1547316,1173,5,1044,5,0,86,4,1
6,350,21.000000,42.000000,0,5,1547319,1173,5,1044,5,0,86,4,1
6,350,21.000000,42.000000,0,5,1547322,1173,5,1044,5,0,86,4,1
6,350,21.000000,42.000000,0,5,1547324,1173,5,1044,5,0,86,4,1
6,350,21.000000,42.000000,0,5,1547327,1173,5,1044,5,0,86,4,1
6,350,21.000000,42.000000,0,5,1547330,1173,5,1044,5,0,86,4,1
6,350,21.000000,42.000000,0,5,1547333,1173,5,1044,5,0,86,4,1
6,350,21.000000,42.000000,0,5,1547335,1173,5,1044,5,0,86,4,1
6,350,21.000000,42.000000,0,5,1547338,1173,5,1044,5,0,86,4,1
6,350,21.000000,42.000000,0,5,1547341,1173,5,1044,5,0,86,4,1
6,350,21.000000,42.000000,0,5,1547344,1173,5,1044,5,0,86,4,1
6,350,21.000000,42.000000,0,5,1547347,1173,5,1044,5,0,86,4,1
6,350,21.000000,42.000000,0,5,1547349,1173,5,1044,5,0,86,4,1
6,350,21.000000,42.000000,0,5,1547352,1173,5,1044,5,0,86,4,1
6,350,21.000000,42.000000,0,5,1547355,1173,5,1044,5,0,86,4,1
6,350,21.000000,42.000000,0,5,1547358,1173,5,1044,5,0,86,4,1
6,350,21.000000,42.000000,0,5,1547360,1173,5,1044,5,0,86,4,1
6,350,21.000000,42.000000,0,5,1547363,1173,5,1044,5,0,86,4,1
6,350,21.000000,42.000000,0,5,1547366,1173,5,1044,5,0,86,4,1
6,350,21.000000,42.000000,0,5,1547369,1173,5,1044,5,0,86,4,1
6,350,21.000000,42.000000,0,5,1547372,1173,5,1044,5,0,86,4,1
6,350,21.000000,42.000000,0,5,1547374,1173,5,1044,5,0,86,4,1
6,350,21.000000,42.000000,0,5,1547377,1173,5,1044,5,0,86,4,1
6,350,21.000000,42.000000,0,5,1547380,1173,5,1044,5,0,86,4,1
6,350,21.000000,42.000000,0,5,1547383,1173,5,1044,5,0,86,4,1
6,350,21.000000,42.000000,0,5,1547386,1173,5,1044,5,0,86,4,1
6,350,21.000000,42.000000,0,5,1547388,1172,5,1043,5,0,86,4,1
6,350,21.000000,42.000000,0,5,1547391,1171,5,1042,5,0,86,4,1
6,350,21.000000,42.000000,0,5,1547394,1170,5,1041,5,0,86,4,1
6,350,21.000000,42.000000,0,5,1547397,1170,5,1041,5,0,86,4,1
6,350,21.000000,42.000000,0,5,1547399,1169,5,1040,5,0,86,4,1
6,350,21.000000,42.000000,0,5,1547402,1168,5,1039,5,0,86,4,1
6,350,21.000000,42.000000,0,5,1547405,1168,5,1039,5,0,86,4,1
6,350,21.000000,42.000000,0,5,1547408,1167,5,1038,5,0,86,4,1
6,350,21.000000,42.000000,0,5,1547411,1166,5,1037,5,0,86,4,1
6,350,21.000000,42.000000,0,5,1547413,1166,5,1037,5,0,86,4,1
6,350,21.000000,42.000000,0,5,1547416,1165,5,1036,5,0,86,4,1
6,350,21.000000,42.000000,0,5,1547419,1164,5,1035,5,0,86,4,1
6,350,21.000000,42.000000,0,5,1547422,1164,5,1035,5,0,86,4,1
6,350,21.000000,42.000000,0,5,1547425,1163,5,1034,5,0,86,4,1
6,350,21.000000,42.000000,0,5,1547427,1162,5,1033,5,0,86,4,1
6,350,21.000000,42.000000,0,5,1547430,1162,5,1033,5,0,86,4,1
6,350,21.000000,42.000000,0,5,1547433,1161,5,1032,5,0,86,4,1
6,350,21.000000,42.000000,0,5,1547436,1160,5,1031,5,0,86,4,1
6,350,21.000000,42.000000,0,5,1547438,1159,5,1030,5,0,86,4,1
6,350,21.000000,42.000000,0,5,1547441,1158,5,1029,5,0,86,4,1
6,350,21.000000,42.000000,0,5,1547444,1157,5,1028,5,0,86,4,1
6,350,21.000000,42.000000,0,5,1547447,1156,5,1027,5,0,86,4,1
6,350,21.000000,42.000000,0,5,1547450,1155,5,1026,5,0,86,4,1
6,350,21.000000,42.000000,0,5,1547452,1155,4,1026,4,0,86,4,1
6,350,21.000000,42.000000,0,5,1547455,1154,4,1025,4,0,86,4,1
6,350,21.000000,42.000000,0,5,1547458,1153,4,1024,4,0,86,4,1
6,350,21.000000,42.000000,0,5,1547461,1152,4,1023,4,0,86,4,1
6,350,21.000000,42.000000,0,5,1547463,1151,4,1022,4,0,86,4,1
6,350,21.000000,42.000000,0,5,1547466,1150,3,1021,3,0,86,4,1
6,350,21.000000,42.000000,0,5,1547469,1149,3,1020,3,0,86,4,1
6,350,21.000000,42.000000,0,5,1547472,1148,3,1019,3,0,86,4,1
6,350,21.000000,42.000000,0,5,1547475,1147,3,1018,3,0,86,4,1
6,350,21.000000,42.000000,0,5,1547477,1146,3,1017,3,0,86,4,1
6,350,21.000000,42.000000,0,5,1547480,1145,3,1016,3,0,86,4,1
6,350,21.000000,42.000000,0,5,1547483,1144,3,1015,3,0,86,4,1
6,350,21.000000,42.000000,0,5,1547486,1143,3,1014,3,0,86,4,1
6,350,21.000000,42.000000,0,5,1547488,1142,3,1013,3,0,86,4,1
6,350,21.000000,42.000000,0,5,1547491,1141,3,1012,3,0,86,4,1
6,350,21.000000,42.000000,0,5,1547494,1140,3,1011,3,0,86,4,1
6,350,21.000000,42.000000,0,5,1547497,1140,3,1011,3,0,86,4,1
6,350,21.000000,42.000000,0,5,1547500,1139,3,1010,3,0,86,4,1
6,350,21.000000,42.000000,0,5,1547502,1139,3,1010,3,0,86,4,1
6,350,21.000000,42.000000,0,5,1547505,1139,3,1010,3,0,86,4,1
6,350,21.000000,42.000000,0,5,1547508,1139,3,1010,3,0,86,4,1
6,350,21.000000,42.000000,0,5,1547511,1139,3,1010,3,0,86,4,1
6,350,21.000000,42.000000,0,5,1547513,1139,3,1010,3,0,86,4,1
6,350,21.000000,42.000000,0,5,1547516,1139,3,1010,3,0,86,4,1
6,350,21.000000,42.000000,0,5,1547519,1139,3,1010,3,0,86,4,1
6,350,21.000000,42.000000,0,5,1547522,1139,3,1010,3,0,86,4,1
6,350,21.000000,42.000000,0,5,1547525,1139,3,1010,3,0,86,4,1
6,350,21.000000,42.000000,0,5,1547527,1139,3,1010,3,0,86,4,1
6,350,21.000000,42.000000,0,5,1547530,1139,3,1010,3,0,86,4,1
6,350,21.000000,42.000000,0,5,1547533,1139,3,1010,3,0,86,4,1
6,350,21.000000,42.000000,0,5,1547536,1139,3,1010,3,0,86,4,1
6,350,21.000000,42.000000,0,5,1547538,1139,3,1010,3,0,86,4,1
6,350,21.000000,42.000000,0,5,1547541,1139,3,1010,3,0,86,4,1
6,350,21.000000,42.000000,0,5,1547544,1139,3,1010,3,0,86,4,1
6,350,21.000000,42.000000,0,5,1547547,1139,3,1010,3,0,86,4,1
6,350,21.000000,42.000000,0,5,1547550,1139,3,1010,3,0,86,4,1
6,350,21.000000,42.000000,0,5,1547552,1139,3,1010,3,0,86,4,1
6,350,21.000000,42.000000,0,5,1547555,1139,3,1010,3,0,86,4,1
6,350,21.000000,42.000000,0,5,1547558,1139,3,1010,3,0,86,4,1
6,350,21.000000,42.000000,0,5,1547561,1139,3,1010,3,0,86,4,1
6,350,21.000000,42.000000,0,5,1547563,1139,3,1010,3,0,86,4,1
6,350,21.000000,42.000000,0,5,1547566,1139,3,1010,3,0,86,4,1
6,350,21.000000,42.000000,0,5,1547569,1139,3,1010,3,0,86,4,1
6,350,21.000000,42.000000,0,5,1547572,1139,3,1010,3,0,86,4,1
6,350,21.000000,42.000000,0,5,1547575,1139,3,1010,3,0,86,4,1
6,350,21.000000,42.000000,0,5,1547577,1139,3,1010,3,0,86,4,1
6,350,21.000000,42.000000,0,5,1547580,1139,3,1010,3,0,86,4,1
6,350,21.000000,42.000000,0,5,1547583,1139,3,1010,3,0,86,4,1
6,350,21.000000,42.000000,0,5,1547586,1139,3,1010,3,0,86,4,1
6,350,21.000000,42.000000,0,5,1547588,1139,3,1010,3,0,86,4,1
6,350,21.000000,42.000000,0,5,1547591,1139,3,1010,3,0,86,4,1
6,350,21.000000,42.000000,0,5,1547594,1139,3,1010,3,0,86,4,1
6,350,21.000000,42.000000,0,5,1547597,1139,3,1010,3,0,86,4,1
6,350,21.000000,42.000000,0,5,1547600,1139,3,1010,3,0,86,4,1
6,350,21.000000,42.000000,0,5,1547602,1139,3,1010,3,0,86,4,1
6,350,21.000000,42.000000,0,5,1547605,1139,3,1010,3,0,86,4,1
6,350,21.000000,42.000000,0,5,1547608,1139,3,1010,3,0,86,4,1
6,350,21.000000,42.000000,0,5,1547611,1139,3,1010,3,0,86,4,1
6,350,21.000000,42.000000,0,5,1547613,1139,3,1010,3,0,86,4,1
6,350,21.000000,42.000000,0,5,1547616,1139,3,1010,3,0,86,4,1
6,350,21.000000,42.000000,0,5,1547619,1139,3,1010,3,0,86,4,1
6,350,21.000000,42.000000,0,5,1547622,1139,3,1010,3,0,86,4,1
6,350,21.000000,42.000000,0,5,1547624,1139,3,1010,3,0,86,4,1
6,350,21.000000,42.000000,0,5,1547627,1139,3,1010,3,0,86,4,1
6,350,21.000000,42.000000,0,5,1547630,1139,3,1010,3,0,86,4,1
6,350,21.000000,42.000000,0,5,1547633,1139,3,1010,3,0,86,4,1
6,350,21.000000,42.000000,0,5,1547636,1139,3,1010,3,0,86,4,1
6,350,21.000000,42.000000,0,5,1547638,1139,3,1010,3,0,86,4,1
6,350,21.000000,42.000000,0,5,1547641,1139,3,1010,3,0,86,4,1
6,350,21.000000,42.000000,0,5,1547644,1139,3,1010,3,0,86,4,1
6,350,21.000000,42.000000,0,5,1547647,1139,3,1010,3,0,86,4,1
6,350,21.000000,42.000000,0,5,1547649,1139,3,1010,3,0,86,4,1
6,350,21.000000,42.000000,0,5,1547652,1139,3,1010,3,0,86,4,1
6,350,21.000000,42.000000,0,5,1547655,1139,3,1010,3,0,86,4,1
6,350,21.000000,42.000000,0,5,1547658,1139,3,1010,3,0,86,4,1
6,350,21.000000,42.000000,0,5,1547661,1139,3,1010,3,0,86,4,1
6,350,21.000000,42.000000,0,5,1547663,1139,3,1010,3,0,86,4,1
6,350,21.000000,42.000000,0,5,1547666,1139,3,1010,3,0,86,4,1
6,350,21.000000,42.000000,0,5,1547669,1139,3,1010,3,0,86,4,1
6,350,21.000000,42.000000,0,5,1547672,1139,3,1010,3,0,86,4,1
6,350,21.000000,42.000000,0,5,1547675,1139,3,1010,3,0,86,4,1
6,350,21.000000,42.000000,0,5,1547677,1139,3,1010,3,0,86,4,1
6,350,21.000000,42.000000,0,5,1547680,1139,3,1010,3,0,86,4,1
6,350,21.000000,42.000000,0,5,1547683,1139,3,1010,3,0,86,4,1
6,350,21.000000,42.000000,0,5,1547686,1139,3,1010,3,0,86,4,1
6,350,21.000000,42.000000,0,5,1547688,1139,3,1010,3,0,86,4,1
6,350,21.000000,42.000000,0,5,1547691,1139,3,1010,3,0,86,4,1
6,350,21.000000,42.000000,0,5,1547694,1139,3,1010,3,0,86,4,1
6,350,21.000000,42.000000,0,5,1547697,1139,3,1010,3,0,86,4,1
6,350,21.000000,42.000000,0,5,1547710,1139,3,1010,3,0,86,4,1
