6,350,21.000000,10000.000000,0,5,1686067,792,1,792,1,0,93,5,0
6,350,21.000000,10000.000000,0,5,1686068,792,1,792,1,0,93,5,0
6,350,21.000000,10000.000000,0,5,1686071,792,1,792,1,0,93,5,0
6,350,21.000000,10000.000000,0,5,1686074,792,1,792,1,0,93,5,0
6,350,21.000000,10000.000000,0,5,1686077,792,1,792,1,0,93,5,0
6,350,21.000000,10000.000000,0,5,1686079,792,1,792,1,0,93,5,0
6,350,21.000000,10000.000000,0,5,1686082,792,1,792,1,0,93,5,0
6,350,21.000000,10000.000000,0,5,1686085,792,1,792,1,0,93,5,0
6,350,21.000000,10000.000000,0,5,1686088,792,1,792,1,0,93,5,0
6,350,21.000000,10000.000000,0,5,1686090,792,1,792,1,0,93,5,0
6,350,21.000000,10000.000000,0,5,1686093,792,1,792,1,0,93,5,0
6,350,21.000000,10000.000000,0,5,1686096,792,1,792,1,0,93,5,0
6,350,21.000000,10000.000000,0,5,1686099,792,1,792,1,0,93,5,0
6,350,21.000000,10000.000000,0,5,1686102,792,1,792,1,0,93,5,0
6,350,21.000000,10000.000000,0,5,1686104,792,1,792,1,0,93,5,0
6,350,21.000000,10000.000000,0,5,1686107,792,1,792,1,0,93,5,0
6,350,21.000000,10000.000000,0,5,1686110,792,1,792,1,0,93,5,0
6,350,21.000000,10000.000000,0,5,1686113,792,1,792,1,0,93,5,0
6,350,21.000000,10000.000000,0,5,1686116,792,1,792,1,0,93,5,0
6,350,21.000000,10000.000000,0,5,1686118,792,1,792,1,0,93,5,0
6,350,21.000000,10000.000000,0,5,1686121,792,1,792,1,0,93,5,0
6,350,21.000000,10000.000000,0,5,1686124,792,1,792,1,0,93,5,0
6,350,21.000000,10000.000000,0,5,1686127,792,1,792,1,0,93,5,0
6,350,21.000000,10000.000000,0,5,1686129,792,1,792,1,0,93,5,0
6,350,21.000000,10000.000000,0,5,1686132,792,1,792,1,0,93,5,0
6,350,21.000000,10000.000000,0,5,1686135,792,1,792,1,0,93,5,0
6,350,21.000000,10000.000000,0,5,1686138,792,1,792,1,0,93,5,0
6,350,21.000000,10000.000000,0,5,1686140,792,1,792,1,0,93,5,0
6,350,21.000000,10000.000000,0,5,1686143,792,2,792,2,0,93,5,0
6,350,21.000000,10000.000000,0,5,1686146,792,3,792,3,0,93,5,0
6,350,21.000000,10000.000000,0,5,1686149,793,4,793,4,0,93,5,0
6,350,21.000000,10000.000000,0,5,1686152,794,4,794,4,0,93,5,0
6,350,21.000000,10000.000000,0,5,1686154,796,4,796,4,0,93,5,0
6,350,21.000000,10000.000000,0,5,1686157,797,4,797,4,0,93,5,0
6,350,21.000000,10000.000000,0,5,1686160,799,4,799,4,0,93,5,0
6,350,21.000000,10000.000000,0,5,1686163,801,5,801,5,0,93,5,0
6,350,21.000000,10000.000000,0,5,1686165,805,5,805,5,0,93,5,0
6,350,21.000000,10000.000000,0,5,1686168,808,5,808,5,0,93,5,0
6,350,21.000000,10000.000000,0,5,1686171,811,5,811,5,0,93,5,0
6,350,21.000000,10000.000000,0,5,1686174,814,5,814,5,0,93,5,0
6,350,21.000000,10000.000000,0,5,1686177,817,5,817,5,0,93,5,0
6,350,21.000000,10000.000000,0,5,1686179,821,5,821,5,0,93,5,0
6,350,21.000000,10000.000000,0,5,1686182,826,5,826,5,0,93,5,0
6,350,21.000000,10000.000000,0,5,1686185,830,5,830,5,0,93,5,0
6,350,21.000000,10000.000000,0,5,1686188,837,5,837,5,0,93,5,0
6,350,21.000000,10000.000000,0,5,1686190,842,4,842,4,0,93,5,0
6,350,21.000000,10000.000000,0,5,1686193,848,4,848,4,0,93,5,0
6,350,21.000000,10000.000000,0,5,1686196,853,4,853,4,0,93,5,0
6,350,21.000000,10000.000000,0,5,1686199,859,3,859,3,0,93,5,0
6,350,21.000000,10000.000000,0,5,1686202,866,2,866,2,0,93,5,0
6,350,21.000000,10000.000000,0,5,1686204,872,1,872,1,0,93,5,0
6,350,21.000000,10000.000000,0,5,1686207,878,0,878,0,0,93,5,0
6,350,21.000000,10000.000000,0,5,1686210,889,0,889,-1,0,93,5,0
6,350,21.000000,10000.000000,0,5,1686213,900,0,900,-1,0,93,5,0
6,350,21.000000,10000.000000,0,5,1686216,909,0,909,-2,0,93,5,0
6,350,21.000000,10000.000000,0,5,1686219,918,0,918,-3,0,93,5,0
6,350,21.000000,10000.000000,0,5,1686221,924,0,924,-3,0,93,5,0
6,350,21.000000,10000.000000,0,5,1686224,934,0,934,-4,0,93,5,0
6,350,21.000000,10000.000000,0,5,1686227,945,0,945,-5,0,93,5,0
6,350,21.000000,10000.000000,0,5,1686230,954,0,954,-5,0,93,5,0
6,350,21.000000,10000.000000,0,5,1686232,967,0,967,-5,0,93,5,0
6,350,21.000000,10000.000000,0,5,1686235,975,0,975,-5,0,93,5,0
6,350,21.000000,10000.000000,0,5,1686238,982,0,982,-6,0,93,5,0
6,350,21.000000,10000.000000,0,5,1686241,986,0,986,-6,0,93,5,0
6,350,21.000000,10000.000000,0,5,1686244,993,0,993,-6,0,93,5,0
6,350,21.000000,10000.000000,0,5,1686246,999,0,999,-6,0,93,5,0
6,350,21.000000,10000.000000,0,5,1686249,1007,0,1007,-6,0,93,5,0
6,350,21.000000,10000.000000,0,5,1686252,1013,0,1013,-6,0,93,5,0
6,350,21.000000,10000.000000,0,5,1686255,1017,0,1017,-6,0,93,5,0
6,350,21.000000,10000.000000,0,5,1686257,1022,0,1022,-6,0,93,5,0
6,350,21.000000,10000.000000,0,5,1686260,1027,0,1027,-6,0,93,5,0
6,350,21.000000,10000.000000,0,5,1686263,1034,0,1034,-6,0,93,5,0
6,350,21.000000,10000.000000,0,5,1686266,1038,0,1038,-6,0,93,5,0
6,350,21.000000,10000.000000,0,5,1686268,1039,0,1039,-6,0,93,5,0
6,350,21.000000,10000.000000,0,5,1686271,1045,0,1045,-6,0,93,5,0
6,350,21.000000,10000.000000,0,5,1686274,1048,0,1048,-6,0,93,5,0
6,350,21.000000,10000.000000,0,5,1686277,1053,0,1053,-6,0,93,5,0
6,350,21.000000,10000.000000,0,5,1686280,1056,0,1056,-6,0,93,5,0
6,350,21.000000,10000.000000,0,5,1686282,1059,0,1059,-6,0,93,5,0
6,350,21.000000,10000.000000,0,5,1686285,1062,0,1062,-6,0,93,5,0
6,350,21.000000,10000.000000,0,5,1686288,1064,0,1064,-6,0,93,5,0
6,350,21.000000,10000.000000,0,5,1686290,1065,0,1065,-6,0,93,5,0
6,350,21.000000,10000.000000,0,5,1686293,1066,0,1066,-6,0,93,5,0
6,350,21.000000,10000.000000,0,5,1686296,1067,0,1067,-6,0,93,5,0
6,350,21.000000,10000.000000,0,5,1686299,1068,0,1068,-6,0,93,5,0
6,350,21.000000,10000.000000,0,5,1686302,1070,0,1070,-6,0,93,5,0
6,350,21.000000,10000.000000,0,5,1686304,1071,0,1071,-6,0,93,5,0
6,350,21.000000,10000.000000,0,5,1686307,1072,0,1072,-6,0,93,5,0
6,350,21.000000,10000.000000,0,5,1686310,1073,0,1073,-6,0,93,5,0
6,350,21.000000,10000.000000,0,5,1686313,1073,0,1073,-6,0,93,5,0
6,350,21.000000,10000.000000,0,5,1686316,1073,0,1073,-6,0,93,5,0
6,350,21.000000,10000.000000,0,5,1686318,1073,0,1073,-6,0,93,5,0
6,350,21.000000,10000.000000,0,5,1686321,1073,0,1073,-6,0,93,5,0
6,350,21.000000,10000.000000,0,5,1686324,1073,0,1073,-6,0,93,5,0
6,350,21.000000,10000.000000,0,5,1686327,1073,0,1073,-6,0,93,5,0
6,350,21.000000,10000.000000,0,5,1686329,1073,0,1073,-6,0,93,5,0
6,350,21.000000,10000.000000,0,5,1686332,1073,0,1073,-6,0,93,5,0
6,350,21.000000,10000.000000,0,5,1686335,1073,0,1073,-6,0,93,5,0
6,350,21.000000,10000.000000,0,5,1686338,1073,0,1073,-6,0,93,5,0
6,350,21.000000,10000.000000,0,5,1686341,1073,0,1073,-6,0,93,5,0
6,350,21.000000,10000.000000,0,5,1686344,1073,0,1073,-6,0,93,5,0
6,350,21.000000,10000.000000,0,5,1686346,1073,0,1073,-6,0,93,5,0
6,350,21.000000,10000.000000,0,5,1686349,1073,0,1073,-6,0,93,5,0
6,350,21.000000,10000.000000,0,5,1686352,1073,0,1073,-6,0,93,5,0
6,350,21.000000,10000.000000,0,5,1686354,1073,0,1073,-6,0,93,5,0
6,350,21.000000,10000.000000,0,5,1686357,1073,0,1073,-6,0,93,5,0
6,350,21.000000,10000.000000,0,5,1686360,1073,0,1073,-6,0,93,5,0
6,350,21.000000,10000.000000,0,5,1686363,1073,0,1073,-6,0,93,5,0
6,350,21.000000,10000.000000,0,5,1686365,1073,0,1073,-6,0,93,5,0
6,350,21.000000,10000.000000,0,5,1686368,1073,0,1073,-6,0,93,5,0
6,350,21.000000,10000.000000,0,5,1686371,1073,0,1073,-6,0,93,5,0
6,350,21.000000,10000.000000,0,5,1686374,1073,0,1073,-6,0,93,5,0
6,350,21.000000,10000.000000,0,5,1686377,1074,0,1074,-6,0,93,5,0
6,350,21.000000,10000.000000,0,5,1686380,1075,0,1075,-6,0,93,5,0
6,350,21.000000,10000.000000,0,5,1686382,1075,0,1075,-6,0,93,5,0
6,350,21.000000,10000.000000,0,5,1686385,1075,0,1075,-6,0,93,5,0
6,350,21.000000,10000.000000,0,5,1686388,1075,0,1075,-6,0,93,5,0
6,350,21.000000,10000.000000,0,5,1686391,1075,0,1075,-6,0,93,5,0
6,350,21.000000,10000.000000,0,5,1686394,1075,0,1075,-6,0,93,5,0
6,350,21.000000,10000.000000,0,5,1686396,1075,0,1075,-6,0,93,5,0
6,350,21.000000,10000.000000,0,5,1686399,1075,0,1075,-6,0,93,5,0
6,350,21.000000,10000.000000,0,5,1686402,1075,0,1075,-6,0,93,5,0
6,350,21.000000,10000.000000,0,5,1686404,1075,0,1075,-6,0,93,5,0
6,350,21.000000,10000.000000,0,5,1686407,1075,0,1075,-6,0,93,5,0
6,350,21.000000,10000.000000,0,5,1686410,1075,0,1075,-6,0,93,5,0
6,350,21.000000,10000.000000,0,5,1686413,1075,0,1075,-6,0,93,5,0
6,350,21.000000,10000.000000,0,5,1686416,1075,0,1075,-6,0,93,5,0
6,350,21.000000,10000.000000,0,5,1686418,1075,0,1075,-6,0,93,5,0
6,350,21.000000,10000.000000,0,5,1686421,1075,0,1075,-6,0,93,5,0
6,350,21.000000,10000.000000,0,5,1686424,1075,0,1075,-6,0,93,5,0
6,350,21.000000,10000.000000,0,5,1686427,1075,0,1075,-6,0,93,5,0
6,350,21.000000,10000.000000,0,5,1686429,1075,0,1075,-6,0,93,5,0
6,350,21.000000,10000.000000,0,5,1686432,1075,0,1075,-6,0,93,5,0
6,350,21.000000,10000.000000,0,5,1686435,1075,0,1075,-6,0,93,5,0
6,350,21.000000,10000.000000,0,5,1686438,1075,0,1075,-6,0,93,5,0
6,350,21.000000,10000.000000,0,5,1686441,1076,0,1076,-6,0,93,5,0
6,350,21.000000,10000.000000,0,5,1686443,1077,0,1077,-6,0,93,5,0
6,350,21.000000,10000.000000,0,5,1686446,1078,0,1078,-6,0,93,5,0
6,350,21.000000,10000.000000,0,5,1686449,1079,0,1079,-6,0,93,5,0
6,350,21.000000,10000.000000,0,5,1686452,1080,0,1080,-6,0,93,5,0
6,350,21.000000,10000.000000,0,5,1686454,1081,0,1081,-6,0,93,5,0
6,350,21.000000,10000.000000,0,5,1686457,1082,0,1082,-6,0,93,5,0
6,350,21.000000,10000.000000,0,5,1686460,1083,0,1083,-6,0,93,5,0
6,350,21.000000,10000.000000,0,5,1686463,1084,0,1084,-6,0,93,5,0
6,350,21.000000,10000.000000,0,5,1686466,1085,0,1085,-6,0,93,5,0
6,350,21.000000,10000.000000,0,5,1686468,1086,0,1086,-6,0,93,5,0
6,350,21.000000,10000.000000,0,5,1686471,1088,0,1088,-6,0,93,5,0
6,350,21.000000,10000.000000,0,5,1686474,1089,0,1089,-6,0,93,5,0
6,350,21.000000,10000.000000,0,5,1686477,1090,0,1090,-6,0,93,5,0
6,350,21.000000,10000.000000,0,5,1686480,1092,0,1092,-6,0,93,5,0
6,350,21.000000,10000.000000,0,5,1686482,1093,0,1093,-6,0,93,5,0
6,350,21.000000,10000.000000,0,5,1686485,1095,0,1095,-6,0,93,5,0
6,350,21.000000,10000.000000,0,5,1686488,1097,0,1097,-6,0,93,5,0
6,350,21.000000,10000.000000,0,5,1686491,1098,0,1098,-6,0,93,5,0
6,350,21.000000,10000.000000,0,5,1686493,1100,0,1100,-6,0,93,5,0
6,350,21.000000,10000.000000,0,5,1686496,1101,0,1101,-6,0,93,5,0
6,350,21.000000,10000.000000,0,5,1686499,1102,0,1102,-6,0,93,5,0
6,350,21.000000,10000.000000,0,5,1686502,1104,0,1104,-6,0,93,5,0
6,350,21.000000,10000.000000,0,5,1686505,1105,0,1105,-6,0,93,5,0
6,350,21.000000,10000.000000,0,5,1686507,1106,0,1106,-6,0,93,5,0
6,350,21.000000,10000.000000,0,5,1686510,1107,0,1107,-6,0,93,5,0
6,350,21.000000,10000.000000,0,5,1686513,1109,0,1109,-6,0,93,5,0
6,350,21.000000,10000.000000,0,5,1686516,1110,0,1110,-6,0,93,5,0
6,350,21.000000,10000.000000,0,5,1686519,1111,0,1111,-6,0,93,5,0
6,350,21.000000,10000.000000,0,5,1686521,1112,0,1112,-6,0,93,5,0
6,350,21.000000,10000.000000,0,5,1686524,1113,0,1113,-6,0,93,5,0
6,350,21.000000,10000.000000,0,5,1686527,1114,1,1114,-5,0,93,5,0
6,350,21.000000,10000.000000,0,5,1686530,1115,1,1115,-5,0,93,5,0
6,350,21.000000,10000.000000,0,5,1686533,1116,1,1116,-5,0,93,5,0
6,350,21.000000,10000.000000,0,5,1686535,1117,1,1117,-5,0,93,5,0
6,350,21.000000,10000.000000,0,5,1686538,1118,1,1118,-5,0,93,5,0
6,350,21.000000,10000.000000,0,5,1686541,1119,1,1119,-5,0,93,5,0
6,350,21.000000,10000.000000,0,5,1686544,1119,1,1119,-5,0,93,5,0
6,350,21.000000,10000.000000,0,5,1686546,1120,1,1120,-5,0,93,5,0
6,350,21.000000,10000.000000,0,5,1686549,1122,1,1122,-5,0,93,5,0
6,350,21.000000,10000.000000,0,5,1686552,1123,1,1123,-5,0,93,5,0
6,350,21.000000,10000.000000,0,5,1686554,1124,1,1124,-5,0,93,5,0
6,350,21.000000,10000.000000,0,5,1686558,1125,1,1125,-5,0,93,5,0
6,350,21.000000,10000.000000,0,5,1686560,1126,1,1126,-5,0,93,5,0
6,350,21.000000,10000.000000,0,5,1686563,1127,1,1127,-5,0,93,5,0
6,350,21.000000,10000.000000,0,5,1686566,1128,1,1128,-5,0,93,5,0
6,350,21.000000,10000.000000,0,5,1686569,1129,1,1129,-5,0,93,5,0
6,350,21.000000,10000.000000,0,5,1686571,1130,1,1130,-5,0,93,5,0
6,350,21.000000,10000.000000,0,5,1686574,1131,1,1131,-5,0,93,5,0
6,350,21.000000,10000.000000,0,5,1686577,1132,1,1132,-5,0,93,5,0
6,350,21.000000,10000.000000,0,5,1686580,1133,1,1133,-5,0,93,5,0
6,350,21.000000,10000.000000,0,5,1686583,1134,1,1134,-5,0,93,5,0
6,350,21.000000,10000.000000,0,5,1686585,1135,1,1135,-5,0,93,5,0
6,350,21.000000,10000.000000,0,5,1686588,1136,1,1136,-5,0,93,5,0
6,350,21.000000,10000.000000,0,5,1686591,1137,1,1137,-5,0,93,5,0
6,350,21.000000,10000.000000,0,5,1686594,1138,1,1138,-5,0,93,5,0
6,350,21.000000,10000.000000,0,5,1686596,1139,1,1139,-5,0,93,5,0
6,350,21.000000,10000.000000,0,5,1686599,1139,1,1139,-5,0,93,5,0
6,350,21.000000,10000.000000,0,5,1686602,1139,1,1139,-5,0,93,5,0
6,350,21.000000,10000.000000,0,5,1686605,1140,1,1140,-5,0,93,5,0
6,350,21.000000,10000.000000,0,5,1686607,1141,1,1141,-5,0,93,5,0
6,350,21.000000,10000.000000,0,5,1686610,1141,1,1141,-5,0,93,5,0
6,350,21.000000,10000.000000,0,5,1686613,1141,1,1141,-5,0,93,5,0
6,350,21.000000,10000.000000,0,5,1686616,1141,1,1141,-5,0,93,5,0
6,350,21.000000,10000.000000,0,5,1686619,1141,1,1141,-5,0,93,5,0
6,350,21.000000,10000.000000,0,5,1686622,1141,1,1141,-5,0,93,5,0
6,350,21.000000,10000.000000,0,5,1686624,1141,1,1141,-5,0,93,5,0
6,350,21.000000,10000.000000,0,5,1686627,1141,1,1141,-5,0,93,5,0
6,350,21.000000,10000.000000,0,5,1686630,1141,1,1141,-5,0,93,5,0
6,350,21.000000,10000.000000,0,5,1686632,1141,1,1141,-5,0,93,5,0
6,350,21.000000,10000.000000,0,5,1686636,1141,1,1141,-5,0,93,5,0
6,350,21.000000,10000.000000,0,5,1686638,1141,1,1141,-5,0,93,5,0
6,350,21.000000,10000.000000,0,5,1686641,1141,1,1141,-5,0,93,5,0
6,350,21.000000,10000.000000,0,5,1686644,1141,1,1141,-5,0,93,5,0
6,350,21.000000,10000.000000,0,5,1686647,1141,1,1141,-5,0,93,5,0
6,350,21.000000,10000.000000,0,5,1686649,1141,1,1141,-5,0,93,5,0
6,350,21.000000,10000.000000,0,5,1686652,1141,1,1141,-5,0,93,5,0
6,350,21.000000,10000.000000,0,5,1686655,1141,1,1141,-5,0,93,5,0
6,350,21.000000,10000.000000,0,5,1686658,1141,1,1141,-5,0,93,5,0
6,350,21.000000,10000.000000,0,5,1686660,1141,1,1141,-5,0,93,5,0
6,350,21.000000,10000.000000,0,5,1686663,1141,1,1141,-5,0,93,5,0
6,350,21.000000,10000.000000,0,5,1686666,1141,1,1141,-5,0,93,5,0
6,350,21.000000,10000.000000,0,5,1686669,1141,1,1141,-5,0,93,5,0
6,350,21.000000,10000.000000,0,5,1686671,1141,1,1141,-5,0,93,5,0
6,350,21.000000,10000.000000,0,5,1686674,1141,1,1141,-5,0,93,5,0
6,350,21.000000,10000.000000,0,5,1686677,1141,1,1141,-5,0,93,5,0
6,350,21.000000,10000.000000,0,5,1686680,1141,1,1141,-5,0,93,5,0
6,350,21.000000,10000.000000,0,5,1686683,1141,1,1141,-5,0,93,5,0
6,350,21.000000,10000.000000,0,5,1686685,1141,1,1141,-5,0,93,5,0
6,350,21.000000,10000.000000,0,5,1686688,1141,1,1141,-5,0,93,5,0
6,350,21.000000,10000.000000,0,5,1686691,1141,1,1141,-5,0,93,5,0
6,350,21.000000,10000.000000,0,5,1686693,1141,1,1141,-5,0,93,5,0
6,350,21.000000,10000.000000,0,5,1686696,1141,1,1141,-5,0,93,5,0
6,350,21.000000,10000.000000,0,5,1686699,1141,1,1141,-5,0,93,5,0
6,350,21.000000,10000.000000,0,5,1686702,1141,1,1141,-5,0,93,5,0
6,350,21.000000,10000.000000,0,5,1686705,1141,1,1141,-5,0,93,5,0
6,350,21.000000,10000.000000,0,5,1686708,1141,1,1141,-5,0,93,5,0
6,350,21.000000,10000.000000,0,5,1686710,1141,1,1141,-5,0,93,5,0
6,350,21.000000,10000.000000,0,5,1686713,1141,1,1141,-5,0,93,5,0
6,350,21.000000,10000.000000,0,5,1686716,1141,1,1141,-5,0,93,5,0
6,350,21.000000,10000.000000,0,5,1686719,1141,1,1141,-5,0,93,5,0
6,350,21.000000,10000.000000,0,5,1686722,1141,1,1141,-5,0,93,5,0
6,350,21.000000,10000.000000,0,5,1686724,1141,1,1141,-5,0,93,5,0
6,350,21.000000,10000.000000,0,5,1686727,1141,1,1141,-5,0,93,5,0
6,350,21.000000,10000.000000,0,5,1686730,1141,1,1141,-5,0,93,5,0
6,350,21.000000,10000.000000,0,5,1686733,1141,1,1141,-5,0,93,5,0
6,350,21.000000,10000.000000,0,5,1686735,1141,1,1141,-5,0,93,5,0
6,350,21.000000,10000.000000,0,5,1686738,1141,1,1141,-5,0,93,5,0
6,350,21.000000,10000.000000,0,5,1686741,1141,1,1141,-5,0,93,5,0
6,350,21.000000,10000.000000,0,5,1686744,1141,1,1141,-5,0,93,5,0
6,350,21.000000,10000.000000,0,5,1686747,1141,1,1141,-5,0,93,5,0
6,350,21.000000,10000.000000,0,5,1686749,1141,1,1141,-5,0,93,5,0
6,350,21.000000,10000.000000,0,5,1686752,1141,1,1141,-5,0,93,5,0
6,350,21.000000,10000.000000,0,5,1686755,1141,1,1141,-5,0,93,5,0
6,350,21.000000,10000.000000,0,5,1686758,1141,1,1141,-5,0,93,5,0
6,350,21.000000,10000.000000,0,5,1686760,1141,1,1141,-5,0,93,5,0
6,350,21.000000,10000.000000,0,5,1686763,1141,1,1141,-5,0,93,5,0
6,350,21.000000,10000.000000,0,5,1686766,1141,1,1141,-5,0,93,5,0
6,350,21.000000,10000.000000,0,5,1686768,1141,1,1141,-5,0,93,5,0
6,350,21.000000,10000.000000,0,5,1686772,1141,1,1141,-5,0,93,5,0
6,350,21.000000,10000.000000,0,5,1686774,1141,1,1141,-5,0,93,5,0
6,350,21.000000,10000.000000,0,5,1686777,1141,1,1141,-5,0,93,5,0
6,350,21.000000,10000.000000,0,5,1686780,1141,1,1141,-5,0,93,5,0
6,350,21.000000,10000.000000,0,5,1686783,1141,1,1141,-5,0,93,5,0
6,350,21.000000,10000.000000,0,5,1686786,1141,1,1141,-5,0,93,5,0
6,350,21.000000,10000.000000,0,5,1686788,1141,1,1141,-5,0,93,5,0
6,350,21.000000,10000.000000,0,5,1686791,1141,1,1141,-5,0,93,5,0
6,350,21.000000,10000.000000,0,5,1686805,1141,1,1141,-5,0,93,5,0
