4,350,21.000000,42.000000,0,0,76951650,785,0,785,0,0,26,9
4,350,21.000000,42.000000,0,0,76951650,785,0,785,0,0,26,9
4,350,21.000000,42.000000,0,0,76951653,785,0,785,0,0,26,9
4,350,21.000000,42.000000,0,0,76951656,785,0,785,0,0,26,9
4,350,21.000000,42.000000,0,0,76951659,785,0,785,0,0,26,9
4,350,21.000000,42.000000,0,0,76951661,785,0,785,0,0,26,9
4,350,21.000000,42.000000,0,0,76951664,785,0,785,0,0,26,9
4,350,21.000000,42.000000,0,0,76951667,785,0,785,0,0,26,9
4,350,21.000000,42.000000,0,0,76951670,785,0,785,0,0,26,9
4,350,21.000000,42.000000,0,0,76951673,785,0,785,0,0,26,9
4,350,21.000000,42.000000,0,0,76951675,785,0,785,0,0,26,9
4,350,21.000000,42.000000,0,0,76951678,785,0,785,0,0,26,9
4,350,21.000000,42.000000,0,0,76951681,785,0,785,0,0,26,9
4,350,21.000000,42.000000,0,0,76951684,785,0,785,0,0,26,9
4,350,21.000000,42.000000,0,0,76951686,785,0,785,0,0,26,9
4,350,21.000000,42.000000,0,0,76951689,785,0,785,0,0,26,9
4,350,21.000000,42.000000,0,0,76951692,785,0,785,0,0,26,9
4,350,21.000000,42.000000,0,0,76951695,785,0,785,0,0,26,9
4,350,21.000000,42.000000,0,0,76951698,785,0,785,0,0,26,9
4,350,21.000000,42.000000,0,0,76951700,785,0,785,0,0,26,9
4,350,21.000000,42.000000,0,0,76951703,785,0,785,0,0,26,9
4,350,21.000000,42.000000,0,0,76951706,785,0,785,0,0,26,9
4,350,21.000000,42.000000,0,0,76951708,785,0,785,0,0,26,9
4,350,21.000000,42.000000,0,0,76951711,785,0,785,0,0,26,9
4,350,21.000000,42.000000,0,0,76951714,785,0,785,0,0,26,9
4,350,21.000000,42.000000,0,0,76951717,785,0,785,0,0,26,9
4,350,21.000000,42.000000,0,0,76951719,785,0,785,0,0,26,9
4,350,21.000000,42.000000,0,0,76951722,785,0,785,0,0,26,9
4,350,21.000000,42.000000,0,0,76951725,785,0,785,0,0,26,9
4,350,21.000000,42.000000,0,0,76951728,785,0,785,0,0,26,9
4,350,21.000000,42.000000,0,0,76951731,785,0,785,0,0,26,9
4,350,21.000000,42.000000,0,0,76951733,785,0,785,0,0,26,9
4,350,21.000000,42.000000,0,0,76951736,785,0,785,0,0,26,9
4,350,21.000000,42.000000,0,0,76951739,785,0,785,0,0,26,9
4,350,21.000000,42.000000,0,0,76951742,785,0,785,0,0,26,9
4,350,21.000000,42.000000,0,0,76951744,785,0,785,0,0,26,9
4,350,21.000000,42.000000,0,0,76951747,785,0,785,0,0,26,9
4,350,21.000000,42.000000,0,0,76951750,785,0,785,0,0,26,9
4,350,21.000000,42.000000,0,0,76951753,785,0,785,0,0,26,9
4,350,21.000000,42.000000,0,0,76951756,785,0,785,0,0,26,9
4,350,21.000000,42.000000,0,0,76951758,785,0,785,0,0,26,9
4,350,21.000000,42.000000,0,0,76951761,785,0,785,-1,0,26,9
4,350,21.000000,42.000000,0,0,76951764,785,0,785,-2,0,26,9
4,350,21.000000,42.000000,0,0,76951767,785,0,785,-2,0,26,9
4,350,21.000000,42.000000,0,0,76951769,786,0,786,-3,0,26,9
4,350,21.000000,42.000000,0,0,76951773,787,0,787,-4,0,26,9
4,350,21.000000,42.000000,0,0,76951775,787,0,787,-5,0,26,9
4,350,21.000000,42.000000,0,0,76951778,789,0,789,-5,0,26,9
4,350,21.000000,42.000000,0,0,76951781,791,0,791,-5,0,26,9
4,350,21.000000,42.000000,0,0,76951784,791,0,791,-6,0,26,9
4,350,21.000000,42.000000,0,0,76951786,792,0,792,-6,0,26,9
4,350,21.000000,42.000000,0,0,76951789,792,0,792,-7,0,26,9
4,350,21.000000,42.000000,0,0,76951792,793,0,793,-7,0,26,9
4,350,21.000000,42.000000,0,0,76951795,793,0,793,-8,0,26,9
4,350,21.000000,42.000000,0,0,76951797,795,0,795,-10,0,26,9
4,350,21.000000,42.000000,0,0,76951800,797,0,797,-12,0,26,9
4,350,21.000000,42.000000,0,0,76951803,797,0,797,-12,0,26,9
4,350,21.000000,42.000000,0,0,76951806,799,0,799,-13,0,26,9
4,350,21.000000,42.000000,0,0,76951808,800,0,800,-13,0,26,9
4,350,21.000000,42.000000,0,0,76951811,800,0,800,-15,0,26,9
4,350,21.000000,42.000000,0,0,76951814,801,0,801,-15,0,26,9
4,350,21.000000,42.000000,0,0,76951817,802,0,802,-16,0,26,9
4,350,21.000000,42.000000,0,0,76951819,802,0,802,-17,0,26,9
4,350,21.000000,42.000000,0,0,76951822,803,0,803,-17,0,26,9
4,350,21.000000,42.000000,0,0,76951825,805,0,805,-18,0,26,9
4,350,21.000000,42.000000,0,0,76951828,809,0,809,-21,0,26,9
4,350,21.000000,42.000000,0,0,76951831,811,0,811,-21,0,26,9
4,350,21.000000,42.000000,0,0,76951833,813,0,813,-22,0,26,9
4,350,21.000000,42.000000,0,0,76951836,815,0,815,-23,0,26,9
4,350,21.000000,42.000000,0,0,76951839,818,0,818,-23,0,26,9
4,350,21.000000,42.000000,0,0,76951842,820,0,820,-24,0,26,9
4,350,21.000000,42.000000,0,0,76951844,821,0,821,-24,0,26,9
4,350,21.000000,42.000000,0,0,76951847,823,0,823,-27,0,26,9
4,350,21.000000,42.000000,0,0,76951850,825,0,825,-27,0,26,9
4,350,21.000000,42.000000,0,0,76951853,826,0,826,-27,0,26,9
4,350,21.000000,42.000000,0,0,76951856,829,0,829,-28,0,26,9
4,350,21.000000,42.000000,0,0,76951858,831,0,831,-28,0,26,9
4,350,21.000000,42.000000,0,0,76951861,833,0,833,-29,0,26,9
4,350,21.000000,42.000000,0,0,76951864,835,0,835,-31,0,26,9
4,350,21.000000,42.000000,0,0,76951867,838,0,838,-31,0,26,9
4,350,21.000000,42.000000,0,0,76951870,840,0,840,-32,0,26,9
4,350,21.000000,42.000000,0,0,76951873,844,0,844,-33,0,26,9
4,350,21.000000,42.000000,0,0,76951875,848,0,848,-33,0,26,9
4,350,21.000000,42.000000,0,0,76951878,851,0,851,-34,0,26,9
4,350,21.000000,42.000000,0,0,76951881,854,0,854,-35,0,26,9
4,350,21.000000,42.000000,0,0,76951884,859,0,859,-35,0,26,9
4,350,21.000000,42.000000,0,0,76951886,861,0,861,-35,0,26,9
4,350,21.000000,42.000000,0,0,76951889,865,0,865,-36,0,26,9
4,350,21.000000,42.000000,0,0,76951892,869,0,869,-38,0,26,9
4,350,21.000000,42.000000,0,0,76951895,875,0,875,-38,0,26,9
4,350,21.000000,42.000000,0,0,76951897,879,0,879,-38,0,26,9
4,350,21.000000,42.000000,0,0,76951900,883,0,883,-39,0,26,9
4,350,21.000000,42.000000,0,0,76951903,889,0,889,-40,0,26,9
4,350,21.000000,42.000000,0,0,76951906,895,0,895,-40,0,26,9
4,350,21.000000,42.000000,0,0,76951909,901,0,901,-41,0,26,9
4,350,21.000000,42.000000,0,0,76951911,905,1,905,-40,0,26,9
4,350,21.000000,42.000000,0,0,76951914,909,1,909,-40,0,26,9
4,350,21.000000,42.000000,0,0,76951917,912,1,912,-40,0,26,9
4,350,21.000000,42.000000,0,0,76951920,917,0,917,-41,0,26,9
4,350,21.000000,42.000000,0,0,76951923,921,0,921,-41,0,26,9
4,350,21.000000,42.000000,0,0,76951925,927,0,927,-42,0,26,9
4,350,21.000000,42.000000,0,0,76951928,930,0,930,-43,0,26,9
4,350,21.000000,42.000000,0,0,76951931,935,0,935,-43,0,26,9
4,350,21.000000,42.000000,0,0,76951934,940,0,940,-43,0,26,9
4,350,21.000000,42.000000,0,0,76951936,942,0,942,-43,0,26,9
4,350,21.000000,42.000000,0,0,76951939,949,0,949,-43,0,26,9
4,350,21.000000,42.000000,0,0,76951942,954,0,954,-44,0,26,9
4,350,21.000000,42.000000,0,0,76951945,956,0,956,-44,0,26,9
4,350,21.000000,42.000000,0,0,76951948,959,0,959,-45,0,26,9
4,350,21.000000,42.000000,0,0,76951950,964,0,964,-45,0,26,9
4,350,21.000000,42.000000,0,0,76951953,969,0,969,-45,0,26,9
4,350,21.000000,42.000000,0,0,76951956,972,0,972,-45,0,26,9
4,350,21.000000,42.000000,0,0,76951959,975,0,975,-45,0,26,9
4,350,21.000000,42.000000,0,0,76951961,981,0,981,-47,0,26,9
4,350,21.000000,42.000000,0,0,76951964,984,0,984,-47,0,26,9
4,350,21.000000,42.000000,0,0,76951967,987,0,987,-47,0,26,9
4,350,21.000000,42.000000,0,0,76951970,990,0,990,-47,0,26,9
4,350,21.000000,42.000000,0,0,76951973,992,0,992,-47,0,26,9
4,350,21.000000,42.000000,0,0,76951975,996,0,996,-48,0,26,9
4,350,21.000000,42.000000,0,0,76951978,999,0,999,-48,0,26,9
4,350,21.000000,42.000000,0,0,76951981,1002,0,1002,-48,0,26,9
4,350,21.000000,42.000000,0,0,76951984,1005,0,1005,-48,0,26,9
4,350,21.000000,42.000000,0,0,76951986,1007,0,1007,-48,0,26,9
4,350,21.000000,42.000000,0,0,76951989,1008,0,1008,-49,0,26,9
4,350,21.000000,42.000000,0,0,76951992,1011,0,1011,-49,0,26,9
4,350,21.000000,42.000000,0,0,76951995,1014,0,1014,-49,0,26,9
4,350,21.000000,42.000000,0,0,76951998,1016,0,1016,-49,0,26,9
4,350,21.000000,42.000000,0,0,76952000,1018,0,1018,-49,0,26,9
4,350,21.000000,42.000000,0,0,76952003,1019,0,1019,-49,0,26,9
4,350,21.000000,42.000000,0,0,76952006,1020,0,1020,-50,0,26,9
4,350,21.000000,42.000000,0,0,76952009,1021,0,1021,-50,0,26,9
4,350,21.000000,42.000000,0,0,76952011,1022,0,1022,-50,0,26,9
4,350,21.000000,42.000000,0,0,76952014,1023,0,1023,-50,0,26,9
4,350,21.000000,42.000000,0,0,76952017,1024,0,1024,-50,0,26,9
4,350,21.000000,42.000000,0,0,76952020,1025,0,1025,-50,0,26,9
4,350,21.000000,42.000000,0,0,76952023,1027,0,1027,-50,0,26,9
4,350,21.000000,42.000000,0,0,76952025,1029,0,1029,-50,0,26,9
4,350,21.000000,42.000000,0,0,76952028,1030,0,1030,-50,0,26,9
4,350,21.000000,42.000000,0,0,76952031,1031,0,1031,-50,0,26,9
4,350,21.000000,42.000000,0,0,76952034,1032,0,1032,-50,0,26,9
4,350,21.000000,42.000000,0,0,76952037,1033,0,1033,-50,0,26,9
4,350,21.000000,42.000000,0,0,76952039,1034,0,1034,-50,0,26,9
4,350,21.000000,42.000000,0,0,76952042,1035,0,1035,-50,0,26,9
4,350,21.000000,42.000000,0,0,76952045,1036,0,1036,-50,0,26,9
4,350,21.000000,42.000000,0,0,76952048,1037,0,1037,-50,0,26,9
4,350,21.000000,42.000000,0,0,76952050,1038,0,1038,-51,0,26,9
4,350,21.000000,42.000000,0,0,76952053,1039,0,1039,-52,0,26,9
4,350,21.000000,42.000000,0,0,76952056,1040,0,1040,-52,0,26,9
4,350,21.000000,42.000000,0,0,76952059,1040,0,1040,-52,0,26,9
4,350,21.000000,42.000000,0,0,76952061,1041,0,1041,-53,0,26,9
4,350,21.000000,42.000000,0,0,76952064,1042,0,1042,-53,0,26,9
4,350,21.000000,42.000000,0,0,76952067,1043,0,1043,-53,0,26,9
4,350,21.000000,42.000000,0,0,76952070,1044,0,1044,-53,0,26,9
4,350,21.000000,42.000000,0,0,76952073,1044,0,1044,-53,0,26,9
4,350,21.000000,42.000000,0,0,76952075,1046,0,1046,-53,0,26,9
4,350,21.000000,42.000000,0,0,76952078,1046,0,1046,-54,0,26,9
4,350,21.000000,42.000000,0,0,76952081,1046,0,1046,-55,0,26,9
4,350,21.000000,42.000000,0,0,76952084,1047,0,1047,-55,0,26,9
4,350,21.000000,42.000000,0,0,76952087,1048,0,1048,-55,0,26,9
4,350,21.000000,42.000000,0,0,76952089,1049,0,1049,-55,0,26,9
4,350,21.000000,42.000000,0,0,76952092,1051,0,1051,-55,0,26,9
4,350,21.000000,42.000000,0,0,76952095,1053,0,1053,-55,0,26,9
4,350,21.000000,42.000000,0,0,76952098,1054,0,1054,-56,0,26,9
4,350,21.000000,42.000000,0,0,76952100,1055,0,1055,-56,0,26,9
4,350,21.000000,42.000000,0,0,76952103,1057,0,1057,-56,0,26,9
4,350,21.000000,42.000000,0,0,76952106,1058,0,1058,-56,0,26,9
4,350,21.000000,42.000000,0,0,76952109,1060,0,1060,-56,0,26,9
4,350,21.000000,42.000000,0,0,76952111,1061,0,1061,-56,0,26,9
4,350,21.000000,42.000000,0,0,76952114,1063,0,1063,-56,0,26,9
4,350,21.000000,42.000000,0,0,76952117,1064,0,1064,-56,0,26,9
4,350,21.000000,42.000000,0,0,76952120,1066,0,1066,-56,0,26,9
4,350,21.000000,42.000000,0,0,76952123,1068,0,1068,-56,0,26,9
4,350,21.000000,42.000000,0,0,76952125,1068,0,1068,-56,0,26,9
4,350,21.000000,42.000000,0,0,76952128,1070,0,1070,-57,0,26,9
4,350,21.000000,42.000000,0,0,76952131,1072,0,1072,-58,0,26,9
4,350,21.000000,42.000000,0,0,76952134,1074,0,1074,-58,0,26,9
4,350,21.000000,42.000000,0,0,76952137,1076,0,1076,-58,0,26,9
4,350,21.000000,42.000000,0,0,76952139,1077,0,1077,-58,0,26,9
4,350,21.000000,42.000000,0,0,76952142,1078,0,1078,-58,0,26,9
4,350,21.000000,42.000000,0,0,76952145,1080,0,1080,-58,0,26,9
4,350,21.000000,42.000000,0,0,76952148,1081,0,1081,-58,0,26,9
4,350,21.000000,42.000000,0,0,76952150,1082,0,1082,-58,0,26,9
4,350,21.000000,42.000000,0,0,76952153,1084,0,1084,-59,0,26,9
4,350,21.000000,42.000000,0,0,76952156,1087,0,1087,-60,0,26,9
4,350,21.000000,42.000000,0,0,76952159,1089,0,1089,-60,0,26,9
4,350,21.000000,42.000000,0,0,76952162,1092,0,1092,-60,0,26,9
4,350,21.000000,42.000000,0,0,76952164,1093,0,1093,-60,0,26,9
4,350,21.000000,42.000000,0,0,76952167,1094,0,1094,-60,0,26,9
4,350,21.000000,42.000000,0,0,76952170,1095,0,1095,-60,0,26,9
4,350,21.000000,42.000000,0,0,76952173,1096,0,1096,-60,0,26,9
4,350,21.000000,42.000000,0,0,76952175,1097,0,1097,-60,0,26,9
4,350,21.000000,42.000000,0,0,76952178,1097,0,1097,-60,0,26,9
4,350,21.000000,42.000000,0,0,76952181,1098,0,1098,-60,0,26,9
4,350,21.000000,42.000000,0,0,76952184,1100,0,1100,-61,0,26,9
4,350,21.000000,42.000000,0,0,76952187,1100,0,1100,-61,0,26,9
4,350,21.000000,42.000000,0,0,76952189,1100,0,1100,-61,0,26,9
4,350,21.000000,42.000000,0,0,76952192,1101,0,1101,-61,0,26,9
4,350,21.000000,42.000000,0,0,76952195,1101,0,1101,-61,0,26,9
4,350,21.000000,42.000000,0,0,76952198,1101,0,1101,-61,0,26,9
4,350,21.000000,42.000000,0,0,76952200,1101,0,1101,-61,0,26,9
4,350,21.000000,42.000000,0,0,76952203,1101,0,1101,-61,0,26,9
4,350,21.000000,42.000000,0,0,76952206,1102,0,1102,-61,0,26,9
4,350,21.000000,42.000000,0,0,76952209,1103,0,1103,-61,0,26,9
4,350,21.000000,42.000000,0,0,76952212,1103,0,1103,-61,0,26,9
4,350,21.000000,42.000000,0,0,76952214,1103,0,1103,-61,0,26,9
4,350,21.000000,42.000000,0,0,76952217,1103,0,1103,-61,0,26,9
4,350,21.000000,42.000000,0,0,76952220,1103,0,1103,-62,0,26,9
4,350,21.000000,42.000000,0,0,76952223,1104,0,1104,-62,0,26,9
4,350,21.000000,42.000000,0,0,76952226,1105,0,1105,-62,0,26,9
4,350,21.000000,42.000000,0,0,76952228,1106,0,1106,-62,0,26,9
4,350,21.000000,42.000000,0,0,76952231,1106,0,1106,-62,0,26,9
4,350,21.000000,42.000000,0,0,76952234,1107,0,1107,-62,0,26,9
4,350,21.000000,42.000000,0,0,76952237,1107,0,1107,-62,0,26,9
4,350,21.000000,42.000000,0,0,76952239,1108,0,1108,-62,0,26,9
4,350,21.000000,42.000000,0,0,76952242,1109,0,1109,-62,0,26,9
4,350,21.000000,42.000000,0,0,76952245,1110,0,1110,-62,0,26,9
4,350,21.000000,42.000000,0,0,76952248,1111,0,1111,-62,0,26,9
4,350,21.000000,42.000000,0,0,76952250,1112,0,1112,-63,0,26,9
4,350,21.000000,42.000000,0,0,76952253,1113,0,1113,-64,0,26,9
4,350,21.000000,42.000000,0,0,76952256,1114,0,1114,-64,0,26,9
4,350,21.000000,42.000000,0,0,76952259,1115,0,1115,-64,0,26,9
4,350,21.000000,42.000000,0,0,76952261,1116,0,1116,-65,0,26,9
4,350,21.000000,42.000000,0,0,76952264,1117,0,1117,-65,0,26,9
4,350,21.000000,42.000000,0,0,76952267,1118,0,1118,-65,0,26,9
4,350,21.000000,42.000000,0,0,76952270,1119,0,1119,-65,0,26,9
4,350,21.000000,42.000000,0,0,76952273,1120,0,1120,-65,0,26,9
4,350,21.000000,42.000000,0,0,76952275,1121,0,1121,-65,0,26,9
4,350,21.000000,42.000000,0,0,76952278,1122,0,1122,-65,0,26,9
4,350,21.000000,42.000000,0,0,76952281,1123,0,1123,-65,0,26,9
4,350,21.000000,42.000000,0,0,76952284,1123,0,1123,-65,0,26,9
4,350,21.000000,42.000000,0,0,76952286,1123,0,1123,-65,0,26,9
4,350,21.000000,42.000000,0,0,76952289,1123,0,1123,-66,0,26,9
4,350,21.000000,42.000000,0,0,76952292,1123,0,1123,-67,0,26,9
4,350,21.000000,42.000000,0,0,76952295,1123,0,1123,-68,0,26,9
4,350,21.000000,42.000000,0,0,76952298,1124,1,1124,-67,0,26,9
4,350,21.000000,42.000000,0,0,76952301,1125,2,1125,-66,0,26,9
4,350,21.000000,42.000000,0,0,76952303,1126,2,1126,-66,0,26,9
4,350,21.000000,42.000000,0,0,76952306,1127,1,1127,-67,0,26,9
4,350,21.000000,42.000000,0,0,76952309,1128,1,1128,-67,0,26,9
4,350,21.000000,42.000000,0,0,76952312,1129,1,1129,-67,0,26,9
4,350,21.000000,42.000000,0,0,76952314,1129,1,1129,-67,0,26,9
4,350,21.000000,42.000000,0,0,76952317,1130,1,1130,-67,0,26,9
4,350,21.000000,42.000000,0,0,76952320,1131,1,1131,-67,0,26,9
4,350,21.000000,42.000000,0,0,76952323,1131,1,1131,-67,0,26,9
4,350,21.000000,42.000000,0,0,76952326,1131,1,1131,-67,0,26,9
4,350,21.000000,42.000000,0,0,76952328,1132,1,1132,-67,0,26,9
4,350,21.000000,42.000000,0,0,76952331,1133,1,1133,-67,0,26,9
4,350,21.000000,42.000000,0,0,76952334,1133,1,1133,-67,0,26,9
4,350,21.000000,42.000000,0,0,76952337,1133,1,1133,-67,0,26,9
4,350,21.000000,42.000000,0,0,76952339,1133,1,1133,-67,0,26,9
4,350,21.000000,42.000000,0,0,76952342,1133,1,1133,-67,0,26,9
4,350,21.000000,42.000000,0,0,76952345,1133,1,1133,-67,0,26,9
4,350,21.000000,42.000000,0,0,76952348,1133,1,1133,-67,0,26,9
4,350,21.000000,42.000000,0,0,76952351,1133,1,1133,-67,0,26,9
4,350,21.000000,42.000000,0,0,76952353,1133,1,1133,-67,0,26,9
4,350,21.000000,42.000000,0,0,76952356,1133,1,1133,-67,0,26,9
4,350,21.000000,42.000000,0,0,76952359,1133,1,1133,-67,0,26,9
4,350,21.000000,42.000000,0,0,76952362,1133,1,1133,-67,0,26,9
4,350,21.000000,42.000000,0,0,76952364,1133,1,1133,-67,0,26,9
4,350,21.000000,42.000000,0,0,76952367,1133,1,1133,-67,0,26,9
4,350,21.000000,42.000000,0,0,76952370,1133,1,1133,-67,0,26,9
4,350,21.000000,42.000000,0,0,76952373,1133,1,1133,-67,0,26,9
4,350,21.000000,42.000000,0,0,76952376,1133,1,1133,-67,0,26,9
4,350,21.000000,42.000000,0,0,76952378,1133,1,1133,-67,0,26,9
4,350,21.000000,42.000000,0,0,76952381,1133,1,1133,-67,0,26,9
4,350,21.000000,42.000000,0,0,76952384,1133,1,1133,-67,0,26,9
4,350,21.000000,42.000000,0,0,76952387,1133,1,1133,-67,0,26,9
4,350,21.000000,42.000000,0,0,76952390,1133,1,1133,-67,0,26,9
4,350,21.000000,42.000000,0,0,76952392,1133,1,1133,-67,0,26,9
4,350,21.000000,42.000000,0,0,76952395,1133,1,1133,-67,0,26,9
4,350,21.000000,42.000000,0,0,76952398,1133,1,1133,-67,0,26,9
4,350,21.000000,42.000000,0,0,76952401,1133,1,1133,-67,0,26,9
4,350,21.000000,42.000000,0,0,76952403,1133,1,1133,-67,0,26,9
4,350,21.000000,42.000000,0,0,76952406,1133,1,1133,-67,0,26,9
4,350,21.000000,42.000000,0,0,76952409,1133,1,1133,-67,0,26,9
4,350,21.000000,42.000000,0,0,76952412,1133,1,1133,-67,0,26,9
4,350,21.000000,42.000000,0,0,76952414,1133,1,1133,-67,0,26,9
4,350,21.000000,42.000000,0,0,76952417,1133,1,1133,-67,0,26,9
4,350,21.000000,42.000000,0,0,76952420,1133,1,1133,-67,0,26,9
4,350,21.000000,42.000000,0,0,76952423,1133,1,1133,-67,0,26,9
4,350,21.000000,42.000000,0,0,76952426,1133,0,1133,-68,0,26,9
4,350,21.000000,42.000000,0,0,76952428,1133,0,1133,-68,0,26,9
4,350,21.000000,42.000000,0,0,76952431,1133,0,1133,-68,0,26,9
4,350,21.000000,42.000000,0,0,76952434,1133,0,1133,-68,0,26,9
4,350,21.000000,42.000000,0,0,76952437,1133,0,1133,-68,0,26,9
4,350,21.000000,42.000000,0,0,76952440,1133,0,1133,-68,0,26,9
4,350,21.000000,42.000000,0,0,76952442,1133,0,1133,-68,0,26,9
4,350,21.000000,42.000000,0,0,76952445,1133,0,1133,-68,0,26,9
4,350,21.000000,42.000000,0,0,76952448,1133,0,1133,-68,0,26,9
4,350,21.000000,42.000000,0,0,76952451,1133,0,1133,-68,0,26,9
4,350,21.000000,42.000000,0,0,76952453,1133,0,1133,-68,0,26,9
4,350,21.000000,42.000000,0,0,76952456,1133,0,1133,-68,0,26,9
4,350,21.000000,42.000000,0,0,76952459,1133,0,1133,-68,0,26,9
4,350,21.000000,42.000000,0,0,76952462,1133,0,1133,-68,0,26,9
4,350,21.000000,42.000000,0,0,76952465,1133,0,1133,-68,0,26,9
4,350,21.000000,42.000000,0,0,76952467,1133,0,1133,-68,0,26,9
4,350,21.000000,42.000000,0,0,76952470,1133,0,1133,-68,0,26,9
4,350,21.000000,42.000000,0,0,76952473,1133,0,1133,-68,0,26,9
4,350,21.000000,42.000000,0,0,76952476,1133,0,1133,-68,0,26,9
4,350,21.000000,42.000000,0,0,76952478,1133,0,1133,-68,0,26,9
4,350,21.000000,42.000000,0,0,76952481,1133,0,1133,-68,0,26,9
4,350,21.000000,42.000000,0,0,76952484,1133,0,1133,-68,0,26,9
4,350,21.000000,42.000000,0,0,76952487,1133,0,1133,-68,0,26,9
4,350,21.000000,42.000000,0,0,76952490,1133,0,1133,-68,0,26,9
4,350,21.000000,42.000000,0,0,76952492,1133,0,1133,-68,0,26,9
4,350,21.000000,42.000000,0,0,76952495,1133,0,1133,-68,0,26,9
4,350,21.000000,42.000000,0,0,76952498,1133,0,1133,-68,0,26,9
4,350,21.000000,42.000000,0,0,76952501,1133,0,1133,-68,0,26,9
4,350,21.000000,42.000000,0,0,76952503,1133,0,1133,-68,0,26,9
4,350,21.000000,42.000000,0,0,76952506,1133,0,1133,-68,0,26,9
4,350,21.000000,42.000000,0,0,76952509,1133,0,1133,-68,0,26,9
4,350,21.000000,42.000000,0,0,76952512,1133,0,1133,-68,0,26,9
4,350,21.000000,42.000000,0,0,76952515,1133,0,1133,-68,0,26,9
4,350,21.000000,42.000000,0,0,76952517,1133,0,1133,-68,0,26,9
4,350,21.000000,42.000000,0,0,76952520,1133,0,1133,-68,0,26,9
4,350,21.000000,42.000000,0,0,76952523,1133,0,1133,-68,0,26,9
4,350,21.000000,42.000000,0,0,76952526,1133,0,1133,-68,0,26,9
4,350,21.000000,42.000000,0,0,76952528,1133,0,1133,-68,0,26,9
4,350,21.000000,42.000000,0,0,76952531,1133,0,1133,-68,0,26,9
4,350,21.000000,42.000000,0,0,76952534,1133,0,1133,-68,0,26,9
4,350,21.000000,42.000000,0,0,76952537,1133,0,1133,-68,0,26,9
4,350,21.000000,42.000000,0,0,76952540,1133,0,1133,-68,0,26,9
4,350,21.000000,42.000000,0,0,76952542,1133,0,1133,-68,0,26,9
4,350,21.000000,42.000000,0,0,76952545,1133,0,1133,-68,0,26,9
4,350,21.000000,42.000000,0,0,76952548,1133,0,1133,-68,0,26,9
4,350,21.000000,42.000000,0,0,76952551,1133,0,1133,-68,0,26,9
4,350,21.000000,42.000000,0,0,76952554,1133,0,1133,-68,0,26,9
4,350,21.000000,42.000000,0,0,76952557,1133,0,1133,-68,0,26,9
4,350,21.000000,42.000000,0,0,76952559,1133,0,1133,-68,0,26,9
4,350,21.000000,42.000000,0,0,76952562,1133,0,1133,-68,0,26,9
4,350,21.000000,42.000000,0,0,76952565,1133,0,1133,-68,0,26,9
4,350,21.000000,42.000000,0,0,76952578,1133,0,1133,-68,0,26,9
