4,350,21.000000,0.000000,0,0,77182761,775,0,775,0,0,35,8
4,350,21.000000,0.000000,0,0,77182762,775,0,775,0,0,35,8
4,350,21.000000,0.000000,0,0,77182765,775,0,775,0,0,35,8
4,350,21.000000,0.000000,0,0,77182768,775,0,775,0,0,35,8
4,350,21.000000,0.000000,0,0,77182770,775,0,775,0,0,35,8
4,350,21.000000,0.000000,0,0,77182773,775,0,775,0,0,35,8
4,350,21.000000,0.000000,0,0,77182776,775,0,775,0,0,35,8
4,350,21.000000,0.000000,0,0,77182779,775,0,775,0,0,35,8
4,350,21.000000,0.000000,0,0,77182782,775,0,775,0,0,35,8
4,350,21.000000,0.000000,0,0,77182784,775,0,775,0,0,35,8
4,350,21.000000,0.000000,0,0,77182787,775,0,775,0,0,35,8
4,350,21.000000,0.000000,0,0,77182790,775,0,775,0,0,35,8
4,350,21.000000,0.000000,0,0,77182793,775,0,775,0,0,35,8
4,350,21.000000,0.000000,0,0,77182795,775,0,775,0,0,35,8
4,350,21.000000,0.000000,0,0,77182798,775,0,775,0,0,35,8
4,350,21.000000,0.000000,0,0,77182801,775,0,775,0,0,35,8
4,350,21.000000,0.000000,0,0,77182804,775,0,775,0,0,35,8
4,350,21.000000,0.000000,0,0,77182807,775,0,775,0,0,35,8
4,350,21.000000,0.000000,0,0,77182809,775,0,775,0,0,35,8
4,350,21.000000,0.000000,0,0,77182812,775,0,775,0,0,35,8
4,350,21.000000,0.000000,0,0,77182815,775,0,775,0,0,35,8
4,350,21.000000,0.000000,0,0,77182818,775,0,775,0,0,35,8
4,350,21.000000,0.000000,0,0,77182820,775,0,775,0,0,35,8
4,350,21.000000,0.000000,0,0,77182823,775,0,775,0,0,35,8
4,350,21.000000,0.000000,0,0,77182826,775,0,775,0,0,35,8
4,350,21.000000,0.000000,0,0,77182829,775,0,775,0,0,35,8
4,350,21.000000,0.000000,0,0,77182831,775,0,775,0,0,35,8
4,350,21.000000,0.000000,0,0,77182834,775,0,775,0,0,35,8
4,350,21.000000,0.000000,0,0,77182837,775,0,775,0,0,35,8
4,350,21.000000,0.000000,0,0,77182840,775,0,775,0,0,35,8
4,350,21.000000,0.000000,0,0,77182842,775,0,775,0,0,35,8
4,350,21.000000,0.000000,0,0,77182845,775,0,775,0,0,35,8
4,350,21.000000,0.000000,0,0,77182848,775,0,775,0,0,35,8
4,350,21.000000,0.000000,0,0,77182851,775,0,775,0,0,35,8
4,350,21.000000,0.000000,0,0,77182854,775,0,775,0,0,35,8
4,350,21.000000,0.000000,0,0,77182856,775,0,775,0,0,35,8
4,350,21.000000,0.000000,0,0,77182859,775,0,775,0,0,35,8
4,350,21.000000,0.000000,0,0,77182862,775,0,775,0,0,35,8
4,350,21.000000,0.000000,0,0,77182865,775,0,775,0,0,35,8
4,350,21.000000,0.000000,0,0,77182868,775,0,775,-1,0,35,8
4,350,21.000000,0.000000,0,0,77182871,775,0,775,-2,0,35,8
4,350,21.000000,0.000000,0,0,77182873,775,0,775,-2,0,35,8
4,350,21.000000,0.000000,0,0,77182876,775,0,775,-2,0,35,8
4,350,21.000000,0.000000,0,0,77182879,775,0,775,-2,0,35,8
4,350,21.000000,0.000000,0,0,77182882,775,0,775,-3,0,35,8
4,350,21.000000,0.000000,0,0,77182884,776,0,776,-3,0,35,8
4,350,21.000000,0.000000,0,0,77182887,777,0,777,-3,0,35,8
4,350,21.000000,0.000000,0,0,77182890,778,0,778,-4,0,35,8
4,350,21.000000,0.000000,0,0,77182893,779,0,779,-5,0,35,8
4,350,21.000000,0.000000,0,0,77182896,780,0,780,-5,0,35,8
4,350,21.000000,0.000000,0,0,77182898,781,0,781,-6,0,35,8
4,350,21.000000,0.000000,0,0,77182901,782,0,782,-7,0,35,8
4,350,21.000000,0.000000,0,0,77182904,783,0,783,-8,0,35,8
4,350,21.000000,0.000000,0,0,77182907,784,0,784,-8,0,35,8
4,350,21.000000,0.000000,0,0,77182909,784,0,784,-9,0,35,8
4,350,21.000000,0.000000,0,0,77182912,785,0,785,-9,0,35,8
4,350,21.000000,0.000000,0,0,77182915,786,0,786,-9,0,35,8
4,350,21.000000,0.000000,0,0,77182918,788,0,788,-9,0,35,8
4,350,21.000000,0.000000,0,0,77182921,788,0,788,-9,0,35,8
4,350,21.000000,0.000000,0,0,77182923,788,0,788,-10,0,35,8
4,350,21.000000,0.000000,0,0,77182926,789,0,789,-10,0,35,8
4,350,21.000000,0.000000,0,0,77182929,789,0,789,-11,0,35,8
4,350,21.000000,0.000000,0,0,77182932,790,0,790,-12,0,35,8
4,350,21.000000,0.000000,0,0,77182934,791,0,791,-13,0,35,8
4,350,21.000000,0.000000,0,0,77182937,792,0,792,-13,0,35,8
4,350,21.000000,0.000000,0,0,77182940,792,0,792,-13,0,35,8
4,350,21.000000,0.000000,0,0,77182943,793,0,793,-14,0,35,8
4,350,21.000000,0.000000,0,0,77182946,794,0,794,-15,0,35,8
4,350,21.000000,0.000000,0,0,77182948,795,0,795,-15,0,35,8
4,350,21.000000,0.000000,0,0,77182951,796,0,796,-15,0,35,8
4,350,21.000000,0.000000,0,0,77182954,797,0,797,-15,0,35,8
4,350,21.000000,0.000000,0,0,77182957,797,0,797,-16,0,35,8
4,350,21.000000,0.000000,0,0,77182959,797,0,797,-17,0,35,8
4,350,21.000000,0.000000,0,0,77182962,797,0,797,-17,0,35,8
4,350,21.000000,0.000000,0,0,77182965,798,0,798,-17,0,35,8
4,350,21.000000,0.000000,0,0,77182968,798,0,798,-18,0,35,8
4,350,21.000000,0.000000,0,0,77182971,798,0,798,-19,0,35,8
4,350,21.000000,0.000000,0,0,77182974,799,0,799,-19,0,35,8
4,350,21.000000,0.000000,0,0,77182976,800,0,800,-20,0,35,8
4,350,21.000000,0.000000,0,0,77182979,801,0,801,-21,0,35,8
4,350,21.000000,0.000000,0,0,77182982,802,0,802,-21,0,35,8
4,350,21.000000,0.000000,0,0,77182985,802,0,802,-23,0,35,8
4,350,21.000000,0.000000,0,0,77182987,803,0,803,-23,0,35,8
4,350,21.000000,0.000000,0,0,77182990,804,0,804,-24,0,35,8
4,350,21.000000,0.000000,0,0,77182993,805,0,805,-24,0,35,8
4,350,21.000000,0.000000,0,0,77182996,806,0,806,-25,0,35,8
4,350,21.000000,0.000000,0,0,77182998,807,0,807,-26,0,35,8
4,350,21.000000,0.000000,0,0,77183001,808,0,808,-26,0,35,8
4,350,21.000000,0.000000,0,0,77183004,808,0,808,-27,0,35,8
4,350,21.000000,0.000000,0,0,77183007,809,0,809,-28,0,35,8
4,350,21.000000,0.000000,0,0,77183010,811,0,811,-29,0,35,8
4,350,21.000000,0.000000,0,0,77183012,814,0,814,-30,0,35,8
4,350,21.000000,0.000000,0,0,77183015,814,0,814,-31,0,35,8
4,350,21.000000,0.000000,0,0,77183018,816,0,816,-32,0,35,8
4,350,21.000000,0.000000,0,0,77183021,817,0,817,-33,0,35,8
4,350,21.000000,0.000000,0,0,77183023,818,0,818,-33,0,35,8
4,350,21.000000,0.000000,0,0,77183026,819,0,819,-35,0,35,8
4,350,21.000000,0.000000,0,0,77183029,820,0,820,-37,0,35,8
4,350,21.000000,0.000000,0,0,77183032,822,0,822,-38,0,35,8
4,350,21.000000,0.000000,0,0,77183035,823,0,823,-39,0,35,8
4,350,21.000000,0.000000,0,0,77183037,826,0,826,-41,0,35,8
4,350,21.000000,0.000000,0,0,77183040,828,0,828,-41,0,35,8
4,350,21.000000,0.000000,0,0,77183043,828,0,828,-42,0,35,8
4,350,21.000000,0.000000,0,0,77183046,829,0,829,-43,0,35,8
4,350,21.000000,0.000000,0,0,77183048,830,0,830,-44,0,35,8
4,350,21.000000,0.000000,0,0,77183051,832,0,832,-45,0,35,8
4,350,21.000000,0.000000,0,0,77183054,833,0,833,-46,0,35,8
4,350,21.000000,0.000000,0,0,77183057,836,0,836,-47,0,35,8
4,350,21.000000,0.000000,0,0,77183060,839,0,839,-49,0,35,8
4,350,21.000000,0.000000,0,0,77183062,840,0,840,-49,0,35,8
4,350,21.000000,0.000000,0,0,77183065,842,0,842,-50,0,35,8
4,350,21.000000,0.000000,0,0,77183068,844,0,844,-51,0,35,8
4,350,21.000000,0.000000,0,0,77183071,844,0,844,-53,0,35,8
4,350,21.000000,0.000000,0,0,77183073,845,0,845,-55,0,35,8
4,350,21.000000,0.000000,0,0,77183076,846,0,846,-55,0,35,8
4,350,21.000000,0.000000,0,0,77183079,848,0,848,-55,0,35,8
4,350,21.000000,0.000000,0,0,77183082,850,0,850,-57,0,35,8
4,350,21.000000,0.000000,0,0,77183085,851,0,851,-58,0,35,8
4,350,21.000000,0.000000,0,0,77183087,853,0,853,-59,0,35,8
4,350,21.000000,0.000000,0,0,77183090,856,0,856,-61,0,35,8
4,350,21.000000,0.000000,0,0,77183093,859,0,859,-63,0,35,8
4,350,21.000000,0.000000,0,0,77183096,860,0,860,-64,0,35,8
4,350,21.000000,0.000000,0,0,77183098,862,0,862,-65,0,35,8
4,350,21.000000,0.000000,0,0,77183101,865,0,865,-67,0,35,8
4,350,21.000000,0.000000,0,0,77183104,867,0,867,-70,0,35,8
4,350,21.000000,0.000000,0,0,77183107,868,0,868,-71,0,35,8
4,350,21.000000,0.000000,0,0,77183109,870,0,870,-73,0,35,8
4,350,21.000000,0.000000,0,0,77183112,872,0,872,-75,0,35,8
4,350,21.000000,0.000000,0,0,77183115,874,0,874,-76,0,35,8
4,350,21.000000,0.000000,0,0,77183118,875,0,875,-78,0,35,8
4,350,21.000000,0.000000,0,0,77183120,877,0,877,-79,0,35,8
4,350,21.000000,0.000000,0,0,77183123,879,0,879,-80,0,35,8
4,350,21.000000,0.000000,0,0,77183126,882,0,882,-82,0,35,8
4,350,21.000000,0.000000,0,0,77183129,885,0,885,-84,0,35,8
4,350,21.000000,0.000000,0,0,77183132,888,0,888,-87,0,35,8
4,350,21.000000,0.000000,0,0,77183135,890,0,890,-87,0,35,8
4,350,21.000000,0.000000,0,0,77183137,893,0,893,-88,0,35,8
4,350,21.000000,0.000000,0,0,77183140,894,0,894,-89,0,35,8
4,350,21.000000,0.000000,0,0,77183143,897,0,897,-90,0,35,8
4,350,21.000000,0.000000,0,0,77183146,899,0,899,-92,0,35,8
4,350,21.000000,0.000000,0,0,77183149,900,0,900,-94,0,35,8
4,350,21.000000,0.000000,0,0,77183151,902,0,902,-95,0,35,8
4,350,21.000000,0.000000,0,0,77183154,905,0,905,-96,0,35,8
4,350,21.000000,0.000000,0,0,77183157,907,0,907,-98,0,35,8
4,350,21.000000,0.000000,0,0,77183159,909,0,909,-100,0,35,8
4,350,21.000000,0.000000,0,0,77183162,911,0,911,-102,0,35,8
4,350,21.000000,0.000000,0,0,77183165,914,0,914,-103,0,35,8
4,350,21.000000,0.000000,0,0,77183168,917,0,917,-105,0,35,8
4,350,21.000000,0.000000,0,0,77183171,919,0,919,-107,0,35,8
4,350,21.000000,0.000000,0,0,77183173,922,0,922,-108,0,35,8
4,350,21.000000,0.000000,0,0,77183176,926,0,926,-109,0,35,8
4,350,21.000000,0.000000,0,0,77183179,927,0,927,-112,0,35,8
4,350,21.000000,0.000000,0,0,77183182,929,0,929,-114,0,35,8
4,350,21.000000,0.000000,0,0,77183184,932,0,932,-115,0,35,8
4,350,21.000000,0.000000,0,0,77183187,935,0,935,-116,0,35,8
4,350,21.000000,0.000000,0,0,77183190,937,0,937,-117,0,35,8
4,350,21.000000,0.000000,0,0,77183193,938,0,938,-120,0,35,8
4,350,21.000000,0.000000,0,0,77183196,940,0,940,-121,0,35,8
4,350,21.000000,0.000000,0,0,77183198,942,0,942,-122,0,35,8
4,350,21.000000,0.000000,0,0,77183201,944,0,944,-124,0,35,8
4,350,21.000000,0.000000,0,0,77183204,946,0,946,-125,0,35,8
4,350,21.000000,0.000000,0,0,77183207,948,0,948,-126,0,35,8
4,350,21.000000,0.000000,0,0,77183209,952,0,952,-129,0,35,8
4,350,21.000000,0.000000,0,0,77183212,955,0,955,-129,0,35,8
4,350,21.000000,0.000000,0,0,77183215,957,0,957,-131,0,35,8
4,350,21.000000,0.000000,0,0,77183218,959,0,959,-133,0,35,8
4,350,21.000000,0.000000,0,0,77183221,961,0,961,-134,0,35,8
4,350,21.000000,0.000000,0,0,77183224,964,0,964,-135,0,35,8
4,350,21.000000,0.000000,0,0,77183226,967,0,967,-136,0,35,8
4,350,21.000000,0.000000,0,0,77183229,969,0,969,-138,0,35,8
4,350,21.000000,0.000000,0,0,77183232,971,0,971,-140,0,35,8
4,350,21.000000,0.000000,0,0,77183235,974,0,974,-140,0,35,8
4,350,21.000000,0.000000,0,0,77183237,975,0,975,-140,0,35,8
4,350,21.000000,0.000000,0,0,77183240,976,0,976,-140,0,35,8
4,350,21.000000,0.000000,0,0,77183243,979,0,979,-142,0,35,8
4,350,21.000000,0.000000,0,0,77183246,981,0,981,-143,0,35,8
4,350,21.000000,0.000000,0,0,77183249,982,0,982,-144,0,35,8
4,350,21.000000,0.000000,0,0,77183251,983,0,983,-144,0,35,8
4,350,21.000000,0.000000,0,0,77183254,984,0,984,-144,0,35,8
4,350,21.000000,0.000000,0,0,77183257,985,0,985,-145,0,35,8
4,350,21.000000,0.000000,0,0,77183260,986,0,986,-146,0,35,8
4,350,21.000000,0.000000,0,0,77183263,987,0,987,-147,0,35,8
4,350,21.000000,0.000000,0,0,77183265,990,0,990,-148,0,35,8
4,350,21.000000,0.000000,0,0,77183268,991,0,991,-148,0,35,8
4,350,21.000000,0.000000,0,0,77183271,991,0,991,-150,0,35,8
4,350,21.000000,0.000000,0,0,77183274,993,0,993,-150,0,35,8
4,350,21.000000,0.000000,0,0,77183276,993,0,993,-151,0,35,8
4,350,21.000000,0.000000,0,0,77183279,994,0,994,-151,0,35,8
4,350,21.000000,0.000000,0,0,77183282,996,0,996,-153,0,35,8
4,350,21.000000,0.000000,0,0,77183285,998,0,998,-155,0,35,8
4,350,21.000000,0.000000,0,0,77183288,999,0,999,-157,0,35,8
4,350,21.000000,0.000000,0,0,77183290,1002,0,1002,-157,0,35,8
4,350,21.000000,0.000000,0,0,77183293,1004,0,1004,-158,0,35,8
4,350,21.000000,0.000000,0,0,77183296,1008,0,1008,-161,0,35,8
4,350,21.000000,0.000000,0,0,77183298,1010,0,1010,-162,0,35,8
4,350,21.000000,0.000000,0,0,77183301,1012,0,1012,-163,0,35,8
4,350,21.000000,0.000000,0,0,77183304,1015,0,1015,-165,0,35,8
4,350,21.000000,0.000000,0,0,77183307,1018,0,1018,-167,0,35,8
4,350,21.000000,0.000000,0,0,77183310,1019,0,1019,-167,0,35,8
4,350,21.000000,0.000000,0,0,77183312,1019,0,1019,-168,0,35,8
4,350,21.000000,0.000000,0,0,77183315,1019,0,1019,-169,0,35,8
4,350,21.000000,0.000000,0,0,77183318,1020,0,1020,-169,0,35,8
4,350,21.000000,0.000000,0,0,77183321,1021,0,1021,-169,0,35,8
4,350,21.000000,0.000000,0,0,77183323,1023,0,1023,-171,0,35,8
4,350,21.000000,0.000000,0,0,77183326,1023,0,1023,-172,0,35,8
4,350,21.000000,0.000000,0,0,77183329,1024,0,1024,-172,0,35,8
4,350,21.000000,0.000000,0,0,77183332,1025,0,1025,-172,0,35,8
4,350,21.000000,0.000000,0,0,77183335,1026,0,1026,-172,0,35,8
4,350,21.000000,0.000000,0,0,77183337,1028,0,1028,-173,0,35,8
4,350,21.000000,0.000000,0,0,77183340,1029,0,1029,-173,0,35,8
4,350,21.000000,0.000000,0,0,77183343,1030,0,1030,-173,0,35,8
4,350,21.000000,0.000000,0,0,77183346,1030,0,1030,-173,0,35,8
4,350,21.000000,0.000000,0,0,77183348,1031,0,1031,-173,0,35,8
4,350,21.000000,0.000000,0,0,77183351,1032,0,1032,-173,0,35,8
4,350,21.000000,0.000000,0,0,77183354,1033,0,1033,-174,0,35,8
4,350,21.000000,0.000000,0,0,77183357,1035,0,1035,-174,0,35,8
4,350,21.000000,0.000000,0,0,77183360,1035,0,1035,-175,0,35,8
4,350,21.000000,0.000000,0,0,77183363,1035,0,1035,-176,0,35,8
4,350,21.000000,0.000000,0,0,77183365,1036,0,1036,-177,0,35,8
4,350,21.000000,0.000000,0,0,77183368,1036,0,1036,-178,0,35,8
4,350,21.000000,0.000000,0,0,77183371,1039,0,1039,-178,0,35,8
4,350,21.000000,0.000000,0,0,77183374,1040,0,1040,-179,0,35,8
4,350,21.000000,0.000000,0,0,77183376,1041,0,1041,-180,0,35,8
4,350,21.000000,0.000000,0,0,77183379,1043,0,1043,-181,0,35,8
4,350,21.000000,0.000000,0,0,77183382,1044,0,1044,-181,0,35,8
4,350,21.000000,0.000000,0,0,77183385,1044,0,1044,-182,0,35,8
4,350,21.000000,0.000000,0,0,77183388,1046,0,1046,-183,0,35,8
4,350,21.000000,0.000000,0,0,77183390,1048,0,1048,-184,0,35,8
4,350,21.000000,0.000000,0,0,77183393,1049,0,1049,-184,0,35,8
4,350,21.000000,0.000000,0,0,77183396,1049,0,1049,-185,0,35,8
4,350,21.000000,0.000000,0,0,77183399,1049,0,1049,-186,0,35,8
4,350,21.000000,0.000000,0,0,77183402,1050,0,1050,-186,0,35,8
4,350,21.000000,0.000000,0,0,77183404,1051,0,1051,-187,0,35,8
4,350,21.000000,0.000000,0,0,77183407,1052,0,1052,-188,0,35,8
4,350,21.000000,0.000000,0,0,77183410,1054,0,1054,-189,0,35,8
4,350,21.000000,0.000000,0,0,77183413,1054,0,1054,-189,0,35,8
4,350,21.000000,0.000000,0,0,77183415,1054,0,1054,-191,0,35,8
4,350,21.000000,0.000000,0,0,77183418,1054,0,1054,-193,0,35,8
4,350,21.000000,0.000000,0,0,77183421,1054,0,1054,-193,0,35,8
4,350,21.000000,0.000000,0,0,77183424,1055,0,1055,-193,0,35,8
4,350,21.000000,0.000000,0,0,77183427,1056,0,1056,-194,0,35,8
4,350,21.000000,0.000000,0,0,77183429,1057,0,1057,-195,0,35,8
4,350,21.000000,0.000000,0,0,77183432,1059,0,1059,-195,0,35,8
4,350,21.000000,0.000000,0,0,77183435,1059,0,1059,-196,0,35,8
4,350,21.000000,0.000000,0,0,77183438,1060,0,1060,-197,0,35,8
4,350,21.000000,0.000000,0,0,77183441,1060,0,1060,-198,0,35,8
4,350,21.000000,0.000000,0,0,77183443,1061,0,1061,-200,0,35,8
4,350,21.000000,0.000000,0,0,77183446,1061,0,1061,-200,0,35,8
4,350,21.000000,0.000000,0,0,77183449,1063,0,1063,-200,0,35,8
4,350,21.000000,0.000000,0,0,77183452,1064,0,1064,-201,0,35,8
4,350,21.000000,0.000000,0,0,77183454,1065,0,1065,-202,0,35,8
4,350,21.000000,0.000000,0,0,77183457,1066,0,1066,-203,0,35,8
4,350,21.000000,0.000000,0,0,77183460,1067,0,1067,-204,0,35,8
4,350,21.000000,0.000000,0,0,77183463,1068,0,1068,-204,0,35,8
4,350,21.000000,0.000000,0,0,77183466,1070,0,1070,-205,0,35,8
4,350,21.000000,0.000000,0,0,77183468,1070,0,1070,-205,0,35,8
4,350,21.000000,0.000000,0,0,77183471,1071,0,1071,-206,0,35,8
4,350,21.000000,0.000000,0,0,77183474,1071,0,1071,-207,0,35,8
4,350,21.000000,0.000000,0,0,77183477,1072,0,1072,-207,0,35,8
4,350,21.000000,0.000000,0,0,77183479,1073,0,1073,-207,0,35,8
4,350,21.000000,0.000000,0,0,77183482,1074,0,1074,-207,0,35,8
4,350,21.000000,0.000000,0,0,77183485,1074,0,1074,-208,0,35,8
4,350,21.000000,0.000000,0,0,77183488,1074,0,1074,-209,0,35,8
4,350,21.000000,0.000000,0,0,77183491,1074,0,1074,-209,0,35,8
4,350,21.000000,0.000000,0,0,77183493,1075,0,1075,-209,0,35,8
4,350,21.000000,0.000000,0,0,77183496,1076,0,1076,-209,0,35,8
4,350,21.000000,0.000000,0,0,77183499,1077,0,1077,-209,0,35,8
4,350,21.000000,0.000000,0,0,77183502,1077,0,1077,-209,0,35,8
4,350,21.000000,0.000000,0,0,77183504,1077,0,1077,-209,0,35,8
4,350,21.000000,0.000000,0,0,77183507,1077,0,1077,-209,0,35,8
4,350,21.000000,0.000000,0,0,77183510,1077,0,1077,-209,0,35,8
4,350,21.000000,0.000000,0,0,77183513,1077,0,1077,-209,0,35,8
4,350,21.000000,0.000000,0,0,77183516,1077,0,1077,-210,0,35,8
4,350,21.000000,0.000000,0,0,77183518,1078,0,1078,-210,0,35,8
4,350,21.000000,0.000000,0,0,77183521,1079,0,1079,-210,0,35,8
4,350,21.000000,0.000000,0,0,77183524,1080,0,1080,-210,0,35,8
4,350,21.000000,0.000000,0,0,77183527,1080,0,1080,-211,0,35,8
4,350,21.000000,0.000000,0,0,77183529,1082,0,1082,-212,0,35,8
4,350,21.000000,0.000000,0,0,77183532,1084,0,1084,-213,0,35,8
4,350,21.000000,0.000000,0,0,77183535,1084,0,1084,-213,0,35,8
4,350,21.000000,0.000000,0,0,77183538,1084,0,1084,-214,0,35,8
4,350,21.000000,0.000000,0,0,77183541,1084,0,1084,-215,0,35,8
4,350,21.000000,0.000000,0,0,77183543,1085,0,1085,-215,0,35,8
4,350,21.000000,0.000000,0,0,77183546,1085,0,1085,-216,0,35,8
4,350,21.000000,0.000000,0,0,77183549,1086,0,1086,-216,0,35,8
4,350,21.000000,0.000000,0,0,77183552,1087,0,1087,-216,0,35,8
4,350,21.000000,0.000000,0,0,77183555,1088,0,1088,-217,0,35,8
4,350,21.000000,0.000000,0,0,77183557,1089,0,1089,-217,0,35,8
4,350,21.000000,0.000000,0,0,77183560,1090,0,1090,-218,0,35,8
4,350,21.000000,0.000000,0,0,77183563,1091,0,1091,-219,0,35,8
4,350,21.000000,0.000000,0,0,77183566,1093,0,1093,-220,0,35,8
4,350,21.000000,0.000000,0,0,77183568,1095,0,1095,-221,0,35,8
4,350,21.000000,0.000000,0,0,77183571,1096,0,1096,-221,0,35,8
4,350,21.000000,0.000000,0,0,77183574,1097,0,1097,-221,0,35,8
4,350,21.000000,0.000000,0,0,77183576,1098,0,1098,-222,0,35,8
4,350,21.000000,0.000000,0,0,77183579,1099,0,1099,-222,0,35,8
4,350,21.000000,0.000000,0,0,77183582,1100,0,1100,-222,0,35,8
4,350,21.000000,0.000000,0,0,77183585,1101,0,1101,-223,0,35,8
4,350,21.000000,0.000000,0,0,77183588,1101,0,1101,-224,0,35,8
4,350,21.000000,0.000000,0,0,77183591,1103,0,1103,-224,0,35,8
4,350,21.000000,0.000000,0,0,77183593,1105,0,1105,-224,0,35,8
4,350,21.000000,0.000000,0,0,77183596,1105,0,1105,-224,0,35,8
4,350,21.000000,0.000000,0,0,77183599,1106,0,1106,-225,0,35,8
4,350,21.000000,0.000000,0,0,77183602,1107,0,1107,-226,0,35,8
4,350,21.000000,0.000000,0,0,77183605,1108,0,1108,-226,0,35,8
4,350,21.000000,0.000000,0,0,77183608,1109,0,1109,-227,0,35,8
4,350,21.000000,0.000000,0,0,77183611,1109,0,1109,-227,0,35,8
4,350,21.000000,0.000000,0,0,77183613,1110,0,1110,-227,0,35,8
4,350,21.000000,0.000000,0,0,77183616,1110,0,1110,-228,0,35,8
4,350,21.000000,0.000000,0,0,77183619,1110,0,1110,-229,0,35,8
4,350,21.000000,0.000000,0,0,77183621,1111,0,1111,-229,0,35,8
4,350,21.000000,0.000000,0,0,77183624,1112,0,1112,-229,0,35,8
4,350,21.000000,0.000000,0,0,77183627,1113,0,1113,-229,0,35,8
4,350,21.000000,0.000000,0,0,77183629,1114,0,1114,-229,0,35,8
4,350,21.000000,0.000000,0,0,77183632,1115,0,1115,-229,0,35,8
4,350,21.000000,0.000000,0,0,77183635,1116,0,1116,-230,0,35,8
4,350,21.000000,0.000000,0,0,77183638,1116,0,1116,-231,0,35,8
4,350,21.000000,0.000000,0,0,77183641,1116,0,1116,-232,0,35,8
4,350,21.000000,0.000000,0,0,77183643,1116,0,1116,-233,0,35,8
4,350,21.000000,0.000000,0,0,77183646,1118,0,1118,-233,0,35,8
4,350,21.000000,0.000000,0,0,77183649,1118,0,1118,-234,0,35,8
4,350,21.000000,0.000000,0,0,77183652,1119,0,1119,-234,0,35,8
4,350,21.000000,0.000000,0,0,77183654,1120,0,1120,-234,0,35,8
4,350,21.000000,0.000000,0,0,77183657,1120,0,1120,-235,0,35,8
4,350,21.000000,0.000000,0,0,77183660,1121,0,1121,-235,0,35,8
4,350,21.000000,0.000000,0,0,77183663,1121,0,1121,-236,0,35,8
4,350,21.000000,0.000000,0,0,77183665,1121,0,1121,-237,0,35,8
4,350,21.000000,0.000000,0,0,77183668,1123,0,1123,-237,0,35,8
4,350,21.000000,0.000000,0,0,77183671,1123,0,1123,-238,0,35,8
4,350,21.000000,0.000000,0,0,77183674,1125,0,1125,-239,0,35,8
4,350,21.000000,0.000000,0,0,77183677,1126,0,1126,-239,0,35,8
4,350,21.000000,0.000000,0,0,77183679,1127,0,1127,-239,0,35,8
4,350,21.000000,0.000000,0,0,77183682,1129,0,1129,-241,0,35,8
4,350,21.000000,0.000000,0,0,77183685,1131,0,1131,-243,0,35,8
4,350,21.000000,0.000000,0,0,77183688,1132,0,1132,-243,0,35,8
4,350,21.000000,0.000000,0,0,77183690,1133,0,1133,-243,0,35,8
4,350,21.000000,0.000000,0,0,77183693,1134,0,1134,-245,0,35,8
4,350,21.000000,0.000000,0,0,77183696,1135,0,1135,-247,0,35,8
4,350,21.000000,0.000000,0,0,77183699,1135,0,1135,-247,0,35,8
4,350,21.000000,0.000000,0,0,77183702,1136,0,1136,-247,0,35,8
4,350,21.000000,0.000000,0,0,77183705,1136,0,1136,-248,0,35,8
4,350,21.000000,0.000000,0,0,77183707,1136,0,1136,-249,0,35,8
4,350,21.000000,0.000000,0,0,77183710,1136,0,1136,-249,0,35,8
4,350,21.000000,0.000000,0,0,77183712,1136,0,1136,-249,0,35,8
4,350,21.000000,0.000000,0,0,77183715,1136,0,1136,-249,0,35,8
4,350,21.000000,0.000000,0,0,77183718,1136,0,1136,-249,0,35,8
4,350,21.000000,0.000000,0,0,77183721,1136,0,1136,-249,0,35,8
4,350,21.000000,0.000000,0,0,77183724,1136,0,1136,-249,0,35,8
4,350,21.000000,0.000000,0,0,77183726,1136,0,1136,-249,0,35,8
4,350,21.000000,0.000000,0,0,77183729,1136,0,1136,-249,0,35,8
4,350,21.000000,0.000000,0,0,77183732,1136,0,1136,-249,0,35,8
4,350,21.000000,0.000000,0,0,77183735,1136,0,1136,-249,0,35,8
4,350,21.000000,0.000000,0,0,77183738,1136,0,1136,-249,0,35,8
4,350,21.000000,0.000000,0,0,77183740,1136,0,1136,-249,0,35,8
4,350,21.000000,0.000000,0,0,77183743,1136,0,1136,-249,0,35,8
4,350,21.000000,0.000000,0,0,77183746,1136,0,1136,-249,0,35,8
4,350,21.000000,0.000000,0,0,77183749,1136,0,1136,-249,0,35,8
4,350,21.000000,0.000000,0,0,77183751,1136,0,1136,-249,0,35,8
4,350,21.000000,0.000000,0,0,77183754,1136,0,1136,-249,0,35,8
4,350,21.000000,0.000000,0,0,77183757,1136,0,1136,-249,0,35,8
4,350,21.000000,0.000000,0,0,77183760,1136,0,1136,-249,0,35,8
4,350,21.000000,0.000000,0,0,77183763,1136,0,1136,-249,0,35,8
4,350,21.000000,0.000000,0,0,77183765,1136,0,1136,-249,0,35,8
4,350,21.000000,0.000000,0,0,77183768,1136,0,1136,-249,0,35,8
4,350,21.000000,0.000000,0,0,77183771,1136,0,1136,-249,0,35,8
4,350,21.000000,0.000000,0,0,77183774,1136,0,1136,-249,0,35,8
4,350,21.000000,0.000000,0,0,77183776,1136,0,1136,-249,0,35,8
4,350,21.000000,0.000000,0,0,77183779,1136,0,1136,-249,0,35,8
4,350,21.000000,0.000000,0,0,77183782,1136,0,1136,-249,0,35,8
4,350,21.000000,0.000000,0,0,77183785,1136,0,1136,-249,0,35,8
4,350,21.000000,0.000000,0,0,77183788,1136,0,1136,-249,0,35,8
4,350,21.000000,0.000000,0,0,77183790,1136,0,1136,-249,0,35,8
4,350,21.000000,0.000000,0,0,77183793,1136,0,1136,-249,0,35,8
4,350,21.000000,0.000000,0,0,77183796,1136,0,1136,-249,0,35,8
4,350,21.000000,0.000000,0,0,77183799,1136,0,1136,-249,0,35,8
4,350,21.000000,0.000000,0,0,77183802,1136,0,1136,-249,0,35,8
4,350,21.000000,0.000000,0,0,77183804,1136,0,1136,-249,0,35,8
4,350,21.000000,0.000000,0,0,77183807,1136,0,1136,-249,0,35,8
4,350,21.000000,0.000000,0,0,77183810,1136,0,1136,-249,0,35,8
4,350,21.000000,0.000000,0,0,77183813,1136,0,1136,-249,0,35,8
4,350,21.000000,0.000000,0,0,77183815,1136,0,1136,-249,0,35,8
4,350,21.000000,0.000000,0,0,77183818,1136,0,1136,-249,0,35,8
4,350,21.000000,0.000000,0,0,77183821,1136,0,1136,-249,0,35,8
4,350,21.000000,0.000000,0,0,77183824,1136,0,1136,-249,0,35,8
4,350,21.000000,0.000000,0,0,77183827,1136,0,1136,-249,0,35,8
4,350,21.000000,0.000000,0,0,77183829,1136,0,1136,-249,0,35,8
4,350,21.000000,0.000000,0,0,77183832,1136,0,1136,-249,0,35,8
4,350,21.000000,0.000000,0,0,77183835,1136,0,1136,-249,0,35,8
4,350,21.000000,0.000000,0,0,77183838,1136,0,1136,-249,0,35,8
4,350,21.000000,0.000000,0,0,77183840,1136,0,1136,-249,0,35,8
4,350,21.000000,0.000000,0,0,77183843,1136,0,1136,-249,0,35,8
4,350,21.000000,0.000000,0,0,77183846,1136,0,1136,-249,0,35,8
4,350,21.000000,0.000000,0,0,77183849,1136,0,1136,-249,0,35,8
4,350,21.000000,0.000000,0,0,77183852,1136,0,1136,-249,0,35,8
4,350,21.000000,0.000000,0,0,77183854,1136,0,1136,-249,0,35,8
4,350,21.000000,0.000000,0,0,77183857,1136,0,1136,-249,0,35,8
4,350,21.000000,0.000000,0,0,77183860,1136,0,1136,-249,0,35,8
4,350,21.000000,0.000000,0,0,77183863,1136,0,1136,-249,0,35,8
4,350,21.000000,0.000000,0,0,77183865,1136,0,1136,-249,0,35,8
4,350,21.000000,0.000000,0,0,77183868,1136,0,1136,-249,0,35,8
4,350,21.000000,0.000000,0,0,77183871,1136,0,1136,-249,0,35,8
4,350,21.000000,0.000000,0,0,77183874,1136,0,1136,-249,0,35,8
4,350,21.000000,0.000000,0,0,77183877,1136,0,1136,-249,0,35,8
4,350,21.000000,0.000000,0,0,77183879,1136,0,1136,-249,0,35,8
4,350,21.000000,0.000000,0,0,77183882,1136,0,1136,-249,0,35,8
4,350,21.000000,0.000000,0,0,77183885,1136,0,1136,-249,0,35,8
4,350,21.000000,0.000000,0,0,77183888,1135,0,1135,-249,0,35,8
4,350,21.000000,0.000000,0,0,77183890,1135,0,1135,-249,0,35,8
4,350,21.000000,0.000000,0,0,77183893,1135,0,1135,-249,0,35,8
4,350,21.000000,0.000000,0,0,77183896,1135,0,1135,-249,0,35,8
4,350,21.000000,0.000000,0,0,77183899,1135,0,1135,-249,0,35,8
4,350,21.000000,0.000000,0,0,77183902,1135,0,1135,-249,0,35,8
4,350,21.000000,0.000000,0,0,77183904,1135,0,1135,-249,0,35,8
4,350,21.000000,0.000000,0,0,77183907,1135,0,1135,-249,0,35,8
4,350,21.000000,0.000000,0,0,77183910,1135,0,1135,-249,0,35,8
4,350,21.000000,0.000000,0,0,77183913,1135,0,1135,-249,0,35,8
4,350,21.000000,0.000000,0,0,77183915,1135,0,1135,-249,0,35,8
4,350,21.000000,0.000000,0,0,77183918,1135,0,1135,-249,0,35,8
4,350,21.000000,0.000000,0,0,77183921,1135,0,1135,-249,0,35,8
4,350,21.000000,0.000000,0,0,77183924,1135,0,1135,-249,0,35,8
4,350,21.000000,0.000000,0,0,77183937,1135,0,1135,-249,0,35,8
