4,350,21.000000,10000.000000,0,0,77281720,788,0,788,0,0,39,7
4,350,21.000000,10000.000000,0,0,77281721,788,0,788,0,0,39,7
4,350,21.000000,10000.000000,0,0,77281724,788,0,788,0,0,39,7
4,350,21.000000,10000.000000,0,0,77281726,788,0,788,0,0,39,7
4,350,21.000000,10000.000000,0,0,77281729,788,0,788,0,0,39,7
4,350,21.000000,10000.000000,0,0,77281732,788,0,788,0,0,39,7
4,350,21.000000,10000.000000,0,0,77281735,788,0,788,0,0,39,7
4,350,21.000000,10000.000000,0,0,77281737,788,0,788,0,0,39,7
4,350,21.000000,10000.000000,0,0,77281740,788,0,788,0,0,39,7
4,350,21.000000,10000.000000,0,0,77281743,788,0,788,0,0,39,7
4,350,21.000000,10000.000000,0,0,77281746,788,0,788,0,0,39,7
4,350,21.000000,10000.000000,0,0,77281748,788,0,788,0,0,39,7
4,350,21.000000,10000.000000,0,0,77281751,788,0,788,0,0,39,7
4,350,21.000000,10000.000000,0,0,77281754,788,0,788,0,0,39,7
4,350,21.000000,10000.000000,0,0,77281757,788,0,788,0,0,39,7
4,350,21.000000,10000.000000,0,0,77281760,788,0,788,0,0,39,7
4,350,21.000000,10000.000000,0,0,77281762,788,0,788,0,0,39,7
4,350,21.000000,10000.000000,0,0,77281765,788,0,788,0,0,39,7
4,350,21.000000,10000.000000,0,0,77281768,788,0,788,0,0,39,7
4,350,21.000000,10000.000000,0,0,77281771,788,0,788,0,0,39,7
4,350,21.000000,10000.000000,0,0,77281774,788,0,788,0,0,39,7
4,350,21.000000,10000.000000,0,0,77281776,788,0,788,0,0,39,7
4,350,21.000000,10000.000000,0,0,77281779,788,0,788,0,0,39,7
4,350,21.000000,10000.000000,0,0,77281782,788,0,788,0,0,39,7
4,350,21.000000,10000.000000,0,0,77281785,788,0,788,0,0,39,7
4,350,21.000000,10000.000000,0,0,77281787,788,0,788,0,0,39,7
4,350,21.000000,10000.000000,0,0,77281790,788,0,788,0,0,39,7
4,350,21.000000,10000.000000,0,0,77281793,788,0,788,0,0,39,7
4,350,21.000000,10000.000000,0,0,77281796,788,0,788,0,0,39,7
4,350,21.000000,10000.000000,0,0,77281799,788,0,788,0,0,39,7
4,350,21.000000,10000.000000,0,0,77281801,788,0,788,0,0,39,7
4,350,21.000000,10000.000000,0,0,77281804,788,0,788,0,0,39,7
4,350,21.000000,10000.000000,0,0,77281807,788,0,788,0,0,39,7
4,350,21.000000,10000.000000,0,0,77281810,788,0,788,0,0,39,7
4,350,21.000000,10000.000000,0,0,77281812,788,0,788,0,0,39,7
4,350,21.000000,10000.000000,0,0,77281815,788,0,788,0,0,39,7
4,350,21.000000,10000.000000,0,0,77281818,788,0,788,-1,0,39,7
4,350,21.000000,10000.000000,0,0,77281821,788,0,788,-2,0,39,7
4,350,21.000000,10000.000000,0,0,77281824,789,0,789,-3,0,39,7
4,350,21.000000,10000.000000,0,0,77281826,790,0,790,-4,0,39,7
4,350,21.000000,10000.000000,0,0,77281829,790,0,790,-5,0,39,7
4,350,21.000000,10000.000000,0,0,77281832,790,0,790,-6,0,39,7
4,350,21.000000,10000.000000,0,0,77281835,790,0,790,-7,0,39,7
4,350,21.000000,10000.000000,0,0,77281837,790,0,790,-8,0,39,7
4,350,21.000000,10000.000000,0,0,77281840,790,0,790,-9,0,39,7
4,350,21.000000,10000.000000,0,0,77281843,791,0,791,-10,0,39,7
4,350,21.000000,10000.000000,0,0,77281846,792,0,792,-11,0,39,7
4,350,21.000000,10000.000000,0,0,77281849,793,0,793,-11,0,39,7
4,350,21.000000,10000.000000,0,0,77281851,794,0,794,-11,0,39,7
4,350,21.000000,10000.000000,0,0,77281854,794,0,794,-12,0,39,7
4,350,21.000000,10000.000000,0,0,77281857,795,0,795,-12,0,39,7
4,350,21.000000,10000.000000,0,0,77281860,795,0,795,-14,0,39,7
4,350,21.000000,10000.000000,0,0,77281862,797,0,797,-15,0,39,7
4,350,21.000000,10000.000000,0,0,77281865,799,0,799,-18,0,39,7
4,350,21.000000,10000.000000,0,0,77281868,800,0,800,-18,0,39,7
4,350,21.000000,10000.000000,0,0,77281871,802,0,802,-19,0,39,7
4,350,21.000000,10000.000000,0,0,77281874,803,0,803,-21,0,39,7
4,350,21.000000,10000.000000,0,0,77281877,805,0,805,-21,0,39,7
4,350,21.000000,10000.000000,0,0,77281879,808,0,808,-22,0,39,7
4,350,21.000000,10000.000000,0,0,77281882,809,0,809,-23,0,39,7
4,350,21.000000,10000.000000,0,0,77281885,810,0,810,-24,0,39,7
4,350,21.000000,10000.000000,0,0,77281887,812,0,812,-25,0,39,7
4,350,21.000000,10000.000000,0,0,77281890,813,0,813,-27,0,39,7
4,350,21.000000,10000.000000,0,0,77281893,817,0,817,-28,0,39,7
4,350,21.000000,10000.000000,0,0,77281896,818,0,818,-30,0,39,7
4,350,21.000000,10000.000000,0,0,77281899,820,0,820,-32,0,39,7
4,350,21.000000,10000.000000,0,0,77281901,824,0,824,-33,0,39,7
4,350,21.000000,10000.000000,0,0,77281904,826,0,826,-34,0,39,7
4,350,21.000000,10000.000000,0,0,77281907,829,0,829,-36,0,39,7
4,350,21.000000,10000.000000,0,0,77281910,831,0,831,-37,0,39,7
4,350,21.000000,10000.000000,0,0,77281913,835,0,835,-39,0,39,7
4,350,21.000000,10000.000000,0,0,77281915,837,0,837,-41,0,39,7
4,350,21.000000,10000.000000,0,0,77281918,840,0,840,-42,0,39,7
4,350,21.000000,10000.000000,0,0,77281921,843,0,843,-44,0,39,7
4,350,21.000000,10000.000000,0,0,77281924,845,0,845,-46,0,39,7
4,350,21.000000,10000.000000,0,0,77281926,849,0,849,-47,0,39,7
4,350,21.000000,10000.000000,0,0,77281929,852,0,852,-49,0,39,7
4,350,21.000000,10000.000000,0,0,77281932,857,0,857,-51,0,39,7
4,350,21.000000,10000.000000,0,0,77281935,861,0,861,-54,0,39,7
4,350,21.000000,10000.000000,0,0,77281938,868,0,868,-55,0,39,7
4,350,21.000000,10000.000000,0,0,77281940,870,0,870,-57,0,39,7
4,350,21.000000,10000.000000,0,0,77281943,879,0,879,-61,0,39,7
4,350,21.000000,10000.000000,0,0,77281946,883,0,883,-63,0,39,7
4,350,21.000000,10000.000000,0,0,77281949,888,0,888,-64,0,39,7
4,350,21.000000,10000.000000,0,0,77281951,893,0,893,-66,0,39,7
4,350,21.000000,10000.000000,0,0,77281954,899,0,899,-67,0,39,7
4,350,21.000000,10000.000000,0,0,77281957,903,0,903,-69,0,39,7
4,350,21.000000,10000.000000,0,0,77281960,910,0,910,-71,0,39,7
4,350,21.000000,10000.000000,0,0,77281963,917,0,917,-74,0,39,7
4,350,21.000000,10000.000000,0,0,77281965,924,0,924,-76,0,39,7
4,350,21.000000,10000.000000,0,0,77281968,929,0,929,-78,0,39,7
4,350,21.000000,10000.000000,0,0,77281971,933,0,933,-79,0,39,7
4,350,21.000000,10000.000000,0,0,77281974,937,0,937,-81,0,39,7
4,350,21.000000,10000.000000,0,0,77281976,942,0,942,-83,0,39,7
4,350,21.000000,10000.000000,0,0,77281979,947,0,947,-86,0,39,7
4,350,21.000000,10000.000000,0,0,77281982,951,0,951,-88,0,39,7
4,350,21.000000,10000.000000,0,0,77281985,958,0,958,-89,0,39,7
4,350,21.000000,10000.000000,0,0,77281987,962,0,962,-90,0,39,7
4,350,21.000000,10000.000000,0,0,77281990,966,0,966,-93,0,39,7
4,350,21.000000,10000.000000,0,0,77281993,971,0,971,-94,0,39,7
4,350,21.000000,10000.000000,0,0,77281996,975,0,975,-96,0,39,7
4,350,21.000000,10000.000000,0,0,77281999,982,0,982,-98,0,39,7
4,350,21.000000,10000.000000,0,0,77282001,986,0,986,-98,0,39,7
4,350,21.000000,10000.000000,0,0,77282004,992,0,992,-100,0,39,7
4,350,21.000000,10000.000000,0,0,77282007,996,0,996,-101,0,39,7
4,350,21.000000,10000.000000,0,0,77282010,1001,0,1001,-103,0,39,7
4,350,21.000000,10000.000000,0,0,77282012,1008,0,1008,-105,0,39,7
4,350,21.000000,10000.000000,0,0,77282015,1012,0,1012,-105,0,39,7
4,350,21.000000,10000.000000,0,0,77282018,1016,0,1016,-107,0,39,7
4,350,21.000000,10000.000000,0,0,77282021,1021,0,1021,-108,0,39,7
4,350,21.000000,10000.000000,0,0,77282024,1027,0,1027,-110,0,39,7
4,350,21.000000,10000.000000,0,0,77282026,1031,0,1031,-111,0,39,7
4,350,21.000000,10000.000000,0,0,77282029,1034,0,1034,-111,0,39,7
4,350,21.000000,10000.000000,0,0,77282032,1038,0,1038,-113,0,39,7
4,350,21.000000,10000.000000,0,0,77282035,1042,0,1042,-113,0,39,7
4,350,21.000000,10000.000000,0,0,77282037,1044,0,1044,-115,0,39,7
4,350,21.000000,10000.000000,0,0,77282040,1049,0,1049,-115,0,39,7
4,350,21.000000,10000.000000,0,0,77282043,1051,0,1051,-117,0,39,7
4,350,21.000000,10000.000000,0,0,77282046,1054,0,1054,-117,0,39,7
4,350,21.000000,10000.000000,0,0,77282049,1058,0,1058,-118,0,39,7
4,350,21.000000,10000.000000,0,0,77282051,1060,0,1060,-120,0,39,7
4,350,21.000000,10000.000000,0,0,77282054,1065,0,1065,-121,0,39,7
4,350,21.000000,10000.000000,0,0,77282057,1067,0,1067,-121,0,39,7
4,350,21.000000,10000.000000,0,0,77282060,1070,0,1070,-123,0,39,7
4,350,21.000000,10000.000000,0,0,77282063,1073,0,1073,-124,0,39,7
4,350,21.000000,10000.000000,0,0,77282065,1075,0,1075,-124,0,39,7
4,350,21.000000,10000.000000,0,0,77282068,1077,0,1077,-124,0,39,7
4,350,21.000000,10000.000000,0,0,77282071,1078,0,1078,-125,0,39,7
4,350,21.000000,10000.000000,0,0,77282074,1080,0,1080,-125,0,39,7
4,350,21.000000,10000.000000,0,0,77282076,1081,0,1081,-127,0,39,7
4,350,21.000000,10000.000000,0,0,77282079,1082,0,1082,-127,0,39,7
4,350,21.000000,10000.000000,0,0,77282082,1083,0,1083,-127,0,39,7
4,350,21.000000,10000.000000,0,0,77282085,1084,0,1084,-127,0,39,7
4,350,21.000000,10000.000000,0,0,77282087,1084,0,1084,-128,0,39,7
4,350,21.000000,10000.000000,0,0,77282090,1085,0,1085,-128,0,39,7
4,350,21.000000,10000.000000,0,0,77282093,1086,0,1086,-128,0,39,7
4,350,21.000000,10000.000000,0,0,77282096,1087,0,1087,-128,0,39,7
4,350,21.000000,10000.000000,0,0,77282099,1087,0,1087,-129,0,39,7
4,350,21.000000,10000.000000,0,0,77282102,1087,0,1087,-131,0,39,7
4,350,21.000000,10000.000000,0,0,77282104,1087,0,1087,-131,0,39,7
4,350,21.000000,10000.000000,0,0,77282107,1087,0,1087,-131,0,39,7
4,350,21.000000,10000.000000,0,0,77282110,1088,0,1088,-131,0,39,7
4,350,21.000000,10000.000000,0,0,77282113,1088,0,1088,-131,0,39,7
4,350,21.000000,10000.000000,0,0,77282115,1088,0,1088,-131,0,39,7
4,350,21.000000,10000.000000,0,0,77282118,1088,0,1088,-131,0,39,7
4,350,21.000000,10000.000000,0,0,77282121,1088,0,1088,-131,0,39,7
4,350,21.000000,10000.000000,0,0,77282124,1088,0,1088,-131,0,39,7
4,350,21.000000,10000.000000,0,0,77282127,1088,0,1088,-131,0,39,7
4,350,21.000000,10000.000000,0,0,77282129,1088,0,1088,-131,0,39,7
4,350,21.000000,10000.000000,0,0,77282132,1088,0,1088,-131,0,39,7
4,350,21.000000,10000.000000,0,0,77282135,1088,0,1088,-131,0,39,7
4,350,21.000000,10000.000000,0,0,77282138,1088,0,1088,-131,0,39,7
4,350,21.000000,10000.000000,0,0,77282141,1088,0,1088,-131,0,39,7
4,350,21.000000,10000.000000,0,0,77282143,1088,0,1088,-131,0,39,7
4,350,21.000000,10000.000000,0,0,77282146,1088,0,1088,-131,0,39,7
4,350,21.000000,10000.000000,0,0,77282149,1088,0,1088,-131,0,39,7
4,350,21.000000,10000.000000,0,0,77282152,1088,0,1088,-131,0,39,7
4,350,21.000000,10000.000000,0,0,77282154,1088,0,1088,-131,0,39,7
4,350,21.000000,10000.000000,0,0,77282157,1088,0,1088,-131,0,39,7
4,350,21.000000,10000.000000,0,0,77282160,1088,0,1088,-131,0,39,7
4,350,21.000000,10000.000000,0,0,77282163,1088,0,1088,-131,0,39,7
4,350,21.000000,10000.000000,0,0,77282166,1088,0,1088,-131,0,39,7
4,350,21.000000,10000.000000,0,0,77282168,1088,0,1088,-131,0,39,7
4,350,21.000000,10000.000000,0,0,77282171,1088,0,1088,-131,0,39,7
4,350,21.000000,10000.000000,0,0,77282174,1088,0,1088,-131,0,39,7
4,350,21.000000,10000.000000,0,0,77282177,1088,0,1088,-131,0,39,7
4,350,21.000000,10000.000000,0,0,77282179,1088,0,1088,-131,0,39,7
4,350,21.000000,10000.000000,0,0,77282182,1088,0,1088,-131,0,39,7
4,350,21.000000,10000.000000,0,0,77282185,1088,0,1088,-131,0,39,7
4,350,21.000000,10000.000000,0,0,77282188,1088,0,1088,-131,0,39,7
4,350,21.000000,10000.000000,0,0,77282191,1088,0,1088,-131,0,39,7
4,350,21.000000,10000.000000,0,0,77282193,1088,0,1088,-131,0,39,7
4,350,21.000000,10000.000000,0,0,77282196,1088,0,1088,-131,0,39,7
4,350,21.000000,10000.000000,0,0,77282199,1088,0,1088,-131,0,39,7
4,350,21.000000,10000.000000,0,0,77282202,1088,0,1088,-131,0,39,7
4,350,21.000000,10000.000000,0,0,77282205,1088,0,1088,-131,0,39,7
4,350,21.000000,10000.000000,0,0,77282207,1088,0,1088,-131,0,39,7
4,350,21.000000,10000.000000,0,0,77282210,1088,0,1088,-131,0,39,7
4,350,21.000000,10000.000000,0,0,77282213,1088,0,1088,-131,0,39,7
4,350,21.000000,10000.000000,0,0,77282216,1088,0,1088,-131,0,39,7
4,350,21.000000,10000.000000,0,0,77282218,1088,0,1088,-131,0,39,7
4,350,21.000000,10000.000000,0,0,77282221,1088,0,1088,-131,0,39,7
4,350,21.000000,10000.000000,0,0,77282224,1088,0,1088,-131,0,39,7
4,350,21.000000,10000.000000,0,0,77282227,1088,0,1088,-131,0,39,7
4,350,21.000000,10000.000000,0,0,77282229,1088,0,1088,-131,0,39,7
4,350,21.000000,10000.000000,0,0,77282232,1088,0,1088,-131,0,39,7
4,350,21.000000,10000.000000,0,0,77282235,1088,0,1088,-131,0,39,7
4,350,21.000000,10000.000000,0,0,77282238,1088,0,1088,-131,0,39,7
4,350,21.000000,10000.000000,0,0,77282241,1088,0,1088,-131,0,39,7
4,350,21.000000,10000.000000,0,0,77282243,1088,0,1088,-131,0,39,7
4,350,21.000000,10000.000000,0,0,77282246,1088,0,1088,-131,0,39,7
4,350,21.000000,10000.000000,0,0,77282249,1088,0,1088,-131,0,39,7
4,350,21.000000,10000.000000,0,0,77282252,1088,0,1088,-131,0,39,7
4,350,21.000000,10000.000000,0,0,77282255,1088,0,1088,-131,0,39,7
4,350,21.000000,10000.000000,0,0,77282257,1088,0,1088,-131,0,39,7
4,350,21.000000,10000.000000,0,0,77282260,1088,0,1088,-131,0,39,7
4,350,21.000000,10000.000000,0,0,77282263,1088,0,1088,-131,0,39,7
4,350,21.000000,10000.000000,0,0,77282266,1088,0,1088,-131,0,39,7
4,350,21.000000,10000.000000,0,0,77282268,1088,0,1088,-131,0,39,7
4,350,21.000000,10000.000000,0,0,77282271,1088,0,1088,-131,0,39,7
4,350,21.000000,10000.000000,0,0,77282274,1088,0,1088,-131,0,39,7
4,350,21.000000,10000.000000,0,0,77282277,1088,0,1088,-132,0,39,7
4,350,21.000000,10000.000000,0,0,77282279,1089,0,1089,-132,0,39,7
4,350,21.000000,10000.000000,0,0,77282282,1090,0,1090,-132,0,39,7
4,350,21.000000,10000.000000,0,0,77282285,1091,0,1091,-132,0,39,7
4,350,21.000000,10000.000000,0,0,77282288,1092,0,1092,-133,0,39,7
4,350,21.000000,10000.000000,0,0,77282290,1093,0,1093,-133,0,39,7
4,350,21.000000,10000.000000,0,0,77282293,1094,0,1094,-133,0,39,7
4,350,21.000000,10000.000000,0,0,77282296,1095,0,1095,-135,0,39,7
4,350,21.000000,10000.000000,0,0,77282299,1096,0,1096,-135,0,39,7
4,350,21.000000,10000.000000,0,0,77282301,1097,0,1097,-135,0,39,7
4,350,21.000000,10000.000000,0,0,77282304,1098,0,1098,-135,0,39,7
4,350,21.000000,10000.000000,0,0,77282307,1099,0,1099,-135,0,39,7
4,350,21.000000,10000.000000,0,0,77282310,1100,0,1100,-135,0,39,7
4,350,21.000000,10000.000000,0,0,77282313,1102,0,1102,-135,0,39,7
4,350,21.000000,10000.000000,0,0,77282315,1103,0,1103,-136,0,39,7
4,350,21.000000,10000.000000,0,0,77282318,1104,0,1104,-136,0,39,7
4,350,21.000000,10000.000000,0,0,77282321,1108,0,1108,-137,0,39,7
4,350,21.000000,10000.000000,0,0,77282324,1108,0,1108,-139,0,39,7
4,350,21.000000,10000.000000,0,0,77282326,1111,0,1111,-139,0,39,7
4,350,21.000000,10000.000000,0,0,77282329,1112,0,1112,-140,0,39,7
4,350,21.000000,10000.000000,0,0,77282332,1112,0,1112,-141,0,39,7
4,350,21.000000,10000.000000,0,0,77282335,1114,0,1114,-141,0,39,7
4,350,21.000000,10000.000000,0,0,77282338,1116,0,1116,-142,0,39,7
4,350,21.000000,10000.000000,0,0,77282340,1116,0,1116,-143,0,39,7
4,350,21.000000,10000.000000,0,0,77282343,1119,0,1119,-144,0,39,7
4,350,21.000000,10000.000000,0,0,77282346,1122,0,1122,-145,0,39,7
4,350,21.000000,10000.000000,0,0,77282349,1125,0,1125,-147,0,39,7
4,350,21.000000,10000.000000,0,0,77282351,1127,0,1127,-147,0,39,7
4,350,21.000000,10000.000000,0,0,77282354,1128,0,1128,-148,0,39,7
4,350,21.000000,10000.000000,0,0,77282357,1129,0,1129,-148,0,39,7
4,350,21.000000,10000.000000,0,0,77282360,1130,0,1130,-148,0,39,7
4,350,21.000000,10000.000000,0,0,77282363,1132,0,1132,-150,0,39,7
4,350,21.000000,10000.000000,0,0,77282365,1136,0,1136,-153,0,39,7
4,350,21.000000,10000.000000,0,0,77282368,1137,0,1137,-153,0,39,7
4,350,21.000000,10000.000000,0,0,77282371,1138,0,1138,-153,0,39,7
4,350,21.000000,10000.000000,0,0,77282374,1139,0,1139,-154,0,39,7
4,350,21.000000,10000.000000,0,0,77282376,1140,0,1140,-154,0,39,7
4,350,21.000000,10000.000000,0,0,77282379,1142,0,1142,-154,0,39,7
4,350,21.000000,10000.000000,0,0,77282382,1143,0,1143,-154,0,39,7
4,350,21.000000,10000.000000,0,0,77282385,1144,0,1144,-155,0,39,7
4,350,21.000000,10000.000000,0,0,77282388,1145,0,1145,-156,0,39,7
4,350,21.000000,10000.000000,0,0,77282390,1145,0,1145,-156,0,39,7
4,350,21.000000,10000.000000,0,0,77282393,1146,0,1146,-156,0,39,7
4,350,21.000000,10000.000000,0,0,77282396,1146,0,1146,-158,0,39,7
4,350,21.000000,10000.000000,0,0,77282399,1146,0,1146,-160,0,39,7
4,350,21.000000,10000.000000,0,0,77282401,1147,0,1147,-160,0,39,7
4,350,21.000000,10000.000000,0,0,77282404,1147,0,1147,-160,0,39,7
4,350,21.000000,10000.000000,0,0,77282407,1147,0,1147,-160,0,39,7
4,350,21.000000,10000.000000,0,0,77282410,1148,0,1148,-160,0,39,7
4,350,21.000000,10000.000000,0,0,77282413,1149,0,1149,-160,0,39,7
4,350,21.000000,10000.000000,0,0,77282416,1150,0,1150,-160,0,39,7
4,350,21.000000,10000.000000,0,0,77282419,1151,0,1151,-160,0,39,7
4,350,21.000000,10000.000000,0,0,77282421,1151,0,1151,-160,0,39,7
4,350,21.000000,10000.000000,0,0,77282424,1151,0,1151,-160,0,39,7
4,350,21.000000,10000.000000,0,0,77282427,1151,0,1151,-160,0,39,7
4,350,21.000000,10000.000000,0,0,77282429,1151,0,1151,-160,0,39,7
4,350,21.000000,10000.000000,0,0,77282432,1151,0,1151,-160,0,39,7
4,350,21.000000,10000.000000,0,0,77282435,1151,0,1151,-160,0,39,7
4,350,21.000000,10000.000000,0,0,77282438,1151,0,1151,-160,0,39,7
4,350,21.000000,10000.000000,0,0,77282440,1151,0,1151,-160,0,39,7
4,350,21.000000,10000.000000,0,0,77282444,1151,0,1151,-160,0,39,7
4,350,21.000000,10000.000000,0,0,77282446,1151,0,1151,-160,0,39,7
4,350,21.000000,10000.000000,0,0,77282449,1151,0,1151,-160,0,39,7
4,350,21.000000,10000.000000,0,0,77282452,1151,0,1151,-160,0,39,7
4,350,21.000000,10000.000000,0,0,77282455,1151,0,1151,-161,0,39,7
4,350,21.000000,10000.000000,0,0,77282457,1151,0,1151,-162,0,39,7
4,350,21.000000,10000.000000,0,0,77282460,1151,0,1151,-162,0,39,7
4,350,21.000000,10000.000000,0,0,77282463,1151,0,1151,-162,0,39,7
4,350,21.000000,10000.000000,0,0,77282466,1151,0,1151,-162,0,39,7
4,350,21.000000,10000.000000,0,0,77282468,1151,0,1151,-162,0,39,7
4,350,21.000000,10000.000000,0,0,77282471,1151,0,1151,-162,0,39,7
4,350,21.000000,10000.000000,0,0,77282474,1151,0,1151,-162,0,39,7
4,350,21.000000,10000.000000,0,0,77282477,1151,0,1151,-162,0,39,7
4,350,21.000000,10000.000000,0,0,77282480,1151,0,1151,-162,0,39,7
4,350,21.000000,10000.000000,0,0,77282482,1151,0,1151,-162,0,39,7
4,350,21.000000,10000.000000,0,0,77282485,1151,0,1151,-162,0,39,7
4,350,21.000000,10000.000000,0,0,77282488,1151,0,1151,-162,0,39,7
4,350,21.000000,10000.000000,0,0,77282491,1151,0,1151,-162,0,39,7
4,350,21.000000,10000.000000,0,0,77282493,1151,0,1151,-162,0,39,7
4,350,21.000000,10000.000000,0,0,77282496,1151,0,1151,-162,0,39,7
4,350,21.000000,10000.000000,0,0,77282499,1151,0,1151,-162,0,39,7
4,350,21.000000,10000.000000,0,0,77282502,1151,0,1151,-162,0,39,7
4,350,21.000000,10000.000000,0,0,77282505,1151,0,1151,-162,0,39,7
4,350,21.000000,10000.000000,0,0,77282508,1151,0,1151,-162,0,39,7
4,350,21.000000,10000.000000,0,0,77282510,1151,0,1151,-162,0,39,7
4,350,21.000000,10000.000000,0,0,77282513,1151,0,1151,-162,0,39,7
4,350,21.000000,10000.000000,0,0,77282516,1151,0,1151,-162,0,39,7
4,350,21.000000,10000.000000,0,0,77282519,1151,0,1151,-162,0,39,7
4,350,21.000000,10000.000000,0,0,77282521,1151,0,1151,-162,0,39,7
4,350,21.000000,10000.000000,0,0,77282524,1151,0,1151,-162,0,39,7
4,350,21.000000,10000.000000,0,0,77282527,1151,0,1151,-162,0,39,7
4,350,21.000000,10000.000000,0,0,77282530,1151,0,1151,-162,0,39,7
4,350,21.000000,10000.000000,0,0,77282532,1151,0,1151,-162,0,39,7
4,350,21.000000,10000.000000,0,0,77282535,1151,0,1151,-162,0,39,7
4,350,21.000000,10000.000000,0,0,77282538,1151,0,1151,-162,0,39,7
4,350,21.000000,10000.000000,0,0,77282541,1151,0,1151,-162,0,39,7
4,350,21.000000,10000.000000,0,0,77282543,1151,0,1151,-162,0,39,7
4,350,21.000000,10000.000000,0,0,77282546,1151,0,1151,-162,0,39,7
4,350,21.000000,10000.000000,0,0,77282549,1151,0,1151,-162,0,39,7
4,350,21.000000,10000.000000,0,0,77282552,1151,0,1151,-162,0,39,7
4,350,21.000000,10000.000000,0,0,77282554,1151,0,1151,-162,0,39,7
4,350,21.000000,10000.000000,0,0,77282557,1151,0,1151,-162,0,39,7
4,350,21.000000,10000.000000,0,0,77282560,1151,0,1151,-162,0,39,7
4,350,21.000000,10000.000000,0,0,77282563,1151,0,1151,-162,0,39,7
4,350,21.000000,10000.000000,0,0,77282566,1151,0,1151,-162,0,39,7
4,350,21.000000,10000.000000,0,0,77282568,1151,0,1151,-162,0,39,7
4,350,21.000000,10000.000000,0,0,77282571,1151,0,1151,-162,0,39,7
4,350,21.000000,10000.000000,0,0,77282574,1151,0,1151,-162,0,39,7
4,350,21.000000,10000.000000,0,0,77282577,1151,0,1151,-162,0,39,7
4,350,21.000000,10000.000000,0,0,77282579,1151,0,1151,-162,0,39,7
4,350,21.000000,10000.000000,0,0,77282582,1151,0,1151,-162,0,39,7
4,350,21.000000,10000.000000,0,0,77282585,1151,0,1151,-162,0,39,7
4,350,21.000000,10000.000000,0,0,77282588,1151,0,1151,-162,0,39,7
4,350,21.000000,10000.000000,0,0,77282591,1151,0,1151,-162,0,39,7
4,350,21.000000,10000.000000,0,0,77282593,1151,0,1151,-162,0,39,7
4,350,21.000000,10000.000000,0,0,77282596,1151,0,1151,-162,0,39,7
4,350,21.000000,10000.000000,0,0,77282599,1151,0,1151,-162,0,39,7
4,350,21.000000,10000.000000,0,0,77282602,1151,0,1151,-162,0,39,7
4,350,21.000000,10000.000000,0,0,77282605,1151,0,1151,-162,0,39,7
4,350,21.000000,10000.000000,0,0,77282607,1151,0,1151,-162,0,39,7
4,350,21.000000,10000.000000,0,0,77282610,1151,0,1151,-162,0,39,7
4,350,21.000000,10000.000000,0,0,77282613,1151,0,1151,-162,0,39,7
4,350,21.000000,10000.000000,0,0,77282616,1151,0,1151,-162,0,39,7
4,350,21.000000,10000.000000,0,0,77282618,1151,0,1151,-162,0,39,7
4,350,21.000000,10000.000000,0,0,77282621,1151,0,1151,-162,0,39,7
4,350,21.000000,10000.000000,0,0,77282624,1151,0,1151,-162,0,39,7
4,350,21.000000,10000.000000,0,0,77282627,1151,0,1151,-162,0,39,7
4,350,21.000000,10000.000000,0,0,77282630,1151,0,1151,-162,0,39,7
4,350,21.000000,10000.000000,0,0,77282632,1151,0,1151,-162,0,39,7
4,350,21.000000,10000.000000,0,0,77282635,1151,0,1151,-162,0,39,7
4,350,21.000000,10000.000000,0,0,77282638,1151,0,1151,-162,0,39,7
4,350,21.000000,10000.000000,0,0,77282641,1151,0,1151,-162,0,39,7
4,350,21.000000,10000.000000,0,0,77282643,1151,0,1151,-162,0,39,7
4,350,21.000000,10000.000000,0,0,77282646,1151,0,1151,-162,0,39,7
4,350,21.000000,10000.000000,0,0,77282649,1151,0,1151,-162,0,39,7
4,350,21.000000,10000.000000,0,0,77282652,1151,0,1151,-162,0,39,7
4,350,21.000000,10000.000000,0,0,77282655,1151,0,1151,-162,0,39,7
4,350,21.000000,10000.000000,0,0,77282657,1151,0,1151,-162,0,39,7
4,350,21.000000,10000.000000,0,0,77282660,1151,0,1151,-162,0,39,7
4,350,21.000000,10000.000000,0,0,77282663,1151,0,1151,-162,0,39,7
4,350,21.000000,10000.000000,0,0,77282666,1151,0,1151,-162,0,39,7
4,350,21.000000,10000.000000,0,0,77282669,1151,0,1151,-162,0,39,7
4,350,21.000000,10000.000000,0,0,77282671,1151,0,1151,-162,0,39,7
4,350,21.000000,10000.000000,0,0,77282674,1151,0,1151,-162,0,39,7
4,350,21.000000,10000.000000,0,0,77282677,1151,0,1151,-162,0,39,7
4,350,21.000000,10000.000000,0,0,77282680,1151,0,1151,-162,0,39,7
4,350,21.000000,10000.000000,0,0,77282682,1151,0,1151,-162,0,39,7
4,350,21.000000,10000.000000,0,0,77282685,1151,0,1151,-162,0,39,7
4,350,21.000000,10000.000000,0,0,77282688,1151,0,1151,-162,0,39,7
4,350,21.000000,10000.000000,0,0,77282691,1151,0,1151,-162,0,39,7
4,350,21.000000,10000.000000,0,0,77282693,1151,0,1151,-162,0,39,7
4,350,21.000000,10000.000000,0,0,77282696,1151,0,1151,-162,0,39,7
4,350,21.000000,10000.000000,0,0,77282699,1151,0,1151,-162,0,39,7
4,350,21.000000,10000.000000,0,0,77282702,1151,0,1151,-162,0,39,7
4,350,21.000000,10000.000000,0,0,77282705,1151,0,1151,-162,0,39,7
4,350,21.000000,10000.000000,0,0,77282707,1151,0,1151,-162,0,39,7
4,350,21.000000,10000.000000,0,0,77282710,1151,0,1151,-162,0,39,7
4,350,21.000000,10000.000000,0,0,77282713,1151,0,1151,-162,0,39,7
4,350,21.000000,10000.000000,0,0,77282716,1151,0,1151,-162,0,39,7
4,350,21.000000,10000.000000,0,0,77282718,1151,0,1151,-162,0,39,7
4,350,21.000000,10000.000000,0,0,77282721,1151,0,1151,-162,0,39,7
4,350,21.000000,10000.000000,0,0,77282724,1150,0,1150,-162,0,39,7
4,350,21.000000,10000.000000,0,0,77282727,1149,0,1149,-162,0,39,7
4,350,21.000000,10000.000000,0,0,77282730,1149,0,1149,-162,0,39,7
4,350,21.000000,10000.000000,0,0,77282732,1149,0,1149,-162,0,39,7
4,350,21.000000,10000.000000,0,0,77282736,1149,0,1149,-162,0,39,7
4,350,21.000000,10000.000000,0,0,77282738,1149,0,1149,-162,0,39,7
4,350,21.000000,10000.000000,0,0,77282741,1149,0,1149,-162,0,39,7
4,350,21.000000,10000.000000,0,0,77282744,1149,0,1149,-162,0,39,7
4,350,21.000000,10000.000000,0,0,77282746,1149,0,1149,-162,0,39,7
4,350,21.000000,10000.000000,0,0,77282749,1149,0,1149,-162,0,39,7
4,350,21.000000,10000.000000,0,0,77282752,1149,0,1149,-162,0,39,7
4,350,21.000000,10000.000000,0,0,77282755,1149,0,1149,-162,0,39,7
4,350,21.000000,10000.000000,0,0,77282757,1149,0,1149,-162,0,39,7
4,350,21.000000,10000.000000,0,0,77282760,1149,0,1149,-162,0,39,7
4,350,21.000000,10000.000000,0,0,77282763,1149,0,1149,-162,0,39,7
4,350,21.000000,10000.000000,0,0,77282766,1149,0,1149,-162,0,39,7
4,350,21.000000,10000.000000,0,0,77282769,1149,0,1149,-162,0,39,7
4,350,21.000000,10000.000000,0,0,77282772,1149,0,1149,-162,0,39,7
4,350,21.000000,10000.000000,0,0,77282774,1148,0,1148,-162,0,39,7
4,350,21.000000,10000.000000,0,0,77282777,1147,0,1147,-162,0,39,7
4,350,21.000000,10000.000000,0,0,77282780,1147,0,1147,-162,0,39,7
4,350,21.000000,10000.000000,0,0,77282783,1147,0,1147,-162,0,39,7
4,350,21.000000,10000.000000,0,0,77282786,1147,0,1147,-162,0,39,7
4,350,21.000000,10000.000000,0,0,77282788,1147,0,1147,-162,0,39,7
4,350,21.000000,10000.000000,0,0,77282791,1147,0,1147,-162,0,39,7
4,350,21.000000,10000.000000,0,0,77282794,1147,0,1147,-162,0,39,7
4,350,21.000000,10000.000000,0,0,77282797,1147,0,1147,-162,0,39,7
4,350,21.000000,10000.000000,0,0,77282799,1147,0,1147,-162,0,39,7
4,350,21.000000,10000.000000,0,0,77282802,1147,0,1147,-162,0,39,7
4,350,21.000000,10000.000000,0,0,77282805,1147,0,1147,-162,0,39,7
4,350,21.000000,10000.000000,0,0,77282808,1147,0,1147,-162,0,39,7
4,350,21.000000,10000.000000,0,0,77282811,1147,0,1147,-162,0,39,7
4,350,21.000000,10000.000000,0,0,77282813,1147,0,1147,-162,0,39,7
4,350,21.000000,10000.000000,0,0,77282816,1147,0,1147,-162,0,39,7
4,350,21.000000,10000.000000,0,0,77282819,1147,0,1147,-162,0,39,7
4,350,21.000000,10000.000000,0,0,77282822,1147,0,1147,-162,0,39,7
4,350,21.000000,10000.000000,0,0,77282824,1147,0,1147,-162,0,39,7
4,350,21.000000,10000.000000,0,0,77282827,1147,0,1147,-162,0,39,7
4,350,21.000000,10000.000000,0,0,77282830,1147,0,1147,-162,0,39,7
4,350,21.000000,10000.000000,0,0,77282832,1147,0,1147,-162,0,39,7
4,350,21.000000,10000.000000,0,0,77282835,1147,0,1147,-162,0,39,7
4,350,21.000000,10000.000000,0,0,77282838,1147,0,1147,-162,0,39,7
4,350,21.000000,10000.000000,0,0,77282841,1147,0,1147,-162,0,39,7
4,350,21.000000,10000.000000,0,0,77282843,1147,0,1147,-162,0,39,7
4,350,21.000000,10000.000000,0,0,77282846,1147,0,1147,-162,0,39,7
4,350,21.000000,10000.000000,0,0,77282849,1147,0,1147,-162,0,39,7
4,350,21.000000,10000.000000,0,0,77282852,1147,0,1147,-162,0,39,7
4,350,21.000000,10000.000000,0,0,77282855,1147,0,1147,-162,0,39,7
4,350,21.000000,10000.000000,0,0,77282857,1147,0,1147,-162,0,39,7
4,350,21.000000,10000.000000,0,0,77282860,1147,0,1147,-162,0,39,7
4,350,21.000000,10000.000000,0,0,77282863,1147,0,1147,-162,0,39,7
4,350,21.000000,10000.000000,0,0,77282866,1147,0,1147,-162,0,39,7
4,350,21.000000,10000.000000,0,0,77282869,1147,0,1147,-162,0,39,7
4,350,21.000000,10000.000000,0,0,77282872,1147,0,1147,-162,0,39,7
4,350,21.000000,10000.000000,0,0,77282874,1147,0,1147,-162,0,39,7
4,350,21.000000,10000.000000,0,0,77282877,1147,0,1147,-162,0,39,7
4,350,21.000000,10000.000000,0,0,77282880,1147,0,1147,-162,0,39,7
4,350,21.000000,10000.000000,0,0,77282883,1147,0,1147,-162,0,39,7
4,350,21.000000,10000.000000,0,0,77282885,1147,0,1147,-162,0,39,7
4,350,21.000000,10000.000000,0,0,77282888,1147,0,1147,-162,0,39,7
4,350,21.000000,10000.000000,0,0,77282891,1147,0,1147,-162,0,39,7
4,350,21.000000,10000.000000,0,0,77282894,1147,0,1147,-162,0,39,7
4,350,21.000000,10000.000000,0,0,77282897,1147,0,1147,-162,0,39,7
4,350,21.000000,10000.000000,0,0,77282900,1147,0,1147,-162,0,39,7
4,350,21.000000,10000.000000,0,0,77282902,1147,0,1147,-162,0,39,7
4,350,21.000000,10000.000000,0,0,77282905,1147,0,1147,-162,0,39,7
4,350,21.000000,10000.000000,0,0,77282908,1147,0,1147,-162,0,39,7
4,350,21.000000,10000.000000,0,0,77282910,1147,0,1147,-162,0,39,7
4,350,21.000000,10000.000000,0,0,77282913,1147,0,1147,-162,0,39,7
4,350,21.000000,10000.000000,0,0,77282916,1147,0,1147,-162,0,39,7
4,350,21.000000,10000.000000,0,0,77282919,1147,0,1147,-162,0,39,7
4,350,21.000000,10000.000000,0,0,77282922,1147,0,1147,-162,0,39,7
4,350,21.000000,10000.000000,0,0,77282924,1147,0,1147,-162,0,39,7
4,350,21.000000,10000.000000,0,0,77282927,1147,0,1147,-162,0,39,7
4,350,21.000000,10000.000000,0,0,77282930,1147,0,1147,-162,0,39,7
4,350,21.000000,10000.000000,0,0,77282933,1147,0,1147,-162,0,39,7
4,350,21.000000,10000.000000,0,0,77282935,1147,0,1147,-162,0,39,7
4,350,21.000000,10000.000000,0,0,77282938,1147,0,1147,-162,0,39,7
4,350,21.000000,10000.000000,0,0,77282941,1147,0,1147,-162,0,39,7
4,350,21.000000,10000.000000,0,0,77282944,1147,0,1147,-162,0,39,7
4,350,21.000000,10000.000000,0,0,77282947,1147,0,1147,-162,0,39,7
4,350,21.000000,10000.000000,0,0,77282949,1147,0,1147,-162,0,39,7
4,350,21.000000,10000.000000,0,0,77282952,1147,0,1147,-162,0,39,7
4,350,21.000000,10000.000000,0,0,77282955,1147,0,1147,-162,0,39,7
4,350,21.000000,10000.000000,0,0,77282958,1147,0,1147,-162,0,39,7
4,350,21.000000,10000.000000,0,0,77282961,1147,0,1147,-162,0,39,7
4,350,21.000000,10000.000000,0,0,77282963,1147,0,1147,-162,0,39,7
4,350,21.000000,10000.000000,0,0,77282966,1147,0,1147,-162,0,39,7
4,350,21.000000,10000.000000,0,0,77282969,1147,0,1147,-162,0,39,7
4,350,21.000000,10000.000000,0,0,77282971,1147,0,1147,-162,0,39,7
4,350,21.000000,10000.000000,0,0,77282974,1147,0,1147,-162,0,39,7
4,350,21.000000,10000.000000,0,0,77282977,1147,0,1147,-162,0,39,7
4,350,21.000000,10000.000000,0,0,77282980,1147,0,1147,-162,0,39,7
4,350,21.000000,10000.000000,0,0,77282983,1147,0,1147,-162,0,39,7
4,350,21.000000,10000.000000,0,0,77282985,1146,0,1146,-162,0,39,7
4,350,21.000000,10000.000000,0,0,77282988,1145,0,1145,-162,0,39,7
4,350,21.000000,10000.000000,0,0,77282991,1145,0,1145,-162,0,39,7
4,350,21.000000,10000.000000,0,0,77282994,1145,0,1145,-162,0,39,7
4,350,21.000000,10000.000000,0,0,77282997,1145,0,1145,-162,0,39,7
4,350,21.000000,10000.000000,0,0,77282999,1144,0,1144,-162,0,39,7
4,350,21.000000,10000.000000,0,0,77283002,1143,0,1143,-162,0,39,7
4,350,21.000000,10000.000000,0,0,77283005,1143,0,1143,-162,0,39,7
4,350,21.000000,10000.000000,0,0,77283008,1143,0,1143,-162,0,39,7
4,350,21.000000,10000.000000,0,0,77283010,1142,0,1142,-162,0,39,7
4,350,21.000000,10000.000000,0,0,77283013,1141,0,1141,-162,0,39,7
4,350,21.000000,10000.000000,0,0,77283016,1141,0,1141,-162,0,39,7
4,350,21.000000,10000.000000,0,0,77283019,1141,0,1141,-162,0,39,7
4,350,21.000000,10000.000000,0,0,77283021,1141,0,1141,-162,0,39,7
4,350,21.000000,10000.000000,0,0,77283024,1141,0,1141,-162,0,39,7
4,350,21.000000,10000.000000,0,0,77283027,1141,0,1141,-162,0,39,7
4,350,21.000000,10000.000000,0,0,77283030,1141,0,1141,-162,0,39,7
4,350,21.000000,10000.000000,0,0,77283032,1141,0,1141,-162,0,39,7
4,350,21.000000,10000.000000,0,0,77283036,1141,0,1141,-162,0,39,7
4,350,21.000000,10000.000000,0,0,77283038,1140,0,1140,-162,0,39,7
4,350,21.000000,10000.000000,0,0,77283041,1139,0,1139,-162,0,39,7
4,350,21.000000,10000.000000,0,0,77283044,1139,0,1139,-162,0,39,7
4,350,21.000000,10000.000000,0,0,77283046,1138,0,1138,-162,0,39,7
4,350,21.000000,10000.000000,0,0,77283049,1137,0,1137,-162,0,39,7
4,350,21.000000,10000.000000,0,0,77283052,1137,0,1137,-162,0,39,7
4,350,21.000000,10000.000000,0,0,77283055,1137,0,1137,-162,0,39,7
4,350,21.000000,10000.000000,0,0,77283057,1137,0,1137,-162,0,39,7
4,350,21.000000,10000.000000,0,0,77283060,1137,0,1137,-162,0,39,7
4,350,21.000000,10000.000000,0,0,77283064,1136,0,1136,-162,0,39,7
4,350,21.000000,10000.000000,0,0,77283066,1135,0,1135,-162,0,39,7
4,350,21.000000,10000.000000,0,0,77283080,1135,0,1135,-162,0,39,7
