4,350,80.500000,0.000000,2,0,1586296551,761,2,761,2,1,56,5
4,350,80.500000,0.000000,2,0,1586296551,761,2,761,2,1,56,5
4,350,80.500000,0.000000,2,0,1586296554,761,2,761,2,1,56,5
4,350,80.500000,0.000000,2,0,1586296557,761,2,761,2,1,56,5
4,350,80.500000,0.000000,2,0,1586296560,761,2,761,2,1,56,5
4,350,80.500000,0.000000,2,0,1586296562,761,2,761,2,1,56,5
4,350,80.500000,0.000000,2,0,1586296565,761,2,761,2,1,56,5
4,350,80.500000,0.000000,2,0,1586296568,761,2,761,2,1,56,5
4,350,80.500000,0.000000,2,0,1586296571,761,2,761,2,1,56,5
4,350,80.500000,0.000000,2,0,1586296574,761,2,761,2,1,56,5
4,350,80.500000,0.000000,2,0,1586296577,761,2,761,2,1,56,5
4,350,80.500000,0.000000,2,0,1586296579,761,2,761,2,1,56,5
4,350,80.500000,0.000000,2,0,1586296582,761,2,761,2,1,56,5
4,350,80.500000,0.000000,2,0,1586296585,761,2,761,2,1,56,5
4,350,80.500000,0.000000,2,0,1586296588,761,2,761,2,1,56,5
4,350,80.500000,0.000000,2,0,1586296590,761,2,761,2,1,56,5
4,350,80.500000,0.000000,2,0,1586296593,761,2,761,2,1,56,5
4,350,80.500000,0.000000,2,0,1586296596,761,2,761,2,1,56,5
4,350,80.500000,0.000000,2,0,1586296598,761,2,761,2,1,56,5
4,350,80.500000,0.000000,2,0,1586296601,761,2,761,2,1,56,5
4,350,80.500000,0.000000,2,0,1586296604,761,2,761,2,1,56,5
4,350,80.500000,0.000000,2,0,1586296607,761,2,761,2,1,56,5
4,350,80.500000,0.000000,2,0,1586296609,761,2,761,2,1,56,5
4,350,80.500000,0.000000,2,0,1586296612,761,2,761,2,1,56,5
4,350,80.500000,0.000000,2,0,1586296615,762,3,762,3,1,56,5
4,350,80.500000,0.000000,2,0,1586296618,763,4,763,4,1,56,5
4,350,80.500000,0.000000,2,0,1586296621,763,4,763,4,1,56,5
4,350,80.500000,0.000000,2,0,1586296623,763,4,763,4,1,56,5
4,350,80.500000,0.000000,2,0,1586296626,763,4,763,4,1,56,5
4,350,80.500000,0.000000,2,0,1586296629,763,4,763,4,1,56,5
4,350,80.500000,0.000000,2,0,1586296632,763,5,763,5,1,56,5
4,350,80.500000,0.000000,2,0,1586296635,763,6,763,6,1,56,5
4,350,80.500000,0.000000,2,0,1586296637,764,8,764,8,1,56,5
4,350,80.500000,0.000000,2,0,1586296640,766,10,766,10,1,56,5
4,350,80.500000,0.000000,2,0,1586296643,766,10,766,10,1,56,5
4,350,80.500000,0.000000,2,0,1586296645,767,10,767,10,1,56,5
4,350,80.500000,0.000000,2,0,1586296648,767,12,767,12,1,56,5
4,350,80.500000,0.000000,2,0,1586296651,769,12,769,12,1,56,5
4,350,80.500000,0.000000,2,0,1586296654,771,12,771,12,1,56,5
4,350,80.500000,0.000000,2,0,1586296657,772,13,772,13,1,56,5
4,350,80.500000,0.000000,2,0,1586296659,773,14,773,14,1,56,5
4,350,80.500000,0.000000,2,0,1586296662,774,15,774,15,1,56,5
4,350,80.500000,0.000000,2,0,1586296665,775,16,775,16,1,56,5
4,350,80.500000,0.000000,2,0,1586296668,777,17,777,17,1,56,5
4,350,80.500000,0.000000,2,0,1586296671,777,18,777,18,1,56,5
4,350,80.500000,0.000000,2,0,1586296673,780,19,780,19,1,56,5
4,350,80.500000,0.000000,2,0,1586296676,781,19,781,19,1,56,5
4,350,80.500000,0.000000,2,0,1586296679,783,21,783,21,1,56,5
4,350,80.500000,0.000000,2,0,1586296682,785,23,785,23,1,56,5
4,350,80.500000,0.000000,2,0,1586296685,789,24,789,24,1,56,5
4,350,80.500000,0.000000,2,0,1586296687,793,25,793,25,1,56,5
4,350,80.500000,0.000000,2,0,1586296690,797,28,797,28,1,56,5
4,350,80.500000,0.000000,2,0,1586296693,799,28,799,28,1,56,5
4,350,80.500000,0.000000,2,0,1586296696,802,30,802,30,1,56,5
4,350,80.500000,0.000000,2,0,1586296699,807,32,807,32,1,56,5
4,350,80.500000,0.000000,2,0,1586296701,810,33,810,33,1,56,5
4,350,80.500000,0.000000,2,0,1586296704,813,35,813,35,1,56,5
4,350,80.500000,0.000000,2,0,1586296707,819,37,819,37,1,56,5
4,350,80.500000,0.000000,2,0,1586296710,826,38,826,38,1,56,5
4,350,80.500000,0.000000,2,0,1586296713,830,41,830,41,1,56,5
4,350,80.500000,0.000000,2,0,1586296715,837,43,837,43,1,56,5
4,350,80.500000,0.000000,2,0,1586296718,844,46,844,46,1,56,5
4,350,80.500000,0.000000,2,0,1586296721,849,49,849,49,1,56,5
4,350,80.500000,0.000000,2,0,1586296724,858,52,858,52,1,56,5
4,350,80.500000,0.000000,2,0,1586296728,863,53,863,53,1,56,5
4,350,80.500000,0.000000,2,0,1586296731,869,55,869,55,1,56,5
4,350,80.500000,0.000000,2,0,1586296735,874,56,874,56,1,56,5
4,350,80.500000,0.000000,2,0,1586296737,884,58,884,58,1,56,5
4,350,80.500000,0.000000,2,0,1586296740,889,59,889,59,1,56,5
4,350,80.500000,0.000000,2,0,1586296743,895,61,895,61,1,56,5
4,350,80.500000,0.000000,2,0,1586296746,902,62,902,62,1,56,5
4,350,80.500000,0.000000,2,0,1586296748,905,64,905,64,1,56,5
4,350,80.500000,0.000000,2,0,1586296751,914,66,914,66,1,56,5
4,350,80.500000,0.000000,2,0,1586296754,919,67,919,67,1,56,5
4,350,80.500000,0.000000,2,0,1586296757,926,67,926,67,1,56,5
4,350,80.500000,0.000000,2,0,1586296760,930,68,930,68,1,56,5
4,350,80.500000,0.000000,2,0,1586296762,935,69,935,69,1,56,5
4,350,80.500000,0.000000,2,0,1586296765,942,69,942,69,1,56,5
4,350,80.500000,0.000000,2,0,1586296768,945,69,945,69,1,56,5
4,350,80.500000,0.000000,2,0,1586296771,950,69,950,69,1,56,5
4,350,80.500000,0.000000,2,0,1586296774,954,69,954,69,1,56,5
4,350,80.500000,0.000000,2,0,1586296776,961,69,961,69,1,56,5
4,350,80.500000,0.000000,2,0,1586296779,965,69,965,69,1,56,5
4,350,80.500000,0.000000,2,0,1586296782,971,69,971,69,1,56,5
4,350,80.500000,0.000000,2,0,1586296785,976,69,976,69,1,56,5
4,350,80.500000,0.000000,2,0,1586296788,983,69,983,69,1,56,5
4,350,80.500000,0.000000,2,0,1586296790,989,68,989,68,1,56,5
4,350,80.500000,0.000000,2,0,1586296793,993,68,993,68,1,56,5
4,350,80.500000,0.000000,2,0,1586296796,999,67,999,67,1,56,5
4,350,80.500000,0.000000,2,0,1586296798,1004,67,1004,67,1,56,5
4,350,80.500000,0.000000,2,0,1586296801,1014,64,1014,64,1,56,5
4,350,80.500000,0.000000,2,0,1586296804,1020,63,1020,63,1,56,5
4,350,80.500000,0.000000,2,0,1586296807,1024,63,1024,63,1,56,5
4,350,80.500000,0.000000,2,0,1586296809,1030,62,1030,62,1,56,5
4,350,80.500000,0.000000,2,0,1586296812,1035,61,1035,61,1,56,5
4,350,80.500000,0.000000,2,0,1586296815,1039,59,1039,59,1,56,5
4,350,80.500000,0.000000,2,0,1586296818,1044,58,1044,58,1,56,5
4,350,80.500000,0.000000,2,0,1586296821,1052,56,1052,56,1,56,5
4,350,80.500000,0.000000,2,0,1586296824,1057,55,1057,55,1,56,5
4,350,80.500000,0.000000,2,0,1586296826,1063,52,1063,52,1,56,5
4,350,80.500000,0.000000,2,0,1586296829,1069,50,1069,50,1,56,5
4,350,80.500000,0.000000,2,0,1586296832,1075,48,1075,48,1,56,5
4,350,80.500000,0.000000,2,0,1586296835,1081,47,1081,47,1,56,5
4,350,80.500000,0.000000,2,0,1586296838,1086,44,1086,44,1,56,5
4,350,80.500000,0.000000,2,0,1586296840,1093,42,1093,42,1,56,5
4,350,80.500000,0.000000,2,0,1586296843,1100,39,1100,39,1,56,5
4,350,80.500000,0.000000,2,0,1586296846,1102,36,1102,36,1,56,5
4,350,80.500000,0.000000,2,0,1586296849,1113,31,1113,31,1,56,5
4,350,80.500000,0.000000,2,0,1586296852,1122,27,1122,27,1,56,5
4,350,80.500000,0.000000,2,0,1586296854,1127,24,1127,24,1,56,5
4,350,80.500000,0.000000,2,0,1586296857,1135,22,1135,22,1,56,5
4,350,80.500000,0.000000,2,0,1586296860,1139,21,1139,21,1,56,5
4,350,80.500000,0.000000,2,0,1586296863,1145,18,1145,18,1,56,5
4,350,80.500000,0.000000,2,0,1586296865,1147,17,1147,17,1,56,5
4,350,80.500000,0.000000,2,0,1586296868,1149,15,1149,15,1,56,5
4,350,80.500000,0.000000,2,0,1586296871,1152,15,1152,15,1,56,5
4,350,80.500000,0.000000,2,0,1586296873,1157,13,1157,13,1,56,5
4,350,80.500000,0.000000,2,0,1586296876,1159,11,1159,11,1,56,5
4,350,80.500000,0.000000,2,0,1586296879,1161,10,1161,10,1,56,5
4,350,80.500000,0.000000,2,0,1586296882,1163,9,1163,9,1,56,5
4,350,80.500000,0.000000,2,0,1586296885,1164,8,1164,8,1,56,5
4,350,80.500000,0.000000,2,0,1586296887,1166,8,1166,8,1,56,5
4,350,80.500000,0.000000,2,0,1586296890,1166,7,1166,7,1,56,5
4,350,80.500000,0.000000,2,0,1586296893,1168,6,1168,6,1,56,5
4,350,80.500000,0.000000,2,0,1586296896,1171,3,1171,3,1,56,5
4,350,80.500000,0.000000,2,0,1586296899,1173,3,1173,3,1,56,5
4,350,80.500000,0.000000,2,0,1586296902,1173,1,1173,1,1,56,5
4,350,80.500000,0.000000,2,0,1586296905,1173,0,1173,0,1,56,5
4,350,80.500000,0.000000,2,0,1586296907,1173,0,1173,0,1,56,5
4,350,80.500000,0.000000,2,0,1586296910,1173,0,1173,-1,1,56,5
4,350,80.500000,0.000000,2,0,1586296913,1173,0,1173,-2,1,56,5
4,350,80.500000,0.000000,2,0,1586296916,1173,0,1173,-2,1,56,5
4,350,80.500000,0.000000,2,0,1586296919,1173,0,1173,-3,1,56,5
4,350,80.500000,0.000000,2,0,1586296921,1173,0,1173,-3,1,56,5
4,350,80.500000,0.000000,2,0,1586296924,1174,0,1174,-4,1,56,5
4,350,80.500000,0.000000,2,0,1586296927,1174,0,1174,-5,1,56,5
4,350,80.500000,0.000000,2,0,1586296930,1174,0,1174,-6,1,56,5
4,350,80.500000,0.000000,2,0,1586296932,1174,0,1174,-7,1,56,5
4,350,80.500000,0.000000,2,0,1586296935,1174,0,1174,-8,1,56,5
4,350,80.500000,0.000000,2,0,1586296938,1174,0,1174,-9,1,56,5
4,350,80.500000,0.000000,2,0,1586296940,1174,0,1174,-10,1,56,5
4,350,80.500000,0.000000,2,0,1586296943,1174,0,1174,-11,1,56,5
4,350,80.500000,0.000000,2,0,1586296946,1174,0,1174,-12,1,56,5
4,350,80.500000,0.000000,2,0,1586296948,1174,0,1174,-13,1,56,5
4,350,80.500000,0.000000,2,0,1586296951,1172,0,1172,-15,1,56,5
4,350,80.500000,0.000000,2,0,1586296954,1172,0,1172,-16,1,56,5
4,350,80.500000,0.000000,2,0,1586296957,1171,0,1171,-18,1,56,5
4,350,80.500000,0.000000,2,0,1586296960,1170,0,1170,-20,1,56,5
4,350,80.500000,0.000000,2,0,1586296962,1169,0,1169,-22,1,56,5
4,350,80.500000,0.000000,2,0,1586296965,1168,0,1168,-23,1,56,5
4,350,80.500000,0.000000,2,0,1586296968,1168,0,1168,-24,1,56,5
4,350,80.500000,0.000000,2,0,1586296971,1167,0,1167,-24,1,56,5
4,350,80.500000,0.000000,2,0,1586296974,1165,0,1165,-26,1,56,5
4,350,80.500000,0.000000,2,0,1586296976,1163,0,1163,-28,1,56,5
4,350,80.500000,0.000000,2,0,1586296979,1163,0,1163,-28,1,56,5
4,350,80.500000,0.000000,2,0,1586296982,1162,0,1162,-29,1,56,5
4,350,80.500000,0.000000,2,0,1586296985,1161,0,1161,-30,1,56,5
4,350,80.500000,0.000000,2,0,1586296988,1159,0,1159,-31,1,56,5
4,350,80.500000,0.000000,2,0,1586296990,1157,0,1157,-32,1,56,5
4,350,80.500000,0.000000,2,0,1586296993,1156,0,1156,-32,1,56,5
4,350,80.500000,0.000000,2,0,1586296996,1155,0,1155,-32,1,56,5
4,350,80.500000,0.000000,2,0,1586296999,1154,0,1154,-32,1,56,5
4,350,80.500000,0.000000,2,0,1586297002,1151,0,1151,-32,1,56,5
4,350,80.500000,0.000000,2,0,1586297004,1150,0,1150,-32,1,56,5
4,350,80.500000,0.000000,2,0,1586297007,1149,0,1149,-34,1,56,5
4,350,80.500000,0.000000,2,0,1586297010,1145,0,1145,-36,1,56,5
4,350,80.500000,0.000000,2,0,1586297013,1141,0,1141,-36,1,56,5
4,350,80.500000,0.000000,2,0,1586297015,1139,0,1139,-37,1,56,5
4,350,80.500000,0.000000,2,0,1586297031,1136,0,1136,-37,0,56,5
