4,350,21.000000,0.000000,2,0,1586348886,782,0,782,0,0,58,9
4,350,21.000000,0.000000,2,0,1586348887,782,0,782,0,0,58,9
4,350,21.000000,0.000000,2,0,1586348889,782,0,782,0,0,58,9
4,350,21.000000,0.000000,2,0,1586348892,782,0,782,0,0,58,9
4,350,21.000000,0.000000,2,0,1586348895,782,0,782,0,0,58,9
4,350,21.000000,0.000000,2,0,1586348898,782,0,782,0,0,58,9
4,350,21.000000,0.000000,2,0,1586348900,782,0,782,0,0,58,9
4,350,21.000000,0.000000,2,0,1586348903,782,0,782,0,0,58,9
4,350,21.000000,0.000000,2,0,1586348906,782,0,782,0,0,58,9
4,350,21.000000,0.000000,2,0,1586348909,782,0,782,0,0,58,9
4,350,21.000000,0.000000,2,0,1586348912,782,0,782,0,0,58,9
4,350,21.000000,0.000000,2,0,1586348914,782,0,782,0,0,58,9
4,350,21.000000,0.000000,2,0,1586348917,782,0,782,0,0,58,9
4,350,21.000000,0.000000,2,0,1586348920,782,0,782,0,0,58,9
4,350,21.000000,0.000000,2,0,1586348923,782,0,782,0,0,58,9
4,350,21.000000,0.000000,2,0,1586348926,782,0,782,0,0,58,9
4,350,21.000000,0.000000,2,0,1586348928,782,0,782,0,0,58,9
4,350,21.000000,0.000000,2,0,1586348931,782,0,782,0,0,58,9
4,350,21.000000,0.000000,2,0,1586348934,782,0,782,0,0,58,9
4,350,21.000000,0.000000,2,0,1586348936,782,0,782,0,0,58,9
4,350,21.000000,0.000000,2,0,1586348939,782,0,782,0,0,58,9
4,350,21.000000,0.000000,2,0,1586348942,782,0,782,0,0,58,9
4,350,21.000000,0.000000,2,0,1586348945,782,0,782,0,0,58,9
4,350,21.000000,0.000000,2,0,1586348947,782,1,782,1,0,58,9
4,350,21.000000,0.000000,2,0,1586348950,782,2,782,2,0,58,9
4,350,21.000000,0.000000,2,0,1586348953,782,2,782,2,0,58,9
4,350,21.000000,0.000000,2,0,1586348956,782,2,782,2,0,58,9
4,350,21.000000,0.000000,2,0,1586348959,782,2,782,2,0,58,9
4,350,21.000000,0.000000,2,0,1586348961,782,2,782,2,0,58,9
4,350,21.000000,0.000000,2,0,1586348964,782,2,782,2,0,58,9
4,350,21.000000,0.000000,2,0,1586348967,782,2,782,2,0,58,9
4,350,21.000000,0.000000,2,0,1586348970,782,3,782,3,0,58,9
4,350,21.000000,0.000000,2,0,1586348973,782,4,782,4,0,58,9
4,350,21.000000,0.000000,2,0,1586348975,782,4,782,4,0,58,9
4,350,21.000000,0.000000,2,0,1586348978,782,4,782,4,0,58,9
4,350,21.000000,0.000000,2,0,1586348981,782,4,782,4,0,58,9
4,350,21.000000,0.000000,2,0,1586348984,783,4,783,4,0,58,9
4,350,21.000000,0.000000,2,0,1586348987,784,5,784,5,0,58,9
4,350,21.000000,0.000000,2,0,1586348990,785,6,785,6,0,58,9
4,350,21.000000,0.000000,2,0,1586348993,786,7,786,7,0,58,9
4,350,21.000000,0.000000,2,0,1586348996,787,8,787,8,0,58,9
4,350,21.000000,0.000000,2,0,1586348998,787,9,787,9,0,58,9
4,350,21.000000,0.000000,2,0,1586349001,788,9,788,9,0,58,9
4,350,21.000000,0.000000,2,0,1586349004,788,9,788,9,0,58,9
4,350,21.000000,0.000000,2,0,1586349007,788,9,788,9,0,58,9
4,350,21.000000,0.000000,2,0,1586349010,790,10,790,10,0,58,9
4,350,21.000000,0.000000,2,0,1586349013,790,10,790,10,0,58,9
4,350,21.000000,0.000000,2,0,1586349015,792,11,792,11,0,58,9
4,350,21.000000,0.000000,2,0,1586349018,792,11,792,11,0,58,9
4,350,21.000000,0.000000,2,0,1586349021,793,12,793,12,0,58,9
4,350,21.000000,0.000000,2,0,1586349024,794,13,794,13,0,58,9
4,350,21.000000,0.000000,2,0,1586349027,795,14,795,14,0,58,9
4,350,21.000000,0.000000,2,0,1586349030,797,16,797,16,0,58,9
4,350,21.000000,0.000000,2,0,1586349033,797,17,797,17,0,58,9
4,350,21.000000,0.000000,2,0,1586349036,798,19,798,19,0,58,9
4,350,21.000000,0.000000,2,0,1586349038,800,20,800,20,0,58,9
4,350,21.000000,0.000000,2,0,1586349041,800,20,800,20,0,58,9
4,350,21.000000,0.000000,2,0,1586349044,801,20,801,20,0,58,9
4,350,21.000000,0.000000,2,0,1586349047,803,22,803,22,0,58,9
4,350,21.000000,0.000000,2,0,1586349049,804,23,804,23,0,58,9
4,350,21.000000,0.000000,2,0,1586349052,806,23,806,23,0,58,9
4,350,21.000000,0.000000,2,0,1586349055,809,25,809,25,0,58,9
4,350,21.000000,0.000000,2,0,1586349058,813,27,813,27,0,58,9
4,350,21.000000,0.000000,2,0,1586349060,816,28,816,28,0,58,9
4,350,21.000000,0.000000,2,0,1586349063,818,29,818,29,0,58,9
4,350,21.000000,0.000000,2,0,1586349066,821,31,821,31,0,58,9
4,350,21.000000,0.000000,2,0,1586349069,823,31,823,31,0,58,9
4,350,21.000000,0.000000,2,0,1586349071,829,33,829,33,0,58,9
4,350,21.000000,0.000000,2,0,1586349074,831,33,831,33,0,58,9
4,350,21.000000,0.000000,2,0,1586349077,835,34,835,34,0,58,9
4,350,21.000000,0.000000,2,0,1586349080,838,34,838,34,0,58,9
4,350,21.000000,0.000000,2,0,1586349082,840,35,840,35,0,58,9
4,350,21.000000,0.000000,2,0,1586349085,845,37,845,37,0,58,9
4,350,21.000000,0.000000,2,0,1586349087,849,39,849,39,0,58,9
4,350,21.000000,0.000000,2,0,1586349090,854,40,854,40,0,58,9
4,350,21.000000,0.000000,2,0,1586349093,857,40,857,40,0,58,9
4,350,21.000000,0.000000,2,0,1586349096,862,43,862,43,0,58,9
4,350,21.000000,0.000000,2,0,1586349099,865,43,865,43,0,58,9
4,350,21.000000,0.000000,2,0,1586349101,870,44,870,44,0,58,9
4,350,21.000000,0.000000,2,0,1586349104,875,45,875,45,0,58,9
4,350,21.000000,0.000000,2,0,1586349107,879,46,879,46,0,58,9
4,350,21.000000,0.000000,2,0,1586349110,886,48,886,48,0,58,9
4,350,21.000000,0.000000,2,0,1586349113,890,49,890,49,0,58,9
4,350,21.000000,0.000000,2,0,1586349115,890,49,890,49,0,58,9
4,350,21.000000,0.000000,2,0,1586349118,893,49,893,49,0,58,9
4,350,21.000000,0.000000,2,0,1586349122,899,50,899,50,0,58,9
4,350,21.000000,0.000000,2,0,1586349125,903,50,903,50,0,58,9
4,350,21.000000,0.000000,2,0,1586349128,915,50,915,50,0,58,9
4,350,21.000000,0.000000,2,0,1586349130,920,50,920,50,0,58,9
4,350,21.000000,0.000000,2,0,1586349133,926,51,926,51,0,58,9
4,350,21.000000,0.000000,2,0,1586349136,932,51,932,51,0,58,9
4,350,21.000000,0.000000,2,0,1586349140,939,51,939,51,0,58,9
4,350,21.000000,0.000000,2,0,1586349143,947,51,947,51,0,58,9
4,350,21.000000,0.000000,2,0,1586349146,959,51,959,51,0,58,9
4,350,21.000000,0.000000,2,0,1586349149,966,51,966,51,0,58,9
4,350,21.000000,0.000000,2,0,1586349152,974,52,974,52,0,58,9
4,350,21.000000,0.000000,2,0,1586349155,984,52,984,52,0,58,9
4,350,21.000000,0.000000,2,0,1586349158,991,51,991,51,0,58,9
4,350,21.000000,0.000000,2,0,1586349161,999,51,999,51,0,58,9
4,350,21.000000,0.000000,2,0,1586349164,1004,51,1004,51,0,58,9
4,350,21.000000,0.000000,2,0,1586349168,1013,50,1013,50,0,58,9
4,350,21.000000,0.000000,2,0,1586349171,1027,49,1027,49,0,58,9
4,350,21.000000,0.000000,2,0,1586349174,1035,48,1035,48,0,58,9
4,350,21.000000,0.000000,2,0,1586349177,1044,47,1044,47,0,58,9
4,350,21.000000,0.000000,2,0,1586349180,1049,47,1049,47,0,58,9
4,350,21.000000,0.000000,2,0,1586349183,1056,46,1056,46,0,58,9
4,350,21.000000,0.000000,2,0,1586349186,1063,45,1063,45,0,58,9
4,350,21.000000,0.000000,2,0,1586349190,1072,44,1072,44,0,58,9
4,350,21.000000,0.000000,2,0,1586349193,1079,43,1079,43,0,58,9
4,350,21.000000,0.000000,2,0,1586349196,1091,40,1091,40,0,58,9
4,350,21.000000,0.000000,2,0,1586349199,1097,39,1097,39,0,58,9
4,350,21.000000,0.000000,2,0,1586349202,1110,36,1110,36,0,58,9
4,350,21.000000,0.000000,2,0,1586349205,1115,36,1115,36,0,58,9
4,350,21.000000,0.000000,2,0,1586349208,1123,35,1123,35,0,58,9
4,350,21.000000,0.000000,2,0,1586349211,1128,33,1128,33,0,58,9
4,350,21.000000,0.000000,2,0,1586349214,1134,33,1134,33,0,58,9
4,350,21.000000,0.000000,2,0,1586349217,1138,31,1138,31,0,58,9
4,350,21.000000,0.000000,2,0,1586349221,1147,28,1147,28,0,58,9
4,350,21.000000,0.000000,2,0,1586349224,1151,27,1151,27,0,58,9
4,350,21.000000,0.000000,2,0,1586349227,1154,25,1154,25,0,58,9
4,350,21.000000,0.000000,2,0,1586349230,1156,24,1156,24,0,58,9
4,350,21.000000,0.000000,2,0,1586349232,1159,24,1159,24,0,58,9
4,350,21.000000,0.000000,2,0,1586349235,1162,22,1162,22,0,58,9
4,350,21.000000,0.000000,2,0,1586349238,1166,21,1166,21,0,58,9
4,350,21.000000,0.000000,2,0,1586349241,1168,19,1168,19,0,58,9
4,350,21.000000,0.000000,2,0,1586349244,1171,18,1171,18,0,58,9
4,350,21.000000,0.000000,2,0,1586349247,1172,18,1172,18,0,58,9
4,350,21.000000,0.000000,2,0,1586349250,1174,16,1174,16,0,58,9
4,350,21.000000,0.000000,2,0,1586349253,1176,15,1176,15,0,58,9
4,350,21.000000,0.000000,2,0,1586349255,1178,14,1178,14,0,58,9
4,350,21.000000,0.000000,2,0,1586349260,1179,13,1179,13,0,58,9
4,350,21.000000,0.000000,2,0,1586349263,1181,11,1181,11,0,58,9
4,350,21.000000,0.000000,2,0,1586349266,1182,10,1182,10,0,58,9
4,350,21.000000,0.000000,2,0,1586349269,1184,9,1184,9,0,58,9
4,350,21.000000,0.000000,2,0,1586349272,1184,8,1184,8,0,58,9
4,350,21.000000,0.000000,2,0,1586349275,1186,8,1186,8,0,58,9
4,350,21.000000,0.000000,2,0,1586349279,1188,6,1188,6,0,58,9
4,350,21.000000,0.000000,2,0,1586349282,1189,5,1189,5,0,58,9
4,350,21.000000,0.000000,2,0,1586349285,1190,5,1190,5,0,58,9
4,350,21.000000,0.000000,2,0,1586349288,1191,4,1191,4,0,58,9
4,350,21.000000,0.000000,2,0,1586349291,1192,4,1192,4,0,58,9
4,350,21.000000,0.000000,2,0,1586349294,1192,3,1192,3,0,58,9
4,350,21.000000,0.000000,2,0,1586349297,1192,3,1192,3,0,58,9
4,350,21.000000,0.000000,2,0,1586349299,1193,3,1193,3,0,58,9
4,350,21.000000,0.000000,2,0,1586349302,1194,3,1194,3,0,58,9
4,350,21.000000,0.000000,2,0,1586349305,1194,2,1194,2,0,58,9
4,350,21.000000,0.000000,2,0,1586349309,1196,2,1196,2,0,58,9
4,350,21.000000,0.000000,2,0,1586349311,1196,1,1196,1,0,58,9
4,350,21.000000,0.000000,2,0,1586349314,1197,0,1197,0,0,58,9
4,350,21.000000,0.000000,2,0,1586349318,1197,0,1197,-1,0,58,9
4,350,21.000000,0.000000,2,0,1586349321,1198,0,1198,-1,0,58,9
4,350,21.000000,0.000000,2,0,1586349324,1198,0,1198,-1,0,58,9
4,350,21.000000,0.000000,2,0,1586349327,1199,0,1199,-3,0,58,9
4,350,21.000000,0.000000,2,0,1586349330,1199,0,1199,-3,0,58,9
4,350,21.000000,0.000000,2,0,1586349333,1199,0,1199,-4,0,58,9
4,350,21.000000,0.000000,2,0,1586349336,1199,0,1199,-4,0,58,9
4,350,21.000000,0.000000,2,0,1586349339,1199,0,1199,-4,0,58,9
4,350,21.000000,0.000000,2,0,1586349342,1199,0,1199,-5,0,58,9
4,350,21.000000,0.000000,2,0,1586349344,1199,0,1199,-7,0,58,9
4,350,21.000000,0.000000,2,0,1586349347,1199,0,1199,-7,0,58,9
4,350,21.000000,0.000000,2,0,1586349350,1199,0,1199,-7,0,58,9
4,350,21.000000,0.000000,2,0,1586349354,1199,0,1199,-8,0,58,9
4,350,21.000000,0.000000,2,0,1586349357,1199,0,1199,-10,0,58,9
4,350,21.000000,0.000000,2,0,1586349360,1199,0,1199,-10,0,58,9
4,350,21.000000,0.000000,2,0,1586349363,1199,0,1199,-10,0,58,9
4,350,21.000000,0.000000,2,0,1586349366,1199,0,1199,-10,0,58,9
4,350,21.000000,0.000000,2,0,1586349369,1198,0,1198,-10,0,58,9
4,350,21.000000,0.000000,2,0,1586349372,1197,0,1197,-10,0,58,9
4,350,21.000000,0.000000,2,0,1586349375,1195,0,1195,-11,0,58,9
4,350,21.000000,0.000000,2,0,1586349378,1194,0,1194,-13,0,58,9
4,350,21.000000,0.000000,2,0,1586349381,1193,0,1193,-13,0,58,9
4,350,21.000000,0.000000,2,0,1586349385,1192,0,1192,-13,0,58,9
4,350,21.000000,0.000000,2,0,1586349387,1188,0,1188,-16,0,58,9
4,350,21.000000,0.000000,2,0,1586349390,1186,0,1186,-16,0,58,9
4,350,21.000000,0.000000,2,0,1586349393,1185,0,1185,-17,0,58,9
4,350,21.000000,0.000000,2,0,1586349396,1181,0,1181,-17,0,58,9
4,350,21.000000,0.000000,2,0,1586349399,1181,0,1181,-19,0,58,9
4,350,21.000000,0.000000,2,0,1586349402,1179,0,1179,-20,0,58,9
4,350,21.000000,0.000000,2,0,1586349405,1177,0,1177,-20,0,58,9
4,350,21.000000,0.000000,2,0,1586349408,1176,0,1176,-20,0,58,9
4,350,21.000000,0.000000,2,0,1586349411,1174,0,1174,-20,0,58,9
4,350,21.000000,0.000000,2,0,1586349415,1170,0,1170,-21,0,58,9
4,350,21.000000,0.000000,2,0,1586349417,1165,0,1165,-23,0,58,9
4,350,21.000000,0.000000,2,0,1586349420,1162,0,1162,-23,0,58,9
4,350,21.000000,0.000000,2,0,1586349423,1159,0,1159,-23,0,58,9
4,350,21.000000,0.000000,2,0,1586349426,1155,0,1155,-23,0,58,9
4,350,21.000000,0.000000,2,0,1586349429,1152,0,1152,-24,0,58,9
4,350,21.000000,0.000000,2,0,1586349432,1150,0,1150,-24,0,58,9
4,350,21.000000,0.000000,2,0,1586349435,1146,0,1146,-24,0,58,9
4,350,21.000000,0.000000,2,0,1586349438,1142,0,1142,-25,0,58,9
4,350,21.000000,0.000000,2,0,1586349441,1140,0,1140,-25,0,58,9
4,350,21.000000,0.000000,2,0,1586349444,1138,0,1138,-25,0,58,9
4,350,21.000000,0.000000,2,0,1586349447,1134,0,1134,-26,0,58,9
4,350,21.000000,0.000000,2,0,1586349450,1130,0,1130,-27,0,58,9
4,350,21.000000,0.000000,2,0,1586349452,1127,0,1127,-28,0,58,9
4,350,21.000000,0.000000,2,0,1586349455,1126,0,1126,-28,0,58,9
4,350,21.000000,0.000000,2,0,1586349458,1126,0,1124,-28,0,58,9
4,350,21.000000,0.000000,2,0,1586349460,1126,0,1121,-28,0,58,9
4,350,21.000000,0.000000,2,0,1586349463,1126,0,1118,-28,0,58,9
4,350,21.000000,0.000000,2,0,1586349466,1126,0,1115,-28,0,58,9
4,350,21.000000,0.000000,2,0,1586349469,1126,0,1111,-29,0,58,9
4,350,21.000000,0.000000,2,0,1586349471,1126,0,1109,-29,0,58,9
4,350,21.000000,0.000000,2,0,1586349474,1126,0,1106,-29,0,58,9
4,350,21.000000,0.000000,2,0,1586349477,1126,0,1104,-30,0,58,9
4,350,21.000000,0.000000,2,0,1586349480,1126,0,1099,-31,0,58,9
4,350,21.000000,0.000000,2,0,1586349483,1126,0,1098,-31,0,58,9
4,350,21.000000,0.000000,2,0,1586349485,1126,0,1095,-31,0,58,9
4,350,21.000000,0.000000,2,0,1586349488,1126,0,1093,-31,0,58,9
4,350,21.000000,0.000000,2,0,1586349491,1126,0,1090,-31,0,58,9
4,350,21.000000,0.000000,2,0,1586349494,1126,0,1089,-31,0,58,9
4,350,21.000000,0.000000,2,0,1586349497,1126,0,1086,-31,0,58,9
4,350,21.000000,0.000000,2,0,1586349499,1126,0,1084,-31,0,58,9
4,350,21.000000,0.000000,2,0,1586349502,1126,0,1082,-31,0,58,9
4,350,21.000000,0.000000,2,0,1586349505,1126,0,1081,-31,0,58,9
4,350,21.000000,0.000000,2,0,1586349508,1126,0,1079,-31,0,58,9
4,350,21.000000,0.000000,2,0,1586349510,1126,0,1077,-31,0,58,9
4,350,21.000000,0.000000,2,0,1586349513,1126,0,1074,-31,0,58,9
4,350,21.000000,0.000000,2,0,1586349516,1126,0,1072,-31,0,58,9
4,350,21.000000,0.000000,2,0,1586349519,1126,0,1071,-31,0,58,9
4,350,21.000000,0.000000,2,0,1586349522,1126,0,1071,-31,0,58,9
4,350,21.000000,0.000000,2,0,1586349524,1126,0,1069,-31,0,58,9
4,350,21.000000,0.000000,2,0,1586349527,1126,0,1068,-31,0,58,9
4,350,21.000000,0.000000,2,0,1586349530,1126,0,1066,-31,0,58,9
4,350,21.000000,0.000000,2,0,1586349532,1126,0,1065,-31,0,58,9
4,350,21.000000,0.000000,2,0,1586349535,1126,0,1065,-31,0,58,9
4,350,21.000000,0.000000,2,0,1586349537,1126,0,1065,-31,0,58,9
4,350,21.000000,0.000000,2,0,1586349540,1126,0,1065,-31,0,58,9
4,350,21.000000,0.000000,2,0,1586349543,1126,0,1065,-31,0,58,9
4,350,21.000000,0.000000,2,0,1586349546,1126,0,1065,-31,0,58,9
4,350,21.000000,0.000000,2,0,1586349548,1126,0,1064,-31,0,58,9
4,350,21.000000,0.000000,2,0,1586349551,1126,0,1063,-31,0,58,9
4,350,21.000000,0.000000,2,0,1586349554,1126,0,1063,-31,0,58,9
4,350,21.000000,0.000000,2,0,1586349557,1126,0,1063,-31,0,58,9
4,350,21.000000,0.000000,2,0,1586349559,1126,0,1063,-31,0,58,9
4,350,21.000000,0.000000,2,0,1586349562,1126,0,1063,-31,0,58,9
4,350,21.000000,0.000000,2,0,1586349565,1126,0,1063,-31,0,58,9
4,350,21.000000,0.000000,2,0,1586349568,1126,0,1063,-31,0,58,9
4,350,21.000000,0.000000,2,0,1586349571,1126,0,1063,-31,0,58,9
4,350,21.000000,0.000000,2,0,1586349573,1126,0,1063,-31,0,58,9
4,350,21.000000,0.000000,2,0,1586349576,1126,0,1063,-31,0,58,9
4,350,21.000000,0.000000,2,0,1586349579,1126,0,1063,-31,0,58,9
4,350,21.000000,0.000000,2,0,1586349582,1126,0,1063,-31,0,58,9
4,350,21.000000,0.000000,2,0,1586349584,1126,0,1063,-31,0,58,9
4,350,21.000000,0.000000,2,0,1586349587,1126,0,1063,-31,0,58,9
4,350,21.000000,0.000000,2,0,1586349590,1126,0,1063,-31,0,58,9
4,350,21.000000,0.000000,2,0,1586349593,1126,0,1063,-31,0,58,9
4,350,21.000000,0.000000,2,0,1586349596,1126,0,1063,-31,0,58,9
4,350,21.000000,0.000000,2,0,1586349598,1126,0,1063,-31,0,58,9
4,350,21.000000,0.000000,2,0,1586349601,1126,0,1063,-31,0,58,9
4,350,21.000000,0.000000,2,0,1586349604,1126,0,1063,-31,0,58,9
4,350,21.000000,0.000000,2,0,1586349617,1126,0,1063,-31,0,58,9
