9,350,80.500000,0.000000,1,0,108799682,806,0,806,0,0,10,6
9,350,80.500000,0.000000,1,0,108799683,806,0,806,0,0,10,6
9,350,80.500000,0.000000,1,0,108799685,805,0,805,0,0,10,6
9,350,80.500000,0.000000,1,0,108799688,804,0,804,0,0,10,6
9,350,80.500000,0.000000,1,0,108799691,804,0,804,0,0,10,6
9,350,80.500000,0.000000,1,0,108799694,804,0,804,0,0,10,6
9,350,80.500000,0.000000,1,0,108799697,804,0,804,0,0,10,6
9,350,80.500000,0.000000,1,0,108799700,804,0,804,0,0,10,6
9,350,80.500000,0.000000,1,0,108799702,804,0,804,0,0,10,6
9,350,80.500000,0.000000,1,0,108799705,804,0,804,0,0,10,6
9,350,80.500000,0.000000,1,0,108799708,804,0,804,0,0,10,6
9,350,80.500000,0.000000,1,0,108799711,804,0,804,0,0,10,6
9,350,80.500000,0.000000,1,0,108799713,804,0,804,0,0,10,6
9,350,80.500000,0.000000,1,0,108799716,804,0,804,0,0,10,6
9,350,80.500000,0.000000,1,0,108799719,804,0,804,0,0,10,6
9,350,80.500000,0.000000,1,0,108799722,804,0,804,0,0,10,6
9,350,80.500000,0.000000,1,0,108799724,804,0,804,0,0,10,6
9,350,80.500000,0.000000,1,0,108799727,804,0,804,0,0,10,6
9,350,80.500000,0.000000,1,0,108799730,804,0,804,0,0,10,6
9,350,80.500000,0.000000,1,0,108799733,804,0,804,0,0,10,6
9,350,80.500000,0.000000,1,0,108799736,804,0,804,0,0,10,6
9,350,80.500000,0.000000,1,0,108799738,804,0,804,0,0,10,6
9,350,80.500000,0.000000,1,0,108799741,804,0,804,0,0,10,6
9,350,80.500000,0.000000,1,0,108799744,804,0,804,0,0,10,6
9,350,80.500000,0.000000,1,0,108799747,804,0,804,0,0,10,6
9,350,80.500000,0.000000,1,0,108799750,804,0,804,0,0,10,6
9,350,80.500000,0.000000,1,0,108799752,804,0,804,0,0,10,6
9,350,80.500000,0.000000,1,0,108799755,804,0,804,0,0,10,6
9,350,80.500000,0.000000,1,0,108799758,804,0,804,0,0,10,6
9,350,80.500000,0.000000,1,0,108799760,805,0,805,0,0,10,6
9,350,80.500000,0.000000,1,0,108799763,806,0,806,0,0,10,6
9,350,80.500000,0.000000,1,0,108799766,806,1,806,1,0,10,6
9,350,80.500000,0.000000,1,0,108799769,806,2,806,2,0,10,6
9,350,80.500000,0.000000,1,0,108799772,809,5,809,5,0,10,6
9,350,80.500000,0.000000,1,0,108799774,812,8,812,8,0,10,6
9,350,80.500000,0.000000,1,0,108799777,814,10,814,10,0,10,6
9,350,80.500000,0.000000,1,0,108799780,815,12,815,12,0,10,6
9,350,80.500000,0.000000,1,0,108799783,817,12,817,12,0,10,6
9,350,80.500000,0.000000,1,0,108799786,819,14,819,14,0,10,6
9,350,80.500000,0.000000,1,0,108799789,821,16,821,16,0,10,6
9,350,80.500000,0.000000,1,0,108799791,826,18,826,18,0,10,6
9,350,80.500000,0.000000,1,0,108799794,828,19,828,19,0,10,6
9,350,80.500000,0.000000,1,0,108799797,834,23,834,23,0,10,6
9,350,80.500000,0.000000,1,0,108799800,840,25,840,25,0,10,6
9,350,80.500000,0.000000,1,0,108799802,846,26,846,26,0,10,6
9,350,80.500000,0.000000,1,0,108799805,853,29,853,29,0,10,6
9,350,80.500000,0.000000,1,0,108799808,860,31,860,31,0,10,6
9,350,80.500000,0.000000,1,0,108799810,867,33,867,33,0,10,6
9,350,80.500000,0.000000,1,0,108799813,877,35,877,35,0,10,6
9,350,80.500000,0.000000,1,0,108799816,886,36,886,36,0,10,6
9,350,80.500000,0.000000,1,0,108799819,895,38,895,38,0,10,6
9,350,80.500000,0.000000,1,0,108799822,906,38,906,38,0,10,6
9,350,80.500000,0.000000,1,0,108799824,914,39,914,39,0,10,6
9,350,80.500000,0.000000,1,0,108799827,923,39,923,39,0,10,6
9,350,80.500000,0.000000,1,0,108799830,932,40,932,40,0,10,6
9,350,80.500000,0.000000,1,0,108799833,942,40,942,40,0,10,6
9,350,80.500000,0.000000,1,0,108799836,952,40,952,40,0,10,6
9,350,80.500000,0.000000,1,0,108799838,960,40,960,40,0,10,6
9,350,80.500000,0.000000,1,0,108799841,969,40,969,40,0,10,6
9,350,80.500000,0.000000,1,0,108799844,989,40,989,40,0,10,6
9,350,80.500000,0.000000,1,0,108799847,997,39,997,39,0,10,6
9,350,80.500000,0.000000,1,0,108799850,1006,39,1006,39,0,10,6
9,350,80.500000,0.000000,1,0,108799852,1016,38,1016,38,0,10,6
9,350,80.500000,0.000000,1,0,108799855,1024,37,1024,37,0,10,6
9,350,80.500000,0.000000,1,0,108799858,1033,36,1033,36,0,10,6
9,350,80.500000,0.000000,1,0,108799861,1042,35,1042,35,0,10,6
9,350,80.500000,0.000000,1,0,108799864,1050,34,1050,34,0,10,6
9,350,80.500000,0.000000,1,0,108799866,1055,33,1055,33,0,10,6
9,350,80.500000,0.000000,1,0,108799869,1062,31,1062,31,0,10,6
9,350,80.500000,0.000000,1,0,108799872,1069,30,1069,30,0,10,6
9,350,80.500000,0.000000,1,0,108799875,1074,28,1074,28,0,10,6
9,350,80.500000,0.000000,1,0,108799878,1080,27,1080,27,0,10,6
9,350,80.500000,0.000000,1,0,108799880,1086,25,1086,25,0,10,6
9,350,80.500000,0.000000,1,0,108799883,1091,25,1091,25,0,10,6
9,350,80.500000,0.000000,1,0,108799886,1094,24,1094,24,0,10,6
9,350,80.500000,0.000000,1,0,108799889,1097,21,1097,21,0,10,6
9,350,80.500000,0.000000,1,0,108799891,1102,20,1102,20,0,10,6
9,350,80.500000,0.000000,1,0,108799894,1104,19,1104,19,0,10,6
9,350,80.500000,0.000000,1,0,108799897,1107,18,1107,18,0,10,6
9,350,80.500000,0.000000,1,0,108799900,1110,18,1110,18,0,10,6
9,350,80.500000,0.000000,1,0,108799902,1112,18,1112,18,0,10,6
9,350,80.500000,0.000000,1,0,108799905,1114,17,1114,17,0,10,6
9,350,80.500000,0.000000,1,0,108799908,1116,16,1116,16,0,10,6
9,350,80.500000,0.000000,1,0,108799910,1117,14,1117,14,0,10,6
9,350,80.500000,0.000000,1,0,108799914,1119,14,1119,14,0,10,6
9,350,80.500000,0.000000,1,0,108799916,1119,12,1119,12,0,10,6
9,350,80.500000,0.000000,1,0,108799919,1121,12,1121,12,0,10,6
9,350,80.500000,0.000000,1,0,108799922,1122,11,1122,11,0,10,6
9,350,80.500000,0.000000,1,0,108799925,1122,10,1122,10,0,10,6
9,350,80.500000,0.000000,1,0,108799928,1124,9,1124,9,0,10,6
9,350,80.500000,0.000000,1,0,108799930,1125,9,1125,9,0,10,6
9,350,80.500000,0.000000,1,0,108799933,1126,9,1126,9,0,10,6
9,350,80.500000,0.000000,1,0,108799935,1127,9,1127,9,0,10,6
9,350,80.500000,0.000000,1,0,108799938,1128,7,1128,7,0,10,6
9,350,80.500000,0.000000,1,0,108799941,1129,5,1129,5,0,10,6
9,350,80.500000,0.000000,1,0,108799944,1130,3,1130,3,0,10,6
9,350,80.500000,0.000000,1,0,108799947,1131,1,1131,1,0,10,6
9,350,80.500000,0.000000,1,0,108799949,1131,0,1131,0,0,10,6
9,350,80.500000,0.000000,1,0,108799952,1132,0,1132,-1,0,10,6
9,350,80.500000,0.000000,1,0,108799955,1132,0,1132,-1,0,10,6
9,350,80.500000,0.000000,1,0,108799958,1132,0,1132,-1,0,10,6
9,350,80.500000,0.000000,1,0,108799961,1133,0,1133,-2,0,10,6
9,350,80.500000,0.000000,1,0,108799964,1133,0,1133,-2,0,10,6
9,350,80.500000,0.000000,1,0,108799966,1133,0,1133,-3,0,10,6
9,350,80.500000,0.000000,1,0,108799969,1133,0,1133,-4,0,10,6
9,350,80.500000,0.000000,1,0,108799972,1133,0,1133,-5,0,10,6
9,350,80.500000,0.000000,1,0,108799975,1134,0,1134,-6,0,10,6
9,350,80.500000,0.000000,1,0,108799977,1135,0,1135,-6,0,10,6
9,350,80.500000,0.000000,1,0,108799980,1137,0,1137,-7,0,10,6
9,350,80.500000,0.000000,1,0,108799983,1137,0,1137,-8,0,10,6
9,350,80.500000,0.000000,1,0,108799986,1137,0,1137,-9,0,10,6
9,350,80.500000,0.000000,1,0,108799988,1138,0,1138,-11,0,10,6
9,350,80.500000,0.000000,1,0,108799991,1139,0,1139,-13,0,10,6
9,350,80.500000,0.000000,1,0,108799994,1140,0,1140,-14,0,10,6
9,350,80.500000,0.000000,1,0,108799997,1141,0,1141,-15,0,10,6
9,350,80.500000,0.000000,1,0,108800000,1141,0,1141,-16,0,10,6
9,350,80.500000,0.000000,1,0,108800002,1143,0,1143,-16,0,10,6
9,350,80.500000,0.000000,1,0,108800005,1145,0,1145,-16,0,10,6
9,350,80.500000,0.000000,1,0,108800008,1145,0,1145,-17,0,10,6
9,350,80.500000,0.000000,1,0,108800011,1145,0,1145,-18,0,10,6
9,350,80.500000,0.000000,1,0,108800014,1145,0,1145,-18,0,10,6
9,350,80.500000,0.000000,1,0,108800016,1145,0,1145,-18,0,10,6
9,350,80.500000,0.000000,1,0,108800019,1145,0,1145,-18,0,10,6
9,350,80.500000,0.000000,1,0,108800022,1145,0,1145,-18,0,10,6
9,350,80.500000,0.000000,1,0,108800024,1146,0,1146,-18,0,10,6
9,350,80.500000,0.000000,1,0,108800027,1147,0,1147,-18,0,10,6
9,350,80.500000,0.000000,1,0,108800030,1147,0,1147,-18,0,10,6
9,350,80.500000,0.000000,1,0,108800033,1147,0,1147,-18,0,10,6
9,350,80.500000,0.000000,1,0,108800036,1147,0,1147,-18,0,10,6
9,350,80.500000,0.000000,1,0,108800038,1147,0,1147,-18,0,10,6
9,350,80.500000,0.000000,1,0,108800041,1147,0,1147,-18,0,10,6
9,350,80.500000,0.000000,1,0,108800044,1147,0,1147,-18,0,10,6
9,350,80.500000,0.000000,1,0,108800047,1147,0,1147,-18,0,10,6
9,350,80.500000,0.000000,1,0,108800050,1147,0,1147,-18,0,10,6
9,350,80.500000,0.000000,1,0,108800053,1147,0,1147,-18,0,10,6
9,350,80.500000,0.000000,1,0,108800055,1147,0,1147,-18,0,10,6
9,350,80.500000,0.000000,1,0,108800058,1147,0,1147,-18,0,10,6
9,350,80.500000,0.000000,1,0,108800061,1147,0,1147,-18,0,10,6
9,350,80.500000,0.000000,1,0,108800064,1147,0,1147,-18,0,10,6
9,350,80.500000,0.000000,1,0,108800066,1147,0,1147,-18,0,10,6
9,350,80.500000,0.000000,1,0,108800069,1147,0,1147,-18,0,10,6
9,350,80.500000,0.000000,1,0,108800072,1147,0,1147,-18,0,10,6
9,350,80.500000,0.000000,1,0,108800075,1147,0,1147,-18,0,10,6
9,350,80.500000,0.000000,1,0,108800078,1147,0,1147,-18,0,10,6
9,350,80.500000,0.000000,1,0,108800088,1147,0,1147,-18,0,10,6
