9,700,21.000000,42.000000,1,0,108900745,610,3,610,3,0,15,8
9,700,21.000000,42.000000,1,0,108900746,610,3,610,3,0,15,8
9,700,21.000000,42.000000,1,0,108900748,610,3,610,3,0,15,8
9,700,21.000000,42.000000,1,0,108900751,609,3,609,3,0,15,8
9,700,21.000000,42.000000,1,0,108900754,608,3,608,3,0,15,8
9,700,21.000000,42.000000,1,0,108900757,608,3,608,3,0,15,8
9,700,21.000000,42.000000,1,0,108900760,608,3,608,3,0,15,8
9,700,21.000000,42.000000,1,0,108900762,608,3,608,3,0,15,8
9,700,21.000000,42.000000,1,0,108900765,608,3,608,3,0,15,8
9,700,21.000000,42.000000,1,0,108900767,608,3,608,3,0,15,8
9,700,21.000000,42.000000,1,0,108900770,608,3,608,3,0,15,8
9,700,21.000000,42.000000,1,0,108900773,608,3,608,3,0,15,8
9,700,21.000000,42.000000,1,0,108900776,608,3,608,3,0,15,8
9,700,21.000000,42.000000,1,0,108900779,608,3,608,3,0,15,8
9,700,21.000000,42.000000,1,0,108900781,608,3,608,3,0,15,8
9,700,21.000000,42.000000,1,0,108900784,608,3,608,3,0,15,8
9,700,21.000000,42.000000,1,0,108900787,608,3,608,3,0,15,8
9,700,21.000000,42.000000,1,0,108900790,608,3,608,3,0,15,8
9,700,21.000000,42.000000,1,0,108900793,608,3,608,3,0,15,8
9,700,21.000000,42.000000,1,0,108900795,608,3,608,3,0,15,8
9,700,21.000000,42.000000,1,0,108900798,608,3,608,3,0,15,8
9,700,21.000000,42.000000,1,0,108900801,609,4,609,4,0,15,8
9,700,21.000000,42.000000,1,0,108900804,610,5,610,5,0,15,8
9,700,21.000000,42.000000,1,0,108900807,610,5,610,5,0,15,8
9,700,21.000000,42.000000,1,0,108900809,610,6,610,6,0,15,8
9,700,21.000000,42.000000,1,0,108900812,610,7,610,7,0,15,8
9,700,21.000000,42.000000,1,0,108900815,610,9,610,9,0,15,8
9,700,21.000000,42.000000,1,0,108900818,611,10,611,10,0,15,8
9,700,21.000000,42.000000,1,0,108900821,611,12,611,12,0,15,8
9,700,21.000000,42.000000,1,0,108900823,612,13,612,13,0,15,8
9,700,21.000000,42.000000,1,0,108900826,612,15,612,15,0,15,8
9,700,21.000000,42.000000,1,0,108900829,616,22,616,22,0,15,8
9,700,21.000000,42.000000,1,0,108900832,617,27,617,27,0,15,8
9,700,21.000000,42.000000,1,0,108900834,617,30,617,30,0,15,8
9,700,21.000000,42.000000,1,0,108900837,618,34,618,34,0,15,8
9,700,21.000000,42.000000,1,0,108900840,623,42,623,42,0,15,8
9,700,21.000000,42.000000,1,0,108900843,625,46,625,46,0,15,8
9,700,21.000000,42.000000,1,0,108900846,630,52,630,52,0,15,8
9,700,21.000000,42.000000,1,0,108900848,634,59,634,59,0,15,8
9,700,21.000000,42.000000,1,0,108900851,640,65,640,65,0,15,8
9,700,21.000000,42.000000,1,0,108900854,643,71,643,71,0,15,8
9,700,21.000000,42.000000,1,0,108900856,649,79,649,79,0,15,8
9,700,21.000000,42.000000,1,0,108900859,658,85,658,85,0,15,8
9,700,21.000000,42.000000,1,0,108900862,669,93,669,93,0,15,8
9,700,21.000000,42.000000,1,0,108900865,675,99,675,99,0,15,8
9,700,21.000000,42.000000,1,0,108900868,686,106,686,106,0,15,8
9,700,21.000000,42.000000,1,0,108900870,699,113,699,113,0,15,8
9,700,21.000000,42.000000,1,0,108900873,713,119,713,119,0,15,8
9,700,21.000000,42.000000,1,0,108900876,728,124,728,124,0,15,8
9,700,21.000000,42.000000,1,0,108900879,760,137,760,137,0,15,8
9,700,21.000000,42.000000,1,0,108900882,780,144,780,144,0,15,8
9,700,21.000000,42.000000,1,0,108900884,796,149,796,149,0,15,8
9,700,21.000000,42.000000,1,0,108900887,810,152,810,152,0,15,8
9,700,21.000000,42.000000,1,0,108900890,826,153,826,153,0,15,8
9,700,21.000000,42.000000,1,0,108900893,847,155,847,155,0,15,8
9,700,21.000000,42.000000,1,0,108900896,861,156,861,156,0,15,8
9,700,21.000000,42.000000,1,0,108900898,882,156,882,156,0,15,8
9,700,21.000000,42.000000,1,0,108900901,899,156,899,156,0,15,8
9,700,21.000000,42.000000,1,0,108900904,921,158,921,158,0,15,8
9,700,21.000000,42.000000,1,0,108900907,941,158,941,158,0,15,8
9,700,21.000000,42.000000,1,0,108900909,963,158,963,158,0,15,8
9,700,21.000000,42.000000,1,0,108900912,979,158,979,158,0,15,8
9,700,21.000000,42.000000,1,0,108900915,1001,158,1001,158,0,15,8
9,700,21.000000,42.000000,1,0,108900918,1017,158,1017,158,0,15,8
9,700,21.000000,42.000000,1,0,108900920,1034,153,1034,153,0,15,8
9,700,21.000000,42.000000,1,0,108900923,1055,149,1055,149,0,15,8
9,700,21.000000,42.000000,1,0,108900926,1078,147,1078,147,0,15,8
9,700,21.000000,42.000000,1,0,108900929,1094,143,1094,143,0,15,8
9,700,21.000000,42.000000,1,0,108900932,1106,139,1106,139,0,15,8
9,700,21.000000,42.000000,1,0,108900934,1119,137,1119,137,0,15,8
9,700,21.000000,42.000000,1,0,108900937,1129,133,1129,133,0,15,8
9,700,21.000000,42.000000,1,0,108900940,1142,131,1142,131,0,15,8
9,700,21.000000,42.000000,1,0,108900943,1153,126,1153,126,0,15,8
9,700,21.000000,42.000000,1,0,108900946,1165,122,1165,122,0,15,8
9,700,21.000000,42.000000,1,0,108900948,1175,117,1175,117,0,15,8
9,700,21.000000,42.000000,1,0,108900951,1186,114,1186,114,0,15,8
9,700,21.000000,42.000000,1,0,108900954,1196,108,1196,108,0,15,8
9,700,21.000000,42.000000,1,0,108900957,1205,103,1205,103,0,15,8
9,700,21.000000,42.000000,1,0,108900960,1216,99,1216,99,0,15,8
9,700,21.000000,42.000000,1,0,108900962,1223,95,1223,95,0,15,8
9,700,21.000000,42.000000,1,0,108900965,1229,91,1229,91,0,15,8
9,700,21.000000,42.000000,1,0,108900968,1237,86,1237,86,0,15,8
9,700,21.000000,42.000000,1,0,108900971,1243,82,1243,82,0,15,8
9,700,21.000000,42.000000,1,0,108900973,1250,80,1250,80,0,15,8
9,700,21.000000,42.000000,1,0,108900976,1254,78,1254,78,0,15,8
9,700,21.000000,42.000000,1,0,108900979,1261,73,1261,73,0,15,8
9,700,21.000000,42.000000,1,0,108900982,1264,72,1264,72,0,15,8
9,700,21.000000,42.000000,1,0,108900985,1267,68,1267,68,0,15,8
9,700,21.000000,42.000000,1,0,108900987,1269,65,1269,65,0,15,8
9,700,21.000000,42.000000,1,0,108900990,1273,64,1273,64,0,15,8
9,700,21.000000,42.000000,1,0,108900993,1274,61,1274,61,0,15,8
9,700,21.000000,42.000000,1,0,108900995,1275,59,1275,59,0,15,8
9,700,21.000000,42.000000,1,0,108900998,1278,58,1278,58,0,15,8
9,700,21.000000,42.000000,1,0,108901001,1280,56,1280,56,0,15,8
9,700,21.000000,42.000000,1,0,108901004,1282,55,1282,55,0,15,8
9,700,21.000000,42.000000,1,0,108901007,1283,52,1283,52,0,15,8
9,700,21.000000,42.000000,1,0,108901009,1284,52,1284,52,0,15,8
9,700,21.000000,42.000000,1,0,108901012,1285,50,1285,50,0,15,8
9,700,21.000000,42.000000,1,0,108901015,1287,49,1287,49,0,15,8
9,700,21.000000,42.000000,1,0,108901018,1288,46,1288,46,0,15,8
9,700,21.000000,42.000000,1,0,108901021,1291,44,1291,44,0,15,8
9,700,21.000000,42.000000,1,0,108901023,1295,42,1295,42,0,15,8
9,700,21.000000,42.000000,1,0,108901026,1296,41,1296,41,0,15,8
9,700,21.000000,42.000000,1,0,108901029,1297,39,1297,39,0,15,8
9,700,21.000000,42.000000,1,0,108901032,1300,38,1300,38,0,15,8
9,700,21.000000,42.000000,1,0,108901034,1301,35,1301,35,0,15,8
9,700,21.000000,42.000000,1,0,108901037,1302,33,1302,33,0,15,8
9,700,21.000000,42.000000,1,0,108901040,1304,32,1304,32,0,15,8
9,700,21.000000,42.000000,1,0,108901043,1307,30,1307,30,0,15,8
9,700,21.000000,42.000000,1,0,108901046,1308,30,1308,30,0,15,8
9,700,21.000000,42.000000,1,0,108901048,1309,27,1309,27,0,15,8
9,700,21.000000,42.000000,1,0,108901051,1311,27,1311,27,0,15,8
9,700,21.000000,42.000000,1,0,108901054,1313,26,1313,26,0,15,8
9,700,21.000000,42.000000,1,0,108901057,1315,25,1315,25,0,15,8
9,700,21.000000,42.000000,1,0,108901059,1316,25,1316,25,0,15,8
9,700,21.000000,42.000000,1,0,108901062,1318,23,1318,23,0,15,8
9,700,21.000000,42.000000,1,0,108901065,1318,22,1318,22,0,15,8
9,700,21.000000,42.000000,1,0,108901068,1319,22,1319,22,0,15,8
9,700,21.000000,42.000000,1,0,108901071,1320,22,1320,22,0,15,8
9,700,21.000000,42.000000,1,0,108901074,1321,21,1321,21,0,15,8
9,700,21.000000,42.000000,1,0,108901076,1322,20,1322,20,0,15,8
9,700,21.000000,42.000000,1,0,108901079,1322,20,1322,20,0,15,8
9,700,21.000000,42.000000,1,0,108901082,1322,20,1322,20,0,15,8
9,700,21.000000,42.000000,1,0,108901085,1322,20,1322,20,0,15,8
9,700,21.000000,42.000000,1,0,108901087,1322,20,1322,20,0,15,8
9,700,21.000000,42.000000,1,0,108901090,1322,20,1322,20,0,15,8
9,700,21.000000,42.000000,1,0,108901093,1322,19,1322,19,0,15,8
9,700,21.000000,42.000000,1,0,108901096,1322,19,1322,19,0,15,8
9,700,21.000000,42.000000,1,0,108901099,1322,18,1322,18,0,15,8
9,700,21.000000,42.000000,1,0,108901101,1322,17,1322,17,0,15,8
9,700,21.000000,42.000000,1,0,108901104,1322,17,1322,17,0,15,8
9,700,21.000000,42.000000,1,0,108901107,1322,17,1322,17,0,15,8
9,700,21.000000,42.000000,1,0,108901110,1322,17,1322,17,0,15,8
9,700,21.000000,42.000000,1,0,108901113,1321,17,1321,17,0,15,8
9,700,21.000000,42.000000,1,0,108901115,1320,17,1320,17,0,15,8
9,700,21.000000,42.000000,1,0,108901118,1320,17,1320,17,0,15,8
9,700,21.000000,42.000000,1,0,108901120,1320,17,1320,17,0,15,8
9,700,21.000000,42.000000,1,0,108901124,1320,17,1320,17,0,15,8
9,700,21.000000,42.000000,1,0,108901126,1320,16,1320,16,0,15,8
9,700,21.000000,42.000000,1,0,108901129,1320,15,1320,15,0,15,8
9,700,21.000000,42.000000,1,0,108901132,1320,15,1320,15,0,15,8
9,700,21.000000,42.000000,1,0,108901134,1320,15,1320,15,0,15,8
9,700,21.000000,42.000000,1,0,108901137,1320,15,1320,15,0,15,8
9,700,21.000000,42.000000,1,0,108901140,1320,15,1320,15,0,15,8
9,700,21.000000,42.000000,1,0,108901143,1320,15,1320,15,0,15,8
9,700,21.000000,42.000000,1,0,108901146,1320,15,1320,15,0,15,8
9,700,21.000000,42.000000,1,0,108901149,1320,15,1320,15,0,15,8
9,700,21.000000,42.000000,1,0,108901151,1320,15,1320,15,0,15,8
9,700,21.000000,42.000000,1,0,108901154,1320,15,1320,15,0,15,8
9,700,21.000000,42.000000,1,0,108901157,1320,15,1320,15,0,15,8
9,700,21.000000,42.000000,1,0,108901160,1320,14,1320,14,0,15,8
9,700,21.000000,42.000000,1,0,108901162,1320,13,1320,13,0,15,8
9,700,21.000000,42.000000,1,0,108901165,1320,12,1320,12,0,15,8
9,700,21.000000,42.000000,1,0,108901168,1320,12,1320,12,0,15,8
9,700,21.000000,42.000000,1,0,108901171,1320,12,1320,12,0,15,8
9,700,21.000000,42.000000,1,0,108901174,1320,11,1320,11,0,15,8
9,700,21.000000,42.000000,1,0,108901176,1320,10,1320,10,0,15,8
9,700,21.000000,42.000000,1,0,108901179,1320,9,1320,9,0,15,8
9,700,21.000000,42.000000,1,0,108901182,1320,8,1320,8,0,15,8
9,700,21.000000,42.000000,1,0,108901185,1320,8,1320,8,0,15,8
9,700,21.000000,42.000000,1,0,108901188,1319,7,1319,7,0,15,8
9,700,21.000000,42.000000,1,0,108901190,1318,6,1318,6,0,15,8
9,700,21.000000,42.000000,1,0,108901193,1317,6,1317,6,0,15,8
9,700,21.000000,42.000000,1,0,108901196,1317,5,1317,5,0,15,8
9,700,21.000000,42.000000,1,0,108901198,1317,4,1317,4,0,15,8
9,700,21.000000,42.000000,1,0,108901201,1317,3,1317,3,0,15,8
9,700,21.000000,42.000000,1,0,108901204,1317,3,1317,3,0,15,8
9,700,21.000000,42.000000,1,0,108901207,1316,2,1316,2,0,15,8
9,700,21.000000,42.000000,1,0,108901210,1315,1,1315,1,0,15,8
9,700,21.000000,42.000000,1,0,108901212,1315,1,1315,1,0,15,8
9,700,21.000000,42.000000,1,0,108901215,1315,1,1315,1,0,15,8
9,700,21.000000,42.000000,1,0,108901218,1315,1,1315,1,0,15,8
9,700,21.000000,42.000000,1,0,108901221,1315,1,1315,1,0,15,8
9,700,21.000000,42.000000,1,0,108901224,1315,1,1315,1,0,15,8
9,700,21.000000,42.000000,1,0,108901226,1315,1,1315,1,0,15,8
9,700,21.000000,42.000000,1,0,108901229,1315,1,1315,1,0,15,8
9,700,21.000000,42.000000,1,0,108901232,1315,1,1315,1,0,15,8
9,700,21.000000,42.000000,1,0,108901234,1315,1,1315,1,0,15,8
9,700,21.000000,42.000000,1,0,108901237,1315,1,1315,1,0,15,8
9,700,21.000000,42.000000,1,0,108901240,1315,1,1315,1,0,15,8
9,700,21.000000,42.000000,1,0,108901243,1315,1,1315,1,0,15,8
9,700,21.000000,42.000000,1,0,108901246,1315,1,1315,1,0,15,8
9,700,21.000000,42.000000,1,0,108901248,1315,1,1315,1,0,15,8
9,700,21.000000,42.000000,1,0,108901251,1315,1,1315,1,0,15,8
9,700,21.000000,42.000000,1,0,108901254,1315,1,1315,1,0,15,8
9,700,21.000000,42.000000,1,0,108901257,1315,1,1315,1,0,15,8
9,700,21.000000,42.000000,1,0,108901260,1315,1,1315,1,0,15,8
9,700,21.000000,42.000000,1,0,108901262,1315,1,1315,1,0,15,8
9,700,21.000000,42.000000,1,0,108901265,1315,1,1315,1,0,15,8
9,700,21.000000,42.000000,1,0,108901268,1315,1,1315,1,0,15,8
9,700,21.000000,42.000000,1,0,108901271,1315,1,1315,1,0,15,8
9,700,21.000000,42.000000,1,0,108901274,1315,1,1315,1,0,15,8
9,700,21.000000,42.000000,1,0,108901276,1315,1,1315,1,0,15,8
9,700,21.000000,42.000000,1,0,108901279,1315,1,1315,1,0,15,8
9,700,21.000000,42.000000,1,0,108901282,1315,1,1315,1,0,15,8
9,700,21.000000,42.000000,1,0,108901285,1314,1,1314,1,0,15,8
9,700,21.000000,42.000000,1,0,108901288,1313,1,1313,1,0,15,8
9,700,21.000000,42.000000,1,0,108901290,1313,0,1313,0,0,15,8
9,700,21.000000,42.000000,1,0,108901293,1312,0,1312,-1,0,15,8
9,700,21.000000,42.000000,1,0,108901296,1312,0,1312,-1,0,15,8
9,700,21.000000,42.000000,1,0,108901299,1311,0,1311,-1,0,15,8
9,700,21.000000,42.000000,1,0,108901302,1310,0,1310,-1,0,15,8
9,700,21.000000,42.000000,1,0,108901304,1310,0,1310,-2,0,15,8
9,700,21.000000,42.000000,1,0,108901307,1309,0,1309,-3,0,15,8
9,700,21.000000,42.000000,1,0,108901310,1309,0,1309,-3,0,15,8
9,700,21.000000,42.000000,1,0,108901313,1309,0,1309,-3,0,15,8
9,700,21.000000,42.000000,1,0,108901315,1309,0,1309,-3,0,15,8
9,700,21.000000,42.000000,1,0,108901318,1309,0,1309,-3,0,15,8
9,700,21.000000,42.000000,1,0,108901321,1309,0,1309,-3,0,15,8
9,700,21.000000,42.000000,1,0,108901323,1309,0,1309,-3,0,15,8
9,700,21.000000,42.000000,1,0,108901327,1309,0,1309,-3,0,15,8
9,700,21.000000,42.000000,1,0,108901329,1309,0,1309,-3,0,15,8
9,700,21.000000,42.000000,1,0,108901332,1309,0,1309,-3,0,15,8
9,700,21.000000,42.000000,1,0,108901335,1309,0,1309,-3,0,15,8
9,700,21.000000,42.000000,1,0,108901337,1309,0,1309,-3,0,15,8
9,700,21.000000,42.000000,1,0,108901340,1309,0,1309,-3,0,15,8
9,700,21.000000,42.000000,1,0,108901343,1309,0,1309,-3,0,15,8
9,700,21.000000,42.000000,1,0,108901346,1309,0,1309,-3,0,15,8
9,700,21.000000,42.000000,1,0,108901349,1309,0,1309,-3,0,15,8
9,700,21.000000,42.000000,1,0,108901352,1309,0,1309,-4,0,15,8
9,700,21.000000,42.000000,1,0,108901354,1309,0,1309,-4,0,15,8
9,700,21.000000,42.000000,1,0,108901357,1309,0,1309,-4,0,15,8
9,700,21.000000,42.000000,1,0,108901360,1309,0,1309,-4,0,15,8
9,700,21.000000,42.000000,1,0,108901363,1309,0,1309,-4,0,15,8
9,700,21.000000,42.000000,1,0,108901365,1309,0,1309,-4,0,15,8
9,700,21.000000,42.000000,1,0,108901368,1309,0,1309,-4,0,15,8
9,700,21.000000,42.000000,1,0,108901371,1309,0,1309,-4,0,15,8
9,700,21.000000,42.000000,1,0,108901374,1309,0,1309,-4,0,15,8
9,700,21.000000,42.000000,1,0,108901377,1309,0,1309,-4,0,15,8
9,700,21.000000,42.000000,1,0,108901379,1309,0,1309,-4,0,15,8
9,700,21.000000,42.000000,1,0,108901382,1309,0,1309,-4,0,15,8
9,700,21.000000,42.000000,1,0,108901385,1309,0,1309,-4,0,15,8
9,700,21.000000,42.000000,1,0,108901387,1309,0,1309,-4,0,15,8
9,700,21.000000,42.000000,1,0,108901390,1309,0,1309,-4,0,15,8
9,700,21.000000,42.000000,1,0,108901393,1309,0,1309,-4,0,15,8
9,700,21.000000,42.000000,1,0,108901396,1309,0,1309,-4,0,15,8
9,700,21.000000,42.000000,1,0,108901398,1309,0,1309,-4,0,15,8
9,700,21.000000,42.000000,1,0,108901401,1309,0,1309,-4,0,15,8
9,700,21.000000,42.000000,1,0,108901413,1309,0,1309,-4,0,15,8
