9,700,21.000000,42.000000,1,5,6611892,614,0,614,0,0,102,1,0
9,700,21.000000,42.000000,1,5,6611893,614,0,614,0,0,102,1,0
9,700,21.000000,42.000000,1,5,6611896,614,0,614,0,0,102,1,0
9,700,21.000000,42.000000,1,5,6611899,614,0,614,0,0,102,1,0
9,700,21.000000,42.000000,1,5,6611901,614,0,614,0,0,102,1,0
9,700,21.000000,42.000000,1,5,6611904,614,0,614,0,0,102,1,0
9,700,21.000000,42.000000,1,5,6611907,614,0,614,0,0,102,1,0
9,700,21.000000,42.000000,1,5,6611910,614,0,614,0,0,102,1,0
9,700,21.000000,42.000000,1,5,6611912,614,0,614,0,0,102,1,0
9,700,21.000000,42.000000,1,5,6611915,614,0,614,0,0,102,1,0
9,700,21.000000,42.000000,1,5,6611918,614,0,614,0,0,102,1,0
9,700,21.000000,42.000000,1,5,6611921,614,0,614,0,0,102,1,0
9,700,21.000000,42.000000,1,5,6611924,614,0,614,0,0,102,1,0
9,700,21.000000,42.000000,1,5,6611926,614,0,614,0,0,102,1,0
9,700,21.000000,42.000000,1,5,6611929,614,0,614,0,0,102,1,0
9,700,21.000000,42.000000,1,5,6611932,614,0,614,0,0,102,1,0
9,700,21.000000,42.000000,1,5,6611935,614,0,614,0,0,102,1,0
9,700,21.000000,42.000000,1,5,6611938,614,0,614,0,0,102,1,0
9,700,21.000000,42.000000,1,5,6611940,614,0,614,0,0,102,1,0
9,700,21.000000,42.000000,1,5,6611943,614,0,614,0,0,102,1,0
9,700,21.000000,42.000000,1,5,6611946,614,0,614,0,0,102,1,0
9,700,21.000000,42.000000,1,5,6611949,614,0,614,0,0,102,1,0
9,700,21.000000,42.000000,1,5,6611951,614,0,614,0,0,102,1,0
9,700,21.000000,42.000000,1,5,6611954,614,0,614,0,0,102,1,0
9,700,21.000000,42.000000,1,5,6611957,614,0,614,0,0,102,1,0
9,700,21.000000,42.000000,1,5,6611960,615,0,615,0,0,102,1,0
9,700,21.000000,42.000000,1,5,6611963,615,1,615,1,0,102,1,0
9,700,21.000000,42.000000,1,5,6611965,616,2,616,2,0,102,1,0
9,700,21.000000,42.000000,1,5,6611968,617,3,617,3,0,102,1,0
9,700,21.000000,42.000000,1,5,6611971,619,5,619,5,0,102,1,0
9,700,21.000000,42.000000,1,5,6611974,620,8,620,8,0,102,1,0
9,700,21.000000,42.000000,1,5,6611977,622,11,622,11,0,102,1,0
9,700,21.000000,42.000000,1,5,6611979,625,13,625,13,0,102,1,0
9,700,21.000000,42.000000,1,5,6611982,628,15,628,15,0,102,1,0
9,700,21.000000,42.000000,1,5,6611985,632,18,632,18,0,102,1,0
9,700,21.000000,42.000000,1,5,6611988,635,21,635,21,0,102,1,0
9,700,21.000000,42.000000,1,5,6611990,638,23,638,23,0,102,1,0
9,700,21.000000,42.000000,1,5,6611993,645,30,645,30,0,102,1,0
9,700,21.000000,42.000000,1,5,6611996,649,34,649,34,0,102,1,0
9,700,21.000000,42.000000,1,5,6611999,655,38,655,38,0,102,1,0
9,700,21.000000,42.000000,1,5,6612002,661,41,661,41,0,102,1,0
9,700,21.000000,42.000000,1,5,6612004,667,45,667,45,0,102,1,0
9,700,21.000000,42.000000,1,5,6612007,675,49,675,49,0,102,1,0
9,700,21.000000,42.000000,1,5,6612010,683,53,683,53,0,102,1,0
9,700,21.000000,42.000000,1,5,6612013,696,59,696,59,0,102,1,0
9,700,21.000000,42.000000,1,5,6612015,701,60,701,60,0,102,1,0
9,700,21.000000,42.000000,1,5,6612018,715,66,715,66,0,102,1,0
9,700,21.000000,42.000000,1,5,6612021,723,70,723,70,0,102,1,0
9,700,21.000000,42.000000,1,5,6612024,739,76,739,76,0,102,1,0
9,700,21.000000,42.000000,1,5,6612027,747,79,747,79,0,102,1,0
9,700,21.000000,42.000000,1,5,6612030,767,86,767,86,0,102,1,0
9,700,21.000000,42.000000,1,5,6612032,784,91,784,91,0,102,1,0
9,700,21.000000,42.000000,1,5,6612035,804,96,804,96,0,102,1,0
9,700,21.000000,42.000000,1,5,6612038,820,101,820,101,0,102,1,0
9,700,21.000000,42.000000,1,5,6612041,836,104,836,104,0,102,1,0
9,700,21.000000,42.000000,1,5,6612043,851,108,851,108,0,102,1,0
9,700,21.000000,42.000000,1,5,6612046,866,111,866,111,0,102,1,0
9,700,21.000000,42.000000,1,5,6612049,882,114,882,114,0,102,1,0
9,700,21.000000,42.000000,1,5,6612052,891,116,891,116,0,102,1,0
9,700,21.000000,42.000000,1,5,6612055,907,118,907,118,0,102,1,0
9,700,21.000000,42.000000,1,5,6612058,924,120,924,120,0,102,1,0
9,700,21.000000,42.000000,1,5,6612061,942,122,942,122,0,102,1,0
9,700,21.000000,42.000000,1,5,6612064,952,122,952,122,0,102,1,0
9,700,21.000000,42.000000,1,5,6612066,967,123,967,123,0,102,1,0
9,700,21.000000,42.000000,1,5,6612069,982,124,982,124,0,102,1,0
9,700,21.000000,42.000000,1,5,6612072,998,125,998,125,0,102,1,0
9,700,21.000000,42.000000,1,5,6612075,1033,126,1033,126,0,102,1,0
9,700,21.000000,42.000000,1,5,6612078,1048,126,1048,126,0,102,1,0
9,700,21.000000,42.000000,1,5,6612081,1073,126,1073,126,0,102,1,0
9,700,21.000000,42.000000,1,5,6612084,1091,126,1091,126,0,102,1,0
9,700,21.000000,42.000000,1,5,6612087,1101,126,1101,126,0,102,1,0
9,700,21.000000,42.000000,1,5,6612089,1107,125,1107,125,0,102,1,0
9,700,21.000000,42.000000,1,5,6612092,1115,124,1115,124,0,102,1,0
9,700,21.000000,42.000000,1,5,6612095,1120,124,1120,124,0,102,1,0
9,700,21.000000,42.000000,1,5,6612097,1128,123,1128,123,0,102,1,0
9,700,21.000000,42.000000,1,5,6612100,1137,122,1137,122,0,102,1,0
9,700,21.000000,42.000000,1,5,6612103,1146,120,1146,120,0,102,1,0
9,700,21.000000,42.000000,1,5,6612106,1158,118,1158,118,0,102,1,0
9,700,21.000000,42.000000,1,5,6612108,1164,116,1164,116,0,102,1,0
9,700,21.000000,42.000000,1,5,6612111,1170,113,1170,113,0,102,1,0
9,700,21.000000,42.000000,1,5,6612114,1175,111,1175,111,0,102,1,0
9,700,21.000000,42.000000,1,5,6612117,1179,110,1179,110,0,102,1,0
9,700,21.000000,42.000000,1,5,6612119,1183,108,1183,108,0,102,1,0
9,700,21.000000,42.000000,1,5,6612122,1188,106,1188,106,0,102,1,0
9,700,21.000000,42.000000,1,5,6612125,1190,105,1190,105,0,102,1,0
9,700,21.000000,42.000000,1,5,6612127,1193,102,1193,102,0,102,1,0
9,700,21.000000,42.000000,1,5,6612130,1196,99,1196,99,0,102,1,0
9,700,21.000000,42.000000,1,5,6612133,1200,96,1200,96,0,102,1,0
9,700,21.000000,42.000000,1,5,6612135,1203,93,1203,93,0,102,1,0
9,700,21.000000,42.000000,1,5,6612138,1205,92,1205,92,0,102,1,0
9,700,21.000000,42.000000,1,5,6612141,1207,89,1207,89,0,102,1,0
9,700,21.000000,42.000000,1,5,6612143,1210,87,1210,87,0,102,1,0
9,700,21.000000,42.000000,1,5,6612146,1213,85,1213,85,0,102,1,0
9,700,21.000000,42.000000,1,5,6612149,1215,82,1215,82,0,102,1,0
9,700,21.000000,42.000000,1,5,6612151,1218,80,1218,80,0,102,1,0
9,700,21.000000,42.000000,1,5,6612154,1221,78,1221,78,0,102,1,0
9,700,21.000000,42.000000,1,5,6612157,1224,76,1224,76,0,102,1,0
9,700,21.000000,42.000000,1,5,6612160,1226,74,1226,74,0,102,1,0
9,700,21.000000,42.000000,1,5,6612162,1229,72,1229,72,0,102,1,0
9,700,21.000000,42.000000,1,5,6612165,1233,69,1233,69,0,102,1,0
9,700,21.000000,42.000000,1,5,6612168,1235,67,1235,67,0,102,1,0
9,700,21.000000,42.000000,1,5,6612171,1237,64,1237,64,0,102,1,0
9,700,21.000000,42.000000,1,5,6612174,1240,62,1240,62,0,102,1,0
9,700,21.000000,42.000000,1,5,6612176,1242,60,1242,60,0,102,1,0
9,700,21.000000,42.000000,1,5,6612179,1245,58,1245,58,0,102,1,0
9,700,21.000000,42.000000,1,5,6612182,1248,56,1248,56,0,102,1,0
9,700,21.000000,42.000000,1,5,6612185,1252,54,1252,54,0,102,1,0
9,700,21.000000,42.000000,1,5,6612187,1255,52,1255,52,0,102,1,0
9,700,21.000000,42.000000,1,5,6612190,1258,50,1258,50,0,102,1,0
9,700,21.000000,42.000000,1,5,6612193,1261,48,1261,48,0,102,1,0
9,700,21.000000,42.000000,1,5,6612196,1263,47,1263,47,0,102,1,0
9,700,21.000000,42.000000,1,5,6612199,1266,44,1266,44,0,102,1,0
9,700,21.000000,42.000000,1,5,6612201,1270,42,1270,42,0,102,1,0
9,700,21.000000,42.000000,1,5,6612204,1273,41,1273,41,0,102,1,0
9,700,21.000000,42.000000,1,5,6612207,1276,39,1276,39,0,102,1,0
9,700,21.000000,42.000000,1,5,6612210,1279,37,1279,37,0,102,1,0
9,700,21.000000,42.000000,1,5,6612213,1281,36,1281,36,0,102,1,0
9,700,21.000000,42.000000,1,5,6612215,1283,34,1283,34,0,102,1,0
9,700,21.000000,42.000000,1,5,6612218,1285,33,1285,33,0,102,1,0
9,700,21.000000,42.000000,1,5,6612221,1287,32,1287,32,0,102,1,0
9,700,21.000000,42.000000,1,5,6612224,1289,31,1289,31,0,102,1,0
9,700,21.000000,42.000000,1,5,6612226,1290,31,1290,31,0,102,1,0
9,700,21.000000,42.000000,1,5,6612229,1291,31,1291,31,0,102,1,0
9,700,21.000000,42.000000,1,5,6612232,1292,30,1292,30,0,102,1,0
9,700,21.000000,42.000000,1,5,6612235,1294,28,1294,28,0,102,1,0
9,700,21.000000,42.000000,1,5,6612238,1295,27,1295,27,0,102,1,0
9,700,21.000000,42.000000,1,5,6612240,1296,26,1296,26,0,102,1,0
9,700,21.000000,42.000000,1,5,6612244,1297,25,1297,25,0,102,1,0
9,700,21.000000,42.000000,1,5,6612246,1298,25,1298,25,0,102,1,0
9,700,21.000000,42.000000,1,5,6612249,1299,24,1299,24,0,102,1,0
9,700,21.000000,42.000000,1,5,6612251,1299,23,1299,23,0,102,1,0
9,700,21.000000,42.000000,1,5,6612254,1300,23,1300,23,0,102,1,0
9,700,21.000000,42.000000,1,5,6612257,1300,22,1300,22,0,102,1,0
9,700,21.000000,42.000000,1,5,6612260,1301,22,1301,22,0,102,1,0
9,700,21.000000,42.000000,1,5,6612263,1301,21,1301,21,0,102,1,0
9,700,21.000000,42.000000,1,5,6612265,1301,20,1301,20,0,102,1,0
9,700,21.000000,42.000000,1,5,6612268,1302,20,1302,20,0,102,1,0
9,700,21.000000,42.000000,1,5,6612271,1303,19,1303,19,0,102,1,0
9,700,21.000000,42.000000,1,5,6612274,1303,18,1303,18,0,102,1,0
9,700,21.000000,42.000000,1,5,6612277,1303,17,1303,17,0,102,1,0
9,700,21.000000,42.000000,1,5,6612279,1303,17,1303,17,0,102,1,0
9,700,21.000000,42.000000,1,5,6612282,1304,17,1304,17,0,102,1,0
9,700,21.000000,42.000000,1,5,6612285,1304,16,1304,16,0,102,1,0
9,700,21.000000,42.000000,1,5,6612288,1304,15,1304,15,0,102,1,0
9,700,21.000000,42.000000,1,5,6612290,1304,15,1304,15,0,102,1,0
9,700,21.000000,42.000000,1,5,6612293,1304,15,1304,15,0,102,1,0
9,700,21.000000,42.000000,1,5,6612296,1304,15,1304,15,0,102,1,0
9,700,21.000000,42.000000,1,5,6612299,1304,14,1304,14,0,102,1,0
9,700,21.000000,42.000000,1,5,6612302,1304,13,1304,13,0,102,1,0
9,700,21.000000,42.000000,1,5,6612304,1305,13,1305,13,0,102,1,0
9,700,21.000000,42.000000,1,5,6612307,1306,13,1306,13,0,102,1,0
9,700,21.000000,42.000000,1,5,6612310,1306,13,1306,13,0,102,1,0
9,700,21.000000,42.000000,1,5,6612313,1306,13,1306,13,0,102,1,0
9,700,21.000000,42.000000,1,5,6612316,1306,13,1306,13,0,102,1,0
9,700,21.000000,42.000000,1,5,6612318,1306,13,1306,13,0,102,1,0
9,700,21.000000,42.000000,1,5,6612321,1306,13,1306,13,0,102,1,0
9,700,21.000000,42.000000,1,5,6612324,1306,13,1306,13,0,102,1,0
9,700,21.000000,42.000000,1,5,6612327,1306,13,1306,13,0,102,1,0
9,700,21.000000,42.000000,1,5,6612330,1306,13,1306,13,0,102,1,0
9,700,21.000000,42.000000,1,5,6612332,1306,13,1306,13,0,102,1,0
9,700,21.000000,42.000000,1,5,6612335,1306,13,1306,13,0,102,1,0
9,700,21.000000,42.000000,1,5,6612338,1306,13,1306,13,0,102,1,0
9,700,21.000000,42.000000,1,5,6612340,1306,13,1306,13,0,102,1,0
9,700,21.000000,42.000000,1,5,6612343,1306,13,1306,13,0,102,1,0
9,700,21.000000,42.000000,1,5,6612346,1306,13,1306,13,0,102,1,0
9,700,21.000000,42.000000,1,5,6612349,1306,13,1306,13,0,102,1,0
9,700,21.000000,42.000000,1,5,6612352,1306,13,1306,13,0,102,1,0
9,700,21.000000,42.000000,1,5,6612354,1306,13,1306,13,0,102,1,0
9,700,21.000000,42.000000,1,5,6612357,1306,13,1306,13,0,102,1,0
9,700,21.000000,42.000000,1,5,6612360,1306,13,1306,13,0,102,1,0
9,700,21.000000,42.000000,1,5,6612363,1306,13,1306,13,0,102,1,0
9,700,21.000000,42.000000,1,5,6612366,1306,13,1306,13,0,102,1,0
9,700,21.000000,42.000000,1,5,6612368,1306,13,1306,13,0,102,1,0
9,700,21.000000,42.000000,1,5,6612371,1306,13,1306,13,0,102,1,0
9,700,21.000000,42.000000,1,5,6612374,1306,13,1306,13,0,102,1,0
9,700,21.000000,42.000000,1,5,6612377,1306,13,1306,13,0,102,1,0
9,700,21.000000,42.000000,1,5,6612380,1306,13,1306,13,0,102,1,0
9,700,21.000000,42.000000,1,5,6612382,1306,13,1306,13,0,102,1,0
9,700,21.000000,42.000000,1,5,6612385,1306,13,1306,13,0,102,1,0
9,700,21.000000,42.000000,1,5,6612388,1306,13,1306,13,0,102,1,0
9,700,21.000000,42.000000,1,5,6612391,1306,13,1306,13,0,102,1,0
9,700,21.000000,42.000000,1,5,6612393,1306,13,1306,13,0,102,1,0
9,700,21.000000,42.000000,1,5,6612396,1306,13,1306,13,0,102,1,0
9,700,21.000000,42.000000,1,5,6612399,1306,13,1306,13,0,102,1,0
9,700,21.000000,42.000000,1,5,6612402,1306,13,1306,13,0,102,1,0
9,700,21.000000,42.000000,1,5,6612405,1306,13,1306,13,0,102,1,0
9,700,21.000000,42.000000,1,5,6612407,1306,13,1306,13,0,102,1,0
9,700,21.000000,42.000000,1,5,6612410,1306,13,1306,13,0,102,1,0
9,700,21.000000,42.000000,1,5,6612413,1306,13,1306,13,0,102,1,0
9,700,21.000000,42.000000,1,5,6612415,1306,13,1306,13,0,102,1,0
9,700,21.000000,42.000000,1,5,6612419,1306,13,1306,13,0,102,1,0
9,700,21.000000,42.000000,1,5,6612421,1306,13,1306,13,0,102,1,0
9,700,21.000000,42.000000,1,5,6612424,1306,13,1306,13,0,102,1,0
9,700,21.000000,42.000000,1,5,6612427,1306,13,1306,13,0,102,1,0
9,700,21.000000,42.000000,1,5,6612430,1306,13,1306,13,0,102,1,0
9,700,21.000000,42.000000,1,5,6612432,1306,13,1306,13,0,102,1,0
9,700,21.000000,42.000000,1,5,6612435,1306,13,1306,13,0,102,1,0
9,700,21.000000,42.000000,1,5,6612438,1306,12,1306,12,0,102,1,0
9,700,21.000000,42.000000,1,5,6612441,1306,11,1306,11,0,102,1,0
9,700,21.000000,42.000000,1,5,6612443,1306,11,1306,11,0,102,1,0
9,700,21.000000,42.000000,1,5,6612446,1306,11,1306,11,0,102,1,0
9,700,21.000000,42.000000,1,5,6612449,1306,11,1306,11,0,102,1,0
9,700,21.000000,42.000000,1,5,6612452,1306,11,1306,11,0,102,1,0
9,700,21.000000,42.000000,1,5,6612454,1306,11,1306,11,0,102,1,0
9,700,21.000000,42.000000,1,5,6612457,1306,11,1306,11,0,102,1,0
9,700,21.000000,42.000000,1,5,6612460,1306,11,1306,11,0,102,1,0
9,700,21.000000,42.000000,1,5,6612463,1306,11,1306,11,0,102,1,0
9,700,21.000000,42.000000,1,5,6612465,1306,11,1306,11,0,102,1,0
9,700,21.000000,42.000000,1,5,6612468,1306,11,1306,11,0,102,1,0
9,700,21.000000,42.000000,1,5,6612480,1306,11,1306,11,0,102,1,0
