9,350,21.000000,42.000000,1,5,6633746,783,0,783,0,0,104,0,0
9,350,21.000000,42.000000,1,5,6633747,783,0,783,0,0,104,0,0
9,350,21.000000,42.000000,1,5,6633750,783,0,783,0,0,104,0,0
9,350,21.000000,42.000000,1,5,6633753,783,0,783,0,0,104,0,0
9,350,21.000000,42.000000,1,5,6633755,783,0,783,0,0,104,0,0
9,350,21.000000,42.000000,1,5,6633758,783,0,783,0,0,104,0,0
9,350,21.000000,42.000000,1,5,6633761,783,0,783,0,0,104,0,0
9,350,21.000000,42.000000,1,5,6633764,783,0,783,0,0,104,0,0
9,350,21.000000,42.000000,1,5,6633766,783,0,783,0,0,104,0,0
9,350,21.000000,42.000000,1,5,6633769,783,0,783,0,0,104,0,0
9,350,21.000000,42.000000,1,5,6633772,783,0,783,0,0,104,0,0
9,350,21.000000,42.000000,1,5,6633774,783,0,783,0,0,104,0,0
9,350,21.000000,42.000000,1,5,6633778,783,0,783,0,0,104,0,0
9,350,21.000000,42.000000,1,5,6633780,783,0,783,0,0,104,0,0
9,350,21.000000,42.000000,1,5,6633783,783,0,783,0,0,104,0,0
9,350,21.000000,42.000000,1,5,6633786,783,0,783,0,0,104,0,0
9,350,21.000000,42.000000,1,5,6633788,783,0,783,0,0,104,0,0
9,350,21.000000,42.000000,1,5,6633791,783,0,783,0,0,104,0,0
9,350,21.000000,42.000000,1,5,6633794,783,0,783,0,0,104,0,0
9,350,21.000000,42.000000,1,5,6633797,783,0,783,0,0,104,0,0
9,350,21.000000,42.000000,1,5,6633800,783,0,783,0,0,104,0,0
9,350,21.000000,42.000000,1,5,6633802,783,0,783,0,0,104,0,0
9,350,21.000000,42.000000,1,5,6633805,783,0,783,0,0,104,0,0
9,350,21.000000,42.000000,1,5,6633808,783,0,783,0,0,104,0,0
9,350,21.000000,42.000000,1,5,6633811,783,0,783,0,0,104,0,0
9,350,21.000000,42.000000,1,5,6633813,783,0,783,0,0,104,0,0
9,350,21.000000,42.000000,1,5,6633816,783,0,783,0,0,104,0,0
9,350,21.000000,42.000000,1,5,6633819,783,0,783,0,0,104,0,0
9,350,21.000000,42.000000,1,5,6633822,783,0,783,0,0,104,0,0
9,350,21.000000,42.000000,1,5,6633824,783,1,783,1,0,104,0,0
9,350,21.000000,42.000000,1,5,6633827,784,2,784,2,0,104,0,0
9,350,21.000000,42.000000,1,5,6633830,784,3,784,3,0,104,0,0
9,350,21.000000,42.000000,1,5,6633833,785,5,785,5,0,104,0,0
9,350,21.000000,42.000000,1,5,6633836,786,5,786,5,0,104,0,0
9,350,21.000000,42.000000,1,5,6633838,788,7,788,7,0,104,0,0
9,350,21.000000,42.000000,1,5,6633841,789,8,789,8,0,104,0,0
9,350,21.000000,42.000000,1,5,6633844,791,9,791,9,0,104,0,0
9,350,21.000000,42.000000,1,5,6633847,793,11,793,11,0,104,0,0
9,350,21.000000,42.000000,1,5,6633849,795,13,795,13,0,104,0,0
9,350,21.000000,42.000000,1,5,6633852,797,15,797,15,0,104,0,0
9,350,21.000000,42.000000,1,5,6633855,800,17,800,17,0,104,0,0
9,350,21.000000,42.000000,1,5,6633858,803,19,803,19,0,104,0,0
9,350,21.000000,42.000000,1,5,6633861,807,20,807,20,0,104,0,0
9,350,21.000000,42.000000,1,5,6633863,810,22,810,22,0,104,0,0
9,350,21.000000,42.000000,1,5,6633866,814,24,814,24,0,104,0,0
9,350,21.000000,42.000000,1,5,6633869,818,26,818,26,0,104,0,0
9,350,21.000000,42.000000,1,5,6633872,822,27,822,27,0,104,0,0
9,350,21.000000,42.000000,1,5,6633874,832,30,832,30,0,104,0,0
9,350,21.000000,42.000000,1,5,6633877,837,32,837,32,0,104,0,0
9,350,21.000000,42.000000,1,5,6633880,843,35,843,35,0,104,0,0
9,350,21.000000,42.000000,1,5,6633883,852,39,852,39,0,104,0,0
9,350,21.000000,42.000000,1,5,6633886,860,41,860,41,0,104,0,0
9,350,21.000000,42.000000,1,5,6633888,868,43,868,43,0,104,0,0
9,350,21.000000,42.000000,1,5,6633891,877,46,877,46,0,104,0,0
9,350,21.000000,42.000000,1,5,6633894,884,47,884,47,0,104,0,0
9,350,21.000000,42.000000,1,5,6633897,893,49,893,49,0,104,0,0
9,350,21.000000,42.000000,1,5,6633899,902,50,902,50,0,104,0,0
9,350,21.000000,42.000000,1,5,6633902,910,51,910,51,0,104,0,0
9,350,21.000000,42.000000,1,5,6633905,923,53,923,53,0,104,0,0
9,350,21.000000,42.000000,1,5,6633908,930,54,930,54,0,104,0,0
9,350,21.000000,42.000000,1,5,6633911,943,55,943,55,0,104,0,0
9,350,21.000000,42.000000,1,5,6633913,954,56,954,56,0,104,0,0
9,350,21.000000,42.000000,1,5,6633916,961,57,961,57,0,104,0,0
9,350,21.000000,42.000000,1,5,6633919,970,58,970,58,0,104,0,0
9,350,21.000000,42.000000,1,5,6633922,979,59,979,59,0,104,0,0
9,350,21.000000,42.000000,1,5,6633924,987,59,987,59,0,104,0,0
9,350,21.000000,42.000000,1,5,6633927,988,59,988,59,0,104,0,0
9,350,21.000000,42.000000,1,5,6633930,996,59,996,59,0,104,0,0
9,350,21.000000,42.000000,1,5,6633933,1007,59,1007,59,0,104,0,0
9,350,21.000000,42.000000,1,5,6633936,1015,59,1015,59,0,104,0,0
9,350,21.000000,42.000000,1,5,6633939,1020,59,1020,59,0,104,0,0
9,350,21.000000,42.000000,1,5,6633942,1031,59,1031,59,0,104,0,0
9,350,21.000000,42.000000,1,5,6633944,1037,59,1037,59,0,104,0,0
9,350,21.000000,42.000000,1,5,6633947,1044,59,1044,59,0,104,0,0
9,350,21.000000,42.000000,1,5,6633950,1050,59,1050,59,0,104,0,0
9,350,21.000000,42.000000,1,5,6633953,1055,59,1055,59,0,104,0,0
9,350,21.000000,42.000000,1,5,6633955,1060,58,1060,58,0,104,0,0
9,350,21.000000,42.000000,1,5,6633958,1064,58,1064,58,0,104,0,0
9,350,21.000000,42.000000,1,5,6633961,1069,57,1069,57,0,104,0,0
9,350,21.000000,42.000000,1,5,6633963,1072,57,1072,57,0,104,0,0
9,350,21.000000,42.000000,1,5,6633966,1076,56,1076,56,0,104,0,0
9,350,21.000000,42.000000,1,5,6633969,1079,55,1079,55,0,104,0,0
9,350,21.000000,42.000000,1,5,6633972,1082,55,1082,55,0,104,0,0
9,350,21.000000,42.000000,1,5,6633974,1084,54,1084,54,0,104,0,0
9,350,21.000000,42.000000,1,5,6633977,1085,54,1085,54,0,104,0,0
9,350,21.000000,42.000000,1,5,6633980,1087,53,1087,53,0,104,0,0
9,350,21.000000,42.000000,1,5,6633983,1088,52,1088,52,0,104,0,0
9,350,21.000000,42.000000,1,5,6633986,1090,51,1090,51,0,104,0,0
9,350,21.000000,42.000000,1,5,6633989,1091,50,1091,50,0,104,0,0
9,350,21.000000,42.000000,1,5,6633992,1091,49,1091,49,0,104,0,0
9,350,21.000000,42.000000,1,5,6633995,1092,49,1092,49,0,104,0,0
9,350,21.000000,42.000000,1,5,6633997,1093,47,1093,47,0,104,0,0
9,350,21.000000,42.000000,1,5,6634001,1094,47,1094,47,0,104,0,0
9,350,21.000000,42.000000,1,5,6634004,1095,46,1095,46,0,104,0,0
9,350,21.000000,42.000000,1,5,6634007,1096,45,1096,45,0,104,0,0
9,350,21.000000,42.000000,1,5,6634010,1097,44,1097,44,0,104,0,0
9,350,21.000000,42.000000,1,5,6634013,1097,44,1097,44,0,104,0,0
9,350,21.000000,42.000000,1,5,6634016,1098,42,1098,42,0,104,0,0
9,350,21.000000,42.000000,1,5,6634019,1100,42,1100,42,0,104,0,0
9,350,21.000000,42.000000,1,5,6634022,1101,42,1101,42,0,104,0,0
9,350,21.000000,42.000000,1,5,6634025,1102,41,1102,41,0,104,0,0
9,350,21.000000,42.000000,1,5,6634027,1104,40,1104,40,0,104,0,0
9,350,21.000000,42.000000,1,5,6634030,1104,39,1104,39,0,104,0,0
9,350,21.000000,42.000000,1,5,6634033,1105,38,1105,38,0,104,0,0
9,350,21.000000,42.000000,1,5,6634036,1106,37,1106,37,0,104,0,0
9,350,21.000000,42.000000,1,5,6634038,1107,36,1107,36,0,104,0,0
9,350,21.000000,42.000000,1,5,6634041,1108,35,1108,35,0,104,0,0
9,350,21.000000,42.000000,1,5,6634044,1110,34,1110,34,0,104,0,0
9,350,21.000000,42.000000,1,5,6634047,1111,34,1111,34,0,104,0,0
9,350,21.000000,42.000000,1,5,6634049,1112,34,1112,34,0,104,0,0
9,350,21.000000,42.000000,1,5,6634052,1113,33,1113,33,0,104,0,0
9,350,21.000000,42.000000,1,5,6634055,1114,33,1114,33,0,104,0,0
9,350,21.000000,42.000000,1,5,6634058,1115,33,1115,33,0,104,0,0
9,350,21.000000,42.000000,1,5,6634061,1116,32,1116,32,0,104,0,0
9,350,21.000000,42.000000,1,5,6634063,1117,30,1117,30,0,104,0,0
9,350,21.000000,42.000000,1,5,6634066,1119,28,1119,28,0,104,0,0
9,350,21.000000,42.000000,1,5,6634069,1120,27,1120,27,0,104,0,0
9,350,21.000000,42.000000,1,5,6634072,1121,26,1121,26,0,104,0,0
9,350,21.000000,42.000000,1,5,6634074,1122,26,1122,26,0,104,0,0
9,350,21.000000,42.000000,1,5,6634077,1123,25,1123,25,0,104,0,0
9,350,21.000000,42.000000,1,5,6634080,1124,24,1124,24,0,104,0,0
9,350,21.000000,42.000000,1,5,6634083,1124,23,1124,23,0,104,0,0
9,350,21.000000,42.000000,1,5,6634086,1125,23,1125,23,0,104,0,0
9,350,21.000000,42.000000,1,5,6634088,1126,23,1126,23,0,104,0,0
9,350,21.000000,42.000000,1,5,6634091,1126,23,1126,23,0,104,0,0
9,350,21.000000,42.000000,1,5,6634094,1126,22,1126,22,0,104,0,0
9,350,21.000000,42.000000,1,5,6634097,1126,22,1126,22,0,104,0,0
9,350,21.000000,42.000000,1,5,6634100,1126,22,1126,22,0,104,0,0
9,350,21.000000,42.000000,1,5,6634103,1126,22,1126,22,0,104,0,0
9,350,21.000000,42.000000,1,5,6634105,1126,22,1126,22,0,104,0,0
9,350,21.000000,42.000000,1,5,6634108,1126,22,1126,22,0,104,0,0
9,350,21.000000,42.000000,1,5,6634111,1126,22,1126,22,0,104,0,0
9,350,21.000000,42.000000,1,5,6634114,1126,22,1126,22,0,104,0,0
9,350,21.000000,42.000000,1,5,6634116,1126,22,1126,22,0,104,0,0
9,350,21.000000,42.000000,1,5,6634119,1126,22,1126,22,0,104,0,0
9,350,21.000000,42.000000,1,5,6634122,1126,22,1126,22,0,104,0,0
9,350,21.000000,42.000000,1,5,6634125,1126,22,1126,22,0,104,0,0
9,350,21.000000,42.000000,1,5,6634128,1126,22,1126,22,0,104,0,0
9,350,21.000000,42.000000,1,5,6634130,1126,22,1126,22,0,104,0,0
9,350,21.000000,42.000000,1,5,6634133,1126,22,1126,22,0,104,0,0
9,350,21.000000,42.000000,1,5,6634136,1126,21,1126,21,0,104,0,0
9,350,21.000000,42.000000,1,5,6634139,1126,20,1126,20,0,104,0,0
9,350,21.000000,42.000000,1,5,6634141,1126,20,1126,20,0,104,0,0
9,350,21.000000,42.000000,1,5,6634144,1126,20,1126,20,0,104,0,0
9,350,21.000000,42.000000,1,5,6634147,1126,20,1126,20,0,104,0,0
9,350,21.000000,42.000000,1,5,6634150,1126,19,1126,19,0,104,0,0
9,350,21.000000,42.000000,1,5,6634153,1126,18,1126,18,0,104,0,0
9,350,21.000000,42.000000,1,5,6634155,1126,18,1126,18,0,104,0,0
9,350,21.000000,42.000000,1,5,6634158,1126,18,1126,18,0,104,0,0
9,350,21.000000,42.000000,1,5,6634161,1126,18,1126,18,0,104,0,0
9,350,21.000000,42.000000,1,5,6634164,1127,18,1127,18,0,104,0,0
9,350,21.000000,42.000000,1,5,6634166,1127,18,1127,18,0,104,0,0
9,350,21.000000,42.000000,1,5,6634169,1127,18,1127,18,0,104,0,0
9,350,21.000000,42.000000,1,5,6634172,1127,17,1127,17,0,104,0,0
9,350,21.000000,42.000000,1,5,6634175,1127,17,1127,17,0,104,0,0
9,350,21.000000,42.000000,1,5,6634178,1128,17,1128,17,0,104,0,0
9,350,21.000000,42.000000,1,5,6634180,1129,17,1129,17,0,104,0,0
9,350,21.000000,42.000000,1,5,6634183,1129,16,1129,16,0,104,0,0
9,350,21.000000,42.000000,1,5,6634186,1129,15,1129,15,0,104,0,0
9,350,21.000000,42.000000,1,5,6634189,1130,15,1130,15,0,104,0,0
9,350,21.000000,42.000000,1,5,6634191,1130,14,1130,14,0,104,0,0
9,350,21.000000,42.000000,1,5,6634194,1130,13,1130,13,0,104,0,0
9,350,21.000000,42.000000,1,5,6634197,1130,12,1130,12,0,104,0,0
9,350,21.000000,42.000000,1,5,6634200,1131,12,1131,12,0,104,0,0
9,350,21.000000,42.000000,1,5,6634203,1132,12,1132,12,0,104,0,0
9,350,21.000000,42.000000,1,5,6634205,1132,12,1132,12,0,104,0,0
9,350,21.000000,42.000000,1,5,6634208,1132,11,1132,11,0,104,0,0
9,350,21.000000,42.000000,1,5,6634211,1132,11,1132,11,0,104,0,0
9,350,21.000000,42.000000,1,5,6634214,1132,11,1132,11,0,104,0,0
9,350,21.000000,42.000000,1,5,6634217,1132,11,1132,11,0,104,0,0
9,350,21.000000,42.000000,1,5,6634219,1133,11,1133,11,0,104,0,0
9,350,21.000000,42.000000,1,5,6634222,1134,10,1134,10,0,104,0,0
9,350,21.000000,42.000000,1,5,6634225,1134,10,1134,10,0,104,0,0
9,350,21.000000,42.000000,1,5,6634228,1134,10,1134,10,0,104,0,0
9,350,21.000000,42.000000,1,5,6634231,1134,10,1134,10,0,104,0,0
9,350,21.000000,42.000000,1,5,6634233,1134,10,1134,10,0,104,0,0
9,350,21.000000,42.000000,1,5,6634236,1134,10,1134,10,0,104,0,0
9,350,21.000000,42.000000,1,5,6634239,1134,10,1134,10,0,104,0,0
9,350,21.000000,42.000000,1,5,6634242,1134,10,1134,10,0,104,0,0
9,350,21.000000,42.000000,1,5,6634244,1134,10,1134,10,0,104,0,0
9,350,21.000000,42.000000,1,5,6634247,1134,10,1134,10,0,104,0,0
9,350,21.000000,42.000000,1,5,6634250,1134,10,1134,10,0,104,0,0
9,350,21.000000,42.000000,1,5,6634253,1134,10,1134,10,0,104,0,0
9,350,21.000000,42.000000,1,5,6634255,1134,10,1134,10,0,104,0,0
9,350,21.000000,42.000000,1,5,6634258,1134,10,1134,10,0,104,0,0
9,350,21.000000,42.000000,1,5,6634261,1134,10,1134,10,0,104,0,0
9,350,21.000000,42.000000,1,5,6634264,1134,10,1134,10,0,104,0,0
9,350,21.000000,42.000000,1,5,6634267,1134,10,1134,10,0,104,0,0
9,350,21.000000,42.000000,1,5,6634269,1134,10,1134,10,0,104,0,0
9,350,21.000000,42.000000,1,5,6634272,1134,10,1134,10,0,104,0,0
9,350,21.000000,42.000000,1,5,6634275,1134,10,1134,10,0,104,0,0
9,350,21.000000,42.000000,1,5,6634278,1134,10,1134,10,0,104,0,0
9,350,21.000000,42.000000,1,5,6634280,1134,10,1134,10,0,104,0,0
9,350,21.000000,42.000000,1,5,6634283,1134,10,1134,10,0,104,0,0
9,350,21.000000,42.000000,1,5,6634294,1134,10,1134,10,0,104,0,0
