9,350,21.000000,42.000000,1,5,6662846,779,0,779,0,0,106,4,0
9,350,21.000000,42.000000,1,5,6662847,779,0,779,0,0,106,4,0
9,350,21.000000,42.000000,1,5,6662850,779,0,779,0,0,106,4,0
9,350,21.000000,42.000000,1,5,6662852,779,0,779,0,0,106,4,0
9,350,21.000000,42.000000,1,5,6662855,779,0,779,0,0,106,4,0
9,350,21.000000,42.000000,1,5,6662858,779,0,779,0,0,106,4,0
9,350,21.000000,42.000000,1,5,6662861,779,0,779,0,0,106,4,0
9,350,21.000000,42.000000,1,5,6662863,779,0,779,0,0,106,4,0
9,350,21.000000,42.000000,1,5,6662866,779,0,779,0,0,106,4,0
9,350,21.000000,42.000000,1,5,6662869,779,0,779,0,0,106,4,0
9,350,21.000000,42.000000,1,5,6662872,779,0,779,0,0,106,4,0
9,350,21.000000,42.000000,1,5,6662875,779,0,779,0,0,106,4,0
9,350,21.000000,42.000000,1,5,6662877,779,0,779,0,0,106,4,0
9,350,21.000000,42.000000,1,5,6662880,779,0,779,0,0,106,4,0
9,350,21.000000,42.000000,1,5,6662883,779,0,779,0,0,106,4,0
9,350,21.000000,42.000000,1,5,6662886,779,0,779,0,0,106,4,0
9,350,21.000000,42.000000,1,5,6662888,779,0,779,0,0,106,4,0
9,350,21.000000,42.000000,1,5,6662891,779,0,779,0,0,106,4,0
9,350,21.000000,42.000000,1,5,6662894,779,0,779,0,0,106,4,0
9,350,21.000000,42.000000,1,5,6662897,779,0,779,0,0,106,4,0
9,350,21.000000,42.000000,1,5,6662900,779,0,779,0,0,106,4,0
9,350,21.000000,42.000000,1,5,6662902,779,0,779,0,0,106,4,0
9,350,21.000000,42.000000,1,5,6662905,779,0,779,0,0,106,4,0
9,350,21.000000,42.000000,1,5,6662908,779,0,779,0,0,106,4,0
9,350,21.000000,42.000000,1,5,6662911,779,0,779,0,0,106,4,0
9,350,21.000000,42.000000,1,5,6662914,779,0,779,0,0,106,4,0
9,350,21.000000,42.000000,1,5,6662916,779,0,779,0,0,106,4,0
9,350,21.000000,42.000000,1,5,6662919,779,0,779,0,0,106,4,0
9,350,21.000000,42.000000,1,5,6662922,779,0,779,0,0,106,4,0
9,350,21.000000,42.000000,1,5,6662925,779,0,779,0,0,106,4,0
9,350,21.000000,42.000000,1,5,6662927,780,0,780,0,0,106,4,0
9,350,21.000000,42.000000,1,5,6662930,781,0,781,0,0,106,4,0
9,350,21.000000,42.000000,1,5,6662933,783,1,783,1,0,106,4,0
9,350,21.000000,42.000000,1,5,6662936,784,2,784,2,0,106,4,0
9,350,21.000000,42.000000,1,5,6662939,786,3,786,3,0,106,4,0
9,350,21.000000,42.000000,1,5,6662942,789,6,789,6,0,106,4,0
9,350,21.000000,42.000000,1,5,6662944,792,8,792,8,0,106,4,0
9,350,21.000000,42.000000,1,5,6662947,797,11,797,11,0,106,4,0
9,350,21.000000,42.000000,1,5,6662950,802,15,802,15,0,106,4,0
9,350,21.000000,42.000000,1,5,6662953,807,19,807,19,0,106,4,0
9,350,21.000000,42.000000,1,5,6662955,811,23,811,23,0,106,4,0
9,350,21.000000,42.000000,1,5,6662958,816,28,816,28,0,106,4,0
9,350,21.000000,42.000000,1,5,6662961,820,33,820,33,0,106,4,0
9,350,21.000000,42.000000,1,5,6662964,824,37,824,37,0,106,4,0
9,350,21.000000,42.000000,1,5,6662967,833,43,833,43,0,106,4,0
9,350,21.000000,42.000000,1,5,6662969,842,50,842,50,0,106,4,0
9,350,21.000000,42.000000,1,5,6662972,850,55,850,55,0,106,4,0
9,350,21.000000,42.000000,1,5,6662975,860,60,860,60,0,106,4,0
9,350,21.000000,42.000000,1,5,6662978,873,69,873,69,0,106,4,0
9,350,21.000000,42.000000,1,5,6662981,879,72,879,72,0,106,4,0
9,350,21.000000,42.000000,1,5,6662983,890,79,890,79,0,106,4,0
9,350,21.000000,42.000000,1,5,6662986,904,86,904,86,0,106,4,0
9,350,21.000000,42.000000,1,5,6662989,919,94,919,94,0,106,4,0
9,350,21.000000,42.000000,1,5,6662992,926,96,926,96,0,106,4,0
9,350,21.000000,42.000000,1,5,6662994,942,103,942,103,0,106,4,0
9,350,21.000000,42.000000,1,5,6662997,954,107,954,107,0,106,4,0
9,350,21.000000,42.000000,1,5,6663000,968,112,968,112,0,106,4,0
9,350,21.000000,42.000000,1,5,6663003,976,115,976,115,0,106,4,0
9,350,21.000000,42.000000,1,5,6663005,988,118,988,118,0,106,4,0
9,350,21.000000,42.000000,1,5,6663008,1002,122,1002,122,0,106,4,0
9,350,21.000000,42.000000,1,5,6663011,1013,125,1013,125,0,106,4,0
9,350,21.000000,42.000000,1,5,6663014,1025,127,1025,127,0,106,4,0
9,350,21.000000,42.000000,1,5,6663017,1029,128,1029,128,0,106,4,0
9,350,21.000000,42.000000,1,5,6663019,1042,129,1042,129,0,106,4,0
9,350,21.000000,42.000000,1,5,6663022,1048,130,1048,130,0,106,4,0
9,350,21.000000,42.000000,1,5,6663025,1055,131,1055,131,0,106,4,0
9,350,21.000000,42.000000,1,5,6663027,1062,132,1062,132,0,106,4,0
9,350,21.000000,42.000000,1,5,6663030,1065,132,1065,132,0,106,4,0
9,350,21.000000,42.000000,1,5,6663033,1070,132,1070,132,0,106,4,0
9,350,21.000000,42.000000,1,5,6663036,1075,132,1075,132,0,106,4,0
9,350,21.000000,42.000000,1,5,6663039,1080,131,1080,131,0,106,4,0
9,350,21.000000,42.000000,1,5,6663041,1084,130,1084,130,0,106,4,0
9,350,21.000000,42.000000,1,5,6663044,1087,129,1087,129,0,106,4,0
9,350,21.000000,42.000000,1,5,6663047,1088,129,1088,129,0,106,4,0
9,350,21.000000,42.000000,1,5,6663050,1090,127,1090,127,0,106,4,0
9,350,21.000000,42.000000,1,5,6663052,1092,126,1092,126,0,106,4,0
9,350,21.000000,42.000000,1,5,6663055,1096,123,1096,123,0,106,4,0
9,350,21.000000,42.000000,1,5,6663058,1097,122,1097,122,0,106,4,0
9,350,21.000000,42.000000,1,5,6663061,1098,121,1098,121,0,106,4,0
9,350,21.000000,42.000000,1,5,6663064,1098,120,1098,120,0,106,4,0
9,350,21.000000,42.000000,1,5,6663066,1098,118,1098,118,0,106,4,0
9,350,21.000000,42.000000,1,5,6663069,1099,117,1099,117,0,106,4,0
9,350,21.000000,42.000000,1,5,6663072,1099,115,1099,115,0,106,4,0
9,350,21.000000,42.000000,1,5,6663075,1100,114,1100,114,0,106,4,0
9,350,21.000000,42.000000,1,5,6663077,1101,112,1101,112,0,106,4,0
9,350,21.000000,42.000000,1,5,6663080,1102,110,1102,110,0,106,4,0
9,350,21.000000,42.000000,1,5,6663083,1103,108,1103,108,0,106,4,0
9,350,21.000000,42.000000,1,5,6663086,1104,106,1104,106,0,106,4,0
9,350,21.000000,42.000000,1,5,6663089,1105,104,1105,104,0,106,4,0
9,350,21.000000,42.000000,1,5,6663091,1106,103,1106,103,0,106,4,0
9,350,21.000000,42.000000,1,5,6663094,1107,100,1107,100,0,106,4,0
9,350,21.000000,42.000000,1,5,6663097,1108,98,1108,98,0,106,4,0
9,350,21.000000,42.000000,1,5,6663100,1109,97,1109,97,0,106,4,0
9,350,21.000000,42.000000,1,5,6663102,1111,94,1111,94,0,106,4,0
9,350,21.000000,42.000000,1,5,6663105,1113,92,1113,92,0,106,4,0
9,350,21.000000,42.000000,1,5,6663108,1114,90,1114,90,0,106,4,0
9,350,21.000000,42.000000,1,5,6663111,1115,87,1115,87,0,106,4,0
9,350,21.000000,42.000000,1,5,6663114,1117,85,1117,85,0,106,4,0
9,350,21.000000,42.000000,1,5,6663116,1118,83,1118,83,0,106,4,0
9,350,21.000000,42.000000,1,5,6663119,1120,81,1120,81,0,106,4,0
9,350,21.000000,42.000000,1,5,6663122,1121,79,1121,79,0,106,4,0
9,350,21.000000,42.000000,1,5,6663125,1122,77,1122,77,0,106,4,0
9,350,21.000000,42.000000,1,5,6663127,1124,74,1124,74,0,106,4,0
9,350,21.000000,42.000000,1,5,6663130,1125,72,1125,72,0,106,4,0
9,350,21.000000,42.000000,1,5,6663133,1127,70,1127,70,0,106,4,0
9,350,21.000000,42.000000,1,5,6663136,1128,69,1128,69,0,106,4,0
9,350,21.000000,42.000000,1,5,6663139,1130,67,1130,67,0,106,4,0
9,350,21.000000,42.000000,1,5,6663141,1131,65,1131,65,0,106,4,0
9,350,21.000000,42.000000,1,5,6663144,1131,64,1131,64,0,106,4,0
9,350,21.000000,42.000000,1,5,6663147,1132,62,1132,62,0,106,4,0
9,350,21.000000,42.000000,1,5,6663150,1132,61,1132,61,0,106,4,0
9,350,21.000000,42.000000,1,5,6663152,1133,60,1133,60,0,106,4,0
9,350,21.000000,42.000000,1,5,6663156,1133,58,1133,58,0,106,4,0
9,350,21.000000,42.000000,1,5,6663158,1134,57,1134,57,0,106,4,0
9,350,21.000000,42.000000,1,5,6663161,1134,55,1134,55,0,106,4,0
9,350,21.000000,42.000000,1,5,6663164,1135,54,1135,54,0,106,4,0
9,350,21.000000,42.000000,1,5,6663167,1135,52,1135,52,0,106,4,0
9,350,21.000000,42.000000,1,5,6663170,1136,51,1136,51,0,106,4,0
9,350,21.000000,42.000000,1,5,6663172,1136,49,1136,49,0,106,4,0
9,350,21.000000,42.000000,1,5,6663175,1136,48,1136,48,0,106,4,0
9,350,21.000000,42.000000,1,5,6663178,1137,47,1137,47,0,106,4,0
9,350,21.000000,42.000000,1,5,6663181,1137,46,1137,46,0,106,4,0
9,350,21.000000,42.000000,1,5,6663183,1137,45,1137,45,0,106,4,0
9,350,21.000000,42.000000,1,5,6663186,1138,44,1138,44,0,106,4,0
9,350,21.000000,42.000000,1,5,6663189,1138,43,1138,43,0,106,4,0
9,350,21.000000,42.000000,1,5,6663192,1138,42,1138,42,0,106,4,0
9,350,21.000000,42.000000,1,5,6663195,1138,41,1138,41,0,106,4,0
9,350,21.000000,42.000000,1,5,6663197,1138,40,1138,40,0,106,4,0
9,350,21.000000,42.000000,1,5,6663200,1139,40,1139,40,0,106,4,0
9,350,21.000000,42.000000,1,5,6663203,1140,39,1140,39,0,106,4,0
9,350,21.000000,42.000000,1,5,6663206,1140,38,1140,38,0,106,4,0
9,350,21.000000,42.000000,1,5,6663209,1141,37,1141,37,0,106,4,0
9,350,21.000000,42.000000,1,5,6663211,1141,36,1141,36,0,106,4,0
9,350,21.000000,42.000000,1,5,6663214,1141,35,1141,35,0,106,4,0
9,350,21.000000,42.000000,1,5,6663217,1141,34,1141,34,0,106,4,0
9,350,21.000000,42.000000,1,5,6663220,1141,33,1141,33,0,106,4,0
9,350,21.000000,42.000000,1,5,6663222,1141,32,1141,32,0,106,4,0
9,350,21.000000,42.000000,1,5,6663225,1142,32,1142,32,0,106,4,0
9,350,21.000000,42.000000,1,5,6663228,1143,31,1143,31,0,106,4,0
9,350,21.000000,42.000000,1,5,6663231,1143,30,1143,30,0,106,4,0
9,350,21.000000,42.000000,1,5,6663234,1143,29,1143,29,0,106,4,0
9,350,21.000000,42.000000,1,5,6663236,1143,28,1143,28,0,106,4,0
9,350,21.000000,42.000000,1,5,6663239,1143,27,1143,27,0,106,4,0
9,350,21.000000,42.000000,1,5,6663242,1144,26,1144,26,0,106,4,0
9,350,21.000000,42.000000,1,5,6663245,1144,25,1144,25,0,106,4,0
9,350,21.000000,42.000000,1,5,6663247,1144,24,1144,24,0,106,4,0
9,350,21.000000,42.000000,1,5,6663250,1144,23,1144,23,0,106,4,0
9,350,21.000000,42.000000,1,5,6663253,1145,22,1145,22,0,106,4,0
9,350,21.000000,42.000000,1,5,6663256,1146,21,1146,21,0,106,4,0
9,350,21.000000,42.000000,1,5,6663259,1147,20,1147,20,0,106,4,0
9,350,21.000000,42.000000,1,5,6663261,1148,19,1148,19,0,106,4,0
9,350,21.000000,42.000000,1,5,6663264,1148,18,1148,18,0,106,4,0
9,350,21.000000,42.000000,1,5,6663267,1148,17,1148,17,0,106,4,0
9,350,21.000000,42.000000,1,5,6663270,1149,16,1149,16,0,106,4,0
9,350,21.000000,42.000000,1,5,6663272,1149,15,1149,15,0,106,4,0
9,350,21.000000,42.000000,1,5,6663275,1149,14,1149,14,0,106,4,0
9,350,21.000000,42.000000,1,5,6663278,1149,13,1149,13,0,106,4,0
9,350,21.000000,42.000000,1,5,6663281,1149,12,1149,12,0,106,4,0
9,350,21.000000,42.000000,1,5,6663284,1149,12,1149,12,0,106,4,0
9,350,21.000000,42.000000,1,5,6663286,1149,11,1149,11,0,106,4,0
9,350,21.000000,42.000000,1,5,6663289,1149,10,1149,10,0,106,4,0
9,350,21.000000,42.000000,1,5,6663292,1149,10,1149,10,0,106,4,0
9,350,21.000000,42.000000,1,5,6663295,1149,10,1149,10,0,106,4,0
9,350,21.000000,42.000000,1,5,6663297,1150,9,1150,9,0,106,4,0
9,350,21.000000,42.000000,1,5,6663300,1151,8,1151,8,0,106,4,0
9,350,21.000000,42.000000,1,5,6663303,1151,8,1151,8,0,106,4,0
9,350,21.000000,42.000000,1,5,6663306,1151,8,1151,8,0,106,4,0
9,350,21.000000,42.000000,1,5,6663309,1151,8,1151,8,0,106,4,0
9,350,21.000000,42.000000,1,5,6663311,1151,8,1151,8,0,106,4,0
9,350,21.000000,42.000000,1,5,6663314,1151,8,1151,8,0,106,4,0
9,350,21.000000,42.000000,1,5,6663317,1151,8,1151,8,0,106,4,0
9,350,21.000000,42.000000,1,5,6663320,1151,8,1151,8,0,106,4,0
9,350,21.000000,42.000000,1,5,6663322,1151,8,1151,8,0,106,4,0
9,350,21.000000,42.000000,1,5,6663325,1151,8,1151,8,0,106,4,0
9,350,21.000000,42.000000,1,5,6663328,1151,8,1151,8,0,106,4,0
9,350,21.000000,42.000000,1,5,6663331,1151,8,1151,8,0,106,4,0
9,350,21.000000,42.000000,1,5,6663334,1151,8,1151,8,0,106,4,0
9,350,21.000000,42.000000,1,5,6663336,1151,8,1151,8,0,106,4,0
9,350,21.000000,42.000000,1,5,6663339,1151,8,1151,8,0,106,4,0
9,350,21.000000,42.000000,1,5,6663342,1151,8,1151,8,0,106,4,0
9,350,21.000000,42.000000,1,5,6663345,1151,8,1151,8,0,106,4,0
9,350,21.000000,42.000000,1,5,6663348,1151,8,1151,8,0,106,4,0
9,350,21.000000,42.000000,1,5,6663350,1151,8,1151,8,0,106,4,0
9,350,21.000000,42.000000,1,5,6663353,1151,8,1151,8,0,106,4,0
9,350,21.000000,42.000000,1,5,6663356,1151,8,1151,8,0,106,4,0
9,350,21.000000,42.000000,1,5,6663359,1151,8,1151,8,0,106,4,0
9,350,21.000000,42.000000,1,5,6663362,1151,8,1151,8,0,106,4,0
9,350,21.000000,42.000000,1,5,6663364,1151,8,1151,8,0,106,4,0
9,350,21.000000,42.000000,1,5,6663367,1151,8,1151,8,0,106,4,0
9,350,21.000000,42.000000,1,5,6663370,1151,8,1151,8,0,106,4,0
9,350,21.000000,42.000000,1,5,6663373,1151,8,1151,8,0,106,4,0
9,350,21.000000,42.000000,1,5,6663375,1151,8,1151,8,0,106,4,0
9,350,21.000000,42.000000,1,5,6663378,1151,8,1151,8,0,106,4,0
9,350,21.000000,42.000000,1,5,6663381,1151,8,1151,8,0,106,4,0
9,350,21.000000,42.000000,1,5,6663384,1151,8,1151,8,0,106,4,0
9,350,21.000000,42.000000,1,5,6663386,1151,8,1151,8,0,106,4,0
9,350,21.000000,42.000000,1,5,6663389,1151,8,1151,8,0,106,4,0
9,350,21.000000,42.000000,1,5,6663392,1151,8,1151,8,0,106,4,0
9,350,21.000000,42.000000,1,5,6663395,1151,8,1151,8,0,106,4,0
9,350,21.000000,42.000000,1,5,6663398,1151,8,1151,8,0,106,4,0
9,350,21.000000,42.000000,1,5,6663400,1151,8,1151,8,0,106,4,0
9,350,21.000000,42.000000,1,5,6663403,1151,8,1151,8,0,106,4,0
9,350,21.000000,42.000000,1,5,6663406,1151,8,1151,8,0,106,4,0
9,350,21.000000,42.000000,1,5,6663409,1151,8,1151,8,0,106,4,0
9,350,21.000000,42.000000,1,5,6663411,1151,8,1151,8,0,106,4,0
9,350,21.000000,42.000000,1,5,6663414,1151,8,1151,8,0,106,4,0
9,350,21.000000,42.000000,1,5,6663417,1151,8,1151,8,0,106,4,0
9,350,21.000000,42.000000,1,5,6663420,1151,8,1151,8,0,106,4,0
9,350,21.000000,42.000000,1,5,6663423,1151,7,1151,7,0,106,4,0
9,350,21.000000,42.000000,1,5,6663425,1151,6,1151,6,0,106,4,0
9,350,21.000000,42.000000,1,5,6663428,1151,6,1151,6,0,106,4,0
9,350,21.000000,42.000000,1,5,6663431,1151,6,1151,6,0,106,4,0
9,350,21.000000,42.000000,1,5,6663434,1151,6,1151,6,0,106,4,0
9,350,21.000000,42.000000,1,5,6663436,1150,5,1150,5,0,106,4,0
9,350,21.000000,42.000000,1,5,6663439,1149,4,1149,4,0,106,4,0
9,350,21.000000,42.000000,1,5,6663442,1149,4,1149,4,0,106,4,0
9,350,21.000000,42.000000,1,5,6663445,1149,4,1149,4,0,106,4,0
9,350,21.000000,42.000000,1,5,6663448,1149,4,1149,4,0,106,4,0
9,350,21.000000,42.000000,1,5,6663450,1149,4,1149,4,0,106,4,0
9,350,21.000000,42.000000,1,5,6663453,1149,4,1149,4,0,106,4,0
9,350,21.000000,42.000000,1,5,6663456,1148,4,1148,4,0,106,4,0
9,350,21.000000,42.000000,1,5,6663459,1147,4,1147,4,0,106,4,0
9,350,21.000000,42.000000,1,5,6663461,1147,3,1147,3,0,106,4,0
9,350,21.000000,42.000000,1,5,6663464,1147,2,1147,2,0,106,4,0
9,350,21.000000,42.000000,1,5,6663467,1146,2,1146,2,0,106,4,0
9,350,21.000000,42.000000,1,5,6663470,1146,2,1146,2,0,106,4,0
9,350,21.000000,42.000000,1,5,6663473,1146,2,1146,2,0,106,4,0
9,350,21.000000,42.000000,1,5,6663475,1146,2,1146,2,0,106,4,0
9,350,21.000000,42.000000,1,5,6663478,1146,2,1146,2,0,106,4,0
9,350,21.000000,42.000000,1,5,6663481,1146,1,1146,1,0,106,4,0
9,350,21.000000,42.000000,1,5,6663484,1146,0,1146,0,0,106,4,0
9,350,21.000000,42.000000,1,5,6663486,1146,0,1146,0,0,106,4,0
9,350,21.000000,42.000000,1,5,6663489,1146,0,1146,0,0,106,4,0
9,350,21.000000,42.000000,1,5,6663492,1146,0,1146,0,0,106,4,0
9,350,21.000000,42.000000,1,5,6663495,1146,0,1146,0,0,106,4,0
9,350,21.000000,42.000000,1,5,6663498,1146,0,1146,0,0,106,4,0
9,350,21.000000,42.000000,1,5,6663500,1145,0,1145,0,0,106,4,0
9,350,21.000000,42.000000,1,5,6663503,1144,0,1144,0,0,106,4,0
9,350,21.000000,42.000000,1,5,6663506,1144,0,1144,-1,0,106,4,0
9,350,21.000000,42.000000,1,5,6663509,1144,0,1144,-1,0,106,4,0
9,350,21.000000,42.000000,1,5,6663511,1144,0,1144,-1,0,106,4,0
9,350,21.000000,42.000000,1,5,6663514,1144,0,1144,-2,0,106,4,0
9,350,21.000000,42.000000,1,5,6663517,1144,0,1144,-3,0,106,4,0
9,350,21.000000,42.000000,1,5,6663520,1144,0,1144,-3,0,106,4,0
9,350,21.000000,42.000000,1,5,6663523,1144,0,1144,-3,0,106,4,0
9,350,21.000000,42.000000,1,5,6663525,1143,0,1143,-4,0,106,4,0
9,350,21.000000,42.000000,1,5,6663528,1142,0,1142,-5,0,106,4,0
9,350,21.000000,42.000000,1,5,6663531,1142,0,1142,-5,0,106,4,0
9,350,21.000000,42.000000,1,5,6663534,1142,0,1142,-5,0,106,4,0
9,350,21.000000,42.000000,1,5,6663536,1142,0,1142,-6,0,106,4,0
9,350,21.000000,42.000000,1,5,6663539,1142,0,1142,-7,0,106,4,0
9,350,21.000000,42.000000,1,5,6663542,1142,0,1142,-8,0,106,4,0
9,350,21.000000,42.000000,1,5,6663545,1142,0,1142,-8,0,106,4,0
9,350,21.000000,42.000000,1,5,6663547,1142,0,1142,-8,0,106,4,0
9,350,21.000000,42.000000,1,5,6663550,1142,0,1142,-8,0,106,4,0
9,350,21.000000,42.000000,1,5,6663553,1142,0,1142,-9,0,106,4,0
9,350,21.000000,42.000000,1,5,6663556,1142,0,1142,-10,0,106,4,0
9,350,21.000000,42.000000,1,5,6663559,1142,0,1142,-10,0,106,4,0
9,350,21.000000,42.000000,1,5,6663561,1142,0,1142,-10,0,106,4,0
9,350,21.000000,42.000000,1,5,6663564,1142,0,1142,-10,0,106,4,0
9,350,21.000000,42.000000,1,5,6663567,1142,0,1142,-10,0,106,4,0
9,350,21.000000,42.000000,1,5,6663570,1142,0,1142,-10,0,106,4,0
9,350,21.000000,42.000000,1,5,6663573,1142,0,1142,-11,0,106,4,0
9,350,21.000000,42.000000,1,5,6663575,1142,0,1142,-12,0,106,4,0
9,350,21.000000,42.000000,1,5,6663578,1142,0,1142,-12,0,106,4,0
9,350,21.000000,42.000000,1,5,6663581,1142,0,1142,-12,0,106,4,0
9,350,21.000000,42.000000,1,5,6663584,1142,0,1142,-12,0,106,4,0
9,350,21.000000,42.000000,1,5,6663587,1142,0,1142,-12,0,106,4,0
9,350,21.000000,42.000000,1,5,6663589,1142,0,1142,-12,0,106,4,0
9,350,21.000000,42.000000,1,5,6663592,1142,0,1142,-12,0,106,4,0
9,350,21.000000,42.000000,1,5,6663595,1142,0,1142,-12,0,106,4,0
9,350,21.000000,42.000000,1,5,6663598,1142,0,1142,-12,0,106,4,0
9,350,21.000000,42.000000,1,5,6663600,1142,0,1142,-12,0,106,4,0
9,350,21.000000,42.000000,1,5,6663603,1142,0,1142,-12,0,106,4,0
9,350,21.000000,42.000000,1,5,6663606,1142,0,1142,-12,0,106,4,0
9,350,21.000000,42.000000,1,5,6663609,1142,0,1142,-12,0,106,4,0
9,350,21.000000,42.000000,1,5,6663612,1142,0,1142,-12,0,106,4,0
9,350,21.000000,42.000000,1,5,6663614,1142,0,1142,-12,0,106,4,0
9,350,21.000000,42.000000,1,5,6663628,1142,0,1142,-12,0,106,4,0
