9,350,21.000000,42.000000,1,5,6698181,787,0,787,0,0,110,0,0
9,350,21.000000,42.000000,1,5,6698182,787,0,787,0,0,110,0,0
9,350,21.000000,42.000000,1,5,6698185,787,0,787,0,0,110,0,0
9,350,21.000000,42.000000,1,5,6698188,787,0,787,0,0,110,0,0
9,350,21.000000,42.000000,1,5,6698190,787,0,787,0,0,110,0,0
9,350,21.000000,42.000000,1,5,6698193,787,0,787,0,0,110,0,0
9,350,21.000000,42.000000,1,5,6698196,787,0,787,0,0,110,0,0
9,350,21.000000,42.000000,1,5,6698199,787,0,787,0,0,110,0,0
9,350,21.000000,42.000000,1,5,6698201,787,0,787,0,0,110,0,0
9,350,21.000000,42.000000,1,5,6698204,787,0,787,0,0,110,0,0
9,350,21.000000,42.000000,1,5,6698207,787,0,787,0,0,110,0,0
9,350,21.000000,42.000000,1,5,6698210,787,0,787,0,0,110,0,0
9,350,21.000000,42.000000,1,5,6698213,787,0,787,0,0,110,0,0
9,350,21.000000,42.000000,1,5,6698215,787,0,787,0,0,110,0,0
9,350,21.000000,42.000000,1,5,6698218,787,0,787,0,0,110,0,0
9,350,21.000000,42.000000,1,5,6698221,787,0,787,0,0,110,0,0
9,350,21.000000,42.000000,1,5,6698224,787,0,787,0,0,110,0,0
9,350,21.000000,42.000000,1,5,6698226,787,0,787,0,0,110,0,0
9,350,21.000000,42.000000,1,5,6698229,787,0,787,0,0,110,0,0
9,350,21.000000,42.000000,1,5,6698232,787,0,787,0,0,110,0,0
9,350,21.000000,42.000000,1,5,6698235,787,0,787,0,0,110,0,0
9,350,21.000000,42.000000,1,5,6698237,787,0,787,0,0,110,0,0
9,350,21.000000,42.000000,1,5,6698240,787,0,787,0,0,110,0,0
9,350,21.000000,42.000000,1,5,6698243,787,0,787,0,0,110,0,0
9,350,21.000000,42.000000,1,5,6698246,787,0,787,0,0,110,0,0
9,350,21.000000,42.000000,1,5,6698249,787,1,787,1,0,110,0,0
9,350,21.000000,42.000000,1,5,6698252,788,2,788,2,0,110,0,0
9,350,21.000000,42.000000,1,5,6698254,789,3,789,3,0,110,0,0
9,350,21.000000,42.000000,1,5,6698257,791,4,791,4,0,110,0,0
9,350,21.000000,42.000000,1,5,6698260,792,6,792,6,0,110,0,0
9,350,21.000000,42.000000,1,5,6698263,793,7,793,7,0,110,0,0
9,350,21.000000,42.000000,1,5,6698266,797,11,797,11,0,110,0,0
9,350,21.000000,42.000000,1,5,6698268,799,14,799,14,0,110,0,0
9,350,21.000000,42.000000,1,5,6698271,801,16,801,16,0,110,0,0
9,350,21.000000,42.000000,1,5,6698274,805,19,805,19,0,110,0,0
9,350,21.000000,42.000000,1,5,6698277,806,20,806,20,0,110,0,0
9,350,21.000000,42.000000,1,5,6698279,810,23,810,23,0,110,0,0
9,350,21.000000,42.000000,1,5,6698282,813,26,813,26,0,110,0,0
9,350,21.000000,42.000000,1,5,6698285,817,29,817,29,0,110,0,0
9,350,21.000000,42.000000,1,5,6698288,821,32,821,32,0,110,0,0
9,350,21.000000,42.000000,1,5,6698290,825,35,825,35,0,110,0,0
9,350,21.000000,42.000000,1,5,6698293,834,41,834,41,0,110,0,0
9,350,21.000000,42.000000,1,5,6698296,844,47,844,47,0,110,0,0
9,350,21.000000,42.000000,1,5,6698299,849,50,849,50,0,110,0,0
9,350,21.000000,42.000000,1,5,6698302,856,53,856,53,0,110,0,0
9,350,21.000000,42.000000,1,5,6698304,862,56,862,56,0,110,0,0
9,350,21.000000,42.000000,1,5,6698307,867,59,867,59,0,110,0,0
9,350,21.000000,42.000000,1,5,6698310,877,62,877,62,0,110,0,0
9,350,21.000000,42.000000,1,5,6698313,887,66,887,66,0,110,0,0
9,350,21.000000,42.000000,1,5,6698315,896,68,896,68,0,110,0,0
9,350,21.000000,42.000000,1,5,6698318,902,70,902,70,0,110,0,0
9,350,21.000000,42.000000,1,5,6698321,913,73,913,73,0,110,0,0
9,350,21.000000,42.000000,1,5,6698324,926,76,926,76,0,110,0,0
9,350,21.000000,42.000000,1,5,6698327,932,77,932,77,0,110,0,0
9,350,21.000000,42.000000,1,5,6698329,947,80,947,80,0,110,0,0
9,350,21.000000,42.000000,1,5,6698332,956,82,956,82,0,110,0,0
9,350,21.000000,42.000000,1,5,6698335,963,84,963,84,0,110,0,0
9,350,21.000000,42.000000,1,5,6698338,970,85,970,85,0,110,0,0
9,350,21.000000,42.000000,1,5,6698340,979,86,979,86,0,110,0,0
9,350,21.000000,42.000000,1,5,6698343,986,87,986,87,0,110,0,0
9,350,21.000000,42.000000,1,5,6698346,993,88,993,88,0,110,0,0
9,350,21.000000,42.000000,1,5,6698349,999,89,999,89,0,110,0,0
9,350,21.000000,42.000000,1,5,6698352,1009,90,1009,90,0,110,0,0
9,350,21.000000,42.000000,1,5,6698354,1016,90,1016,90,0,110,0,0
9,350,21.000000,42.000000,1,5,6698357,1022,90,1022,90,0,110,0,0
9,350,21.000000,42.000000,1,5,6698360,1026,91,1026,91,0,110,0,0
9,350,21.000000,42.000000,1,5,6698363,1036,91,1036,91,0,110,0,0
9,350,21.000000,42.000000,1,5,6698366,1050,91,1050,91,0,110,0,0
9,350,21.000000,42.000000,1,5,6698368,1055,91,1055,91,0,110,0,0
9,350,21.000000,42.000000,1,5,6698371,1058,91,1058,91,0,110,0,0
9,350,21.000000,42.000000,1,5,6698374,1064,91,1064,91,0,110,0,0
9,350,21.000000,42.000000,1,5,6698376,1067,91,1067,91,0,110,0,0
9,350,21.000000,42.000000,1,5,6698379,1071,91,1071,91,0,110,0,0
9,350,21.000000,42.000000,1,5,6698382,1074,91,1074,91,0,110,0,0
9,350,21.000000,42.000000,1,5,6698385,1077,90,1077,90,0,110,0,0
9,350,21.000000,42.000000,1,5,6698388,1080,90,1080,90,0,110,0,0
9,350,21.000000,42.000000,1,5,6698390,1081,90,1081,90,0,110,0,0
9,350,21.000000,42.000000,1,5,6698393,1084,90,1084,90,0,110,0,0
9,350,21.000000,42.000000,1,5,6698396,1087,89,1087,89,0,110,0,0
9,350,21.000000,42.000000,1,5,6698399,1091,88,1091,88,0,110,0,0
9,350,21.000000,42.000000,1,5,6698401,1094,88,1094,88,0,110,0,0
9,350,21.000000,42.000000,1,5,6698404,1096,87,1096,87,0,110,0,0
9,350,21.000000,42.000000,1,5,6698407,1098,86,1098,86,0,110,0,0
9,350,21.000000,42.000000,1,5,6698410,1099,86,1099,86,0,110,0,0
9,350,21.000000,42.000000,1,5,6698413,1101,85,1101,85,0,110,0,0
9,350,21.000000,42.000000,1,5,6698416,1102,85,1102,85,0,110,0,0
9,350,21.000000,42.000000,1,5,6698418,1104,84,1104,84,0,110,0,0
9,350,21.000000,42.000000,1,5,6698421,1106,83,1106,83,0,110,0,0
9,350,21.000000,42.000000,1,5,6698424,1108,82,1108,82,0,110,0,0
9,350,21.000000,42.000000,1,5,6698427,1110,81,1110,81,0,110,0,0
9,350,21.000000,42.000000,1,5,6698429,1112,80,1112,80,0,110,0,0
9,350,21.000000,42.000000,1,5,6698432,1113,79,1113,79,0,110,0,0
9,350,21.000000,42.000000,1,5,6698435,1116,78,1116,78,0,110,0,0
9,350,21.000000,42.000000,1,5,6698438,1118,78,1118,78,0,110,0,0
9,350,21.000000,42.000000,1,5,6698441,1119,78,1119,78,0,110,0,0
9,350,21.000000,42.000000,1,5,6698443,1122,77,1122,77,0,110,0,0
9,350,21.000000,42.000000,1,5,6698446,1124,76,1124,76,0,110,0,0
9,350,21.000000,42.000000,1,5,6698449,1126,75,1126,75,0,110,0,0
9,350,21.000000,42.000000,1,5,6698452,1128,74,1128,74,0,110,0,0
9,350,21.000000,42.000000,1,5,6698455,1131,71,1131,71,0,110,0,0
9,350,21.000000,42.000000,1,5,6698457,1132,70,1132,70,0,110,0,0
9,350,21.000000,42.000000,1,5,6698460,1134,68,1134,68,0,110,0,0
9,350,21.000000,42.000000,1,5,6698463,1136,67,1136,67,0,110,0,0
9,350,21.000000,42.000000,1,5,6698466,1138,65,1138,65,0,110,0,0
9,350,21.000000,42.000000,1,5,6698468,1139,65,1139,65,0,110,0,0
9,350,21.000000,42.000000,1,5,6698471,1141,64,1141,64,0,110,0,0
9,350,21.000000,42.000000,1,5,6698474,1143,63,1143,63,0,110,0,0
9,350,21.000000,42.000000,1,5,6698477,1144,63,1144,63,0,110,0,0
9,350,21.000000,42.000000,1,5,6698480,1146,62,1146,62,0,110,0,0
9,350,21.000000,42.000000,1,5,6698482,1147,61,1147,61,0,110,0,0
9,350,21.000000,42.000000,1,5,6698485,1149,60,1149,60,0,110,0,0
9,350,21.000000,42.000000,1,5,6698488,1150,59,1150,59,0,110,0,0
9,350,21.000000,42.000000,1,5,6698491,1151,58,1151,58,0,110,0,0
9,350,21.000000,42.000000,1,5,6698493,1152,58,1152,58,0,110,0,0
9,350,21.000000,42.000000,1,5,6698496,1153,57,1153,57,0,110,0,0
9,350,21.000000,42.000000,1,5,6698499,1154,56,1154,56,0,110,0,0
9,350,21.000000,42.000000,1,5,6698502,1155,55,1155,55,0,110,0,0
9,350,21.000000,42.000000,1,5,6698505,1156,55,1156,55,0,110,0,0
9,350,21.000000,42.000000,1,5,6698507,1157,55,1157,55,0,110,0,0
9,350,21.000000,42.000000,1,5,6698510,1158,53,1158,53,0,110,0,0
9,350,21.000000,42.000000,1,5,6698513,1159,53,1159,53,0,110,0,0
9,350,21.000000,42.000000,1,5,6698515,1160,53,1160,53,0,110,0,0
9,350,21.000000,42.000000,1,5,6698518,1160,52,1160,52,0,110,0,0
9,350,21.000000,42.000000,1,5,6698521,1160,51,1160,51,0,110,0,0
9,350,21.000000,42.000000,1,5,6698524,1160,50,1160,50,0,110,0,0
9,350,21.000000,42.000000,1,5,6698526,1160,49,1160,49,0,110,0,0
9,350,21.000000,42.000000,1,5,6698529,1160,48,1160,48,0,110,0,0
9,350,21.000000,42.000000,1,5,6698532,1160,47,1160,47,0,110,0,0
9,350,21.000000,42.000000,1,5,6698535,1161,47,1161,47,0,110,0,0
9,350,21.000000,42.000000,1,5,6698537,1162,46,1162,46,0,110,0,0
9,350,21.000000,42.000000,1,5,6698540,1162,46,1162,46,0,110,0,0
9,350,21.000000,42.000000,1,5,6698543,1162,45,1162,45,0,110,0,0
9,350,21.000000,42.000000,1,5,6698546,1162,44,1162,44,0,110,0,0
9,350,21.000000,42.000000,1,5,6698549,1162,43,1162,43,0,110,0,0
9,350,21.000000,42.000000,1,5,6698551,1162,42,1162,42,0,110,0,0
9,350,21.000000,42.000000,1,5,6698554,1162,42,1162,42,0,110,0,0
9,350,21.000000,42.000000,1,5,6698557,1162,41,1162,41,0,110,0,0
9,350,21.000000,42.000000,1,5,6698560,1162,40,1162,40,0,110,0,0
9,350,21.000000,42.000000,1,5,6698562,1162,40,1162,40,0,110,0,0
9,350,21.000000,42.000000,1,5,6698565,1162,39,1162,39,0,110,0,0
9,350,21.000000,42.000000,1,5,6698568,1162,38,1162,38,0,110,0,0
9,350,21.000000,42.000000,1,5,6698571,1162,38,1162,38,0,110,0,0
9,350,21.000000,42.000000,1,5,6698574,1162,37,1162,37,0,110,0,0
9,350,21.000000,42.000000,1,5,6698576,1162,35,1162,35,0,110,0,0
9,350,21.000000,42.000000,1,5,6698579,1162,35,1162,35,0,110,0,0
9,350,21.000000,42.000000,1,5,6698582,1162,34,1162,34,0,110,0,0
9,350,21.000000,42.000000,1,5,6698585,1162,34,1162,34,0,110,0,0
9,350,21.000000,42.000000,1,5,6698588,1161,34,1161,34,0,110,0,0
9,350,21.000000,42.000000,1,5,6698590,1161,33,1161,33,0,110,0,0
9,350,21.000000,42.000000,1,5,6698593,1161,32,1161,32,0,110,0,0
9,350,21.000000,42.000000,1,5,6698596,1160,32,1160,32,0,110,0,0
9,350,21.000000,42.000000,1,5,6698599,1159,32,1159,32,0,110,0,0
9,350,21.000000,42.000000,1,5,6698601,1158,31,1158,31,0,110,0,0
9,350,21.000000,42.000000,1,5,6698604,1157,31,1157,31,0,110,0,0
9,350,21.000000,42.000000,1,5,6698607,1157,30,1157,30,0,110,0,0
9,350,21.000000,42.000000,1,5,6698610,1156,30,1156,30,0,110,0,0
9,350,21.000000,42.000000,1,5,6698612,1155,29,1155,29,0,110,0,0
9,350,21.000000,42.000000,1,5,6698615,1155,28,1155,28,0,110,0,0
9,350,21.000000,42.000000,1,5,6698618,1154,28,1154,28,0,110,0,0
9,350,21.000000,42.000000,1,5,6698621,1152,27,1152,27,0,110,0,0
9,350,21.000000,42.000000,1,5,6698624,1151,27,1151,27,0,110,0,0
9,350,21.000000,42.000000,1,5,6698627,1150,27,1150,27,0,110,0,0
9,350,21.000000,42.000000,1,5,6698630,1148,27,1148,27,0,110,0,0
9,350,21.000000,42.000000,1,5,6698632,1148,26,1148,26,0,110,0,0
9,350,21.000000,42.000000,1,5,6698635,1147,26,1147,26,0,110,0,0
9,350,21.000000,42.000000,1,5,6698638,1145,25,1145,25,0,110,0,0
9,350,21.000000,42.000000,1,5,6698641,1145,24,1145,24,0,110,0,0
9,350,21.000000,42.000000,1,5,6698643,1144,24,1144,24,0,110,0,0
9,350,21.000000,42.000000,1,5,6698646,1143,23,1143,23,0,110,0,0
9,350,21.000000,42.000000,1,5,6698649,1143,22,1143,22,0,110,0,0
9,350,21.000000,42.000000,1,5,6698652,1142,22,1142,22,0,110,0,0
9,350,21.000000,42.000000,1,5,6698654,1141,22,1141,22,0,110,0,0
9,350,21.000000,42.000000,1,5,6698657,1140,21,1140,21,0,110,0,0
9,350,21.000000,42.000000,1,5,6698660,1139,20,1139,20,0,110,0,0
9,350,21.000000,42.000000,1,5,6698663,1138,19,1138,19,0,110,0,0
9,350,21.000000,42.000000,1,5,6698666,1137,18,1137,18,0,110,0,0
9,350,21.000000,42.000000,1,5,6698668,1137,18,1137,18,0,110,0,0
9,350,21.000000,42.000000,1,5,6698671,1136,18,1136,18,0,110,0,0
9,350,21.000000,42.000000,1,5,6698674,1135,18,1135,18,0,110,0,0
9,350,21.000000,42.000000,1,5,6698677,1134,17,1134,17,0,110,0,0
9,350,21.000000,42.000000,1,5,6698679,1134,16,1134,16,0,110,0,0
9,350,21.000000,42.000000,1,5,6698682,1134,15,1134,15,0,110,0,0
9,350,21.000000,42.000000,1,5,6698685,1134,15,1134,15,0,110,0,0
9,350,21.000000,42.000000,1,5,6698688,1134,14,1134,14,0,110,0,0
9,350,21.000000,42.000000,1,5,6698690,1133,14,1133,14,0,110,0,0
9,350,21.000000,42.000000,1,5,6698694,1132,14,1132,14,0,110,0,0
9,350,21.000000,42.000000,1,5,6698696,1132,13,1132,13,0,110,0,0
9,350,21.000000,42.000000,1,5,6698699,1132,12,1132,12,0,110,0,0
9,350,21.000000,42.000000,1,5,6698702,1132,12,1132,12,0,110,0,0
9,350,21.000000,42.000000,1,5,6698705,1132,11,1132,11,0,110,0,0
9,350,21.000000,42.000000,1,5,6698707,1132,10,1132,10,0,110,0,0
9,350,21.000000,42.000000,1,5,6698710,1132,9,1132,9,0,110,0,0
9,350,21.000000,42.000000,1,5,6698713,1132,9,1132,9,0,110,0,0
9,350,21.000000,42.000000,1,5,6698716,1132,8,1132,8,0,110,0,0
9,350,21.000000,42.000000,1,5,6698719,1132,7,1132,7,0,110,0,0
9,350,21.000000,42.000000,1,5,6698721,1132,7,1132,7,0,110,0,0
9,350,21.000000,42.000000,1,5,6698724,1132,6,1132,6,0,110,0,0
9,350,21.000000,42.000000,1,5,6698727,1132,5,1132,5,0,110,0,0
9,350,21.000000,42.000000,1,5,6698730,1132,5,1132,5,0,110,0,0
9,350,21.000000,42.000000,1,5,6698732,1132,4,1132,4,0,110,0,0
9,350,21.000000,42.000000,1,5,6698735,1132,3,1132,3,0,110,0,0
9,350,21.000000,42.000000,1,5,6698738,1132,3,1132,3,0,110,0,0
9,350,21.000000,42.000000,1,5,6698741,1132,2,1132,2,0,110,0,0
9,350,21.000000,42.000000,1,5,6698743,1132,2,1132,2,0,110,0,0
9,350,21.000000,42.000000,1,5,6698746,1132,2,1132,2,0,110,0,0
9,350,21.000000,42.000000,1,5,6698749,1132,2,1132,2,0,110,0,0
9,350,21.000000,42.000000,1,5,6698752,1132,2,1132,2,0,110,0,0
9,350,21.000000,42.000000,1,5,6698754,1132,2,1132,2,0,110,0,0
9,350,21.000000,42.000000,1,5,6698757,1132,2,1132,2,0,110,0,0
9,350,21.000000,42.000000,1,5,6698760,1132,2,1132,2,0,110,0,0
9,350,21.000000,42.000000,1,5,6698763,1132,2,1132,2,0,110,0,0
9,350,21.000000,42.000000,1,5,6698765,1132,2,1132,2,0,110,0,0
9,350,21.000000,42.000000,1,5,6698769,1132,2,1132,2,0,110,0,0
9,350,21.000000,42.000000,1,5,6698771,1132,2,1132,2,0,110,0,0
9,350,21.000000,42.000000,1,5,6698774,1132,2,1132,2,0,110,0,0
9,350,21.000000,42.000000,1,5,6698777,1132,2,1132,2,0,110,0,0
9,350,21.000000,42.000000,1,5,6698779,1132,2,1132,2,0,110,0,0
9,350,21.000000,42.000000,1,5,6698782,1132,2,1132,2,0,110,0,0
9,350,21.000000,42.000000,1,5,6698785,1132,2,1132,2,0,110,0,0
9,350,21.000000,42.000000,1,5,6698788,1132,2,1132,2,0,110,0,0
9,350,21.000000,42.000000,1,5,6698791,1132,2,1132,2,0,110,0,0
9,350,21.000000,42.000000,1,5,6698793,1132,2,1132,2,0,110,0,0
9,350,21.000000,42.000000,1,5,6698796,1132,2,1132,2,0,110,0,0
9,350,21.000000,42.000000,1,5,6698799,1132,2,1132,2,0,110,0,0
9,350,21.000000,42.000000,1,5,6698802,1132,2,1132,2,0,110,0,0
9,350,21.000000,42.000000,1,5,6698804,1132,2,1132,2,0,110,0,0
9,350,21.000000,42.000000,1,5,6698807,1132,2,1132,2,0,110,0,0
9,350,21.000000,42.000000,1,5,6698810,1132,2,1132,2,0,110,0,0
9,350,21.000000,42.000000,1,5,6698822,1132,2,1132,2,0,110,0,0
