9,700,21.000000,42.000000,1,0,7262270,605,0,605,0,1,147,5,1
9,700,21.000000,42.000000,1,0,7262271,605,0,605,0,1,147,5,1
9,700,21.000000,42.000000,1,0,7262274,605,0,605,0,1,147,5,1
9,700,21.000000,42.000000,1,0,7262276,605,0,605,0,1,147,5,1
9,700,21.000000,42.000000,1,0,7262279,605,0,605,0,1,147,5,1
9,700,21.000000,42.000000,1,0,7262282,605,0,605,0,1,147,5,1
9,700,21.000000,42.000000,1,0,7262285,605,0,605,0,1,147,5,1
9,700,21.000000,42.000000,1,0,7262287,605,0,605,0,1,147,5,1
9,700,21.000000,42.000000,1,0,7262290,605,0,605,0,1,147,5,1
9,700,21.000000,42.000000,1,0,7262293,605,0,605,0,1,147,5,1
9,700,21.000000,42.000000,1,0,7262296,605,0,605,0,1,147,5,1
9,700,21.000000,42.000000,1,0,7262299,605,0,605,0,1,147,5,1
9,700,21.000000,42.000000,1,0,7262301,605,0,605,-1,1,147,5,1
9,700,21.000000,42.000000,1,0,7262304,605,0,605,-2,1,147,5,1
9,700,21.000000,42.000000,1,0,7262307,605,0,605,-2,1,147,5,1
9,700,21.000000,42.000000,1,0,7262310,605,0,605,-2,1,147,5,1
9,700,21.000000,42.000000,1,0,7262312,605,0,605,-2,1,147,5,1
9,700,21.000000,42.000000,1,0,7262315,605,0,605,-2,1,147,5,1
9,700,21.000000,42.000000,1,0,7262318,605,0,605,-2,1,147,5,1
9,700,21.000000,42.000000,1,0,7262321,605,0,605,-2,1,147,5,1
9,700,21.000000,42.000000,1,0,7262324,605,0,605,-2,1,147,5,1
9,700,21.000000,42.000000,1,0,7262326,605,0,605,-2,1,147,5,1
9,700,21.000000,42.000000,1,0,7262329,605,0,605,-2,1,147,5,1
9,700,21.000000,42.000000,1,0,7262332,605,0,605,-2,1,147,5,1
9,700,21.000000,42.000000,1,0,7262334,605,0,605,-2,1,147,5,1
9,700,21.000000,42.000000,1,0,7262337,605,0,605,-2,1,147,5,1
9,700,21.000000,42.000000,1,0,7262340,605,0,605,-2,1,147,5,1
9,700,21.000000,42.000000,1,0,7262343,605,0,605,-2,1,147,5,1
9,700,21.000000,42.000000,1,0,7262346,605,0,605,-2,1,147,5,1
9,700,21.000000,42.000000,1,0,7262348,605,1,605,-1,1,147,5,1
9,700,21.000000,42.000000,1,0,7262351,606,3,606,1,1,147,5,1
9,700,21.000000,42.000000,1,0,7262354,607,4,607,2,1,147,5,1
9,700,21.000000,42.000000,1,0,7262357,608,6,608,4,1,147,5,1
9,700,21.000000,42.000000,1,0,7262359,609,6,609,4,1,147,5,1
9,700,21.000000,42.000000,1,0,7262362,610,8,610,6,1,147,5,1
9,700,21.000000,42.000000,1,0,7262365,611,10,611,8,1,147,5,1
9,700,21.000000,42.000000,1,0,7262368,613,13,613,11,1,147,5,1
9,700,21.000000,42.000000,1,0,7262371,616,16,616,14,1,147,5,1
9,700,21.000000,42.000000,1,0,7262374,621,20,621,18,1,147,5,1
9,700,21.000000,42.000000,1,0,7262377,634,32,634,30,1,147,5,1
9,700,21.000000,42.000000,1,0,7262380,640,36,640,34,1,147,5,1
9,700,21.000000,42.000000,1,0,7262383,647,41,647,39,1,147,5,1
9,700,21.000000,42.000000,1,0,7262386,656,48,656,46,1,147,5,1
9,700,21.000000,42.000000,1,0,7262389,665,54,665,52,1,147,5,1
9,700,21.000000,42.000000,1,0,7262392,671,59,671,57,1,147,5,1
9,700,21.000000,42.000000,1,0,7262395,681,65,681,63,1,147,5,1
9,700,21.000000,42.000000,1,0,7262397,691,70,691,68,1,147,5,1
9,700,21.000000,42.000000,1,0,7262401,710,79,710,77,1,147,5,1
9,700,21.000000,42.000000,1,0,7262404,721,84,721,82,1,147,5,1
9,700,21.000000,42.000000,1,0,7262407,739,91,739,89,1,147,5,1
9,700,21.000000,42.000000,1,0,7262410,761,99,761,97,1,147,5,1
9,700,21.000000,42.000000,1,0,7262413,772,102,772,100,1,147,5,1
9,700,21.000000,42.000000,1,0,7262415,792,109,792,107,1,147,5,1
9,700,21.000000,42.000000,1,0,7262418,814,116,814,114,1,147,5,1
9,700,21.000000,42.000000,1,0,7262421,823,118,823,116,1,147,5,1
9,700,21.000000,42.000000,1,0,7262424,843,123,843,121,1,147,5,1
9,700,21.000000,42.000000,1,0,7262426,857,126,857,124,1,147,5,1
9,700,21.000000,42.000000,1,0,7262429,871,129,871,127,1,147,5,1
9,700,21.000000,42.000000,1,0,7262432,890,132,890,130,1,147,5,1
9,700,21.000000,42.000000,1,0,7262435,908,135,908,133,1,147,5,1
9,700,21.000000,42.000000,1,0,7262438,923,137,923,135,1,147,5,1
9,700,21.000000,42.000000,1,0,7262440,940,140,940,138,1,147,5,1
9,700,21.000000,42.000000,1,0,7262443,949,141,949,139,1,147,5,1
9,700,21.000000,42.000000,1,0,7262446,967,143,967,141,1,147,5,1
9,700,21.000000,42.000000,1,0,7262449,976,144,976,142,1,147,5,1
9,700,21.000000,42.000000,1,0,7262452,990,145,990,143,1,147,5,1
9,700,21.000000,42.000000,1,0,7262455,1003,145,1003,143,1,147,5,1
9,700,21.000000,42.000000,1,0,7262458,1013,145,1013,143,1,147,5,1
9,700,21.000000,42.000000,1,0,7262461,1029,145,1029,143,1,147,5,1
9,700,21.000000,42.000000,1,0,7262463,1035,145,1035,143,1,147,5,1
9,700,21.000000,42.000000,1,0,7262466,1046,144,1046,142,1,147,5,1
9,700,21.000000,42.000000,1,0,7262469,1054,143,1054,141,1,147,5,1
9,700,21.000000,42.000000,1,0,7262471,1060,141,1060,139,1,147,5,1
9,700,21.000000,42.000000,1,0,7262474,1068,139,1068,137,1,147,5,1
9,700,21.000000,42.000000,1,0,7262477,1075,137,1075,135,1,147,5,1
9,700,21.000000,42.000000,1,0,7262480,1082,134,1082,132,1,147,5,1
9,700,21.000000,42.000000,1,0,7262482,1086,132,1086,130,1,147,5,1
9,700,21.000000,42.000000,1,0,7262485,1091,130,1091,128,1,147,5,1
9,700,21.000000,42.000000,1,0,7262488,1093,129,1093,127,1,147,5,1
9,700,21.000000,42.000000,1,0,7262490,1096,126,1096,124,1,147,5,1
9,700,21.000000,42.000000,1,0,7262493,1101,122,1101,120,1,147,5,1
9,700,21.000000,42.000000,1,0,7262496,1105,119,1105,117,1,147,5,1
9,700,21.000000,42.000000,1,0,7262499,1106,117,1106,115,1,147,5,1
9,700,21.000000,42.000000,1,0,7262502,1109,114,1109,112,1,147,5,1
9,700,21.000000,42.000000,1,0,7262504,1112,111,1112,109,1,147,5,1
9,700,21.000000,42.000000,1,0,7262507,1115,108,1115,106,1,147,5,1
9,700,21.000000,42.000000,1,0,7262510,1119,103,1119,101,1,147,5,1
9,700,21.000000,42.000000,1,0,7262513,1122,99,1122,97,1,147,5,1
9,700,21.000000,42.000000,1,0,7262515,1124,95,1124,93,1,147,5,1
9,700,21.000000,42.000000,1,0,7262518,1128,90,1128,88,1,147,5,1
9,700,21.000000,42.000000,1,0,7262521,1131,87,1131,85,1,147,5,1
9,700,21.000000,42.000000,1,0,7262524,1134,82,1134,80,1,147,5,1
9,700,21.000000,42.000000,1,0,7262527,1138,76,1138,74,1,147,5,1
9,700,21.000000,42.000000,1,0,7262529,1141,73,1141,71,1,147,5,1
9,700,21.000000,42.000000,1,0,7262532,1143,69,1143,67,1,147,5,1
9,700,21.000000,42.000000,1,0,7262535,1145,66,1145,64,1,147,5,1
9,700,21.000000,42.000000,1,0,7262538,1150,60,1150,58,1,147,5,1
9,700,21.000000,42.000000,1,0,7262540,1154,56,1154,54,1,147,5,1
9,700,21.000000,42.000000,1,0,7262543,1156,53,1156,51,1,147,5,1
9,700,21.000000,42.000000,1,0,7262546,1158,50,1158,48,1,147,5,1
9,700,21.000000,42.000000,1,0,7262549,1161,47,1161,45,1,147,5,1
9,700,21.000000,42.000000,1,0,7262552,1164,44,1164,42,1,147,5,1
9,700,21.000000,42.000000,1,0,7262554,1169,38,1169,36,1,147,5,1
9,700,21.000000,42.000000,1,0,7262557,1172,35,1172,33,1,147,5,1
9,700,21.000000,42.000000,1,0,7262560,1174,32,1174,30,1,147,5,1
9,700,21.000000,42.000000,1,0,7262563,1177,29,1177,27,1,147,5,1
9,700,21.000000,42.000000,1,0,7262565,1180,27,1180,25,1,147,5,1
9,700,21.000000,42.000000,1,0,7262568,1182,26,1182,24,1,147,5,1
9,700,21.000000,42.000000,1,0,7262571,1184,24,1184,22,1,147,5,1
9,700,21.000000,42.000000,1,0,7262574,1185,23,1185,21,1,147,5,1
9,700,21.000000,42.000000,1,0,7262577,1187,21,1187,19,1,147,5,1
9,700,21.000000,42.000000,1,0,7262579,1188,19,1188,17,1,147,5,1
9,700,21.000000,42.000000,1,0,7262582,1189,17,1189,15,1,147,5,1
9,700,21.000000,42.000000,1,0,7262585,1191,16,1191,14,1,147,5,1
9,700,21.000000,42.000000,1,0,7262588,1192,15,1192,13,1,147,5,1
9,700,21.000000,42.000000,1,0,7262590,1194,14,1194,12,1,147,5,1
9,700,21.000000,42.000000,1,0,7262593,1196,12,1196,10,1,147,5,1
9,700,21.000000,42.000000,1,0,7262596,1197,12,1197,10,1,147,5,1
9,700,21.000000,42.000000,1,0,7262599,1198,11,1198,9,1,147,5,1
9,700,21.000000,42.000000,1,0,7262602,1199,11,1199,9,1,147,5,1
9,700,21.000000,42.000000,1,0,7262604,1200,10,1200,8,1,147,5,1
9,700,21.000000,42.000000,1,0,7262607,1201,9,1201,7,1,147,5,1
9,700,21.000000,42.000000,1,0,7262610,1201,8,1201,6,1,147,5,1
9,700,21.000000,42.000000,1,0,7262613,1202,7,1202,5,1,147,5,1
9,700,21.000000,42.000000,1,0,7262616,1203,6,1203,4,1,147,5,1
9,700,21.000000,42.000000,1,0,7262618,1204,5,1204,3,1,147,5,1
9,700,21.000000,42.000000,1,0,7262621,1206,4,1206,2,1,147,5,1
9,700,21.000000,42.000000,1,0,7262624,1206,3,1206,1,1,147,5,1
9,700,21.000000,42.000000,1,0,7262627,1207,2,1207,0,1,147,5,1
9,700,21.000000,42.000000,1,0,7262629,1208,1,1208,-1,1,147,5,1
9,700,21.000000,42.000000,1,0,7262632,1209,0,1209,-2,1,147,5,1
9,700,21.000000,42.000000,1,0,7262635,1210,0,1210,-3,1,147,5,1
9,700,21.000000,42.000000,1,0,7262638,1212,0,1212,-3,1,147,5,1
9,700,21.000000,42.000000,1,0,7262640,1212,0,1212,-4,1,147,5,1
9,700,21.000000,42.000000,1,0,7262643,1213,0,1213,-4,1,147,5,1
9,700,21.000000,42.000000,1,0,7262646,1214,0,1214,-5,1,147,5,1
9,700,21.000000,42.000000,1,0,7262649,1216,0,1216,-6,1,147,5,1
9,700,21.000000,42.000000,1,0,7262652,1216,0,1216,-6,1,147,5,1
9,700,21.000000,42.000000,1,0,7262654,1217,0,1217,-7,1,147,5,1
9,700,21.000000,42.000000,1,0,7262657,1218,0,1218,-7,1,147,5,1
9,700,21.000000,42.000000,1,0,7262660,1218,0,1218,-8,1,147,5,1
9,700,21.000000,42.000000,1,0,7262663,1219,0,1219,-8,1,147,5,1
9,700,21.000000,42.000000,1,0,7262665,1220,0,1220,-9,1,147,5,1
9,700,21.000000,42.000000,1,0,7262668,1221,0,1221,-9,1,147,5,1
9,700,21.000000,42.000000,1,0,7262671,1222,0,1222,-9,1,147,5,1
9,700,21.000000,42.000000,1,0,7262674,1223,0,1223,-10,1,147,5,1
9,700,21.000000,42.000000,1,0,7262676,1225,0,1225,-10,1,147,5,1
9,700,21.000000,42.000000,1,0,7262679,1226,0,1226,-10,1,147,5,1
9,700,21.000000,42.000000,1,0,7262682,1227,0,1227,-10,1,147,5,1
9,700,21.000000,42.000000,1,0,7262685,1228,0,1228,-10,1,147,5,1
9,700,21.000000,42.000000,1,0,7262688,1229,0,1229,-11,1,147,5,1
9,700,21.000000,42.000000,1,0,7262690,1230,0,1230,-11,1,147,5,1
9,700,21.000000,42.000000,1,0,7262693,1231,0,1231,-11,1,147,5,1
9,700,21.000000,42.000000,1,0,7262696,1233,0,1233,-11,1,147,5,1
9,700,21.000000,42.000000,1,0,7262699,1234,0,1234,-11,1,147,5,1
9,700,21.000000,42.000000,1,0,7262702,1235,0,1235,-11,1,147,5,1
9,700,21.000000,42.000000,1,0,7262704,1237,0,1237,-12,1,147,5,1
9,700,21.000000,42.000000,1,0,7262707,1240,0,1240,-13,1,147,5,1
9,700,21.000000,42.000000,1,0,7262710,1241,0,1241,-14,1,147,5,1
9,700,21.000000,42.000000,1,0,7262713,1242,0,1242,-15,1,147,5,1
9,700,21.000000,42.000000,1,0,7262715,1244,0,1244,-15,1,147,5,1
9,700,21.000000,42.000000,1,0,7262718,1245,0,1245,-15,1,147,5,1
9,700,21.000000,42.000000,1,0,7262721,1246,0,1246,-15,1,147,5,1
9,700,21.000000,42.000000,1,0,7262724,1247,0,1247,-16,1,147,5,1
9,700,21.000000,42.000000,1,0,7262727,1249,0,1249,-16,1,147,5,1
9,700,21.000000,42.000000,1,0,7262729,1250,0,1250,-16,1,147,5,1
9,700,21.000000,42.000000,1,0,7262732,1251,0,1251,-16,1,147,5,1
9,700,21.000000,42.000000,1,0,7262735,1252,0,1252,-16,1,147,5,1
9,700,21.000000,42.000000,1,0,7262738,1253,0,1253,-16,1,147,5,1
9,700,21.000000,42.000000,1,0,7262741,1254,0,1254,-16,1,147,5,1
9,700,21.000000,42.000000,1,0,7262743,1255,0,1255,-16,1,147,5,1
9,700,21.000000,42.000000,1,0,7262746,1256,0,1256,-17,1,147,5,1
9,700,21.000000,42.000000,1,0,7262749,1257,0,1257,-17,1,147,5,1
9,700,21.000000,42.000000,1,0,7262752,1258,0,1258,-17,1,147,5,1
9,700,21.000000,42.000000,1,0,7262754,1259,0,1259,-18,1,147,5,1
9,700,21.000000,42.000000,1,0,7262757,1260,0,1260,-19,1,147,5,1
9,700,21.000000,42.000000,1,0,7262760,1262,0,1262,-20,1,147,5,1
9,700,21.000000,42.000000,1,0,7262763,1263,0,1263,-20,1,147,5,1
9,700,21.000000,42.000000,1,0,7262766,1263,0,1263,-21,1,147,5,1
9,700,21.000000,42.000000,1,0,7262768,1264,0,1264,-21,1,147,5,1
9,700,21.000000,42.000000,1,0,7262771,1265,0,1265,-21,1,147,5,1
9,700,21.000000,42.000000,1,0,7262774,1267,0,1267,-21,1,147,5,1
9,700,21.000000,42.000000,1,0,7262777,1269,0,1269,-21,1,147,5,1
9,700,21.000000,42.000000,1,0,7262779,1271,0,1271,-21,1,147,5,1
9,700,21.000000,42.000000,1,0,7262782,1272,0,1272,-21,1,147,5,1
9,700,21.000000,42.000000,1,0,7262785,1273,0,1273,-22,1,147,5,1
9,700,21.000000,42.000000,1,0,7262788,1274,0,1274,-22,1,147,5,1
9,700,21.000000,42.000000,1,0,7262791,1275,0,1275,-22,1,147,5,1
9,700,21.000000,42.000000,1,0,7262793,1276,0,1276,-23,1,147,5,1
9,700,21.000000,42.000000,1,0,7262796,1277,0,1277,-23,1,147,5,1
9,700,21.000000,42.000000,1,0,7262799,1279,0,1279,-23,1,147,5,1
9,700,21.000000,42.000000,1,0,7262802,1280,0,1280,-24,1,147,5,1
9,700,21.000000,42.000000,1,0,7262804,1281,0,1281,-24,1,147,5,1
9,700,21.000000,42.000000,1,0,7262807,1283,0,1283,-24,1,147,5,1
9,700,21.000000,42.000000,1,0,7262810,1284,0,1284,-25,1,147,5,1
9,700,21.000000,42.000000,1,0,7262813,1285,0,1285,-25,1,147,5,1
9,700,21.000000,42.000000,1,0,7262815,1286,0,1286,-25,1,147,5,1
9,700,21.000000,42.000000,1,0,7262818,1287,0,1287,-25,1,147,5,1
9,700,21.000000,42.000000,1,0,7262821,1288,0,1288,-25,1,147,5,1
9,700,21.000000,42.000000,1,0,7262824,1290,0,1290,-26,1,147,5,1
9,700,21.000000,42.000000,1,0,7262826,1292,0,1292,-27,1,147,5,1
9,700,21.000000,42.000000,1,0,7262829,1292,0,1292,-28,1,147,5,1
9,700,21.000000,42.000000,1,0,7262832,1293,0,1293,-28,1,147,5,1
9,700,21.000000,42.000000,1,0,7262835,1294,0,1294,-28,1,147,5,1
9,700,21.000000,42.000000,1,0,7262838,1295,0,1295,-29,1,147,5,1
9,700,21.000000,42.000000,1,0,7262840,1296,0,1296,-30,1,147,5,1
9,700,21.000000,42.000000,1,0,7262843,1297,0,1297,-30,1,147,5,1
9,700,21.000000,42.000000,1,0,7262846,1298,0,1298,-30,1,147,5,1
9,700,21.000000,42.000000,1,0,7262849,1298,0,1298,-31,1,147,5,1
9,700,21.000000,42.000000,1,0,7262851,1299,0,1299,-31,1,147,5,1
9,700,21.000000,42.000000,1,0,7262855,1300,0,1300,-31,1,147,5,1
9,700,21.000000,42.000000,1,0,7262857,1300,0,1300,-32,1,147,5,1
9,700,21.000000,42.000000,1,0,7262860,1300,0,1300,-33,1,147,5,1
9,700,21.000000,42.000000,1,0,7262863,1301,0,1301,-33,1,147,5,1
9,700,21.000000,42.000000,1,0,7262866,1302,0,1302,-33,1,147,5,1
9,700,21.000000,42.000000,1,0,7262868,1302,0,1302,-33,1,147,5,1
9,700,21.000000,42.000000,1,0,7262871,1302,0,1302,-33,1,147,5,1
9,700,21.000000,42.000000,1,0,7262874,1303,0,1303,-33,1,147,5,1
9,700,21.000000,42.000000,1,0,7262876,1304,0,1304,-33,1,147,5,1
9,700,21.000000,42.000000,1,0,7262880,1304,0,1304,-33,1,147,5,1
9,700,21.000000,42.000000,1,0,7262882,1304,0,1304,-34,1,147,5,1
9,700,21.000000,42.000000,1,0,7262885,1304,0,1304,-34,1,147,5,1
9,700,21.000000,42.000000,1,0,7262888,1304,0,1304,-34,1,147,5,1
9,700,21.000000,42.000000,1,0,7262890,1304,0,1304,-34,1,147,5,1
9,700,21.000000,42.000000,1,0,7262894,1304,0,1304,-34,1,147,5,1
9,700,21.000000,42.000000,1,0,7262896,1304,0,1304,-34,1,147,5,1
9,700,21.000000,42.000000,1,0,7262899,1305,0,1305,-34,1,147,5,1
9,700,21.000000,42.000000,1,0,7262902,1306,0,1306,-34,1,147,5,1
9,700,21.000000,42.000000,1,0,7262905,1306,0,1306,-34,1,147,5,1
9,700,21.000000,42.000000,1,0,7262907,1306,0,1306,-34,1,147,5,1
9,700,21.000000,42.000000,1,0,7262910,1306,0,1306,-34,1,147,5,1
9,700,21.000000,42.000000,1,0,7262913,1306,0,1306,-34,1,147,5,1
9,700,21.000000,42.000000,1,0,7262916,1306,0,1306,-34,1,147,5,1
9,700,21.000000,42.000000,1,0,7262919,1306,0,1306,-34,1,147,5,1
9,700,21.000000,42.000000,1,0,7262921,1306,0,1306,-34,1,147,5,1
9,700,21.000000,42.000000,1,0,7262924,1306,0,1306,-34,1,147,5,1
9,700,21.000000,42.000000,1,0,7262927,1306,0,1306,-34,1,147,5,1
9,700,21.000000,42.000000,1,0,7262930,1306,0,1306,-34,1,147,5,1
9,700,21.000000,42.000000,1,0,7262932,1306,0,1306,-34,1,147,5,1
9,700,21.000000,42.000000,1,0,7262935,1306,0,1306,-34,1,147,5,1
9,700,21.000000,42.000000,1,0,7262937,1306,0,1306,-34,1,147,5,1
9,700,21.000000,42.000000,1,0,7262940,1306,0,1306,-34,1,147,5,1
9,700,21.000000,42.000000,1,0,7262943,1306,0,1306,-34,1,147,5,1
9,700,21.000000,42.000000,1,0,7262946,1306,0,1306,-34,1,147,5,1
9,700,21.000000,42.000000,1,0,7262949,1306,0,1306,-34,1,147,5,1
9,700,21.000000,42.000000,1,0,7262951,1306,0,1306,-34,1,147,5,1
9,700,21.000000,42.000000,1,0,7262954,1306,0,1306,-34,1,147,5,1
9,700,21.000000,42.000000,1,0,7262957,1306,0,1306,-34,1,147,5,1
9,700,21.000000,42.000000,1,0,7262960,1306,0,1306,-34,1,147,5,1
9,700,21.000000,42.000000,1,0,7262963,1306,0,1306,-34,1,147,5,1
9,700,21.000000,42.000000,1,0,7262965,1306,0,1306,-34,1,147,5,1
9,700,21.000000,42.000000,1,0,7262979,1306,0,1306,-34,0,147,5,1
