9,700,21.000000,42.000000,1,0,7435645,617,1,617,1,0,163,2,0
9,700,21.000000,42.000000,1,0,7435646,617,1,617,1,0,163,2,0
9,700,21.000000,42.000000,1,0,7435649,617,1,617,1,0,163,2,0
9,700,21.000000,42.000000,1,0,7435651,617,1,617,1,0,163,2,0
9,700,21.000000,42.000000,1,0,7435654,617,1,617,1,0,163,2,0
9,700,21.000000,42.000000,1,0,7435657,617,1,617,1,0,163,2,0
9,700,21.000000,42.000000,1,0,7435660,617,1,617,1,0,163,2,0
9,700,21.000000,42.000000,1,0,7435662,617,1,617,1,0,163,2,0
9,700,21.000000,42.000000,1,0,7435665,617,1,617,1,0,163,2,0
9,700,21.000000,42.000000,1,0,7435668,617,1,617,1,0,163,2,0
9,700,21.000000,42.000000,1,0,7435671,617,1,617,1,0,163,2,0
9,700,21.000000,42.000000,1,0,7435674,617,1,617,1,0,163,2,0
9,700,21.000000,42.000000,1,0,7435677,617,1,617,1,0,163,2,0
9,700,21.000000,42.000000,1,0,7435679,617,1,617,1,0,163,2,0
9,700,21.000000,42.000000,1,0,7435682,617,1,617,1,0,163,2,0
9,700,21.000000,42.000000,1,0,7435685,617,1,617,1,0,163,2,0
9,700,21.000000,42.000000,1,0,7435688,617,1,617,1,0,163,2,0
9,700,21.000000,42.000000,1,0,7435691,617,1,617,1,0,163,2,0
9,700,21.000000,42.000000,1,0,7435693,617,1,617,1,0,163,2,0
9,700,21.000000,42.000000,1,0,7435696,617,1,617,1,0,163,2,0
9,700,21.000000,42.000000,1,0,7435699,617,1,617,1,0,163,2,0
9,700,21.000000,42.000000,1,0,7435702,618,1,618,1,0,163,2,0
9,700,21.000000,42.000000,1,0,7435704,619,1,619,1,0,163,2,0
9,700,21.000000,42.000000,1,0,7435707,619,1,619,1,0,163,2,0
9,700,21.000000,42.000000,1,0,7435710,620,1,620,1,0,163,2,0
9,700,21.000000,42.000000,1,0,7435713,621,1,621,1,0,163,2,0
9,700,21.000000,42.000000,1,0,7435715,622,1,622,1,0,163,2,0
9,700,21.000000,42.000000,1,0,7435718,624,2,624,2,0,163,2,0
9,700,21.000000,42.000000,1,0,7435721,625,3,625,3,0,163,2,0
9,700,21.000000,42.000000,1,0,7435724,626,4,626,4,0,163,2,0
9,700,21.000000,42.000000,1,0,7435727,627,5,627,5,0,163,2,0
9,700,21.000000,42.000000,1,0,7435729,629,6,629,6,0,163,2,0
9,700,21.000000,42.000000,1,0,7435732,631,8,631,8,0,163,2,0
9,700,21.000000,42.000000,1,0,7435735,636,12,636,12,0,163,2,0
9,700,21.000000,42.000000,1,0,7435738,639,15,639,15,0,163,2,0
9,700,21.000000,42.000000,1,0,7435740,641,17,641,17,0,163,2,0
9,700,21.000000,42.000000,1,0,7435743,646,20,646,20,0,163,2,0
9,700,21.000000,42.000000,1,0,7435746,652,24,652,24,0,163,2,0
9,700,21.000000,42.000000,1,0,7435749,657,27,657,27,0,163,2,0
9,700,21.000000,42.000000,1,0,7435752,665,33,665,33,0,163,2,0
9,700,21.000000,42.000000,1,0,7435755,676,39,676,39,0,163,2,0
9,700,21.000000,42.000000,1,0,7435757,684,42,684,42,0,163,2,0
9,700,21.000000,42.000000,1,0,7435760,693,45,693,45,0,163,2,0
9,700,21.000000,42.000000,1,0,7435763,701,49,701,49,0,163,2,0
9,700,21.000000,42.000000,1,0,7435766,716,56,716,56,0,163,2,0
9,700,21.000000,42.000000,1,0,7435768,723,59,723,59,0,163,2,0
9,700,21.000000,42.000000,1,0,7435771,735,64,735,64,0,163,2,0
9,700,21.000000,42.000000,1,0,7435774,750,70,750,70,0,163,2,0
9,700,21.000000,42.000000,1,0,7435777,758,72,758,72,0,163,2,0
9,700,21.000000,42.000000,1,0,7435779,773,77,773,77,0,163,2,0
9,700,21.000000,42.000000,1,0,7435782,785,81,785,81,0,163,2,0
9,700,21.000000,42.000000,1,0,7435785,801,85,801,85,0,163,2,0
9,700,21.000000,42.000000,1,0,7435788,811,89,811,89,0,163,2,0
9,700,21.000000,42.000000,1,0,7435790,820,91,820,91,0,163,2,0
9,700,21.000000,42.000000,1,0,7435793,833,95,833,95,0,163,2,0
9,700,21.000000,42.000000,1,0,7435796,852,99,852,99,0,163,2,0
9,700,21.000000,42.000000,1,0,7435799,872,104,872,104,0,163,2,0
9,700,21.000000,42.000000,1,0,7435801,892,108,892,108,0,163,2,0
9,700,21.000000,42.000000,1,0,7435804,905,111,905,111,0,163,2,0
9,700,21.000000,42.000000,1,0,7435807,918,113,918,113,0,163,2,0
9,700,21.000000,42.000000,1,0,7435810,931,115,931,115,0,163,2,0
9,700,21.000000,42.000000,1,0,7435813,945,117,945,117,0,163,2,0
9,700,21.000000,42.000000,1,0,7435815,959,119,959,119,0,163,2,0
9,700,21.000000,42.000000,1,0,7435818,971,120,971,120,0,163,2,0
9,700,21.000000,42.000000,1,0,7435821,981,121,981,121,0,163,2,0
9,700,21.000000,42.000000,1,0,7435824,990,121,990,121,0,163,2,0
9,700,21.000000,42.000000,1,0,7435827,1008,121,1008,121,0,163,2,0
9,700,21.000000,42.000000,1,0,7435830,1025,122,1025,122,0,163,2,0
9,700,21.000000,42.000000,1,0,7435832,1035,122,1035,122,0,163,2,0
9,700,21.000000,42.000000,1,0,7435835,1054,122,1054,122,0,163,2,0
9,700,21.000000,42.000000,1,0,7435838,1063,122,1063,122,0,163,2,0
9,700,21.000000,42.000000,1,0,7435841,1070,122,1070,122,0,163,2,0
9,700,21.000000,42.000000,1,0,7435844,1086,120,1086,120,0,163,2,0
9,700,21.000000,42.000000,1,0,7435846,1094,119,1094,119,0,163,2,0
9,700,21.000000,42.000000,1,0,7435849,1104,119,1104,119,0,163,2,0
9,700,21.000000,42.000000,1,0,7435852,1118,117,1118,117,0,163,2,0
9,700,21.000000,42.000000,1,0,7435855,1127,115,1127,115,0,163,2,0
9,700,21.000000,42.000000,1,0,7435857,1135,113,1135,113,0,163,2,0
9,700,21.000000,42.000000,1,0,7435860,1142,111,1142,111,0,163,2,0
9,700,21.000000,42.000000,1,0,7435863,1148,109,1148,109,0,163,2,0
9,700,21.000000,42.000000,1,0,7435866,1157,106,1157,106,0,163,2,0
9,700,21.000000,42.000000,1,0,7435868,1160,105,1160,105,0,163,2,0
9,700,21.000000,42.000000,1,0,7435871,1169,103,1169,103,0,163,2,0
9,700,21.000000,42.000000,1,0,7435874,1174,102,1174,102,0,163,2,0
9,700,21.000000,42.000000,1,0,7435877,1177,101,1177,101,0,163,2,0
9,700,21.000000,42.000000,1,0,7435880,1182,100,1182,100,0,163,2,0
9,700,21.000000,42.000000,1,0,7435882,1186,98,1186,98,0,163,2,0
9,700,21.000000,42.000000,1,0,7435885,1190,97,1190,97,0,163,2,0
9,700,21.000000,42.000000,1,0,7435888,1193,95,1193,95,0,163,2,0
9,700,21.000000,42.000000,1,0,7435891,1195,94,1195,94,0,163,2,0
9,700,21.000000,42.000000,1,0,7435894,1198,93,1198,93,0,163,2,0
9,700,21.000000,42.000000,1,0,7435896,1201,91,1201,91,0,163,2,0
9,700,21.000000,42.000000,1,0,7435899,1204,90,1204,90,0,163,2,0
9,700,21.000000,42.000000,1,0,7435902,1206,89,1206,89,0,163,2,0
9,700,21.000000,42.000000,1,0,7435905,1209,88,1209,88,0,163,2,0
9,700,21.000000,42.000000,1,0,7435907,1211,87,1211,87,0,163,2,0
9,700,21.000000,42.000000,1,0,7435910,1212,87,1212,87,0,163,2,0
9,700,21.000000,42.000000,1,0,7435913,1213,86,1213,86,0,163,2,0
9,700,21.000000,42.000000,1,0,7435916,1214,85,1214,85,0,163,2,0
9,700,21.000000,42.000000,1,0,7435919,1215,85,1215,85,0,163,2,0
9,700,21.000000,42.000000,1,0,7435921,1216,84,1216,84,0,163,2,0
9,700,21.000000,42.000000,1,0,7435924,1216,83,1216,83,0,163,2,0
9,700,21.000000,42.000000,1,0,7435927,1216,81,1216,81,0,163,2,0
9,700,21.000000,42.000000,1,0,7435930,1216,80,1216,80,0,163,2,0
9,700,21.000000,42.000000,1,0,7435932,1216,79,1216,79,0,163,2,0
9,700,21.000000,42.000000,1,0,7435935,1216,78,1216,78,0,163,2,0
9,700,21.000000,42.000000,1,0,7435938,1216,77,1216,77,0,163,2,0
9,700,21.000000,42.000000,1,0,7435941,1216,77,1216,77,0,163,2,0
9,700,21.000000,42.000000,1,0,7435944,1216,77,1216,77,0,163,2,0
9,700,21.000000,42.000000,1,0,7435946,1216,76,1216,76,0,163,2,0
9,700,21.000000,42.000000,1,0,7435949,1216,76,1216,76,0,163,2,0
9,700,21.000000,42.000000,1,0,7435952,1216,75,1216,75,0,163,2,0
9,700,21.000000,42.000000,1,0,7435955,1216,74,1216,74,0,163,2,0
9,700,21.000000,42.000000,1,0,7435957,1216,74,1216,74,0,163,2,0
9,700,21.000000,42.000000,1,0,7435960,1216,74,1216,74,0,163,2,0
9,700,21.000000,42.000000,1,0,7435963,1216,74,1216,74,0,163,2,0
9,700,21.000000,42.000000,1,0,7435966,1216,74,1216,74,0,163,2,0
9,700,21.000000,42.000000,1,0,7435969,1216,74,1216,74,0,163,2,0
9,700,21.000000,42.000000,1,0,7435971,1216,74,1216,74,0,163,2,0
9,700,21.000000,42.000000,1,0,7435974,1216,73,1216,73,0,163,2,0
9,700,21.000000,42.000000,1,0,7435977,1217,73,1217,73,0,163,2,0
9,700,21.000000,42.000000,1,0,7435980,1217,73,1217,73,0,163,2,0
9,700,21.000000,42.000000,1,0,7435982,1217,73,1217,73,0,163,2,0
9,700,21.000000,42.000000,1,0,7435985,1218,72,1218,72,0,163,2,0
9,700,21.000000,42.000000,1,0,7435988,1218,72,1218,72,0,163,2,0
9,700,21.000000,42.000000,1,0,7435991,1218,71,1218,71,0,163,2,0
9,700,21.000000,42.000000,1,0,7435994,1218,70,1218,70,0,163,2,0
9,700,21.000000,42.000000,1,0,7435996,1219,69,1219,69,0,163,2,0
9,700,21.000000,42.000000,1,0,7435999,1219,68,1219,68,0,163,2,0
9,700,21.000000,42.000000,1,0,7436002,1219,67,1219,67,0,163,2,0
9,700,21.000000,42.000000,1,0,7436005,1220,67,1220,67,0,163,2,0
9,700,21.000000,42.000000,1,0,7436008,1220,66,1220,66,0,163,2,0
9,700,21.000000,42.000000,1,0,7436010,1220,65,1220,65,0,163,2,0
9,700,21.000000,42.000000,1,0,7436013,1220,64,1220,64,0,163,2,0
9,700,21.000000,42.000000,1,0,7436016,1220,63,1220,63,0,163,2,0
9,700,21.000000,42.000000,1,0,7436018,1220,62,1220,62,0,163,2,0
9,700,21.000000,42.000000,1,0,7436021,1220,61,1220,61,0,163,2,0
9,700,21.000000,42.000000,1,0,7436024,1220,59,1220,59,0,163,2,0
9,700,21.000000,42.000000,1,0,7436027,1221,58,1221,58,0,163,2,0
9,700,21.000000,42.000000,1,0,7436030,1221,57,1221,57,0,163,2,0
9,700,21.000000,42.000000,1,0,7436032,1221,56,1221,56,0,163,2,0
9,700,21.000000,42.000000,1,0,7436035,1221,55,1221,55,0,163,2,0
9,700,21.000000,42.000000,1,0,7436038,1222,54,1222,54,0,163,2,0
9,700,21.000000,42.000000,1,0,7436041,1222,53,1222,53,0,163,2,0
9,700,21.000000,42.000000,1,0,7436043,1222,52,1222,52,0,163,2,0
9,700,21.000000,42.000000,1,0,7436046,1222,51,1222,51,0,163,2,0
9,700,21.000000,42.000000,1,0,7436049,1222,50,1222,50,0,163,2,0
9,700,21.000000,42.000000,1,0,7436052,1222,49,1222,49,0,163,2,0
9,700,21.000000,42.000000,1,0,7436055,1223,48,1223,48,0,163,2,0
9,700,21.000000,42.000000,1,0,7436057,1224,47,1224,47,0,163,2,0
9,700,21.000000,42.000000,1,0,7436060,1225,47,1225,47,0,163,2,0
9,700,21.000000,42.000000,1,0,7436063,1225,46,1225,46,0,163,2,0
9,700,21.000000,42.000000,1,0,7436066,1226,46,1226,46,0,163,2,0
9,700,21.000000,42.000000,1,0,7436068,1227,46,1227,46,0,163,2,0
9,700,21.000000,42.000000,1,0,7436071,1228,45,1228,45,0,163,2,0
9,700,21.000000,42.000000,1,0,7436074,1228,44,1228,44,0,163,2,0
9,700,21.000000,42.000000,1,0,7436077,1229,43,1229,43,0,163,2,0
9,700,21.000000,42.000000,1,0,7436080,1230,43,1230,43,0,163,2,0
9,700,21.000000,42.000000,1,0,7436082,1231,42,1231,42,0,163,2,0
9,700,21.000000,42.000000,1,0,7436085,1233,42,1233,42,0,163,2,0
9,700,21.000000,42.000000,1,0,7436088,1234,41,1234,41,0,163,2,0
9,700,21.000000,42.000000,1,0,7436091,1235,40,1235,40,0,163,2,0
9,700,21.000000,42.000000,1,0,7436094,1237,40,1237,40,0,163,2,0
9,700,21.000000,42.000000,1,0,7436096,1238,38,1238,38,0,163,2,0
9,700,21.000000,42.000000,1,0,7436099,1240,38,1240,38,0,163,2,0
9,700,21.000000,42.000000,1,0,7436102,1241,38,1241,38,0,163,2,0
9,700,21.000000,42.000000,1,0,7436105,1242,38,1242,38,0,163,2,0
9,700,21.000000,42.000000,1,0,7436107,1244,37,1244,37,0,163,2,0
9,700,21.000000,42.000000,1,0,7436110,1246,37,1246,37,0,163,2,0
9,700,21.000000,42.000000,1,0,7436113,1247,37,1247,37,0,163,2,0
9,700,21.000000,42.000000,1,0,7436116,1248,36,1248,36,0,163,2,0
9,700,21.000000,42.000000,1,0,7436118,1250,35,1250,35,0,163,2,0
9,700,21.000000,42.000000,1,0,7436121,1251,34,1251,34,0,163,2,0
9,700,21.000000,42.000000,1,0,7436124,1253,33,1253,33,0,163,2,0
9,700,21.000000,42.000000,1,0,7436127,1255,32,1255,32,0,163,2,0
9,700,21.000000,42.000000,1,0,7436130,1257,32,1257,32,0,163,2,0
9,700,21.000000,42.000000,1,0,7436132,1259,31,1259,31,0,163,2,0
9,700,21.000000,42.000000,1,0,7436135,1260,30,1260,30,0,163,2,0
9,700,21.000000,42.000000,1,0,7436138,1261,30,1261,30,0,163,2,0
9,700,21.000000,42.000000,1,0,7436141,1263,29,1263,29,0,163,2,0
9,700,21.000000,42.000000,1,0,7436144,1264,28,1264,28,0,163,2,0
9,700,21.000000,42.000000,1,0,7436146,1265,28,1265,28,0,163,2,0
9,700,21.000000,42.000000,1,0,7436149,1266,27,1266,27,0,163,2,0
9,700,21.000000,42.000000,1,0,7436152,1267,26,1267,26,0,163,2,0
9,700,21.000000,42.000000,1,0,7436155,1269,26,1269,26,0,163,2,0
9,700,21.000000,42.000000,1,0,7436157,1270,26,1270,26,0,163,2,0
9,700,21.000000,42.000000,1,0,7436160,1271,25,1271,25,0,163,2,0
9,700,21.000000,42.000000,1,0,7436163,1272,25,1272,25,0,163,2,0
9,700,21.000000,42.000000,1,0,7436166,1273,24,1273,24,0,163,2,0
9,700,21.000000,42.000000,1,0,7436168,1274,23,1274,23,0,163,2,0
9,700,21.000000,42.000000,1,0,7436172,1275,23,1275,23,0,163,2,0
9,700,21.000000,42.000000,1,0,7436174,1276,22,1276,22,0,163,2,0
9,700,21.000000,42.000000,1,0,7436177,1278,21,1278,21,0,163,2,0
9,700,21.000000,42.000000,1,0,7436180,1278,20,1278,20,0,163,2,0
9,700,21.000000,42.000000,1,0,7436182,1280,20,1280,20,0,163,2,0
9,700,21.000000,42.000000,1,0,7436185,1282,20,1282,20,0,163,2,0
9,700,21.000000,42.000000,1,0,7436188,1283,19,1283,19,0,163,2,0
9,700,21.000000,42.000000,1,0,7436191,1284,18,1284,18,0,163,2,0
9,700,21.000000,42.000000,1,0,7436194,1285,17,1285,17,0,163,2,0
9,700,21.000000,42.000000,1,0,7436196,1287,17,1287,17,0,163,2,0
9,700,21.000000,42.000000,1,0,7436199,1287,16,1287,16,0,163,2,0
9,700,21.000000,42.000000,1,0,7436202,1288,15,1288,15,0,163,2,0
9,700,21.000000,42.000000,1,0,7436205,1288,15,1288,15,0,163,2,0
9,700,21.000000,42.000000,1,0,7436207,1289,15,1289,15,0,163,2,0
9,700,21.000000,42.000000,1,0,7436210,1290,15,1290,15,0,163,2,0
9,700,21.000000,42.000000,1,0,7436213,1291,14,1291,14,0,163,2,0
9,700,21.000000,42.000000,1,0,7436216,1291,14,1291,14,0,163,2,0
9,700,21.000000,42.000000,1,0,7436219,1292,14,1292,14,0,163,2,0
9,700,21.000000,42.000000,1,0,7436221,1293,14,1293,14,0,163,2,0
9,700,21.000000,42.000000,1,0,7436224,1293,13,1293,13,0,163,2,0
9,700,21.000000,42.000000,1,0,7436227,1293,12,1293,12,0,163,2,0
9,700,21.000000,42.000000,1,0,7436230,1293,12,1293,12,0,163,2,0
9,700,21.000000,42.000000,1,0,7436232,1294,11,1294,11,0,163,2,0
9,700,21.000000,42.000000,1,0,7436235,1295,10,1295,10,0,163,2,0
9,700,21.000000,42.000000,1,0,7436238,1295,10,1295,10,0,163,2,0
9,700,21.000000,42.000000,1,0,7436241,1295,10,1295,10,0,163,2,0
9,700,21.000000,42.000000,1,0,7436244,1295,10,1295,10,0,163,2,0
9,700,21.000000,42.000000,1,0,7436246,1295,10,1295,10,0,163,2,0
9,700,21.000000,42.000000,1,0,7436249,1296,10,1296,10,0,163,2,0
9,700,21.000000,42.000000,1,0,7436252,1297,10,1297,10,0,163,2,0
9,700,21.000000,42.000000,1,0,7436255,1297,10,1297,10,0,163,2,0
9,700,21.000000,42.000000,1,0,7436258,1297,10,1297,10,0,163,2,0
9,700,21.000000,42.000000,1,0,7436260,1297,10,1297,10,0,163,2,0
9,700,21.000000,42.000000,1,0,7436263,1297,10,1297,10,0,163,2,0
9,700,21.000000,42.000000,1,0,7436266,1297,10,1297,10,0,163,2,0
9,700,21.000000,42.000000,1,0,7436269,1297,10,1297,10,0,163,2,0
9,700,21.000000,42.000000,1,0,7436271,1297,10,1297,10,0,163,2,0
9,700,21.000000,42.000000,1,0,7436274,1297,10,1297,10,0,163,2,0
9,700,21.000000,42.000000,1,0,7436277,1297,10,1297,10,0,163,2,0
9,700,21.000000,42.000000,1,0,7436280,1297,10,1297,10,0,163,2,0
9,700,21.000000,42.000000,1,0,7436282,1297,10,1297,10,0,163,2,0
9,700,21.000000,42.000000,1,0,7436285,1297,10,1297,10,0,163,2,0
9,700,21.000000,42.000000,1,0,7436288,1297,10,1297,10,0,163,2,0
9,700,21.000000,42.000000,1,0,7436291,1297,10,1297,10,0,163,2,0
9,700,21.000000,42.000000,1,0,7436294,1297,10,1297,10,0,163,2,0
9,700,21.000000,42.000000,1,0,7436296,1297,10,1297,10,0,163,2,0
9,700,21.000000,42.000000,1,0,7436299,1297,10,1297,10,0,163,2,0
9,700,21.000000,42.000000,1,0,7436302,1297,10,1297,10,0,163,2,0
9,700,21.000000,42.000000,1,0,7436305,1297,10,1297,10,0,163,2,0
9,700,21.000000,42.000000,1,0,7436308,1297,10,1297,10,0,163,2,0
9,700,21.000000,42.000000,1,0,7436310,1297,10,1297,10,0,163,2,0
9,700,21.000000,42.000000,1,0,7436313,1297,10,1297,10,0,163,2,0
9,700,21.000000,42.000000,1,0,7436316,1297,10,1297,10,0,163,2,0
9,700,21.000000,42.000000,1,0,7436319,1297,10,1297,10,0,163,2,0
9,700,21.000000,42.000000,1,0,7436321,1297,10,1297,10,0,163,2,0
9,700,21.000000,42.000000,1,0,7436324,1297,10,1297,10,0,163,2,0
9,700,21.000000,42.000000,1,0,7436327,1297,10,1297,10,0,163,2,0
9,700,21.000000,42.000000,1,0,7436330,1297,10,1297,10,0,163,2,0
9,700,21.000000,42.000000,1,0,7436333,1297,10,1297,10,0,163,2,0
9,700,21.000000,42.000000,1,0,7436335,1297,10,1297,10,0,163,2,0
9,700,21.000000,42.000000,1,0,7436338,1297,10,1297,10,0,163,2,0
9,700,21.000000,42.000000,1,0,7436341,1297,10,1297,10,0,163,2,0
9,700,21.000000,42.000000,1,0,7436344,1297,10,1297,10,0,163,2,0
9,700,21.000000,42.000000,1,0,7436346,1297,10,1297,10,0,163,2,0
9,700,21.000000,42.000000,1,0,7436349,1297,10,1297,10,0,163,2,0
9,700,21.000000,42.000000,1,0,7436352,1297,10,1297,10,0,163,2,0
9,700,21.000000,42.000000,1,0,7436355,1297,10,1297,10,0,163,2,0
9,700,21.000000,42.000000,1,0,7436357,1297,10,1297,10,0,163,2,0
9,700,21.000000,42.000000,1,0,7436360,1297,10,1297,10,0,163,2,0
9,700,21.000000,42.000000,1,0,7436363,1297,10,1297,10,0,163,2,0
9,700,21.000000,42.000000,1,0,7436366,1297,10,1297,10,0,163,2,0
9,700,21.000000,42.000000,1,0,7436368,1297,10,1297,10,0,163,2,0
9,700,21.000000,42.000000,1,0,7436372,1297,10,1297,10,0,163,2,0
9,700,21.000000,42.000000,1,0,7436374,1297,10,1297,10,0,163,2,0
9,700,21.000000,42.000000,1,0,7436377,1297,10,1297,10,0,163,2,0
9,700,21.000000,42.000000,1,0,7436380,1297,10,1297,10,0,163,2,0
9,700,21.000000,42.000000,1,0,7436382,1297,10,1297,10,0,163,2,0
9,700,21.000000,42.000000,1,0,7436385,1297,10,1297,10,0,163,2,0
9,700,21.000000,42.000000,1,0,7436388,1297,10,1297,10,0,163,2,0
9,700,21.000000,42.000000,1,0,7436391,1297,10,1297,10,0,163,2,0
9,700,21.000000,42.000000,1,0,7436393,1297,10,1297,10,0,163,2,0
9,700,21.000000,42.000000,1,0,7436405,1297,10,1297,10,1,163,2,0
