9,350,21.000000,10000.000000,0,2,5316328,789,0,789,0,0,21,3,0
9,350,21.000000,10000.000000,0,2,5316329,789,0,789,0,0,21,3,0
9,350,21.000000,10000.000000,0,2,5316332,789,0,789,0,0,21,3,0
9,350,21.000000,10000.000000,0,2,5316335,789,0,789,0,0,21,3,0
9,350,21.000000,10000.000000,0,2,5316337,789,0,789,0,0,21,3,0
9,350,21.000000,10000.000000,0,2,5316340,789,0,789,0,0,21,3,0
9,350,21.000000,10000.000000,0,2,5316343,789,0,789,0,0,21,3,0
9,350,21.000000,10000.000000,0,2,5316346,789,0,789,0,0,21,3,0
9,350,21.000000,10000.000000,0,2,5316348,789,0,789,0,0,21,3,0
9,350,21.000000,10000.000000,0,2,5316351,789,0,789,0,0,21,3,0
9,350,21.000000,10000.000000,0,2,5316354,789,0,789,0,0,21,3,0
9,350,21.000000,10000.000000,0,2,5316357,789,0,789,0,0,21,3,0
9,350,21.000000,10000.000000,0,2,5316359,789,0,789,0,0,21,3,0
9,350,21.000000,10000.000000,0,2,5316362,789,0,789,0,0,21,3,0
9,350,21.000000,10000.000000,0,2,5316365,789,0,789,0,0,21,3,0
9,350,21.000000,10000.000000,0,2,5316368,789,0,789,0,0,21,3,0
9,350,21.000000,10000.000000,0,2,5316370,789,0,789,0,0,21,3,0
9,350,21.000000,10000.000000,0,2,5316373,789,0,789,0,0,21,3,0
9,350,21.000000,10000.000000,0,2,5316376,789,0,789,0,0,21,3,0
9,350,21.000000,10000.000000,0,2,5316379,789,0,789,0,0,21,3,0
9,350,21.000000,10000.000000,0,2,5316382,789,0,789,0,0,21,3,0
9,350,21.000000,10000.000000,0,2,5316384,789,0,789,0,0,21,3,0
9,350,21.000000,10000.000000,0,2,5316387,789,0,789,0,0,21,3,0
9,350,21.000000,10000.000000,0,2,5316390,789,0,789,0,0,21,3,0
9,350,21.000000,10000.000000,0,2,5316393,789,0,789,-1,0,21,3,0
9,350,21.000000,10000.000000,0,2,5316395,789,0,789,-2,0,21,3,0
9,350,21.000000,10000.000000,0,2,5316398,790,0,790,-2,0,21,3,0
9,350,21.000000,10000.000000,0,2,5316401,791,0,791,-3,0,21,3,0
9,350,21.000000,10000.000000,0,2,5316404,792,0,792,-3,0,21,3,0
9,350,21.000000,10000.000000,0,2,5316407,793,0,793,-3,0,21,3,0
9,350,21.000000,10000.000000,0,2,5316409,795,0,795,-4,0,21,3,0
9,350,21.000000,10000.000000,0,2,5316412,796,0,796,-5,0,21,3,0
9,350,21.000000,10000.000000,0,2,5316415,798,0,798,-5,0,21,3,0
9,350,21.000000,10000.000000,0,2,5316418,800,0,800,-6,0,21,3,0
9,350,21.000000,10000.000000,0,2,5316420,803,0,803,-6,0,21,3,0
9,350,21.000000,10000.000000,0,2,5316423,806,0,806,-6,0,21,3,0
9,350,21.000000,10000.000000,0,2,5316426,808,0,808,-6,0,21,3,0
9,350,21.000000,10000.000000,0,2,5316429,812,0,812,-7,0,21,3,0
9,350,21.000000,10000.000000,0,2,5316432,815,0,815,-8,0,21,3,0
9,350,21.000000,10000.000000,0,2,5316434,819,0,819,-8,0,21,3,0
9,350,21.000000,10000.000000,0,2,5316437,823,0,823,-8,0,21,3,0
9,350,21.000000,10000.000000,0,2,5316440,829,0,829,-8,0,21,3,0
9,350,21.000000,10000.000000,0,2,5316443,836,0,836,-8,0,21,3,0
9,350,21.000000,10000.000000,0,2,5316446,842,0,842,-8,0,21,3,0
9,350,21.000000,10000.000000,0,2,5316449,845,0,845,-8,0,21,3,0
9,350,21.000000,10000.000000,0,2,5316451,850,0,850,-8,0,21,3,0
9,350,21.000000,10000.000000,0,2,5316454,857,0,857,-8,0,21,3,0
9,350,21.000000,10000.000000,0,2,5316457,864,0,864,-8,0,21,3,0
9,350,21.000000,10000.000000,0,2,5316460,875,0,875,-9,0,21,3,0
9,350,21.000000,10000.000000,0,2,5316462,881,0,881,-10,0,21,3,0
9,350,21.000000,10000.000000,0,2,5316465,887,0,887,-11,0,21,3,0
9,350,21.000000,10000.000000,0,2,5316468,893,0,893,-11,0,21,3,0
9,350,21.000000,10000.000000,0,2,5316471,897,0,897,-11,0,21,3,0
9,350,21.000000,10000.000000,0,2,5316473,904,0,904,-11,0,21,3,0
9,350,21.000000,10000.000000,0,2,5316476,909,0,909,-11,0,21,3,0
9,350,21.000000,10000.000000,0,2,5316479,912,0,912,-11,0,21,3,0
9,350,21.000000,10000.000000,0,2,5316482,917,0,917,-12,0,21,3,0
9,350,21.000000,10000.000000,0,2,5316484,922,0,922,-12,0,21,3,0
9,350,21.000000,10000.000000,0,2,5316487,926,0,926,-13,0,21,3,0
9,350,21.000000,10000.000000,0,2,5316490,930,0,930,-13,0,21,3,0
9,350,21.000000,10000.000000,0,2,5316493,933,0,933,-13,0,21,3,0
9,350,21.000000,10000.000000,0,2,5316496,937,0,937,-13,0,21,3,0
9,350,21.000000,10000.000000,0,2,5316498,941,0,941,-14,0,21,3,0
9,350,21.000000,10000.000000,0,2,5316501,944,0,944,-14,0,21,3,0
9,350,21.000000,10000.000000,0,2,5316504,946,0,946,-15,0,21,3,0
9,350,21.000000,10000.000000,0,2,5316507,949,0,949,-15,0,21,3,0
9,350,21.000000,10000.000000,0,2,5316509,951,0,951,-16,0,21,3,0
9,350,21.000000,10000.000000,0,2,5316512,952,0,952,-17,0,21,3,0
9,350,21.000000,10000.000000,0,2,5316515,953,0,953,-17,0,21,3,0
9,350,21.000000,10000.000000,0,2,5316518,955,0,955,-18,0,21,3,0
9,350,21.000000,10000.000000,0,2,5316521,956,0,956,-18,0,21,3,0
9,350,21.000000,10000.000000,0,2,5316523,957,0,957,-18,0,21,3,0
9,350,21.000000,10000.000000,0,2,5316526,959,0,959,-18,0,21,3,0
9,350,21.000000,10000.000000,0,2,5316529,961,0,961,-18,0,21,3,0
9,350,21.000000,10000.000000,0,2,5316532,963,0,963,-18,0,21,3,0
9,350,21.000000,10000.000000,0,2,5316535,964,0,964,-18,0,21,3,0
9,350,21.000000,10000.000000,0,2,5316537,965,0,965,-19,0,21,3,0
9,350,21.000000,10000.000000,0,2,5316540,966,0,966,-19,0,21,3,0
9,350,21.000000,10000.000000,0,2,5316543,968,0,968,-19,0,21,3,0
9,350,21.000000,10000.000000,0,2,5316546,970,0,970,-20,0,21,3,0
9,350,21.000000,10000.000000,0,2,5316548,971,0,971,-20,0,21,3,0
9,350,21.000000,10000.000000,0,2,5316551,974,0,974,-21,0,21,3,0
9,350,21.000000,10000.000000,0,2,5316554,976,0,976,-21,0,21,3,0
9,350,21.000000,10000.000000,0,2,5316557,978,0,978,-21,0,21,3,0
9,350,21.000000,10000.000000,0,2,5316559,981,0,981,-21,0,21,3,0
9,350,21.000000,10000.000000,0,2,5316562,983,0,983,-21,0,21,3,0
9,350,21.000000,10000.000000,0,2,5316565,987,0,987,-22,0,21,3,0
9,350,21.000000,10000.000000,0,2,5316568,990,0,990,-22,0,21,3,0
9,350,21.000000,10000.000000,0,2,5316571,993,0,993,-22,0,21,3,0
9,350,21.000000,10000.000000,0,2,5316573,996,0,996,-22,0,21,3,0
9,350,21.000000,10000.000000,0,2,5316576,999,0,999,-22,0,21,3,0
9,350,21.000000,10000.000000,0,2,5316579,1003,0,1003,-22,0,21,3,0
9,350,21.000000,10000.000000,0,2,5316582,1006,0,1006,-22,0,21,3,0
9,350,21.000000,10000.000000,0,2,5316584,1010,0,1010,-22,0,21,3,0
9,350,21.000000,10000.000000,0,2,5316587,1012,0,1012,-23,0,21,3,0
9,350,21.000000,10000.000000,0,2,5316590,1015,0,1015,-23,0,21,3,0
9,350,21.000000,10000.000000,0,2,5316593,1017,0,1017,-23,0,21,3,0
9,350,21.000000,10000.000000,0,2,5316596,1019,0,1019,-23,0,21,3,0
9,350,21.000000,10000.000000,0,2,5316598,1021,0,1021,-23,0,21,3,0
9,350,21.000000,10000.000000,0,2,5316601,1024,0,1024,-23,0,21,3,0
9,350,21.000000,10000.000000,0,2,5316604,1028,0,1028,-23,0,21,3,0
9,350,21.000000,10000.000000,0,2,5316607,1031,0,1031,-23,0,21,3,0
9,350,21.000000,10000.000000,0,2,5316610,1035,0,1035,-24,0,21,3,0
9,350,21.000000,10000.000000,0,2,5316613,1037,0,1037,-24,0,21,3,0
9,350,21.000000,10000.000000,0,2,5316615,1040,0,1040,-24,0,21,3,0
9,350,21.000000,10000.000000,0,2,5316618,1043,0,1043,-24,0,21,3,0
9,350,21.000000,10000.000000,0,2,5316621,1047,0,1047,-24,0,21,3,0
9,350,21.000000,10000.000000,0,2,5316624,1050,0,1050,-24,0,21,3,0
9,350,21.000000,10000.000000,0,2,5316626,1053,0,1053,-24,0,21,3,0
9,350,21.000000,10000.000000,0,2,5316629,1055,0,1055,-24,0,21,3,0
9,350,21.000000,10000.000000,0,2,5316632,1060,0,1060,-24,0,21,3,0
9,350,21.000000,10000.000000,0,2,5316635,1062,0,1062,-24,0,21,3,0
9,350,21.000000,10000.000000,0,2,5316638,1064,0,1064,-24,0,21,3,0
9,350,21.000000,10000.000000,0,2,5316640,1067,0,1067,-24,0,21,3,0
9,350,21.000000,10000.000000,0,2,5316643,1070,0,1070,-24,0,21,3,0
9,350,21.000000,10000.000000,0,2,5316646,1073,0,1073,-25,0,21,3,0
9,350,21.000000,10000.000000,0,2,5316649,1075,0,1075,-25,0,21,3,0
9,350,21.000000,10000.000000,0,2,5316651,1077,0,1077,-25,0,21,3,0
9,350,21.000000,10000.000000,0,2,5316654,1079,0,1079,-25,0,21,3,0
9,350,21.000000,10000.000000,0,2,5316657,1081,0,1081,-25,0,21,3,0
9,350,21.000000,10000.000000,0,2,5316660,1083,0,1083,-25,0,21,3,0
9,350,21.000000,10000.000000,0,2,5316663,1084,0,1084,-25,0,21,3,0
9,350,21.000000,10000.000000,0,2,5316665,1086,0,1086,-25,0,21,3,0
9,350,21.000000,10000.000000,0,2,5316668,1087,0,1087,-25,0,21,3,0
9,350,21.000000,10000.000000,0,2,5316671,1088,0,1088,-25,0,21,3,0
9,350,21.000000,10000.000000,0,2,5316674,1089,0,1089,-25,0,21,3,0
9,350,21.000000,10000.000000,0,2,5316677,1090,0,1090,-25,0,21,3,0
9,350,21.000000,10000.000000,0,2,5316679,1091,0,1091,-25,0,21,3,0
9,350,21.000000,10000.000000,0,2,5316682,1091,0,1091,-25,0,21,3,0
9,350,21.000000,10000.000000,0,2,5316685,1092,0,1092,-25,0,21,3,0
9,350,21.000000,10000.000000,0,2,5316688,1093,0,1093,-25,0,21,3,0
9,350,21.000000,10000.000000,0,2,5316691,1093,0,1093,-25,0,21,3,0
9,350,21.000000,10000.000000,0,2,5316693,1093,0,1093,-25,0,21,3,0
9,350,21.000000,10000.000000,0,2,5316696,1093,0,1093,-25,0,21,3,0
9,350,21.000000,10000.000000,0,2,5316699,1093,0,1093,-25,0,21,3,0
9,350,21.000000,10000.000000,0,2,5316702,1093,0,1093,-25,0,21,3,0
9,350,21.000000,10000.000000,0,2,5316704,1093,0,1093,-25,0,21,3,0
9,350,21.000000,10000.000000,0,2,5316707,1093,0,1093,-25,0,21,3,0
9,350,21.000000,10000.000000,0,2,5316710,1093,0,1093,-25,0,21,3,0
9,350,21.000000,10000.000000,0,2,5316713,1093,0,1093,-25,0,21,3,0
9,350,21.000000,10000.000000,0,2,5316715,1093,0,1093,-25,0,21,3,0
9,350,21.000000,10000.000000,0,2,5316718,1093,0,1093,-25,0,21,3,0
9,350,21.000000,10000.000000,0,2,5316721,1093,0,1093,-25,0,21,3,0
9,350,21.000000,10000.000000,0,2,5316724,1093,0,1093,-25,0,21,3,0
9,350,21.000000,10000.000000,0,2,5316727,1093,0,1093,-25,0,21,3,0
9,350,21.000000,10000.000000,0,2,5316729,1093,0,1093,-25,0,21,3,0
9,350,21.000000,10000.000000,0,2,5316732,1093,0,1093,-25,0,21,3,0
9,350,21.000000,10000.000000,0,2,5316735,1093,0,1093,-25,0,21,3,0
9,350,21.000000,10000.000000,0,2,5316737,1093,0,1093,-25,0,21,3,0
9,350,21.000000,10000.000000,0,2,5316740,1093,0,1093,-25,0,21,3,0
9,350,21.000000,10000.000000,0,2,5316743,1094,0,1094,-25,0,21,3,0
9,350,21.000000,10000.000000,0,2,5316746,1095,0,1095,-25,0,21,3,0
9,350,21.000000,10000.000000,0,2,5316748,1096,0,1096,-25,0,21,3,0
9,350,21.000000,10000.000000,0,2,5316751,1096,0,1096,-25,0,21,3,0
9,350,21.000000,10000.000000,0,2,5316754,1096,0,1096,-25,0,21,3,0
9,350,21.000000,10000.000000,0,2,5316757,1097,0,1097,-25,0,21,3,0
9,350,21.000000,10000.000000,0,2,5316760,1098,0,1098,-25,0,21,3,0
9,350,21.000000,10000.000000,0,2,5316763,1098,0,1098,-25,0,21,3,0
9,350,21.000000,10000.000000,0,2,5316765,1099,0,1099,-25,0,21,3,0
9,350,21.000000,10000.000000,0,2,5316768,1100,0,1100,-25,0,21,3,0
9,350,21.000000,10000.000000,0,2,5316771,1100,0,1100,-25,0,21,3,0
9,350,21.000000,10000.000000,0,2,5316774,1100,0,1100,-25,0,21,3,0
9,350,21.000000,10000.000000,0,2,5316776,1101,0,1101,-25,0,21,3,0
9,350,21.000000,10000.000000,0,2,5316779,1101,0,1101,-26,0,21,3,0
9,350,21.000000,10000.000000,0,2,5316782,1101,0,1101,-27,0,21,3,0
9,350,21.000000,10000.000000,0,2,5316785,1102,0,1102,-27,0,21,3,0
9,350,21.000000,10000.000000,0,2,5316788,1102,0,1102,-27,0,21,3,0
9,350,21.000000,10000.000000,0,2,5316790,1102,0,1102,-27,0,21,3,0
9,350,21.000000,10000.000000,0,2,5316793,1102,0,1102,-27,0,21,3,0
9,350,21.000000,10000.000000,0,2,5316796,1102,0,1102,-27,0,21,3,0
9,350,21.000000,10000.000000,0,2,5316799,1102,0,1102,-27,0,21,3,0
9,350,21.000000,10000.000000,0,2,5316801,1102,0,1102,-27,0,21,3,0
9,350,21.000000,10000.000000,0,2,5316804,1102,0,1102,-27,0,21,3,0
9,350,21.000000,10000.000000,0,2,5316807,1102,0,1102,-27,0,21,3,0
9,350,21.000000,10000.000000,0,2,5316810,1102,0,1102,-27,0,21,3,0
9,350,21.000000,10000.000000,0,2,5316813,1102,0,1102,-27,0,21,3,0
9,350,21.000000,10000.000000,0,2,5316815,1102,0,1102,-27,0,21,3,0
9,350,21.000000,10000.000000,0,2,5316818,1102,0,1102,-27,0,21,3,0
9,350,21.000000,10000.000000,0,2,5316821,1102,0,1102,-27,0,21,3,0
9,350,21.000000,10000.000000,0,2,5316824,1102,0,1102,-27,0,21,3,0
9,350,21.000000,10000.000000,0,2,5316827,1102,0,1102,-27,0,21,3,0
9,350,21.000000,10000.000000,0,2,5316829,1102,0,1102,-27,0,21,3,0
9,350,21.000000,10000.000000,0,2,5316832,1102,0,1102,-27,0,21,3,0
9,350,21.000000,10000.000000,0,2,5316835,1102,0,1102,-27,0,21,3,0
9,350,21.000000,10000.000000,0,2,5316838,1102,0,1102,-27,0,21,3,0
9,350,21.000000,10000.000000,0,2,5316840,1103,0,1103,-27,0,21,3,0
9,350,21.000000,10000.000000,0,2,5316843,1104,0,1104,-27,0,21,3,0
9,350,21.000000,10000.000000,0,2,5316846,1104,0,1104,-27,0,21,3,0
9,350,21.000000,10000.000000,0,2,5316848,1105,0,1105,-27,0,21,3,0
9,350,21.000000,10000.000000,0,2,5316851,1106,0,1106,-27,0,21,3,0
9,350,21.000000,10000.000000,0,2,5316854,1107,0,1107,-27,0,21,3,0
9,350,21.000000,10000.000000,0,2,5316857,1108,0,1108,-27,0,21,3,0
9,350,21.000000,10000.000000,0,2,5316860,1108,0,1108,-27,0,21,3,0
9,350,21.000000,10000.000000,0,2,5316863,1109,0,1109,-27,0,21,3,0
9,350,21.000000,10000.000000,0,2,5316865,1110,0,1110,-27,0,21,3,0
9,350,21.000000,10000.000000,0,2,5316868,1111,0,1111,-27,0,21,3,0
9,350,21.000000,10000.000000,0,2,5316871,1111,0,1111,-27,0,21,3,0
9,350,21.000000,10000.000000,0,2,5316874,1112,0,1112,-27,0,21,3,0
9,350,21.000000,10000.000000,0,2,5316876,1113,0,1113,-27,0,21,3,0
9,350,21.000000,10000.000000,0,2,5316879,1114,0,1114,-27,0,21,3,0
9,350,21.000000,10000.000000,0,2,5316882,1115,0,1115,-27,0,21,3,0
9,350,21.000000,10000.000000,0,2,5316885,1115,0,1115,-27,0,21,3,0
9,350,21.000000,10000.000000,0,2,5316888,1116,0,1116,-27,0,21,3,0
9,350,21.000000,10000.000000,0,2,5316890,1117,0,1117,-27,0,21,3,0
9,350,21.000000,10000.000000,0,2,5316893,1118,0,1118,-27,0,21,3,0
9,350,21.000000,10000.000000,0,2,5316896,1118,0,1118,-27,0,21,3,0
9,350,21.000000,10000.000000,0,2,5316899,1118,0,1118,-27,0,21,3,0
9,350,21.000000,10000.000000,0,2,5316901,1119,0,1119,-28,0,21,3,0
9,350,21.000000,10000.000000,0,2,5316904,1119,0,1119,-28,0,21,3,0
9,350,21.000000,10000.000000,0,2,5316907,1120,0,1120,-28,0,21,3,0
9,350,21.000000,10000.000000,0,2,5316910,1121,0,1121,-28,0,21,3,0
9,350,21.000000,10000.000000,0,2,5316913,1121,0,1121,-28,0,21,3,0
9,350,21.000000,10000.000000,0,2,5316915,1122,0,1122,-29,0,21,3,0
9,350,21.000000,10000.000000,0,2,5316918,1123,0,1123,-29,0,21,3,0
9,350,21.000000,10000.000000,0,2,5316921,1124,0,1124,-29,0,21,3,0
9,350,21.000000,10000.000000,0,2,5316924,1124,0,1124,-29,0,21,3,0
9,350,21.000000,10000.000000,0,2,5316927,1125,0,1125,-29,0,21,3,0
9,350,21.000000,10000.000000,0,2,5316929,1125,0,1125,-29,0,21,3,0
9,350,21.000000,10000.000000,0,2,5316932,1126,0,1126,-29,0,21,3,0
9,350,21.000000,10000.000000,0,2,5316935,1127,0,1127,-29,0,21,3,0
9,350,21.000000,10000.000000,0,2,5316938,1128,0,1128,-29,0,21,3,0
9,350,21.000000,10000.000000,0,2,5316940,1129,0,1129,-29,0,21,3,0
9,350,21.000000,10000.000000,0,2,5316943,1130,0,1130,-30,0,21,3,0
9,350,21.000000,10000.000000,0,2,5316946,1131,0,1131,-31,0,21,3,0
9,350,21.000000,10000.000000,0,2,5316949,1132,0,1132,-31,0,21,3,0
9,350,21.000000,10000.000000,0,2,5316952,1133,0,1133,-31,0,21,3,0
9,350,21.000000,10000.000000,0,2,5316954,1133,0,1133,-31,0,21,3,0
9,350,21.000000,10000.000000,0,2,5316957,1134,0,1134,-31,0,21,3,0
9,350,21.000000,10000.000000,0,2,5316960,1134,0,1134,-31,0,21,3,0
9,350,21.000000,10000.000000,0,2,5316963,1135,0,1135,-31,0,21,3,0
9,350,21.000000,10000.000000,0,2,5316965,1136,0,1136,-31,0,21,3,0
9,350,21.000000,10000.000000,0,2,5316968,1137,0,1137,-32,0,21,3,0
9,350,21.000000,10000.000000,0,2,5316971,1138,0,1138,-32,0,21,3,0
9,350,21.000000,10000.000000,0,2,5316973,1139,0,1139,-32,0,21,3,0
9,350,21.000000,10000.000000,0,2,5316976,1139,0,1139,-32,0,21,3,0
9,350,21.000000,10000.000000,0,2,5316979,1140,0,1140,-32,0,21,3,0
9,350,21.000000,10000.000000,0,2,5316982,1141,0,1141,-32,0,21,3,0
9,350,21.000000,10000.000000,0,2,5316985,1141,0,1141,-32,0,21,3,0
9,350,21.000000,10000.000000,0,2,5316987,1141,0,1141,-32,0,21,3,0
9,350,21.000000,10000.000000,0,2,5316990,1141,0,1141,-32,0,21,3,0
9,350,21.000000,10000.000000,0,2,5316993,1142,0,1142,-32,0,21,3,0
9,350,21.000000,10000.000000,0,2,5316996,1143,0,1143,-32,0,21,3,0
9,350,21.000000,10000.000000,0,2,5316999,1143,0,1143,-32,0,21,3,0
9,350,21.000000,10000.000000,0,2,5317001,1143,0,1143,-32,0,21,3,0
9,350,21.000000,10000.000000,0,2,5317004,1143,0,1143,-32,0,21,3,0
9,350,21.000000,10000.000000,0,2,5317007,1143,0,1143,-32,0,21,3,0
9,350,21.000000,10000.000000,0,2,5317010,1143,0,1143,-32,0,21,3,0
9,350,21.000000,10000.000000,0,2,5317012,1143,0,1143,-32,0,21,3,0
9,350,21.000000,10000.000000,0,2,5317016,1143,0,1143,-32,0,21,3,0
9,350,21.000000,10000.000000,0,2,5317018,1143,0,1143,-32,0,21,3,0
9,350,21.000000,10000.000000,0,2,5317021,1143,0,1143,-32,0,21,3,0
9,350,21.000000,10000.000000,0,2,5317023,1143,0,1143,-32,0,21,3,0
9,350,21.000000,10000.000000,0,2,5317026,1143,0,1143,-32,0,21,3,0
9,350,21.000000,10000.000000,0,2,5317029,1143,0,1143,-32,0,21,3,0
9,350,21.000000,10000.000000,0,2,5317032,1143,0,1143,-32,0,21,3,0
9,350,21.000000,10000.000000,0,2,5317035,1143,0,1143,-32,0,21,3,0
9,350,21.000000,10000.000000,0,2,5317037,1143,0,1143,-32,0,21,3,0
9,350,21.000000,10000.000000,0,2,5317040,1143,0,1143,-32,0,21,3,0
9,350,21.000000,10000.000000,0,2,5317043,1143,0,1143,-32,0,21,3,0
9,350,21.000000,10000.000000,0,2,5317046,1143,0,1143,-32,0,21,3,0
9,350,21.000000,10000.000000,0,2,5317057,1143,0,1143,-32,0,21,3,0
