9,350,21.000000,10000.000000,0,2,5365128,786,0,786,0,0,25,1,0
9,350,21.000000,10000.000000,0,2,5365129,786,0,786,0,0,25,1,0
9,350,21.000000,10000.000000,0,2,5365131,786,0,786,0,0,25,1,0
9,350,21.000000,10000.000000,0,2,5365134,786,0,786,0,0,25,1,0
9,350,21.000000,10000.000000,0,2,5365137,786,0,786,0,0,25,1,0
9,350,21.000000,10000.000000,0,2,5365140,786,0,786,0,0,25,1,0
9,350,21.000000,10000.000000,0,2,5365142,786,0,786,0,0,25,1,0
9,350,21.000000,10000.000000,0,2,5365145,786,0,786,0,0,25,1,0
9,350,21.000000,10000.000000,0,2,5365148,786,0,786,0,0,25,1,0
9,350,21.000000,10000.000000,0,2,5365151,786,0,786,0,0,25,1,0
9,350,21.000000,10000.000000,0,2,5365154,786,0,786,0,0,25,1,0
9,350,21.000000,10000.000000,0,2,5365156,786,0,786,0,0,25,1,0
9,350,21.000000,10000.000000,0,2,5365159,786,0,786,0,0,25,1,0
9,350,21.000000,10000.000000,0,2,5365162,786,0,786,0,0,25,1,0
9,350,21.000000,10000.000000,0,2,5365165,786,0,786,0,0,25,1,0
9,350,21.000000,10000.000000,0,2,5365168,786,0,786,0,0,25,1,0
9,350,21.000000,10000.000000,0,2,5365170,786,0,786,0,0,25,1,0
9,350,21.000000,10000.000000,0,2,5365173,786,0,786,0,0,25,1,0
9,350,21.000000,10000.000000,0,2,5365176,786,0,786,0,0,25,1,0
9,350,21.000000,10000.000000,0,2,5365179,786,0,786,0,0,25,1,0
9,350,21.000000,10000.000000,0,2,5365181,786,0,786,0,0,25,1,0
9,350,21.000000,10000.000000,0,2,5365184,786,0,786,-1,0,25,1,0
9,350,21.000000,10000.000000,0,2,5365187,786,0,786,-1,0,25,1,0
9,350,21.000000,10000.000000,0,2,5365190,786,0,786,-1,0,25,1,0
9,350,21.000000,10000.000000,0,2,5365192,786,0,786,-1,0,25,1,0
9,350,21.000000,10000.000000,0,2,5365195,786,0,786,-2,0,25,1,0
9,350,21.000000,10000.000000,0,2,5365198,787,0,787,-2,0,25,1,0
9,350,21.000000,10000.000000,0,2,5365201,788,0,788,-2,0,25,1,0
9,350,21.000000,10000.000000,0,2,5365204,790,0,790,-3,0,25,1,0
9,350,21.000000,10000.000000,0,2,5365206,791,0,791,-4,0,25,1,0
9,350,21.000000,10000.000000,0,2,5365209,794,0,794,-5,0,25,1,0
9,350,21.000000,10000.000000,0,2,5365212,795,0,795,-5,0,25,1,0
9,350,21.000000,10000.000000,0,2,5365215,799,0,799,-5,0,25,1,0
9,350,21.000000,10000.000000,0,2,5365218,802,0,802,-5,0,25,1,0
9,350,21.000000,10000.000000,0,2,5365220,806,0,806,-5,0,25,1,0
9,350,21.000000,10000.000000,0,2,5365223,812,0,812,-5,0,25,1,0
9,350,21.000000,10000.000000,0,2,5365226,818,0,818,-6,0,25,1,0
9,350,21.000000,10000.000000,0,2,5365229,821,0,821,-6,0,25,1,0
9,350,21.000000,10000.000000,0,2,5365231,828,0,828,-6,0,25,1,0
9,350,21.000000,10000.000000,0,2,5365234,838,0,838,-6,0,25,1,0
9,350,21.000000,10000.000000,0,2,5365237,842,0,842,-6,0,25,1,0
9,350,21.000000,10000.000000,0,2,5365240,855,0,855,-6,0,25,1,0
9,350,21.000000,10000.000000,0,2,5365242,866,0,866,-6,0,25,1,0
9,350,21.000000,10000.000000,0,2,5365245,874,0,874,-7,0,25,1,0
9,350,21.000000,10000.000000,0,2,5365248,886,0,886,-7,0,25,1,0
9,350,21.000000,10000.000000,0,2,5365251,905,0,905,-7,0,25,1,0
9,350,21.000000,10000.000000,0,2,5365254,918,0,918,-7,0,25,1,0
9,350,21.000000,10000.000000,0,2,5365256,933,0,933,-8,0,25,1,0
9,350,21.000000,10000.000000,0,2,5365259,952,0,952,-9,0,25,1,0
9,350,21.000000,10000.000000,0,2,5365262,962,0,962,-9,0,25,1,0
9,350,21.000000,10000.000000,0,2,5365265,975,0,975,-9,0,25,1,0
9,350,21.000000,10000.000000,0,2,5365268,989,0,989,-10,0,25,1,0
9,350,21.000000,10000.000000,0,2,5365270,997,0,997,-10,0,25,1,0
9,350,21.000000,10000.000000,0,2,5365273,1013,0,1013,-11,0,25,1,0
9,350,21.000000,10000.000000,0,2,5365276,1028,0,1028,-12,0,25,1,0
9,350,21.000000,10000.000000,0,2,5365278,1036,0,1036,-13,0,25,1,0
9,350,21.000000,10000.000000,0,2,5365281,1047,0,1047,-14,0,25,1,0
9,350,21.000000,10000.000000,0,2,5365284,1060,0,1060,-15,0,25,1,0
9,350,21.000000,10000.000000,0,2,5365287,1070,0,1070,-16,0,25,1,0
9,350,21.000000,10000.000000,0,2,5365289,1078,0,1078,-17,0,25,1,0
9,350,21.000000,10000.000000,0,2,5365292,1087,0,1087,-18,0,25,1,0
9,350,21.000000,10000.000000,0,2,5365295,1091,0,1091,-19,0,25,1,0
9,350,21.000000,10000.000000,0,2,5365298,1100,0,1100,-21,0,25,1,0
9,350,21.000000,10000.000000,0,2,5365301,1106,0,1106,-21,0,25,1,0
9,350,21.000000,10000.000000,0,2,5365303,1109,0,1109,-22,0,25,1,0
9,350,21.000000,10000.000000,0,2,5365306,1115,0,1115,-23,0,25,1,0
9,350,21.000000,10000.000000,0,2,5365309,1119,0,1119,-24,0,25,1,0
9,350,21.000000,10000.000000,0,2,5365312,1123,0,1123,-25,0,25,1,0
9,350,21.000000,10000.000000,0,2,5365315,1126,0,1126,-26,0,25,1,0
9,350,21.000000,10000.000000,0,2,5365318,1129,0,1129,-27,0,25,1,0
9,350,21.000000,10000.000000,0,2,5365321,1132,0,1132,-28,0,25,1,0
9,350,21.000000,10000.000000,0,2,5365324,1135,0,1135,-29,0,25,1,0
9,350,21.000000,10000.000000,0,2,5365326,1136,0,1136,-29,0,25,1,0
9,350,21.000000,10000.000000,0,2,5365329,1137,0,1137,-29,0,25,1,0
9,350,21.000000,10000.000000,0,2,5365332,1138,0,1138,-30,0,25,1,0
9,350,21.000000,10000.000000,0,2,5365335,1138,0,1138,-30,0,25,1,0
9,350,21.000000,10000.000000,0,2,5365338,1139,0,1139,-30,0,25,1,0
9,350,21.000000,10000.000000,0,2,5365340,1139,0,1139,-30,0,25,1,0
9,350,21.000000,10000.000000,0,2,5365343,1139,0,1139,-30,0,25,1,0
9,350,21.000000,10000.000000,0,2,5365346,1139,0,1139,-30,0,25,1,0
9,350,21.000000,10000.000000,0,2,5365348,1140,0,1140,-30,0,25,1,0
9,350,21.000000,10000.000000,0,2,5365351,1140,0,1140,-30,0,25,1,0
9,350,21.000000,10000.000000,0,2,5365354,1140,0,1140,-31,0,25,1,0
9,350,21.000000,10000.000000,0,2,5365357,1141,0,1141,-32,0,25,1,0
9,350,21.000000,10000.000000,0,2,5365359,1141,0,1141,-32,0,25,1,0
9,350,21.000000,10000.000000,0,2,5365362,1142,0,1142,-32,0,25,1,0
9,350,21.000000,10000.000000,0,2,5365365,1142,0,1142,-32,0,25,1,0
9,350,21.000000,10000.000000,0,2,5365368,1142,0,1142,-32,0,25,1,0
9,350,21.000000,10000.000000,0,2,5365371,1142,0,1142,-32,0,25,1,0
9,350,21.000000,10000.000000,0,2,5365373,1142,0,1142,-32,0,25,1,0
9,350,21.000000,10000.000000,0,2,5365376,1142,0,1142,-32,0,25,1,0
9,350,21.000000,10000.000000,0,2,5365379,1142,0,1142,-32,0,25,1,0
9,350,21.000000,10000.000000,0,2,5365382,1142,0,1142,-32,0,25,1,0
9,350,21.000000,10000.000000,0,2,5365384,1143,0,1143,-32,0,25,1,0
9,350,21.000000,10000.000000,0,2,5365387,1144,0,1144,-32,0,25,1,0
9,350,21.000000,10000.000000,0,2,5365390,1144,0,1144,-32,0,25,1,0
9,350,21.000000,10000.000000,0,2,5365392,1144,0,1144,-32,0,25,1,0
9,350,21.000000,10000.000000,0,2,5365395,1145,0,1145,-32,0,25,1,0
9,350,21.000000,10000.000000,0,2,5365398,1145,0,1145,-32,0,25,1,0
9,350,21.000000,10000.000000,0,2,5365401,1146,0,1146,-33,0,25,1,0
9,350,21.000000,10000.000000,0,2,5365404,1147,0,1147,-34,0,25,1,0
9,350,21.000000,10000.000000,0,2,5365406,1148,0,1148,-34,0,25,1,0
9,350,21.000000,10000.000000,0,2,5365409,1149,0,1149,-34,0,25,1,0
9,350,21.000000,10000.000000,0,2,5365412,1149,0,1149,-34,0,25,1,0
9,350,21.000000,10000.000000,0,2,5365415,1149,0,1149,-34,0,25,1,0
9,350,21.000000,10000.000000,0,2,5365418,1149,0,1149,-34,0,25,1,0
9,350,21.000000,10000.000000,0,2,5365420,1149,0,1149,-34,0,25,1,0
9,350,21.000000,10000.000000,0,2,5365423,1149,0,1149,-35,0,25,1,0
9,350,21.000000,10000.000000,0,2,5365426,1149,0,1149,-36,0,25,1,0
9,350,21.000000,10000.000000,0,2,5365429,1149,0,1149,-36,0,25,1,0
9,350,21.000000,10000.000000,0,2,5365432,1149,0,1149,-36,0,25,1,0
9,350,21.000000,10000.000000,0,2,5365434,1149,0,1149,-36,0,25,1,0
9,350,21.000000,10000.000000,0,2,5365437,1149,0,1149,-36,0,25,1,0
9,350,21.000000,10000.000000,0,2,5365440,1149,0,1149,-36,0,25,1,0
9,350,21.000000,10000.000000,0,2,5365443,1149,0,1149,-36,0,25,1,0
9,350,21.000000,10000.000000,0,2,5365445,1149,0,1149,-36,0,25,1,0
9,350,21.000000,10000.000000,0,2,5365448,1149,0,1149,-36,0,25,1,0
9,350,21.000000,10000.000000,0,2,5365451,1149,0,1149,-36,0,25,1,0
9,350,21.000000,10000.000000,0,2,5365454,1149,0,1149,-36,0,25,1,0
9,350,21.000000,10000.000000,0,2,5365456,1149,0,1149,-36,0,25,1,0
9,350,21.000000,10000.000000,0,2,5365459,1149,0,1149,-36,0,25,1,0
9,350,21.000000,10000.000000,0,2,5365462,1149,0,1149,-36,0,25,1,0
9,350,21.000000,10000.000000,0,2,5365465,1149,0,1149,-36,0,25,1,0
9,350,21.000000,10000.000000,0,2,5365468,1149,0,1149,-36,0,25,1,0
9,350,21.000000,10000.000000,0,2,5365470,1149,0,1149,-36,0,25,1,0
9,350,21.000000,10000.000000,0,2,5365473,1149,0,1149,-36,0,25,1,0
9,350,21.000000,10000.000000,0,2,5365476,1149,0,1149,-36,0,25,1,0
9,350,21.000000,10000.000000,0,2,5365479,1149,0,1149,-36,0,25,1,0
9,350,21.000000,10000.000000,0,2,5365481,1149,0,1149,-36,0,25,1,0
9,350,21.000000,10000.000000,0,2,5365485,1149,0,1149,-36,0,25,1,0
9,350,21.000000,10000.000000,0,2,5365487,1149,0,1149,-36,0,25,1,0
9,350,21.000000,10000.000000,0,2,5365490,1149,0,1149,-36,0,25,1,0
9,350,21.000000,10000.000000,0,2,5365493,1149,0,1149,-36,0,25,1,0
9,350,21.000000,10000.000000,0,2,5365496,1149,0,1149,-36,0,25,1,0
9,350,21.000000,10000.000000,0,2,5365498,1149,0,1149,-36,0,25,1,0
9,350,21.000000,10000.000000,0,2,5365501,1149,0,1149,-36,0,25,1,0
9,350,21.000000,10000.000000,0,2,5365504,1149,0,1149,-36,0,25,1,0
9,350,21.000000,10000.000000,0,2,5365507,1149,0,1149,-36,0,25,1,0
9,350,21.000000,10000.000000,0,2,5365509,1149,0,1149,-36,0,25,1,0
9,350,21.000000,10000.000000,0,2,5365512,1149,0,1149,-36,0,25,1,0
9,350,21.000000,10000.000000,0,2,5365515,1149,0,1149,-36,0,25,1,0
9,350,21.000000,10000.000000,0,2,5365518,1149,0,1149,-36,0,25,1,0
9,350,21.000000,10000.000000,0,2,5365521,1149,0,1149,-36,0,25,1,0
9,350,21.000000,10000.000000,0,2,5365523,1149,0,1149,-36,0,25,1,0
9,350,21.000000,10000.000000,0,2,5365526,1149,0,1149,-36,0,25,1,0
9,350,21.000000,10000.000000,0,2,5365528,1149,0,1149,-36,0,25,1,0
9,350,21.000000,10000.000000,0,2,5365531,1149,0,1149,-36,0,25,1,0
9,350,21.000000,10000.000000,0,2,5365535,1149,0,1149,-36,0,25,1,0
9,350,21.000000,10000.000000,0,2,5365537,1149,0,1149,-36,0,25,1,0
9,350,21.000000,10000.000000,0,2,5365540,1149,0,1149,-36,0,25,1,0
9,350,21.000000,10000.000000,0,2,5365543,1149,0,1149,-36,0,25,1,0
9,350,21.000000,10000.000000,0,2,5365546,1149,0,1149,-36,0,25,1,0
9,350,21.000000,10000.000000,0,2,5365548,1149,0,1149,-36,0,25,1,0
9,350,21.000000,10000.000000,0,2,5365551,1149,0,1149,-36,0,25,1,0
9,350,21.000000,10000.000000,0,2,5365554,1149,0,1149,-36,0,25,1,0
9,350,21.000000,10000.000000,0,2,5365557,1149,0,1149,-36,0,25,1,0
9,350,21.000000,10000.000000,0,2,5365559,1149,0,1149,-36,0,25,1,0
9,350,21.000000,10000.000000,0,2,5365562,1149,0,1149,-36,0,25,1,0
9,350,21.000000,10000.000000,0,2,5365565,1149,0,1149,-36,0,25,1,0
9,350,21.000000,10000.000000,0,2,5365568,1149,0,1149,-36,0,25,1,0
9,350,21.000000,10000.000000,0,2,5365571,1149,0,1149,-36,0,25,1,0
9,350,21.000000,10000.000000,0,2,5365573,1149,0,1149,-36,0,25,1,0
9,350,21.000000,10000.000000,0,2,5365576,1149,0,1149,-36,0,25,1,0
9,350,21.000000,10000.000000,0,2,5365579,1149,0,1149,-36,0,25,1,0
9,350,21.000000,10000.000000,0,2,5365582,1149,0,1149,-36,0,25,1,0
9,350,21.000000,10000.000000,0,2,5365584,1149,0,1149,-36,0,25,1,0
9,350,21.000000,10000.000000,0,2,5365587,1149,0,1149,-36,0,25,1,0
9,350,21.000000,10000.000000,0,2,5365590,1149,0,1149,-36,0,25,1,0
9,350,21.000000,10000.000000,0,2,5365593,1149,0,1149,-36,0,25,1,0
9,350,21.000000,10000.000000,0,2,5365596,1149,0,1149,-36,0,25,1,0
9,350,21.000000,10000.000000,0,2,5365598,1149,0,1149,-36,0,25,1,0
9,350,21.000000,10000.000000,0,2,5365601,1149,0,1149,-36,0,25,1,0
9,350,21.000000,10000.000000,0,2,5365604,1149,0,1149,-36,0,25,1,0
9,350,21.000000,10000.000000,0,2,5365606,1149,0,1149,-36,0,25,1,0
9,350,21.000000,10000.000000,0,2,5365609,1149,0,1149,-36,0,25,1,0
9,350,21.000000,10000.000000,0,2,5365612,1149,0,1149,-36,0,25,1,0
9,350,21.000000,10000.000000,0,2,5365615,1148,0,1148,-36,0,25,1,0
9,350,21.000000,10000.000000,0,2,5365617,1148,0,1148,-36,0,25,1,0
9,350,21.000000,10000.000000,0,2,5365620,1148,0,1148,-36,0,25,1,0
9,350,21.000000,10000.000000,0,2,5365624,1148,0,1148,-36,0,25,1,0
9,350,21.000000,10000.000000,0,2,5365626,1147,0,1147,-36,0,25,1,0
9,350,21.000000,10000.000000,0,2,5365629,1146,0,1146,-36,0,25,1,0
9,350,21.000000,10000.000000,0,2,5365632,1146,0,1146,-36,0,25,1,0
9,350,21.000000,10000.000000,0,2,5365634,1146,0,1146,-37,0,25,1,0
9,350,21.000000,10000.000000,0,2,5365637,1146,0,1146,-38,0,25,1,0
9,350,21.000000,10000.000000,0,2,5365640,1145,0,1145,-38,0,25,1,0
9,350,21.000000,10000.000000,0,2,5365643,1145,0,1145,-38,0,25,1,0
9,350,21.000000,10000.000000,0,2,5365646,1145,0,1145,-38,0,25,1,0
9,350,21.000000,10000.000000,0,2,5365649,1145,0,1145,-38,0,25,1,0
9,350,21.000000,10000.000000,0,2,5365651,1145,0,1145,-38,0,25,1,0
9,350,21.000000,10000.000000,0,2,5365654,1145,0,1145,-38,0,25,1,0
9,350,21.000000,10000.000000,0,2,5365657,1145,0,1145,-38,0,25,1,0
9,350,21.000000,10000.000000,0,2,5365660,1145,0,1145,-38,0,25,1,0
9,350,21.000000,10000.000000,0,2,5365662,1145,0,1145,-38,0,25,1,0
9,350,21.000000,10000.000000,0,2,5365665,1145,0,1145,-38,0,25,1,0
9,350,21.000000,10000.000000,0,2,5365668,1145,0,1145,-38,0,25,1,0
9,350,21.000000,10000.000000,0,2,5365671,1145,0,1145,-38,0,25,1,0
9,350,21.000000,10000.000000,0,2,5365673,1145,0,1145,-38,0,25,1,0
9,350,21.000000,10000.000000,0,2,5365676,1145,0,1145,-38,0,25,1,0
9,350,21.000000,10000.000000,0,2,5365679,1145,0,1145,-38,0,25,1,0
9,350,21.000000,10000.000000,0,2,5365682,1145,0,1145,-38,0,25,1,0
9,350,21.000000,10000.000000,0,2,5365685,1145,0,1145,-38,0,25,1,0
9,350,21.000000,10000.000000,0,2,5365687,1145,0,1145,-38,0,25,1,0
9,350,21.000000,10000.000000,0,2,5365690,1145,0,1145,-38,0,25,1,0
9,350,21.000000,10000.000000,0,2,5365693,1145,0,1145,-38,0,25,1,0
9,350,21.000000,10000.000000,0,2,5365696,1145,0,1145,-38,0,25,1,0
9,350,21.000000,10000.000000,0,2,5365698,1145,0,1145,-38,0,25,1,0
9,350,21.000000,10000.000000,0,2,5365701,1145,0,1145,-38,0,25,1,0
9,350,21.000000,10000.000000,0,2,5365704,1145,0,1145,-38,0,25,1,0
9,350,21.000000,10000.000000,0,2,5365707,1145,0,1145,-38,0,25,1,0
9,350,21.000000,10000.000000,0,2,5365710,1145,0,1145,-38,0,25,1,0
9,350,21.000000,10000.000000,0,2,5365712,1145,0,1145,-38,0,25,1,0
9,350,21.000000,10000.000000,0,2,5365724,1145,0,1145,-38,0,25,1,0
