9,350,21.000000,10000.000000,0,0,109376526,793,0,793,0,0,27,7
9,350,21.000000,10000.000000,0,0,109376527,793,0,793,0,0,27,7
9,350,21.000000,10000.000000,0,0,109376530,793,0,793,0,0,27,7
9,350,21.000000,10000.000000,0,0,109376532,793,0,793,0,0,27,7
9,350,21.000000,10000.000000,0,0,109376535,793,0,793,0,0,27,7
9,350,21.000000,10000.000000,0,0,109376538,793,0,793,0,0,27,7
9,350,21.000000,10000.000000,0,0,109376541,793,0,793,0,0,27,7
9,350,21.000000,10000.000000,0,0,109376543,793,0,793,0,0,27,7
9,350,21.000000,10000.000000,0,0,109376546,793,0,793,0,0,27,7
9,350,21.000000,10000.000000,0,0,109376549,793,0,793,0,0,27,7
9,350,21.000000,10000.000000,0,0,109376552,793,0,793,0,0,27,7
9,350,21.000000,10000.000000,0,0,109376554,793,0,793,0,0,27,7
9,350,21.000000,10000.000000,0,0,109376557,793,0,793,0,0,27,7
9,350,21.000000,10000.000000,0,0,109376560,793,0,793,0,0,27,7
9,350,21.000000,10000.000000,0,0,109376563,793,0,793,0,0,27,7
9,350,21.000000,10000.000000,0,0,109376566,793,0,793,0,0,27,7
9,350,21.000000,10000.000000,0,0,109376568,793,0,793,0,0,27,7
9,350,21.000000,10000.000000,0,0,109376571,793,0,793,0,0,27,7
9,350,21.000000,10000.000000,0,0,109376574,793,0,793,0,0,27,7
9,350,21.000000,10000.000000,0,0,109376577,793,0,793,0,0,27,7
9,350,21.000000,10000.000000,0,0,109376580,793,0,793,0,0,27,7
9,350,21.000000,10000.000000,0,0,109376582,793,0,793,0,0,27,7
9,350,21.000000,10000.000000,0,0,109376585,793,0,793,0,0,27,7
9,350,21.000000,10000.000000,0,0,109376588,793,0,793,0,0,27,7
9,350,21.000000,10000.000000,0,0,109376591,793,0,793,0,0,27,7
9,350,21.000000,10000.000000,0,0,109376594,793,0,793,0,0,27,7
9,350,21.000000,10000.000000,0,0,109376596,793,0,793,0,0,27,7
9,350,21.000000,10000.000000,0,0,109376599,793,0,793,0,0,27,7
9,350,21.000000,10000.000000,0,0,109376602,793,0,793,0,0,27,7
9,350,21.000000,10000.000000,0,0,109376605,794,0,794,0,0,27,7
9,350,21.000000,10000.000000,0,0,109376607,795,0,795,0,0,27,7
9,350,21.000000,10000.000000,0,0,109376610,797,0,797,-1,0,27,7
9,350,21.000000,10000.000000,0,0,109376613,799,0,799,-1,0,27,7
9,350,21.000000,10000.000000,0,0,109376616,802,0,802,-2,0,27,7
9,350,21.000000,10000.000000,0,0,109376619,805,0,805,-3,0,27,7
9,350,21.000000,10000.000000,0,0,109376621,807,0,807,-4,0,27,7
9,350,21.000000,10000.000000,0,0,109376624,813,0,813,-5,0,27,7
9,350,21.000000,10000.000000,0,0,109376627,818,0,818,-6,0,27,7
9,350,21.000000,10000.000000,0,0,109376629,822,0,822,-8,0,27,7
9,350,21.000000,10000.000000,0,0,109376632,831,0,831,-9,0,27,7
9,350,21.000000,10000.000000,0,0,109376635,837,0,837,-11,0,27,7
9,350,21.000000,10000.000000,0,0,109376638,855,0,855,-13,0,27,7
9,350,21.000000,10000.000000,0,0,109376641,864,0,864,-14,0,27,7
9,350,21.000000,10000.000000,0,0,109376644,874,0,874,-15,0,27,7
9,350,21.000000,10000.000000,0,0,109376646,884,0,884,-15,0,27,7
9,350,21.000000,10000.000000,0,0,109376649,893,0,893,-16,0,27,7
9,350,21.000000,10000.000000,0,0,109376652,905,0,905,-17,0,27,7
9,350,21.000000,10000.000000,0,0,109376655,917,0,917,-18,0,27,7
9,350,21.000000,10000.000000,0,0,109376658,929,0,929,-19,0,27,7
9,350,21.000000,10000.000000,0,0,109376661,941,0,941,-20,0,27,7
9,350,21.000000,10000.000000,0,0,109376663,953,0,953,-21,0,27,7
9,350,21.000000,10000.000000,0,0,109376666,965,0,965,-21,0,27,7
9,350,21.000000,10000.000000,0,0,109376668,975,0,975,-21,0,27,7
9,350,21.000000,10000.000000,0,0,109376671,988,0,988,-21,0,27,7
9,350,21.000000,10000.000000,0,0,109376674,998,0,998,-24,0,27,7
9,350,21.000000,10000.000000,0,0,109376677,1010,0,1010,-24,0,27,7
9,350,21.000000,10000.000000,0,0,109376679,1020,0,1020,-25,0,27,7
9,350,21.000000,10000.000000,0,0,109376682,1029,0,1029,-25,0,27,7
9,350,21.000000,10000.000000,0,0,109376685,1039,0,1039,-25,0,27,7
9,350,21.000000,10000.000000,0,0,109376688,1048,0,1048,-25,0,27,7
9,350,21.000000,10000.000000,0,0,109376691,1056,0,1056,-26,0,27,7
9,350,21.000000,10000.000000,0,0,109376694,1062,0,1062,-27,0,27,7
9,350,21.000000,10000.000000,0,0,109376696,1069,0,1069,-27,0,27,7
9,350,21.000000,10000.000000,0,0,109376699,1074,0,1074,-27,0,27,7
9,350,21.000000,10000.000000,0,0,109376702,1080,0,1080,-28,0,27,7
9,350,21.000000,10000.000000,0,0,109376705,1085,0,1085,-28,0,27,7
9,350,21.000000,10000.000000,0,0,109376707,1089,0,1089,-28,0,27,7
9,350,21.000000,10000.000000,0,0,109376710,1091,0,1091,-28,0,27,7
9,350,21.000000,10000.000000,0,0,109376713,1096,0,1096,-28,0,27,7
9,350,21.000000,10000.000000,0,0,109376716,1098,0,1098,-28,0,27,7
9,350,21.000000,10000.000000,0,0,109376719,1101,0,1101,-29,0,27,7
9,350,21.000000,10000.000000,0,0,109376721,1103,0,1103,-29,0,27,7
9,350,21.000000,10000.000000,0,0,109376724,1106,0,1106,-29,0,27,7
9,350,21.000000,10000.000000,0,0,109376727,1107,0,1107,-29,0,27,7
9,350,21.000000,10000.000000,0,0,109376730,1109,0,1109,-30,0,27,7
9,350,21.000000,10000.000000,0,0,109376733,1110,0,1110,-30,0,27,7
9,350,21.000000,10000.000000,0,0,109376735,1111,0,1111,-30,0,27,7
9,350,21.000000,10000.000000,0,0,109376738,1114,0,1114,-30,0,27,7
9,350,21.000000,10000.000000,0,0,109376741,1117,0,1117,-30,0,27,7
9,350,21.000000,10000.000000,0,0,109376744,1117,0,1117,-30,0,27,7
9,350,21.000000,10000.000000,0,0,109376746,1117,0,1117,-31,0,27,7
9,350,21.000000,10000.000000,0,0,109376749,1118,0,1118,-31,0,27,7
9,350,21.000000,10000.000000,0,0,109376752,1119,0,1119,-31,0,27,7
9,350,21.000000,10000.000000,0,0,109376755,1120,0,1120,-31,0,27,7
9,350,21.000000,10000.000000,0,0,109376758,1121,0,1121,-31,0,27,7
9,350,21.000000,10000.000000,0,0,109376760,1121,0,1121,-32,0,27,7
9,350,21.000000,10000.000000,0,0,109376763,1121,0,1121,-33,0,27,7
9,350,21.000000,10000.000000,0,0,109376766,1122,0,1122,-34,0,27,7
9,350,21.000000,10000.000000,0,0,109376768,1123,0,1123,-34,0,27,7
9,350,21.000000,10000.000000,0,0,109376771,1123,0,1123,-35,0,27,7
9,350,21.000000,10000.000000,0,0,109376774,1123,0,1123,-36,0,27,7
9,350,21.000000,10000.000000,0,0,109376777,1124,0,1124,-37,0,27,7
9,350,21.000000,10000.000000,0,0,109376779,1125,0,1125,-38,0,27,7
9,350,21.000000,10000.000000,0,0,109376783,1125,0,1125,-38,0,27,7
9,350,21.000000,10000.000000,0,0,109376785,1125,0,1125,-38,0,27,7
9,350,21.000000,10000.000000,0,0,109376788,1125,0,1125,-38,0,27,7
9,350,21.000000,10000.000000,0,0,109376791,1125,0,1125,-38,0,27,7
9,350,21.000000,10000.000000,0,0,109376794,1125,0,1125,-38,0,27,7
9,350,21.000000,10000.000000,0,0,109376796,1125,0,1125,-38,0,27,7
9,350,21.000000,10000.000000,0,0,109376799,1125,0,1125,-38,0,27,7
9,350,21.000000,10000.000000,0,0,109376802,1125,0,1125,-38,0,27,7
9,350,21.000000,10000.000000,0,0,109376805,1125,0,1125,-38,0,27,7
9,350,21.000000,10000.000000,0,0,109376808,1125,0,1125,-38,0,27,7
9,350,21.000000,10000.000000,0,0,109376810,1125,0,1125,-38,0,27,7
9,350,21.000000,10000.000000,0,0,109376813,1125,0,1125,-38,0,27,7
9,350,21.000000,10000.000000,0,0,109376816,1125,0,1125,-38,0,27,7
9,350,21.000000,10000.000000,0,0,109376819,1125,0,1125,-38,0,27,7
9,350,21.000000,10000.000000,0,0,109376822,1125,0,1125,-38,0,27,7
9,350,21.000000,10000.000000,0,0,109376824,1125,0,1125,-38,0,27,7
9,350,21.000000,10000.000000,0,0,109376827,1125,0,1125,-38,0,27,7
9,350,21.000000,10000.000000,0,0,109376830,1125,0,1125,-38,0,27,7
9,350,21.000000,10000.000000,0,0,109376832,1125,0,1125,-38,0,27,7
9,350,21.000000,10000.000000,0,0,109376835,1125,0,1125,-38,0,27,7
9,350,21.000000,10000.000000,0,0,109376838,1125,0,1125,-38,0,27,7
9,350,21.000000,10000.000000,0,0,109376841,1125,0,1125,-38,0,27,7
9,350,21.000000,10000.000000,0,0,109376843,1125,0,1125,-38,0,27,7
9,350,21.000000,10000.000000,0,0,109376846,1125,0,1125,-38,0,27,7
9,350,21.000000,10000.000000,0,0,109376849,1125,0,1125,-38,0,27,7
9,350,21.000000,10000.000000,0,0,109376852,1125,0,1125,-38,0,27,7
9,350,21.000000,10000.000000,0,0,109376855,1125,0,1125,-38,0,27,7
9,350,21.000000,10000.000000,0,0,109376857,1125,0,1125,-38,0,27,7
9,350,21.000000,10000.000000,0,0,109376860,1125,0,1125,-38,0,27,7
9,350,21.000000,10000.000000,0,0,109376863,1125,0,1125,-38,0,27,7
9,350,21.000000,10000.000000,0,0,109376866,1125,0,1125,-38,0,27,7
9,350,21.000000,10000.000000,0,0,109376868,1125,0,1125,-38,0,27,7
9,350,21.000000,10000.000000,0,0,109376871,1125,0,1125,-38,0,27,7
9,350,21.000000,10000.000000,0,0,109376874,1125,0,1125,-38,0,27,7
9,350,21.000000,10000.000000,0,0,109376877,1125,0,1125,-38,0,27,7
9,350,21.000000,10000.000000,0,0,109376880,1125,0,1125,-38,0,27,7
9,350,21.000000,10000.000000,0,0,109376882,1125,0,1125,-38,0,27,7
9,350,21.000000,10000.000000,0,0,109376885,1125,0,1125,-38,0,27,7
9,350,21.000000,10000.000000,0,0,109376888,1125,0,1125,-38,0,27,7
9,350,21.000000,10000.000000,0,0,109376891,1125,0,1125,-38,0,27,7
9,350,21.000000,10000.000000,0,0,109376894,1125,0,1125,-38,0,27,7
9,350,21.000000,10000.000000,0,0,109376897,1125,0,1125,-38,0,27,7
9,350,21.000000,10000.000000,0,0,109376899,1125,0,1125,-38,0,27,7
9,350,21.000000,10000.000000,0,0,109376902,1125,0,1125,-38,0,27,7
9,350,21.000000,10000.000000,0,0,109376905,1125,0,1125,-38,0,27,7
9,350,21.000000,10000.000000,0,0,109376907,1125,0,1125,-38,0,27,7
9,350,21.000000,10000.000000,0,0,109376911,1125,0,1125,-38,0,27,7
9,350,21.000000,10000.000000,0,0,109376913,1125,0,1125,-38,0,27,7
9,350,21.000000,10000.000000,0,0,109376916,1125,0,1125,-38,0,27,7
9,350,21.000000,10000.000000,0,0,109376919,1125,0,1125,-38,0,27,7
9,350,21.000000,10000.000000,0,0,109376922,1125,0,1125,-38,0,27,7
9,350,21.000000,10000.000000,0,0,109376924,1125,0,1125,-38,0,27,7
9,350,21.000000,10000.000000,0,0,109376927,1125,0,1125,-38,0,27,7
9,350,21.000000,10000.000000,0,0,109376929,1125,0,1125,-38,0,27,7
9,350,21.000000,10000.000000,0,0,109376932,1125,0,1125,-38,0,27,7
9,350,21.000000,10000.000000,0,0,109376935,1125,0,1125,-38,0,27,7
9,350,21.000000,10000.000000,0,0,109376938,1125,0,1125,-38,0,27,7
9,350,21.000000,10000.000000,0,0,109376941,1125,0,1125,-38,0,27,7
9,350,21.000000,10000.000000,0,0,109376944,1125,0,1125,-38,0,27,7
9,350,21.000000,10000.000000,0,0,109376946,1125,0,1125,-38,0,27,7
9,350,21.000000,10000.000000,0,0,109376949,1125,0,1125,-38,0,27,7
9,350,21.000000,10000.000000,0,0,109376952,1125,0,1125,-38,0,27,7
9,350,21.000000,10000.000000,0,0,109376955,1125,0,1125,-38,0,27,7
9,350,21.000000,10000.000000,0,0,109376957,1125,0,1125,-38,0,27,7
9,350,21.000000,10000.000000,0,0,109376960,1125,0,1125,-38,0,27,7
9,350,21.000000,10000.000000,0,0,109376963,1125,0,1125,-38,0,27,7
9,350,21.000000,10000.000000,0,0,109376966,1125,0,1125,-38,0,27,7
9,350,21.000000,10000.000000,0,0,109376969,1125,0,1125,-38,0,27,7
9,350,21.000000,10000.000000,0,0,109376971,1125,0,1125,-38,0,27,7
9,350,21.000000,10000.000000,0,0,109376974,1125,0,1125,-38,0,27,7
9,350,21.000000,10000.000000,0,0,109376977,1125,0,1125,-38,0,27,7
9,350,21.000000,10000.000000,0,0,109376980,1125,0,1125,-38,0,27,7
9,350,21.000000,10000.000000,0,0,109376982,1125,0,1125,-38,0,27,7
9,350,21.000000,10000.000000,0,0,109376986,1125,0,1125,-38,0,27,7
9,350,21.000000,10000.000000,0,0,109376988,1125,0,1125,-38,0,27,7
9,350,21.000000,10000.000000,0,0,109376991,1125,0,1125,-38,0,27,7
9,350,21.000000,10000.000000,0,0,109376994,1125,0,1125,-38,0,27,7
9,350,21.000000,10000.000000,0,0,109376997,1125,0,1125,-38,0,27,7
9,350,21.000000,10000.000000,0,0,109376999,1125,0,1125,-38,0,27,7
9,350,21.000000,10000.000000,0,0,109377002,1125,0,1125,-38,0,27,7
9,350,21.000000,10000.000000,0,0,109377005,1125,0,1125,-38,0,27,7
9,350,21.000000,10000.000000,0,0,109377008,1125,0,1125,-38,0,27,7
9,350,21.000000,10000.000000,0,0,109377010,1125,0,1125,-38,0,27,7
9,350,21.000000,10000.000000,0,0,109377013,1125,0,1125,-38,0,27,7
9,350,21.000000,10000.000000,0,0,109377016,1125,0,1125,-38,0,27,7
9,350,21.000000,10000.000000,0,0,109377019,1125,0,1125,-38,0,27,7
9,350,21.000000,10000.000000,0,0,109377022,1125,0,1125,-38,0,27,7
9,350,21.000000,10000.000000,0,0,109377024,1125,0,1125,-38,0,27,7
9,350,21.000000,10000.000000,0,0,109377027,1125,0,1125,-38,0,27,7
9,350,21.000000,10000.000000,0,0,109377030,1125,0,1125,-38,0,27,7
9,350,21.000000,10000.000000,0,0,109377032,1125,0,1125,-38,0,27,7
9,350,21.000000,10000.000000,0,0,109377035,1125,0,1125,-38,0,27,7
9,350,21.000000,10000.000000,0,0,109377038,1125,0,1125,-38,0,27,7
9,350,21.000000,10000.000000,0,0,109377041,1125,0,1125,-38,0,27,7
9,350,21.000000,10000.000000,0,0,109377044,1125,0,1125,-38,0,27,7
9,350,21.000000,10000.000000,0,0,109377046,1125,0,1125,-38,0,27,7
9,350,21.000000,10000.000000,0,0,109377049,1125,0,1125,-38,0,27,7
9,350,21.000000,10000.000000,0,0,109377052,1125,0,1125,-38,0,27,7
9,350,21.000000,10000.000000,0,0,109377055,1125,0,1125,-38,0,27,7
9,350,21.000000,10000.000000,0,0,109377058,1125,0,1125,-38,0,27,7
9,350,21.000000,10000.000000,0,0,109377061,1125,0,1125,-38,0,27,7
9,350,21.000000,10000.000000,0,0,109377063,1125,0,1125,-38,0,27,7
9,350,21.000000,10000.000000,0,0,109377066,1125,0,1125,-38,0,27,7
9,350,21.000000,10000.000000,0,0,109377069,1125,0,1125,-38,0,27,7
9,350,21.000000,10000.000000,0,0,109377072,1125,0,1125,-38,0,27,7
9,350,21.000000,10000.000000,0,0,109377075,1125,0,1125,-38,0,27,7
9,350,21.000000,10000.000000,0,0,109377077,1125,0,1125,-38,0,27,7
9,350,21.000000,10000.000000,0,0,109377080,1125,0,1125,-38,0,27,7
9,350,21.000000,10000.000000,0,0,109377082,1125,0,1125,-38,0,27,7
9,350,21.000000,10000.000000,0,0,109377085,1125,0,1125,-38,0,27,7
9,350,21.000000,10000.000000,0,0,109377088,1125,0,1125,-38,0,27,7
9,350,21.000000,10000.000000,0,0,109377091,1125,0,1125,-38,0,27,7
9,350,21.000000,10000.000000,0,0,109377094,1125,0,1125,-38,0,27,7
9,350,21.000000,10000.000000,0,0,109377096,1125,0,1125,-38,0,27,7
9,350,21.000000,10000.000000,0,0,109377099,1125,0,1125,-38,0,27,7
9,350,21.000000,10000.000000,0,0,109377102,1125,0,1125,-38,0,27,7
9,350,21.000000,10000.000000,0,0,109377105,1125,0,1125,-38,0,27,7
9,350,21.000000,10000.000000,0,0,109377108,1125,0,1125,-38,0,27,7
9,350,21.000000,10000.000000,0,0,109377111,1125,0,1125,-38,0,27,7
9,350,21.000000,10000.000000,0,0,109377113,1125,0,1125,-38,0,27,7
9,350,21.000000,10000.000000,0,0,109377116,1125,0,1125,-38,0,27,7
9,350,21.000000,10000.000000,0,0,109377119,1125,0,1125,-38,0,27,7
9,350,21.000000,10000.000000,0,0,109377121,1125,0,1125,-38,0,27,7
9,350,21.000000,10000.000000,0,0,109377125,1125,0,1125,-38,0,27,7
9,350,21.000000,10000.000000,0,0,109377127,1125,0,1125,-38,0,27,7
9,350,21.000000,10000.000000,0,0,109377130,1125,0,1125,-38,0,27,7
9,350,21.000000,10000.000000,0,0,109377133,1125,0,1125,-38,0,27,7
9,350,21.000000,10000.000000,0,0,109377136,1125,0,1125,-38,0,27,7
9,350,21.000000,10000.000000,0,0,109377138,1125,0,1125,-38,0,27,7
9,350,21.000000,10000.000000,0,0,109377141,1125,0,1125,-38,0,27,7
9,350,21.000000,10000.000000,0,0,109377144,1125,0,1125,-38,0,27,7
9,350,21.000000,10000.000000,0,0,109377147,1125,0,1125,-38,0,27,7
9,350,21.000000,10000.000000,0,0,109377149,1125,0,1125,-38,0,27,7
9,350,21.000000,10000.000000,0,0,109377152,1125,0,1125,-38,0,27,7
9,350,21.000000,10000.000000,0,0,109377155,1125,0,1125,-38,0,27,7
9,350,21.000000,10000.000000,0,0,109377158,1125,0,1125,-38,0,27,7
9,350,21.000000,10000.000000,0,0,109377161,1125,0,1125,-38,0,27,7
9,350,21.000000,10000.000000,0,0,109377172,1125,0,1125,-38,0,27,7
