9,700,21.000000,0.000000,0,0,109422379,613,0,613,0,0,29,11
9,700,21.000000,0.000000,0,0,109422380,613,0,613,0,0,29,11
9,700,21.000000,0.000000,0,0,109422383,613,0,613,0,0,29,11
9,700,21.000000,0.000000,0,0,109422385,613,0,613,0,0,29,11
9,700,21.000000,0.000000,0,0,109422388,613,0,613,0,0,29,11
9,700,21.000000,0.000000,0,0,109422391,613,0,613,0,0,29,11
9,700,21.000000,0.000000,0,0,109422394,613,0,613,0,0,29,11
9,700,21.000000,0.000000,0,0,109422396,613,0,613,0,0,29,11
9,700,21.000000,0.000000,0,0,109422399,613,0,613,0,0,29,11
9,700,21.000000,0.000000,0,0,109422402,613,0,613,0,0,29,11
9,700,21.000000,0.000000,0,0,109422405,613,0,613,0,0,29,11
9,700,21.000000,0.000000,0,0,109422408,613,0,613,0,0,29,11
9,700,21.000000,0.000000,0,0,109422410,613,0,613,0,0,29,11
9,700,21.000000,0.000000,0,0,109422413,613,0,613,0,0,29,11
9,700,21.000000,0.000000,0,0,109422416,613,0,613,0,0,29,11
9,700,21.000000,0.000000,0,0,109422419,613,0,613,0,0,29,11
9,700,21.000000,0.000000,0,0,109422422,613,0,613,0,0,29,11
9,700,21.000000,0.000000,0,0,109422425,613,0,613,0,0,29,11
9,700,21.000000,0.000000,0,0,109422427,613,0,613,0,0,29,11
9,700,21.000000,0.000000,0,0,109422430,613,0,613,0,0,29,11
9,700,21.000000,0.000000,0,0,109422433,613,0,613,0,0,29,11
9,700,21.000000,0.000000,0,0,109422436,613,0,613,0,0,29,11
9,700,21.000000,0.000000,0,0,109422438,613,0,613,0,0,29,11
9,700,21.000000,0.000000,0,0,109422441,613,0,613,0,0,29,11
9,700,21.000000,0.000000,0,0,109422444,613,0,613,0,0,29,11
9,700,21.000000,0.000000,0,0,109422447,613,0,613,0,0,29,11
9,700,21.000000,0.000000,0,0,109422450,613,0,613,0,0,29,11
9,700,21.000000,0.000000,0,0,109422452,613,0,613,0,0,29,11
9,700,21.000000,0.000000,0,0,109422455,613,0,613,0,0,29,11
9,700,21.000000,0.000000,0,0,109422458,613,0,613,0,0,29,11
9,700,21.000000,0.000000,0,0,109422460,613,0,613,0,0,29,11
9,700,21.000000,0.000000,0,0,109422463,613,0,613,0,0,29,11
9,700,21.000000,0.000000,0,0,109422466,613,0,613,0,0,29,11
9,700,21.000000,0.000000,0,0,109422469,613,0,613,0,0,29,11
9,700,21.000000,0.000000,0,0,109422472,613,0,613,0,0,29,11
9,700,21.000000,0.000000,0,0,109422474,613,0,613,0,0,29,11
9,700,21.000000,0.000000,0,0,109422477,613,0,613,0,0,29,11
9,700,21.000000,0.000000,0,0,109422480,615,0,615,0,0,29,11
9,700,21.000000,0.000000,0,0,109422483,617,0,617,0,0,29,11
9,700,21.000000,0.000000,0,0,109422486,619,0,619,0,0,29,11
9,700,21.000000,0.000000,0,0,109422488,623,0,623,0,0,29,11
9,700,21.000000,0.000000,0,0,109422491,628,0,628,-1,0,29,11
9,700,21.000000,0.000000,0,0,109422494,637,0,637,-2,0,29,11
9,700,21.000000,0.000000,0,0,109422497,644,0,644,-2,0,29,11
9,700,21.000000,0.000000,0,0,109422500,651,0,651,-2,0,29,11
9,700,21.000000,0.000000,0,0,109422502,661,0,661,-3,0,29,11
9,700,21.000000,0.000000,0,0,109422505,670,0,670,-3,0,29,11
9,700,21.000000,0.000000,0,0,109422508,678,0,678,-3,0,29,11
9,700,21.000000,0.000000,0,0,109422511,690,0,690,-4,0,29,11
9,700,21.000000,0.000000,0,0,109422513,702,0,702,-4,0,29,11
9,700,21.000000,0.000000,0,0,109422516,715,0,715,-4,0,29,11
9,700,21.000000,0.000000,0,0,109422519,733,0,733,-4,0,29,11
9,700,21.000000,0.000000,0,0,109422522,750,0,750,-4,0,29,11
9,700,21.000000,0.000000,0,0,109422525,774,0,774,-4,0,29,11
9,700,21.000000,0.000000,0,0,109422527,797,0,797,-6,0,29,11
9,700,21.000000,0.000000,0,0,109422530,822,0,822,-6,0,29,11
9,700,21.000000,0.000000,0,0,109422533,844,0,844,-8,0,29,11
9,700,21.000000,0.000000,0,0,109422536,872,0,872,-9,0,29,11
9,700,21.000000,0.000000,0,0,109422538,900,0,900,-10,0,29,11
9,700,21.000000,0.000000,0,0,109422541,928,0,928,-13,0,29,11
9,700,21.000000,0.000000,0,0,109422544,959,0,959,-17,0,29,11
9,700,21.000000,0.000000,0,0,109422547,989,0,989,-18,0,29,11
9,700,21.000000,0.000000,0,0,109422550,1017,0,1017,-18,0,29,11
9,700,21.000000,0.000000,0,0,109422552,1048,0,1048,-19,0,29,11
9,700,21.000000,0.000000,0,0,109422555,1068,0,1068,-22,0,29,11
9,700,21.000000,0.000000,0,0,109422558,1089,0,1089,-25,0,29,11
9,700,21.000000,0.000000,0,0,109422561,1108,0,1108,-29,0,29,11
9,700,21.000000,0.000000,0,0,109422563,1126,0,1126,-32,0,29,11
9,700,21.000000,0.000000,0,0,109422566,1144,0,1144,-35,0,29,11
9,700,21.000000,0.000000,0,0,109422569,1162,0,1162,-37,0,29,11
9,700,21.000000,0.000000,0,0,109422572,1182,0,1182,-40,0,29,11
9,700,21.000000,0.000000,0,0,109422574,1199,0,1199,-41,0,29,11
9,700,21.000000,0.000000,0,0,109422577,1211,0,1211,-44,0,29,11
9,700,21.000000,0.000000,0,0,109422580,1225,0,1225,-46,0,29,11
9,700,21.000000,0.000000,0,0,109422583,1235,0,1235,-47,0,29,11
9,700,21.000000,0.000000,0,0,109422586,1245,0,1245,-47,0,29,11
9,700,21.000000,0.000000,0,0,109422588,1253,0,1253,-47,0,29,11
9,700,21.000000,0.000000,0,0,109422591,1261,0,1261,-48,0,29,11
9,700,21.000000,0.000000,0,0,109422594,1265,0,1265,-48,0,29,11
9,700,21.000000,0.000000,0,0,109422597,1272,0,1272,-49,0,29,11
9,700,21.000000,0.000000,0,0,109422600,1276,0,1276,-49,0,29,11
9,700,21.000000,0.000000,0,0,109422602,1279,0,1279,-49,0,29,11
9,700,21.000000,0.000000,0,0,109422605,1281,0,1281,-49,0,29,11
9,700,21.000000,0.000000,0,0,109422608,1285,0,1285,-50,0,29,11
9,700,21.000000,0.000000,0,0,109422611,1287,0,1287,-50,0,29,11
9,700,21.000000,0.000000,0,0,109422614,1288,0,1288,-50,0,29,11
9,700,21.000000,0.000000,0,0,109422616,1290,0,1290,-50,0,29,11
9,700,21.000000,0.000000,0,0,109422619,1290,0,1290,-50,0,29,11
9,700,21.000000,0.000000,0,0,109422622,1290,0,1290,-50,0,29,11
9,700,21.000000,0.000000,0,0,109422625,1291,0,1291,-51,0,29,11
9,700,21.000000,0.000000,0,0,109422627,1292,0,1292,-52,0,29,11
9,700,21.000000,0.000000,0,0,109422630,1292,0,1292,-52,0,29,11
9,700,21.000000,0.000000,0,0,109422633,1292,0,1292,-52,0,29,11
9,700,21.000000,0.000000,0,0,109422636,1292,0,1292,-52,0,29,11
9,700,21.000000,0.000000,0,0,109422639,1293,0,1293,-52,0,29,11
9,700,21.000000,0.000000,0,0,109422641,1293,0,1293,-52,0,29,11
9,700,21.000000,0.000000,0,0,109422644,1293,0,1293,-53,0,29,11
9,700,21.000000,0.000000,0,0,109422647,1294,0,1294,-53,0,29,11
9,700,21.000000,0.000000,0,0,109422650,1295,0,1295,-53,0,29,11
9,700,21.000000,0.000000,0,0,109422652,1295,0,1295,-53,0,29,11
9,700,21.000000,0.000000,0,0,109422655,1295,0,1295,-54,0,29,11
9,700,21.000000,0.000000,0,0,109422658,1296,0,1296,-55,0,29,11
9,700,21.000000,0.000000,0,0,109422661,1297,0,1297,-55,0,29,11
9,700,21.000000,0.000000,0,0,109422664,1297,0,1297,-56,0,29,11
9,700,21.000000,0.000000,0,0,109422666,1300,0,1300,-57,0,29,11
9,700,21.000000,0.000000,0,0,109422669,1299,0,1299,-58,0,29,11
9,700,21.000000,0.000000,0,0,109422672,1300,0,1300,-59,0,29,11
9,700,21.000000,0.000000,0,0,109422675,1303,0,1303,-59,0,29,11
9,700,21.000000,0.000000,0,0,109422678,1303,0,1303,-62,0,29,11
9,700,21.000000,0.000000,0,0,109422680,1307,0,1307,-64,0,29,11
9,700,21.000000,0.000000,0,0,109422683,1308,0,1308,-64,0,29,11
9,700,21.000000,0.000000,0,0,109422686,1312,0,1312,-65,0,29,11
9,700,21.000000,0.000000,0,0,109422689,1316,0,1316,-66,0,29,11
9,700,21.000000,0.000000,0,0,109422692,1322,0,1322,-67,0,29,11
9,700,21.000000,0.000000,0,0,109422694,1328,0,1328,-69,0,29,11
9,700,21.000000,0.000000,0,0,109422697,1332,0,1332,-71,0,29,11
9,700,21.000000,0.000000,0,0,109422700,1337,0,1337,-73,0,29,11
9,700,21.000000,0.000000,0,0,109422703,1341,0,1341,-73,0,29,11
9,700,21.000000,0.000000,0,0,109422705,1346,0,1346,-74,0,29,11
9,700,21.000000,0.000000,0,0,109422708,1349,0,1349,-75,0,29,11
9,700,21.000000,0.000000,0,0,109422711,1352,0,1352,-75,0,29,11
9,700,21.000000,0.000000,0,0,109422713,1355,0,1355,-76,0,29,11
9,700,21.000000,0.000000,0,0,109422716,1358,0,1358,-76,0,29,11
9,700,21.000000,0.000000,0,0,109422719,1359,0,1359,-77,0,29,11
9,700,21.000000,0.000000,0,0,109422722,1360,0,1360,-77,0,29,11
9,700,21.000000,0.000000,0,0,109422725,1361,0,1361,-77,0,29,11
9,700,21.000000,0.000000,0,0,109422728,1362,0,1362,-77,0,29,11
9,700,21.000000,0.000000,0,0,109422730,1363,0,1363,-77,0,29,11
9,700,21.000000,0.000000,0,0,109422733,1363,0,1363,-77,0,29,11
9,700,21.000000,0.000000,0,0,109422736,1363,0,1363,-77,0,29,11
9,700,21.000000,0.000000,0,0,109422738,1363,0,1363,-77,0,29,11
9,700,21.000000,0.000000,0,0,109422741,1363,0,1363,-77,0,29,11
9,700,21.000000,0.000000,0,0,109422744,1363,0,1363,-77,0,29,11
9,700,21.000000,0.000000,0,0,109422747,1363,0,1363,-77,0,29,11
9,700,21.000000,0.000000,0,0,109422750,1363,0,1363,-77,0,29,11
9,700,21.000000,0.000000,0,0,109422752,1363,0,1363,-77,0,29,11
9,700,21.000000,0.000000,0,0,109422755,1363,0,1363,-77,0,29,11
9,700,21.000000,0.000000,0,0,109422758,1363,0,1363,-77,0,29,11
9,700,21.000000,0.000000,0,0,109422761,1363,0,1363,-77,0,29,11
9,700,21.000000,0.000000,0,0,109422764,1363,0,1363,-77,0,29,11
9,700,21.000000,0.000000,0,0,109422766,1363,0,1363,-77,0,29,11
9,700,21.000000,0.000000,0,0,109422769,1363,0,1363,-77,0,29,11
9,700,21.000000,0.000000,0,0,109422772,1363,0,1363,-77,0,29,11
9,700,21.000000,0.000000,0,0,109422775,1363,0,1363,-77,0,29,11
9,700,21.000000,0.000000,0,0,109422778,1363,0,1363,-77,0,29,11
9,700,21.000000,0.000000,0,0,109422780,1363,0,1363,-77,0,29,11
9,700,21.000000,0.000000,0,0,109422783,1363,0,1363,-77,0,29,11
9,700,21.000000,0.000000,0,0,109422786,1363,0,1363,-77,0,29,11
9,700,21.000000,0.000000,0,0,109422788,1363,0,1363,-77,0,29,11
9,700,21.000000,0.000000,0,0,109422792,1363,0,1363,-77,0,29,11
9,700,21.000000,0.000000,0,0,109422794,1363,0,1363,-77,0,29,11
9,700,21.000000,0.000000,0,0,109422797,1363,0,1363,-77,0,29,11
9,700,21.000000,0.000000,0,0,109422799,1363,0,1363,-77,0,29,11
9,700,21.000000,0.000000,0,0,109422802,1362,0,1362,-77,0,29,11
9,700,21.000000,0.000000,0,0,109422805,1362,0,1362,-77,0,29,11
9,700,21.000000,0.000000,0,0,109422808,1362,0,1362,-77,0,29,11
9,700,21.000000,0.000000,0,0,109422811,1362,0,1362,-77,0,29,11
9,700,21.000000,0.000000,0,0,109422813,1362,0,1362,-77,0,29,11
9,700,21.000000,0.000000,0,0,109422817,1362,0,1362,-77,0,29,11
9,700,21.000000,0.000000,0,0,109422819,1362,0,1362,-77,0,29,11
9,700,21.000000,0.000000,0,0,109422822,1362,0,1362,-77,0,29,11
9,700,21.000000,0.000000,0,0,109422825,1362,0,1362,-77,0,29,11
9,700,21.000000,0.000000,0,0,109422827,1361,0,1361,-77,0,29,11
9,700,21.000000,0.000000,0,0,109422830,1360,0,1360,-77,0,29,11
9,700,21.000000,0.000000,0,0,109422833,1360,0,1360,-77,0,29,11
9,700,21.000000,0.000000,0,0,109422836,1360,0,1360,-77,0,29,11
9,700,21.000000,0.000000,0,0,109422838,1360,0,1360,-77,0,29,11
9,700,21.000000,0.000000,0,0,109422841,1359,0,1359,-77,0,29,11
9,700,21.000000,0.000000,0,0,109422844,1358,0,1358,-77,0,29,11
9,700,21.000000,0.000000,0,0,109422847,1357,0,1357,-77,0,29,11
9,700,21.000000,0.000000,0,0,109422850,1356,0,1356,-77,0,29,11
9,700,21.000000,0.000000,0,0,109422852,1354,0,1354,-77,0,29,11
9,700,21.000000,0.000000,0,0,109422855,1353,0,1353,-77,0,29,11
9,700,21.000000,0.000000,0,0,109422858,1352,0,1352,-77,0,29,11
9,700,21.000000,0.000000,0,0,109422861,1351,0,1351,-77,0,29,11
9,700,21.000000,0.000000,0,0,109422863,1350,0,1350,-77,0,29,11
9,700,21.000000,0.000000,0,0,109422866,1349,0,1349,-78,0,29,11
9,700,21.000000,0.000000,0,0,109422869,1348,0,1348,-79,0,29,11
9,700,21.000000,0.000000,0,0,109422872,1345,0,1345,-80,0,29,11
9,700,21.000000,0.000000,0,0,109422875,1343,0,1343,-80,0,29,11
9,700,21.000000,0.000000,0,0,109422877,1343,0,1343,-80,0,29,11
9,700,21.000000,0.000000,0,0,109422880,1342,0,1342,-80,0,29,11
9,700,21.000000,0.000000,0,0,109422883,1341,0,1341,-81,0,29,11
9,700,21.000000,0.000000,0,0,109422886,1340,0,1340,-82,0,29,11
9,700,21.000000,0.000000,0,0,109422889,1339,0,1339,-82,0,29,11
9,700,21.000000,0.000000,0,0,109422891,1338,0,1338,-82,0,29,11
9,700,21.000000,0.000000,0,0,109422894,1336,0,1336,-82,0,29,11
9,700,21.000000,0.000000,0,0,109422897,1336,0,1336,-82,0,29,11
9,700,21.000000,0.000000,0,0,109422900,1336,0,1336,-82,0,29,11
9,700,21.000000,0.000000,0,0,109422903,1335,0,1335,-82,0,29,11
9,700,21.000000,0.000000,0,0,109422905,1334,0,1334,-82,0,29,11
9,700,21.000000,0.000000,0,0,109422908,1333,0,1333,-82,0,29,11
9,700,21.000000,0.000000,0,0,109422911,1332,0,1332,-82,0,29,11
9,700,21.000000,0.000000,0,0,109422914,1330,0,1330,-82,0,29,11
9,700,21.000000,0.000000,0,0,109422916,1329,0,1329,-82,0,29,11
9,700,21.000000,0.000000,0,0,109422919,1327,0,1327,-82,0,29,11
9,700,21.000000,0.000000,0,0,109422922,1326,0,1326,-82,0,29,11
9,700,21.000000,0.000000,0,0,109422925,1324,0,1324,-82,0,29,11
9,700,21.000000,0.000000,0,0,109422928,1322,0,1322,-82,0,29,11
9,700,21.000000,0.000000,0,0,109422930,1321,0,1321,-82,0,29,11
9,700,21.000000,0.000000,0,0,109422933,1319,0,1319,-82,0,29,11
9,700,21.000000,0.000000,0,0,109422936,1317,0,1317,-82,0,29,11
9,700,21.000000,0.000000,0,0,109422939,1317,0,1317,-83,0,29,11
9,700,21.000000,0.000000,0,0,109422941,1315,0,1315,-83,0,29,11
9,700,21.000000,0.000000,0,0,109422944,1314,0,1314,-83,0,29,11
9,700,21.000000,0.000000,0,0,109422947,1313,0,1313,-83,0,29,11
9,700,21.000000,0.000000,0,0,109422950,1310,0,1310,-83,0,29,11
9,700,21.000000,0.000000,0,0,109422953,1309,0,1309,-83,0,29,11
9,700,21.000000,0.000000,0,0,109422955,1307,0,1307,-83,0,29,11
9,700,21.000000,0.000000,0,0,109422958,1302,0,1302,-83,0,29,11
9,700,21.000000,0.000000,0,0,109422961,1302,0,1302,-83,0,29,11
9,700,21.000000,0.000000,0,0,109422964,1302,0,1302,-83,0,29,11
9,700,21.000000,0.000000,0,0,109422967,1302,0,1302,-84,0,29,11
9,700,21.000000,0.000000,0,0,109422969,1302,0,1302,-85,0,29,11
9,700,21.000000,0.000000,0,0,109422972,1302,0,1302,-85,0,29,11
9,700,21.000000,0.000000,0,0,109422975,1302,0,1302,-85,0,29,11
9,700,21.000000,0.000000,0,0,109422978,1302,0,1302,-85,0,29,11
9,700,21.000000,0.000000,0,0,109422980,1302,0,1302,-85,0,29,11
9,700,21.000000,0.000000,0,0,109422983,1302,0,1302,-85,0,29,11
9,700,21.000000,0.000000,0,0,109422986,1301,0,1301,-85,0,29,11
9,700,21.000000,0.000000,0,0,109422989,1300,0,1300,-85,0,29,11
9,700,21.000000,0.000000,0,0,109422992,1300,0,1300,-85,0,29,11
9,700,21.000000,0.000000,0,0,109422994,1300,0,1300,-85,0,29,11
9,700,21.000000,0.000000,0,0,109422997,1300,0,1300,-85,0,29,11
9,700,21.000000,0.000000,0,0,109423000,1300,0,1300,-85,0,29,11
9,700,21.000000,0.000000,0,0,109423002,1300,0,1300,-85,0,29,11
9,700,21.000000,0.000000,0,0,109423005,1300,0,1300,-85,0,29,11
9,700,21.000000,0.000000,0,0,109423008,1300,0,1300,-85,0,29,11
9,700,21.000000,0.000000,0,0,109423011,1300,0,1300,-85,0,29,11
9,700,21.000000,0.000000,0,0,109423014,1300,0,1300,-85,0,29,11
9,700,21.000000,0.000000,0,0,109423016,1300,0,1300,-85,0,29,11
9,700,21.000000,0.000000,0,0,109423019,1300,0,1300,-85,0,29,11
9,700,21.000000,0.000000,0,0,109423022,1300,0,1300,-85,0,29,11
9,700,21.000000,0.000000,0,0,109423025,1300,0,1300,-85,0,29,11
9,700,21.000000,0.000000,0,0,109423028,1300,0,1300,-85,0,29,11
9,700,21.000000,0.000000,0,0,109423031,1300,0,1300,-85,0,29,11
9,700,21.000000,0.000000,0,0,109423033,1300,0,1300,-85,0,29,11
9,700,21.000000,0.000000,0,0,109423036,1300,0,1300,-85,0,29,11
9,700,21.000000,0.000000,0,0,109423039,1300,0,1300,-85,0,29,11
9,700,21.000000,0.000000,0,0,109423042,1300,0,1300,-85,0,29,11
9,700,21.000000,0.000000,0,0,109423044,1300,0,1300,-85,0,29,11
9,700,21.000000,0.000000,0,0,109423047,1300,0,1300,-85,0,29,11
9,700,21.000000,0.000000,0,0,109423050,1300,0,1300,-85,0,29,11
9,700,21.000000,0.000000,0,0,109423053,1300,0,1300,-85,0,29,11
9,700,21.000000,0.000000,0,0,109423056,1300,0,1300,-85,0,29,11
9,700,21.000000,0.000000,0,0,109423058,1300,0,1300,-85,0,29,11
9,700,21.000000,0.000000,0,0,109423061,1300,0,1300,-85,0,29,11
9,700,21.000000,0.000000,0,0,109423064,1300,0,1300,-85,0,29,11
9,700,21.000000,0.000000,0,0,109423066,1300,0,1300,-85,0,29,11
9,700,21.000000,0.000000,0,0,109423069,1300,0,1300,-85,0,29,11
9,700,21.000000,0.000000,0,0,109423072,1300,0,1300,-85,0,29,11
9,700,21.000000,0.000000,0,0,109423075,1300,0,1300,-85,0,29,11
9,700,21.000000,0.000000,0,0,109423078,1300,0,1300,-85,0,29,11
9,700,21.000000,0.000000,0,0,109423080,1300,0,1300,-85,0,29,11
9,700,21.000000,0.000000,0,0,109423083,1300,0,1300,-85,0,29,11
9,700,21.000000,0.000000,0,0,109423086,1300,0,1300,-85,0,29,11
9,700,21.000000,0.000000,0,0,109423089,1300,0,1300,-85,0,29,11
9,700,21.000000,0.000000,0,0,109423092,1300,0,1300,-85,0,29,11
9,700,21.000000,0.000000,0,0,109423094,1300,0,1300,-85,0,29,11
9,700,21.000000,0.000000,0,0,109423097,1300,0,1300,-85,0,29,11
9,700,21.000000,0.000000,0,0,109423100,1300,0,1300,-85,0,29,11
9,700,21.000000,0.000000,0,0,109423103,1300,0,1300,-85,0,29,11
9,700,21.000000,0.000000,0,0,109423106,1300,0,1300,-85,0,29,11
9,700,21.000000,0.000000,0,0,109423108,1300,0,1300,-85,0,29,11
9,700,21.000000,0.000000,0,0,109423111,1300,0,1300,-85,0,29,11
9,700,21.000000,0.000000,0,0,109423114,1300,0,1300,-85,0,29,11
9,700,21.000000,0.000000,0,0,109423117,1300,0,1300,-85,0,29,11
9,700,21.000000,0.000000,0,0,109423119,1300,0,1300,-85,0,29,11
9,700,21.000000,0.000000,0,0,109423122,1300,0,1300,-85,0,29,11
9,700,21.000000,0.000000,0,0,109423125,1300,0,1300,-85,0,29,11
9,700,21.000000,0.000000,0,0,109423128,1300,0,1300,-85,0,29,11
9,700,21.000000,0.000000,0,0,109423130,1300,0,1300,-85,0,29,11
9,700,21.000000,0.000000,0,0,109423133,1300,0,1300,-85,0,29,11
9,700,21.000000,0.000000,0,0,109423136,1300,0,1300,-85,0,29,11
9,700,21.000000,0.000000,0,0,109423139,1300,0,1300,-85,0,29,11
9,700,21.000000,0.000000,0,0,109423142,1300,0,1300,-85,0,29,11
9,700,21.000000,0.000000,0,0,109423144,1300,0,1300,-85,0,29,11
9,700,21.000000,0.000000,0,0,109423147,1300,0,1300,-85,0,29,11
9,700,21.000000,0.000000,0,0,109423150,1300,0,1300,-85,0,29,11
9,700,21.000000,0.000000,0,0,109423153,1300,0,1300,-85,0,29,11
9,700,21.000000,0.000000,0,0,109423156,1300,0,1300,-85,0,29,11
9,700,21.000000,0.000000,0,0,109423158,1300,0,1300,-85,0,29,11
9,700,21.000000,0.000000,0,0,109423161,1300,0,1300,-85,0,29,11
9,700,21.000000,0.000000,0,0,109423164,1300,0,1300,-85,0,29,11
9,700,21.000000,0.000000,0,0,109423167,1300,0,1300,-85,0,29,11
9,700,21.000000,0.000000,0,0,109423169,1300,0,1300,-85,0,29,11
9,700,21.000000,0.000000,0,0,109423172,1300,0,1300,-85,0,29,11
9,700,21.000000,0.000000,0,0,109423175,1300,0,1300,-85,0,29,11
9,700,21.000000,0.000000,0,0,109423178,1300,0,1300,-85,0,29,11
9,700,21.000000,0.000000,0,0,109423181,1300,0,1300,-85,0,29,11
9,700,21.000000,0.000000,0,0,109423183,1300,0,1300,-85,0,29,11
9,700,21.000000,0.000000,0,0,109423186,1300,0,1300,-85,0,29,11
9,700,21.000000,0.000000,0,0,109423189,1300,0,1300,-85,0,29,11
9,700,21.000000,0.000000,0,0,109423191,1300,0,1300,-85,0,29,11
9,700,21.000000,0.000000,0,0,109423194,1300,0,1300,-85,0,29,11
9,700,21.000000,0.000000,0,0,109423197,1300,0,1300,-85,0,29,11
9,700,21.000000,0.000000,0,0,109423200,1300,0,1300,-85,0,29,11
9,700,21.000000,0.000000,0,0,109423203,1300,0,1300,-85,0,29,11
9,700,21.000000,0.000000,0,0,109423206,1300,0,1300,-85,0,29,11
9,700,21.000000,0.000000,0,0,109423208,1300,0,1300,-85,0,29,11
9,700,21.000000,0.000000,0,0,109423211,1300,0,1300,-85,0,29,11
9,700,21.000000,0.000000,0,0,109423214,1300,0,1300,-85,0,29,11
9,700,21.000000,0.000000,0,0,109423217,1300,0,1300,-85,0,29,11
9,700,21.000000,0.000000,0,0,109423220,1300,0,1300,-85,0,29,11
9,700,21.000000,0.000000,0,0,109423222,1300,0,1300,-85,0,29,11
9,700,21.000000,0.000000,0,0,109423225,1300,0,1300,-85,0,29,11
9,700,21.000000,0.000000,0,0,109423228,1300,0,1300,-85,0,29,11
9,700,21.000000,0.000000,0,0,109423230,1300,0,1300,-85,0,29,11
9,700,21.000000,0.000000,0,0,109423233,1300,0,1300,-85,0,29,11
9,700,21.000000,0.000000,0,0,109423236,1300,0,1300,-85,0,29,11
9,700,21.000000,0.000000,0,0,109423239,1300,0,1300,-85,0,29,11
9,700,21.000000,0.000000,0,0,109423242,1300,0,1300,-85,0,29,11
9,700,21.000000,0.000000,0,0,109423244,1300,0,1300,-85,0,29,11
9,700,21.000000,0.000000,0,0,109423247,1300,0,1300,-85,0,29,11
9,700,21.000000,0.000000,0,0,109423250,1300,0,1300,-85,0,29,11
9,700,21.000000,0.000000,0,0,109423253,1300,0,1300,-85,0,29,11
9,700,21.000000,0.000000,0,0,109423256,1300,0,1300,-86,0,29,11
9,700,21.000000,0.000000,0,0,109423258,1301,0,1301,-86,0,29,11
9,700,21.000000,0.000000,0,0,109423261,1302,0,1302,-86,0,29,11
9,700,21.000000,0.000000,0,0,109423264,1302,0,1302,-86,0,29,11
9,700,21.000000,0.000000,0,0,109423267,1303,0,1303,-86,0,29,11
9,700,21.000000,0.000000,0,0,109423270,1304,0,1304,-86,0,29,11
9,700,21.000000,0.000000,0,0,109423272,1305,0,1305,-86,0,29,11
9,700,21.000000,0.000000,0,0,109423275,1305,0,1305,-87,0,29,11
9,700,21.000000,0.000000,0,0,109423278,1306,0,1306,-87,0,29,11
9,700,21.000000,0.000000,0,0,109423281,1306,0,1306,-88,0,29,11
9,700,21.000000,0.000000,0,0,109423284,1306,0,1306,-89,0,29,11
9,700,21.000000,0.000000,0,0,109423286,1306,0,1306,-89,0,29,11
9,700,21.000000,0.000000,0,0,109423289,1306,0,1306,-90,0,29,11
9,700,21.000000,0.000000,0,0,109423292,1306,0,1306,-91,0,29,11
9,700,21.000000,0.000000,0,0,109423295,1306,0,1306,-91,0,29,11
9,700,21.000000,0.000000,0,0,109423297,1306,0,1306,-91,0,29,11
9,700,21.000000,0.000000,0,0,109423300,1306,0,1306,-91,0,29,11
9,700,21.000000,0.000000,0,0,109423303,1306,0,1306,-91,0,29,11
9,700,21.000000,0.000000,0,0,109423306,1306,0,1306,-91,0,29,11
9,700,21.000000,0.000000,0,0,109423309,1307,0,1307,-91,0,29,11
9,700,21.000000,0.000000,0,0,109423311,1307,0,1307,-92,0,29,11
9,700,21.000000,0.000000,0,0,109423314,1307,0,1307,-93,0,29,11
9,700,21.000000,0.000000,0,0,109423317,1307,0,1307,-93,0,29,11
9,700,21.000000,0.000000,0,0,109423319,1308,0,1308,-93,0,29,11
9,700,21.000000,0.000000,0,0,109423322,1309,0,1309,-93,0,29,11
9,700,21.000000,0.000000,0,0,109423325,1309,0,1309,-93,0,29,11
9,700,21.000000,0.000000,0,0,109423328,1309,0,1309,-93,0,29,11
9,700,21.000000,0.000000,0,0,109423330,1309,0,1309,-93,0,29,11
9,700,21.000000,0.000000,0,0,109423333,1309,0,1309,-93,0,29,11
9,700,21.000000,0.000000,0,0,109423336,1309,0,1309,-93,0,29,11
9,700,21.000000,0.000000,0,0,109423339,1310,0,1310,-93,0,29,11
9,700,21.000000,0.000000,0,0,109423342,1311,0,1311,-93,0,29,11
9,700,21.000000,0.000000,0,0,109423344,1311,0,1311,-94,0,29,11
9,700,21.000000,0.000000,0,0,109423347,1311,0,1311,-95,0,29,11
9,700,21.000000,0.000000,0,0,109423350,1312,0,1312,-95,0,29,11
9,700,21.000000,0.000000,0,0,109423353,1312,0,1312,-95,0,29,11
9,700,21.000000,0.000000,0,0,109423356,1313,0,1313,-95,0,29,11
9,700,21.000000,0.000000,0,0,109423358,1314,0,1314,-95,0,29,11
9,700,21.000000,0.000000,0,0,109423361,1316,0,1316,-95,0,29,11
9,700,21.000000,0.000000,0,0,109423364,1318,0,1318,-95,0,29,11
9,700,21.000000,0.000000,0,0,109423367,1319,0,1319,-97,0,29,11
9,700,21.000000,0.000000,0,0,109423370,1320,0,1320,-99,0,29,11
9,700,21.000000,0.000000,0,0,109423372,1320,0,1320,-99,0,29,11
9,700,21.000000,0.000000,0,0,109423375,1320,0,1320,-99,0,29,11
9,700,21.000000,0.000000,0,0,109423378,1320,0,1320,-99,0,29,11
9,700,21.000000,0.000000,0,0,109423381,1320,0,1320,-99,0,29,11
9,700,21.000000,0.000000,0,0,109423384,1320,0,1320,-99,0,29,11
9,700,21.000000,0.000000,0,0,109423386,1320,0,1320,-99,0,29,11
9,700,21.000000,0.000000,0,0,109423389,1320,0,1320,-99,0,29,11
9,700,21.000000,0.000000,0,0,109423392,1320,0,1320,-99,0,29,11
9,700,21.000000,0.000000,0,0,109423395,1320,0,1320,-99,0,29,11
9,700,21.000000,0.000000,0,0,109423397,1320,0,1320,-99,0,29,11
9,700,21.000000,0.000000,0,0,109423400,1320,0,1320,-99,0,29,11
9,700,21.000000,0.000000,0,0,109423403,1320,0,1320,-99,0,29,11
9,700,21.000000,0.000000,0,0,109423406,1320,0,1320,-99,0,29,11
9,700,21.000000,0.000000,0,0,109423408,1320,0,1320,-99,0,29,11
9,700,21.000000,0.000000,0,0,109423411,1320,0,1320,-99,0,29,11
9,700,21.000000,0.000000,0,0,109423414,1320,0,1320,-99,0,29,11
9,700,21.000000,0.000000,0,0,109423417,1320,0,1320,-99,0,29,11
9,700,21.000000,0.000000,0,0,109423420,1320,0,1320,-99,0,29,11
9,700,21.000000,0.000000,0,0,109423422,1320,0,1320,-99,0,29,11
9,700,21.000000,0.000000,0,0,109423425,1320,0,1320,-99,0,29,11
9,700,21.000000,0.000000,0,0,109423428,1320,0,1320,-99,0,29,11
9,700,21.000000,0.000000,0,0,109423431,1320,0,1320,-99,0,29,11
9,700,21.000000,0.000000,0,0,109423434,1320,0,1320,-99,0,29,11
9,700,21.000000,0.000000,0,0,109423436,1320,0,1320,-99,0,29,11
9,700,21.000000,0.000000,0,0,109423439,1320,0,1320,-99,0,29,11
9,700,21.000000,0.000000,0,0,109423442,1320,0,1320,-99,0,29,11
9,700,21.000000,0.000000,0,0,109423445,1320,0,1320,-99,0,29,11
9,700,21.000000,0.000000,0,0,109423447,1320,0,1320,-99,0,29,11
9,700,21.000000,0.000000,0,0,109423450,1320,0,1320,-99,0,29,11
9,700,21.000000,0.000000,0,0,109423453,1320,0,1320,-99,0,29,11
9,700,21.000000,0.000000,0,0,109423456,1320,0,1320,-99,0,29,11
9,700,21.000000,0.000000,0,0,109423458,1320,0,1320,-99,0,29,11
9,700,21.000000,0.000000,0,0,109423472,1320,0,1320,-99,0,29,11
