9,700,80.500000,42.000000,2,0,1577812366,615,0,615,0,0,49,11
9,700,80.500000,42.000000,2,0,1577812367,615,0,615,0,0,49,11
9,700,80.500000,42.000000,2,0,1577812370,615,0,615,0,0,49,11
9,700,80.500000,42.000000,2,0,1577812372,615,0,615,0,0,49,11
9,700,80.500000,42.000000,2,0,1577812375,615,0,615,0,0,49,11
9,700,80.500000,42.000000,2,0,1577812378,615,0,615,0,0,49,11
9,700,80.500000,42.000000,2,0,1577812381,615,0,615,0,0,49,11
9,700,80.500000,42.000000,2,0,1577812383,615,0,615,0,0,49,11
9,700,80.500000,42.000000,2,0,1577812386,615,0,615,0,0,49,11
9,700,80.500000,42.000000,2,0,1577812389,615,0,615,0,0,49,11
9,700,80.500000,42.000000,2,0,1577812392,615,0,615,0,0,49,11
9,700,80.500000,42.000000,2,0,1577812394,615,0,615,0,0,49,11
9,700,80.500000,42.000000,2,0,1577812397,615,0,615,0,0,49,11
9,700,80.500000,42.000000,2,0,1577812400,615,0,615,0,0,49,11
9,700,80.500000,42.000000,2,0,1577812403,615,0,615,0,0,49,11
9,700,80.500000,42.000000,2,0,1577812405,615,0,615,0,0,49,11
9,700,80.500000,42.000000,2,0,1577812408,615,0,615,0,0,49,11
9,700,80.500000,42.000000,2,0,1577812411,615,0,615,0,0,49,11
9,700,80.500000,42.000000,2,0,1577812414,615,0,615,0,0,49,11
9,700,80.500000,42.000000,2,0,1577812417,615,0,615,0,0,49,11
9,700,80.500000,42.000000,2,0,1577812420,615,0,615,0,0,49,11
9,700,80.500000,42.000000,2,0,1577812422,615,0,615,0,0,49,11
9,700,80.500000,42.000000,2,0,1577812425,615,0,615,0,0,49,11
9,700,80.500000,42.000000,2,0,1577812428,616,0,616,0,0,49,11
9,700,80.500000,42.000000,2,0,1577812431,617,0,617,0,0,49,11
9,700,80.500000,42.000000,2,0,1577812433,619,1,619,1,0,49,11
9,700,80.500000,42.000000,2,0,1577812436,621,2,621,2,0,49,11
9,700,80.500000,42.000000,2,0,1577812439,623,4,623,4,0,49,11
9,700,80.500000,42.000000,2,0,1577812441,624,5,624,5,0,49,11
9,700,80.500000,42.000000,2,0,1577812444,625,6,625,6,0,49,11
9,700,80.500000,42.000000,2,0,1577812447,629,11,629,11,0,49,11
9,700,80.500000,42.000000,2,0,1577812450,634,15,634,15,0,49,11
9,700,80.500000,42.000000,2,0,1577812453,638,19,638,19,0,49,11
9,700,80.500000,42.000000,2,0,1577812455,642,25,642,25,0,49,11
9,700,80.500000,42.000000,2,0,1577812458,646,29,646,29,0,49,11
9,700,80.500000,42.000000,2,0,1577812461,652,38,652,38,0,49,11
9,700,80.500000,42.000000,2,0,1577812464,659,44,659,44,0,49,11
9,700,80.500000,42.000000,2,0,1577812467,664,52,664,52,0,49,11
9,700,80.500000,42.000000,2,0,1577812469,676,63,676,63,0,49,11
9,700,80.500000,42.000000,2,0,1577812472,685,72,685,72,0,49,11
9,700,80.500000,42.000000,2,0,1577812475,694,82,694,82,0,49,11
9,700,80.500000,42.000000,2,0,1577812478,710,97,710,97,0,49,11
9,700,80.500000,42.000000,2,0,1577812481,727,112,727,112,0,49,11
9,700,80.500000,42.000000,2,0,1577812484,741,127,741,127,0,49,11
9,700,80.500000,42.000000,2,0,1577812487,756,139,756,139,0,49,11
9,700,80.500000,42.000000,2,0,1577812490,771,153,771,153,0,49,11
9,700,80.500000,42.000000,2,0,1577812492,793,169,793,169,0,49,11
9,700,80.500000,42.000000,2,0,1577812495,811,186,811,186,0,49,11
9,700,80.500000,42.000000,2,0,1577812498,825,196,825,196,0,49,11
9,700,80.500000,42.000000,2,0,1577812501,846,210,846,210,0,49,11
9,700,80.500000,42.000000,2,0,1577812504,867,220,867,220,0,49,11
9,700,80.500000,42.000000,2,0,1577812506,889,236,889,236,0,49,11
9,700,80.500000,42.000000,2,0,1577812509,913,251,913,251,0,49,11
9,700,80.500000,42.000000,2,0,1577812512,941,262,941,262,0,49,11
9,700,80.500000,42.000000,2,0,1577812514,966,272,966,272,0,49,11
9,700,80.500000,42.000000,2,0,1577812517,992,283,992,283,0,49,11
9,700,80.500000,42.000000,2,0,1577812520,1014,290,1014,290,0,49,11
9,700,80.500000,42.000000,2,0,1577812523,1042,298,1042,298,0,49,11
9,700,80.500000,42.000000,2,0,1577812526,1060,302,1060,302,0,49,11
9,700,80.500000,42.000000,2,0,1577812528,1080,303,1080,303,0,49,11
9,700,80.500000,42.000000,2,0,1577812531,1099,303,1099,303,0,49,11
9,700,80.500000,42.000000,2,0,1577812534,1118,303,1118,303,0,49,11
9,700,80.500000,42.000000,2,0,1577812537,1137,303,1137,303,0,49,11
9,700,80.500000,42.000000,2,0,1577812540,1154,303,1154,303,0,49,11
9,700,80.500000,42.000000,2,0,1577812542,1172,301,1172,301,0,49,11
9,700,80.500000,42.000000,2,0,1577812545,1186,298,1186,298,0,49,11
9,700,80.500000,42.000000,2,0,1577812548,1198,294,1198,294,0,49,11
9,700,80.500000,42.000000,2,0,1577812550,1198,294,1198,294,0,49,11
9,700,80.500000,42.000000,2,0,1577812553,1216,288,1216,288,0,49,11
9,700,80.500000,42.000000,2,0,1577812556,1227,281,1227,281,0,49,11
9,700,80.500000,42.000000,2,0,1577812559,1238,274,1238,274,0,49,11
9,700,80.500000,42.000000,2,0,1577812561,1251,266,1251,266,0,49,11
9,700,80.500000,42.000000,2,0,1577812564,1264,259,1264,259,0,49,11
9,700,80.500000,42.000000,2,0,1577812567,1274,251,1274,251,0,49,11
9,700,80.500000,42.000000,2,0,1577812570,1287,243,1287,243,0,49,11
9,700,80.500000,42.000000,2,0,1577812573,1308,231,1308,231,0,49,11
9,700,80.500000,42.000000,2,0,1577812576,1315,225,1315,225,0,49,11
9,700,80.500000,42.000000,2,0,1577812579,1326,218,1326,218,0,49,11
9,700,80.500000,42.000000,2,0,1577812581,1332,210,1332,210,0,49,11
9,700,80.500000,42.000000,2,0,1577812584,1340,203,1340,203,0,49,11
9,700,80.500000,42.000000,2,0,1577812587,1349,196,1349,196,0,49,11
9,700,80.500000,42.000000,2,0,1577812589,1355,186,1355,186,0,49,11
9,700,80.500000,42.000000,2,0,1577812592,1361,176,1361,176,0,49,11
9,700,80.500000,42.000000,2,0,1577812595,1365,169,1365,169,0,49,11
9,700,80.500000,42.000000,2,0,1577812598,1372,162,1372,162,0,49,11
9,700,80.500000,42.000000,2,0,1577812601,1375,151,1375,151,0,49,11
9,700,80.500000,42.000000,2,0,1577812604,1379,142,1379,142,0,49,11
9,700,80.500000,42.000000,2,0,1577812606,1388,125,1388,125,0,49,11
9,700,80.500000,42.000000,2,0,1577812609,1392,113,1392,113,0,49,11
9,700,80.500000,42.000000,2,0,1577812612,1398,102,1398,102,0,49,11
9,700,80.500000,42.000000,2,0,1577812615,1402,91,1402,91,0,49,11
9,700,80.500000,42.000000,2,0,1577812617,1409,73,1409,73,0,49,11
9,700,80.500000,42.000000,2,0,1577812620,1412,64,1412,64,0,49,11
9,700,80.500000,42.000000,2,0,1577812623,1416,47,1416,47,0,49,11
9,700,80.500000,42.000000,2,0,1577812626,1423,36,1423,36,0,49,11
9,700,80.500000,42.000000,2,0,1577812629,1423,36,1423,36,0,49,11
9,700,80.500000,42.000000,2,0,1577812632,1427,20,1427,20,0,49,11
9,700,80.500000,42.000000,2,0,1577812635,1432,0,1432,0,0,49,11
9,700,80.500000,42.000000,2,0,1577812638,1438,0,1438,-22,0,49,11
9,700,80.500000,42.000000,2,0,1577812641,1445,0,1445,-39,0,49,11
9,700,80.500000,42.000000,2,0,1577812643,1452,0,1452,-59,0,49,11
9,700,80.500000,42.000000,2,0,1577812646,1458,0,1458,-73,0,49,11
9,700,80.500000,42.000000,2,0,1577812649,1463,0,1463,-87,0,49,11
9,700,80.500000,42.000000,2,0,1577812652,1468,0,1468,-98,0,49,11
9,700,80.500000,42.000000,2,0,1577812655,1472,0,1472,-110,0,49,11
9,700,80.500000,42.000000,2,0,1577812657,1475,0,1475,-123,0,49,11
9,700,80.500000,42.000000,2,0,1577812660,1480,0,1480,-132,0,49,11
9,700,80.500000,42.000000,2,0,1577812663,1483,0,1483,-140,0,49,11
9,700,80.500000,42.000000,2,0,1577812666,1485,0,1485,-149,0,49,11
9,700,80.500000,42.000000,2,0,1577812668,1486,0,1486,-157,0,49,11
9,700,80.500000,42.000000,2,0,1577812671,1488,0,1488,-162,0,49,11
9,700,80.500000,42.000000,2,0,1577812674,1490,0,1490,-165,0,49,11
9,700,80.500000,42.000000,2,0,1577812677,1490,0,1490,-171,0,49,11
9,700,80.500000,42.000000,2,0,1577812680,1491,0,1491,-173,0,49,11
9,700,80.500000,42.000000,2,0,1577812682,1491,0,1491,-177,0,49,11
9,700,80.500000,42.000000,2,0,1577812685,1491,0,1491,-180,0,49,11
9,700,80.500000,42.000000,2,0,1577812688,1491,0,1491,-183,0,49,11
9,700,80.500000,42.000000,2,0,1577812691,1491,0,1491,-185,0,49,11
9,700,80.500000,42.000000,2,0,1577812694,1490,0,1490,-188,0,49,11
9,700,80.500000,42.000000,2,0,1577812697,1489,0,1489,-191,0,49,11
9,700,80.500000,42.000000,2,0,1577812700,1488,0,1488,-193,0,49,11
9,700,80.500000,42.000000,2,0,1577812703,1488,0,1488,-194,0,49,11
9,700,80.500000,42.000000,2,0,1577812706,1487,0,1487,-195,0,49,11
9,700,80.500000,42.000000,2,0,1577812708,1487,0,1487,-196,0,49,11
9,700,80.500000,42.000000,2,0,1577812711,1486,0,1486,-197,0,49,11
9,700,80.500000,42.000000,2,0,1577812714,1485,0,1485,-197,0,49,11
9,700,80.500000,42.000000,2,0,1577812717,1484,0,1484,-198,0,49,11
9,700,80.500000,42.000000,2,0,1577812720,1484,0,1484,-199,0,49,11
9,700,80.500000,42.000000,2,0,1577812722,1482,0,1482,-200,0,49,11
9,700,80.500000,42.000000,2,0,1577812725,1480,0,1480,-202,0,49,11
9,700,80.500000,42.000000,2,0,1577812728,1479,0,1479,-202,0,49,11
9,700,80.500000,42.000000,2,0,1577812731,1478,0,1478,-204,0,49,11
9,700,80.500000,42.000000,2,0,1577812733,1478,0,1478,-204,0,49,11
9,700,80.500000,42.000000,2,0,1577812736,1478,0,1478,-204,0,49,11
9,700,80.500000,42.000000,2,0,1577812739,1477,0,1477,-205,0,49,11
9,700,80.500000,42.000000,2,0,1577812742,1476,0,1476,-206,0,49,11
9,700,80.500000,42.000000,2,0,1577812745,1475,0,1475,-206,0,49,11
9,700,80.500000,42.000000,2,0,1577812747,1474,0,1474,-207,0,49,11
9,700,80.500000,42.000000,2,0,1577812750,1473,0,1473,-207,0,49,11
9,700,80.500000,42.000000,2,0,1577812753,1471,0,1471,-207,0,49,11
9,700,80.500000,42.000000,2,0,1577812756,1470,0,1470,-207,0,49,11
9,700,80.500000,42.000000,2,0,1577812759,1468,0,1468,-207,0,49,11
9,700,80.500000,42.000000,2,0,1577812761,1465,0,1465,-207,0,49,11
9,700,80.500000,42.000000,2,0,1577812764,1464,0,1464,-207,0,49,11
9,700,80.500000,42.000000,2,0,1577812767,1462,0,1462,-207,0,49,11
9,700,80.500000,42.000000,2,0,1577812770,1459,0,1459,-207,0,49,11
9,700,80.500000,42.000000,2,0,1577812772,1451,0,1451,-207,0,49,11
9,700,80.500000,42.000000,2,0,1577812775,1448,0,1448,-207,0,49,11
9,700,80.500000,42.000000,2,0,1577812778,1445,0,1445,-207,0,49,11
9,700,80.500000,42.000000,2,0,1577812781,1442,0,1442,-207,0,49,11
9,700,80.500000,42.000000,2,0,1577812784,1438,0,1438,-207,0,49,11
9,700,80.500000,42.000000,2,0,1577812787,1433,0,1433,-207,0,49,11
9,700,80.500000,42.000000,2,0,1577812789,1431,0,1431,-207,0,49,11
9,700,80.500000,42.000000,2,0,1577812792,1427,0,1427,-207,0,49,11
9,700,80.500000,42.000000,2,0,1577812795,1424,0,1424,-207,0,49,11
9,700,80.500000,42.000000,2,0,1577812798,1422,0,1422,-207,0,49,11
9,700,80.500000,42.000000,2,0,1577812801,1418,0,1418,-207,0,49,11
9,700,80.500000,42.000000,2,0,1577812803,1416,0,1416,-207,0,49,11
9,700,80.500000,42.000000,2,0,1577812806,1414,0,1414,-208,0,49,11
9,700,80.500000,42.000000,2,0,1577812809,1411,0,1411,-210,0,49,11
9,700,80.500000,42.000000,2,0,1577812812,1409,0,1409,-211,0,49,11
9,700,80.500000,42.000000,2,0,1577812815,1406,0,1406,-212,0,49,11
9,700,80.500000,42.000000,2,0,1577812817,1404,0,1404,-213,0,49,11
9,700,80.500000,42.000000,2,0,1577812820,1402,0,1402,-213,0,49,11
9,700,80.500000,42.000000,2,0,1577812823,1399,0,1399,-214,0,49,11
9,700,80.500000,42.000000,2,0,1577812826,1395,0,1395,-216,0,49,11
9,700,80.500000,42.000000,2,0,1577812829,1393,0,1393,-217,0,49,11
9,700,80.500000,42.000000,2,0,1577812832,1390,0,1390,-219,0,49,11
9,700,80.500000,42.000000,2,0,1577812835,1388,0,1388,-222,0,49,11
9,700,80.500000,42.000000,2,0,1577812837,1386,0,1386,-223,0,49,11
9,700,80.500000,42.000000,2,0,1577812840,1383,0,1383,-223,0,49,11
9,700,80.500000,42.000000,2,0,1577812843,1382,0,1382,-223,0,49,11
9,700,80.500000,42.000000,2,0,1577812846,1379,0,1379,-225,0,49,11
9,700,80.500000,42.000000,2,0,1577812848,1373,0,1373,-228,0,49,11
9,700,80.500000,42.000000,2,0,1577812851,1373,0,1373,-230,0,49,11
9,700,80.500000,42.000000,2,0,1577812854,1368,0,1368,-231,0,49,11
9,700,80.500000,42.000000,2,0,1577812856,1365,0,1365,-232,0,49,11
9,700,80.500000,42.000000,2,0,1577812860,1362,0,1362,-235,0,49,11
9,700,80.500000,42.000000,2,0,1577812864,1359,0,1359,-236,0,49,11
9,700,80.500000,42.000000,2,0,1577812867,1353,0,1353,-240,0,49,11
9,700,80.500000,42.000000,2,0,1577812870,1351,0,1351,-242,0,49,11
9,700,80.500000,42.000000,2,0,1577812873,1350,0,1350,-244,0,49,11
9,700,80.500000,42.000000,2,0,1577812876,1347,0,1347,-246,0,49,11
9,700,80.500000,42.000000,2,0,1577812879,1343,0,1343,-247,0,49,11
9,700,80.500000,42.000000,2,0,1577812881,1340,0,1340,-249,0,49,11
9,700,80.500000,42.000000,2,0,1577812884,1337,0,1337,-250,0,49,11
9,700,80.500000,42.000000,2,0,1577812887,1335,0,1335,-250,0,49,11
9,700,80.500000,42.000000,2,0,1577812890,1333,0,1333,-252,0,49,11
9,700,80.500000,42.000000,2,0,1577812893,1331,0,1331,-253,0,49,11
9,700,80.500000,42.000000,2,0,1577812895,1329,0,1329,-254,0,49,11
9,700,80.500000,42.000000,2,0,1577812898,1328,0,1328,-255,0,49,11
9,700,80.500000,42.000000,2,0,1577812901,1327,0,1327,-256,0,49,11
9,700,80.500000,42.000000,2,0,1577812904,1325,0,1325,-257,0,49,11
9,700,80.500000,42.000000,2,0,1577812907,1322,0,1322,-260,0,49,11
9,700,80.500000,42.000000,2,0,1577812909,1321,0,1321,-262,0,49,11
9,700,80.500000,42.000000,2,0,1577812912,1319,0,1319,-263,0,49,11
9,700,80.500000,42.000000,2,0,1577812915,1319,0,1319,-264,0,49,11
9,700,80.500000,42.000000,2,0,1577812918,1317,0,1317,-266,0,49,11
9,700,80.500000,42.000000,2,0,1577812920,1316,0,1316,-268,0,49,11
9,700,80.500000,42.000000,2,0,1577812923,1315,0,1315,-270,0,49,11
9,700,80.500000,42.000000,2,0,1577812926,1313,0,1313,-272,0,49,11
9,700,80.500000,42.000000,2,0,1577812928,1312,0,1312,-274,0,49,11
9,700,80.500000,42.000000,2,0,1577812931,1311,0,1311,-275,0,49,11
9,700,80.500000,42.000000,2,0,1577812934,1311,0,1311,-277,0,49,11
9,700,80.500000,42.000000,2,0,1577812937,1311,0,1311,-278,0,49,11
9,700,80.500000,42.000000,2,0,1577812940,1310,0,1310,-281,0,49,11
9,700,80.500000,42.000000,2,0,1577812943,1310,0,1310,-283,0,49,11
9,700,80.500000,42.000000,2,0,1577812946,1309,0,1309,-283,0,49,11
9,700,80.500000,42.000000,2,0,1577812948,1308,0,1308,-285,0,49,11
9,700,80.500000,42.000000,2,0,1577812951,1307,0,1307,-287,0,49,11
9,700,80.500000,42.000000,2,0,1577812954,1307,0,1307,-287,0,49,11
9,700,80.500000,42.000000,2,0,1577812957,1307,0,1307,-288,0,49,11
9,700,80.500000,42.000000,2,0,1577812960,1307,0,1307,-288,0,49,11
9,700,80.500000,42.000000,2,0,1577812962,1307,0,1307,-289,0,49,11
9,700,80.500000,42.000000,2,0,1577812965,1307,0,1307,-289,0,49,11
9,700,80.500000,42.000000,2,0,1577812968,1307,0,1307,-290,0,49,11
9,700,80.500000,42.000000,2,0,1577812971,1307,0,1307,-290,0,49,11
9,700,80.500000,42.000000,2,0,1577812974,1306,0,1306,-291,0,49,11
9,700,80.500000,42.000000,2,0,1577812976,1306,0,1306,-291,0,49,11
9,700,80.500000,42.000000,2,0,1577812979,1306,0,1306,-291,0,49,11
9,700,80.500000,42.000000,2,0,1577812982,1306,0,1306,-292,0,49,11
9,700,80.500000,42.000000,2,0,1577812985,1306,0,1306,-292,0,49,11
9,700,80.500000,42.000000,2,0,1577812988,1306,0,1306,-292,0,49,11
9,700,80.500000,42.000000,2,0,1577812990,1306,0,1306,-292,0,49,11
9,700,80.500000,42.000000,2,0,1577812993,1306,0,1306,-292,0,49,11
9,700,80.500000,42.000000,2,0,1577812995,1306,0,1306,-292,0,49,11
9,700,80.500000,42.000000,2,0,1577812998,1306,0,1306,-292,0,49,11
9,700,80.500000,42.000000,2,0,1577813001,1306,0,1306,-292,0,49,11
9,700,80.500000,42.000000,2,0,1577813004,1306,0,1306,-292,0,49,11
9,700,80.500000,42.000000,2,0,1577813006,1306,0,1306,-292,0,49,11
9,700,80.500000,42.000000,2,0,1577813009,1306,0,1306,-292,0,49,11
9,700,80.500000,42.000000,2,0,1577813012,1306,0,1306,-292,0,49,11
9,700,80.500000,42.000000,2,0,1577813015,1306,0,1306,-292,0,49,11
9,700,80.500000,42.000000,2,0,1577813017,1306,0,1306,-292,0,49,11
9,700,80.500000,42.000000,2,0,1577813020,1306,0,1306,-292,0,49,11
9,700,80.500000,42.000000,2,0,1577813023,1306,0,1306,-292,0,49,11
9,700,80.500000,42.000000,2,0,1577813025,1306,0,1306,-292,0,49,11
9,700,80.500000,42.000000,2,0,1577813028,1306,0,1306,-292,0,49,11
9,700,80.500000,42.000000,2,0,1577813042,1306,0,1306,-292,0,49,11
