9,350,80.500000,10000.000000,2,0,1577992471,799,0,799,0,0,57,10
9,350,80.500000,10000.000000,2,0,1577992472,799,0,799,0,0,57,10
9,350,80.500000,10000.000000,2,0,1577992475,799,0,799,0,0,57,10
9,350,80.500000,10000.000000,2,0,1577992478,799,0,799,0,0,57,10
9,350,80.500000,10000.000000,2,0,1577992480,799,0,799,0,0,57,10
9,350,80.500000,10000.000000,2,0,1577992483,799,0,799,0,0,57,10
9,350,80.500000,10000.000000,2,0,1577992486,799,0,799,0,0,57,10
9,350,80.500000,10000.000000,2,0,1577992489,799,0,799,0,0,57,10
9,350,80.500000,10000.000000,2,0,1577992492,798,0,798,0,0,57,10
9,350,80.500000,10000.000000,2,0,1577992494,797,0,797,0,0,57,10
9,350,80.500000,10000.000000,2,0,1577992497,797,0,797,0,0,57,10
9,350,80.500000,10000.000000,2,0,1577992499,797,0,797,0,0,57,10
9,350,80.500000,10000.000000,2,0,1577992502,797,0,797,0,0,57,10
9,350,80.500000,10000.000000,2,0,1577992505,797,0,797,-1,0,57,10
9,350,80.500000,10000.000000,2,0,1577992508,797,0,797,-2,0,57,10
9,350,80.500000,10000.000000,2,0,1577992511,797,0,797,-2,0,57,10
9,350,80.500000,10000.000000,2,0,1577992513,797,0,797,-2,0,57,10
9,350,80.500000,10000.000000,2,0,1577992516,797,0,797,-2,0,57,10
9,350,80.500000,10000.000000,2,0,1577992519,797,0,797,-3,0,57,10
9,350,80.500000,10000.000000,2,0,1577992522,797,0,797,-4,0,57,10
9,350,80.500000,10000.000000,2,0,1577992525,796,0,796,-4,0,57,10
9,350,80.500000,10000.000000,2,0,1577992527,795,0,795,-4,0,57,10
9,350,80.500000,10000.000000,2,0,1577992530,795,0,795,-4,0,57,10
9,350,80.500000,10000.000000,2,0,1577992533,795,0,795,-4,0,57,10
9,350,80.500000,10000.000000,2,0,1577992536,795,0,795,-4,0,57,10
9,350,80.500000,10000.000000,2,0,1577992539,795,0,795,-4,0,57,10
9,350,80.500000,10000.000000,2,0,1577992541,795,0,795,-4,0,57,10
9,350,80.500000,10000.000000,2,0,1577992544,795,0,795,-4,0,57,10
9,350,80.500000,10000.000000,2,0,1577992547,796,0,796,-4,0,57,10
9,350,80.500000,10000.000000,2,0,1577992550,797,0,797,-4,0,57,10
9,350,80.500000,10000.000000,2,0,1577992553,798,0,798,-4,0,57,10
9,350,80.500000,10000.000000,2,0,1577992555,803,0,803,-4,0,57,10
9,350,80.500000,10000.000000,2,0,1577992558,805,0,805,-4,0,57,10
9,350,80.500000,10000.000000,2,0,1577992561,806,0,806,-4,0,57,10
9,350,80.500000,10000.000000,2,0,1577992564,810,0,810,-4,0,57,10
9,350,80.500000,10000.000000,2,0,1577992566,814,0,814,-4,0,57,10
9,350,80.500000,10000.000000,2,0,1577992569,818,0,818,-4,0,57,10
9,350,80.500000,10000.000000,2,0,1577992572,822,0,822,-4,0,57,10
9,350,80.500000,10000.000000,2,0,1577992575,830,0,830,-4,0,57,10
9,350,80.500000,10000.000000,2,0,1577992578,834,0,834,-4,0,57,10
9,350,80.500000,10000.000000,2,0,1577992581,845,0,845,-4,0,57,10
9,350,80.500000,10000.000000,2,0,1577992584,849,0,849,-4,0,57,10
9,350,80.500000,10000.000000,2,0,1577992587,862,1,862,-3,0,57,10
9,350,80.500000,10000.000000,2,0,1577992589,867,1,867,-3,0,57,10
9,350,80.500000,10000.000000,2,0,1577992592,873,1,873,-3,0,57,10
9,350,80.500000,10000.000000,2,0,1577992595,879,1,879,-3,0,57,10
9,350,80.500000,10000.000000,2,0,1577992598,883,2,883,-2,0,57,10
9,350,80.500000,10000.000000,2,0,1577992601,895,2,895,-2,0,57,10
9,350,80.500000,10000.000000,2,0,1577992604,902,2,902,-2,0,57,10
9,350,80.500000,10000.000000,2,0,1577992606,908,2,908,-2,0,57,10
9,350,80.500000,10000.000000,2,0,1577992609,914,1,914,-3,0,57,10
9,350,80.500000,10000.000000,2,0,1577992612,921,0,921,-4,0,57,10
9,350,80.500000,10000.000000,2,0,1577992615,926,0,926,-5,0,57,10
9,350,80.500000,10000.000000,2,0,1577992618,933,0,933,-6,0,57,10
9,350,80.500000,10000.000000,2,0,1577992620,940,0,940,-8,0,57,10
9,350,80.500000,10000.000000,2,0,1577992623,948,0,948,-8,0,57,10
9,350,80.500000,10000.000000,2,0,1577992626,954,0,954,-10,0,57,10
9,350,80.500000,10000.000000,2,0,1577992629,957,0,957,-12,0,57,10
9,350,80.500000,10000.000000,2,0,1577992632,961,0,961,-14,0,57,10
9,350,80.500000,10000.000000,2,0,1577992634,967,0,967,-16,0,57,10
9,350,80.500000,10000.000000,2,0,1577992637,973,0,973,-18,0,57,10
9,350,80.500000,10000.000000,2,0,1577992640,978,0,978,-20,0,57,10
9,350,80.500000,10000.000000,2,0,1577992643,984,0,984,-23,0,57,10
9,350,80.500000,10000.000000,2,0,1577992645,991,0,991,-26,0,57,10
9,350,80.500000,10000.000000,2,0,1577992648,996,0,996,-27,0,57,10
9,350,80.500000,10000.000000,2,0,1577992651,1000,0,1000,-29,0,57,10
9,350,80.500000,10000.000000,2,0,1577992654,1005,0,1005,-30,0,57,10
9,350,80.500000,10000.000000,2,0,1577992656,1009,0,1009,-33,0,57,10
9,350,80.500000,10000.000000,2,0,1577992659,1016,0,1016,-34,0,57,10
9,350,80.500000,10000.000000,2,0,1577992662,1018,0,1018,-36,0,57,10
9,350,80.500000,10000.000000,2,0,1577992665,1022,0,1022,-38,0,57,10
9,350,80.500000,10000.000000,2,0,1577992668,1025,0,1025,-39,0,57,10
9,350,80.500000,10000.000000,2,0,1577992671,1025,0,1025,-39,0,57,10
9,350,80.500000,10000.000000,2,0,1577992673,1027,0,1027,-39,0,57,10
9,350,80.500000,10000.000000,2,0,1577992676,1032,0,1032,-40,0,57,10
9,350,80.500000,10000.000000,2,0,1577992678,1034,0,1034,-40,0,57,10
9,350,80.500000,10000.000000,2,0,1577992681,1036,0,1036,-43,0,57,10
9,350,80.500000,10000.000000,2,0,1577992684,1039,0,1039,-44,0,57,10
9,350,80.500000,10000.000000,2,0,1577992686,1040,0,1040,-46,0,57,10
9,350,80.500000,10000.000000,2,0,1577992690,1043,0,1043,-46,0,57,10
9,350,80.500000,10000.000000,2,0,1577992693,1046,0,1046,-46,0,57,10
9,350,80.500000,10000.000000,2,0,1577992696,1049,0,1049,-47,0,57,10
9,350,80.500000,10000.000000,2,0,1577992699,1050,0,1050,-47,0,57,10
9,350,80.500000,10000.000000,2,0,1577992701,1050,0,1050,-48,0,57,10
9,350,80.500000,10000.000000,2,0,1577992704,1052,0,1052,-49,0,57,10
9,350,80.500000,10000.000000,2,0,1577992707,1053,0,1053,-50,0,57,10
9,350,80.500000,10000.000000,2,0,1577992710,1053,0,1053,-50,0,57,10
9,350,80.500000,10000.000000,2,0,1577992712,1053,0,1053,-50,0,57,10
9,350,80.500000,10000.000000,2,0,1577992715,1053,0,1053,-50,0,57,10
9,350,80.500000,10000.000000,2,0,1577992718,1053,0,1053,-50,0,57,10
9,350,80.500000,10000.000000,2,0,1577992721,1053,0,1053,-50,0,57,10
9,350,80.500000,10000.000000,2,0,1577992724,1053,0,1053,-51,0,57,10
9,350,80.500000,10000.000000,2,0,1577992726,1053,0,1053,-51,0,57,10
9,350,80.500000,10000.000000,2,0,1577992729,1053,0,1053,-51,0,57,10
9,350,80.500000,10000.000000,2,0,1577992732,1053,0,1053,-51,0,57,10
9,350,80.500000,10000.000000,2,0,1577992735,1053,0,1053,-51,0,57,10
9,350,80.500000,10000.000000,2,0,1577992737,1053,0,1053,-51,0,57,10
9,350,80.500000,10000.000000,2,0,1577992740,1053,0,1053,-51,0,57,10
9,350,80.500000,10000.000000,2,0,1577992743,1053,0,1053,-52,0,57,10
9,350,80.500000,10000.000000,2,0,1577992745,1054,0,1054,-52,0,57,10
9,350,80.500000,10000.000000,2,0,1577992748,1054,0,1054,-52,0,57,10
9,350,80.500000,10000.000000,2,0,1577992751,1055,0,1055,-53,0,57,10
9,350,80.500000,10000.000000,2,0,1577992754,1055,0,1055,-53,0,57,10
9,350,80.500000,10000.000000,2,0,1577992756,1056,0,1056,-54,0,57,10
9,350,80.500000,10000.000000,2,0,1577992759,1057,0,1057,-55,0,57,10
9,350,80.500000,10000.000000,2,0,1577992762,1057,0,1057,-55,0,57,10
9,350,80.500000,10000.000000,2,0,1577992765,1058,0,1058,-55,0,57,10
9,350,80.500000,10000.000000,2,0,1577992768,1059,0,1059,-56,0,57,10
9,350,80.500000,10000.000000,2,0,1577992770,1061,0,1061,-58,0,57,10
9,350,80.500000,10000.000000,2,0,1577992773,1062,0,1062,-58,0,57,10
9,350,80.500000,10000.000000,2,0,1577992776,1063,0,1063,-58,0,57,10
9,350,80.500000,10000.000000,2,0,1577992779,1063,0,1063,-59,0,57,10
9,350,80.500000,10000.000000,2,0,1577992782,1065,0,1065,-60,0,57,10
9,350,80.500000,10000.000000,2,0,1577992785,1066,0,1066,-60,0,57,10
9,350,80.500000,10000.000000,2,0,1577992787,1068,0,1068,-61,0,57,10
9,350,80.500000,10000.000000,2,0,1577992790,1068,0,1068,-62,0,57,10
9,350,80.500000,10000.000000,2,0,1577992793,1070,0,1070,-62,0,57,10
9,350,80.500000,10000.000000,2,0,1577992795,1070,0,1070,-62,0,57,10
9,350,80.500000,10000.000000,2,0,1577992798,1071,0,1071,-63,0,57,10
9,350,80.500000,10000.000000,2,0,1577992801,1072,0,1072,-63,0,57,10
9,350,80.500000,10000.000000,2,0,1577992804,1072,0,1072,-64,0,57,10
9,350,80.500000,10000.000000,2,0,1577992807,1073,0,1073,-65,0,57,10
9,350,80.500000,10000.000000,2,0,1577992809,1073,0,1073,-65,0,57,10
9,350,80.500000,10000.000000,2,0,1577992812,1074,0,1074,-65,0,57,10
9,350,80.500000,10000.000000,2,0,1577992815,1074,0,1074,-66,0,57,10
9,350,80.500000,10000.000000,2,0,1577992818,1074,0,1074,-66,0,57,10
9,350,80.500000,10000.000000,2,0,1577992820,1074,0,1074,-66,0,57,10
9,350,80.500000,10000.000000,2,0,1577992823,1074,0,1074,-66,0,57,10
9,350,80.500000,10000.000000,2,0,1577992826,1075,0,1075,-66,0,57,10
9,350,80.500000,10000.000000,2,0,1577992828,1075,0,1075,-66,0,57,10
9,350,80.500000,10000.000000,2,0,1577992831,1075,0,1075,-66,0,57,10
9,350,80.500000,10000.000000,2,0,1577992834,1075,0,1075,-66,0,57,10
9,350,80.500000,10000.000000,2,0,1577992837,1075,0,1075,-66,0,57,10
9,350,80.500000,10000.000000,2,0,1577992839,1075,0,1075,-66,0,57,10
9,350,80.500000,10000.000000,2,0,1577992842,1075,0,1075,-66,0,57,10
9,350,80.500000,10000.000000,2,0,1577992845,1075,0,1075,-66,0,57,10
9,350,80.500000,10000.000000,2,0,1577992848,1075,0,1075,-66,0,57,10
9,350,80.500000,10000.000000,2,0,1577992850,1075,0,1075,-66,0,57,10
9,350,80.500000,10000.000000,2,0,1577992853,1075,0,1075,-66,0,57,10
9,350,80.500000,10000.000000,2,0,1577992856,1075,0,1075,-66,0,57,10
9,350,80.500000,10000.000000,2,0,1577992859,1075,0,1075,-66,0,57,10
9,350,80.500000,10000.000000,2,0,1577992862,1075,0,1075,-66,0,57,10
9,350,80.500000,10000.000000,2,0,1577992865,1075,0,1075,-66,0,57,10
9,350,80.500000,10000.000000,2,0,1577992868,1075,0,1075,-66,0,57,10
9,350,80.500000,10000.000000,2,0,1577992871,1075,0,1075,-66,0,57,10
9,350,80.500000,10000.000000,2,0,1577992875,1075,0,1075,-66,0,57,10
9,350,80.500000,10000.000000,2,0,1577992878,1075,0,1075,-66,0,57,10
9,350,80.500000,10000.000000,2,0,1577992881,1076,0,1076,-66,0,57,10
9,350,80.500000,10000.000000,2,0,1577992884,1076,0,1076,-67,0,57,10
9,350,80.500000,10000.000000,2,0,1577992887,1077,0,1077,-67,0,57,10
9,350,80.500000,10000.000000,2,0,1577992890,1078,0,1078,-67,0,57,10
9,350,80.500000,10000.000000,2,0,1577992892,1079,0,1079,-67,0,57,10
9,350,80.500000,10000.000000,2,0,1577992895,1079,0,1079,-67,0,57,10
9,350,80.500000,10000.000000,2,0,1577992898,1080,0,1080,-68,0,57,10
9,350,80.500000,10000.000000,2,0,1577992900,1080,0,1080,-69,0,57,10
9,350,80.500000,10000.000000,2,0,1577992903,1081,0,1081,-69,0,57,10
9,350,80.500000,10000.000000,2,0,1577992906,1082,0,1082,-69,0,57,10
9,350,80.500000,10000.000000,2,0,1577992909,1083,0,1083,-69,0,57,10
9,350,80.500000,10000.000000,2,0,1577992912,1083,0,1083,-69,0,57,10
9,350,80.500000,10000.000000,2,0,1577992914,1083,0,1083,-69,0,57,10
9,350,80.500000,10000.000000,2,0,1577992917,1084,0,1084,-69,0,57,10
9,350,80.500000,10000.000000,2,0,1577992920,1084,0,1084,-70,0,57,10
9,350,80.500000,10000.000000,2,0,1577992923,1084,0,1084,-71,0,57,10
9,350,80.500000,10000.000000,2,0,1577992926,1084,0,1084,-71,0,57,10
9,350,80.500000,10000.000000,2,0,1577992928,1084,0,1084,-72,0,57,10
9,350,80.500000,10000.000000,2,0,1577992931,1085,0,1085,-73,0,57,10
9,350,80.500000,10000.000000,2,0,1577992934,1085,0,1085,-73,0,57,10
9,350,80.500000,10000.000000,2,0,1577992937,1086,0,1086,-73,0,57,10
9,350,80.500000,10000.000000,2,0,1577992939,1087,0,1087,-73,0,57,10
9,350,80.500000,10000.000000,2,0,1577992942,1087,0,1087,-73,0,57,10
9,350,80.500000,10000.000000,2,0,1577992945,1087,0,1087,-74,0,57,10
9,350,80.500000,10000.000000,2,0,1577992948,1087,0,1087,-74,0,57,10
9,350,80.500000,10000.000000,2,0,1577992951,1089,0,1089,-74,0,57,10
9,350,80.500000,10000.000000,2,0,1577992953,1089,0,1089,-75,0,57,10
9,350,80.500000,10000.000000,2,0,1577992956,1089,0,1089,-75,0,57,10
9,350,80.500000,10000.000000,2,0,1577992959,1090,0,1090,-75,0,57,10
9,350,80.500000,10000.000000,2,0,1577992962,1091,0,1091,-75,0,57,10
9,350,80.500000,10000.000000,2,0,1577992964,1091,0,1091,-76,0,57,10
9,350,80.500000,10000.000000,2,0,1577992967,1091,0,1091,-78,0,57,10
9,350,80.500000,10000.000000,2,0,1577992970,1091,0,1091,-79,0,57,10
9,350,80.500000,10000.000000,2,0,1577992972,1092,0,1092,-79,0,57,10
9,350,80.500000,10000.000000,2,0,1577992975,1092,0,1092,-79,0,57,10
9,350,80.500000,10000.000000,2,0,1577992978,1093,0,1093,-79,0,57,10
9,350,80.500000,10000.000000,2,0,1577992981,1094,0,1094,-80,0,57,10
9,350,80.500000,10000.000000,2,0,1577992984,1095,0,1095,-80,0,57,10
9,350,80.500000,10000.000000,2,0,1577992987,1095,0,1095,-80,0,57,10
9,350,80.500000,10000.000000,2,0,1577992990,1096,0,1096,-80,0,57,10
9,350,80.500000,10000.000000,2,0,1577992992,1096,0,1096,-80,0,57,10
9,350,80.500000,10000.000000,2,0,1577992995,1097,0,1097,-80,0,57,10
9,350,80.500000,10000.000000,2,0,1577992998,1099,0,1099,-80,0,57,10
9,350,80.500000,10000.000000,2,0,1577993001,1099,0,1099,-82,0,57,10
9,350,80.500000,10000.000000,2,0,1577993004,1101,0,1101,-82,0,57,10
9,350,80.500000,10000.000000,2,0,1577993006,1103,0,1103,-82,0,57,10
9,350,80.500000,10000.000000,2,0,1577993009,1104,0,1104,-82,0,57,10
9,350,80.500000,10000.000000,2,0,1577993012,1105,0,1105,-82,0,57,10
9,350,80.500000,10000.000000,2,0,1577993015,1105,0,1105,-83,0,57,10
9,350,80.500000,10000.000000,2,0,1577993017,1106,0,1106,-83,0,57,10
9,350,80.500000,10000.000000,2,0,1577993020,1107,0,1107,-83,0,57,10
9,350,80.500000,10000.000000,2,0,1577993023,1108,0,1108,-84,0,57,10
9,350,80.500000,10000.000000,2,0,1577993026,1109,0,1109,-84,0,57,10
9,350,80.500000,10000.000000,2,0,1577993029,1110,0,1110,-85,0,57,10
9,350,80.500000,10000.000000,2,0,1577993032,1110,0,1110,-85,0,57,10
9,350,80.500000,10000.000000,2,0,1577993034,1111,0,1111,-85,0,57,10
9,350,80.500000,10000.000000,2,0,1577993037,1111,0,1111,-85,0,57,10
9,350,80.500000,10000.000000,2,0,1577993040,1111,0,1111,-86,0,57,10
9,350,80.500000,10000.000000,2,0,1577993042,1112,0,1112,-90,0,57,10
9,350,80.500000,10000.000000,2,0,1577993045,1113,0,1113,-90,0,57,10
9,350,80.500000,10000.000000,2,0,1577993048,1113,0,1113,-91,0,57,10
9,350,80.500000,10000.000000,2,0,1577993050,1113,0,1113,-91,0,57,10
9,350,80.500000,10000.000000,2,0,1577993053,1113,0,1113,-91,0,57,10
9,350,80.500000,10000.000000,2,0,1577993056,1114,0,1114,-91,0,57,10
9,350,80.500000,10000.000000,2,0,1577993058,1115,0,1115,-91,0,57,10
9,350,80.500000,10000.000000,2,0,1577993061,1115,0,1115,-91,0,57,10
9,350,80.500000,10000.000000,2,0,1577993064,1115,0,1115,-91,0,57,10
9,350,80.500000,10000.000000,2,0,1577993067,1115,0,1115,-91,0,57,10
9,350,80.500000,10000.000000,2,0,1577993069,1115,0,1115,-91,0,57,10
9,350,80.500000,10000.000000,2,0,1577993072,1115,0,1115,-91,0,57,10
9,350,80.500000,10000.000000,2,0,1577993075,1115,0,1115,-91,0,57,10
9,350,80.500000,10000.000000,2,0,1577993078,1115,0,1115,-91,0,57,10
9,350,80.500000,10000.000000,2,0,1577993081,1115,0,1115,-91,0,57,10
9,350,80.500000,10000.000000,2,0,1577993083,1115,0,1115,-91,0,57,10
9,350,80.500000,10000.000000,2,0,1577993086,1115,0,1115,-91,0,57,10
9,350,80.500000,10000.000000,2,0,1577993089,1115,0,1115,-91,0,57,10
9,350,80.500000,10000.000000,2,0,1577993092,1115,0,1115,-91,0,57,10
9,350,80.500000,10000.000000,2,0,1577993095,1115,0,1115,-91,0,57,10
9,350,80.500000,10000.000000,2,0,1577993097,1115,0,1115,-91,0,57,10
9,350,80.500000,10000.000000,2,0,1577993109,1115,0,1115,-91,0,57,10
