9,350,21.000000,0.000000,0,2,5157616,787,0,787,0,0,8,5,0
9,350,21.000000,0.000000,0,2,5157616,787,0,787,0,0,8,5,0
9,350,21.000000,0.000000,0,2,5157619,787,0,787,0,0,8,5,0
9,350,21.000000,0.000000,0,2,5157622,787,0,787,0,0,8,5,0
9,350,21.000000,0.000000,0,2,5157624,787,0,787,0,0,8,5,0
9,350,21.000000,0.000000,0,2,5157627,787,0,787,0,0,8,5,0
9,350,21.000000,0.000000,0,2,5157630,787,0,787,0,0,8,5,0
9,350,21.000000,0.000000,0,2,5157633,787,0,787,0,0,8,5,0
9,350,21.000000,0.000000,0,2,5157636,787,0,787,0,0,8,5,0
9,350,21.000000,0.000000,0,2,5157638,787,0,787,0,0,8,5,0
9,350,21.000000,0.000000,0,2,5157641,787,0,787,0,0,8,5,0
9,350,21.000000,0.000000,0,2,5157644,787,0,787,0,0,8,5,0
9,350,21.000000,0.000000,0,2,5157647,787,0,787,0,0,8,5,0
9,350,21.000000,0.000000,0,2,5157649,787,0,787,0,0,8,5,0
9,350,21.000000,0.000000,0,2,5157652,787,0,787,0,0,8,5,0
9,350,21.000000,0.000000,0,2,5157655,787,0,787,0,0,8,5,0
9,350,21.000000,0.000000,0,2,5157658,787,0,787,0,0,8,5,0
9,350,21.000000,0.000000,0,2,5157660,787,0,787,0,0,8,5,0
9,350,21.000000,0.000000,0,2,5157663,787,0,787,0,0,8,5,0
9,350,21.000000,0.000000,0,2,5157666,787,0,787,0,0,8,5,0
9,350,21.000000,0.000000,0,2,5157669,787,0,787,0,0,8,5,0
9,350,21.000000,0.000000,0,2,5157672,787,0,787,0,0,8,5,0
9,350,21.000000,0.000000,0,2,5157674,787,0,787,0,0,8,5,0
9,350,21.000000,0.000000,0,2,5157677,787,0,787,0,0,8,5,0
9,350,21.000000,0.000000,0,2,5157680,787,0,787,0,0,8,5,0
9,350,21.000000,0.000000,0,2,5157682,787,0,787,0,0,8,5,0
9,350,21.000000,0.000000,0,2,5157685,787,0,787,0,0,8,5,0
9,350,21.000000,0.000000,0,2,5157688,787,0,787,0,0,8,5,0
9,350,21.000000,0.000000,0,2,5157691,787,0,787,0,0,8,5,0
9,350,21.000000,0.000000,0,2,5157694,787,0,787,0,0,8,5,0
9,350,21.000000,0.000000,0,2,5157696,787,0,787,0,0,8,5,0
9,350,21.000000,0.000000,0,2,5157699,787,0,787,0,0,8,5,0
9,350,21.000000,0.000000,0,2,5157702,787,0,787,0,0,8,5,0
9,350,21.000000,0.000000,0,2,5157705,787,0,787,0,0,8,5,0
9,350,21.000000,0.000000,0,2,5157708,787,0,787,0,0,8,5,0
9,350,21.000000,0.000000,0,2,5157710,787,0,787,0,0,8,5,0
9,350,21.000000,0.000000,0,2,5157713,787,0,787,0,0,8,5,0
9,350,21.000000,0.000000,0,2,5157716,787,0,787,0,0,8,5,0
9,350,21.000000,0.000000,0,2,5157719,787,0,787,0,0,8,5,0
9,350,21.000000,0.000000,0,2,5157721,787,0,787,0,0,8,5,0
9,350,21.000000,0.000000,0,2,5157724,787,0,787,0,0,8,5,0
9,350,21.000000,0.000000,0,2,5157727,787,0,787,0,0,8,5,0
9,350,21.000000,0.000000,0,2,5157730,787,0,787,0,0,8,5,0
9,350,21.000000,0.000000,0,2,5157733,787,0,787,0,0,8,5,0
9,350,21.000000,0.000000,0,2,5157736,787,0,787,0,0,8,5,0
9,350,21.000000,0.000000,0,2,5157738,787,0,787,0,0,8,5,0
9,350,21.000000,0.000000,0,2,5157741,787,0,787,0,0,8,5,0
9,350,21.000000,0.000000,0,2,5157744,788,0,788,0,0,8,5,0
9,350,21.000000,0.000000,0,2,5157747,788,0,788,0,0,8,5,0
9,350,21.000000,0.000000,0,2,5157750,789,0,789,0,0,8,5,0
9,350,21.000000,0.000000,0,2,5157752,790,0,790,0,0,8,5,0
9,350,21.000000,0.000000,0,2,5157755,791,0,791,-1,0,8,5,0
9,350,21.000000,0.000000,0,2,5157758,792,0,792,-1,0,8,5,0
9,350,21.000000,0.000000,0,2,5157761,793,0,793,-2,0,8,5,0
9,350,21.000000,0.000000,0,2,5157763,794,0,794,-2,0,8,5,0
9,350,21.000000,0.000000,0,2,5157766,796,0,796,-2,0,8,5,0
9,350,21.000000,0.000000,0,2,5157769,798,0,798,-2,0,8,5,0
9,350,21.000000,0.000000,0,2,5157772,800,0,800,-2,0,8,5,0
9,350,21.000000,0.000000,0,2,5157774,803,0,803,-3,0,8,5,0
9,350,21.000000,0.000000,0,2,5157777,806,0,806,-3,0,8,5,0
9,350,21.000000,0.000000,0,2,5157780,808,0,808,-3,0,8,5,0
9,350,21.000000,0.000000,0,2,5157783,811,0,811,-3,0,8,5,0
9,350,21.000000,0.000000,0,2,5157786,816,0,816,-4,0,8,5,0
9,350,21.000000,0.000000,0,2,5157788,820,0,820,-4,0,8,5,0
9,350,21.000000,0.000000,0,2,5157791,824,0,824,-4,0,8,5,0
9,350,21.000000,0.000000,0,2,5157794,829,0,829,-4,0,8,5,0
9,350,21.000000,0.000000,0,2,5157797,834,0,834,-4,0,8,5,0
9,350,21.000000,0.000000,0,2,5157800,840,0,840,-4,0,8,5,0
9,350,21.000000,0.000000,0,2,5157802,846,0,846,-4,0,8,5,0
9,350,21.000000,0.000000,0,2,5157805,854,0,854,-4,0,8,5,0
9,350,21.000000,0.000000,0,2,5157808,862,0,862,-4,0,8,5,0
9,350,21.000000,0.000000,0,2,5157811,870,0,870,-4,0,8,5,0
9,350,21.000000,0.000000,0,2,5157814,878,0,878,-4,0,8,5,0
9,350,21.000000,0.000000,0,2,5157816,885,0,885,-4,0,8,5,0
9,350,21.000000,0.000000,0,2,5157819,894,0,894,-4,0,8,5,0
9,350,21.000000,0.000000,0,2,5157822,907,0,907,-4,0,8,5,0
9,350,21.000000,0.000000,0,2,5157825,911,0,911,-4,0,8,5,0
9,350,21.000000,0.000000,0,2,5157827,935,1,935,-3,0,8,5,0
9,350,21.000000,0.000000,0,2,5157830,945,1,945,-3,0,8,5,0
9,350,21.000000,0.000000,0,2,5157833,958,2,958,-2,0,8,5,0
9,350,21.000000,0.000000,0,2,5157836,974,2,974,-2,0,8,5,0
9,350,21.000000,0.000000,0,2,5157839,982,3,982,-1,0,8,5,0
9,350,21.000000,0.000000,0,2,5157841,1000,4,1000,0,0,8,5,0
9,350,21.000000,0.000000,0,2,5157844,1006,4,1006,0,0,8,5,0
9,350,21.000000,0.000000,0,2,5157847,1013,5,1013,1,0,8,5,0
9,350,21.000000,0.000000,0,2,5157849,1024,5,1024,1,0,8,5,0
9,350,21.000000,0.000000,0,2,5157852,1039,5,1039,1,0,8,5,0
9,350,21.000000,0.000000,0,2,5157855,1048,5,1048,1,0,8,5,0
9,350,21.000000,0.000000,0,2,5157858,1058,5,1058,1,0,8,5,0
9,350,21.000000,0.000000,0,2,5157860,1066,5,1066,1,0,8,5,0
9,350,21.000000,0.000000,0,2,5157863,1075,5,1075,1,0,8,5,0
9,350,21.000000,0.000000,0,2,5157866,1078,5,1078,1,0,8,5,0
9,350,21.000000,0.000000,0,2,5157869,1085,5,1085,1,0,8,5,0
9,350,21.000000,0.000000,0,2,5157872,1091,5,1091,1,0,8,5,0
9,350,21.000000,0.000000,0,2,5157875,1097,5,1097,1,0,8,5,0
9,350,21.000000,0.000000,0,2,5157877,1101,5,1101,1,0,8,5,0
9,350,21.000000,0.000000,0,2,5157880,1108,5,1108,1,0,8,5,0
9,350,21.000000,0.000000,0,2,5157883,1112,5,1112,1,0,8,5,0
9,350,21.000000,0.000000,0,2,5157886,1116,5,1116,1,0,8,5,0
9,350,21.000000,0.000000,0,2,5157889,1119,5,1119,1,0,8,5,0
9,350,21.000000,0.000000,0,2,5157891,1121,5,1121,1,0,8,5,0
9,350,21.000000,0.000000,0,2,5157894,1124,5,1124,1,0,8,5,0
9,350,21.000000,0.000000,0,2,5157897,1126,4,1126,0,0,8,5,0
9,350,21.000000,0.000000,0,2,5157900,1128,4,1128,0,0,8,5,0
9,350,21.000000,0.000000,0,2,5157902,1129,4,1129,0,0,8,5,0
9,350,21.000000,0.000000,0,2,5157905,1130,4,1130,0,0,8,5,0
9,350,21.000000,0.000000,0,2,5157908,1131,4,1131,0,0,8,5,0
9,350,21.000000,0.000000,0,2,5157911,1132,4,1132,0,0,8,5,0
9,350,21.000000,0.000000,0,2,5157913,1133,4,1133,0,0,8,5,0
9,350,21.000000,0.000000,0,2,5157916,1135,4,1135,0,0,8,5,0
9,350,21.000000,0.000000,0,2,5157919,1135,3,1135,-1,0,8,5,0
9,350,21.000000,0.000000,0,2,5157922,1136,2,1136,-2,0,8,5,0
9,350,21.000000,0.000000,0,2,5157925,1136,2,1136,-2,0,8,5,0
9,350,21.000000,0.000000,0,2,5157927,1137,2,1137,-2,0,8,5,0
9,350,21.000000,0.000000,0,2,5157930,1138,2,1138,-2,0,8,5,0
9,350,21.000000,0.000000,0,2,5157933,1138,2,1138,-2,0,8,5,0
9,350,21.000000,0.000000,0,2,5157936,1139,2,1139,-2,0,8,5,0
9,350,21.000000,0.000000,0,2,5157938,1140,2,1140,-2,0,8,5,0
9,350,21.000000,0.000000,0,2,5157941,1141,1,1141,-3,0,8,5,0
9,350,21.000000,0.000000,0,2,5157944,1142,0,1142,-4,0,8,5,0
9,350,21.000000,0.000000,0,2,5157947,1142,0,1142,-4,0,8,5,0
9,350,21.000000,0.000000,0,2,5157950,1142,0,1142,-4,0,8,5,0
9,350,21.000000,0.000000,0,2,5157952,1142,0,1142,-4,0,8,5,0
9,350,21.000000,0.000000,0,2,5157955,1142,0,1142,-4,0,8,5,0
9,350,21.000000,0.000000,0,2,5157958,1142,0,1142,-5,0,8,5,0
9,350,21.000000,0.000000,0,2,5157961,1142,0,1142,-6,0,8,5,0
9,350,21.000000,0.000000,0,2,5157964,1142,0,1142,-6,0,8,5,0
9,350,21.000000,0.000000,0,2,5157966,1142,0,1142,-6,0,8,5,0
9,350,21.000000,0.000000,0,2,5157969,1142,0,1142,-6,0,8,5,0
9,350,21.000000,0.000000,0,2,5157972,1142,0,1142,-6,0,8,5,0
9,350,21.000000,0.000000,0,2,5157975,1142,0,1142,-6,0,8,5,0
9,350,21.000000,0.000000,0,2,5157977,1142,0,1142,-6,0,8,5,0
9,350,21.000000,0.000000,0,2,5157980,1142,0,1142,-6,0,8,5,0
9,350,21.000000,0.000000,0,2,5157983,1142,0,1142,-6,0,8,5,0
9,350,21.000000,0.000000,0,2,5157986,1142,0,1142,-6,0,8,5,0
9,350,21.000000,0.000000,0,2,5157989,1142,0,1142,-6,0,8,5,0
9,350,21.000000,0.000000,0,2,5157991,1142,0,1142,-6,0,8,5,0
9,350,21.000000,0.000000,0,2,5157994,1142,0,1142,-6,0,8,5,0
9,350,21.000000,0.000000,0,2,5157997,1142,0,1142,-6,0,8,5,0
9,350,21.000000,0.000000,0,2,5158000,1142,0,1142,-6,0,8,5,0
9,350,21.000000,0.000000,0,2,5158003,1142,0,1142,-6,0,8,5,0
9,350,21.000000,0.000000,0,2,5158005,1142,0,1142,-6,0,8,5,0
9,350,21.000000,0.000000,0,2,5158008,1142,0,1142,-6,0,8,5,0
9,350,21.000000,0.000000,0,2,5158011,1142,0,1142,-6,0,8,5,0
9,350,21.000000,0.000000,0,2,5158014,1142,0,1142,-6,0,8,5,0
9,350,21.000000,0.000000,0,2,5158016,1142,0,1142,-6,0,8,5,0
9,350,21.000000,0.000000,0,2,5158019,1142,0,1142,-6,0,8,5,0
9,350,21.000000,0.000000,0,2,5158022,1142,0,1142,-6,0,8,5,0
9,350,21.000000,0.000000,0,2,5158025,1142,0,1142,-6,0,8,5,0
9,350,21.000000,0.000000,0,2,5158028,1142,0,1142,-6,0,8,5,0
9,350,21.000000,0.000000,0,2,5158030,1142,0,1142,-6,0,8,5,0
9,350,21.000000,0.000000,0,2,5158033,1142,0,1142,-6,0,8,5,0
9,350,21.000000,0.000000,0,2,5158036,1142,0,1142,-6,0,8,5,0
9,350,21.000000,0.000000,0,2,5158039,1142,0,1142,-6,0,8,5,0
9,350,21.000000,0.000000,0,2,5158042,1142,0,1142,-6,0,8,5,0
9,350,21.000000,0.000000,0,2,5158044,1142,0,1142,-6,0,8,5,0
9,350,21.000000,0.000000,0,2,5158047,1142,0,1142,-6,0,8,5,0
9,350,21.000000,0.000000,0,2,5158050,1142,0,1142,-6,0,8,5,0
9,350,21.000000,0.000000,0,2,5158053,1142,0,1142,-6,0,8,5,0
9,350,21.000000,0.000000,0,2,5158055,1142,0,1142,-6,0,8,5,0
9,350,21.000000,0.000000,0,2,5158058,1142,0,1142,-6,0,8,5,0
9,350,21.000000,0.000000,0,2,5158061,1142,0,1142,-6,0,8,5,0
9,350,21.000000,0.000000,0,2,5158064,1142,0,1142,-6,0,8,5,0
9,350,21.000000,0.000000,0,2,5158066,1142,0,1142,-6,0,8,5,0
9,350,21.000000,0.000000,0,2,5158069,1142,0,1142,-6,0,8,5,0
9,350,21.000000,0.000000,0,2,5158072,1142,0,1142,-6,0,8,5,0
9,350,21.000000,0.000000,0,2,5158075,1142,0,1142,-6,0,8,5,0
9,350,21.000000,0.000000,0,2,5158078,1142,0,1142,-6,0,8,5,0
9,350,21.000000,0.000000,0,2,5158080,1142,0,1142,-6,0,8,5,0
9,350,21.000000,0.000000,0,2,5158083,1142,0,1142,-6,0,8,5,0
9,350,21.000000,0.000000,0,2,5158086,1142,0,1142,-6,0,8,5,0
9,350,21.000000,0.000000,0,2,5158089,1142,0,1142,-6,0,8,5,0
9,350,21.000000,0.000000,0,2,5158091,1142,0,1142,-6,0,8,5,0
9,350,21.000000,0.000000,0,2,5158094,1142,0,1142,-6,0,8,5,0
9,350,21.000000,0.000000,0,2,5158097,1142,0,1142,-6,0,8,5,0
9,350,21.000000,0.000000,0,2,5158100,1142,0,1142,-6,0,8,5,0
9,350,21.000000,0.000000,0,2,5158103,1142,0,1142,-6,0,8,5,0
9,350,21.000000,0.000000,0,2,5158105,1142,0,1142,-6,0,8,5,0
9,350,21.000000,0.000000,0,2,5158108,1142,0,1142,-6,0,8,5,0
9,350,21.000000,0.000000,0,2,5158111,1142,0,1142,-6,0,8,5,0
9,350,21.000000,0.000000,0,2,5158114,1142,0,1142,-6,0,8,5,0
9,350,21.000000,0.000000,0,2,5158116,1142,0,1142,-6,0,8,5,0
9,350,21.000000,0.000000,0,2,5158119,1142,0,1142,-6,0,8,5,0
9,350,21.000000,0.000000,0,2,5158122,1142,0,1142,-6,0,8,5,0
9,350,21.000000,0.000000,0,2,5158125,1142,0,1142,-6,0,8,5,0
9,350,21.000000,0.000000,0,2,5158128,1142,0,1142,-6,0,8,5,0
9,350,21.000000,0.000000,0,2,5158130,1142,0,1142,-6,0,8,5,0
9,350,21.000000,0.000000,0,2,5158133,1142,0,1142,-6,0,8,5,0
9,350,21.000000,0.000000,0,2,5158136,1142,0,1142,-6,0,8,5,0
9,350,21.000000,0.000000,0,2,5158139,1142,0,1142,-6,0,8,5,0
9,350,21.000000,0.000000,0,2,5158141,1142,0,1142,-6,0,8,5,0
9,350,21.000000,0.000000,0,2,5158144,1142,0,1142,-6,0,8,5,0
9,350,21.000000,0.000000,0,2,5158147,1142,0,1142,-6,0,8,5,0
9,350,21.000000,0.000000,0,2,5158150,1142,0,1142,-6,0,8,5,0
9,350,21.000000,0.000000,0,2,5158153,1142,0,1142,-6,0,8,5,0
9,350,21.000000,0.000000,0,2,5158155,1142,0,1142,-6,0,8,5,0
9,350,21.000000,0.000000,0,2,5158158,1142,0,1142,-6,0,8,5,0
9,350,21.000000,0.000000,0,2,5158161,1142,0,1142,-6,0,8,5,0
9,350,21.000000,0.000000,0,2,5158164,1142,0,1142,-6,0,8,5,0
9,350,21.000000,0.000000,0,2,5158166,1142,0,1142,-6,0,8,5,0
9,350,21.000000,0.000000,0,2,5158169,1142,0,1142,-6,0,8,5,0
9,350,21.000000,0.000000,0,2,5158172,1142,0,1142,-6,0,8,5,0
9,350,21.000000,0.000000,0,2,5158175,1142,0,1142,-6,0,8,5,0
9,350,21.000000,0.000000,0,2,5158177,1142,0,1142,-6,0,8,5,0
9,350,21.000000,0.000000,0,2,5158180,1142,0,1142,-6,0,8,5,0
9,350,21.000000,0.000000,0,2,5158194,1142,0,1142,-6,0,8,5,0
