9,350,21.000000,10000.000000,1,5,6516981,795,0,795,0,0,93,4,0
9,350,21.000000,10000.000000,1,5,6516982,795,0,795,0,0,93,4,0
9,350,21.000000,10000.000000,1,5,6516985,795,0,795,0,0,93,4,0
9,350,21.000000,10000.000000,1,5,6516988,795,0,795,0,0,93,4,0
9,350,21.000000,10000.000000,1,5,6516990,795,0,795,0,0,93,4,0
9,350,21.000000,10000.000000,1,5,6516993,795,0,795,0,0,93,4,0
9,350,21.000000,10000.000000,1,5,6516996,795,0,795,0,0,93,4,0
9,350,21.000000,10000.000000,1,5,6516999,795,0,795,0,0,93,4,0
9,350,21.000000,10000.000000,1,5,6517002,795,0,795,0,0,93,4,0
9,350,21.000000,10000.000000,1,5,6517004,795,0,795,0,0,93,4,0
9,350,21.000000,10000.000000,1,5,6517007,795,0,795,0,0,93,4,0
9,350,21.000000,10000.000000,1,5,6517010,795,0,795,0,0,93,4,0
9,350,21.000000,10000.000000,1,5,6517012,795,0,795,0,0,93,4,0
9,350,21.000000,10000.000000,1,5,6517015,795,0,795,0,0,93,4,0
9,350,21.000000,10000.000000,1,5,6517018,795,0,795,0,0,93,4,0
9,350,21.000000,10000.000000,1,5,6517021,795,0,795,0,0,93,4,0
9,350,21.000000,10000.000000,1,5,6517023,795,0,795,0,0,93,4,0
9,350,21.000000,10000.000000,1,5,6517026,795,0,795,0,0,93,4,0
9,350,21.000000,10000.000000,1,5,6517029,795,0,795,0,0,93,4,0
9,350,21.000000,10000.000000,1,5,6517032,795,0,795,0,0,93,4,0
9,350,21.000000,10000.000000,1,5,6517035,795,0,795,0,0,93,4,0
9,350,21.000000,10000.000000,1,5,6517037,795,0,795,0,0,93,4,0
9,350,21.000000,10000.000000,1,5,6517040,795,0,795,0,0,93,4,0
9,350,21.000000,10000.000000,1,5,6517043,795,0,795,0,0,93,4,0
9,350,21.000000,10000.000000,1,5,6517046,795,0,795,0,0,93,4,0
9,350,21.000000,10000.000000,1,5,6517048,795,0,795,0,0,93,4,0
9,350,21.000000,10000.000000,1,5,6517051,795,0,795,0,0,93,4,0
9,350,21.000000,10000.000000,1,5,6517054,795,0,795,0,0,93,4,0
9,350,21.000000,10000.000000,1,5,6517057,795,0,795,0,0,93,4,0
9,350,21.000000,10000.000000,1,5,6517059,795,0,795,0,0,93,4,0
9,350,21.000000,10000.000000,1,5,6517062,795,0,795,0,0,93,4,0
9,350,21.000000,10000.000000,1,5,6517065,795,0,795,0,0,93,4,0
9,350,21.000000,10000.000000,1,5,6517068,795,0,795,0,0,93,4,0
9,350,21.000000,10000.000000,1,5,6517071,795,1,795,1,0,93,4,0
9,350,21.000000,10000.000000,1,5,6517074,796,2,796,2,0,93,4,0
9,350,21.000000,10000.000000,1,5,6517076,796,3,796,3,0,93,4,0
9,350,21.000000,10000.000000,1,5,6517079,796,4,796,4,0,93,4,0
9,350,21.000000,10000.000000,1,5,6517082,796,5,796,5,0,93,4,0
9,350,21.000000,10000.000000,1,5,6517085,797,6,797,6,0,93,4,0
9,350,21.000000,10000.000000,1,5,6517087,798,8,798,8,0,93,4,0
9,350,21.000000,10000.000000,1,5,6517090,799,10,799,10,0,93,4,0
9,350,21.000000,10000.000000,1,5,6517093,800,12,800,12,0,93,4,0
9,350,21.000000,10000.000000,1,5,6517096,801,15,801,15,0,93,4,0
9,350,21.000000,10000.000000,1,5,6517099,802,18,802,18,0,93,4,0
9,350,21.000000,10000.000000,1,5,6517101,804,22,804,22,0,93,4,0
9,350,21.000000,10000.000000,1,5,6517104,806,25,806,25,0,93,4,0
9,350,21.000000,10000.000000,1,5,6517107,808,28,808,28,0,93,4,0
9,350,21.000000,10000.000000,1,5,6517110,810,31,810,31,0,93,4,0
9,350,21.000000,10000.000000,1,5,6517112,813,35,813,35,0,93,4,0
9,350,21.000000,10000.000000,1,5,6517115,816,38,816,38,0,93,4,0
9,350,21.000000,10000.000000,1,5,6517118,820,41,820,41,0,93,4,0
9,350,21.000000,10000.000000,1,5,6517121,823,44,823,44,0,93,4,0
9,350,21.000000,10000.000000,1,5,6517123,828,47,828,47,0,93,4,0
9,350,21.000000,10000.000000,1,5,6517126,833,53,833,53,0,93,4,0
9,350,21.000000,10000.000000,1,5,6517129,838,57,838,57,0,93,4,0
9,350,21.000000,10000.000000,1,5,6517132,844,61,844,61,0,93,4,0
9,350,21.000000,10000.000000,1,5,6517135,851,66,851,66,0,93,4,0
9,350,21.000000,10000.000000,1,5,6517137,858,70,858,70,0,93,4,0
9,350,21.000000,10000.000000,1,5,6517140,865,74,865,74,0,93,4,0
9,350,21.000000,10000.000000,1,5,6517143,873,78,873,78,0,93,4,0
9,350,21.000000,10000.000000,1,5,6517146,878,80,878,80,0,93,4,0
9,350,21.000000,10000.000000,1,5,6517148,881,81,881,81,0,93,4,0
9,350,21.000000,10000.000000,1,5,6517151,900,90,900,90,0,93,4,0
9,350,21.000000,10000.000000,1,5,6517154,909,94,909,94,0,93,4,0
9,350,21.000000,10000.000000,1,5,6517157,914,96,914,96,0,93,4,0
9,350,21.000000,10000.000000,1,5,6517160,926,99,926,99,0,93,4,0
9,350,21.000000,10000.000000,1,5,6517163,931,101,931,101,0,93,4,0
9,350,21.000000,10000.000000,1,5,6517165,943,104,943,104,0,93,4,0
9,350,21.000000,10000.000000,1,5,6517168,952,106,952,106,0,93,4,0
9,350,21.000000,10000.000000,1,5,6517171,961,108,961,108,0,93,4,0
9,350,21.000000,10000.000000,1,5,6517174,970,110,970,110,0,93,4,0
9,350,21.000000,10000.000000,1,5,6517176,978,111,978,111,0,93,4,0
9,350,21.000000,10000.000000,1,5,6517179,985,111,985,111,0,93,4,0
9,350,21.000000,10000.000000,1,5,6517182,993,111,993,111,0,93,4,0
9,350,21.000000,10000.000000,1,5,6517185,1005,111,1005,111,0,93,4,0
9,350,21.000000,10000.000000,1,5,6517188,1014,111,1014,111,0,93,4,0
9,350,21.000000,10000.000000,1,5,6517191,1021,111,1021,111,0,93,4,0
9,350,21.000000,10000.000000,1,5,6517194,1024,111,1024,111,0,93,4,0
9,350,21.000000,10000.000000,1,5,6517196,1034,110,1034,110,0,93,4,0
9,350,21.000000,10000.000000,1,5,6517199,1040,109,1040,109,0,93,4,0
9,350,21.000000,10000.000000,1,5,6517202,1048,107,1048,107,0,93,4,0
9,350,21.000000,10000.000000,1,5,6517205,1051,106,1051,106,0,93,4,0
9,350,21.000000,10000.000000,1,5,6517207,1061,103,1061,103,0,93,4,0
9,350,21.000000,10000.000000,1,5,6517210,1067,101,1067,101,0,93,4,0
9,350,21.000000,10000.000000,1,5,6517213,1071,98,1071,98,0,93,4,0
9,350,21.000000,10000.000000,1,5,6517215,1075,96,1075,96,0,93,4,0
9,350,21.000000,10000.000000,1,5,6517218,1078,95,1078,95,0,93,4,0
9,350,21.000000,10000.000000,1,5,6517221,1082,94,1082,94,0,93,4,0
9,350,21.000000,10000.000000,1,5,6517224,1086,91,1086,91,0,93,4,0
9,350,21.000000,10000.000000,1,5,6517227,1089,88,1089,88,0,93,4,0
9,350,21.000000,10000.000000,1,5,6517229,1093,86,1093,86,0,93,4,0
9,350,21.000000,10000.000000,1,5,6517232,1096,84,1096,84,0,93,4,0
9,350,21.000000,10000.000000,1,5,6517235,1099,81,1099,81,0,93,4,0
9,350,21.000000,10000.000000,1,5,6517238,1102,78,1102,78,0,93,4,0
9,350,21.000000,10000.000000,1,5,6517240,1104,76,1104,76,0,93,4,0
9,350,21.000000,10000.000000,1,5,6517243,1106,74,1106,74,0,93,4,0
9,350,21.000000,10000.000000,1,5,6517246,1108,72,1108,72,0,93,4,0
9,350,21.000000,10000.000000,1,5,6517249,1110,69,1110,69,0,93,4,0
9,350,21.000000,10000.000000,1,5,6517252,1112,66,1112,66,0,93,4,0
9,350,21.000000,10000.000000,1,5,6517254,1114,64,1114,64,0,93,4,0
9,350,21.000000,10000.000000,1,5,6517257,1116,62,1116,62,0,93,4,0
9,350,21.000000,10000.000000,1,5,6517260,1118,60,1118,60,0,93,4,0
9,350,21.000000,10000.000000,1,5,6517263,1119,58,1119,58,0,93,4,0
9,350,21.000000,10000.000000,1,5,6517265,1120,56,1120,56,0,93,4,0
9,350,21.000000,10000.000000,1,5,6517268,1121,55,1121,55,0,93,4,0
9,350,21.000000,10000.000000,1,5,6517271,1122,54,1122,54,0,93,4,0
9,350,21.000000,10000.000000,1,5,6517274,1123,52,1123,52,0,93,4,0
9,350,21.000000,10000.000000,1,5,6517277,1124,51,1124,51,0,93,4,0
9,350,21.000000,10000.000000,1,5,6517279,1124,50,1124,50,0,93,4,0
9,350,21.000000,10000.000000,1,5,6517282,1124,49,1124,49,0,93,4,0
9,350,21.000000,10000.000000,1,5,6517285,1125,48,1125,48,0,93,4,0
9,350,21.000000,10000.000000,1,5,6517288,1125,47,1125,47,0,93,4,0
9,350,21.000000,10000.000000,1,5,6517290,1125,46,1125,46,0,93,4,0
9,350,21.000000,10000.000000,1,5,6517293,1126,45,1126,45,0,93,4,0
9,350,21.000000,10000.000000,1,5,6517296,1126,44,1126,44,0,93,4,0
9,350,21.000000,10000.000000,1,5,6517299,1127,43,1127,43,0,93,4,0
9,350,21.000000,10000.000000,1,5,6517302,1127,42,1127,42,0,93,4,0
9,350,21.000000,10000.000000,1,5,6517304,1128,40,1128,40,0,93,4,0
9,350,21.000000,10000.000000,1,5,6517307,1128,39,1128,39,0,93,4,0
9,350,21.000000,10000.000000,1,5,6517310,1128,38,1128,38,0,93,4,0
9,350,21.000000,10000.000000,1,5,6517313,1129,38,1129,38,0,93,4,0
9,350,21.000000,10000.000000,1,5,6517316,1129,37,1129,37,0,93,4,0
9,350,21.000000,10000.000000,1,5,6517318,1129,36,1129,36,0,93,4,0
9,350,21.000000,10000.000000,1,5,6517321,1129,35,1129,35,0,93,4,0
9,350,21.000000,10000.000000,1,5,6517324,1130,34,1130,34,0,93,4,0
9,350,21.000000,10000.000000,1,5,6517327,1131,32,1131,32,0,93,4,0
9,350,21.000000,10000.000000,1,5,6517329,1132,31,1132,31,0,93,4,0
9,350,21.000000,10000.000000,1,5,6517332,1132,30,1132,30,0,93,4,0
9,350,21.000000,10000.000000,1,5,6517335,1132,29,1132,29,0,93,4,0
9,350,21.000000,10000.000000,1,5,6517338,1133,28,1133,28,0,93,4,0
9,350,21.000000,10000.000000,1,5,6517340,1133,26,1133,26,0,93,4,0
9,350,21.000000,10000.000000,1,5,6517343,1133,24,1133,24,0,93,4,0
9,350,21.000000,10000.000000,1,5,6517346,1134,23,1134,23,0,93,4,0
9,350,21.000000,10000.000000,1,5,6517349,1134,22,1134,22,0,93,4,0
9,350,21.000000,10000.000000,1,5,6517352,1134,21,1134,21,0,93,4,0
9,350,21.000000,10000.000000,1,5,6517354,1134,20,1134,20,0,93,4,0
9,350,21.000000,10000.000000,1,5,6517357,1135,19,1135,19,0,93,4,0
9,350,21.000000,10000.000000,1,5,6517360,1135,18,1135,18,0,93,4,0
9,350,21.000000,10000.000000,1,5,6517363,1136,18,1136,18,0,93,4,0
9,350,21.000000,10000.000000,1,5,6517365,1136,17,1136,17,0,93,4,0
9,350,21.000000,10000.000000,1,5,6517368,1136,16,1136,16,0,93,4,0
9,350,21.000000,10000.000000,1,5,6517371,1136,15,1136,15,0,93,4,0
9,350,21.000000,10000.000000,1,5,6517374,1136,14,1136,14,0,93,4,0
9,350,21.000000,10000.000000,1,5,6517376,1136,13,1136,13,0,93,4,0
9,350,21.000000,10000.000000,1,5,6517379,1136,12,1136,12,0,93,4,0
9,350,21.000000,10000.000000,1,5,6517382,1136,12,1136,12,0,93,4,0
9,350,21.000000,10000.000000,1,5,6517385,1136,12,1136,12,0,93,4,0
9,350,21.000000,10000.000000,1,5,6517388,1136,11,1136,11,0,93,4,0
9,350,21.000000,10000.000000,1,5,6517390,1136,10,1136,10,0,93,4,0
9,350,21.000000,10000.000000,1,5,6517393,1136,10,1136,10,0,93,4,0
9,350,21.000000,10000.000000,1,5,6517396,1136,10,1136,10,0,93,4,0
9,350,21.000000,10000.000000,1,5,6517399,1136,10,1136,10,0,93,4,0
9,350,21.000000,10000.000000,1,5,6517401,1137,10,1137,10,0,93,4,0
9,350,21.000000,10000.000000,1,5,6517404,1137,9,1137,9,0,93,4,0
9,350,21.000000,10000.000000,1,5,6517407,1137,8,1137,8,0,93,4,0
9,350,21.000000,10000.000000,1,5,6517410,1137,8,1137,8,0,93,4,0
9,350,21.000000,10000.000000,1,5,6517413,1137,8,1137,8,0,93,4,0
9,350,21.000000,10000.000000,1,5,6517415,1137,8,1137,8,0,93,4,0
9,350,21.000000,10000.000000,1,5,6517418,1137,8,1137,8,0,93,4,0
9,350,21.000000,10000.000000,1,5,6517421,1137,7,1137,7,0,93,4,0
9,350,21.000000,10000.000000,1,5,6517424,1137,6,1137,6,0,93,4,0
9,350,21.000000,10000.000000,1,5,6517426,1137,5,1137,5,0,93,4,0
9,350,21.000000,10000.000000,1,5,6517429,1137,4,1137,4,0,93,4,0
9,350,21.000000,10000.000000,1,5,6517432,1138,4,1138,4,0,93,4,0
9,350,21.000000,10000.000000,1,5,6517435,1139,4,1139,4,0,93,4,0
9,350,21.000000,10000.000000,1,5,6517438,1139,4,1139,4,0,93,4,0
9,350,21.000000,10000.000000,1,5,6517441,1139,4,1139,4,0,93,4,0
9,350,21.000000,10000.000000,1,5,6517443,1139,4,1139,4,0,93,4,0
9,350,21.000000,10000.000000,1,5,6517446,1139,3,1139,3,0,93,4,0
9,350,21.000000,10000.000000,1,5,6517449,1139,3,1139,3,0,93,4,0
9,350,21.000000,10000.000000,1,5,6517452,1140,3,1140,3,0,93,4,0
9,350,21.000000,10000.000000,1,5,6517455,1141,3,1141,3,0,93,4,0
9,350,21.000000,10000.000000,1,5,6517457,1141,3,1141,3,0,93,4,0
9,350,21.000000,10000.000000,1,5,6517460,1141,3,1141,3,0,93,4,0
9,350,21.000000,10000.000000,1,5,6517463,1141,3,1141,3,0,93,4,0
9,350,21.000000,10000.000000,1,5,6517466,1141,3,1141,3,0,93,4,0
9,350,21.000000,10000.000000,1,5,6517468,1141,2,1141,2,0,93,4,0
9,350,21.000000,10000.000000,1,5,6517471,1141,1,1141,1,0,93,4,0
9,350,21.000000,10000.000000,1,5,6517474,1141,1,1141,1,0,93,4,0
9,350,21.000000,10000.000000,1,5,6517477,1141,1,1141,1,0,93,4,0
9,350,21.000000,10000.000000,1,5,6517479,1141,1,1141,1,0,93,4,0
9,350,21.000000,10000.000000,1,5,6517482,1141,1,1141,1,0,93,4,0
9,350,21.000000,10000.000000,1,5,6517485,1141,1,1141,1,0,93,4,0
9,350,21.000000,10000.000000,1,5,6517488,1141,1,1141,1,0,93,4,0
9,350,21.000000,10000.000000,1,5,6517491,1141,1,1141,1,0,93,4,0
9,350,21.000000,10000.000000,1,5,6517493,1141,1,1141,1,0,93,4,0
9,350,21.000000,10000.000000,1,5,6517496,1141,1,1141,1,0,93,4,0
9,350,21.000000,10000.000000,1,5,6517499,1141,1,1141,1,0,93,4,0
9,350,21.000000,10000.000000,1,5,6517502,1141,1,1141,1,0,93,4,0
9,350,21.000000,10000.000000,1,5,6517504,1141,1,1141,1,0,93,4,0
9,350,21.000000,10000.000000,1,5,6517507,1141,1,1141,1,0,93,4,0
9,350,21.000000,10000.000000,1,5,6517510,1141,1,1141,1,0,93,4,0
9,350,21.000000,10000.000000,1,5,6517513,1141,1,1141,1,0,93,4,0
9,350,21.000000,10000.000000,1,5,6517524,1141,1,1141,1,0,93,4,0
