7,700,21.000000,10000.000000,1,0,23060756,616,2,616,2,0,18,11
7,700,21.000000,10000.000000,1,0,23060757,616,2,616,2,0,18,11
7,700,21.000000,10000.000000,1,0,23060759,616,2,616,2,0,18,11
7,700,21.000000,10000.000000,1,0,23060762,616,2,616,2,0,18,11
7,700,21.000000,10000.000000,1,0,23060765,616,2,616,2,0,18,11
7,700,21.000000,10000.000000,1,0,23060768,616,2,616,2,0,18,11
7,700,21.000000,10000.000000,1,0,23060770,616,2,616,2,0,18,11
7,700,21.000000,10000.000000,1,0,23060773,616,2,616,2,0,18,11
7,700,21.000000,10000.000000,1,0,23060776,616,2,616,2,0,18,11
7,700,21.000000,10000.000000,1,0,23060779,616,2,616,2,0,18,11
7,700,21.000000,10000.000000,1,0,23060781,616,2,616,2,0,18,11
7,700,21.000000,10000.000000,1,0,23060784,616,2,616,2,0,18,11
7,700,21.000000,10000.000000,1,0,23060787,616,2,616,2,0,18,11
7,700,21.000000,10000.000000,1,0,23060790,616,2,616,2,0,18,11
7,700,21.000000,10000.000000,1,0,23060793,616,2,616,2,0,18,11
7,700,21.000000,10000.000000,1,0,23060795,616,2,616,2,0,18,11
7,700,21.000000,10000.000000,1,0,23060798,616,2,616,2,0,18,11
7,700,21.000000,10000.000000,1,0,23060801,616,2,616,2,0,18,11
7,700,21.000000,10000.000000,1,0,23060804,616,2,616,2,0,18,11
7,700,21.000000,10000.000000,1,0,23060806,616,2,616,2,0,18,11
7,700,21.000000,10000.000000,1,0,23060809,616,2,616,2,0,18,11
7,700,21.000000,10000.000000,1,0,23060812,616,2,616,2,0,18,11
7,700,21.000000,10000.000000,1,0,23060815,616,2,616,2,0,18,11
7,700,21.000000,10000.000000,1,0,23060818,616,2,616,2,0,18,11
7,700,21.000000,10000.000000,1,0,23060820,616,2,616,2,0,18,11
7,700,21.000000,10000.000000,1,0,23060823,616,2,616,2,0,18,11
7,700,21.000000,10000.000000,1,0,23060826,616,2,616,2,0,18,11
7,700,21.000000,10000.000000,1,0,23060829,616,2,616,2,0,18,11
7,700,21.000000,10000.000000,1,0,23060832,616,2,616,2,0,18,11
7,700,21.000000,10000.000000,1,0,23060834,616,2,616,2,0,18,11
7,700,21.000000,10000.000000,1,0,23060837,616,2,616,2,0,18,11
7,700,21.000000,10000.000000,1,0,23060840,616,2,616,2,0,18,11
7,700,21.000000,10000.000000,1,0,23060843,616,2,616,2,0,18,11
7,700,21.000000,10000.000000,1,0,23060845,616,2,616,2,0,18,11
7,700,21.000000,10000.000000,1,0,23060848,616,2,616,2,0,18,11
7,700,21.000000,10000.000000,1,0,23060851,616,2,616,2,0,18,11
7,700,21.000000,10000.000000,1,0,23060854,616,2,616,2,0,18,11
7,700,21.000000,10000.000000,1,0,23060856,616,3,616,3,0,18,11
7,700,21.000000,10000.000000,1,0,23060859,616,4,616,4,0,18,11
7,700,21.000000,10000.000000,1,0,23060862,617,4,617,4,0,18,11
7,700,21.000000,10000.000000,1,0,23060865,617,4,617,4,0,18,11
7,700,21.000000,10000.000000,1,0,23060868,617,5,617,5,0,18,11
7,700,21.000000,10000.000000,1,0,23060871,617,6,617,6,0,18,11
7,700,21.000000,10000.000000,1,0,23060873,617,6,617,6,0,18,11
7,700,21.000000,10000.000000,1,0,23060876,617,7,617,7,0,18,11
7,700,21.000000,10000.000000,1,0,23060879,618,7,618,7,0,18,11
7,700,21.000000,10000.000000,1,0,23060882,618,8,618,8,0,18,11
7,700,21.000000,10000.000000,1,0,23060885,619,8,619,8,0,18,11
7,700,21.000000,10000.000000,1,0,23060887,620,10,620,10,0,18,11
7,700,21.000000,10000.000000,1,0,23060890,624,13,624,13,0,18,11
7,700,21.000000,10000.000000,1,0,23060892,625,15,625,15,0,18,11
7,700,21.000000,10000.000000,1,0,23060895,626,16,626,16,0,18,11
7,700,21.000000,10000.000000,1,0,23060898,627,18,627,18,0,18,11
7,700,21.000000,10000.000000,1,0,23060901,628,20,628,20,0,18,11
7,700,21.000000,10000.000000,1,0,23060904,632,24,632,24,0,18,11
7,700,21.000000,10000.000000,1,0,23060907,633,25,633,25,0,18,11
7,700,21.000000,10000.000000,1,0,23060909,635,28,635,28,0,18,11
7,700,21.000000,10000.000000,1,0,23060912,637,30,637,30,0,18,11
7,700,21.000000,10000.000000,1,0,23060915,640,32,640,32,0,18,11
7,700,21.000000,10000.000000,1,0,23060918,643,34,643,34,0,18,11
7,700,21.000000,10000.000000,1,0,23060921,645,36,645,36,0,18,11
7,700,21.000000,10000.000000,1,0,23060923,647,38,647,38,0,18,11
7,700,21.000000,10000.000000,1,0,23060926,650,39,650,39,0,18,11
7,700,21.000000,10000.000000,1,0,23060929,652,40,652,40,0,18,11
7,700,21.000000,10000.000000,1,0,23060931,655,42,655,42,0,18,11
7,700,21.000000,10000.000000,1,0,23060934,659,45,659,45,0,18,11
7,700,21.000000,10000.000000,1,0,23060937,663,48,663,48,0,18,11
7,700,21.000000,10000.000000,1,0,23060940,667,50,667,50,0,18,11
7,700,21.000000,10000.000000,1,0,23060942,671,52,671,52,0,18,11
7,700,21.000000,10000.000000,1,0,23060945,677,54,677,54,0,18,11
7,700,21.000000,10000.000000,1,0,23060948,680,54,680,54,0,18,11
7,700,21.000000,10000.000000,1,0,23060951,687,56,687,56,0,18,11
7,700,21.000000,10000.000000,1,0,23060954,693,58,693,58,0,18,11
7,700,21.000000,10000.000000,1,0,23060957,697,59,697,59,0,18,11
7,700,21.000000,10000.000000,1,0,23060959,708,61,708,61,0,18,11
7,700,21.000000,10000.000000,1,0,23060962,721,65,721,65,0,18,11
7,700,21.000000,10000.000000,1,0,23060965,725,66,725,66,0,18,11
7,700,21.000000,10000.000000,1,0,23060968,731,67,731,67,0,18,11
7,700,21.000000,10000.000000,1,0,23060970,739,69,739,69,0,18,11
7,700,21.000000,10000.000000,1,0,23060973,744,71,744,71,0,18,11
7,700,21.000000,10000.000000,1,0,23060976,749,72,749,72,0,18,11
7,700,21.000000,10000.000000,1,0,23060979,755,73,755,73,0,18,11
7,700,21.000000,10000.000000,1,0,23060982,761,74,761,74,0,18,11
7,700,21.000000,10000.000000,1,0,23060984,765,74,765,74,0,18,11
7,700,21.000000,10000.000000,1,0,23060987,773,75,773,75,0,18,11
7,700,21.000000,10000.000000,1,0,23060990,777,75,777,75,0,18,11
7,700,21.000000,10000.000000,1,0,23060993,783,75,783,75,0,18,11
7,700,21.000000,10000.000000,1,0,23060996,790,75,790,75,0,18,11
7,700,21.000000,10000.000000,1,0,23060998,798,76,798,76,0,18,11
7,700,21.000000,10000.000000,1,0,23061001,803,77,803,77,0,18,11
7,700,21.000000,10000.000000,1,0,23061004,810,78,810,78,0,18,11
7,700,21.000000,10000.000000,1,0,23061006,818,79,818,79,0,18,11
7,700,21.000000,10000.000000,1,0,23061009,834,80,834,80,0,18,11
7,700,21.000000,10000.000000,1,0,23061012,842,80,842,80,0,18,11
7,700,21.000000,10000.000000,1,0,23061015,850,81,850,81,0,18,11
7,700,21.000000,10000.000000,1,0,23061018,859,81,859,81,0,18,11
7,700,21.000000,10000.000000,1,0,23061021,867,81,867,81,0,18,11
7,700,21.000000,10000.000000,1,0,23061023,875,81,875,81,0,18,11
7,700,21.000000,10000.000000,1,0,23061026,883,81,883,81,0,18,11
7,700,21.000000,10000.000000,1,0,23061029,893,81,893,81,0,18,11
7,700,21.000000,10000.000000,1,0,23061032,901,80,901,80,0,18,11
7,700,21.000000,10000.000000,1,0,23061035,909,80,909,80,0,18,11
7,700,21.000000,10000.000000,1,0,23061037,920,80,920,80,0,18,11
7,700,21.000000,10000.000000,1,0,23061040,928,80,928,80,0,18,11
7,700,21.000000,10000.000000,1,0,23061043,936,80,936,80,0,18,11
7,700,21.000000,10000.000000,1,0,23061045,945,79,945,79,0,18,11
7,700,21.000000,10000.000000,1,0,23061048,955,79,955,79,0,18,11
7,700,21.000000,10000.000000,1,0,23061051,965,79,965,79,0,18,11
7,700,21.000000,10000.000000,1,0,23061054,976,78,976,78,0,18,11
7,700,21.000000,10000.000000,1,0,23061057,983,77,983,77,0,18,11
7,700,21.000000,10000.000000,1,0,23061059,991,77,991,77,0,18,11
7,700,21.000000,10000.000000,1,0,23061062,999,76,999,76,0,18,11
7,700,21.000000,10000.000000,1,0,23061065,1010,74,1010,74,0,18,11
7,700,21.000000,10000.000000,1,0,23061068,1018,73,1018,73,0,18,11
7,700,21.000000,10000.000000,1,0,23061071,1027,72,1027,72,0,18,11
7,700,21.000000,10000.000000,1,0,23061073,1035,71,1035,71,0,18,11
7,700,21.000000,10000.000000,1,0,23061076,1045,70,1045,70,0,18,11
7,700,21.000000,10000.000000,1,0,23061079,1053,70,1053,70,0,18,11
7,700,21.000000,10000.000000,1,0,23061082,1065,68,1065,68,0,18,11
7,700,21.000000,10000.000000,1,0,23061084,1073,67,1073,67,0,18,11
7,700,21.000000,10000.000000,1,0,23061087,1082,66,1082,66,0,18,11
7,700,21.000000,10000.000000,1,0,23061090,1087,65,1087,65,0,18,11
7,700,21.000000,10000.000000,1,0,23061093,1095,64,1095,64,0,18,11
7,700,21.000000,10000.000000,1,0,23061096,1098,63,1098,63,0,18,11
7,700,21.000000,10000.000000,1,0,23061098,1106,63,1106,63,0,18,11
7,700,21.000000,10000.000000,1,0,23061101,1112,60,1112,60,0,18,11
7,700,21.000000,10000.000000,1,0,23061104,1114,58,1114,58,0,18,11
7,700,21.000000,10000.000000,1,0,23061107,1120,57,1120,57,0,18,11
7,700,21.000000,10000.000000,1,0,23061110,1126,56,1126,56,0,18,11
7,700,21.000000,10000.000000,1,0,23061112,1130,56,1130,56,0,18,11
7,700,21.000000,10000.000000,1,0,23061115,1135,55,1135,55,0,18,11
7,700,21.000000,10000.000000,1,0,23061118,1138,55,1138,55,0,18,11
7,700,21.000000,10000.000000,1,0,23061120,1142,54,1142,54,0,18,11
7,700,21.000000,10000.000000,1,0,23061123,1147,51,1147,51,0,18,11
7,700,21.000000,10000.000000,1,0,23061126,1150,50,1150,50,0,18,11
7,700,21.000000,10000.000000,1,0,23061129,1155,49,1155,49,0,18,11
7,700,21.000000,10000.000000,1,0,23061132,1158,48,1158,48,0,18,11
7,700,21.000000,10000.000000,1,0,23061134,1160,46,1160,46,0,18,11
7,700,21.000000,10000.000000,1,0,23061137,1163,46,1163,46,0,18,11
7,700,21.000000,10000.000000,1,0,23061140,1165,44,1165,44,0,18,11
7,700,21.000000,10000.000000,1,0,23061143,1167,44,1167,44,0,18,11
7,700,21.000000,10000.000000,1,0,23061145,1170,43,1170,43,0,18,11
7,700,21.000000,10000.000000,1,0,23061148,1171,43,1171,43,0,18,11
7,700,21.000000,10000.000000,1,0,23061151,1173,42,1173,42,0,18,11
7,700,21.000000,10000.000000,1,0,23061154,1175,41,1175,41,0,18,11
7,700,21.000000,10000.000000,1,0,23061157,1178,40,1178,40,0,18,11
7,700,21.000000,10000.000000,1,0,23061159,1180,39,1180,39,0,18,11
7,700,21.000000,10000.000000,1,0,23061162,1182,39,1182,39,0,18,11
7,700,21.000000,10000.000000,1,0,23061165,1183,39,1183,39,0,18,11
7,700,21.000000,10000.000000,1,0,23061168,1185,39,1185,39,0,18,11
7,700,21.000000,10000.000000,1,0,23061171,1186,39,1186,39,0,18,11
7,700,21.000000,10000.000000,1,0,23061173,1188,38,1188,38,0,18,11
7,700,21.000000,10000.000000,1,0,23061176,1190,37,1190,37,0,18,11
7,700,21.000000,10000.000000,1,0,23061179,1192,37,1192,37,0,18,11
7,700,21.000000,10000.000000,1,0,23061182,1194,36,1194,36,0,18,11
7,700,21.000000,10000.000000,1,0,23061185,1195,35,1195,35,0,18,11
7,700,21.000000,10000.000000,1,0,23061187,1196,35,1196,35,0,18,11
7,700,21.000000,10000.000000,1,0,23061190,1199,34,1199,34,0,18,11
7,700,21.000000,10000.000000,1,0,23061193,1200,33,1200,33,0,18,11
7,700,21.000000,10000.000000,1,0,23061196,1202,33,1202,33,0,18,11
7,700,21.000000,10000.000000,1,0,23061199,1204,33,1204,33,0,18,11
7,700,21.000000,10000.000000,1,0,23061201,1205,32,1205,32,0,18,11
7,700,21.000000,10000.000000,1,0,23061204,1207,32,1207,32,0,18,11
7,700,21.000000,10000.000000,1,0,23061207,1210,32,1210,32,0,18,11
7,700,21.000000,10000.000000,1,0,23061209,1212,32,1212,32,0,18,11
7,700,21.000000,10000.000000,1,0,23061212,1213,32,1213,32,0,18,11
7,700,21.000000,10000.000000,1,0,23061215,1215,32,1215,32,0,18,11
7,700,21.000000,10000.000000,1,0,23061218,1219,32,1219,32,0,18,11
7,700,21.000000,10000.000000,1,0,23061221,1221,30,1221,30,0,18,11
7,700,21.000000,10000.000000,1,0,23061223,1222,30,1222,30,0,18,11
7,700,21.000000,10000.000000,1,0,23061226,1223,30,1223,30,0,18,11
7,700,21.000000,10000.000000,1,0,23061229,1225,30,1225,30,0,18,11
7,700,21.000000,10000.000000,1,0,23061232,1226,29,1226,29,0,18,11
7,700,21.000000,10000.000000,1,0,23061234,1227,29,1227,29,0,18,11
7,700,21.000000,10000.000000,1,0,23061237,1228,29,1228,29,0,18,11
7,700,21.000000,10000.000000,1,0,23061240,1231,28,1231,28,0,18,11
7,700,21.000000,10000.000000,1,0,23061243,1232,28,1232,28,0,18,11
7,700,21.000000,10000.000000,1,0,23061246,1232,27,1232,27,0,18,11
7,700,21.000000,10000.000000,1,0,23061248,1233,27,1233,27,0,18,11
7,700,21.000000,10000.000000,1,0,23061251,1234,27,1234,27,0,18,11
7,700,21.000000,10000.000000,1,0,23061254,1235,26,1235,26,0,18,11
7,700,21.000000,10000.000000,1,0,23061257,1237,26,1237,26,0,18,11
7,700,21.000000,10000.000000,1,0,23061259,1239,26,1239,26,0,18,11
7,700,21.000000,10000.000000,1,0,23061262,1241,26,1241,26,0,18,11
7,700,21.000000,10000.000000,1,0,23061265,1242,26,1242,26,0,18,11
7,700,21.000000,10000.000000,1,0,23061268,1243,26,1243,26,0,18,11
7,700,21.000000,10000.000000,1,0,23061271,1244,26,1244,26,0,18,11
7,700,21.000000,10000.000000,1,0,23061273,1246,26,1246,26,0,18,11
7,700,21.000000,10000.000000,1,0,23061276,1247,26,1247,26,0,18,11
7,700,21.000000,10000.000000,1,0,23061279,1248,26,1248,26,0,18,11
7,700,21.000000,10000.000000,1,0,23061282,1250,26,1250,26,0,18,11
7,700,21.000000,10000.000000,1,0,23061285,1252,26,1252,26,0,18,11
7,700,21.000000,10000.000000,1,0,23061287,1254,25,1254,25,0,18,11
7,700,21.000000,10000.000000,1,0,23061290,1256,25,1256,25,0,18,11
7,700,21.000000,10000.000000,1,0,23061293,1257,25,1257,25,0,18,11
7,700,21.000000,10000.000000,1,0,23061296,1259,25,1259,25,0,18,11
7,700,21.000000,10000.000000,1,0,23061299,1261,25,1261,25,0,18,11
7,700,21.000000,10000.000000,1,0,23061301,1263,25,1263,25,0,18,11
7,700,21.000000,10000.000000,1,0,23061304,1265,25,1265,25,0,18,11
7,700,21.000000,10000.000000,1,0,23061307,1267,25,1267,25,0,18,11
7,700,21.000000,10000.000000,1,0,23061310,1270,25,1270,25,0,18,11
7,700,21.000000,10000.000000,1,0,23061313,1271,24,1271,24,0,18,11
7,700,21.000000,10000.000000,1,0,23061315,1273,24,1273,24,0,18,11
7,700,21.000000,10000.000000,1,0,23061318,1275,23,1275,23,0,18,11
7,700,21.000000,10000.000000,1,0,23061321,1277,23,1277,23,0,18,11
7,700,21.000000,10000.000000,1,0,23061323,1279,23,1279,23,0,18,11
7,700,21.000000,10000.000000,1,0,23061326,1280,23,1280,23,0,18,11
7,700,21.000000,10000.000000,1,0,23061329,1283,23,1283,23,0,18,11
7,700,21.000000,10000.000000,1,0,23061332,1285,23,1285,23,0,18,11
7,700,21.000000,10000.000000,1,0,23061334,1287,23,1287,23,0,18,11
7,700,21.000000,10000.000000,1,0,23061338,1288,23,1288,23,0,18,11
7,700,21.000000,10000.000000,1,0,23061340,1289,23,1289,23,0,18,11
7,700,21.000000,10000.000000,1,0,23061343,1290,23,1290,23,0,18,11
7,700,21.000000,10000.000000,1,0,23061346,1292,23,1292,23,0,18,11
7,700,21.000000,10000.000000,1,0,23061349,1294,23,1294,23,0,18,11
7,700,21.000000,10000.000000,1,0,23061351,1294,23,1294,23,0,18,11
7,700,21.000000,10000.000000,1,0,23061354,1295,22,1295,22,0,18,11
7,700,21.000000,10000.000000,1,0,23061357,1296,21,1296,21,0,18,11
7,700,21.000000,10000.000000,1,0,23061360,1296,21,1296,21,0,18,11
7,700,21.000000,10000.000000,1,0,23061363,1296,21,1296,21,0,18,11
7,700,21.000000,10000.000000,1,0,23061365,1296,21,1296,21,0,18,11
7,700,21.000000,10000.000000,1,0,23061368,1296,21,1296,21,0,18,11
7,700,21.000000,10000.000000,1,0,23061370,1296,21,1296,21,0,18,11
7,700,21.000000,10000.000000,1,0,23061373,1296,21,1296,21,0,18,11
7,700,21.000000,10000.000000,1,0,23061377,1296,21,1296,21,0,18,11
7,700,21.000000,10000.000000,1,0,23061379,1296,21,1296,21,0,18,11
7,700,21.000000,10000.000000,1,0,23061382,1296,21,1296,21,0,18,11
7,700,21.000000,10000.000000,1,0,23061384,1296,21,1296,21,0,18,11
7,700,21.000000,10000.000000,1,0,23061387,1296,21,1296,21,0,18,11
7,700,21.000000,10000.000000,1,0,23061390,1296,21,1296,21,0,18,11
7,700,21.000000,10000.000000,1,0,23061393,1296,21,1296,21,0,18,11
7,700,21.000000,10000.000000,1,0,23061396,1296,21,1296,21,0,18,11
7,700,21.000000,10000.000000,1,0,23061399,1296,21,1296,21,0,18,11
7,700,21.000000,10000.000000,1,0,23061401,1296,21,1296,21,0,18,11
7,700,21.000000,10000.000000,1,0,23061404,1296,21,1296,21,0,18,11
7,700,21.000000,10000.000000,1,0,23061407,1296,21,1296,21,0,18,11
7,700,21.000000,10000.000000,1,0,23061410,1296,21,1296,21,0,18,11
7,700,21.000000,10000.000000,1,0,23061412,1296,21,1296,21,0,18,11
7,700,21.000000,10000.000000,1,0,23061415,1296,21,1296,21,0,18,11
7,700,21.000000,10000.000000,1,0,23061418,1296,21,1296,21,0,18,11
7,700,21.000000,10000.000000,1,0,23061421,1296,21,1296,21,0,18,11
7,700,21.000000,10000.000000,1,0,23061424,1296,21,1296,21,0,18,11
7,700,21.000000,10000.000000,1,0,23061426,1296,21,1296,21,0,18,11
7,700,21.000000,10000.000000,1,0,23061429,1296,21,1296,21,0,18,11
7,700,21.000000,10000.000000,1,0,23061432,1296,21,1296,21,0,18,11
7,700,21.000000,10000.000000,1,0,23061435,1296,21,1296,21,0,18,11
7,700,21.000000,10000.000000,1,0,23061438,1296,21,1296,21,0,18,11
7,700,21.000000,10000.000000,1,0,23061440,1296,21,1296,21,0,18,11
7,700,21.000000,10000.000000,1,0,23061443,1296,21,1296,21,0,18,11
7,700,21.000000,10000.000000,1,0,23061446,1296,21,1296,21,0,18,11
7,700,21.000000,10000.000000,1,0,23061448,1296,21,1296,21,0,18,11
7,700,21.000000,10000.000000,1,0,23061451,1296,21,1296,21,0,18,11
7,700,21.000000,10000.000000,1,0,23061454,1296,21,1296,21,0,18,11
7,700,21.000000,10000.000000,1,0,23061457,1296,21,1296,21,0,18,11
7,700,21.000000,10000.000000,1,0,23061459,1296,21,1296,21,0,18,11
7,700,21.000000,10000.000000,1,0,23061462,1296,21,1296,21,0,18,11
7,700,21.000000,10000.000000,1,0,23061465,1296,21,1296,21,0,18,11
7,700,21.000000,10000.000000,1,0,23061468,1296,21,1296,21,0,18,11
7,700,21.000000,10000.000000,1,0,23061471,1296,21,1296,21,0,18,11
7,700,21.000000,10000.000000,1,0,23061474,1296,21,1296,21,0,18,11
7,700,21.000000,10000.000000,1,0,23061476,1296,21,1296,21,0,18,11
7,700,21.000000,10000.000000,1,0,23061479,1296,21,1296,21,0,18,11
7,700,21.000000,10000.000000,1,0,23061482,1296,21,1296,21,0,18,11
7,700,21.000000,10000.000000,1,0,23061485,1296,21,1296,21,0,18,11
7,700,21.000000,10000.000000,1,0,23061487,1296,21,1296,21,0,18,11
7,700,21.000000,10000.000000,1,0,23061490,1296,21,1296,21,0,18,11
7,700,21.000000,10000.000000,1,0,23061493,1296,21,1296,21,0,18,11
7,700,21.000000,10000.000000,1,0,23061496,1296,21,1296,21,0,18,11
7,700,21.000000,10000.000000,1,0,23061499,1296,21,1296,21,0,18,11
7,700,21.000000,10000.000000,1,0,23061502,1296,21,1296,21,0,18,11
7,700,21.000000,10000.000000,1,0,23061504,1296,21,1296,21,0,18,11
7,700,21.000000,10000.000000,1,0,23061507,1296,21,1296,21,0,18,11
7,700,21.000000,10000.000000,1,0,23061509,1296,21,1296,21,0,18,11
7,700,21.000000,10000.000000,1,0,23061512,1296,21,1296,21,0,18,11
7,700,21.000000,10000.000000,1,0,23061515,1296,21,1296,21,0,18,11
7,700,21.000000,10000.000000,1,0,23061518,1296,21,1296,21,0,18,11
7,700,21.000000,10000.000000,1,0,23061521,1296,21,1296,21,0,18,11
7,700,21.000000,10000.000000,1,0,23061523,1296,21,1296,21,0,18,11
7,700,21.000000,10000.000000,1,0,23061526,1296,21,1296,21,0,18,11
7,700,21.000000,10000.000000,1,0,23061529,1296,21,1296,21,0,18,11
7,700,21.000000,10000.000000,1,0,23061532,1296,21,1296,21,0,18,11
7,700,21.000000,10000.000000,1,0,23061535,1296,21,1296,21,0,18,11
7,700,21.000000,10000.000000,1,0,23061537,1296,21,1296,21,0,18,11
7,700,21.000000,10000.000000,1,0,23061540,1296,21,1296,21,0,18,11
7,700,21.000000,10000.000000,1,0,23061543,1296,21,1296,21,0,18,11
7,700,21.000000,10000.000000,1,0,23061546,1296,21,1296,21,0,18,11
7,700,21.000000,10000.000000,1,0,23061549,1296,21,1296,21,0,18,11
7,700,21.000000,10000.000000,1,0,23061551,1296,21,1296,21,0,18,11
7,700,21.000000,10000.000000,1,0,23061554,1296,21,1296,21,0,18,11
7,700,21.000000,10000.000000,1,0,23061557,1296,21,1296,21,0,18,11
7,700,21.000000,10000.000000,1,0,23061560,1296,21,1296,21,0,18,11
7,700,21.000000,10000.000000,1,0,23061563,1296,21,1296,21,0,18,11
7,700,21.000000,10000.000000,1,0,23061565,1296,21,1296,21,0,18,11
7,700,21.000000,10000.000000,1,0,23061568,1296,21,1296,21,0,18,11
7,700,21.000000,10000.000000,1,0,23061571,1296,21,1296,21,0,18,11
7,700,21.000000,10000.000000,1,0,23061574,1296,21,1296,21,0,18,11
7,700,21.000000,10000.000000,1,0,23061577,1296,21,1296,21,0,18,11
7,700,21.000000,10000.000000,1,0,23061579,1296,21,1296,21,0,18,11
7,700,21.000000,10000.000000,1,0,23061582,1296,21,1296,21,0,18,11
7,700,21.000000,10000.000000,1,0,23061585,1296,21,1296,21,0,18,11
7,700,21.000000,10000.000000,1,0,23061588,1296,21,1296,21,0,18,11
7,700,21.000000,10000.000000,1,0,23061590,1296,21,1296,21,0,18,11
7,700,21.000000,10000.000000,1,0,23061593,1296,21,1296,21,0,18,11
7,700,21.000000,10000.000000,1,0,23061596,1296,21,1296,21,0,18,11
7,700,21.000000,10000.000000,1,0,23061599,1296,21,1296,21,0,18,11
7,700,21.000000,10000.000000,1,0,23061602,1296,21,1296,21,0,18,11
7,700,21.000000,10000.000000,1,0,23061604,1296,21,1296,21,0,18,11
7,700,21.000000,10000.000000,1,0,23061607,1296,21,1296,21,0,18,11
7,700,21.000000,10000.000000,1,0,23061610,1296,21,1296,21,0,18,11
7,700,21.000000,10000.000000,1,0,23061612,1297,21,1297,21,0,18,11
7,700,21.000000,10000.000000,1,0,23061615,1298,21,1298,21,0,18,11
7,700,21.000000,10000.000000,1,0,23061618,1298,21,1298,21,0,18,11
7,700,21.000000,10000.000000,1,0,23061621,1298,20,1298,20,0,18,11
7,700,21.000000,10000.000000,1,0,23061624,1298,19,1298,19,0,18,11
7,700,21.000000,10000.000000,1,0,23061626,1298,19,1298,19,0,18,11
7,700,21.000000,10000.000000,1,0,23061629,1298,19,1298,19,0,18,11
7,700,21.000000,10000.000000,1,0,23061632,1298,19,1298,19,0,18,11
7,700,21.000000,10000.000000,1,0,23061635,1298,19,1298,19,0,18,11
7,700,21.000000,10000.000000,1,0,23061638,1298,18,1298,18,0,18,11
7,700,21.000000,10000.000000,1,0,23061640,1298,18,1298,18,0,18,11
7,700,21.000000,10000.000000,1,0,23061643,1299,18,1299,18,0,18,11
7,700,21.000000,10000.000000,1,0,23061646,1301,18,1301,18,0,18,11
7,700,21.000000,10000.000000,1,0,23061649,1301,17,1301,17,0,18,11
7,700,21.000000,10000.000000,1,0,23061652,1301,16,1301,16,0,18,11
7,700,21.000000,10000.000000,1,0,23061654,1301,16,1301,16,0,18,11
7,700,21.000000,10000.000000,1,0,23061657,1301,16,1301,16,0,18,11
7,700,21.000000,10000.000000,1,0,23061660,1301,15,1301,15,0,18,11
7,700,21.000000,10000.000000,1,0,23061662,1301,14,1301,14,0,18,11
7,700,21.000000,10000.000000,1,0,23061665,1301,14,1301,14,0,18,11
7,700,21.000000,10000.000000,1,0,23061668,1301,13,1301,13,0,18,11
7,700,21.000000,10000.000000,1,0,23061671,1302,13,1302,13,0,18,11
7,700,21.000000,10000.000000,1,0,23061673,1303,13,1303,13,0,18,11
7,700,21.000000,10000.000000,1,0,23061676,1304,13,1304,13,0,18,11
7,700,21.000000,10000.000000,1,0,23061679,1305,13,1305,13,0,18,11
7,700,21.000000,10000.000000,1,0,23061682,1305,13,1305,13,0,18,11
7,700,21.000000,10000.000000,1,0,23061685,1305,13,1305,13,0,18,11
7,700,21.000000,10000.000000,1,0,23061687,1305,12,1305,12,0,18,11
7,700,21.000000,10000.000000,1,0,23061690,1305,11,1305,11,0,18,11
7,700,21.000000,10000.000000,1,0,23061693,1305,10,1305,10,0,18,11
7,700,21.000000,10000.000000,1,0,23061696,1306,8,1306,8,0,18,11
7,700,21.000000,10000.000000,1,0,23061699,1306,8,1306,8,0,18,11
7,700,21.000000,10000.000000,1,0,23061702,1306,8,1306,8,0,18,11
7,700,21.000000,10000.000000,1,0,23061704,1306,8,1306,8,0,18,11
7,700,21.000000,10000.000000,1,0,23061707,1306,8,1306,8,0,18,11
7,700,21.000000,10000.000000,1,0,23061710,1306,8,1306,8,0,18,11
7,700,21.000000,10000.000000,1,0,23061712,1306,8,1306,8,0,18,11
7,700,21.000000,10000.000000,1,0,23061715,1306,8,1306,8,0,18,11
7,700,21.000000,10000.000000,1,0,23061718,1306,8,1306,8,0,18,11
7,700,21.000000,10000.000000,1,0,23061721,1306,8,1306,8,0,18,11
7,700,21.000000,10000.000000,1,0,23061724,1306,8,1306,8,0,18,11
7,700,21.000000,10000.000000,1,0,23061726,1306,8,1306,8,0,18,11
7,700,21.000000,10000.000000,1,0,23061729,1306,8,1306,8,0,18,11
7,700,21.000000,10000.000000,1,0,23061732,1306,8,1306,8,0,18,11
7,700,21.000000,10000.000000,1,0,23061735,1306,8,1306,8,0,18,11
7,700,21.000000,10000.000000,1,0,23061738,1306,8,1306,8,0,18,11
7,700,21.000000,10000.000000,1,0,23061740,1306,8,1306,8,0,18,11
7,700,21.000000,10000.000000,1,0,23061754,1306,8,1306,8,0,18,11
