7,700,80.500000,42.000000,0,0,23567732,609,0,609,0,0,31,7
7,700,80.500000,42.000000,0,0,23567733,609,0,609,0,0,31,7
7,700,80.500000,42.000000,0,0,23567735,609,0,609,0,0,31,7
7,700,80.500000,42.000000,0,0,23567738,609,0,609,0,0,31,7
7,700,80.500000,42.000000,0,0,23567741,609,0,609,0,0,31,7
7,700,80.500000,42.000000,0,0,23567744,609,0,609,0,0,31,7
7,700,80.500000,42.000000,0,0,23567746,609,0,609,0,0,31,7
7,700,80.500000,42.000000,0,0,23567749,609,0,609,0,0,31,7
7,700,80.500000,42.000000,0,0,23567752,609,0,609,0,0,31,7
7,700,80.500000,42.000000,0,0,23567755,609,0,609,0,0,31,7
7,700,80.500000,42.000000,0,0,23567758,609,0,609,0,0,31,7
7,700,80.500000,42.000000,0,0,23567760,609,0,609,0,0,31,7
7,700,80.500000,42.000000,0,0,23567763,609,0,609,0,0,31,7
7,700,80.500000,42.000000,0,0,23567766,609,0,609,0,0,31,7
7,700,80.500000,42.000000,0,0,23567769,609,0,609,-1,0,31,7
7,700,80.500000,42.000000,0,0,23567771,609,0,609,-2,0,31,7
7,700,80.500000,42.000000,0,0,23567774,609,0,609,-2,0,31,7
7,700,80.500000,42.000000,0,0,23567777,609,0,609,-2,0,31,7
7,700,80.500000,42.000000,0,0,23567780,609,0,609,-2,0,31,7
7,700,80.500000,42.000000,0,0,23567783,609,0,609,-2,0,31,7
7,700,80.500000,42.000000,0,0,23567785,609,0,609,-2,0,31,7
7,700,80.500000,42.000000,0,0,23567788,609,0,609,-3,0,31,7
7,700,80.500000,42.000000,0,0,23567791,610,0,610,-3,0,31,7
7,700,80.500000,42.000000,0,0,23567794,611,0,611,-3,0,31,7
7,700,80.500000,42.000000,0,0,23567797,612,0,612,-3,0,31,7
7,700,80.500000,42.000000,0,0,23567799,612,0,612,-3,0,31,7
7,700,80.500000,42.000000,0,0,23567802,613,0,613,-4,0,31,7
7,700,80.500000,42.000000,0,0,23567805,614,0,614,-4,0,31,7
7,700,80.500000,42.000000,0,0,23567808,615,0,615,-4,0,31,7
7,700,80.500000,42.000000,0,0,23567811,616,0,616,-4,0,31,7
7,700,80.500000,42.000000,0,0,23567813,617,0,617,-6,0,31,7
7,700,80.500000,42.000000,0,0,23567816,619,0,619,-6,0,31,7
7,700,80.500000,42.000000,0,0,23567818,620,0,620,-7,0,31,7
7,700,80.500000,42.000000,0,0,23567821,622,0,622,-7,0,31,7
7,700,80.500000,42.000000,0,0,23567824,623,0,623,-7,0,31,7
7,700,80.500000,42.000000,0,0,23567827,624,0,624,-8,0,31,7
7,700,80.500000,42.000000,0,0,23567830,626,0,626,-8,0,31,7
7,700,80.500000,42.000000,0,0,23567832,627,0,627,-8,0,31,7
7,700,80.500000,42.000000,0,0,23567836,630,0,630,-11,0,31,7
7,700,80.500000,42.000000,0,0,23567838,632,0,632,-11,0,31,7
7,700,80.500000,42.000000,0,0,23567841,635,0,635,-12,0,31,7
7,700,80.500000,42.000000,0,0,23567843,638,0,638,-14,0,31,7
7,700,80.500000,42.000000,0,0,23567846,641,0,641,-16,0,31,7
7,700,80.500000,42.000000,0,0,23567849,644,0,644,-17,0,31,7
7,700,80.500000,42.000000,0,0,23567852,648,0,648,-18,0,31,7
7,700,80.500000,42.000000,0,0,23567855,652,0,652,-18,0,31,7
7,700,80.500000,42.000000,0,0,23567857,657,0,657,-19,0,31,7
7,700,80.500000,42.000000,0,0,23567861,662,0,662,-22,0,31,7
7,700,80.500000,42.000000,0,0,23567863,668,0,668,-24,0,31,7
7,700,80.500000,42.000000,0,0,23567866,673,0,673,-26,0,31,7
7,700,80.500000,42.000000,0,0,23567869,678,0,678,-28,0,31,7
7,700,80.500000,42.000000,0,0,23567871,689,0,689,-30,0,31,7
7,700,80.500000,42.000000,0,0,23567874,698,0,698,-32,0,31,7
7,700,80.500000,42.000000,0,0,23567877,705,0,705,-33,0,31,7
7,700,80.500000,42.000000,0,0,23567880,712,0,712,-34,0,31,7
7,700,80.500000,42.000000,0,0,23567883,722,0,722,-36,0,31,7
7,700,80.500000,42.000000,0,0,23567885,732,0,732,-39,0,31,7
7,700,80.500000,42.000000,0,0,23567888,743,0,743,-40,0,31,7
7,700,80.500000,42.000000,0,0,23567891,752,0,752,-43,0,31,7
7,700,80.500000,42.000000,0,0,23567894,773,0,773,-47,0,31,7
7,700,80.500000,42.000000,0,0,23567897,781,0,781,-50,0,31,7
7,700,80.500000,42.000000,0,0,23567899,794,0,794,-51,0,31,7
7,700,80.500000,42.000000,0,0,23567902,809,0,809,-52,0,31,7
7,700,80.500000,42.000000,0,0,23567905,821,0,821,-53,0,31,7
7,700,80.500000,42.000000,0,0,23567908,835,0,835,-54,0,31,7
7,700,80.500000,42.000000,0,0,23567911,848,0,848,-55,0,31,7
7,700,80.500000,42.000000,0,0,23567913,861,0,861,-55,0,31,7
7,700,80.500000,42.000000,0,0,23567916,871,0,871,-56,0,31,7
7,700,80.500000,42.000000,0,0,23567919,885,0,885,-57,0,31,7
7,700,80.500000,42.000000,0,0,23567921,896,0,896,-59,0,31,7
7,700,80.500000,42.000000,0,0,23567924,910,0,910,-59,0,31,7
7,700,80.500000,42.000000,0,0,23567927,923,0,923,-59,0,31,7
7,700,80.500000,42.000000,0,0,23567930,936,0,936,-59,0,31,7
7,700,80.500000,42.000000,0,0,23567933,948,0,948,-61,0,31,7
7,700,80.500000,42.000000,0,0,23567935,962,0,962,-62,0,31,7
7,700,80.500000,42.000000,0,0,23567938,974,0,974,-63,0,31,7
7,700,80.500000,42.000000,0,0,23567941,987,0,987,-66,0,31,7
7,700,80.500000,42.000000,0,0,23567944,1001,0,1001,-67,0,31,7
7,700,80.500000,42.000000,0,0,23567947,1013,0,1013,-68,0,31,7
7,700,80.500000,42.000000,0,0,23567949,1025,0,1025,-69,0,31,7
7,700,80.500000,42.000000,0,0,23567952,1038,0,1038,-70,0,31,7
7,700,80.500000,42.000000,0,0,23567955,1049,0,1049,-70,0,31,7
7,700,80.500000,42.000000,0,0,23567958,1059,0,1059,-71,0,31,7
7,700,80.500000,42.000000,0,0,23567961,1071,0,1071,-73,0,31,7
7,700,80.500000,42.000000,0,0,23567963,1082,0,1082,-74,0,31,7
7,700,80.500000,42.000000,0,0,23567966,1091,0,1091,-75,0,31,7
7,700,80.500000,42.000000,0,0,23567969,1099,0,1099,-76,0,31,7
7,700,80.500000,42.000000,0,0,23567972,1109,0,1109,-77,0,31,7
7,700,80.500000,42.000000,0,0,23567974,1119,0,1119,-78,0,31,7
7,700,80.500000,42.000000,0,0,23567977,1125,0,1125,-78,0,31,7
7,700,80.500000,42.000000,0,0,23567980,1133,0,1133,-78,0,31,7
7,700,80.500000,42.000000,0,0,23567982,1137,0,1137,-79,0,31,7
7,700,80.500000,42.000000,0,0,23567985,1146,0,1146,-79,0,31,7
7,700,80.500000,42.000000,0,0,23567988,1150,0,1150,-79,0,31,7
7,700,80.500000,42.000000,0,0,23567991,1155,0,1155,-79,0,31,7
7,700,80.500000,42.000000,0,0,23567994,1162,0,1162,-79,0,31,7
7,700,80.500000,42.000000,0,0,23567996,1165,0,1165,-79,0,31,7
7,700,80.500000,42.000000,0,0,23567999,1168,0,1168,-79,0,31,7
7,700,80.500000,42.000000,0,0,23568002,1170,0,1170,-79,0,31,7
7,700,80.500000,42.000000,0,0,23568005,1174,0,1174,-79,0,31,7
7,700,80.500000,42.000000,0,0,23568008,1177,0,1177,-79,0,31,7
7,700,80.500000,42.000000,0,0,23568011,1179,0,1179,-79,0,31,7
7,700,80.500000,42.000000,0,0,23568013,1181,0,1181,-79,0,31,7
7,700,80.500000,42.000000,0,0,23568016,1182,0,1182,-81,0,31,7
7,700,80.500000,42.000000,0,0,23568019,1184,0,1184,-81,0,31,7
7,700,80.500000,42.000000,0,0,23568022,1186,0,1186,-81,0,31,7
7,700,80.500000,42.000000,0,0,23568024,1186,0,1186,-82,0,31,7
7,700,80.500000,42.000000,0,0,23568027,1187,0,1187,-83,0,31,7
7,700,80.500000,42.000000,0,0,23568030,1188,0,1188,-83,0,31,7
7,700,80.500000,42.000000,0,0,23568033,1191,0,1191,-83,0,31,7
7,700,80.500000,42.000000,0,0,23568036,1192,0,1192,-83,0,31,7
7,700,80.500000,42.000000,0,0,23568038,1193,0,1193,-84,0,31,7
7,700,80.500000,42.000000,0,0,23568041,1195,0,1195,-84,0,31,7
7,700,80.500000,42.000000,0,0,23568044,1196,0,1196,-85,0,31,7
7,700,80.500000,42.000000,0,0,23568047,1198,0,1198,-85,0,31,7
7,700,80.500000,42.000000,0,0,23568049,1200,0,1200,-85,0,31,7
7,700,80.500000,42.000000,0,0,23568052,1201,0,1201,-85,0,31,7
7,700,80.500000,42.000000,0,0,23568055,1203,0,1203,-86,0,31,7
7,700,80.500000,42.000000,0,0,23568058,1205,0,1205,-87,0,31,7
7,700,80.500000,42.000000,0,0,23568061,1206,0,1206,-87,0,31,7
7,700,80.500000,42.000000,0,0,23568063,1208,0,1208,-88,0,31,7
7,700,80.500000,42.000000,0,0,23568066,1209,0,1209,-89,0,31,7
7,700,80.500000,42.000000,0,0,23568069,1212,0,1212,-89,0,31,7
7,700,80.500000,42.000000,0,0,23568072,1212,0,1212,-90,0,31,7
7,700,80.500000,42.000000,0,0,23568075,1214,0,1214,-91,0,31,7
7,700,80.500000,42.000000,0,0,23568077,1216,0,1216,-91,0,31,7
7,700,80.500000,42.000000,0,0,23568080,1217,0,1217,-91,0,31,7
7,700,80.500000,42.000000,0,0,23568083,1218,0,1218,-92,0,31,7
7,700,80.500000,42.000000,0,0,23568086,1219,0,1219,-92,0,31,7
7,700,80.500000,42.000000,0,0,23568089,1220,0,1220,-92,0,31,7
7,700,80.500000,42.000000,0,0,23568091,1221,0,1221,-92,0,31,7
7,700,80.500000,42.000000,0,0,23568094,1222,0,1222,-93,0,31,7
7,700,80.500000,42.000000,0,0,23568096,1223,0,1223,-94,0,31,7
7,700,80.500000,42.000000,0,0,23568099,1224,0,1224,-95,0,31,7
7,700,80.500000,42.000000,0,0,23568102,1225,0,1225,-95,0,31,7
7,700,80.500000,42.000000,0,0,23568105,1226,0,1226,-95,0,31,7
7,700,80.500000,42.000000,0,0,23568108,1226,0,1226,-96,0,31,7
7,700,80.500000,42.000000,0,0,23568110,1226,0,1226,-96,0,31,7
7,700,80.500000,42.000000,0,0,23568113,1226,0,1226,-96,0,31,7
7,700,80.500000,42.000000,0,0,23568116,1227,0,1227,-96,0,31,7
7,700,80.500000,42.000000,0,0,23568119,1227,0,1227,-96,0,31,7
7,700,80.500000,42.000000,0,0,23568122,1227,0,1227,-96,0,31,7
7,700,80.500000,42.000000,0,0,23568124,1228,0,1228,-96,0,31,7
7,700,80.500000,42.000000,0,0,23568127,1228,0,1228,-96,0,31,7
7,700,80.500000,42.000000,0,0,23568130,1228,0,1228,-96,0,31,7
7,700,80.500000,42.000000,0,0,23568133,1228,0,1228,-96,0,31,7
7,700,80.500000,42.000000,0,0,23568136,1228,0,1228,-96,0,31,7
7,700,80.500000,42.000000,0,0,23568138,1229,0,1229,-96,0,31,7
7,700,80.500000,42.000000,0,0,23568141,1230,0,1230,-96,0,31,7
7,700,80.500000,42.000000,0,0,23568144,1230,0,1230,-96,0,31,7
7,700,80.500000,42.000000,0,0,23568147,1230,0,1230,-96,0,31,7
7,700,80.500000,42.000000,0,0,23568150,1230,0,1230,-96,0,31,7
7,700,80.500000,42.000000,0,0,23568152,1230,0,1230,-96,0,31,7
7,700,80.500000,42.000000,0,0,23568155,1230,0,1230,-96,0,31,7
7,700,80.500000,42.000000,0,0,23568158,1230,0,1230,-96,0,31,7
7,700,80.500000,42.000000,0,0,23568161,1230,0,1230,-96,0,31,7
7,700,80.500000,42.000000,0,0,23568163,1230,0,1230,-96,0,31,7
7,700,80.500000,42.000000,0,0,23568166,1230,0,1230,-96,0,31,7
7,700,80.500000,42.000000,0,0,23568169,1230,0,1230,-96,0,31,7
7,700,80.500000,42.000000,0,0,23568172,1230,0,1230,-96,0,31,7
7,700,80.500000,42.000000,0,0,23568175,1230,0,1230,-96,0,31,7
7,700,80.500000,42.000000,0,0,23568177,1230,0,1230,-96,0,31,7
7,700,80.500000,42.000000,0,0,23568180,1230,0,1230,-96,0,31,7
7,700,80.500000,42.000000,0,0,23568183,1231,0,1231,-96,0,31,7
7,700,80.500000,42.000000,0,0,23568185,1232,0,1232,-96,0,31,7
7,700,80.500000,42.000000,0,0,23568188,1232,0,1232,-96,0,31,7
7,700,80.500000,42.000000,0,0,23568191,1232,0,1232,-96,0,31,7
7,700,80.500000,42.000000,0,0,23568194,1232,0,1232,-97,0,31,7
7,700,80.500000,42.000000,0,0,23568197,1232,0,1232,-98,0,31,7
7,700,80.500000,42.000000,0,0,23568199,1232,0,1232,-98,0,31,7
7,700,80.500000,42.000000,0,0,23568202,1232,0,1232,-98,0,31,7
7,700,80.500000,42.000000,0,0,23568205,1233,0,1233,-98,0,31,7
7,700,80.500000,42.000000,0,0,23568208,1235,0,1235,-98,0,31,7
7,700,80.500000,42.000000,0,0,23568211,1235,0,1235,-98,0,31,7
7,700,80.500000,42.000000,0,0,23568213,1236,0,1236,-98,0,31,7
7,700,80.500000,42.000000,0,0,23568216,1237,0,1237,-98,0,31,7
7,700,80.500000,42.000000,0,0,23568219,1237,0,1237,-98,0,31,7
7,700,80.500000,42.000000,0,0,23568222,1238,0,1238,-98,0,31,7
7,700,80.500000,42.000000,0,0,23568224,1239,0,1239,-98,0,31,7
7,700,80.500000,42.000000,0,0,23568227,1239,0,1239,-98,0,31,7
7,700,80.500000,42.000000,0,0,23568230,1240,0,1240,-98,0,31,7
7,700,80.500000,42.000000,0,0,23568233,1241,0,1241,-98,0,31,7
7,700,80.500000,42.000000,0,0,23568236,1241,0,1241,-98,0,31,7
7,700,80.500000,42.000000,0,0,23568238,1242,0,1242,-98,0,31,7
7,700,80.500000,42.000000,0,0,23568241,1242,0,1242,-98,0,31,7
7,700,80.500000,42.000000,0,0,23568244,1243,0,1243,-98,0,31,7
7,700,80.500000,42.000000,0,0,23568247,1244,0,1244,-98,0,31,7
7,700,80.500000,42.000000,0,0,23568250,1245,0,1245,-99,0,31,7
7,700,80.500000,42.000000,0,0,23568252,1247,0,1247,-101,0,31,7
7,700,80.500000,42.000000,0,0,23568255,1248,0,1248,-101,0,31,7
7,700,80.500000,42.000000,0,0,23568258,1249,0,1249,-101,0,31,7
7,700,80.500000,42.000000,0,0,23568261,1250,0,1250,-101,0,31,7
7,700,80.500000,42.000000,0,0,23568264,1251,0,1251,-101,0,31,7
7,700,80.500000,42.000000,0,0,23568266,1252,0,1252,-101,0,31,7
7,700,80.500000,42.000000,0,0,23568269,1253,0,1253,-101,0,31,7
7,700,80.500000,42.000000,0,0,23568272,1254,0,1254,-101,0,31,7
7,700,80.500000,42.000000,0,0,23568275,1255,0,1255,-101,0,31,7
7,700,80.500000,42.000000,0,0,23568278,1256,0,1256,-102,0,31,7
7,700,80.500000,42.000000,0,0,23568280,1258,0,1258,-102,0,31,7
7,700,80.500000,42.000000,0,0,23568283,1260,0,1260,-102,0,31,7
7,700,80.500000,42.000000,0,0,23568286,1260,0,1260,-102,0,31,7
7,700,80.500000,42.000000,0,0,23568288,1261,0,1261,-102,0,31,7
7,700,80.500000,42.000000,0,0,23568291,1261,0,1261,-103,0,31,7
7,700,80.500000,42.000000,0,0,23568294,1261,0,1261,-104,0,31,7
7,700,80.500000,42.000000,0,0,23568297,1262,0,1262,-104,0,31,7
7,700,80.500000,42.000000,0,0,23568299,1263,0,1263,-104,0,31,7
7,700,80.500000,42.000000,0,0,23568302,1264,0,1264,-104,0,31,7
7,700,80.500000,42.000000,0,0,23568305,1265,0,1265,-104,0,31,7
7,700,80.500000,42.000000,0,0,23568308,1266,0,1266,-104,0,31,7
7,700,80.500000,42.000000,0,0,23568311,1267,0,1267,-104,0,31,7
7,700,80.500000,42.000000,0,0,23568313,1268,0,1268,-104,0,31,7
7,700,80.500000,42.000000,0,0,23568316,1268,0,1268,-104,0,31,7
7,700,80.500000,42.000000,0,0,23568319,1268,0,1268,-104,0,31,7
7,700,80.500000,42.000000,0,0,23568322,1269,0,1269,-104,0,31,7
7,700,80.500000,42.000000,0,0,23568325,1270,0,1270,-104,0,31,7
7,700,80.500000,42.000000,0,0,23568327,1271,0,1271,-104,0,31,7
7,700,80.500000,42.000000,0,0,23568330,1271,0,1271,-104,0,31,7
7,700,80.500000,42.000000,0,0,23568333,1271,0,1271,-104,0,31,7
7,700,80.500000,42.000000,0,0,23568336,1271,0,1271,-104,0,31,7
7,700,80.500000,42.000000,0,0,23568339,1271,0,1271,-104,0,31,7
7,700,80.500000,42.000000,0,0,23568341,1271,0,1271,-104,0,31,7
7,700,80.500000,42.000000,0,0,23568344,1271,0,1271,-104,0,31,7
7,700,80.500000,42.000000,0,0,23568347,1271,0,1271,-104,0,31,7
7,700,80.500000,42.000000,0,0,23568350,1271,0,1271,-104,0,31,7
7,700,80.500000,42.000000,0,0,23568352,1272,0,1272,-104,0,31,7
7,700,80.500000,42.000000,0,0,23568355,1273,0,1273,-104,0,31,7
7,700,80.500000,42.000000,0,0,23568358,1273,0,1273,-105,0,31,7
7,700,80.500000,42.000000,0,0,23568361,1273,0,1273,-106,0,31,7
7,700,80.500000,42.000000,0,0,23568364,1273,0,1273,-106,0,31,7
7,700,80.500000,42.000000,0,0,23568366,1273,0,1273,-106,0,31,7
7,700,80.500000,42.000000,0,0,23568369,1273,0,1273,-106,0,31,7
7,700,80.500000,42.000000,0,0,23568372,1273,0,1273,-106,0,31,7
7,700,80.500000,42.000000,0,0,23568374,1273,0,1273,-106,0,31,7
7,700,80.500000,42.000000,0,0,23568377,1273,0,1273,-106,0,31,7
7,700,80.500000,42.000000,0,0,23568380,1273,0,1273,-106,0,31,7
7,700,80.500000,42.000000,0,0,23568383,1273,0,1273,-106,0,31,7
7,700,80.500000,42.000000,0,0,23568386,1273,0,1273,-106,0,31,7
7,700,80.500000,42.000000,0,0,23568388,1273,0,1273,-106,0,31,7
7,700,80.500000,42.000000,0,0,23568391,1274,0,1274,-106,0,31,7
7,700,80.500000,42.000000,0,0,23568394,1275,0,1275,-106,0,31,7
7,700,80.500000,42.000000,0,0,23568397,1275,0,1275,-106,0,31,7
7,700,80.500000,42.000000,0,0,23568400,1275,0,1275,-106,0,31,7
7,700,80.500000,42.000000,0,0,23568402,1275,0,1275,-106,0,31,7
7,700,80.500000,42.000000,0,0,23568405,1275,0,1275,-106,0,31,7
7,700,80.500000,42.000000,0,0,23568408,1275,0,1275,-106,0,31,7
7,700,80.500000,42.000000,0,0,23568411,1275,0,1275,-106,0,31,7
7,700,80.500000,42.000000,0,0,23568413,1275,0,1275,-106,0,31,7
7,700,80.500000,42.000000,0,0,23568416,1275,0,1275,-106,0,31,7
7,700,80.500000,42.000000,0,0,23568419,1275,0,1275,-106,0,31,7
7,700,80.500000,42.000000,0,0,23568422,1275,0,1275,-106,0,31,7
7,700,80.500000,42.000000,0,0,23568425,1275,0,1275,-106,0,31,7
7,700,80.500000,42.000000,0,0,23568427,1275,0,1275,-106,0,31,7
7,700,80.500000,42.000000,0,0,23568430,1275,0,1275,-106,0,31,7
7,700,80.500000,42.000000,0,0,23568433,1275,0,1275,-106,0,31,7
7,700,80.500000,42.000000,0,0,23568436,1275,0,1275,-106,0,31,7
7,700,80.500000,42.000000,0,0,23568438,1275,0,1275,-106,0,31,7
7,700,80.500000,42.000000,0,0,23568442,1275,0,1275,-106,0,31,7
7,700,80.500000,42.000000,0,0,23568444,1275,0,1275,-106,0,31,7
7,700,80.500000,42.000000,0,0,23568447,1275,0,1275,-106,0,31,7
7,700,80.500000,42.000000,0,0,23568450,1275,0,1275,-106,0,31,7
7,700,80.500000,42.000000,0,0,23568453,1275,0,1275,-106,0,31,7
7,700,80.500000,42.000000,0,0,23568455,1275,0,1275,-106,0,31,7
7,700,80.500000,42.000000,0,0,23568458,1275,0,1275,-106,0,31,7
7,700,80.500000,42.000000,0,0,23568461,1275,0,1275,-106,0,31,7
7,700,80.500000,42.000000,0,0,23568464,1275,0,1275,-106,0,31,7
7,700,80.500000,42.000000,0,0,23568467,1275,0,1275,-106,0,31,7
7,700,80.500000,42.000000,0,0,23568469,1275,0,1275,-106,0,31,7
7,700,80.500000,42.000000,0,0,23568472,1275,0,1275,-106,0,31,7
7,700,80.500000,42.000000,0,0,23568475,1275,0,1275,-106,0,31,7
7,700,80.500000,42.000000,0,0,23568477,1275,0,1275,-106,0,31,7
7,700,80.500000,42.000000,0,0,23568480,1275,0,1275,-106,0,31,7
7,700,80.500000,42.000000,0,0,23568492,1275,0,1275,-106,0,31,7
