7,700,80.500000,10000.000000,0,0,23712154,616,0,616,0,0,38,7
7,700,80.500000,10000.000000,0,0,23712155,616,0,616,0,0,38,7
7,700,80.500000,10000.000000,0,0,23712158,616,0,616,0,0,38,7
7,700,80.500000,10000.000000,0,0,23712161,616,0,616,0,0,38,7
7,700,80.500000,10000.000000,0,0,23712163,616,0,616,0,0,38,7
7,700,80.500000,10000.000000,0,0,23712166,616,0,616,0,0,38,7
7,700,80.500000,10000.000000,0,0,23712169,616,0,616,0,0,38,7
7,700,80.500000,10000.000000,0,0,23712172,616,0,616,0,0,38,7
7,700,80.500000,10000.000000,0,0,23712175,616,0,616,0,0,38,7
7,700,80.500000,10000.000000,0,0,23712177,616,0,616,0,0,38,7
7,700,80.500000,10000.000000,0,0,23712180,616,0,616,0,0,38,7
7,700,80.500000,10000.000000,0,0,23712183,616,0,616,0,0,38,7
7,700,80.500000,10000.000000,0,0,23712186,616,0,616,0,0,38,7
7,700,80.500000,10000.000000,0,0,23712189,616,0,616,0,0,38,7
7,700,80.500000,10000.000000,0,0,23712191,616,0,616,0,0,38,7
7,700,80.500000,10000.000000,0,0,23712194,616,0,616,0,0,38,7
7,700,80.500000,10000.000000,0,0,23712197,616,0,616,0,0,38,7
7,700,80.500000,10000.000000,0,0,23712200,616,0,616,0,0,38,7
7,700,80.500000,10000.000000,0,0,23712202,616,0,616,0,0,38,7
7,700,80.500000,10000.000000,0,0,23712205,616,0,616,0,0,38,7
7,700,80.500000,10000.000000,0,0,23712208,616,0,616,0,0,38,7
7,700,80.500000,10000.000000,0,0,23712211,616,0,616,0,0,38,7
7,700,80.500000,10000.000000,0,0,23712214,616,0,616,0,0,38,7
7,700,80.500000,10000.000000,0,0,23712217,616,0,616,0,0,38,7
7,700,80.500000,10000.000000,0,0,23712219,616,0,616,0,0,38,7
7,700,80.500000,10000.000000,0,0,23712222,617,0,617,0,0,38,7
7,700,80.500000,10000.000000,0,0,23712224,618,0,618,0,0,38,7
7,700,80.500000,10000.000000,0,0,23712227,619,0,619,0,0,38,7
7,700,80.500000,10000.000000,0,0,23712230,620,0,620,0,0,38,7
7,700,80.500000,10000.000000,0,0,23712233,621,0,621,0,0,38,7
7,700,80.500000,10000.000000,0,0,23712236,622,0,622,0,0,38,7
7,700,80.500000,10000.000000,0,0,23712239,625,0,625,0,0,38,7
7,700,80.500000,10000.000000,0,0,23712241,628,0,628,0,0,38,7
7,700,80.500000,10000.000000,0,0,23712244,631,0,631,-1,0,38,7
7,700,80.500000,10000.000000,0,0,23712247,633,0,633,-2,0,38,7
7,700,80.500000,10000.000000,0,0,23712250,638,0,638,-3,0,38,7
7,700,80.500000,10000.000000,0,0,23712252,640,0,640,-3,0,38,7
7,700,80.500000,10000.000000,0,0,23712255,645,0,645,-5,0,38,7
7,700,80.500000,10000.000000,0,0,23712258,649,0,649,-5,0,38,7
7,700,80.500000,10000.000000,0,0,23712261,655,0,655,-7,0,38,7
7,700,80.500000,10000.000000,0,0,23712263,660,0,660,-8,0,38,7
7,700,80.500000,10000.000000,0,0,23712266,667,0,667,-10,0,38,7
7,700,80.500000,10000.000000,0,0,23712269,674,0,674,-11,0,38,7
7,700,80.500000,10000.000000,0,0,23712272,684,0,684,-14,0,38,7
7,700,80.500000,10000.000000,0,0,23712275,691,0,691,-16,0,38,7
7,700,80.500000,10000.000000,0,0,23712277,700,0,700,-19,0,38,7
7,700,80.500000,10000.000000,0,0,23712280,711,0,711,-19,0,38,7
7,700,80.500000,10000.000000,0,0,23712283,721,0,721,-20,0,38,7
7,700,80.500000,10000.000000,0,0,23712286,729,0,729,-23,0,38,7
7,700,80.500000,10000.000000,0,0,23712289,740,0,740,-26,0,38,7
7,700,80.500000,10000.000000,0,0,23712291,751,0,751,-30,0,38,7
7,700,80.500000,10000.000000,0,0,23712294,762,0,762,-32,0,38,7
7,700,80.500000,10000.000000,0,0,23712297,770,0,770,-34,0,38,7
7,700,80.500000,10000.000000,0,0,23712300,787,0,787,-34,0,38,7
7,700,80.500000,10000.000000,0,0,23712303,801,0,801,-36,0,38,7
7,700,80.500000,10000.000000,0,0,23712305,813,0,813,-37,0,38,7
7,700,80.500000,10000.000000,0,0,23712308,826,0,826,-41,0,38,7
7,700,80.500000,10000.000000,0,0,23712311,839,0,839,-41,0,38,7
7,700,80.500000,10000.000000,0,0,23712314,851,0,851,-43,0,38,7
7,700,80.500000,10000.000000,0,0,23712316,863,0,863,-45,0,38,7
7,700,80.500000,10000.000000,0,0,23712319,877,0,877,-46,0,38,7
7,700,80.500000,10000.000000,0,0,23712322,892,0,892,-48,0,38,7
7,700,80.500000,10000.000000,0,0,23712325,905,0,905,-50,0,38,7
7,700,80.500000,10000.000000,0,0,23712328,919,0,919,-54,0,38,7
7,700,80.500000,10000.000000,0,0,23712330,932,0,932,-55,0,38,7
7,700,80.500000,10000.000000,0,0,23712333,945,0,945,-58,0,38,7
7,700,80.500000,10000.000000,0,0,23712336,959,0,959,-58,0,38,7
7,700,80.500000,10000.000000,0,0,23712338,974,0,974,-60,0,38,7
7,700,80.500000,10000.000000,0,0,23712341,987,0,987,-62,0,38,7
7,700,80.500000,10000.000000,0,0,23712344,1002,0,1002,-63,0,38,7
7,700,80.500000,10000.000000,0,0,23712347,1017,0,1017,-65,0,38,7
7,700,80.500000,10000.000000,0,0,23712350,1032,0,1032,-68,0,38,7
7,700,80.500000,10000.000000,0,0,23712352,1046,0,1046,-68,0,38,7
7,700,80.500000,10000.000000,0,0,23712356,1059,0,1059,-70,0,38,7
7,700,80.500000,10000.000000,0,0,23712358,1069,0,1069,-72,0,38,7
7,700,80.500000,10000.000000,0,0,23712361,1083,0,1083,-73,0,38,7
7,700,80.500000,10000.000000,0,0,23712364,1093,0,1093,-75,0,38,7
7,700,80.500000,10000.000000,0,0,23712367,1105,0,1105,-76,0,38,7
7,700,80.500000,10000.000000,0,0,23712369,1115,0,1115,-76,0,38,7
7,700,80.500000,10000.000000,0,0,23712372,1127,0,1127,-77,0,38,7
7,700,80.500000,10000.000000,0,0,23712375,1139,0,1139,-77,0,38,7
7,700,80.500000,10000.000000,0,0,23712377,1149,0,1149,-78,0,38,7
7,700,80.500000,10000.000000,0,0,23712380,1158,0,1158,-78,0,38,7
7,700,80.500000,10000.000000,0,0,23712383,1168,0,1168,-79,0,38,7
7,700,80.500000,10000.000000,0,0,23712386,1177,0,1177,-79,0,38,7
7,700,80.500000,10000.000000,0,0,23712389,1183,0,1183,-81,0,38,7
7,700,80.500000,10000.000000,0,0,23712391,1191,0,1191,-82,0,38,7
7,700,80.500000,10000.000000,0,0,23712394,1198,0,1198,-82,0,38,7
7,700,80.500000,10000.000000,0,0,23712397,1202,0,1202,-82,0,38,7
7,700,80.500000,10000.000000,0,0,23712400,1207,0,1207,-82,0,38,7
7,700,80.500000,10000.000000,0,0,23712403,1213,0,1213,-84,0,38,7
7,700,80.500000,10000.000000,0,0,23712405,1217,0,1217,-84,0,38,7
7,700,80.500000,10000.000000,0,0,23712408,1220,0,1220,-85,0,38,7
7,700,80.500000,10000.000000,0,0,23712411,1224,0,1224,-85,0,38,7
7,700,80.500000,10000.000000,0,0,23712414,1227,0,1227,-85,0,38,7
7,700,80.500000,10000.000000,0,0,23712416,1229,0,1229,-85,0,38,7
7,700,80.500000,10000.000000,0,0,23712419,1232,0,1232,-85,0,38,7
7,700,80.500000,10000.000000,0,0,23712422,1234,0,1234,-85,0,38,7
7,700,80.500000,10000.000000,0,0,23712425,1235,0,1235,-85,0,38,7
7,700,80.500000,10000.000000,0,0,23712428,1236,0,1236,-85,0,38,7
7,700,80.500000,10000.000000,0,0,23712431,1237,0,1237,-85,0,38,7
7,700,80.500000,10000.000000,0,0,23712433,1238,0,1238,-85,0,38,7
7,700,80.500000,10000.000000,0,0,23712436,1239,0,1239,-85,0,38,7
7,700,80.500000,10000.000000,0,0,23712439,1240,0,1240,-85,0,38,7
7,700,80.500000,10000.000000,0,0,23712442,1241,0,1241,-85,0,38,7
7,700,80.500000,10000.000000,0,0,23712444,1241,0,1241,-85,0,38,7
7,700,80.500000,10000.000000,0,0,23712447,1242,0,1242,-85,0,38,7
7,700,80.500000,10000.000000,0,0,23712450,1242,0,1242,-85,0,38,7
7,700,80.500000,10000.000000,0,0,23712453,1242,0,1242,-85,0,38,7
7,700,80.500000,10000.000000,0,0,23712455,1242,0,1242,-85,0,38,7
7,700,80.500000,10000.000000,0,0,23712458,1242,0,1242,-85,0,38,7
7,700,80.500000,10000.000000,0,0,23712461,1242,0,1242,-85,0,38,7
7,700,80.500000,10000.000000,0,0,23712464,1242,0,1242,-85,0,38,7
7,700,80.500000,10000.000000,0,0,23712467,1242,0,1242,-85,0,38,7
7,700,80.500000,10000.000000,0,0,23712469,1242,0,1242,-85,0,38,7
7,700,80.500000,10000.000000,0,0,23712472,1242,0,1242,-85,0,38,7
7,700,80.500000,10000.000000,0,0,23712475,1242,0,1242,-85,0,38,7
7,700,80.500000,10000.000000,0,0,23712478,1242,0,1242,-85,0,38,7
7,700,80.500000,10000.000000,0,0,23712480,1242,0,1242,-85,0,38,7
7,700,80.500000,10000.000000,0,0,23712483,1242,0,1242,-85,0,38,7
7,700,80.500000,10000.000000,0,0,23712486,1242,0,1242,-85,0,38,7
7,700,80.500000,10000.000000,0,0,23712489,1242,0,1242,-85,0,38,7
7,700,80.500000,10000.000000,0,0,23712491,1242,0,1242,-85,0,38,7
7,700,80.500000,10000.000000,0,0,23712494,1242,0,1242,-85,0,38,7
7,700,80.500000,10000.000000,0,0,23712497,1242,0,1242,-85,0,38,7
7,700,80.500000,10000.000000,0,0,23712500,1242,0,1242,-85,0,38,7
7,700,80.500000,10000.000000,0,0,23712503,1242,0,1242,-85,0,38,7
7,700,80.500000,10000.000000,0,0,23712505,1242,0,1242,-85,0,38,7
7,700,80.500000,10000.000000,0,0,23712508,1242,0,1242,-85,0,38,7
7,700,80.500000,10000.000000,0,0,23712511,1242,0,1242,-85,0,38,7
7,700,80.500000,10000.000000,0,0,23712514,1242,0,1242,-85,0,38,7
7,700,80.500000,10000.000000,0,0,23712517,1242,0,1242,-85,0,38,7
7,700,80.500000,10000.000000,0,0,23712519,1242,0,1242,-85,0,38,7
7,700,80.500000,10000.000000,0,0,23712522,1242,0,1242,-85,0,38,7
7,700,80.500000,10000.000000,0,0,23712525,1242,0,1242,-85,0,38,7
7,700,80.500000,10000.000000,0,0,23712528,1242,0,1242,-85,0,38,7
7,700,80.500000,10000.000000,0,0,23712531,1242,0,1242,-85,0,38,7
7,700,80.500000,10000.000000,0,0,23712533,1242,0,1242,-85,0,38,7
7,700,80.500000,10000.000000,0,0,23712536,1242,0,1242,-85,0,38,7
7,700,80.500000,10000.000000,0,0,23712539,1242,0,1242,-85,0,38,7
7,700,80.500000,10000.000000,0,0,23712542,1242,0,1242,-85,0,38,7
7,700,80.500000,10000.000000,0,0,23712544,1242,0,1242,-85,0,38,7
7,700,80.500000,10000.000000,0,0,23712547,1242,0,1242,-85,0,38,7
7,700,80.500000,10000.000000,0,0,23712550,1242,0,1242,-85,0,38,7
7,700,80.500000,10000.000000,0,0,23712553,1242,0,1242,-85,0,38,7
7,700,80.500000,10000.000000,0,0,23712556,1242,0,1242,-85,0,38,7
7,700,80.500000,10000.000000,0,0,23712558,1242,0,1242,-85,0,38,7
7,700,80.500000,10000.000000,0,0,23712561,1242,0,1242,-85,0,38,7
7,700,80.500000,10000.000000,0,0,23712564,1242,0,1242,-85,0,38,7
7,700,80.500000,10000.000000,0,0,23712566,1243,0,1243,-85,0,38,7
7,700,80.500000,10000.000000,0,0,23712569,1244,0,1244,-85,0,38,7
7,700,80.500000,10000.000000,0,0,23712572,1244,0,1244,-85,0,38,7
7,700,80.500000,10000.000000,0,0,23712575,1244,0,1244,-85,0,38,7
7,700,80.500000,10000.000000,0,0,23712578,1244,0,1244,-85,0,38,7
7,700,80.500000,10000.000000,0,0,23712580,1245,0,1245,-85,0,38,7
7,700,80.500000,10000.000000,0,0,23712583,1246,0,1246,-85,0,38,7
7,700,80.500000,10000.000000,0,0,23712586,1246,0,1246,-85,0,38,7
7,700,80.500000,10000.000000,0,0,23712589,1247,0,1247,-85,0,38,7
7,700,80.500000,10000.000000,0,0,23712592,1248,0,1248,-85,0,38,7
7,700,80.500000,10000.000000,0,0,23712594,1249,0,1249,-85,0,38,7
7,700,80.500000,10000.000000,0,0,23712597,1249,0,1249,-86,0,38,7
7,700,80.500000,10000.000000,0,0,23712600,1250,0,1250,-86,0,38,7
7,700,80.500000,10000.000000,0,0,23712603,1251,0,1251,-87,0,38,7
7,700,80.500000,10000.000000,0,0,23712606,1253,0,1253,-87,0,38,7
7,700,80.500000,10000.000000,0,0,23712608,1254,0,1254,-87,0,38,7
7,700,80.500000,10000.000000,0,0,23712611,1255,0,1255,-87,0,38,7
7,700,80.500000,10000.000000,0,0,23712614,1256,0,1256,-88,0,38,7
7,700,80.500000,10000.000000,0,0,23712617,1259,0,1259,-89,0,38,7
7,700,80.500000,10000.000000,0,0,23712620,1260,0,1260,-90,0,38,7
7,700,80.500000,10000.000000,0,0,23712622,1261,0,1261,-90,0,38,7
7,700,80.500000,10000.000000,0,0,23712625,1263,0,1263,-91,0,38,7
7,700,80.500000,10000.000000,0,0,23712628,1265,0,1265,-92,0,38,7
7,700,80.500000,10000.000000,0,0,23712630,1265,0,1265,-93,0,38,7
7,700,80.500000,10000.000000,0,0,23712633,1266,0,1266,-93,0,38,7
7,700,80.500000,10000.000000,0,0,23712636,1267,0,1267,-93,0,38,7
7,700,80.500000,10000.000000,0,0,23712639,1268,0,1268,-93,0,38,7
7,700,80.500000,10000.000000,0,0,23712642,1269,0,1269,-93,0,38,7
7,700,80.500000,10000.000000,0,0,23712644,1270,0,1270,-93,0,38,7
7,700,80.500000,10000.000000,0,0,23712647,1271,0,1271,-94,0,38,7
7,700,80.500000,10000.000000,0,0,23712650,1273,0,1273,-94,0,38,7
7,700,80.500000,10000.000000,0,0,23712653,1275,0,1275,-94,0,38,7
7,700,80.500000,10000.000000,0,0,23712655,1276,0,1276,-94,0,38,7
7,700,80.500000,10000.000000,0,0,23712658,1277,0,1277,-94,0,38,7
7,700,80.500000,10000.000000,0,0,23712661,1279,0,1279,-94,0,38,7
7,700,80.500000,10000.000000,0,0,23712664,1280,0,1280,-95,0,38,7
7,700,80.500000,10000.000000,0,0,23712666,1282,0,1282,-96,0,38,7
7,700,80.500000,10000.000000,0,0,23712669,1282,0,1282,-96,0,38,7
7,700,80.500000,10000.000000,0,0,23712672,1284,0,1284,-96,0,38,7
7,700,80.500000,10000.000000,0,0,23712675,1285,0,1285,-96,0,38,7
7,700,80.500000,10000.000000,0,0,23712678,1287,0,1287,-97,0,38,7
7,700,80.500000,10000.000000,0,0,23712681,1289,0,1289,-98,0,38,7
7,700,80.500000,10000.000000,0,0,23712683,1290,0,1290,-99,0,38,7
7,700,80.500000,10000.000000,0,0,23712686,1293,0,1293,-99,0,38,7
7,700,80.500000,10000.000000,0,0,23712689,1294,0,1294,-100,0,38,7
7,700,80.500000,10000.000000,0,0,23712692,1295,0,1295,-101,0,38,7
7,700,80.500000,10000.000000,0,0,23712695,1296,0,1296,-101,0,38,7
7,700,80.500000,10000.000000,0,0,23712697,1298,0,1298,-101,0,38,7
7,700,80.500000,10000.000000,0,0,23712700,1300,0,1300,-101,0,38,7
7,700,80.500000,10000.000000,0,0,23712703,1303,0,1303,-101,0,38,7
7,700,80.500000,10000.000000,0,0,23712706,1303,0,1303,-101,0,38,7
7,700,80.500000,10000.000000,0,0,23712709,1304,0,1304,-103,0,38,7
7,700,80.500000,10000.000000,0,0,23712711,1307,0,1307,-105,0,38,7
7,700,80.500000,10000.000000,0,0,23712714,1309,0,1309,-105,0,38,7
7,700,80.500000,10000.000000,0,0,23712717,1310,0,1310,-105,0,38,7
7,700,80.500000,10000.000000,0,0,23712720,1311,0,1311,-105,0,38,7
7,700,80.500000,10000.000000,0,0,23712722,1312,0,1312,-105,0,38,7
7,700,80.500000,10000.000000,0,0,23712725,1313,0,1313,-106,0,38,7
7,700,80.500000,10000.000000,0,0,23712728,1314,0,1314,-106,0,38,7
7,700,80.500000,10000.000000,0,0,23712730,1315,0,1315,-106,0,38,7
7,700,80.500000,10000.000000,0,0,23712733,1316,0,1316,-106,0,38,7
7,700,80.500000,10000.000000,0,0,23712736,1317,0,1317,-106,0,38,7
7,700,80.500000,10000.000000,0,0,23712739,1318,0,1318,-106,0,38,7
7,700,80.500000,10000.000000,0,0,23712742,1318,0,1318,-106,0,38,7
7,700,80.500000,10000.000000,0,0,23712745,1319,0,1319,-106,0,38,7
7,700,80.500000,10000.000000,0,0,23712748,1320,0,1320,-106,0,38,7
7,700,80.500000,10000.000000,0,0,23712750,1320,0,1320,-107,0,38,7
7,700,80.500000,10000.000000,0,0,23712753,1320,0,1320,-108,0,38,7
7,700,80.500000,10000.000000,0,0,23712755,1320,0,1320,-108,0,38,7
7,700,80.500000,10000.000000,0,0,23712758,1320,0,1320,-108,0,38,7
7,700,80.500000,10000.000000,0,0,23712761,1320,0,1320,-108,0,38,7
7,700,80.500000,10000.000000,0,0,23712764,1320,0,1320,-108,0,38,7
7,700,80.500000,10000.000000,0,0,23712767,1320,0,1320,-108,0,38,7
7,700,80.500000,10000.000000,0,0,23712769,1320,0,1320,-108,0,38,7
7,700,80.500000,10000.000000,0,0,23712772,1320,0,1320,-108,0,38,7
7,700,80.500000,10000.000000,0,0,23712775,1320,0,1320,-108,0,38,7
7,700,80.500000,10000.000000,0,0,23712778,1320,0,1320,-108,0,38,7
7,700,80.500000,10000.000000,0,0,23712780,1320,0,1320,-108,0,38,7
7,700,80.500000,10000.000000,0,0,23712783,1320,0,1320,-108,0,38,7
7,700,80.500000,10000.000000,0,0,23712795,1320,0,1320,-108,0,38,7
