7,700,80.500000,42.000000,2,0,1572631024,594,0,594,0,0,46,6
7,700,80.500000,42.000000,2,0,1572631025,594,0,594,0,0,46,6
7,700,80.500000,42.000000,2,0,1572631027,594,0,594,0,0,46,6
7,700,80.500000,42.000000,2,0,1572631030,594,0,594,0,0,46,6
7,700,80.500000,42.000000,2,0,1572631033,594,0,594,0,0,46,6
7,700,80.500000,42.000000,2,0,1572631036,594,0,594,0,0,46,6
7,700,80.500000,42.000000,2,0,1572631039,594,0,594,0,0,46,6
7,700,80.500000,42.000000,2,0,1572631041,594,0,594,0,0,46,6
7,700,80.500000,42.000000,2,0,1572631044,594,0,594,0,0,46,6
7,700,80.500000,42.000000,2,0,1572631047,594,0,594,0,0,46,6
7,700,80.500000,42.000000,2,0,1572631050,594,0,594,0,0,46,6
7,700,80.500000,42.000000,2,0,1572631053,594,0,594,0,0,46,6
7,700,80.500000,42.000000,2,0,1572631055,594,0,594,0,0,46,6
7,700,80.500000,42.000000,2,0,1572631058,594,0,594,0,0,46,6
7,700,80.500000,42.000000,2,0,1572631061,594,0,594,0,0,46,6
7,700,80.500000,42.000000,2,0,1572631064,594,0,594,0,0,46,6
7,700,80.500000,42.000000,2,0,1572631066,594,0,594,0,0,46,6
7,700,80.500000,42.000000,2,0,1572631069,594,0,594,0,0,46,6
7,700,80.500000,42.000000,2,0,1572631072,594,0,594,0,0,46,6
7,700,80.500000,42.000000,2,0,1572631075,594,0,594,0,0,46,6
7,700,80.500000,42.000000,2,0,1572631078,594,0,594,0,0,46,6
7,700,80.500000,42.000000,2,0,1572631081,594,0,594,0,0,46,6
7,700,80.500000,42.000000,2,0,1572631083,594,0,594,0,0,46,6
7,700,80.500000,42.000000,2,0,1572631086,594,0,594,0,0,46,6
7,700,80.500000,42.000000,2,0,1572631088,594,0,594,0,0,46,6
7,700,80.500000,42.000000,2,0,1572631091,594,0,594,0,0,46,6
7,700,80.500000,42.000000,2,0,1572631094,594,0,594,0,0,46,6
7,700,80.500000,42.000000,2,0,1572631097,594,0,594,0,0,46,6
7,700,80.500000,42.000000,2,0,1572631100,594,0,594,0,0,46,6
7,700,80.500000,42.000000,2,0,1572631102,594,0,594,0,0,46,6
7,700,80.500000,42.000000,2,0,1572631105,594,0,594,0,0,46,6
7,700,80.500000,42.000000,2,0,1572631108,594,0,594,0,0,46,6
7,700,80.500000,42.000000,2,0,1572631111,594,0,594,0,0,46,6
7,700,80.500000,42.000000,2,0,1572631114,594,1,594,1,0,46,6
7,700,80.500000,42.000000,2,0,1572631116,595,1,595,1,0,46,6
7,700,80.500000,42.000000,2,0,1572631119,596,2,596,2,0,46,6
7,700,80.500000,42.000000,2,0,1572631122,597,3,597,3,0,46,6
7,700,80.500000,42.000000,2,0,1572631125,599,4,599,4,0,46,6
7,700,80.500000,42.000000,2,0,1572631128,600,6,600,6,0,46,6
7,700,80.500000,42.000000,2,0,1572631130,602,6,602,6,0,46,6
7,700,80.500000,42.000000,2,0,1572631133,604,8,604,8,0,46,6
7,700,80.500000,42.000000,2,0,1572631136,606,9,606,9,0,46,6
7,700,80.500000,42.000000,2,0,1572631139,611,12,611,12,0,46,6
7,700,80.500000,42.000000,2,0,1572631142,617,15,617,15,0,46,6
7,700,80.500000,42.000000,2,0,1572631145,622,20,622,20,0,46,6
7,700,80.500000,42.000000,2,0,1572631148,630,24,630,24,0,46,6
7,700,80.500000,42.000000,2,0,1572631151,636,29,636,29,0,46,6
7,700,80.500000,42.000000,2,0,1572631153,657,40,657,40,0,46,6
7,700,80.500000,42.000000,2,0,1572631156,667,48,667,48,0,46,6
7,700,80.500000,42.000000,2,0,1572631159,676,51,676,51,0,46,6
7,700,80.500000,42.000000,2,0,1572631162,690,57,690,57,0,46,6
7,700,80.500000,42.000000,2,0,1572631164,701,64,701,64,0,46,6
7,700,80.500000,42.000000,2,0,1572631167,713,70,713,70,0,46,6
7,700,80.500000,42.000000,2,0,1572631170,725,72,725,72,0,46,6
7,700,80.500000,42.000000,2,0,1572631173,741,81,741,81,0,46,6
7,700,80.500000,42.000000,2,0,1572631175,754,88,754,88,0,46,6
7,700,80.500000,42.000000,2,0,1572631178,773,95,773,95,0,46,6
7,700,80.500000,42.000000,2,0,1572631181,773,95,773,95,0,46,6
7,700,80.500000,42.000000,2,0,1572631183,793,104,793,104,0,46,6
7,700,80.500000,42.000000,2,0,1572631186,807,107,807,107,0,46,6
7,700,80.500000,42.000000,2,0,1572631189,824,112,824,112,0,46,6
7,700,80.500000,42.000000,2,0,1572631192,841,114,841,114,0,46,6
7,700,80.500000,42.000000,2,0,1572631195,861,122,861,122,0,46,6
7,700,80.500000,42.000000,2,0,1572631198,879,126,879,126,0,46,6
7,700,80.500000,42.000000,2,0,1572631200,900,131,900,131,0,46,6
7,700,80.500000,42.000000,2,0,1572631203,921,135,921,135,0,46,6
7,700,80.500000,42.000000,2,0,1572631206,935,135,935,135,0,46,6
7,700,80.500000,42.000000,2,0,1572631209,954,137,954,137,0,46,6
7,700,80.500000,42.000000,2,0,1572631211,975,140,975,140,0,46,6
7,700,80.500000,42.000000,2,0,1572631214,989,141,989,141,0,46,6
7,700,80.500000,42.000000,2,0,1572631217,1004,141,1004,141,0,46,6
7,700,80.500000,42.000000,2,0,1572631220,1019,141,1019,141,0,46,6
7,700,80.500000,42.000000,2,0,1572631223,1035,141,1035,141,0,46,6
7,700,80.500000,42.000000,2,0,1572631226,1048,141,1048,141,0,46,6
7,700,80.500000,42.000000,2,0,1572631229,1061,141,1061,141,0,46,6
7,700,80.500000,42.000000,2,0,1572631231,1071,141,1071,141,0,46,6
7,700,80.500000,42.000000,2,0,1572631234,1086,141,1086,141,0,46,6
7,700,80.500000,42.000000,2,0,1572631237,1095,141,1095,141,0,46,6
7,700,80.500000,42.000000,2,0,1572631240,1104,140,1104,140,0,46,6
7,700,80.500000,42.000000,2,0,1572631243,1114,139,1114,139,0,46,6
7,700,80.500000,42.000000,2,0,1572631245,1124,137,1124,137,0,46,6
7,700,80.500000,42.000000,2,0,1572631248,1131,136,1131,136,0,46,6
7,700,80.500000,42.000000,2,0,1572631250,1139,134,1139,134,0,46,6
7,700,80.500000,42.000000,2,0,1572631253,1150,132,1150,132,0,46,6
7,700,80.500000,42.000000,2,0,1572631256,1155,130,1155,130,0,46,6
7,700,80.500000,42.000000,2,0,1572631259,1160,128,1160,128,0,46,6
7,700,80.500000,42.000000,2,0,1572631261,1163,127,1163,127,0,46,6
7,700,80.500000,42.000000,2,0,1572631264,1165,125,1165,125,0,46,6
7,700,80.500000,42.000000,2,0,1572631267,1167,122,1167,122,0,46,6
7,700,80.500000,42.000000,2,0,1572631270,1168,121,1168,121,0,46,6
7,700,80.500000,42.000000,2,0,1572631273,1171,117,1171,117,0,46,6
7,700,80.500000,42.000000,2,0,1572631276,1174,116,1174,116,0,46,6
7,700,80.500000,42.000000,2,0,1572631279,1174,113,1174,113,0,46,6
7,700,80.500000,42.000000,2,0,1572631281,1176,113,1176,113,0,46,6
7,700,80.500000,42.000000,2,0,1572631284,1177,110,1177,110,0,46,6
7,700,80.500000,42.000000,2,0,1572631287,1177,107,1177,107,0,46,6
7,700,80.500000,42.000000,2,0,1572631290,1177,105,1177,105,0,46,6
7,700,80.500000,42.000000,2,0,1572631292,1177,103,1177,103,0,46,6
7,700,80.500000,42.000000,2,0,1572631295,1177,101,1177,101,0,46,6
7,700,80.500000,42.000000,2,0,1572631298,1177,99,1177,99,0,46,6
7,700,80.500000,42.000000,2,0,1572631301,1177,97,1177,97,0,46,6
7,700,80.500000,42.000000,2,0,1572631304,1177,94,1177,94,0,46,6
7,700,80.500000,42.000000,2,0,1572631306,1177,93,1177,93,0,46,6
7,700,80.500000,42.000000,2,0,1572631309,1177,91,1177,91,0,46,6
7,700,80.500000,42.000000,2,0,1572631312,1177,89,1177,89,0,46,6
7,700,80.500000,42.000000,2,0,1572631315,1177,87,1177,87,0,46,6
7,700,80.500000,42.000000,2,0,1572631317,1177,87,1177,87,0,46,6
7,700,80.500000,42.000000,2,0,1572631320,1177,85,1177,85,0,46,6
7,700,80.500000,42.000000,2,0,1572631322,1177,82,1177,82,0,46,6
7,700,80.500000,42.000000,2,0,1572631326,1177,80,1177,80,0,46,6
7,700,80.500000,42.000000,2,0,1572631329,1177,79,1177,79,0,46,6
7,700,80.500000,42.000000,2,0,1572631332,1177,75,1177,75,0,46,6
7,700,80.500000,42.000000,2,0,1572631334,1177,74,1177,74,0,46,6
7,700,80.500000,42.000000,2,0,1572631337,1178,71,1178,71,0,46,6
7,700,80.500000,42.000000,2,0,1572631340,1179,71,1179,71,0,46,6
7,700,80.500000,42.000000,2,0,1572631343,1178,68,1178,68,0,46,6
7,700,80.500000,42.000000,2,0,1572631346,1178,66,1178,66,0,46,6
7,700,80.500000,42.000000,2,0,1572631348,1178,63,1178,63,0,46,6
7,700,80.500000,42.000000,2,0,1572631351,1180,61,1180,61,0,46,6
7,700,80.500000,42.000000,2,0,1572631354,1181,58,1181,58,0,46,6
7,700,80.500000,42.000000,2,0,1572631358,1181,57,1181,57,0,46,6
7,700,80.500000,42.000000,2,0,1572631361,1181,54,1181,54,0,46,6
7,700,80.500000,42.000000,2,0,1572631364,1181,52,1181,52,0,46,6
7,700,80.500000,42.000000,2,0,1572631366,1184,49,1184,49,0,46,6
7,700,80.500000,42.000000,2,0,1572631369,1184,47,1184,47,0,46,6
7,700,80.500000,42.000000,2,0,1572631372,1185,44,1185,44,0,46,6
7,700,80.500000,42.000000,2,0,1572631375,1185,42,1185,42,0,46,6
7,700,80.500000,42.000000,2,0,1572631378,1185,41,1185,41,0,46,6
7,700,80.500000,42.000000,2,0,1572631381,1185,39,1185,39,0,46,6
7,700,80.500000,42.000000,2,0,1572631383,1185,36,1185,36,0,46,6
7,700,80.500000,42.000000,2,0,1572631386,1185,35,1185,35,0,46,6
7,700,80.500000,42.000000,2,0,1572631389,1186,33,1186,33,0,46,6
7,700,80.500000,42.000000,2,0,1572631392,1186,31,1186,31,0,46,6
7,700,80.500000,42.000000,2,0,1572631395,1186,29,1186,29,0,46,6
7,700,80.500000,42.000000,2,0,1572631397,1186,27,1186,27,0,46,6
7,700,80.500000,42.000000,2,0,1572631400,1186,26,1186,26,0,46,6
7,700,80.500000,42.000000,2,0,1572631402,1186,23,1186,23,0,46,6
7,700,80.500000,42.000000,2,0,1572631405,1186,22,1186,22,0,46,6
7,700,80.500000,42.000000,2,0,1572631408,1186,22.600000,1186,21,0,46,6
7,700,80.500000,42.000000,2,0,1572631411,1186,22.600000,1186,19,0,46,6
7,700,80.500000,42.000000,2,0,1572631414,1187,22.600000,1187,16,0,46,6
7,700,80.500000,42.000000,2,0,1572631417,1188,22.600000,1188,13,0,46,6
7,700,80.500000,42.000000,2,0,1572631420,1188,22.600000,1188,12,0,46,6
7,700,80.500000,42.000000,2,0,1572631422,1188,22.600000,1188,10,0,46,6
7,700,80.500000,42.000000,2,0,1572631425,1188,22.600000,1188,9,0,46,6
7,700,80.500000,42.000000,2,0,1572631428,1188,22.600000,1188,7,0,46,6
7,700,80.500000,42.000000,2,0,1572631431,1188,22.600000,1188,5,0,46,6
7,700,80.500000,42.000000,2,0,1572631433,1188,22.600000,1188,4,0,46,6
7,700,80.500000,42.000000,2,0,1572631436,1190,22.600000,1190,4,0,46,6
7,700,80.500000,42.000000,2,0,1572631438,1192,22.600000,1192,4,0,46,6
7,700,80.500000,42.000000,2,0,1572631441,1192,22.600000,1192,2,0,46,6
7,700,80.500000,42.000000,2,0,1572631444,1192,22.600000,1192,2,0,46,6
7,700,80.500000,42.000000,2,0,1572631447,1192,22.600000,1192,1,0,46,6
7,700,80.500000,42.000000,2,0,1572631450,1193,22.600000,1193,1,0,46,6
7,700,80.500000,42.000000,2,0,1572631452,1194,22.600000,1194,1,0,46,6
7,700,80.500000,42.000000,2,0,1572631455,1195,22.600000,1195,1,0,46,6
7,700,80.500000,42.000000,2,0,1572631458,1196,22.600000,1196,1,0,46,6
7,700,80.500000,42.000000,2,0,1572631461,1196,22.600000,1196,1,0,46,6
7,700,80.500000,42.000000,2,0,1572631464,1196,22.600000,1196,0,0,46,6
7,700,80.500000,42.000000,2,0,1572631467,1196,22.600000,1196,-1,0,46,6
7,700,80.500000,42.000000,2,0,1572631470,1197,22.600000,1197,-1,0,46,6
7,700,80.500000,42.000000,2,0,1572631473,1197,22.600000,1197,-1,0,46,6
7,700,80.500000,42.000000,2,0,1572631475,1197,22.600000,1197,-2,0,46,6
7,700,80.500000,42.000000,2,0,1572631478,1197,22.600000,1197,-2,0,46,6
7,700,80.500000,42.000000,2,0,1572631481,1197,22.600000,1197,-2,0,46,6
7,700,80.500000,42.000000,2,0,1572631484,1197,22.600000,1197,-3,0,46,6
7,700,80.500000,42.000000,2,0,1572631487,1197,22.600000,1197,-4,0,46,6
7,700,80.500000,42.000000,2,0,1572631489,1199,22.600000,1199,-4,0,46,6
7,700,80.500000,42.000000,2,0,1572631492,1200,22.600000,1200,-4,0,46,6
7,700,80.500000,42.000000,2,0,1572631495,1200,22.600000,1200,-5,0,46,6
7,700,80.500000,42.000000,2,0,1572631498,1202,22.600000,1202,-9,0,46,6
7,700,80.500000,42.000000,2,0,1572631500,1204,22.600000,1204,-9,0,46,6
7,700,80.500000,42.000000,2,0,1572631503,1207,22.600000,1207,-9,0,46,6
7,700,80.500000,42.000000,2,0,1572631506,1209,22.600000,1209,-9,0,46,6
7,700,80.500000,42.000000,2,0,1572631509,1211,22.600000,1211,-11,0,46,6
7,700,80.500000,42.000000,2,0,1572631511,1214,22.600000,1214,-14,0,46,6
7,700,80.500000,42.000000,2,0,1572631514,1217,22.600000,1217,-15,0,46,6
7,700,80.500000,42.000000,2,0,1572631516,1219,22.600000,1219,-16,0,46,6
7,700,80.500000,42.000000,2,0,1572631519,1219,22.600000,1219,-17,0,46,6
7,700,80.500000,42.000000,2,0,1572631522,1222,22.600000,1222,-17,0,46,6
7,700,80.500000,42.000000,2,0,1572631525,1224,22.600000,1224,-19,0,46,6
7,700,80.500000,42.000000,2,0,1572631528,1227,22.600000,1227,-19,0,46,6
7,700,80.500000,42.000000,2,0,1572631531,1229,22.600000,1229,-19,0,46,6
7,700,80.500000,42.000000,2,0,1572631533,1231,22.600000,1231,-19,0,46,6
7,700,80.500000,42.000000,2,0,1572631536,1233,20.600000,1233,-21,0,46,6
7,700,80.500000,42.000000,2,0,1572631539,1236,19.600000,1236,-22,0,46,6
7,700,80.500000,42.000000,2,0,1572631542,1238,18.600000,1238,-23,0,46,6
7,700,80.500000,42.000000,2,0,1572631544,1242,17.600000,1242,-24,0,46,6
7,700,80.500000,42.000000,2,0,1572631547,1245,17.600000,1245,-24,0,46,6
7,700,80.500000,42.000000,2,0,1572631550,1247,16.600000,1247,-25,0,46,6
7,700,80.500000,42.000000,2,0,1572631553,1251,13.600000,1251,-28,0,46,6
7,700,80.500000,42.000000,2,0,1572631555,1253,13.600000,1253,-28,0,46,6
7,700,80.500000,42.000000,2,0,1572631558,1257,11.600000,1257,-30,0,46,6
7,700,80.500000,42.000000,2,0,1572631561,1261,10.600000,1261,-31,0,46,6
7,700,80.500000,42.000000,2,0,1572631564,1264,8.600000,1264,-33,0,46,6
7,700,80.500000,42.000000,2,0,1572631567,1266,8.600000,1266,-33,0,46,6
7,700,80.500000,42.000000,2,0,1572631569,1268,7.600000,1268,-34,0,46,6
7,700,80.500000,42.000000,2,0,1572631573,1272,5.600000,1272,-36,0,46,6
7,700,80.500000,42.000000,2,0,1572631576,1278,4.600000,1278,-37,0,46,6
7,700,80.500000,42.000000,2,0,1572631579,1282,2.600000,1282,-39,0,46,6
7,700,80.500000,42.000000,2,0,1572631581,1284,1.600000,1284,-40,0,46,6
7,700,80.500000,42.000000,2,0,1572631584,1288,1.600000,1288,-40,0,46,6
7,700,80.500000,42.000000,2,0,1572631587,1290,0,1290,-43,0,46,6
7,700,80.500000,42.000000,2,0,1572631590,1292,0,1292,-43,0,46,6
7,700,80.500000,42.000000,2,0,1572631593,1292,0,1292,-47,0,46,6
7,700,80.500000,42.000000,2,0,1572631595,1292,0,1292,-47,0,46,6
7,700,80.500000,42.000000,2,0,1572631599,1294,0,1294,-48,0,46,6
7,700,80.500000,42.000000,2,0,1572631602,1297,0,1297,-50,0,46,6
7,700,80.500000,42.000000,2,0,1572631605,1299,0,1299,-51,0,46,6
7,700,80.500000,42.000000,2,0,1572631607,1300,0,1300,-52,0,46,6
7,700,80.500000,42.000000,2,0,1572631611,1301,0,1301,-53,0,46,6
7,700,80.500000,42.000000,2,0,1572631614,1301,0,1301,-54,0,46,6
7,700,80.500000,42.000000,2,0,1572631618,1302,0,1302,-54,0,46,6
7,700,80.500000,42.000000,2,0,1572631621,1304,0,1304,-54,0,46,6
7,700,80.500000,42.000000,2,0,1572631624,1305,0,1305,-55,0,46,6
7,700,80.500000,42.000000,2,0,1572631629,1306,0,1306,-56,0,46,6
7,700,80.500000,42.000000,2,0,1572631632,1308,0,1308,-57,0,46,6
7,700,80.500000,42.000000,2,0,1572631635,1309,0,1309,-57,0,46,6
7,700,80.500000,42.000000,2,0,1572631638,1311,0,1311,-57,0,46,6
7,700,80.500000,42.000000,2,0,1572631642,1313,0,1313,-58,0,46,6
7,700,80.500000,42.000000,2,0,1572631645,1315,0,1315,-58,0,46,6
7,700,80.500000,42.000000,2,0,1572631649,1315,0,1315,-59,0,46,6
7,700,80.500000,42.000000,2,0,1572631652,1317,0,1317,-59,0,46,6
7,700,80.500000,42.000000,2,0,1572631656,1318,0,1318,-61,0,46,6
7,700,80.500000,42.000000,2,0,1572631659,1319,0,1319,-61,0,46,6
7,700,80.500000,42.000000,2,0,1572631662,1319,0,1319,-62,0,46,6
7,700,80.500000,42.000000,2,0,1572631665,1319,0,1319,-63,0,46,6
7,700,80.500000,42.000000,2,0,1572631668,1319,0,1319,-64,0,46,6
7,700,80.500000,42.000000,2,0,1572631670,1319,0,1319,-64,0,46,6
7,700,80.500000,42.000000,2,0,1572631673,1320,0,1320,-64,0,46,6
7,700,80.500000,42.000000,2,0,1572631676,1320,0,1320,-64,0,46,6
7,700,80.500000,42.000000,2,0,1572631679,1320,0,1320,-65,0,46,6
7,700,80.500000,42.000000,2,0,1572631683,1320,0,1320,-65,0,46,6
7,700,80.500000,42.000000,2,0,1572631686,1321,0,1321,-65,0,46,6
7,700,80.500000,42.000000,2,0,1572631689,1322,0,1322,-65,0,46,6
7,700,80.500000,42.000000,2,0,1572631692,1323,0,1323,-65,0,46,6
7,700,80.500000,42.000000,2,0,1572631695,1323,0,1323,-65,0,46,6
7,700,80.500000,42.000000,2,0,1572631698,1323,0,1323,-65,0,46,6
7,700,80.500000,42.000000,2,0,1572631700,1323,0,1323,-65,0,46,6
7,700,80.500000,42.000000,2,0,1572631703,1323,0,1323,-65,0,46,6
7,700,80.500000,42.000000,2,0,1572631706,1323,0,1323,-65,0,46,6
7,700,80.500000,42.000000,2,0,1572631709,1323,0,1323,-65,0,46,6
7,700,80.500000,42.000000,2,0,1572631712,1323,0,1323,-65,0,46,6
7,700,80.500000,42.000000,2,0,1572631715,1323,0,1323,-65,0,46,6
7,700,80.500000,42.000000,2,0,1572631718,1323,0,1323,-65,0,46,6
7,700,80.500000,42.000000,2,0,1572631733,1323,0,1323,-65,0,46,6
