8,350,21.000000,42.000000,0,0,101351627,786,0,786,0,0,10,11
8,350,21.000000,42.000000,0,0,101351628,786,0,786,0,0,10,11
8,350,21.000000,42.000000,0,0,101351631,786,0,786,0,0,10,11
8,350,21.000000,42.000000,0,0,101351634,786,0,786,0,0,10,11
8,350,21.000000,42.000000,0,0,101351636,786,0,786,0,0,10,11
8,350,21.000000,42.000000,0,0,101351639,786,0,786,0,0,10,11
8,350,21.000000,42.000000,0,0,101351642,786,0,786,0,0,10,11
8,350,21.000000,42.000000,0,0,101351645,786,0,786,0,0,10,11
8,350,21.000000,42.000000,0,0,101351648,786,0,786,0,0,10,11
8,350,21.000000,42.000000,0,0,101351650,786,0,786,0,0,10,11
8,350,21.000000,42.000000,0,0,101351653,786,0,786,0,0,10,11
8,350,21.000000,42.000000,0,0,101351656,786,0,786,0,0,10,11
8,350,21.000000,42.000000,0,0,101351659,786,0,786,0,0,10,11
8,350,21.000000,42.000000,0,0,101351661,786,0,786,0,0,10,11
8,350,21.000000,42.000000,0,0,101351664,786,0,786,0,0,10,11
8,350,21.000000,42.000000,0,0,101351667,786,0,786,0,0,10,11
8,350,21.000000,42.000000,0,0,101351670,786,0,786,0,0,10,11
8,350,21.000000,42.000000,0,0,101351673,786,0,786,0,0,10,11
8,350,21.000000,42.000000,0,0,101351675,786,0,786,0,0,10,11
8,350,21.000000,42.000000,0,0,101351678,786,0,786,0,0,10,11
8,350,21.000000,42.000000,0,0,101351681,786,0,786,0,0,10,11
8,350,21.000000,42.000000,0,0,101351684,786,0,786,0,0,10,11
8,350,21.000000,42.000000,0,0,101351687,786,0,786,0,0,10,11
8,350,21.000000,42.000000,0,0,101351690,786,0,786,0,0,10,11
8,350,21.000000,42.000000,0,0,101351692,786,0,786,0,0,10,11
8,350,21.000000,42.000000,0,0,101351695,786,0,786,0,0,10,11
8,350,21.000000,42.000000,0,0,101351698,786,0,786,0,0,10,11
8,350,21.000000,42.000000,0,0,101351701,786,0,786,0,0,10,11
8,350,21.000000,42.000000,0,0,101351704,786,0,786,0,0,10,11
8,350,21.000000,42.000000,0,0,101351707,786,0,786,0,0,10,11
8,350,21.000000,42.000000,0,0,101351710,786,0,786,0,0,10,11
8,350,21.000000,42.000000,0,0,101351713,786,0,786,0,0,10,11
8,350,21.000000,42.000000,0,0,101351715,786,0,786,0,0,10,11
8,350,21.000000,42.000000,0,0,101351718,786,0,786,0,0,10,11
8,350,21.000000,42.000000,0,0,101351721,786,0,786,0,0,10,11
8,350,21.000000,42.000000,0,0,101351723,786,0,786,0,0,10,11
8,350,21.000000,42.000000,0,0,101351726,786,0,786,0,0,10,11
8,350,21.000000,42.000000,0,0,101351729,786,0,786,0,0,10,11
8,350,21.000000,42.000000,0,0,101351732,786,0,786,0,0,10,11
8,350,21.000000,42.000000,0,0,101351734,786,0,786,0,0,10,11
8,350,21.000000,42.000000,0,0,101351737,786,0,786,0,0,10,11
8,350,21.000000,42.000000,0,0,101351740,786,0,786,0,0,10,11
8,350,21.000000,42.000000,0,0,101351742,786,0,786,0,0,10,11
8,350,21.000000,42.000000,0,0,101351745,786,0,786,-1,0,10,11
8,350,21.000000,42.000000,0,0,101351748,788,0,788,-1,0,10,11
8,350,21.000000,42.000000,0,0,101351750,790,0,790,-1,0,10,11
8,350,21.000000,42.000000,0,0,101351754,791,0,791,-2,0,10,11
8,350,21.000000,42.000000,0,0,101351756,792,0,792,-3,0,10,11
8,350,21.000000,42.000000,0,0,101351759,792,0,792,-4,0,10,11
8,350,21.000000,42.000000,0,0,101351762,793,0,793,-4,0,10,11
8,350,21.000000,42.000000,0,0,101351764,796,0,796,-4,0,10,11
8,350,21.000000,42.000000,0,0,101351767,799,0,799,-7,0,10,11
8,350,21.000000,42.000000,0,0,101351770,801,0,801,-8,0,10,11
8,350,21.000000,42.000000,0,0,101351773,802,0,802,-9,0,10,11
8,350,21.000000,42.000000,0,0,101351776,805,0,805,-10,0,10,11
8,350,21.000000,42.000000,0,0,101351778,807,0,807,-11,0,10,11
8,350,21.000000,42.000000,0,0,101351781,811,0,811,-11,0,10,11
8,350,21.000000,42.000000,0,0,101351784,815,0,815,-11,0,10,11
8,350,21.000000,42.000000,0,0,101351787,818,0,818,-11,0,10,11
8,350,21.000000,42.000000,0,0,101351790,821,0,821,-13,0,10,11
8,350,21.000000,42.000000,0,0,101351793,824,0,824,-13,0,10,11
8,350,21.000000,42.000000,0,0,101351795,828,0,828,-14,0,10,11
8,350,21.000000,42.000000,0,0,101351798,832,0,832,-14,0,10,11
8,350,21.000000,42.000000,0,0,101351801,838,0,838,-15,0,10,11
8,350,21.000000,42.000000,0,0,101351804,842,0,842,-15,0,10,11
8,350,21.000000,42.000000,0,0,101351809,848,0,848,-17,0,10,11
8,350,21.000000,42.000000,0,0,101351814,854,0,854,-18,0,10,11
8,350,21.000000,42.000000,0,0,101351818,864,0,864,-19,0,10,11
8,350,21.000000,42.000000,0,0,101351822,875,0,875,-20,0,10,11
8,350,21.000000,42.000000,0,0,101351826,879,0,879,-21,0,10,11
8,350,21.000000,42.000000,0,0,101351829,884,0,884,-22,0,10,11
8,350,21.000000,42.000000,0,0,101351833,891,0,891,-22,0,10,11
8,350,21.000000,42.000000,0,0,101351837,903,0,903,-22,0,10,11
8,350,21.000000,42.000000,0,0,101351840,918,0,918,-22,0,10,11
8,350,21.000000,42.000000,0,0,101351843,923,0,923,-22,0,10,11
8,350,21.000000,42.000000,0,0,101351846,930,0,930,-22,0,10,11
8,350,21.000000,42.000000,0,0,101351849,939,0,939,-22,0,10,11
8,350,21.000000,42.000000,0,0,101351851,944,0,944,-22,0,10,11
8,350,21.000000,42.000000,0,0,101351854,953,0,953,-23,0,10,11
8,350,21.000000,42.000000,0,0,101351857,957,0,957,-24,0,10,11
8,350,21.000000,42.000000,0,0,101351860,962,0,962,-24,0,10,11
8,350,21.000000,42.000000,0,0,101351862,969,0,969,-24,0,10,11
8,350,21.000000,42.000000,0,0,101351865,975,0,975,-24,0,10,11
8,350,21.000000,42.000000,0,0,101351868,980,0,980,-24,0,10,11
8,350,21.000000,42.000000,0,0,101351870,983,0,983,-24,0,10,11
8,350,21.000000,42.000000,0,0,101351873,991,0,991,-24,0,10,11
8,350,21.000000,42.000000,0,0,101351876,996,0,996,-24,0,10,11
8,350,21.000000,42.000000,0,0,101351879,1003,0,1003,-24,0,10,11
8,350,21.000000,42.000000,0,0,101351881,1007,0,1007,-24,0,10,11
8,350,21.000000,42.000000,0,0,101351884,1011,0,1011,-24,0,10,11
8,350,21.000000,42.000000,0,0,101351887,1016,0,1016,-24,0,10,11
8,350,21.000000,42.000000,0,0,101351890,1019,0,1019,-24,0,10,11
8,350,21.000000,42.000000,0,0,101351893,1023,0,1023,-24,0,10,11
8,350,21.000000,42.000000,0,0,101351895,1026,0,1026,-24,0,10,11
8,350,21.000000,42.000000,0,0,101351898,1029,0,1029,-25,0,10,11
8,350,21.000000,42.000000,0,0,101351901,1033,1,1033,-24,0,10,11
8,350,21.000000,42.000000,0,0,101351903,1035,1,1035,-24,0,10,11
8,350,21.000000,42.000000,0,0,101351906,1037,1,1037,-24,0,10,11
8,350,21.000000,42.000000,0,0,101351909,1040,1,1040,-24,0,10,11
8,350,21.000000,42.000000,0,0,101351913,1042,1,1042,-24,0,10,11
8,350,21.000000,42.000000,0,0,101351919,1043,1,1043,-24,0,10,11
8,350,21.000000,42.000000,0,0,101351922,1046,1,1046,-24,0,10,11
8,350,21.000000,42.000000,0,0,101351926,1046,1,1046,-24,0,10,11
8,350,21.000000,42.000000,0,0,101351929,1046,1,1046,-24,0,10,11
8,350,21.000000,42.000000,0,0,101351933,1046,1,1046,-24,0,10,11
8,350,21.000000,42.000000,0,0,101351935,1046,1,1046,-24,0,10,11
8,350,21.000000,42.000000,0,0,101351938,1046,1,1046,-24,0,10,11
8,350,21.000000,42.000000,0,0,101351941,1046,1,1046,-24,0,10,11
8,350,21.000000,42.000000,0,0,101351945,1046,1,1046,-24,0,10,11
8,350,21.000000,42.000000,0,0,101351948,1046,1,1046,-24,0,10,11
8,350,21.000000,42.000000,0,0,101351950,1046,1,1046,-24,0,10,11
8,350,21.000000,42.000000,0,0,101351953,1046,1,1046,-24,0,10,11
8,350,21.000000,42.000000,0,0,101351956,1046,1,1046,-24,0,10,11
8,350,21.000000,42.000000,0,0,101351959,1046,1,1046,-24,0,10,11
8,350,21.000000,42.000000,0,0,101351962,1046,1,1046,-24,0,10,11
8,350,21.000000,42.000000,0,0,101351964,1046,1,1046,-24,0,10,11
8,350,21.000000,42.000000,0,0,101351967,1046,1,1046,-24,0,10,11
8,350,21.000000,42.000000,0,0,101351970,1046,1,1046,-24,0,10,11
8,350,21.000000,42.000000,0,0,101351973,1046,1,1046,-24,0,10,11
8,350,21.000000,42.000000,0,0,101351976,1047,1,1047,-24,0,10,11
8,350,21.000000,42.000000,0,0,101351978,1047,1,1047,-24,0,10,11
8,350,21.000000,42.000000,0,0,101351982,1047,1,1047,-24,0,10,11
8,350,21.000000,42.000000,0,0,101351984,1047,1,1047,-24,0,10,11
8,350,21.000000,42.000000,0,0,101351987,1048,0,1048,-25,0,10,11
8,350,21.000000,42.000000,0,0,101351990,1050,0,1050,-26,0,10,11
8,350,21.000000,42.000000,0,0,101351992,1050,0,1050,-26,0,10,11
8,350,21.000000,42.000000,0,0,101351995,1050,0,1050,-26,0,10,11
8,350,21.000000,42.000000,0,0,101351998,1052,0,1052,-26,0,10,11
8,350,21.000000,42.000000,0,0,101352001,1054,0,1054,-26,0,10,11
8,350,21.000000,42.000000,0,0,101352004,1056,0,1056,-26,0,10,11
8,350,21.000000,42.000000,0,0,101352006,1056,0,1056,-27,0,10,11
8,350,21.000000,42.000000,0,0,101352009,1057,0,1057,-27,0,10,11
8,350,21.000000,42.000000,0,0,101352012,1060,0,1060,-27,0,10,11
8,350,21.000000,42.000000,0,0,101352015,1061,0,1061,-27,0,10,11
8,350,21.000000,42.000000,0,0,101352018,1064,0,1064,-27,0,10,11
8,350,21.000000,42.000000,0,0,101352020,1065,0,1065,-27,0,10,11
8,350,21.000000,42.000000,0,0,101352023,1067,0,1067,-27,0,10,11
8,350,21.000000,42.000000,0,0,101352026,1068,0,1068,-27,0,10,11
8,350,21.000000,42.000000,0,0,101352028,1070,0,1070,-27,0,10,11
8,350,21.000000,42.000000,0,0,101352031,1073,0,1073,-28,0,10,11
8,350,21.000000,42.000000,0,0,101352034,1074,0,1074,-28,0,10,11
8,350,21.000000,42.000000,0,0,101352037,1075,0,1075,-28,0,10,11
8,350,21.000000,42.000000,0,0,101352040,1076,0,1076,-28,0,10,11
8,350,21.000000,42.000000,0,0,101352043,1077,0,1077,-28,0,10,11
8,350,21.000000,42.000000,0,0,101352045,1078,0,1078,-28,0,10,11
8,350,21.000000,42.000000,0,0,101352048,1079,0,1079,-28,0,10,11
8,350,21.000000,42.000000,0,0,101352051,1079,0,1079,-28,0,10,11
8,350,21.000000,42.000000,0,0,101352054,1080,0,1080,-28,0,10,11
8,350,21.000000,42.000000,0,0,101352057,1081,0,1081,-28,0,10,11
8,350,21.000000,42.000000,0,0,101352059,1081,0,1081,-28,0,10,11
8,350,21.000000,42.000000,0,0,101352062,1081,0,1081,-28,0,10,11
8,350,21.000000,42.000000,0,0,101352065,1081,0,1081,-28,0,10,11
8,350,21.000000,42.000000,0,0,101352069,1081,0,1081,-28,0,10,11
8,350,21.000000,42.000000,0,0,101352073,1081,0,1081,-28,0,10,11
8,350,21.000000,42.000000,0,0,101352076,1081,0,1081,-28,0,10,11
8,350,21.000000,42.000000,0,0,101352079,1081,0,1081,-28,0,10,11
8,350,21.000000,42.000000,0,0,101352082,1081,0,1081,-28,0,10,11
8,350,21.000000,42.000000,0,0,101352085,1081,0,1081,-28,0,10,11
8,350,21.000000,42.000000,0,0,101352087,1081,0,1081,-28,0,10,11
8,350,21.000000,42.000000,0,0,101352090,1081,0,1081,-28,0,10,11
8,350,21.000000,42.000000,0,0,101352093,1081,0,1081,-28,0,10,11
8,350,21.000000,42.000000,0,0,101352095,1081,0,1081,-28,0,10,11
8,350,21.000000,42.000000,0,0,101352098,1081,0,1081,-28,0,10,11
8,350,21.000000,42.000000,0,0,101352101,1081,0,1081,-28,0,10,11
8,350,21.000000,42.000000,0,0,101352104,1081,0,1081,-28,0,10,11
8,350,21.000000,42.000000,0,0,101352106,1081,0,1081,-28,0,10,11
8,350,21.000000,42.000000,0,0,101352109,1081,0,1081,-28,0,10,11
8,350,21.000000,42.000000,0,0,101352112,1081,0,1081,-28,0,10,11
8,350,21.000000,42.000000,0,0,101352115,1081,0,1081,-28,0,10,11
8,350,21.000000,42.000000,0,0,101352117,1081,0,1081,-28,0,10,11
8,350,21.000000,42.000000,0,0,101352120,1081,0,1081,-28,0,10,11
8,350,21.000000,42.000000,0,0,101352123,1081,0,1081,-28,0,10,11
8,350,21.000000,42.000000,0,0,101352126,1081,0,1081,-28,0,10,11
8,350,21.000000,42.000000,0,0,101352129,1081,0,1081,-28,0,10,11
8,350,21.000000,42.000000,0,0,101352131,1081,0,1081,-29,0,10,11
8,350,21.000000,42.000000,0,0,101352134,1081,0,1081,-30,0,10,11
8,350,21.000000,42.000000,0,0,101352137,1081,0,1081,-30,0,10,11
8,350,21.000000,42.000000,0,0,101352140,1082,0,1082,-30,0,10,11
8,350,21.000000,42.000000,0,0,101352143,1082,0,1082,-30,0,10,11
8,350,21.000000,42.000000,0,0,101352145,1082,0,1082,-30,0,10,11
8,350,21.000000,42.000000,0,0,101352148,1082,0,1082,-30,0,10,11
8,350,21.000000,42.000000,0,0,101352151,1083,0,1083,-30,0,10,11
8,350,21.000000,42.000000,0,0,101352154,1084,0,1084,-30,0,10,11
8,350,21.000000,42.000000,0,0,101352157,1085,0,1085,-30,0,10,11
8,350,21.000000,42.000000,0,0,101352159,1086,0,1086,-30,0,10,11
8,350,21.000000,42.000000,0,0,101352162,1086,0,1086,-30,0,10,11
8,350,21.000000,42.000000,0,0,101352165,1086,0,1086,-30,0,10,11
8,350,21.000000,42.000000,0,0,101352167,1086,0,1086,-30,0,10,11
8,350,21.000000,42.000000,0,0,101352170,1086,0,1086,-30,0,10,11
8,350,21.000000,42.000000,0,0,101352173,1086,0,1086,-30,0,10,11
8,350,21.000000,42.000000,0,0,101352176,1086,0,1086,-30,0,10,11
8,350,21.000000,42.000000,0,0,101352178,1086,0,1086,-30,0,10,11
8,350,21.000000,42.000000,0,0,101352181,1086,0,1086,-30,0,10,11
8,350,21.000000,42.000000,0,0,101352184,1086,0,1086,-30,0,10,11
8,350,21.000000,42.000000,0,0,101352187,1086,0,1086,-30,0,10,11
8,350,21.000000,42.000000,0,0,101352190,1086,0,1086,-30,0,10,11
8,350,21.000000,42.000000,0,0,101352192,1086,0,1086,-30,0,10,11
8,350,21.000000,42.000000,0,0,101352195,1086,0,1086,-30,0,10,11
8,350,21.000000,42.000000,0,0,101352198,1086,0,1086,-30,0,10,11
8,350,21.000000,42.000000,0,0,101352201,1086,0,1086,-30,0,10,11
8,350,21.000000,42.000000,0,0,101352204,1086,0,1086,-30,0,10,11
8,350,21.000000,42.000000,0,0,101352206,1086,0,1086,-30,0,10,11
8,350,21.000000,42.000000,0,0,101352209,1086,0,1086,-30,0,10,11
8,350,21.000000,42.000000,0,0,101352212,1086,0,1086,-30,0,10,11
8,350,21.000000,42.000000,0,0,101352214,1086,0,1086,-30,0,10,11
8,350,21.000000,42.000000,0,0,101352217,1086,0,1086,-30,0,10,11
8,350,21.000000,42.000000,0,0,101352220,1086,0,1086,-30,0,10,11
8,350,21.000000,42.000000,0,0,101352223,1086,0,1086,-30,0,10,11
8,350,21.000000,42.000000,0,0,101352226,1086,0,1086,-30,0,10,11
8,350,21.000000,42.000000,0,0,101352229,1086,0,1086,-30,0,10,11
8,350,21.000000,42.000000,0,0,101352231,1086,0,1086,-30,0,10,11
8,350,21.000000,42.000000,0,0,101352234,1086,0,1086,-30,0,10,11
8,350,21.000000,42.000000,0,0,101352237,1086,0,1086,-30,0,10,11
8,350,21.000000,42.000000,0,0,101352240,1086,0,1086,-30,0,10,11
8,350,21.000000,42.000000,0,0,101352243,1086,0,1086,-30,0,10,11
8,350,21.000000,42.000000,0,0,101352245,1086,0,1086,-30,0,10,11
8,350,21.000000,42.000000,0,0,101352248,1086,0,1086,-30,0,10,11
8,350,21.000000,42.000000,0,0,101352251,1086,0,1086,-30,0,10,11
8,350,21.000000,42.000000,0,0,101352254,1086,0,1086,-30,0,10,11
8,350,21.000000,42.000000,0,0,101352257,1086,0,1086,-30,0,10,11
8,350,21.000000,42.000000,0,0,101352259,1086,0,1086,-30,0,10,11
8,350,21.000000,42.000000,0,0,101352262,1086,0,1086,-30,0,10,11
8,350,21.000000,42.000000,0,0,101352265,1086,0,1086,-30,0,10,11
8,350,21.000000,42.000000,0,0,101352267,1086,0,1086,-30,0,10,11
8,350,21.000000,42.000000,0,0,101352270,1087,0,1087,-30,0,10,11
8,350,21.000000,42.000000,0,0,101352273,1088,0,1088,-30,0,10,11
8,350,21.000000,42.000000,0,0,101352276,1088,0,1088,-30,0,10,11
8,350,21.000000,42.000000,0,0,101352279,1089,0,1089,-30,0,10,11
8,350,21.000000,42.000000,0,0,101352281,1090,0,1090,-30,0,10,11
8,350,21.000000,42.000000,0,0,101352284,1090,0,1090,-30,0,10,11
8,350,21.000000,42.000000,0,0,101352287,1091,0,1091,-30,0,10,11
8,350,21.000000,42.000000,0,0,101352290,1093,0,1093,-30,0,10,11
8,350,21.000000,42.000000,0,0,101352293,1093,0,1093,-30,0,10,11
8,350,21.000000,42.000000,0,0,101352295,1094,0,1094,-30,0,10,11
8,350,21.000000,42.000000,0,0,101352298,1095,0,1095,-30,0,10,11
8,350,21.000000,42.000000,0,0,101352301,1096,0,1096,-30,0,10,11
8,350,21.000000,42.000000,0,0,101352303,1098,0,1098,-31,0,10,11
8,350,21.000000,42.000000,0,0,101352306,1099,0,1099,-31,0,10,11
8,350,21.000000,42.000000,0,0,101352309,1100,0,1100,-31,0,10,11
8,350,21.000000,42.000000,0,0,101352312,1102,0,1102,-31,0,10,11
8,350,21.000000,42.000000,0,0,101352315,1103,0,1103,-31,0,10,11
8,350,21.000000,42.000000,0,0,101352317,1105,0,1105,-31,0,10,11
8,350,21.000000,42.000000,0,0,101352320,1106,0,1106,-31,0,10,11
8,350,21.000000,42.000000,0,0,101352323,1108,0,1108,-31,0,10,11
8,350,21.000000,42.000000,0,0,101352326,1109,0,1109,-31,0,10,11
8,350,21.000000,42.000000,0,0,101352329,1110,0,1110,-31,0,10,11
8,350,21.000000,42.000000,0,0,101352331,1111,0,1111,-31,0,10,11
8,350,21.000000,42.000000,0,0,101352334,1112,0,1112,-31,0,10,11
8,350,21.000000,42.000000,0,0,101352337,1114,0,1114,-31,0,10,11
8,350,21.000000,42.000000,0,0,101352340,1117,0,1117,-31,0,10,11
8,350,21.000000,42.000000,0,0,101352344,1118,0,1118,-31,0,10,11
8,350,21.000000,42.000000,0,0,101352349,1118,0,1118,-31,0,10,11
8,350,21.000000,42.000000,0,0,101352353,1118,0,1118,-31,0,10,11
8,350,21.000000,42.000000,0,0,101352356,1118,0,1118,-31,0,10,11
8,350,21.000000,42.000000,0,0,101352359,1119,0,1119,-31,0,10,11
8,350,21.000000,42.000000,0,0,101352362,1120,0,1120,-31,0,10,11
8,350,21.000000,42.000000,0,0,101352365,1121,0,1121,-31,0,10,11
8,350,21.000000,42.000000,0,0,101352368,1123,0,1123,-31,0,10,11
8,350,21.000000,42.000000,0,0,101352371,1123,0,1123,-31,0,10,11
8,350,21.000000,42.000000,0,0,101352373,1123,0,1123,-31,0,10,11
8,350,21.000000,42.000000,0,0,101352376,1124,0,1124,-31,0,10,11
8,350,21.000000,42.000000,0,0,101352379,1125,0,1125,-31,0,10,11
8,350,21.000000,42.000000,0,0,101352382,1125,0,1125,-31,0,10,11
8,350,21.000000,42.000000,0,0,101352384,1125,0,1125,-31,0,10,11
8,350,21.000000,42.000000,0,0,101352387,1125,0,1125,-31,0,10,11
8,350,21.000000,42.000000,0,0,101352390,1125,0,1125,-31,0,10,11
8,350,21.000000,42.000000,0,0,101352393,1125,0,1125,-31,0,10,11
8,350,21.000000,42.000000,0,0,101352396,1126,0,1126,-31,0,10,11
8,350,21.000000,42.000000,0,0,101352399,1126,0,1126,-31,0,10,11
8,350,21.000000,42.000000,0,0,101352401,1128,0,1128,-31,0,10,11
8,350,21.000000,42.000000,0,0,101352404,1130,0,1130,-31,0,10,11
8,350,21.000000,42.000000,0,0,101352407,1130,0,1130,-31,0,10,11
8,350,21.000000,42.000000,0,0,101352410,1131,0,1131,-31,0,10,11
8,350,21.000000,42.000000,0,0,101352413,1131,0,1131,-31,0,10,11
8,350,21.000000,42.000000,0,0,101352415,1131,0,1131,-31,0,10,11
8,350,21.000000,42.000000,0,0,101352418,1131,0,1131,-31,0,10,11
8,350,21.000000,42.000000,0,0,101352421,1132,0,1132,-31,0,10,11
8,350,21.000000,42.000000,0,0,101352424,1133,0,1133,-31,0,10,11
8,350,21.000000,42.000000,0,0,101352426,1133,0,1133,-31,0,10,11
8,350,21.000000,42.000000,0,0,101352429,1133,0,1133,-32,0,10,11
8,350,21.000000,42.000000,0,0,101352431,1133,0,1133,-33,0,10,11
8,350,21.000000,42.000000,0,0,101352434,1133,0,1133,-33,0,10,11
8,350,21.000000,42.000000,0,0,101352437,1134,0,1134,-33,0,10,11
8,350,21.000000,42.000000,0,0,101352440,1135,0,1135,-33,0,10,11
8,350,21.000000,42.000000,0,0,101352443,1135,0,1135,-33,0,10,11
8,350,21.000000,42.000000,0,0,101352446,1136,0,1136,-33,0,10,11
8,350,21.000000,42.000000,0,0,101352448,1136,0,1136,-33,0,10,11
8,350,21.000000,42.000000,0,0,101352451,1136,0,1136,-33,0,10,11
8,350,21.000000,42.000000,0,0,101352454,1136,0,1136,-33,0,10,11
8,350,21.000000,42.000000,0,0,101352456,1136,0,1136,-33,0,10,11
8,350,21.000000,42.000000,0,0,101352459,1136,0,1136,-33,0,10,11
8,350,21.000000,42.000000,0,0,101352462,1136,0,1136,-33,0,10,11
8,350,21.000000,42.000000,0,0,101352465,1136,0,1136,-33,0,10,11
8,350,21.000000,42.000000,0,0,101352468,1136,0,1136,-33,0,10,11
8,350,21.000000,42.000000,0,0,101352471,1136,0,1136,-33,0,10,11
8,350,21.000000,42.000000,0,0,101352473,1136,0,1136,-33,0,10,11
8,350,21.000000,42.000000,0,0,101352476,1136,0,1136,-33,0,10,11
8,350,21.000000,42.000000,0,0,101352479,1136,0,1136,-34,0,10,11
8,350,21.000000,42.000000,0,0,101352482,1136,0,1136,-35,0,10,11
8,350,21.000000,42.000000,0,0,101352484,1136,0,1136,-35,0,10,11
8,350,21.000000,42.000000,0,0,101352487,1136,0,1136,-35,0,10,11
8,350,21.000000,42.000000,0,0,101352490,1136,0,1136,-35,0,10,11
8,350,21.000000,42.000000,0,0,101352493,1136,0,1136,-35,0,10,11
8,350,21.000000,42.000000,0,0,101352496,1136,0,1136,-35,0,10,11
8,350,21.000000,42.000000,0,0,101352498,1136,0,1136,-35,0,10,11
8,350,21.000000,42.000000,0,0,101352501,1136,0,1136,-35,0,10,11
8,350,21.000000,42.000000,0,0,101352504,1136,0,1136,-35,0,10,11
8,350,21.000000,42.000000,0,0,101352507,1136,0,1136,-35,0,10,11
8,350,21.000000,42.000000,0,0,101352510,1136,0,1136,-35,0,10,11
8,350,21.000000,42.000000,0,0,101352513,1136,0,1136,-35,0,10,11
8,350,21.000000,42.000000,0,0,101352515,1136,0,1136,-35,0,10,11
8,350,21.000000,42.000000,0,0,101352518,1136,0,1136,-35,0,10,11
8,350,21.000000,42.000000,0,0,101352520,1136,0,1136,-35,0,10,11
8,350,21.000000,42.000000,0,0,101352524,1136,0,1136,-35,0,10,11
8,350,21.000000,42.000000,0,0,101352526,1136,0,1136,-35,0,10,11
8,350,21.000000,42.000000,0,0,101352529,1136,0,1136,-35,0,10,11
8,350,21.000000,42.000000,0,0,101352532,1136,0,1136,-35,0,10,11
8,350,21.000000,42.000000,0,0,101352535,1136,0,1136,-35,0,10,11
8,350,21.000000,42.000000,0,0,101352537,1136,0,1136,-35,0,10,11
8,350,21.000000,42.000000,0,0,101352540,1136,0,1136,-35,0,10,11
8,350,21.000000,42.000000,0,0,101352543,1136,0,1136,-35,0,10,11
8,350,21.000000,42.000000,0,0,101352546,1136,0,1136,-35,0,10,11
8,350,21.000000,42.000000,0,0,101352548,1136,0,1136,-35,0,10,11
8,350,21.000000,42.000000,0,0,101352551,1136,0,1136,-35,0,10,11
8,350,21.000000,42.000000,0,0,101352554,1136,0,1136,-35,0,10,11
8,350,21.000000,42.000000,0,0,101352557,1136,0,1136,-35,0,10,11
8,350,21.000000,42.000000,0,0,101352561,1136,0,1136,-35,0,10,11
8,350,21.000000,42.000000,0,0,101352565,1136,0,1136,-35,0,10,11
8,350,21.000000,42.000000,0,0,101352568,1136,0,1136,-35,0,10,11
8,350,21.000000,42.000000,0,0,101352571,1136,0,1136,-35,0,10,11
8,350,21.000000,42.000000,0,0,101352574,1136,0,1136,-35,0,10,11
8,350,21.000000,42.000000,0,0,101352576,1136,0,1136,-35,0,10,11
8,350,21.000000,42.000000,0,0,101352579,1136,0,1136,-35,0,10,11
8,350,21.000000,42.000000,0,0,101352582,1136,0,1136,-35,0,10,11
8,350,21.000000,42.000000,0,0,101352584,1136,0,1136,-35,0,10,11
8,350,21.000000,42.000000,0,0,101352587,1136,0,1136,-35,0,10,11
8,350,21.000000,42.000000,0,0,101352590,1136,0,1136,-35,0,10,11
8,350,21.000000,42.000000,0,0,101352593,1136,0,1136,-35,0,10,11
8,350,21.000000,42.000000,0,0,101352595,1136,0,1136,-35,0,10,11
8,350,21.000000,42.000000,0,0,101352599,1136,0,1136,-35,0,10,11
8,350,21.000000,42.000000,0,0,101352601,1136,0,1136,-35,0,10,11
8,350,21.000000,42.000000,0,0,101352604,1136,0,1136,-35,0,10,11
8,350,21.000000,42.000000,0,0,101352607,1136,0,1136,-35,0,10,11
8,350,21.000000,42.000000,0,0,101352610,1136,0,1136,-35,0,10,11
8,350,21.000000,42.000000,0,0,101352612,1136,0,1136,-35,0,10,11
8,350,21.000000,42.000000,0,0,101352615,1136,0,1136,-35,0,10,11
8,350,21.000000,42.000000,0,0,101352618,1136,0,1136,-35,0,10,11
8,350,21.000000,42.000000,0,0,101352631,1136,0,1136,-35,0,10,11
