8,350,80.500000,0.000000,1,0,101833392,784,0,784,0,0,25,1
8,350,80.500000,0.000000,1,0,101833393,784,0,784,0,0,25,1
8,350,80.500000,0.000000,1,0,101833395,784,0,784,0,0,25,1
8,350,80.500000,0.000000,1,0,101833398,784,0,784,0,0,25,1
8,350,80.500000,0.000000,1,0,101833400,784,0,784,0,0,25,1
8,350,80.500000,0.000000,1,0,101833403,784,0,784,0,0,25,1
8,350,80.500000,0.000000,1,0,101833406,784,0,784,0,0,25,1
8,350,80.500000,0.000000,1,0,101833409,784,0,784,0,0,25,1
8,350,80.500000,0.000000,1,0,101833412,784,0,784,0,0,25,1
8,350,80.500000,0.000000,1,0,101833414,784,0,784,0,0,25,1
8,350,80.500000,0.000000,1,0,101833417,784,0,784,0,0,25,1
8,350,80.500000,0.000000,1,0,101833420,784,0,784,0,0,25,1
8,350,80.500000,0.000000,1,0,101833423,784,0,784,0,0,25,1
8,350,80.500000,0.000000,1,0,101833426,784,0,784,0,0,25,1
8,350,80.500000,0.000000,1,0,101833428,784,0,784,0,0,25,1
8,350,80.500000,0.000000,1,0,101833431,784,0,784,0,0,25,1
8,350,80.500000,0.000000,1,0,101833434,784,0,784,0,0,25,1
8,350,80.500000,0.000000,1,0,101833437,784,0,784,0,0,25,1
8,350,80.500000,0.000000,1,0,101833440,784,0,784,0,0,25,1
8,350,80.500000,0.000000,1,0,101833443,784,0,784,0,0,25,1
8,350,80.500000,0.000000,1,0,101833445,784,2,784,2,0,25,1
8,350,80.500000,0.000000,1,0,101833448,785,2,785,2,0,25,1
8,350,80.500000,0.000000,1,0,101833451,785,3,785,3,0,25,1
8,350,80.500000,0.000000,1,0,101833453,785,4,785,4,0,25,1
8,350,80.500000,0.000000,1,0,101833456,785,6,785,6,0,25,1
8,350,80.500000,0.000000,1,0,101833459,785,8,785,8,0,25,1
8,350,80.500000,0.000000,1,0,101833462,787,9,787,9,0,25,1
8,350,80.500000,0.000000,1,0,101833465,788,11,788,11,0,25,1
8,350,80.500000,0.000000,1,0,101833468,790,12,790,12,0,25,1
8,350,80.500000,0.000000,1,0,101833470,791,14,791,14,0,25,1
8,350,80.500000,0.000000,1,0,101833473,794,17,794,17,0,25,1
8,350,80.500000,0.000000,1,0,101833476,796,20,796,20,0,25,1
8,350,80.500000,0.000000,1,0,101833479,796,23,796,23,0,25,1
8,350,80.500000,0.000000,1,0,101833481,798,25,798,25,0,25,1
8,350,80.500000,0.000000,1,0,101833484,801,29,801,29,0,25,1
8,350,80.500000,0.000000,1,0,101833487,806,32,806,32,0,25,1
8,350,80.500000,0.000000,1,0,101833490,810,37,810,37,0,25,1
8,350,80.500000,0.000000,1,0,101833492,815,40,815,40,0,25,1
8,350,80.500000,0.000000,1,0,101833495,820,44,820,44,0,25,1
8,350,80.500000,0.000000,1,0,101833498,824,47,824,47,0,25,1
8,350,80.500000,0.000000,1,0,101833501,831,49,831,49,0,25,1
8,350,80.500000,0.000000,1,0,101833503,837,53,837,53,0,25,1
8,350,80.500000,0.000000,1,0,101833506,841,56,841,56,0,25,1
8,350,80.500000,0.000000,1,0,101833509,850,60,850,60,0,25,1
8,350,80.500000,0.000000,1,0,101833512,853,63,853,63,0,25,1
8,350,80.500000,0.000000,1,0,101833515,861,66,861,66,0,25,1
8,350,80.500000,0.000000,1,0,101833517,865,69,865,69,0,25,1
8,350,80.500000,0.000000,1,0,101833520,874,70,874,70,0,25,1
8,350,80.500000,0.000000,1,0,101833523,876,73,876,73,0,25,1
8,350,80.500000,0.000000,1,0,101833526,883,76,883,76,0,25,1
8,350,80.500000,0.000000,1,0,101833529,890,77,890,77,0,25,1
8,350,80.500000,0.000000,1,0,101833531,898,79,898,79,0,25,1
8,350,80.500000,0.000000,1,0,101833534,906,81,906,81,0,25,1
8,350,80.500000,0.000000,1,0,101833537,916,82,916,82,0,25,1
8,350,80.500000,0.000000,1,0,101833540,925,83,925,83,0,25,1
8,350,80.500000,0.000000,1,0,101833543,932,84,932,84,0,25,1
8,350,80.500000,0.000000,1,0,101833545,942,86,942,86,0,25,1
8,350,80.500000,0.000000,1,0,101833548,948,86,948,86,0,25,1
8,350,80.500000,0.000000,1,0,101833551,957,86,957,86,0,25,1
8,350,80.500000,0.000000,1,0,101833554,962,86,962,86,0,25,1
8,350,80.500000,0.000000,1,0,101833556,969,86,969,86,0,25,1
8,350,80.500000,0.000000,1,0,101833559,975,86,975,86,0,25,1
8,350,80.500000,0.000000,1,0,101833562,979,86,979,86,0,25,1
8,350,80.500000,0.000000,1,0,101833565,987,86,987,86,0,25,1
8,350,80.500000,0.000000,1,0,101833568,994,85,994,85,0,25,1
8,350,80.500000,0.000000,1,0,101833570,997,85,997,85,0,25,1
8,350,80.500000,0.000000,1,0,101833573,1002,84,1002,84,0,25,1
8,350,80.500000,0.000000,1,0,101833576,1006,83,1006,83,0,25,1
8,350,80.500000,0.000000,1,0,101833578,1012,82,1012,82,0,25,1
8,350,80.500000,0.000000,1,0,101833582,1015,82,1015,82,0,25,1
8,350,80.500000,0.000000,1,0,101833584,1019,81,1019,81,0,25,1
8,350,80.500000,0.000000,1,0,101833587,1026,80,1026,80,0,25,1
8,350,80.500000,0.000000,1,0,101833589,1030,78,1030,78,0,25,1
8,350,80.500000,0.000000,1,0,101833592,1033,77,1033,77,0,25,1
8,350,80.500000,0.000000,1,0,101833595,1040,75,1040,75,0,25,1
8,350,80.500000,0.000000,1,0,101833598,1042,74,1042,74,0,25,1
8,350,80.500000,0.000000,1,0,101833601,1046,73,1046,73,0,25,1
8,350,80.500000,0.000000,1,0,101833604,1049,70,1049,70,0,25,1
8,350,80.500000,0.000000,1,0,101833607,1052,69,1052,69,0,25,1
8,350,80.500000,0.000000,1,0,101833609,1054,68,1054,68,0,25,1
8,350,80.500000,0.000000,1,0,101833612,1058,67,1058,67,0,25,1
8,350,80.500000,0.000000,1,0,101833615,1061,66,1061,66,0,25,1
8,350,80.500000,0.000000,1,0,101833618,1063,66,1063,66,0,25,1
8,350,80.500000,0.000000,1,0,101833620,1066,64,1066,64,0,25,1
8,350,80.500000,0.000000,1,0,101833623,1067,63,1067,63,0,25,1
8,350,80.500000,0.000000,1,0,101833626,1069,62,1069,62,0,25,1
8,350,80.500000,0.000000,1,0,101833628,1071,61,1071,61,0,25,1
8,350,80.500000,0.000000,1,0,101833631,1073,59,1073,59,0,25,1
8,350,80.500000,0.000000,1,0,101833634,1075,58,1075,58,0,25,1
8,350,80.500000,0.000000,1,0,101833637,1076,56,1076,56,0,25,1
8,350,80.500000,0.000000,1,0,101833640,1077,55,1077,55,0,25,1
8,350,80.500000,0.000000,1,0,101833642,1078,53,1078,53,0,25,1
8,350,80.500000,0.000000,1,0,101833645,1081,51,1081,51,0,25,1
8,350,80.500000,0.000000,1,0,101833648,1083,50,1083,50,0,25,1
8,350,80.500000,0.000000,1,0,101833651,1085,49,1085,49,0,25,1
8,350,80.500000,0.000000,1,0,101833654,1089,46,1089,46,0,25,1
8,350,80.500000,0.000000,1,0,101833656,1091,46,1091,46,0,25,1
8,350,80.500000,0.000000,1,0,101833659,1092,45,1092,45,0,25,1
8,350,80.500000,0.000000,1,0,101833662,1095,44,1095,44,0,25,1
8,350,80.500000,0.000000,1,0,101833665,1098,43,1098,43,0,25,1
8,350,80.500000,0.000000,1,0,101833667,1099,43,1099,43,0,25,1
8,350,80.500000,0.000000,1,0,101833670,1101,41,1101,41,0,25,1
8,350,80.500000,0.000000,1,0,101833673,1103,41,1103,41,0,25,1
8,350,80.500000,0.000000,1,0,101833676,1105,41,1105,41,0,25,1
8,350,80.500000,0.000000,1,0,101833679,1107,40,1107,40,0,25,1
8,350,80.500000,0.000000,1,0,101833681,1108,40,1108,40,0,25,1
8,350,80.500000,0.000000,1,0,101833684,1112,39,1112,39,0,25,1
8,350,80.500000,0.000000,1,0,101833687,1113,37,1113,37,0,25,1
8,350,80.500000,0.000000,1,0,101833690,1114,37,1114,37,0,25,1
8,350,80.500000,0.000000,1,0,101833693,1117,36,1117,36,0,25,1
8,350,80.500000,0.000000,1,0,101833695,1118,35,1118,35,0,25,1
8,350,80.500000,0.000000,1,0,101833698,1119,34,1119,34,0,25,1
8,350,80.500000,0.000000,1,0,101833701,1122,33,1122,33,0,25,1
8,350,80.500000,0.000000,1,0,101833704,1124,32,1124,32,0,25,1
8,350,80.500000,0.000000,1,0,101833707,1125,32,1125,32,0,25,1
8,350,80.500000,0.000000,1,0,101833709,1127,32,1127,32,0,25,1
8,350,80.500000,0.000000,1,0,101833712,1127,31,1127,31,0,25,1
8,350,80.500000,0.000000,1,0,101833715,1128,31,1128,31,0,25,1
8,350,80.500000,0.000000,1,0,101833717,1129,30,1129,30,0,25,1
8,350,80.500000,0.000000,1,0,101833720,1130,29,1130,29,0,25,1
8,350,80.500000,0.000000,1,0,101833723,1131,28,1131,28,0,25,1
8,350,80.500000,0.000000,1,0,101833726,1131,28,1131,28,0,25,1
8,350,80.500000,0.000000,1,0,101833728,1131,28,1131,28,0,25,1
8,350,80.500000,0.000000,1,0,101833731,1131,28,1131,28,0,25,1
8,350,80.500000,0.000000,1,0,101833734,1131,27,1131,27,0,25,1
8,350,80.500000,0.000000,1,0,101833737,1131,26,1131,26,0,25,1
8,350,80.500000,0.000000,1,0,101833740,1131,25,1131,25,0,25,1
8,350,80.500000,0.000000,1,0,101833742,1131,25,1131,25,0,25,1
8,350,80.500000,0.000000,1,0,101833745,1131,24,1131,24,0,25,1
8,350,80.500000,0.000000,1,0,101833748,1131,24,1131,24,0,25,1
8,350,80.500000,0.000000,1,0,101833751,1131,24,1131,24,0,25,1
8,350,80.500000,0.000000,1,0,101833754,1131,24,1131,24,0,25,1
8,350,80.500000,0.000000,1,0,101833756,1131,24,1131,24,0,25,1
8,350,80.500000,0.000000,1,0,101833759,1131,23,1131,23,0,25,1
8,350,80.500000,0.000000,1,0,101833762,1131,23,1131,23,0,25,1
8,350,80.500000,0.000000,1,0,101833765,1131,23,1131,23,0,25,1
8,350,80.500000,0.000000,1,0,101833768,1131,22,1131,22,0,25,1
8,350,80.500000,0.000000,1,0,101833770,1132,21,1132,21,0,25,1
8,350,80.500000,0.000000,1,0,101833773,1133,20,1133,20,0,25,1
8,350,80.500000,0.000000,1,0,101833776,1133,20,1133,20,0,25,1
8,350,80.500000,0.000000,1,0,101833779,1133,19,1133,19,0,25,1
8,350,80.500000,0.000000,1,0,101833782,1133,18,1133,18,0,25,1
8,350,80.500000,0.000000,1,0,101833784,1134,17,1134,17,0,25,1
8,350,80.500000,0.000000,1,0,101833787,1135,16,1135,16,0,25,1
8,350,80.500000,0.000000,1,0,101833790,1136,16,1136,16,0,25,1
8,350,80.500000,0.000000,1,0,101833793,1136,16,1136,16,0,25,1
8,350,80.500000,0.000000,1,0,101833796,1136,15,1136,15,0,25,1
8,350,80.500000,0.000000,1,0,101833798,1136,14,1136,14,0,25,1
8,350,80.500000,0.000000,1,0,101833801,1136,13,1136,13,0,25,1
8,350,80.500000,0.000000,1,0,101833804,1136,12,1136,12,0,25,1
8,350,80.500000,0.000000,1,0,101833806,1136,12,1136,12,0,25,1
8,350,80.500000,0.000000,1,0,101833809,1137,12,1137,12,0,25,1
8,350,80.500000,0.000000,1,0,101833812,1138,12,1138,12,0,25,1
8,350,80.500000,0.000000,1,0,101833815,1138,12,1138,12,0,25,1
8,350,80.500000,0.000000,1,0,101833818,1138,12,1138,12,0,25,1
8,350,80.500000,0.000000,1,0,101833820,1138,12,1138,12,0,25,1
8,350,80.500000,0.000000,1,0,101833823,1138,12,1138,12,0,25,1
8,350,80.500000,0.000000,1,0,101833826,1138,12,1138,12,0,25,1
8,350,80.500000,0.000000,1,0,101833829,1138,12,1138,12,0,25,1
8,350,80.500000,0.000000,1,0,101833831,1138,12,1138,12,0,25,1
8,350,80.500000,0.000000,1,0,101833834,1138,12,1138,12,0,25,1
8,350,80.500000,0.000000,1,0,101833837,1138,12,1138,12,0,25,1
8,350,80.500000,0.000000,1,0,101833840,1138,12,1138,12,0,25,1
8,350,80.500000,0.000000,1,0,101833843,1138,12,1138,12,0,25,1
8,350,80.500000,0.000000,1,0,101833845,1138,12,1138,12,0,25,1
8,350,80.500000,0.000000,1,0,101833848,1138,12,1138,12,0,25,1
8,350,80.500000,0.000000,1,0,101833851,1138,12,1138,12,0,25,1
8,350,80.500000,0.000000,1,0,101833854,1138,12,1138,12,0,25,1
8,350,80.500000,0.000000,1,0,101833856,1138,12,1138,12,0,25,1
8,350,80.500000,0.000000,1,0,101833859,1138,12,1138,12,0,25,1
8,350,80.500000,0.000000,1,0,101833862,1138,12,1138,12,0,25,1
8,350,80.500000,0.000000,1,0,101833865,1138,12,1138,12,0,25,1
8,350,80.500000,0.000000,1,0,101833868,1138,12,1138,12,0,25,1
8,350,80.500000,0.000000,1,0,101833871,1138,12,1138,12,0,25,1
8,350,80.500000,0.000000,1,0,101833873,1138,12,1138,12,0,25,1
8,350,80.500000,0.000000,1,0,101833876,1138,12,1138,12,0,25,1
8,350,80.500000,0.000000,1,0,101833879,1138,12,1138,12,0,25,1
8,350,80.500000,0.000000,1,0,101833882,1138,12,1138,12,0,25,1
8,350,80.500000,0.000000,1,0,101833884,1138,12,1138,12,0,25,1
8,350,80.500000,0.000000,1,0,101833887,1138,12,1138,12,0,25,1
8,350,80.500000,0.000000,1,0,101833890,1138,12,1138,12,0,25,1
8,350,80.500000,0.000000,1,0,101833893,1138,12,1138,12,0,25,1
8,350,80.500000,0.000000,1,0,101833895,1138,12,1138,12,0,25,1
8,350,80.500000,0.000000,1,0,101833898,1138,12,1138,12,0,25,1
8,350,80.500000,0.000000,1,0,101833901,1138,12,1138,12,0,25,1
8,350,80.500000,0.000000,1,0,101833904,1138,12,1138,12,0,25,1
8,350,80.500000,0.000000,1,0,101833907,1138,12,1138,12,0,25,1
8,350,80.500000,0.000000,1,0,101833909,1138,12,1138,12,0,25,1
8,350,80.500000,0.000000,1,0,101833912,1138,12,1138,12,0,25,1
8,350,80.500000,0.000000,1,0,101833915,1138,12,1138,12,0,25,1
8,350,80.500000,0.000000,1,0,101833918,1138,12,1138,12,0,25,1
8,350,80.500000,0.000000,1,0,101833929,1138,12,1138,12,0,25,1
