8,700,21.000000,0.000000,1,0,101858406,604,0,604,0,0,26,6
8,700,21.000000,0.000000,1,0,101858406,604,0,604,0,0,26,6
8,700,21.000000,0.000000,1,0,101858409,604,0,604,0,0,26,6
8,700,21.000000,0.000000,1,0,101858412,604,0,604,0,0,26,6
8,700,21.000000,0.000000,1,0,101858415,604,0,604,0,0,26,6
8,700,21.000000,0.000000,1,0,101858418,604,0,604,0,0,26,6
8,700,21.000000,0.000000,1,0,101858420,604,0,604,0,0,26,6
8,700,21.000000,0.000000,1,0,101858423,604,0,604,0,0,26,6
8,700,21.000000,0.000000,1,0,101858426,604,0,604,0,0,26,6
8,700,21.000000,0.000000,1,0,101858429,604,0,604,0,0,26,6
8,700,21.000000,0.000000,1,0,101858432,604,0,604,0,0,26,6
8,700,21.000000,0.000000,1,0,101858434,604,0,604,0,0,26,6
8,700,21.000000,0.000000,1,0,101858437,604,0,604,0,0,26,6
8,700,21.000000,0.000000,1,0,101858440,604,0,604,0,0,26,6
8,700,21.000000,0.000000,1,0,101858442,604,0,604,0,0,26,6
8,700,21.000000,0.000000,1,0,101858445,604,0,604,0,0,26,6
8,700,21.000000,0.000000,1,0,101858448,604,0,604,0,0,26,6
8,700,21.000000,0.000000,1,0,101858451,604,0,604,0,0,26,6
8,700,21.000000,0.000000,1,0,101858454,604,0,604,0,0,26,6
8,700,21.000000,0.000000,1,0,101858456,604,0,604,0,0,26,6
8,700,21.000000,0.000000,1,0,101858459,604,0,604,0,0,26,6
8,700,21.000000,0.000000,1,0,101858462,604,0,604,0,0,26,6
8,700,21.000000,0.000000,1,0,101858465,604,0,604,0,0,26,6
8,700,21.000000,0.000000,1,0,101858468,605,0,605,0,0,26,6
8,700,21.000000,0.000000,1,0,101858470,606,0,606,0,0,26,6
8,700,21.000000,0.000000,1,0,101858473,606,1,606,1,0,26,6
8,700,21.000000,0.000000,1,0,101858476,606,1,606,1,0,26,6
8,700,21.000000,0.000000,1,0,101858479,606,1,606,1,0,26,6
8,700,21.000000,0.000000,1,0,101858482,607,2,607,2,0,26,6
8,700,21.000000,0.000000,1,0,101858484,607,3,607,3,0,26,6
8,700,21.000000,0.000000,1,0,101858487,608,3,608,3,0,26,6
8,700,21.000000,0.000000,1,0,101858490,608,5,608,5,0,26,6
8,700,21.000000,0.000000,1,0,101858493,610,6,610,6,0,26,6
8,700,21.000000,0.000000,1,0,101858496,612,9,612,9,0,26,6
8,700,21.000000,0.000000,1,0,101858498,615,9,615,9,0,26,6
8,700,21.000000,0.000000,1,0,101858501,618,13,618,13,0,26,6
8,700,21.000000,0.000000,1,0,101858504,623,15,623,15,0,26,6
8,700,21.000000,0.000000,1,0,101858506,629,18,629,18,0,26,6
8,700,21.000000,0.000000,1,0,101858509,634,22,634,22,0,26,6
8,700,21.000000,0.000000,1,0,101858512,639,25,639,25,0,26,6
8,700,21.000000,0.000000,1,0,101858515,645,29,645,29,0,26,6
8,700,21.000000,0.000000,1,0,101858518,647,32,647,32,0,26,6
8,700,21.000000,0.000000,1,0,101858520,656,35,656,35,0,26,6
8,700,21.000000,0.000000,1,0,101858523,666,39,666,39,0,26,6
8,700,21.000000,0.000000,1,0,101858526,672,46,672,46,0,26,6
8,700,21.000000,0.000000,1,0,101858529,682,50,682,50,0,26,6
8,700,21.000000,0.000000,1,0,101858532,690,55,690,55,0,26,6
8,700,21.000000,0.000000,1,0,101858534,699,59,699,59,0,26,6
8,700,21.000000,0.000000,1,0,101858537,709,63,709,63,0,26,6
8,700,21.000000,0.000000,1,0,101858540,720,66,720,66,0,26,6
8,700,21.000000,0.000000,1,0,101858543,732,71,732,71,0,26,6
8,700,21.000000,0.000000,1,0,101858546,744,77,744,77,0,26,6
8,700,21.000000,0.000000,1,0,101858548,753,81,753,81,0,26,6
8,700,21.000000,0.000000,1,0,101858551,764,84,764,84,0,26,6
8,700,21.000000,0.000000,1,0,101858554,778,88,778,88,0,26,6
8,700,21.000000,0.000000,1,0,101858557,787,91,787,91,0,26,6
8,700,21.000000,0.000000,1,0,101858560,802,93,802,93,0,26,6
8,700,21.000000,0.000000,1,0,101858562,814,96,814,96,0,26,6
8,700,21.000000,0.000000,1,0,101858565,825,99,825,99,0,26,6
8,700,21.000000,0.000000,1,0,101858568,837,101,837,101,0,26,6
8,700,21.000000,0.000000,1,0,101858570,850,103,850,103,0,26,6
8,700,21.000000,0.000000,1,0,101858573,864,106,864,106,0,26,6
8,700,21.000000,0.000000,1,0,101858576,873,108,873,108,0,26,6
8,700,21.000000,0.000000,1,0,101858579,885,109,885,109,0,26,6
8,700,21.000000,0.000000,1,0,101858581,895,112,895,112,0,26,6
8,700,21.000000,0.000000,1,0,101858585,904,113,904,113,0,26,6
8,700,21.000000,0.000000,1,0,101858587,915,114,915,114,0,26,6
8,700,21.000000,0.000000,1,0,101858590,926,114,926,114,0,26,6
8,700,21.000000,0.000000,1,0,101858593,935,114,935,114,0,26,6
8,700,21.000000,0.000000,1,0,101858596,944,115,944,115,0,26,6
8,700,21.000000,0.000000,1,0,101858598,954,115,954,115,0,26,6
8,700,21.000000,0.000000,1,0,101858601,962,115,962,115,0,26,6
8,700,21.000000,0.000000,1,0,101858604,970,115,970,115,0,26,6
8,700,21.000000,0.000000,1,0,101858606,982,115,982,115,0,26,6
8,700,21.000000,0.000000,1,0,101858610,990,115,990,115,0,26,6
8,700,21.000000,0.000000,1,0,101858612,997,115,997,115,0,26,6
8,700,21.000000,0.000000,1,0,101858615,1006,115,1006,115,0,26,6
8,700,21.000000,0.000000,1,0,101858618,1012,115,1012,115,0,26,6
8,700,21.000000,0.000000,1,0,101858620,1020,114,1020,114,0,26,6
8,700,21.000000,0.000000,1,0,101858623,1027,113,1027,113,0,26,6
8,700,21.000000,0.000000,1,0,101858626,1032,112,1032,112,0,26,6
8,700,21.000000,0.000000,1,0,101858629,1042,112,1042,112,0,26,6
8,700,21.000000,0.000000,1,0,101858631,1049,111,1049,111,0,26,6
8,700,21.000000,0.000000,1,0,101858634,1055,110,1055,110,0,26,6
8,700,21.000000,0.000000,1,0,101858637,1061,109,1061,109,0,26,6
8,700,21.000000,0.000000,1,0,101858640,1067,107,1067,107,0,26,6
8,700,21.000000,0.000000,1,0,101858643,1072,106,1072,106,0,26,6
8,700,21.000000,0.000000,1,0,101858645,1078,103,1078,103,0,26,6
8,700,21.000000,0.000000,1,0,101858648,1084,101,1084,101,0,26,6
8,700,21.000000,0.000000,1,0,101858651,1088,101,1088,101,0,26,6
8,700,21.000000,0.000000,1,0,101858654,1092,99,1092,99,0,26,6
8,700,21.000000,0.000000,1,0,101858657,1098,97,1098,97,0,26,6
8,700,21.000000,0.000000,1,0,101858659,1105,97,1105,97,0,26,6
8,700,21.000000,0.000000,1,0,101858662,1108,94,1108,94,0,26,6
8,700,21.000000,0.000000,1,0,101858665,1114,93,1114,93,0,26,6
8,700,21.000000,0.000000,1,0,101858668,1118,91,1118,91,0,26,6
8,700,21.000000,0.000000,1,0,101858671,1124,90,1124,90,0,26,6
8,700,21.000000,0.000000,1,0,101858673,1127,88,1127,88,0,26,6
8,700,21.000000,0.000000,1,0,101858676,1133,86,1133,86,0,26,6
8,700,21.000000,0.000000,1,0,101858679,1137,84,1137,84,0,26,6
8,700,21.000000,0.000000,1,0,101858682,1142,82,1142,82,0,26,6
8,700,21.000000,0.000000,1,0,101858685,1146,80,1146,80,0,26,6
8,700,21.000000,0.000000,1,0,101858687,1152,78,1152,78,0,26,6
8,700,21.000000,0.000000,1,0,101858690,1156,77,1156,77,0,26,6
8,700,21.000000,0.000000,1,0,101858693,1161,76,1161,76,0,26,6
8,700,21.000000,0.000000,1,0,101858696,1164,73,1164,73,0,26,6
8,700,21.000000,0.000000,1,0,101858698,1167,72,1167,72,0,26,6
8,700,21.000000,0.000000,1,0,101858701,1170,71,1170,71,0,26,6
8,700,21.000000,0.000000,1,0,101858704,1177,69,1177,69,0,26,6
8,700,21.000000,0.000000,1,0,101858707,1181,67,1181,67,0,26,6
8,700,21.000000,0.000000,1,0,101858709,1184,66,1184,66,0,26,6
8,700,21.000000,0.000000,1,0,101858712,1187,65,1187,65,0,26,6
8,700,21.000000,0.000000,1,0,101858715,1192,64,1192,64,0,26,6
8,700,21.000000,0.000000,1,0,101858718,1195,63,1195,63,0,26,6
8,700,21.000000,0.000000,1,0,101858721,1202,61,1202,61,0,26,6
8,700,21.000000,0.000000,1,0,101858723,1209,59,1209,59,0,26,6
8,700,21.000000,0.000000,1,0,101858726,1212,58,1212,58,0,26,6
8,700,21.000000,0.000000,1,0,101858729,1217,58,1217,58,0,26,6
8,700,21.000000,0.000000,1,0,101858732,1222,56,1222,56,0,26,6
8,700,21.000000,0.000000,1,0,101858735,1225,56,1225,56,0,26,6
8,700,21.000000,0.000000,1,0,101858737,1228,56,1228,56,0,26,6
8,700,21.000000,0.000000,1,0,101858740,1231,55,1231,55,0,26,6
8,700,21.000000,0.000000,1,0,101858743,1233,54,1233,54,0,26,6
8,700,21.000000,0.000000,1,0,101858745,1236,53,1236,53,0,26,6
8,700,21.000000,0.000000,1,0,101858749,1240,53,1240,53,0,26,6
8,700,21.000000,0.000000,1,0,101858751,1244,53,1244,53,0,26,6
8,700,21.000000,0.000000,1,0,101858754,1246,53,1246,53,0,26,6
8,700,21.000000,0.000000,1,0,101858757,1249,52,1249,52,0,26,6
8,700,21.000000,0.000000,1,0,101858759,1252,52,1252,52,0,26,6
8,700,21.000000,0.000000,1,0,101858762,1254,52,1254,52,0,26,6
8,700,21.000000,0.000000,1,0,101858765,1257,52,1257,52,0,26,6
8,700,21.000000,0.000000,1,0,101858768,1259,51,1259,51,0,26,6
8,700,21.000000,0.000000,1,0,101858771,1262,51,1262,51,0,26,6
8,700,21.000000,0.000000,1,0,101858774,1265,51,1265,51,0,26,6
8,700,21.000000,0.000000,1,0,101858776,1266,51,1266,51,0,26,6
8,700,21.000000,0.000000,1,0,101858779,1270,51,1270,51,0,26,6
8,700,21.000000,0.000000,1,0,101858782,1272,51,1272,51,0,26,6
8,700,21.000000,0.000000,1,0,101858785,1275,51,1275,51,0,26,6
8,700,21.000000,0.000000,1,0,101858787,1277,51,1277,51,0,26,6
8,700,21.000000,0.000000,1,0,101858790,1280,51,1280,51,0,26,6
8,700,21.000000,0.000000,1,0,101858793,1283,51,1283,51,0,26,6
8,700,21.000000,0.000000,1,0,101858796,1286,51,1286,51,0,26,6
8,700,21.000000,0.000000,1,0,101858799,1288,51,1288,51,0,26,6
8,700,21.000000,0.000000,1,0,101858801,1291,51,1291,51,0,26,6
8,700,21.000000,0.000000,1,0,101858804,1292,51,1292,51,0,26,6
8,700,21.000000,0.000000,1,0,101858807,1295,51,1295,51,0,26,6
8,700,21.000000,0.000000,1,0,101858809,1297,51,1297,51,0,26,6
8,700,21.000000,0.000000,1,0,101858812,1299,51,1299,51,0,26,6
8,700,21.000000,0.000000,1,0,101858815,1302,51,1302,51,0,26,6
8,700,21.000000,0.000000,1,0,101858818,1304,51,1304,51,0,26,6
8,700,21.000000,0.000000,1,0,101858821,1305,51,1305,51,0,26,6
8,700,21.000000,0.000000,1,0,101858824,1306,51,1306,51,0,26,6
8,700,21.000000,0.000000,1,0,101858826,1307,51,1307,51,0,26,6
8,700,21.000000,0.000000,1,0,101858829,1309,51,1309,51,0,26,6
8,700,21.000000,0.000000,1,0,101858832,1312,51,1312,51,0,26,6
8,700,21.000000,0.000000,1,0,101858834,1312,50,1312,50,0,26,6
8,700,21.000000,0.000000,1,0,101858837,1313,49,1313,49,0,26,6
8,700,21.000000,0.000000,1,0,101858840,1314,49,1314,49,0,26,6
8,700,21.000000,0.000000,1,0,101858843,1315,49,1315,49,0,26,6
8,700,21.000000,0.000000,1,0,101858846,1315,49,1315,49,0,26,6
8,700,21.000000,0.000000,1,0,101858849,1315,49,1315,49,0,26,6
8,700,21.000000,0.000000,1,0,101858851,1315,49,1315,49,0,26,6
8,700,21.000000,0.000000,1,0,101858854,1315,49,1315,49,0,26,6
8,700,21.000000,0.000000,1,0,101858857,1315,49,1315,49,0,26,6
8,700,21.000000,0.000000,1,0,101858860,1315,49,1315,49,0,26,6
8,700,21.000000,0.000000,1,0,101858863,1315,49,1315,49,0,26,6
8,700,21.000000,0.000000,1,0,101858865,1315,49,1315,49,0,26,6
8,700,21.000000,0.000000,1,0,101858868,1315,49,1315,49,0,26,6
8,700,21.000000,0.000000,1,0,101858871,1315,49,1315,49,0,26,6
8,700,21.000000,0.000000,1,0,101858873,1315,49,1315,49,0,26,6
8,700,21.000000,0.000000,1,0,101858876,1315,49,1315,49,0,26,6
8,700,21.000000,0.000000,1,0,101858879,1315,49,1315,49,0,26,6
8,700,21.000000,0.000000,1,0,101858882,1315,49,1315,49,0,26,6
8,700,21.000000,0.000000,1,0,101858885,1315,49,1315,49,0,26,6
8,700,21.000000,0.000000,1,0,101858887,1315,49,1315,49,0,26,6
8,700,21.000000,0.000000,1,0,101858890,1315,49,1315,49,0,26,6
8,700,21.000000,0.000000,1,0,101858893,1315,49,1315,49,0,26,6
8,700,21.000000,0.000000,1,0,101858896,1315,49,1315,49,0,26,6
8,700,21.000000,0.000000,1,0,101858899,1315,49,1315,49,0,26,6
8,700,21.000000,0.000000,1,0,101858901,1315,49,1315,49,0,26,6
8,700,21.000000,0.000000,1,0,101858904,1315,49,1315,49,0,26,6
8,700,21.000000,0.000000,1,0,101858907,1315,49,1315,49,0,26,6
8,700,21.000000,0.000000,1,0,101858910,1315,49,1315,49,0,26,6
8,700,21.000000,0.000000,1,0,101858912,1315,49,1315,49,0,26,6
8,700,21.000000,0.000000,1,0,101858915,1315,49,1315,49,0,26,6
8,700,21.000000,0.000000,1,0,101858918,1315,49,1315,49,0,26,6
8,700,21.000000,0.000000,1,0,101858921,1315,49,1315,49,0,26,6
8,700,21.000000,0.000000,1,0,101858924,1315,49,1315,49,0,26,6
8,700,21.000000,0.000000,1,0,101858926,1315,49,1315,49,0,26,6
8,700,21.000000,0.000000,1,0,101858929,1315,49,1315,49,0,26,6
8,700,21.000000,0.000000,1,0,101858932,1315,49,1315,49,0,26,6
8,700,21.000000,0.000000,1,0,101858934,1315,49,1315,49,0,26,6
8,700,21.000000,0.000000,1,0,101858937,1315,49,1315,49,0,26,6
8,700,21.000000,0.000000,1,0,101858940,1315,49,1315,49,0,26,6
8,700,21.000000,0.000000,1,0,101858943,1315,49,1315,49,0,26,6
8,700,21.000000,0.000000,1,0,101858946,1315,49,1315,49,0,26,6
8,700,21.000000,0.000000,1,0,101858948,1315,49,1315,49,0,26,6
8,700,21.000000,0.000000,1,0,101858951,1315,49,1315,49,0,26,6
8,700,21.000000,0.000000,1,0,101858954,1315,49,1315,49,0,26,6
8,700,21.000000,0.000000,1,0,101858957,1315,49,1315,49,0,26,6
8,700,21.000000,0.000000,1,0,101858960,1315,49,1315,49,0,26,6
8,700,21.000000,0.000000,1,0,101858963,1314,48,1314,48,0,26,6
8,700,21.000000,0.000000,1,0,101858965,1313,47,1313,47,0,26,6
8,700,21.000000,0.000000,1,0,101858968,1313,47,1313,47,0,26,6
8,700,21.000000,0.000000,1,0,101858971,1313,47,1313,47,0,26,6
8,700,21.000000,0.000000,1,0,101858974,1313,47,1313,47,0,26,6
8,700,21.000000,0.000000,1,0,101858976,1313,47,1313,47,0,26,6
8,700,21.000000,0.000000,1,0,101858979,1313,47,1313,47,0,26,6
8,700,21.000000,0.000000,1,0,101858982,1313,47,1313,47,0,26,6
8,700,21.000000,0.000000,1,0,101858985,1313,47,1313,47,0,26,6
8,700,21.000000,0.000000,1,0,101858987,1313,47,1313,47,0,26,6
8,700,21.000000,0.000000,1,0,101858990,1313,47,1313,47,0,26,6
8,700,21.000000,0.000000,1,0,101858993,1313,47,1313,47,0,26,6
8,700,21.000000,0.000000,1,0,101858996,1313,47,1313,47,0,26,6
8,700,21.000000,0.000000,1,0,101858999,1313,47,1313,47,0,26,6
8,700,21.000000,0.000000,1,0,101859001,1313,47,1313,47,0,26,6
8,700,21.000000,0.000000,1,0,101859004,1313,46,1313,46,0,26,6
8,700,21.000000,0.000000,1,0,101859007,1313,45,1313,45,0,26,6
8,700,21.000000,0.000000,1,0,101859010,1313,44,1313,44,0,26,6
8,700,21.000000,0.000000,1,0,101859013,1313,43,1313,43,0,26,6
8,700,21.000000,0.000000,1,0,101859015,1313,43,1313,43,0,26,6
8,700,21.000000,0.000000,1,0,101859018,1313,43,1313,43,0,26,6
8,700,21.000000,0.000000,1,0,101859021,1313,43,1313,43,0,26,6
8,700,21.000000,0.000000,1,0,101859024,1313,42,1313,42,0,26,6
8,700,21.000000,0.000000,1,0,101859027,1313,41,1313,41,0,26,6
8,700,21.000000,0.000000,1,0,101859029,1313,40,1313,40,0,26,6
8,700,21.000000,0.000000,1,0,101859032,1313,40,1313,40,0,26,6
8,700,21.000000,0.000000,1,0,101859035,1313,38,1313,38,0,26,6
8,700,21.000000,0.000000,1,0,101859038,1314,38,1314,38,0,26,6
8,700,21.000000,0.000000,1,0,101859040,1315,38,1315,38,0,26,6
8,700,21.000000,0.000000,1,0,101859043,1315,37,1315,37,0,26,6
8,700,21.000000,0.000000,1,0,101859046,1316,35,1316,35,0,26,6
8,700,21.000000,0.000000,1,0,101859048,1316,35,1316,35,0,26,6
8,700,21.000000,0.000000,1,0,101859051,1316,34,1316,34,0,26,6
8,700,21.000000,0.000000,1,0,101859054,1316,33,1316,33,0,26,6
8,700,21.000000,0.000000,1,0,101859057,1317,32,1317,32,0,26,6
8,700,21.000000,0.000000,1,0,101859060,1317,31,1317,31,0,26,6
8,700,21.000000,0.000000,1,0,101859063,1318,30,1318,30,0,26,6
8,700,21.000000,0.000000,1,0,101859065,1319,29,1319,29,0,26,6
8,700,21.000000,0.000000,1,0,101859068,1319,29,1319,29,0,26,6
8,700,21.000000,0.000000,1,0,101859071,1319,27,1319,27,0,26,6
8,700,21.000000,0.000000,1,0,101859074,1320,27,1320,27,0,26,6
8,700,21.000000,0.000000,1,0,101859077,1320,27,1320,27,0,26,6
8,700,21.000000,0.000000,1,0,101859079,1321,26,1321,26,0,26,6
8,700,21.000000,0.000000,1,0,101859082,1321,26,1321,26,0,26,6
8,700,21.000000,0.000000,1,0,101859085,1321,25,1321,25,0,26,6
8,700,21.000000,0.000000,1,0,101859088,1321,24,1321,24,0,26,6
8,700,21.000000,0.000000,1,0,101859090,1321,24,1321,24,0,26,6
8,700,21.000000,0.000000,1,0,101859093,1321,23,1321,23,0,26,6
8,700,21.000000,0.000000,1,0,101859096,1321,21,1321,21,0,26,6
8,700,21.000000,0.000000,1,0,101859099,1321,21,1321,21,0,26,6
8,700,21.000000,0.000000,1,0,101859101,1321,21,1321,21,0,26,6
8,700,21.000000,0.000000,1,0,101859104,1321,20,1321,20,0,26,6
8,700,21.000000,0.000000,1,0,101859107,1321,19,1321,19,0,26,6
8,700,21.000000,0.000000,1,0,101859110,1321,19,1321,19,0,26,6
8,700,21.000000,0.000000,1,0,101859113,1321,19,1321,19,0,26,6
8,700,21.000000,0.000000,1,0,101859115,1321,18,1321,18,0,26,6
8,700,21.000000,0.000000,1,0,101859118,1321,17,1321,17,0,26,6
8,700,21.000000,0.000000,1,0,101859121,1321,17,1321,17,0,26,6
8,700,21.000000,0.000000,1,0,101859123,1322,17,1322,17,0,26,6
8,700,21.000000,0.000000,1,0,101859126,1323,17,1323,17,0,26,6
8,700,21.000000,0.000000,1,0,101859129,1324,16,1324,16,0,26,6
8,700,21.000000,0.000000,1,0,101859132,1324,16,1324,16,0,26,6
8,700,21.000000,0.000000,1,0,101859135,1324,16,1324,16,0,26,6
8,700,21.000000,0.000000,1,0,101859137,1324,16,1324,16,0,26,6
8,700,21.000000,0.000000,1,0,101859140,1324,16,1324,16,0,26,6
8,700,21.000000,0.000000,1,0,101859143,1324,16,1324,16,0,26,6
8,700,21.000000,0.000000,1,0,101859146,1324,16,1324,16,0,26,6
8,700,21.000000,0.000000,1,0,101859149,1324,16,1324,16,0,26,6
8,700,21.000000,0.000000,1,0,101859152,1324,16,1324,16,0,26,6
8,700,21.000000,0.000000,1,0,101859154,1324,16,1324,16,0,26,6
8,700,21.000000,0.000000,1,0,101859157,1324,16,1324,16,0,26,6
8,700,21.000000,0.000000,1,0,101859160,1324,16,1324,16,0,26,6
8,700,21.000000,0.000000,1,0,101859163,1324,16,1324,16,0,26,6
8,700,21.000000,0.000000,1,0,101859165,1324,16,1324,16,0,26,6
8,700,21.000000,0.000000,1,0,101859168,1324,16,1324,16,0,26,6
8,700,21.000000,0.000000,1,0,101859171,1324,16,1324,16,0,26,6
8,700,21.000000,0.000000,1,0,101859174,1324,16,1324,16,0,26,6
8,700,21.000000,0.000000,1,0,101859177,1324,16,1324,16,0,26,6
8,700,21.000000,0.000000,1,0,101859179,1324,16,1324,16,0,26,6
8,700,21.000000,0.000000,1,0,101859182,1324,16,1324,16,0,26,6
8,700,21.000000,0.000000,1,0,101859185,1324,16,1324,16,0,26,6
8,700,21.000000,0.000000,1,0,101859188,1324,16,1324,16,0,26,6
8,700,21.000000,0.000000,1,0,101859190,1324,16,1324,16,0,26,6
8,700,21.000000,0.000000,1,0,101859193,1324,16,1324,16,0,26,6
8,700,21.000000,0.000000,1,0,101859196,1324,16,1324,16,0,26,6
8,700,21.000000,0.000000,1,0,101859199,1324,16,1324,16,0,26,6
8,700,21.000000,0.000000,1,0,101859201,1324,16,1324,16,0,26,6
8,700,21.000000,0.000000,1,0,101859204,1324,16,1324,16,0,26,6
8,700,21.000000,0.000000,1,0,101859207,1324,16,1324,16,0,26,6
8,700,21.000000,0.000000,1,0,101859210,1324,16,1324,16,0,26,6
8,700,21.000000,0.000000,1,0,101859213,1324,16,1324,16,0,26,6
8,700,21.000000,0.000000,1,0,101859215,1324,16,1324,16,0,26,6
8,700,21.000000,0.000000,1,0,101859218,1324,16,1324,16,0,26,6
8,700,21.000000,0.000000,1,0,101859221,1324,16,1324,16,0,26,6
8,700,21.000000,0.000000,1,0,101859224,1324,16,1324,16,0,26,6
8,700,21.000000,0.000000,1,0,101859226,1324,16,1324,16,0,26,6
8,700,21.000000,0.000000,1,0,101859229,1324,16,1324,16,0,26,6
8,700,21.000000,0.000000,1,0,101859232,1324,16,1324,16,0,26,6
8,700,21.000000,0.000000,1,0,101859235,1324,16,1324,16,0,26,6
8,700,21.000000,0.000000,1,0,101859237,1324,16,1324,16,0,26,6
8,700,21.000000,0.000000,1,0,101859240,1324,16,1324,16,0,26,6
8,700,21.000000,0.000000,1,0,101859243,1324,16,1324,16,0,26,6
8,700,21.000000,0.000000,1,0,101859246,1324,15,1324,15,0,26,6
8,700,21.000000,0.000000,1,0,101859249,1324,14,1324,14,0,26,6
8,700,21.000000,0.000000,1,0,101859251,1325,13,1325,13,0,26,6
8,700,21.000000,0.000000,1,0,101859254,1325,13,1325,13,0,26,6
8,700,21.000000,0.000000,1,0,101859257,1325,13,1325,13,0,26,6
8,700,21.000000,0.000000,1,0,101859260,1324,13,1324,13,0,26,6
8,700,21.000000,0.000000,1,0,101859263,1323,13,1323,13,0,26,6
8,700,21.000000,0.000000,1,0,101859265,1323,12,1323,12,0,26,6
8,700,21.000000,0.000000,1,0,101859268,1323,11,1323,11,0,26,6
8,700,21.000000,0.000000,1,0,101859271,1323,11,1323,11,0,26,6
8,700,21.000000,0.000000,1,0,101859274,1323,11,1323,11,0,26,6
8,700,21.000000,0.000000,1,0,101859276,1322,11,1322,11,0,26,6
8,700,21.000000,0.000000,1,0,101859279,1321,11,1321,11,0,26,6
8,700,21.000000,0.000000,1,0,101859282,1320,11,1320,11,0,26,6
8,700,21.000000,0.000000,1,0,101859285,1319,11,1319,11,0,26,6
8,700,21.000000,0.000000,1,0,101859288,1319,10,1319,10,0,26,6
8,700,21.000000,0.000000,1,0,101859291,1319,10,1319,10,0,26,6
8,700,21.000000,0.000000,1,0,101859293,1319,10,1319,10,0,26,6
8,700,21.000000,0.000000,1,0,101859296,1319,10,1319,10,0,26,6
8,700,21.000000,0.000000,1,0,101859299,1319,10,1319,10,0,26,6
8,700,21.000000,0.000000,1,0,101859302,1318,10,1318,10,0,26,6
8,700,21.000000,0.000000,1,0,101859304,1317,10,1317,10,0,26,6
8,700,21.000000,0.000000,1,0,101859307,1316,10,1316,10,0,26,6
8,700,21.000000,0.000000,1,0,101859310,1316,9,1316,9,0,26,6
8,700,21.000000,0.000000,1,0,101859312,1316,9,1316,9,0,26,6
8,700,21.000000,0.000000,1,0,101859315,1316,8,1316,8,0,26,6
8,700,21.000000,0.000000,1,0,101859318,1316,7,1316,7,0,26,6
8,700,21.000000,0.000000,1,0,101859321,1316,7,1316,7,0,26,6
8,700,21.000000,0.000000,1,0,101859324,1316,7,1316,7,0,26,6
8,700,21.000000,0.000000,1,0,101859326,1316,7,1316,7,0,26,6
8,700,21.000000,0.000000,1,0,101859329,1316,7,1316,7,0,26,6
8,700,21.000000,0.000000,1,0,101859332,1316,7,1316,7,0,26,6
8,700,21.000000,0.000000,1,0,101859335,1316,7,1316,7,0,26,6
8,700,21.000000,0.000000,1,0,101859338,1316,7,1316,7,0,26,6
8,700,21.000000,0.000000,1,0,101859341,1316,7,1316,7,0,26,6
8,700,21.000000,0.000000,1,0,101859343,1316,7,1316,7,0,26,6
8,700,21.000000,0.000000,1,0,101859346,1316,7,1316,7,0,26,6
8,700,21.000000,0.000000,1,0,101859349,1316,7,1316,7,0,26,6
8,700,21.000000,0.000000,1,0,101859351,1316,7,1316,7,0,26,6
8,700,21.000000,0.000000,1,0,101859354,1316,7,1316,7,0,26,6
8,700,21.000000,0.000000,1,0,101859357,1316,7,1316,7,0,26,6
8,700,21.000000,0.000000,1,0,101859360,1316,7,1316,7,0,26,6
8,700,21.000000,0.000000,1,0,101859363,1316,7,1316,7,0,26,6
8,700,21.000000,0.000000,1,0,101859365,1316,7,1316,7,0,26,6
8,700,21.000000,0.000000,1,0,101859368,1316,7,1316,7,0,26,6
8,700,21.000000,0.000000,1,0,101859371,1316,7,1316,7,0,26,6
8,700,21.000000,0.000000,1,0,101859374,1316,7,1316,7,0,26,6
8,700,21.000000,0.000000,1,0,101859377,1316,7,1316,7,0,26,6
8,700,21.000000,0.000000,1,0,101859379,1316,7,1316,7,0,26,6
8,700,21.000000,0.000000,1,0,101859382,1316,7,1316,7,0,26,6
8,700,21.000000,0.000000,1,0,101859385,1316,7,1316,7,0,26,6
8,700,21.000000,0.000000,1,0,101859388,1316,7,1316,7,0,26,6
8,700,21.000000,0.000000,1,0,101859391,1316,7,1316,7,0,26,6
8,700,21.000000,0.000000,1,0,101859393,1316,7,1316,7,0,26,6
8,700,21.000000,0.000000,1,0,101859396,1316,7,1316,7,0,26,6
8,700,21.000000,0.000000,1,0,101859399,1316,7,1316,7,0,26,6
8,700,21.000000,0.000000,1,0,101859401,1316,7,1316,7,0,26,6
8,700,21.000000,0.000000,1,0,101859404,1316,7,1316,7,0,26,6
8,700,21.000000,0.000000,1,0,101859407,1316,7,1316,7,0,26,6
8,700,21.000000,0.000000,1,0,101859410,1316,7,1316,7,0,26,6
8,700,21.000000,0.000000,1,0,101859413,1316,7,1316,7,0,26,6
8,700,21.000000,0.000000,1,0,101859415,1316,7,1316,7,0,26,6
8,700,21.000000,0.000000,1,0,101859418,1316,7,1316,7,0,26,6
8,700,21.000000,0.000000,1,0,101859421,1316,7,1316,7,0,26,6
8,700,21.000000,0.000000,1,0,101859424,1316,7,1316,7,0,26,6
8,700,21.000000,0.000000,1,0,101859427,1316,7,1316,7,0,26,6
8,700,21.000000,0.000000,1,0,101859429,1316,7,1316,7,0,26,6
8,700,21.000000,0.000000,1,0,101859443,1316,7,1316,7,0,26,6
