14,700,21.000000,10000.000000,0,0,1231750536,602,0,602,0,0,15,11
14,700,21.000000,10000.000000,0,0,1231750536,602,0,602,0,0,15,11
14,700,21.000000,10000.000000,0,0,1231750539,602,0,602,0,0,15,11
14,700,21.000000,10000.000000,0,0,1231750542,602,0,602,0,0,15,11
14,700,21.000000,10000.000000,0,0,1231750544,602,0,602,0,0,15,11
14,700,21.000000,10000.000000,0,0,1231750548,602,0,602,0,0,15,11
14,700,21.000000,10000.000000,0,0,1231750550,602,0,602,0,0,15,11
14,700,21.000000,10000.000000,0,0,1231750553,602,0,602,0,0,15,11
14,700,21.000000,10000.000000,0,0,1231750556,602,0,602,0,0,15,11
14,700,21.000000,10000.000000,0,0,1231750559,602,0,602,0,0,15,11
14,700,21.000000,10000.000000,0,0,1231750561,602,0,602,0,0,15,11
14,700,21.000000,10000.000000,0,0,1231750564,602,0,602,0,0,15,11
14,700,21.000000,10000.000000,0,0,1231750567,602,0,602,0,0,15,11
14,700,21.000000,10000.000000,0,0,1231750570,602,0,602,0,0,15,11
14,700,21.000000,10000.000000,0,0,1231750573,602,0,602,0,0,15,11
14,700,21.000000,10000.000000,0,0,1231750575,602,0,602,0,0,15,11
14,700,21.000000,10000.000000,0,0,1231750578,602,0,602,0,0,15,11
14,700,21.000000,10000.000000,0,0,1231750581,602,0,602,0,0,15,11
14,700,21.000000,10000.000000,0,0,1231750584,602,0,602,0,0,15,11
14,700,21.000000,10000.000000,0,0,1231750586,602,0,602,0,0,15,11
14,700,21.000000,10000.000000,0,0,1231750589,602,0,602,0,0,15,11
14,700,21.000000,10000.000000,0,0,1231750592,602,0,602,0,0,15,11
14,700,21.000000,10000.000000,0,0,1231750595,602,0,602,0,0,15,11
14,700,21.000000,10000.000000,0,0,1231750597,602,0,602,0,0,15,11
14,700,21.000000,10000.000000,0,0,1231750600,602,0,602,0,0,15,11
14,700,21.000000,10000.000000,0,0,1231750603,602,0,602,0,0,15,11
14,700,21.000000,10000.000000,0,0,1231750606,602,0,602,0,0,15,11
14,700,21.000000,10000.000000,0,0,1231750609,602,0,602,0,0,15,11
14,700,21.000000,10000.000000,0,0,1231750611,602,0,602,0,0,15,11
14,700,21.000000,10000.000000,0,0,1231750614,602,0,602,0,0,15,11
14,700,21.000000,10000.000000,0,0,1231750617,602,0,602,0,0,15,11
14,700,21.000000,10000.000000,0,0,1231750620,602,0,602,0,0,15,11
14,700,21.000000,10000.000000,0,0,1231750623,602,0,602,0,0,15,11
14,700,21.000000,10000.000000,0,0,1231750625,602,0,602,0,0,15,11
14,700,21.000000,10000.000000,0,0,1231750628,602,0,602,0,0,15,11
14,700,21.000000,10000.000000,0,0,1231750631,602,0,602,0,0,15,11
14,700,21.000000,10000.000000,0,0,1231750634,602,0,602,0,0,15,11
14,700,21.000000,10000.000000,0,0,1231750636,602,0,602,0,0,15,11
14,700,21.000000,10000.000000,0,0,1231750639,602,0,602,0,0,15,11
14,700,21.000000,10000.000000,0,0,1231750642,602,0,602,0,0,15,11
14,700,21.000000,10000.000000,0,0,1231750645,602,0,602,0,0,15,11
14,700,21.000000,10000.000000,0,0,1231750647,602,0,602,0,0,15,11
14,700,21.000000,10000.000000,0,0,1231750650,602,0,602,0,0,15,11
14,700,21.000000,10000.000000,0,0,1231750653,602,0,602,0,0,15,11
14,700,21.000000,10000.000000,0,0,1231750656,602,0,602,0,0,15,11
14,700,21.000000,10000.000000,0,0,1231750659,602,0,602,0,0,15,11
14,700,21.000000,10000.000000,0,0,1231750662,602,0,602,0,0,15,11
14,700,21.000000,10000.000000,0,0,1231750664,602,0,602,0,0,15,11
14,700,21.000000,10000.000000,0,0,1231750667,602,0,602,0,0,15,11
14,700,21.000000,10000.000000,0,0,1231750670,602,0,602,0,0,15,11
14,700,21.000000,10000.000000,0,0,1231750673,602,0,602,0,0,15,11
14,700,21.000000,10000.000000,0,0,1231750675,602,0,602,0,0,15,11
14,700,21.000000,10000.000000,0,0,1231750678,602,0,602,0,0,15,11
14,700,21.000000,10000.000000,0,0,1231750681,602,0,602,0,0,15,11
14,700,21.000000,10000.000000,0,0,1231750684,602,0,602,0,0,15,11
14,700,21.000000,10000.000000,0,0,1231750687,602,0,602,-1,0,15,11
14,700,21.000000,10000.000000,0,0,1231750689,602,0,602,-2,0,15,11
14,700,21.000000,10000.000000,0,0,1231750692,602,0,602,-2,0,15,11
14,700,21.000000,10000.000000,0,0,1231750695,602,0,602,-3,0,15,11
14,700,21.000000,10000.000000,0,0,1231750698,602,0,602,-4,0,15,11
14,700,21.000000,10000.000000,0,0,1231750700,602,0,602,-5,0,15,11
14,700,21.000000,10000.000000,0,0,1231750703,601,0,601,-6,0,15,11
14,700,21.000000,10000.000000,0,0,1231750706,601,0,601,-6,0,15,11
14,700,21.000000,10000.000000,0,0,1231750708,601,0,601,-6,0,15,11
14,700,21.000000,10000.000000,0,0,1231750712,601,0,601,-6,0,15,11
14,700,21.000000,10000.000000,0,0,1231750714,601,0,601,-7,0,15,11
14,700,21.000000,10000.000000,0,0,1231750717,601,0,601,-8,0,15,11
14,700,21.000000,10000.000000,0,0,1231750720,601,0,601,-8,0,15,11
14,700,21.000000,10000.000000,0,0,1231750723,601,0,601,-9,0,15,11
14,700,21.000000,10000.000000,0,0,1231750725,600,0,600,-9,0,15,11
14,700,21.000000,10000.000000,0,0,1231750728,599,0,599,-9,0,15,11
14,700,21.000000,10000.000000,0,0,1231750731,599,0,599,-9,0,15,11
14,700,21.000000,10000.000000,0,0,1231750733,599,0,599,-9,0,15,11
14,700,21.000000,10000.000000,0,0,1231750737,599,0,599,-10,0,15,11
14,700,21.000000,10000.000000,0,0,1231750739,599,0,599,-11,0,15,11
14,700,21.000000,10000.000000,0,0,1231750742,599,0,599,-11,0,15,11
14,700,21.000000,10000.000000,0,0,1231750745,599,0,599,-12,0,15,11
14,700,21.000000,10000.000000,0,0,1231750748,599,0,599,-13,0,15,11
14,700,21.000000,10000.000000,0,0,1231750750,599,0,599,-13,0,15,11
14,700,21.000000,10000.000000,0,0,1231750753,599,0,599,-14,0,15,11
14,700,21.000000,10000.000000,0,0,1231750756,599,0,599,-15,0,15,11
14,700,21.000000,10000.000000,0,0,1231750759,599,0,599,-15,0,15,11
14,700,21.000000,10000.000000,0,0,1231750762,599,0,599,-15,0,15,11
14,700,21.000000,10000.000000,0,0,1231750764,599,0,599,-15,0,15,11
14,700,21.000000,10000.000000,0,0,1231750767,599,0,599,-16,0,15,11
14,700,21.000000,10000.000000,0,0,1231750770,599,0,599,-17,0,15,11
14,700,21.000000,10000.000000,0,0,1231750773,599,0,599,-18,0,15,11
14,700,21.000000,10000.000000,0,0,1231750775,599,0,599,-19,0,15,11
14,700,21.000000,10000.000000,0,0,1231750778,600,0,600,-19,0,15,11
14,700,21.000000,10000.000000,0,0,1231750781,600,0,600,-20,0,15,11
14,700,21.000000,10000.000000,0,0,1231750784,600,0,600,-21,0,15,11
14,700,21.000000,10000.000000,0,0,1231750786,600,0,600,-21,0,15,11
14,700,21.000000,10000.000000,0,0,1231750789,601,0,601,-21,0,15,11
14,700,21.000000,10000.000000,0,0,1231750792,601,0,601,-22,0,15,11
14,700,21.000000,10000.000000,0,0,1231750796,603,0,603,-22,0,15,11
14,700,21.000000,10000.000000,0,0,1231750799,604,0,604,-22,0,15,11
14,700,21.000000,10000.000000,0,0,1231750802,606,0,606,-23,0,15,11
14,700,21.000000,10000.000000,0,0,1231750805,608,0,608,-24,0,15,11
14,700,21.000000,10000.000000,0,0,1231750808,610,0,610,-25,0,15,11
14,700,21.000000,10000.000000,0,0,1231750812,618,0,618,-27,0,15,11
14,700,21.000000,10000.000000,0,0,1231750814,623,0,623,-28,0,15,11
14,700,21.000000,10000.000000,0,0,1231750817,626,0,626,-28,0,15,11
14,700,21.000000,10000.000000,0,0,1231750820,631,0,631,-29,0,15,11
14,700,21.000000,10000.000000,0,0,1231750823,633,0,633,-31,0,15,11
14,700,21.000000,10000.000000,0,0,1231750826,636,0,636,-32,0,15,11
14,700,21.000000,10000.000000,0,0,1231750828,642,0,642,-34,0,15,11
14,700,21.000000,10000.000000,0,0,1231750831,647,0,647,-34,0,15,11
14,700,21.000000,10000.000000,0,0,1231750834,655,0,655,-35,0,15,11
14,700,21.000000,10000.000000,0,0,1231750836,664,0,664,-36,0,15,11
14,700,21.000000,10000.000000,0,0,1231750839,669,0,669,-36,0,15,11
14,700,21.000000,10000.000000,0,0,1231750842,681,0,681,-37,0,15,11
14,700,21.000000,10000.000000,0,0,1231750845,691,0,691,-39,0,15,11
14,700,21.000000,10000.000000,0,0,1231750848,696,0,696,-42,0,15,11
14,700,21.000000,10000.000000,0,0,1231750850,708,0,708,-43,0,15,11
14,700,21.000000,10000.000000,0,0,1231750853,719,0,719,-45,0,15,11
14,700,21.000000,10000.000000,0,0,1231750856,730,0,730,-46,0,15,11
14,700,21.000000,10000.000000,0,0,1231750859,742,0,742,-48,0,15,11
14,700,21.000000,10000.000000,0,0,1231750862,753,0,753,-50,0,15,11
14,700,21.000000,10000.000000,0,0,1231750864,766,0,766,-50,0,15,11
14,700,21.000000,10000.000000,0,0,1231750867,777,0,777,-53,0,15,11
14,700,21.000000,10000.000000,0,0,1231750870,792,0,792,-54,0,15,11
14,700,21.000000,10000.000000,0,0,1231750872,805,0,805,-55,0,15,11
14,700,21.000000,10000.000000,0,0,1231750876,823,0,823,-55,0,15,11
14,700,21.000000,10000.000000,0,0,1231750878,836,0,836,-55,0,15,11
14,700,21.000000,10000.000000,0,0,1231750881,854,0,854,-56,0,15,11
14,700,21.000000,10000.000000,0,0,1231750884,871,0,871,-57,0,15,11
14,700,21.000000,10000.000000,0,0,1231750887,896,0,896,-57,0,15,11
14,700,21.000000,10000.000000,0,0,1231750889,917,0,917,-60,0,15,11
14,700,21.000000,10000.000000,0,0,1231750892,935,0,935,-64,0,15,11
14,700,21.000000,10000.000000,0,0,1231750895,957,0,957,-64,0,15,11
14,700,21.000000,10000.000000,0,0,1231750898,982,0,982,-67,0,15,11
14,700,21.000000,10000.000000,0,0,1231750901,1002,0,1002,-68,0,15,11
14,700,21.000000,10000.000000,0,0,1231750903,1024,0,1024,-68,0,15,11
14,700,21.000000,10000.000000,0,0,1231750906,1041,0,1041,-69,0,15,11
14,700,21.000000,10000.000000,0,0,1231750909,1063,0,1063,-71,0,15,11
14,700,21.000000,10000.000000,0,0,1231750912,1080,0,1080,-71,0,15,11
14,700,21.000000,10000.000000,0,0,1231750914,1096,0,1096,-71,0,15,11
14,700,21.000000,10000.000000,0,0,1231750917,1109,0,1109,-71,0,15,11
14,700,21.000000,10000.000000,0,0,1231750920,1122,0,1122,-71,0,15,11
14,700,21.000000,10000.000000,0,0,1231750923,1135,0,1135,-71,0,15,11
14,700,21.000000,10000.000000,0,0,1231750926,1147,0,1147,-71,0,15,11
14,700,21.000000,10000.000000,0,0,1231750928,1156,0,1156,-71,0,15,11
14,700,21.000000,10000.000000,0,0,1231750931,1165,0,1165,-71,0,15,11
14,700,21.000000,10000.000000,0,0,1231750934,1176,0,1176,-71,0,15,11
14,700,21.000000,10000.000000,0,0,1231750937,1184,0,1184,-71,0,15,11
14,700,21.000000,10000.000000,0,0,1231750939,1193,0,1193,-71,0,15,11
14,700,21.000000,10000.000000,0,0,1231750942,1203,0,1203,-71,0,15,11
14,700,21.000000,10000.000000,0,0,1231750945,1210,0,1210,-71,0,15,11
14,700,21.000000,10000.000000,0,0,1231750948,1218,0,1218,-72,0,15,11
14,700,21.000000,10000.000000,0,0,1231750951,1226,0,1226,-72,0,15,11
14,700,21.000000,10000.000000,0,0,1231750953,1233,0,1233,-72,0,15,11
14,700,21.000000,10000.000000,0,0,1231750956,1241,0,1241,-72,0,15,11
14,700,21.000000,10000.000000,0,0,1231750959,1246,0,1246,-72,0,15,11
14,700,21.000000,10000.000000,0,0,1231750961,1252,0,1252,-72,0,15,11
14,700,21.000000,10000.000000,0,0,1231750964,1258,0,1258,-72,0,15,11
14,700,21.000000,10000.000000,0,0,1231750967,1267,0,1267,-72,0,15,11
14,700,21.000000,10000.000000,0,0,1231750970,1271,0,1271,-72,0,15,11
14,700,21.000000,10000.000000,0,0,1231750973,1276,0,1276,-72,0,15,11
14,700,21.000000,10000.000000,0,0,1231750975,1280,0,1280,-72,0,15,11
14,700,21.000000,10000.000000,0,0,1231750978,1283,0,1283,-72,0,15,11
14,700,21.000000,10000.000000,0,0,1231750981,1285,0,1285,-72,0,15,11
14,700,21.000000,10000.000000,0,0,1231750984,1287,0,1287,-72,0,15,11
14,700,21.000000,10000.000000,0,0,1231750987,1290,0,1290,-72,0,15,11
14,700,21.000000,10000.000000,0,0,1231750990,1291,0,1291,-72,0,15,11
14,700,21.000000,10000.000000,0,0,1231750992,1292,0,1292,-72,0,15,11
14,700,21.000000,10000.000000,0,0,1231750995,1293,0,1293,-72,0,15,11
14,700,21.000000,10000.000000,0,0,1231750998,1294,0,1294,-72,0,15,11
14,700,21.000000,10000.000000,0,0,1231751000,1295,0,1295,-72,0,15,11
14,700,21.000000,10000.000000,0,0,1231751003,1296,0,1296,-72,0,15,11
14,700,21.000000,10000.000000,0,0,1231751006,1297,0,1297,-72,0,15,11
14,700,21.000000,10000.000000,0,0,1231751009,1297,0,1297,-72,0,15,11
14,700,21.000000,10000.000000,0,0,1231751012,1297,0,1297,-72,0,15,11
14,700,21.000000,10000.000000,0,0,1231751015,1297,0,1297,-72,0,15,11
14,700,21.000000,10000.000000,0,0,1231751017,1297,0,1297,-72,0,15,11
14,700,21.000000,10000.000000,0,0,1231751020,1297,0,1297,-72,0,15,11
14,700,21.000000,10000.000000,0,0,1231751023,1297,0,1297,-72,0,15,11
14,700,21.000000,10000.000000,0,0,1231751026,1297,0,1297,-72,0,15,11
14,700,21.000000,10000.000000,0,0,1231751028,1297,0,1297,-72,0,15,11
14,700,21.000000,10000.000000,0,0,1231751031,1297,0,1297,-72,0,15,11
14,700,21.000000,10000.000000,0,0,1231751034,1297,0,1297,-72,0,15,11
14,700,21.000000,10000.000000,0,0,1231751036,1297,0,1297,-72,0,15,11
14,700,21.000000,10000.000000,0,0,1231751040,1297,0,1297,-72,0,15,11
14,700,21.000000,10000.000000,0,0,1231751042,1297,0,1297,-72,0,15,11
14,700,21.000000,10000.000000,0,0,1231751045,1297,0,1297,-72,0,15,11
14,700,21.000000,10000.000000,0,0,1231751048,1297,0,1297,-72,0,15,11
14,700,21.000000,10000.000000,0,0,1231751051,1297,0,1297,-72,0,15,11
14,700,21.000000,10000.000000,0,0,1231751053,1297,0,1297,-72,0,15,11
14,700,21.000000,10000.000000,0,0,1231751056,1297,0,1297,-72,0,15,11
14,700,21.000000,10000.000000,0,0,1231751059,1297,0,1297,-72,0,15,11
14,700,21.000000,10000.000000,0,0,1231751062,1297,0,1297,-72,0,15,11
14,700,21.000000,10000.000000,0,0,1231751065,1297,0,1297,-72,0,15,11
14,700,21.000000,10000.000000,0,0,1231751067,1297,0,1297,-72,0,15,11
14,700,21.000000,10000.000000,0,0,1231751070,1297,0,1297,-72,0,15,11
14,700,21.000000,10000.000000,0,0,1231751073,1297,0,1297,-72,0,15,11
14,700,21.000000,10000.000000,0,0,1231751076,1297,0,1297,-72,0,15,11
14,700,21.000000,10000.000000,0,0,1231751078,1297,0,1297,-72,0,15,11
14,700,21.000000,10000.000000,0,0,1231751081,1297,0,1297,-72,0,15,11
14,700,21.000000,10000.000000,0,0,1231751084,1297,0,1297,-72,0,15,11
14,700,21.000000,10000.000000,0,0,1231751087,1297,0,1297,-72,0,15,11
14,700,21.000000,10000.000000,0,0,1231751090,1297,0,1297,-72,0,15,11
14,700,21.000000,10000.000000,0,0,1231751092,1297,0,1297,-72,0,15,11
14,700,21.000000,10000.000000,0,0,1231751095,1297,0,1297,-72,0,15,11
14,700,21.000000,10000.000000,0,0,1231751098,1297,0,1297,-72,0,15,11
14,700,21.000000,10000.000000,0,0,1231751101,1297,0,1297,-72,0,15,11
14,700,21.000000,10000.000000,0,0,1231751103,1297,0,1297,-72,0,15,11
14,700,21.000000,10000.000000,0,0,1231751106,1297,0,1297,-72,0,15,11
14,700,21.000000,10000.000000,0,0,1231751109,1297,0,1297,-72,0,15,11
14,700,21.000000,10000.000000,0,0,1231751112,1297,0,1297,-72,0,15,11
14,700,21.000000,10000.000000,0,0,1231751115,1297,0,1297,-72,0,15,11
14,700,21.000000,10000.000000,0,0,1231751117,1297,0,1297,-72,0,15,11
14,700,21.000000,10000.000000,0,0,1231751120,1297,0,1297,-72,0,15,11
14,700,21.000000,10000.000000,0,0,1231751123,1297,0,1297,-72,0,15,11
14,700,21.000000,10000.000000,0,0,1231751126,1297,0,1297,-72,0,15,11
14,700,21.000000,10000.000000,0,0,1231751128,1297,0,1297,-72,0,15,11
14,700,21.000000,10000.000000,0,0,1231751131,1297,0,1297,-72,0,15,11
14,700,21.000000,10000.000000,0,0,1231751134,1297,0,1297,-72,0,15,11
14,700,21.000000,10000.000000,0,0,1231751137,1297,0,1297,-72,0,15,11
14,700,21.000000,10000.000000,0,0,1231751140,1297,0,1297,-72,0,15,11
14,700,21.000000,10000.000000,0,0,1231751142,1297,0,1297,-72,0,15,11
14,700,21.000000,10000.000000,0,0,1231751145,1297,0,1297,-72,0,15,11
14,700,21.000000,10000.000000,0,0,1231751148,1297,0,1297,-72,0,15,11
14,700,21.000000,10000.000000,0,0,1231751151,1297,0,1297,-72,0,15,11
14,700,21.000000,10000.000000,0,0,1231751154,1297,0,1297,-72,0,15,11
14,700,21.000000,10000.000000,0,0,1231751156,1297,0,1297,-72,0,15,11
14,700,21.000000,10000.000000,0,0,1231751159,1297,0,1297,-72,0,15,11
14,700,21.000000,10000.000000,0,0,1231751162,1297,0,1297,-72,0,15,11
14,700,21.000000,10000.000000,0,0,1231751164,1297,0,1297,-72,0,15,11
14,700,21.000000,10000.000000,0,0,1231751167,1297,0,1297,-72,0,15,11
14,700,21.000000,10000.000000,0,0,1231751170,1297,0,1297,-72,0,15,11
14,700,21.000000,10000.000000,0,0,1231751173,1297,0,1297,-72,0,15,11
14,700,21.000000,10000.000000,0,0,1231751176,1297,0,1297,-72,0,15,11
14,700,21.000000,10000.000000,0,0,1231751179,1297,0,1297,-72,0,15,11
14,700,21.000000,10000.000000,0,0,1231751181,1297,0,1297,-72,0,15,11
14,700,21.000000,10000.000000,0,0,1231751184,1297,0,1297,-72,0,15,11
14,700,21.000000,10000.000000,0,0,1231751187,1297,0,1297,-72,0,15,11
14,700,21.000000,10000.000000,0,0,1231751189,1297,0,1297,-72,0,15,11
14,700,21.000000,10000.000000,0,0,1231751192,1297,0,1297,-72,0,15,11
14,700,21.000000,10000.000000,0,0,1231751195,1297,0,1297,-72,0,15,11
14,700,21.000000,10000.000000,0,0,1231751198,1297,0,1297,-72,0,15,11
14,700,21.000000,10000.000000,0,0,1231751201,1297,0,1297,-72,0,15,11
14,700,21.000000,10000.000000,0,0,1231751204,1297,0,1297,-72,0,15,11
14,700,21.000000,10000.000000,0,0,1231751207,1297,0,1297,-72,0,15,11
14,700,21.000000,10000.000000,0,0,1231751209,1297,0,1297,-72,0,15,11
14,700,21.000000,10000.000000,0,0,1231751212,1297,0,1297,-72,0,15,11
14,700,21.000000,10000.000000,0,0,1231751215,1297,0,1297,-72,0,15,11
14,700,21.000000,10000.000000,0,0,1231751217,1297,0,1297,-72,0,15,11
14,700,21.000000,10000.000000,0,0,1231751220,1297,0,1297,-72,0,15,11
14,700,21.000000,10000.000000,0,0,1231751223,1297,0,1297,-72,0,15,11
14,700,21.000000,10000.000000,0,0,1231751225,1297,0,1297,-72,0,15,11
14,700,21.000000,10000.000000,0,0,1231751229,1297,0,1297,-72,0,15,11
14,700,21.000000,10000.000000,0,0,1231751231,1297,0,1297,-72,0,15,11
14,700,21.000000,10000.000000,0,0,1231751234,1297,0,1297,-72,0,15,11
14,700,21.000000,10000.000000,0,0,1231751237,1297,0,1297,-72,0,15,11
14,700,21.000000,10000.000000,0,0,1231751240,1297,0,1297,-72,0,15,11
14,700,21.000000,10000.000000,0,0,1231751242,1297,0,1297,-72,0,15,11
14,700,21.000000,10000.000000,0,0,1231751245,1297,0,1297,-72,0,15,11
14,700,21.000000,10000.000000,0,0,1231751248,1297,0,1297,-72,0,15,11
14,700,21.000000,10000.000000,0,0,1231751251,1297,0,1297,-72,0,15,11
14,700,21.000000,10000.000000,0,0,1231751253,1297,0,1297,-72,0,15,11
14,700,21.000000,10000.000000,0,0,1231751256,1297,0,1297,-72,0,15,11
14,700,21.000000,10000.000000,0,0,1231751259,1297,0,1297,-72,0,15,11
14,700,21.000000,10000.000000,0,0,1231751262,1297,0,1297,-72,0,15,11
14,700,21.000000,10000.000000,0,0,1231751265,1297,0,1297,-72,0,15,11
14,700,21.000000,10000.000000,0,0,1231751267,1297,0,1297,-72,0,15,11
14,700,21.000000,10000.000000,0,0,1231751270,1297,0,1297,-72,0,15,11
14,700,21.000000,10000.000000,0,0,1231751273,1297,0,1297,-72,0,15,11
14,700,21.000000,10000.000000,0,0,1231751276,1297,0,1297,-72,0,15,11
14,700,21.000000,10000.000000,0,0,1231751279,1297,0,1297,-72,0,15,11
14,700,21.000000,10000.000000,0,0,1231751281,1297,0,1297,-72,0,15,11
14,700,21.000000,10000.000000,0,0,1231751284,1297,0,1297,-72,0,15,11
14,700,21.000000,10000.000000,0,0,1231751287,1297,0,1297,-72,0,15,11
14,700,21.000000,10000.000000,0,0,1231751290,1297,0,1297,-72,0,15,11
14,700,21.000000,10000.000000,0,0,1231751293,1297,0,1297,-72,0,15,11
14,700,21.000000,10000.000000,0,0,1231751295,1298,0,1298,-72,0,15,11
14,700,21.000000,10000.000000,0,0,1231751298,1299,0,1299,-72,0,15,11
14,700,21.000000,10000.000000,0,0,1231751301,1300,0,1300,-72,0,15,11
14,700,21.000000,10000.000000,0,0,1231751303,1300,0,1300,-72,0,15,11
14,700,21.000000,10000.000000,0,0,1231751306,1300,0,1300,-73,0,15,11
14,700,21.000000,10000.000000,0,0,1231751309,1301,0,1301,-73,0,15,11
14,700,21.000000,10000.000000,0,0,1231751312,1302,0,1302,-73,0,15,11
14,700,21.000000,10000.000000,0,0,1231751315,1302,0,1302,-73,0,15,11
14,700,21.000000,10000.000000,0,0,1231751317,1302,0,1302,-73,0,15,11
14,700,21.000000,10000.000000,0,0,1231751320,1302,0,1302,-73,0,15,11
14,700,21.000000,10000.000000,0,0,1231751323,1303,0,1303,-74,0,15,11
14,700,21.000000,10000.000000,0,0,1231751326,1303,0,1303,-74,0,15,11
14,700,21.000000,10000.000000,0,0,1231751329,1303,0,1303,-74,0,15,11
14,700,21.000000,10000.000000,0,0,1231751331,1303,0,1303,-74,0,15,11
14,700,21.000000,10000.000000,0,0,1231751334,1303,0,1303,-74,0,15,11
14,700,21.000000,10000.000000,0,0,1231751337,1303,0,1303,-74,0,15,11
14,700,21.000000,10000.000000,0,0,1231751340,1303,0,1303,-74,0,15,11
14,700,21.000000,10000.000000,0,0,1231751342,1304,0,1304,-74,0,15,11
14,700,21.000000,10000.000000,0,0,1231751345,1305,0,1305,-74,0,15,11
14,700,21.000000,10000.000000,0,0,1231751348,1305,0,1305,-74,0,15,11
14,700,21.000000,10000.000000,0,0,1231751351,1305,0,1305,-74,0,15,11
14,700,21.000000,10000.000000,0,0,1231751354,1305,0,1305,-74,0,15,11
14,700,21.000000,10000.000000,0,0,1231751356,1305,0,1305,-74,0,15,11
14,700,21.000000,10000.000000,0,0,1231751359,1305,0,1305,-74,0,15,11
14,700,21.000000,10000.000000,0,0,1231751362,1305,0,1305,-74,0,15,11
14,700,21.000000,10000.000000,0,0,1231751365,1305,0,1305,-74,0,15,11
14,700,21.000000,10000.000000,0,0,1231751367,1305,0,1305,-74,0,15,11
14,700,21.000000,10000.000000,0,0,1231751370,1305,0,1305,-74,0,15,11
14,700,21.000000,10000.000000,0,0,1231751373,1305,0,1305,-74,0,15,11
14,700,21.000000,10000.000000,0,0,1231751376,1305,0,1305,-74,0,15,11
14,700,21.000000,10000.000000,0,0,1231751378,1305,0,1305,-74,0,15,11
14,700,21.000000,10000.000000,0,0,1231751381,1305,0,1305,-74,0,15,11
14,700,21.000000,10000.000000,0,0,1231751384,1305,0,1305,-74,0,15,11
14,700,21.000000,10000.000000,0,0,1231751387,1305,0,1305,-74,0,15,11
14,700,21.000000,10000.000000,0,0,1231751390,1305,0,1305,-74,0,15,11
14,700,21.000000,10000.000000,0,0,1231751392,1305,0,1305,-74,0,15,11
14,700,21.000000,10000.000000,0,0,1231751395,1305,0,1305,-74,0,15,11
14,700,21.000000,10000.000000,0,0,1231751398,1305,0,1305,-74,0,15,11
14,700,21.000000,10000.000000,0,0,1231751401,1305,0,1305,-74,0,15,11
14,700,21.000000,10000.000000,0,0,1231751403,1305,0,1305,-74,0,15,11
14,700,21.000000,10000.000000,0,0,1231751406,1305,0,1305,-74,0,15,11
14,700,21.000000,10000.000000,0,0,1231751410,1305,0,1305,-74,0,15,11
14,700,21.000000,10000.000000,0,0,1231751412,1305,0,1305,-74,0,15,11
14,700,21.000000,10000.000000,0,0,1231751415,1305,0,1305,-74,0,15,11
14,700,21.000000,10000.000000,0,0,1231751417,1305,0,1305,-74,0,15,11
14,700,21.000000,10000.000000,0,0,1231751420,1305,0,1305,-74,0,15,11
14,700,21.000000,10000.000000,0,0,1231751423,1305,0,1305,-74,0,15,11
14,700,21.000000,10000.000000,0,0,1231751426,1305,0,1305,-74,0,15,11
14,700,21.000000,10000.000000,0,0,1231751429,1305,0,1305,-74,0,15,11
14,700,21.000000,10000.000000,0,0,1231751431,1305,0,1305,-74,0,15,11
14,700,21.000000,10000.000000,0,0,1231751434,1305,0,1305,-74,0,15,11
14,700,21.000000,10000.000000,0,0,1231751437,1305,0,1305,-74,0,15,11
14,700,21.000000,10000.000000,0,0,1231751440,1305,0,1305,-74,0,15,11
14,700,21.000000,10000.000000,0,0,1231751443,1305,0,1305,-74,0,15,11
14,700,21.000000,10000.000000,0,0,1231751445,1305,0,1305,-74,0,15,11
14,700,21.000000,10000.000000,0,0,1231751448,1305,0,1305,-74,0,15,11
14,700,21.000000,10000.000000,0,0,1231751451,1305,0,1305,-74,0,15,11
14,700,21.000000,10000.000000,0,0,1231751454,1305,0,1305,-74,0,15,11
14,700,21.000000,10000.000000,0,0,1231751457,1305,0,1305,-74,0,15,11
14,700,21.000000,10000.000000,0,0,1231751459,1305,0,1305,-74,0,15,11
14,700,21.000000,10000.000000,0,0,1231751462,1305,0,1305,-74,0,15,11
14,700,21.000000,10000.000000,0,0,1231751465,1305,0,1305,-74,0,15,11
14,700,21.000000,10000.000000,0,0,1231751468,1305,0,1305,-74,0,15,11
14,700,21.000000,10000.000000,0,0,1231751470,1305,0,1305,-74,0,15,11
14,700,21.000000,10000.000000,0,0,1231751473,1305,0,1305,-74,0,15,11
14,700,21.000000,10000.000000,0,0,1231751476,1305,0,1305,-74,0,15,11
14,700,21.000000,10000.000000,0,0,1231751479,1305,0,1305,-74,0,15,11
14,700,21.000000,10000.000000,0,0,1231751482,1305,0,1305,-74,0,15,11
14,700,21.000000,10000.000000,0,0,1231751484,1305,0,1305,-74,0,15,11
14,700,21.000000,10000.000000,0,0,1231751497,1305,0,1305,-74,0,15,11
