14,700,21.000000,42.000000,0,0,1231770032,611,0,611,0,0,16,11
14,700,21.000000,42.000000,0,0,1231770033,611,0,611,0,0,16,11
14,700,21.000000,42.000000,0,0,1231770035,611,0,611,0,0,16,11
14,700,21.000000,42.000000,0,0,1231770038,611,0,611,0,0,16,11
14,700,21.000000,42.000000,0,0,1231770041,611,0,611,0,0,16,11
14,700,21.000000,42.000000,0,0,1231770044,611,0,611,0,0,16,11
14,700,21.000000,42.000000,0,0,1231770046,611,0,611,0,0,16,11
14,700,21.000000,42.000000,0,0,1231770049,611,0,611,0,0,16,11
14,700,21.000000,42.000000,0,0,1231770052,611,0,611,0,0,16,11
14,700,21.000000,42.000000,0,0,1231770055,611,0,611,0,0,16,11
14,700,21.000000,42.000000,0,0,1231770058,611,0,611,0,0,16,11
14,700,21.000000,42.000000,0,0,1231770060,611,0,611,0,0,16,11
14,700,21.000000,42.000000,0,0,1231770063,611,0,611,0,0,16,11
14,700,21.000000,42.000000,0,0,1231770066,611,0,611,0,0,16,11
14,700,21.000000,42.000000,0,0,1231770069,611,0,611,0,0,16,11
14,700,21.000000,42.000000,0,0,1231770071,611,0,611,0,0,16,11
14,700,21.000000,42.000000,0,0,1231770074,611,0,611,0,0,16,11
14,700,21.000000,42.000000,0,0,1231770077,611,0,611,0,0,16,11
14,700,21.000000,42.000000,0,0,1231770080,611,0,611,0,0,16,11
14,700,21.000000,42.000000,0,0,1231770083,611,0,611,0,0,16,11
14,700,21.000000,42.000000,0,0,1231770085,611,0,611,0,0,16,11
14,700,21.000000,42.000000,0,0,1231770088,611,0,611,0,0,16,11
14,700,21.000000,42.000000,0,0,1231770091,611,0,611,0,0,16,11
14,700,21.000000,42.000000,0,0,1231770094,611,0,611,0,0,16,11
14,700,21.000000,42.000000,0,0,1231770096,611,0,611,0,0,16,11
14,700,21.000000,42.000000,0,0,1231770099,611,0,611,0,0,16,11
14,700,21.000000,42.000000,0,0,1231770102,611,0,611,0,0,16,11
14,700,21.000000,42.000000,0,0,1231770105,611,0,611,0,0,16,11
14,700,21.000000,42.000000,0,0,1231770108,611,0,611,0,0,16,11
14,700,21.000000,42.000000,0,0,1231770111,611,0,611,0,0,16,11
14,700,21.000000,42.000000,0,0,1231770113,611,0,611,0,0,16,11
14,700,21.000000,42.000000,0,0,1231770116,611,0,611,0,0,16,11
14,700,21.000000,42.000000,0,0,1231770119,611,0,611,0,0,16,11
14,700,21.000000,42.000000,0,0,1231770121,611,0,611,0,0,16,11
14,700,21.000000,42.000000,0,0,1231770124,611,0,611,0,0,16,11
14,700,21.000000,42.000000,0,0,1231770127,611,0,611,0,0,16,11
14,700,21.000000,42.000000,0,0,1231770130,611,0,611,0,0,16,11
14,700,21.000000,42.000000,0,0,1231770133,611,0,611,0,0,16,11
14,700,21.000000,42.000000,0,0,1231770137,611,0,611,0,0,16,11
14,700,21.000000,42.000000,0,0,1231770140,611,0,611,0,0,16,11
14,700,21.000000,42.000000,0,0,1231770143,611,0,611,0,0,16,11
14,700,21.000000,42.000000,0,0,1231770145,611,0,611,0,0,16,11
14,700,21.000000,42.000000,0,0,1231770148,611,0,611,0,0,16,11
14,700,21.000000,42.000000,0,0,1231770151,611,0,611,0,0,16,11
14,700,21.000000,42.000000,0,0,1231770153,611,0,611,0,0,16,11
14,700,21.000000,42.000000,0,0,1231770156,611,0,611,0,0,16,11
14,700,21.000000,42.000000,0,0,1231770159,611,0,611,0,0,16,11
14,700,21.000000,42.000000,0,0,1231770161,611,0,611,0,0,16,11
14,700,21.000000,42.000000,0,0,1231770164,611,0,611,0,0,16,11
14,700,21.000000,42.000000,0,0,1231770167,611,0,611,0,0,16,11
14,700,21.000000,42.000000,0,0,1231770169,611,0,611,0,0,16,11
14,700,21.000000,42.000000,0,0,1231770172,611,0,611,0,0,16,11
14,700,21.000000,42.000000,0,0,1231770175,611,0,611,0,0,16,11
14,700,21.000000,42.000000,0,0,1231770177,611,0,611,0,0,16,11
14,700,21.000000,42.000000,0,0,1231770180,611,0,611,0,0,16,11
14,700,21.000000,42.000000,0,0,1231770183,611,0,611,0,0,16,11
14,700,21.000000,42.000000,0,0,1231770185,611,0,611,0,0,16,11
14,700,21.000000,42.000000,0,0,1231770188,611,0,611,0,0,16,11
14,700,21.000000,42.000000,0,0,1231770191,611,0,611,0,0,16,11
14,700,21.000000,42.000000,0,0,1231770194,611,0,611,0,0,16,11
14,700,21.000000,42.000000,0,0,1231770197,611,0,611,0,0,16,11
14,700,21.000000,42.000000,0,0,1231770200,611,0,611,0,0,16,11
14,700,21.000000,42.000000,0,0,1231770202,611,0,611,0,0,16,11
14,700,21.000000,42.000000,0,0,1231770205,611,0,611,0,0,16,11
14,700,21.000000,42.000000,0,0,1231770208,611,0,611,0,0,16,11
14,700,21.000000,42.000000,0,0,1231770210,611,0,611,0,0,16,11
14,700,21.000000,42.000000,0,0,1231770213,611,0,611,0,0,16,11
14,700,21.000000,42.000000,0,0,1231770216,611,0,611,0,0,16,11
14,700,21.000000,42.000000,0,0,1231770219,611,0,611,0,0,16,11
14,700,21.000000,42.000000,0,0,1231770221,611,0,611,0,0,16,11
14,700,21.000000,42.000000,0,0,1231770224,611,0,611,0,0,16,11
14,700,21.000000,42.000000,0,0,1231770227,611,0,611,0,0,16,11
14,700,21.000000,42.000000,0,0,1231770230,611,0,611,0,0,16,11
14,700,21.000000,42.000000,0,0,1231770233,611,0,611,0,0,16,11
14,700,21.000000,42.000000,0,0,1231770236,611,0,611,-1,0,16,11
14,700,21.000000,42.000000,0,0,1231770239,613,0,613,-1,0,16,11
14,700,21.000000,42.000000,0,0,1231770241,613,0,613,-2,0,16,11
14,700,21.000000,42.000000,0,0,1231770244,614,0,614,-2,0,16,11
14,700,21.000000,42.000000,0,0,1231770247,615,0,615,-2,0,16,11
14,700,21.000000,42.000000,0,0,1231770249,616,0,616,-2,0,16,11
14,700,21.000000,42.000000,0,0,1231770252,617,0,617,-2,0,16,11
14,700,21.000000,42.000000,0,0,1231770255,618,0,618,-2,0,16,11
14,700,21.000000,42.000000,0,0,1231770258,618,0,618,-3,0,16,11
14,700,21.000000,42.000000,0,0,1231770260,618,0,618,-4,0,16,11
14,700,21.000000,42.000000,0,0,1231770264,619,0,619,-4,0,16,11
14,700,21.000000,42.000000,0,0,1231770266,619,0,619,-4,0,16,11
14,700,21.000000,42.000000,0,0,1231770269,619,0,619,-4,0,16,11
14,700,21.000000,42.000000,0,0,1231770272,620,0,620,-4,0,16,11
14,700,21.000000,42.000000,0,0,1231770275,621,0,621,-4,0,16,11
14,700,21.000000,42.000000,0,0,1231770277,622,0,622,-4,0,16,11
14,700,21.000000,42.000000,0,0,1231770280,622,0,622,-4,0,16,11
14,700,21.000000,42.000000,0,0,1231770283,622,0,622,-5,0,16,11
14,700,21.000000,42.000000,0,0,1231770286,622,0,622,-5,0,16,11
14,700,21.000000,42.000000,0,0,1231770288,623,0,623,-5,0,16,11
14,700,21.000000,42.000000,0,0,1231770291,624,0,624,-6,0,16,11
14,700,21.000000,42.000000,0,0,1231770294,625,0,625,-7,0,16,11
14,700,21.000000,42.000000,0,0,1231770297,625,0,625,-9,0,16,11
14,700,21.000000,42.000000,0,0,1231770300,625,0,625,-11,0,16,11
14,700,21.000000,42.000000,0,0,1231770303,627,0,627,-11,0,16,11
14,700,21.000000,42.000000,0,0,1231770305,629,0,629,-11,0,16,11
14,700,21.000000,42.000000,0,0,1231770308,629,0,629,-12,0,16,11
14,700,21.000000,42.000000,0,0,1231770311,631,0,631,-13,0,16,11
14,700,21.000000,42.000000,0,0,1231770314,633,0,633,-14,0,16,11
14,700,21.000000,42.000000,0,0,1231770316,635,0,635,-16,0,16,11
14,700,21.000000,42.000000,0,0,1231770319,636,0,636,-17,0,16,11
14,700,21.000000,42.000000,0,0,1231770322,638,0,638,-18,0,16,11
14,700,21.000000,42.000000,0,0,1231770324,641,0,641,-20,0,16,11
14,700,21.000000,42.000000,0,0,1231770328,642,0,642,-20,0,16,11
14,700,21.000000,42.000000,0,0,1231770330,644,0,644,-22,0,16,11
14,700,21.000000,42.000000,0,0,1231770333,647,0,647,-22,0,16,11
14,700,21.000000,42.000000,0,0,1231770336,647,0,647,-25,0,16,11
14,700,21.000000,42.000000,0,0,1231770339,650,0,650,-25,0,16,11
14,700,21.000000,42.000000,0,0,1231770342,652,0,652,-25,0,16,11
14,700,21.000000,42.000000,0,0,1231770344,654,0,654,-27,0,16,11
14,700,21.000000,42.000000,0,0,1231770347,657,0,657,-27,0,16,11
14,700,21.000000,42.000000,0,0,1231770350,658,0,658,-29,0,16,11
14,700,21.000000,42.000000,0,0,1231770353,663,0,663,-31,0,16,11
14,700,21.000000,42.000000,0,0,1231770356,665,0,665,-32,0,16,11
14,700,21.000000,42.000000,0,0,1231770359,666,0,666,-34,0,16,11
14,700,21.000000,42.000000,0,0,1231770361,668,0,668,-35,0,16,11
14,700,21.000000,42.000000,0,0,1231770364,670,0,670,-37,0,16,11
14,700,21.000000,42.000000,0,0,1231770367,674,0,674,-37,0,16,11
14,700,21.000000,42.000000,0,0,1231770370,677,0,677,-38,0,16,11
14,700,21.000000,42.000000,0,0,1231770372,681,0,681,-38,0,16,11
14,700,21.000000,42.000000,0,0,1231770375,684,0,684,-38,0,16,11
14,700,21.000000,42.000000,0,0,1231770378,688,0,688,-38,0,16,11
14,700,21.000000,42.000000,0,0,1231770381,691,0,691,-39,0,16,11
14,700,21.000000,42.000000,0,0,1231770384,697,0,697,-40,0,16,11
14,700,21.000000,42.000000,0,0,1231770386,701,0,701,-43,0,16,11
14,700,21.000000,42.000000,0,0,1231770389,703,0,703,-43,0,16,11
14,700,21.000000,42.000000,0,0,1231770392,708,0,708,-44,0,16,11
14,700,21.000000,42.000000,0,0,1231770395,712,0,712,-44,0,16,11
14,700,21.000000,42.000000,0,0,1231770397,717,0,717,-45,0,16,11
14,700,21.000000,42.000000,0,0,1231770400,720,0,720,-46,0,16,11
14,700,21.000000,42.000000,0,0,1231770403,725,0,725,-48,0,16,11
14,700,21.000000,42.000000,0,0,1231770406,730,0,730,-49,0,16,11
14,700,21.000000,42.000000,0,0,1231770409,735,0,735,-51,0,16,11
14,700,21.000000,42.000000,0,0,1231770411,741,0,741,-52,0,16,11
14,700,21.000000,42.000000,0,0,1231770414,746,0,746,-53,0,16,11
14,700,21.000000,42.000000,0,0,1231770417,751,0,751,-53,0,16,11
14,700,21.000000,42.000000,0,0,1231770420,759,0,759,-53,0,16,11
14,700,21.000000,42.000000,0,0,1231770422,763,0,763,-53,0,16,11
14,700,21.000000,42.000000,0,0,1231770425,770,0,770,-54,0,16,11
14,700,21.000000,42.000000,0,0,1231770428,774,0,774,-55,0,16,11
14,700,21.000000,42.000000,0,0,1231770431,784,0,784,-56,0,16,11
14,700,21.000000,42.000000,0,0,1231770434,785,0,785,-58,0,16,11
14,700,21.000000,42.000000,0,0,1231770436,792,0,792,-59,0,16,11
14,700,21.000000,42.000000,0,0,1231770439,799,0,799,-60,0,16,11
14,700,21.000000,42.000000,0,0,1231770442,803,0,803,-60,0,16,11
14,700,21.000000,42.000000,0,0,1231770444,811,0,811,-62,0,16,11
14,700,21.000000,42.000000,0,0,1231770447,817,0,817,-62,0,16,11
14,700,21.000000,42.000000,0,0,1231770450,825,0,825,-62,0,16,11
14,700,21.000000,42.000000,0,0,1231770453,830,0,830,-62,0,16,11
14,700,21.000000,42.000000,0,0,1231770455,834,0,834,-62,0,16,11
14,700,21.000000,42.000000,0,0,1231770458,842,0,842,-62,0,16,11
14,700,21.000000,42.000000,0,0,1231770461,848,0,848,-62,0,16,11
14,700,21.000000,42.000000,0,0,1231770463,854,0,854,-62,0,16,11
14,700,21.000000,42.000000,0,0,1231770467,858,0,858,-63,0,16,11
14,700,21.000000,42.000000,0,0,1231770469,863,0,863,-63,0,16,11
14,700,21.000000,42.000000,0,0,1231770472,868,0,868,-64,0,16,11
14,700,21.000000,42.000000,0,0,1231770475,873,0,873,-64,0,16,11
14,700,21.000000,42.000000,0,0,1231770478,879,0,879,-64,0,16,11
14,700,21.000000,42.000000,0,0,1231770480,882,0,882,-64,0,16,11
14,700,21.000000,42.000000,0,0,1231770483,885,0,885,-64,0,16,11
14,700,21.000000,42.000000,0,0,1231770486,889,1,889,-63,0,16,11
14,700,21.000000,42.000000,0,0,1231770489,894,2,894,-62,0,16,11
14,700,21.000000,42.000000,0,0,1231770492,898,2,898,-62,0,16,11
14,700,21.000000,42.000000,0,0,1231770494,900,2,900,-62,0,16,11
14,700,21.000000,42.000000,0,0,1231770497,904,2,904,-62,0,16,11
14,700,21.000000,42.000000,0,0,1231770500,909,2,909,-62,0,16,11
14,700,21.000000,42.000000,0,0,1231770502,911,2,911,-62,0,16,11
14,700,21.000000,42.000000,0,0,1231770505,915,2,915,-62,0,16,11
14,700,21.000000,42.000000,0,0,1231770508,919,2,919,-62,0,16,11
14,700,21.000000,42.000000,0,0,1231770511,925,2,925,-62,0,16,11
14,700,21.000000,42.000000,0,0,1231770514,928,2,928,-62,0,16,11
14,700,21.000000,42.000000,0,0,1231770517,932,2,932,-62,0,16,11
14,700,21.000000,42.000000,0,0,1231770519,936,2,936,-62,0,16,11
14,700,21.000000,42.000000,0,0,1231770522,939,2,939,-62,0,16,11
14,700,21.000000,42.000000,0,0,1231770525,942,2,942,-62,0,16,11
14,700,21.000000,42.000000,0,0,1231770527,946,3,946,-61,0,16,11
14,700,21.000000,42.000000,0,0,1231770530,948,3,948,-61,0,16,11
14,700,21.000000,42.000000,0,0,1231770533,951,3,951,-61,0,16,11
14,700,21.000000,42.000000,0,0,1231770536,955,3,955,-61,0,16,11
14,700,21.000000,42.000000,0,0,1231770539,960,3,960,-61,0,16,11
14,700,21.000000,42.000000,0,0,1231770541,964,3,964,-61,0,16,11
14,700,21.000000,42.000000,0,0,1231770544,969,3,969,-61,0,16,11
14,700,21.000000,42.000000,0,0,1231770547,976,3,976,-61,0,16,11
14,700,21.000000,42.000000,0,0,1231770550,981,3,981,-61,0,16,11
14,700,21.000000,42.000000,0,0,1231770553,988,3,988,-61,0,16,11
14,700,21.000000,42.000000,0,0,1231770555,995,3,995,-61,0,16,11
14,700,21.000000,42.000000,0,0,1231770558,1000,2,1000,-62,0,16,11
14,700,21.000000,42.000000,0,0,1231770561,1006,1,1006,-63,0,16,11
14,700,21.000000,42.000000,0,0,1231770564,1014,1,1014,-63,0,16,11
14,700,21.000000,42.000000,0,0,1231770566,1019,1,1019,-63,0,16,11
14,700,21.000000,42.000000,0,0,1231770569,1025,2,1025,-62,0,16,11
14,700,21.000000,42.000000,0,0,1231770572,1032,2,1032,-62,0,16,11
14,700,21.000000,42.000000,0,0,1231770575,1039,2,1039,-62,0,16,11
14,700,21.000000,42.000000,0,0,1231770578,1046,2,1046,-62,0,16,11
14,700,21.000000,42.000000,0,0,1231770581,1054,2,1054,-62,0,16,11
14,700,21.000000,42.000000,0,0,1231770583,1058,2,1058,-62,0,16,11
14,700,21.000000,42.000000,0,0,1231770586,1067,2,1067,-62,0,16,11
14,700,21.000000,42.000000,0,0,1231770589,1081,2,1081,-62,0,16,11
14,700,21.000000,42.000000,0,0,1231770592,1088,2,1088,-62,0,16,11
14,700,21.000000,42.000000,0,0,1231770594,1096,2,1096,-62,0,16,11
14,700,21.000000,42.000000,0,0,1231770597,1106,2,1106,-62,0,16,11
14,700,21.000000,42.000000,0,0,1231770600,1111,2,1111,-62,0,16,11
14,700,21.000000,42.000000,0,0,1231770603,1118,2,1118,-62,0,16,11
14,700,21.000000,42.000000,0,0,1231770606,1123,2,1123,-62,0,16,11
14,700,21.000000,42.000000,0,0,1231770608,1129,2,1129,-62,0,16,11
14,700,21.000000,42.000000,0,0,1231770611,1135,2,1135,-62,0,16,11
14,700,21.000000,42.000000,0,0,1231770614,1140,2,1140,-62,0,16,11
14,700,21.000000,42.000000,0,0,1231770617,1146,3,1146,-61,0,16,11
14,700,21.000000,42.000000,0,0,1231770619,1152,3,1152,-61,0,16,11
14,700,21.000000,42.000000,0,0,1231770622,1155,3,1155,-61,0,16,11
14,700,21.000000,42.000000,0,0,1231770625,1158,3,1158,-61,0,16,11
14,700,21.000000,42.000000,0,0,1231770628,1162,3,1162,-61,0,16,11
14,700,21.000000,42.000000,0,0,1231770631,1166,3,1166,-61,0,16,11
14,700,21.000000,42.000000,0,0,1231770633,1169,3,1169,-61,0,16,11
14,700,21.000000,42.000000,0,0,1231770636,1173,3,1173,-61,0,16,11
14,700,21.000000,42.000000,0,0,1231770639,1176,3,1176,-61,0,16,11
14,700,21.000000,42.000000,0,0,1231770642,1177,3,1177,-61,0,16,11
14,700,21.000000,42.000000,0,0,1231770644,1179,2,1179,-62,0,16,11
14,700,21.000000,42.000000,0,0,1231770647,1182,2,1182,-62,0,16,11
14,700,21.000000,42.000000,0,0,1231770650,1184,2,1184,-62,0,16,11
14,700,21.000000,42.000000,0,0,1231770653,1186,2,1186,-62,0,16,11
14,700,21.000000,42.000000,0,0,1231770656,1188,2,1188,-62,0,16,11
14,700,21.000000,42.000000,0,0,1231770658,1190,2,1190,-62,0,16,11
14,700,21.000000,42.000000,0,0,1231770661,1193,2,1193,-62,0,16,11
14,700,21.000000,42.000000,0,0,1231770664,1195,2,1195,-62,0,16,11
14,700,21.000000,42.000000,0,0,1231770667,1197,1,1197,-63,0,16,11
14,700,21.000000,42.000000,0,0,1231770670,1198,1,1198,-63,0,16,11
14,700,21.000000,42.000000,0,0,1231770673,1201,1,1201,-63,0,16,11
14,700,21.000000,42.000000,0,0,1231770677,1202,1,1202,-63,0,16,11
14,700,21.000000,42.000000,0,0,1231770681,1203,1,1203,-63,0,16,11
14,700,21.000000,42.000000,0,0,1231770685,1203,1,1203,-63,0,16,11
14,700,21.000000,42.000000,0,0,1231770689,1205,1,1205,-63,0,16,11
14,700,21.000000,42.000000,0,0,1231770691,1206,1,1206,-63,0,16,11
14,700,21.000000,42.000000,0,0,1231770694,1207,1,1207,-63,0,16,11
14,700,21.000000,42.000000,0,0,1231770697,1207,0,1207,-64,0,16,11
14,700,21.000000,42.000000,0,0,1231770700,1208,0,1208,-64,0,16,11
14,700,21.000000,42.000000,0,0,1231770703,1209,0,1209,-64,0,16,11
14,700,21.000000,42.000000,0,0,1231770706,1210,0,1210,-64,0,16,11
14,700,21.000000,42.000000,0,0,1231770708,1210,0,1210,-64,0,16,11
14,700,21.000000,42.000000,0,0,1231770711,1210,0,1210,-64,0,16,11
14,700,21.000000,42.000000,0,0,1231770714,1210,0,1210,-64,0,16,11
14,700,21.000000,42.000000,0,0,1231770717,1210,0,1210,-64,0,16,11
14,700,21.000000,42.000000,0,0,1231770720,1210,0,1210,-64,0,16,11
14,700,21.000000,42.000000,0,0,1231770722,1210,0,1210,-64,0,16,11
14,700,21.000000,42.000000,0,0,1231770725,1210,0,1210,-64,0,16,11
14,700,21.000000,42.000000,0,0,1231770728,1210,0,1210,-64,0,16,11
14,700,21.000000,42.000000,0,0,1231770731,1210,0,1210,-64,0,16,11
14,700,21.000000,42.000000,0,0,1231770733,1210,0,1210,-64,0,16,11
14,700,21.000000,42.000000,0,0,1231770736,1210,0,1210,-64,0,16,11
14,700,21.000000,42.000000,0,0,1231770739,1210,0,1210,-64,0,16,11
14,700,21.000000,42.000000,0,0,1231770742,1210,0,1210,-64,0,16,11
14,700,21.000000,42.000000,0,0,1231770745,1210,0,1210,-64,0,16,11
14,700,21.000000,42.000000,0,0,1231770747,1210,0,1210,-64,0,16,11
14,700,21.000000,42.000000,0,0,1231770750,1210,0,1210,-64,0,16,11
14,700,21.000000,42.000000,0,0,1231770753,1210,0,1210,-64,0,16,11
14,700,21.000000,42.000000,0,0,1231770755,1210,0,1210,-64,0,16,11
14,700,21.000000,42.000000,0,0,1231770758,1210,0,1210,-64,0,16,11
14,700,21.000000,42.000000,0,0,1231770761,1210,0,1210,-64,0,16,11
14,700,21.000000,42.000000,0,0,1231770764,1210,0,1210,-64,0,16,11
14,700,21.000000,42.000000,0,0,1231770767,1210,0,1210,-64,0,16,11
14,700,21.000000,42.000000,0,0,1231770769,1210,0,1210,-64,0,16,11
14,700,21.000000,42.000000,0,0,1231770772,1210,0,1210,-64,0,16,11
14,700,21.000000,42.000000,0,0,1231770775,1210,0,1210,-64,0,16,11
14,700,21.000000,42.000000,0,0,1231770778,1210,0,1210,-64,0,16,11
14,700,21.000000,42.000000,0,0,1231770781,1210,0,1210,-64,0,16,11
14,700,21.000000,42.000000,0,0,1231770783,1210,0,1210,-65,0,16,11
14,700,21.000000,42.000000,0,0,1231770786,1210,0,1210,-65,0,16,11
14,700,21.000000,42.000000,0,0,1231770789,1210,0,1210,-65,0,16,11
14,700,21.000000,42.000000,0,0,1231770792,1210,0,1210,-65,0,16,11
14,700,21.000000,42.000000,0,0,1231770795,1210,0,1210,-65,0,16,11
14,700,21.000000,42.000000,0,0,1231770798,1210,0,1210,-65,0,16,11
14,700,21.000000,42.000000,0,0,1231770800,1210,0,1210,-65,0,16,11
14,700,21.000000,42.000000,0,0,1231770803,1210,0,1210,-65,0,16,11
14,700,21.000000,42.000000,0,0,1231770806,1210,0,1210,-65,0,16,11
14,700,21.000000,42.000000,0,0,1231770809,1210,0,1210,-65,0,16,11
14,700,21.000000,42.000000,0,0,1231770812,1210,0,1210,-65,0,16,11
14,700,21.000000,42.000000,0,0,1231770815,1210,0,1210,-65,0,16,11
14,700,21.000000,42.000000,0,0,1231770818,1210,0,1210,-65,0,16,11
14,700,21.000000,42.000000,0,0,1231770820,1210,0,1210,-65,0,16,11
14,700,21.000000,42.000000,0,0,1231770823,1210,0,1210,-65,0,16,11
14,700,21.000000,42.000000,0,0,1231770826,1210,0,1210,-65,0,16,11
14,700,21.000000,42.000000,0,0,1231770828,1210,0,1210,-65,0,16,11
14,700,21.000000,42.000000,0,0,1231770831,1210,0,1210,-65,0,16,11
14,700,21.000000,42.000000,0,0,1231770834,1210,0,1210,-65,0,16,11
14,700,21.000000,42.000000,0,0,1231770836,1210,0,1210,-65,0,16,11
14,700,21.000000,42.000000,0,0,1231770839,1210,0,1210,-65,0,16,11
14,700,21.000000,42.000000,0,0,1231770842,1210,0,1210,-65,0,16,11
14,700,21.000000,42.000000,0,0,1231770845,1210,0,1210,-65,0,16,11
14,700,21.000000,42.000000,0,0,1231770847,1210,0,1210,-65,0,16,11
14,700,21.000000,42.000000,0,0,1231770850,1210,0,1210,-65,0,16,11
14,700,21.000000,42.000000,0,0,1231770853,1210,0,1210,-65,0,16,11
14,700,21.000000,42.000000,0,0,1231770856,1210,0,1210,-65,0,16,11
14,700,21.000000,42.000000,0,0,1231770859,1210,0,1210,-65,0,16,11
14,700,21.000000,42.000000,0,0,1231770861,1210,0,1210,-65,0,16,11
14,700,21.000000,42.000000,0,0,1231770864,1210,0,1210,-65,0,16,11
14,700,21.000000,42.000000,0,0,1231770867,1210,0,1210,-65,0,16,11
14,700,21.000000,42.000000,0,0,1231770870,1210,0,1210,-65,0,16,11
14,700,21.000000,42.000000,0,0,1231770872,1210,0,1210,-65,0,16,11
14,700,21.000000,42.000000,0,0,1231770875,1210,0,1210,-65,0,16,11
14,700,21.000000,42.000000,0,0,1231770878,1210,0,1210,-65,0,16,11
14,700,21.000000,42.000000,0,0,1231770881,1210,0,1210,-65,0,16,11
14,700,21.000000,42.000000,0,0,1231770884,1210,0,1210,-65,0,16,11
14,700,21.000000,42.000000,0,0,1231770886,1211,0,1211,-65,0,16,11
14,700,21.000000,42.000000,0,0,1231770889,1212,0,1212,-65,0,16,11
14,700,21.000000,42.000000,0,0,1231770891,1213,0,1213,-65,0,16,11
14,700,21.000000,42.000000,0,0,1231770895,1214,0,1214,-65,0,16,11
14,700,21.000000,42.000000,0,0,1231770897,1214,0,1214,-66,0,16,11
14,700,21.000000,42.000000,0,0,1231770900,1215,0,1215,-66,0,16,11
14,700,21.000000,42.000000,0,0,1231770903,1217,0,1217,-66,0,16,11
14,700,21.000000,42.000000,0,0,1231770905,1219,0,1219,-66,0,16,11
14,700,21.000000,42.000000,0,0,1231770909,1221,0,1221,-66,0,16,11
14,700,21.000000,42.000000,0,0,1231770911,1222,0,1222,-67,0,16,11
14,700,21.000000,42.000000,0,0,1231770914,1224,0,1224,-67,0,16,11
14,700,21.000000,42.000000,0,0,1231770917,1226,0,1226,-67,0,16,11
14,700,21.000000,42.000000,0,0,1231770920,1227,0,1227,-67,0,16,11
14,700,21.000000,42.000000,0,0,1231770922,1228,0,1228,-67,0,16,11
14,700,21.000000,42.000000,0,0,1231770925,1230,0,1230,-67,0,16,11
14,700,21.000000,42.000000,0,0,1231770928,1230,0,1230,-68,0,16,11
14,700,21.000000,42.000000,0,0,1231770931,1232,0,1232,-69,0,16,11
14,700,21.000000,42.000000,0,0,1231770934,1234,0,1234,-69,0,16,11
14,700,21.000000,42.000000,0,0,1231770936,1236,0,1236,-69,0,16,11
14,700,21.000000,42.000000,0,0,1231770939,1239,0,1239,-70,0,16,11
14,700,21.000000,42.000000,0,0,1231770942,1242,0,1242,-71,0,16,11
14,700,21.000000,42.000000,0,0,1231770945,1244,0,1244,-71,0,16,11
14,700,21.000000,42.000000,0,0,1231770947,1244,0,1244,-72,0,16,11
14,700,21.000000,42.000000,0,0,1231770950,1246,0,1246,-72,0,16,11
14,700,21.000000,42.000000,0,0,1231770953,1249,0,1249,-73,0,16,11
14,700,21.000000,42.000000,0,0,1231770956,1250,0,1250,-73,0,16,11
14,700,21.000000,42.000000,0,0,1231770959,1251,0,1251,-74,0,16,11
14,700,21.000000,42.000000,0,0,1231770961,1252,0,1252,-74,0,16,11
14,700,21.000000,42.000000,0,0,1231770964,1255,0,1255,-74,0,16,11
14,700,21.000000,42.000000,0,0,1231770967,1259,0,1259,-74,0,16,11
14,700,21.000000,42.000000,0,0,1231770970,1261,0,1261,-74,0,16,11
14,700,21.000000,42.000000,0,0,1231770972,1263,0,1263,-74,0,16,11
14,700,21.000000,42.000000,0,0,1231770975,1265,0,1265,-74,0,16,11
14,700,21.000000,42.000000,0,0,1231770978,1267,0,1267,-74,0,16,11
14,700,21.000000,42.000000,0,0,1231770981,1268,0,1268,-74,0,16,11
14,700,21.000000,42.000000,0,0,1231770984,1269,0,1269,-74,0,16,11
14,700,21.000000,42.000000,0,0,1231770986,1270,0,1270,-74,0,16,11
14,700,21.000000,42.000000,0,0,1231770989,1270,0,1270,-75,0,16,11
14,700,21.000000,42.000000,0,0,1231770992,1270,0,1270,-76,0,16,11
14,700,21.000000,42.000000,0,0,1231770995,1272,0,1272,-76,0,16,11
14,700,21.000000,42.000000,0,0,1231770998,1273,0,1273,-76,0,16,11
14,700,21.000000,42.000000,0,0,1231771000,1274,0,1274,-76,0,16,11
14,700,21.000000,42.000000,0,0,1231771003,1275,0,1275,-76,0,16,11
14,700,21.000000,42.000000,0,0,1231771006,1275,0,1275,-76,0,16,11
14,700,21.000000,42.000000,0,0,1231771009,1275,0,1275,-77,0,16,11
14,700,21.000000,42.000000,0,0,1231771011,1276,0,1276,-77,0,16,11
14,700,21.000000,42.000000,0,0,1231771014,1277,0,1277,-77,0,16,11
14,700,21.000000,42.000000,0,0,1231771017,1277,0,1277,-78,0,16,11
14,700,21.000000,42.000000,0,0,1231771019,1278,0,1278,-78,0,16,11
14,700,21.000000,42.000000,0,0,1231771022,1279,0,1279,-78,0,16,11
14,700,21.000000,42.000000,0,0,1231771025,1279,0,1279,-78,0,16,11
14,700,21.000000,42.000000,0,0,1231771028,1279,0,1279,-78,0,16,11
14,700,21.000000,42.000000,0,0,1231771031,1280,0,1280,-78,0,16,11
14,700,21.000000,42.000000,0,0,1231771034,1281,0,1281,-79,0,16,11
14,700,21.000000,42.000000,0,0,1231771036,1282,0,1282,-80,0,16,11
14,700,21.000000,42.000000,0,0,1231771039,1282,0,1282,-80,0,16,11
14,700,21.000000,42.000000,0,0,1231771042,1282,0,1282,-80,0,16,11
14,700,21.000000,42.000000,0,0,1231771045,1282,0,1282,-81,0,16,11
14,700,21.000000,42.000000,0,0,1231771048,1283,0,1283,-82,0,16,11
14,700,21.000000,42.000000,0,0,1231771050,1284,0,1284,-82,0,16,11
14,700,21.000000,42.000000,0,0,1231771053,1285,0,1285,-82,0,16,11
14,700,21.000000,42.000000,0,0,1231771056,1287,0,1287,-82,0,16,11
14,700,21.000000,42.000000,0,0,1231771059,1289,0,1289,-82,0,16,11
14,700,21.000000,42.000000,0,0,1231771061,1290,0,1290,-82,0,16,11
14,700,21.000000,42.000000,0,0,1231771064,1291,0,1291,-82,0,16,11
14,700,21.000000,42.000000,0,0,1231771067,1292,0,1292,-82,0,16,11
14,700,21.000000,42.000000,0,0,1231771070,1292,0,1292,-83,0,16,11
14,700,21.000000,42.000000,0,0,1231771073,1293,0,1293,-83,0,16,11
14,700,21.000000,42.000000,0,0,1231771075,1294,0,1294,-83,0,16,11
14,700,21.000000,42.000000,0,0,1231771078,1295,0,1295,-83,0,16,11
14,700,21.000000,42.000000,0,0,1231771081,1296,0,1296,-83,0,16,11
14,700,21.000000,42.000000,0,0,1231771084,1297,0,1297,-83,0,16,11
14,700,21.000000,42.000000,0,0,1231771086,1297,0,1297,-84,0,16,11
14,700,21.000000,42.000000,0,0,1231771089,1298,0,1298,-84,0,16,11
14,700,21.000000,42.000000,0,0,1231771092,1299,0,1299,-84,0,16,11
14,700,21.000000,42.000000,0,0,1231771095,1300,0,1300,-84,0,16,11
14,700,21.000000,42.000000,0,0,1231771098,1300,0,1300,-84,0,16,11
14,700,21.000000,42.000000,0,0,1231771100,1300,0,1300,-84,0,16,11
14,700,21.000000,42.000000,0,0,1231771103,1300,0,1300,-84,0,16,11
14,700,21.000000,42.000000,0,0,1231771106,1300,0,1300,-84,0,16,11
14,700,21.000000,42.000000,0,0,1231771109,1300,0,1300,-84,0,16,11
14,700,21.000000,42.000000,0,0,1231771111,1300,0,1300,-85,0,16,11
14,700,21.000000,42.000000,0,0,1231771114,1300,0,1300,-85,0,16,11
14,700,21.000000,42.000000,0,0,1231771117,1300,0,1300,-85,0,16,11
14,700,21.000000,42.000000,0,0,1231771120,1300,0,1300,-85,0,16,11
14,700,21.000000,42.000000,0,0,1231771123,1300,0,1300,-85,0,16,11
14,700,21.000000,42.000000,0,0,1231771126,1300,0,1300,-85,0,16,11
14,700,21.000000,42.000000,0,0,1231771128,1300,0,1300,-85,0,16,11
14,700,21.000000,42.000000,0,0,1231771131,1300,0,1300,-85,0,16,11
14,700,21.000000,42.000000,0,0,1231771134,1300,0,1300,-85,0,16,11
14,700,21.000000,42.000000,0,0,1231771136,1300,0,1300,-85,0,16,11
14,700,21.000000,42.000000,0,0,1231771139,1300,0,1300,-85,0,16,11
14,700,21.000000,42.000000,0,0,1231771142,1300,0,1300,-85,0,16,11
14,700,21.000000,42.000000,0,0,1231771145,1300,0,1300,-85,0,16,11
14,700,21.000000,42.000000,0,0,1231771147,1300,0,1300,-85,0,16,11
14,700,21.000000,42.000000,0,0,1231771150,1300,0,1300,-85,0,16,11
14,700,21.000000,42.000000,0,0,1231771153,1300,0,1300,-85,0,16,11
14,700,21.000000,42.000000,0,0,1231771156,1300,0,1300,-85,0,16,11
14,700,21.000000,42.000000,0,0,1231771158,1300,0,1300,-85,0,16,11
14,700,21.000000,42.000000,0,0,1231771161,1300,0,1300,-85,0,16,11
14,700,21.000000,42.000000,0,0,1231771164,1300,0,1300,-85,0,16,11
14,700,21.000000,42.000000,0,0,1231771167,1300,0,1300,-85,0,16,11
14,700,21.000000,42.000000,0,0,1231771170,1300,0,1300,-85,0,16,11
14,700,21.000000,42.000000,0,0,1231771172,1300,0,1300,-85,0,16,11
14,700,21.000000,42.000000,0,0,1231771175,1300,0,1300,-85,0,16,11
14,700,21.000000,42.000000,0,0,1231771178,1300,0,1300,-85,0,16,11
14,700,21.000000,42.000000,0,0,1231771181,1300,0,1300,-85,0,16,11
14,700,21.000000,42.000000,0,0,1231771184,1300,0,1300,-85,0,16,11
14,700,21.000000,42.000000,0,0,1231771187,1300,0,1300,-85,0,16,11
14,700,21.000000,42.000000,0,0,1231771189,1300,0,1300,-85,0,16,11
14,700,21.000000,42.000000,0,0,1231771192,1300,0,1300,-85,0,16,11
14,700,21.000000,42.000000,0,0,1231771195,1300,0,1300,-85,0,16,11
14,700,21.000000,42.000000,0,0,1231771198,1300,0,1300,-85,0,16,11
14,700,21.000000,42.000000,0,0,1231771201,1300,0,1300,-85,0,16,11
14,700,21.000000,42.000000,0,0,1231771203,1300,0,1300,-85,0,16,11
14,700,21.000000,42.000000,0,0,1231771206,1300,0,1300,-85,0,16,11
14,700,21.000000,42.000000,0,0,1231771208,1300,0,1300,-85,0,16,11
14,700,21.000000,42.000000,0,0,1231771211,1300,0,1300,-85,0,16,11
14,700,21.000000,42.000000,0,0,1231771214,1300,0,1300,-85,0,16,11
14,700,21.000000,42.000000,0,0,1231771217,1300,0,1300,-85,0,16,11
14,700,21.000000,42.000000,0,0,1231771220,1300,0,1300,-85,0,16,11
14,700,21.000000,42.000000,0,0,1231771223,1300,0,1300,-85,0,16,11
14,700,21.000000,42.000000,0,0,1231771225,1300,0,1300,-85,0,16,11
14,700,21.000000,42.000000,0,0,1231771228,1300,0,1300,-85,0,16,11
14,700,21.000000,42.000000,0,0,1231771231,1300,0,1300,-85,0,16,11
14,700,21.000000,42.000000,0,0,1231771233,1300,0,1300,-85,0,16,11
14,700,21.000000,42.000000,0,0,1231771237,1300,0,1300,-85,0,16,11
14,700,21.000000,42.000000,0,0,1231771239,1300,0,1300,-85,0,16,11
14,700,21.000000,42.000000,0,0,1231771242,1300,0,1300,-85,0,16,11
14,700,21.000000,42.000000,0,0,1231771245,1300,0,1300,-85,0,16,11
14,700,21.000000,42.000000,0,0,1231771247,1300,0,1300,-85,0,16,11
14,700,21.000000,42.000000,0,0,1231771250,1300,0,1300,-85,0,16,11
14,700,21.000000,42.000000,0,0,1231771253,1300,0,1300,-85,0,16,11
14,700,21.000000,42.000000,0,0,1231771256,1300,0,1300,-85,0,16,11
14,700,21.000000,42.000000,0,0,1231771258,1300,0,1300,-85,0,16,11
14,700,21.000000,42.000000,0,0,1231771262,1300,0,1300,-85,0,16,11
14,700,21.000000,42.000000,0,0,1231771264,1300,0,1300,-85,0,16,11
14,700,21.000000,42.000000,0,0,1231771267,1300,0,1300,-85,0,16,11
14,700,21.000000,42.000000,0,0,1231771270,1300,0,1300,-85,0,16,11
14,700,21.000000,42.000000,0,0,1231771273,1300,0,1300,-85,0,16,11
14,700,21.000000,42.000000,0,0,1231771275,1300,0,1300,-85,0,16,11
14,700,21.000000,42.000000,0,0,1231771278,1300,0,1300,-85,0,16,11
14,700,21.000000,42.000000,0,0,1231771281,1300,0,1300,-85,0,16,11
14,700,21.000000,42.000000,0,0,1231771284,1300,0,1300,-85,0,16,11
14,700,21.000000,42.000000,0,0,1231771286,1300,0,1300,-85,0,16,11
14,700,21.000000,42.000000,0,0,1231771289,1300,0,1300,-85,0,16,11
14,700,21.000000,42.000000,0,0,1231771292,1300,0,1300,-85,0,16,11
14,700,21.000000,42.000000,0,0,1231771295,1300,0,1300,-85,0,16,11
14,700,21.000000,42.000000,0,0,1231771298,1300,0,1300,-85,0,16,11
14,700,21.000000,42.000000,0,0,1231771300,1300,0,1300,-85,0,16,11
14,700,21.000000,42.000000,0,0,1231771303,1300,0,1300,-85,0,16,11
14,700,21.000000,42.000000,0,0,1231771306,1300,0,1300,-85,0,16,11
14,700,21.000000,42.000000,0,0,1231771309,1300,0,1300,-85,0,16,11
14,700,21.000000,42.000000,0,0,1231771311,1300,0,1300,-85,0,16,11
14,700,21.000000,42.000000,0,0,1231771314,1300,0,1300,-85,0,16,11
14,700,21.000000,42.000000,0,0,1231771317,1301,0,1301,-85,0,16,11
14,700,21.000000,42.000000,0,0,1231771320,1302,0,1302,-85,0,16,11
14,700,21.000000,42.000000,0,0,1231771323,1303,0,1303,-85,0,16,11
14,700,21.000000,42.000000,0,0,1231771326,1304,0,1304,-85,0,16,11
14,700,21.000000,42.000000,0,0,1231771328,1305,0,1305,-85,0,16,11
14,700,21.000000,42.000000,0,0,1231771331,1306,0,1306,-85,0,16,11
14,700,21.000000,42.000000,0,0,1231771334,1307,0,1307,-85,0,16,11
14,700,21.000000,42.000000,0,0,1231771336,1308,0,1308,-85,0,16,11
14,700,21.000000,42.000000,0,0,1231771339,1309,0,1309,-85,0,16,11
14,700,21.000000,42.000000,0,0,1231771342,1310,0,1310,-85,0,16,11
14,700,21.000000,42.000000,0,0,1231771345,1311,0,1311,-86,0,16,11
14,700,21.000000,42.000000,0,0,1231771347,1312,0,1312,-87,0,16,11
14,700,21.000000,42.000000,0,0,1231771351,1313,0,1313,-87,0,16,11
14,700,21.000000,42.000000,0,0,1231771353,1314,0,1314,-87,0,16,11
14,700,21.000000,42.000000,0,0,1231771356,1315,0,1315,-87,0,16,11
14,700,21.000000,42.000000,0,0,1231771359,1316,0,1316,-87,0,16,11
14,700,21.000000,42.000000,0,0,1231771361,1317,0,1317,-87,0,16,11
14,700,21.000000,42.000000,0,0,1231771364,1318,0,1318,-87,0,16,11
14,700,21.000000,42.000000,0,0,1231771367,1320,0,1320,-87,0,16,11
14,700,21.000000,42.000000,0,0,1231771370,1322,0,1322,-87,0,16,11
14,700,21.000000,42.000000,0,0,1231771373,1322,0,1322,-87,0,16,11
14,700,21.000000,42.000000,0,0,1231771375,1323,0,1323,-87,0,16,11
14,700,21.000000,42.000000,0,0,1231771378,1324,0,1324,-87,0,16,11
14,700,21.000000,42.000000,0,0,1231771381,1324,0,1324,-87,0,16,11
14,700,21.000000,42.000000,0,0,1231771384,1324,0,1324,-87,0,16,11
14,700,21.000000,42.000000,0,0,1231771386,1324,0,1324,-87,0,16,11
14,700,21.000000,42.000000,0,0,1231771389,1324,0,1324,-87,0,16,11
14,700,21.000000,42.000000,0,0,1231771392,1324,0,1324,-87,0,16,11
14,700,21.000000,42.000000,0,0,1231771395,1324,0,1324,-87,0,16,11
14,700,21.000000,42.000000,0,0,1231771398,1324,0,1324,-87,0,16,11
14,700,21.000000,42.000000,0,0,1231771400,1324,0,1324,-87,0,16,11
14,700,21.000000,42.000000,0,0,1231771403,1324,0,1324,-87,0,16,11
14,700,21.000000,42.000000,0,0,1231771406,1324,0,1324,-87,0,16,11
14,700,21.000000,42.000000,0,0,1231771409,1324,0,1324,-87,0,16,11
14,700,21.000000,42.000000,0,0,1231771411,1324,0,1324,-87,0,16,11
14,700,21.000000,42.000000,0,0,1231771414,1324,0,1324,-87,0,16,11
14,700,21.000000,42.000000,0,0,1231771417,1324,0,1324,-87,0,16,11
14,700,21.000000,42.000000,0,0,1231771420,1324,0,1324,-87,0,16,11
14,700,21.000000,42.000000,0,0,1231771423,1324,0,1324,-87,0,16,11
14,700,21.000000,42.000000,0,0,1231771426,1324,0,1324,-87,0,16,11
14,700,21.000000,42.000000,0,0,1231771428,1324,0,1324,-87,0,16,11
14,700,21.000000,42.000000,0,0,1231771431,1324,0,1324,-87,0,16,11
14,700,21.000000,42.000000,0,0,1231771434,1324,0,1324,-87,0,16,11
14,700,21.000000,42.000000,0,0,1231771437,1324,0,1324,-87,0,16,11
14,700,21.000000,42.000000,0,0,1231771439,1324,0,1324,-87,0,16,11
14,700,21.000000,42.000000,0,0,1231771442,1324,0,1324,-87,0,16,11
14,700,21.000000,42.000000,0,0,1231771445,1324,0,1324,-87,0,16,11
14,700,21.000000,42.000000,0,0,1231771448,1324,0,1324,-87,0,16,11
14,700,21.000000,42.000000,0,0,1231771450,1324,0,1324,-87,0,16,11
14,700,21.000000,42.000000,0,0,1231771453,1324,0,1324,-87,0,16,11
14,700,21.000000,42.000000,0,0,1231771456,1324,0,1324,-87,0,16,11
14,700,21.000000,42.000000,0,0,1231771459,1324,0,1324,-87,0,16,11
14,700,21.000000,42.000000,0,0,1231771462,1324,0,1324,-87,0,16,11
14,700,21.000000,42.000000,0,0,1231771464,1324,0,1324,-87,0,16,11
14,700,21.000000,42.000000,0,0,1231771467,1324,0,1324,-87,0,16,11
14,700,21.000000,42.000000,0,0,1231771470,1324,0,1324,-87,0,16,11
14,700,21.000000,42.000000,0,0,1231771473,1324,0,1324,-87,0,16,11
14,700,21.000000,42.000000,0,0,1231771476,1324,0,1324,-87,0,16,11
14,700,21.000000,42.000000,0,0,1231771478,1324,0,1324,-87,0,16,11
14,700,21.000000,42.000000,0,0,1231771492,1324,0,1324,-87,1,16,11
