14,350,80.500000,0.000000,0,0,1231436912,765,7,765,7,0,2,2
14,350,80.500000,0.000000,0,0,1231436913,765,7,765,7,0,2,2
14,350,80.500000,0.000000,0,0,1231436916,765,7,765,7,0,2,2
14,350,80.500000,0.000000,0,0,1231436919,765,7,765,7,0,2,2
14,350,80.500000,0.000000,0,0,1231436921,765,7,765,7,0,2,2
14,350,80.500000,0.000000,0,0,1231436924,765,7,765,7,0,2,2
14,350,80.500000,0.000000,0,0,1231436927,765,7,765,7,0,2,2
14,350,80.500000,0.000000,0,0,1231436930,765,7,765,7,0,2,2
14,350,80.500000,0.000000,0,0,1231436932,765,7,765,7,0,2,2
14,350,80.500000,0.000000,0,0,1231436935,765,7,765,7,0,2,2
14,350,80.500000,0.000000,0,0,1231436938,765,7,765,7,0,2,2
14,350,80.500000,0.000000,0,0,1231436941,765,7,765,7,0,2,2
14,350,80.500000,0.000000,0,0,1231436944,765,7,765,7,0,2,2
14,350,80.500000,0.000000,0,0,1231436946,765,7,765,7,0,2,2
14,350,80.500000,0.000000,0,0,1231436949,765,7,765,7,0,2,2
14,350,80.500000,0.000000,0,0,1231436952,765,7,765,7,0,2,2
14,350,80.500000,0.000000,0,0,1231436954,765,7,765,7,0,2,2
14,350,80.500000,0.000000,0,0,1231436957,765,7,765,7,0,2,2
14,350,80.500000,0.000000,0,0,1231436960,765,7,765,7,0,2,2
14,350,80.500000,0.000000,0,0,1231436963,765,7,765,7,0,2,2
14,350,80.500000,0.000000,0,0,1231436966,765,7,765,7,0,2,2
14,350,80.500000,0.000000,0,0,1231436969,765,7,765,7,0,2,2
14,350,80.500000,0.000000,0,0,1231436972,765,7,765,7,0,2,2
14,350,80.500000,0.000000,0,0,1231436974,765,7,765,7,0,2,2
14,350,80.500000,0.000000,0,0,1231436977,765,7,765,7,0,2,2
14,350,80.500000,0.000000,0,0,1231436980,765,7,765,7,0,2,2
14,350,80.500000,0.000000,0,0,1231436982,765,7,765,7,0,2,2
14,350,80.500000,0.000000,0,0,1231436985,765,7,765,7,0,2,2
14,350,80.500000,0.000000,0,0,1231436988,765,7,765,7,0,2,2
14,350,80.500000,0.000000,0,0,1231436990,765,7,765,7,0,2,2
14,350,80.500000,0.000000,0,0,1231436993,765,7,765,7,0,2,2
14,350,80.500000,0.000000,0,0,1231436996,765,7,765,7,0,2,2
14,350,80.500000,0.000000,0,0,1231436999,765,7,765,7,0,2,2
14,350,80.500000,0.000000,0,0,1231437002,765,7,765,7,0,2,2
14,350,80.500000,0.000000,0,0,1231437004,765,7,765,7,0,2,2
14,350,80.500000,0.000000,0,0,1231437008,765,7,765,7,0,2,2
14,350,80.500000,0.000000,0,0,1231437010,765,7,765,7,0,2,2
14,350,80.500000,0.000000,0,0,1231437013,767,7,767,7,0,2,2
14,350,80.500000,0.000000,0,0,1231437016,768,7,768,7,0,2,2
14,350,80.500000,0.000000,0,0,1231437019,771,7,771,7,0,2,2
14,350,80.500000,0.000000,0,0,1231437021,773,7,773,7,0,2,2
14,350,80.500000,0.000000,0,0,1231437024,777,7,777,7,0,2,2
14,350,80.500000,0.000000,0,0,1231437027,779,7,779,7,0,2,2
14,350,80.500000,0.000000,0,0,1231437030,783,7,783,7,0,2,2
14,350,80.500000,0.000000,0,0,1231437032,786,7,786,7,0,2,2
14,350,80.500000,0.000000,0,0,1231437035,790,7,790,7,0,2,2
14,350,80.500000,0.000000,0,0,1231437038,796,7,796,7,0,2,2
14,350,80.500000,0.000000,0,0,1231437041,799,7,799,7,0,2,2
14,350,80.500000,0.000000,0,0,1231437044,804,7,804,7,0,2,2
14,350,80.500000,0.000000,0,0,1231437046,811,7,811,7,0,2,2
14,350,80.500000,0.000000,0,0,1231437049,817,7,817,7,0,2,2
14,350,80.500000,0.000000,0,0,1231437052,824,7,824,7,0,2,2
14,350,80.500000,0.000000,0,0,1231437055,829,8,829,8,0,2,2
14,350,80.500000,0.000000,0,0,1231437058,836,8,836,8,0,2,2
14,350,80.500000,0.000000,0,0,1231437060,842,8,842,8,0,2,2
14,350,80.500000,0.000000,0,0,1231437063,849,8,849,8,0,2,2
14,350,80.500000,0.000000,0,0,1231437066,857,8,857,8,0,2,2
14,350,80.500000,0.000000,0,0,1231437068,866,8,866,8,0,2,2
14,350,80.500000,0.000000,0,0,1231437071,873,8,873,8,0,2,2
14,350,80.500000,0.000000,0,0,1231437074,878,8,878,8,0,2,2
14,350,80.500000,0.000000,0,0,1231437077,886,8,886,8,0,2,2
14,350,80.500000,0.000000,0,0,1231437080,893,8,893,8,0,2,2
14,350,80.500000,0.000000,0,0,1231437082,900,8,900,8,0,2,2
14,350,80.500000,0.000000,0,0,1231437085,905,8,905,8,0,2,2
14,350,80.500000,0.000000,0,0,1231437088,911,8,911,8,0,2,2
14,350,80.500000,0.000000,0,0,1231437091,916,8,916,8,0,2,2
14,350,80.500000,0.000000,0,0,1231437094,924,8,924,8,0,2,2
14,350,80.500000,0.000000,0,0,1231437096,930,8,930,8,0,2,2
14,350,80.500000,0.000000,0,0,1231437099,939,8,939,8,0,2,2
14,350,80.500000,0.000000,0,0,1231437102,943,8,943,8,0,2,2
14,350,80.500000,0.000000,0,0,1231437105,951,8,951,8,0,2,2
14,350,80.500000,0.000000,0,0,1231437108,955,9,955,9,0,2,2
14,350,80.500000,0.000000,0,0,1231437110,962,10,962,10,0,2,2
14,350,80.500000,0.000000,0,0,1231437113,968,10,968,10,0,2,2
14,350,80.500000,0.000000,0,0,1231437116,981,10,981,10,0,2,2
14,350,80.500000,0.000000,0,0,1231437119,989,10,989,10,0,2,2
14,350,80.500000,0.000000,0,0,1231437122,994,10,994,10,0,2,2
14,350,80.500000,0.000000,0,0,1231437124,1000,10,1000,10,0,2,2
14,350,80.500000,0.000000,0,0,1231437127,1006,10,1006,10,0,2,2
14,350,80.500000,0.000000,0,0,1231437130,1012,10,1012,10,0,2,2
14,350,80.500000,0.000000,0,0,1231437133,1017,10,1017,10,0,2,2
14,350,80.500000,0.000000,0,0,1231437135,1023,10,1023,10,0,2,2
14,350,80.500000,0.000000,0,0,1231437138,1028,10,1028,10,0,2,2
14,350,80.500000,0.000000,0,0,1231437141,1032,10,1032,10,0,2,2
14,350,80.500000,0.000000,0,0,1231437144,1039,10,1039,10,0,2,2
14,350,80.500000,0.000000,0,0,1231437146,1044,10,1044,10,0,2,2
14,350,80.500000,0.000000,0,0,1231437149,1049,10,1049,10,0,2,2
14,350,80.500000,0.000000,0,0,1231437152,1054,10,1054,10,0,2,2
14,350,80.500000,0.000000,0,0,1231437155,1058,10,1058,10,0,2,2
14,350,80.500000,0.000000,0,0,1231437158,1063,10,1063,10,0,2,2
14,350,80.500000,0.000000,0,0,1231437160,1068,10,1068,10,0,2,2
14,350,80.500000,0.000000,0,0,1231437163,1073,10,1073,10,0,2,2
14,350,80.500000,0.000000,0,0,1231437166,1078,10,1078,10,0,2,2
14,350,80.500000,0.000000,0,0,1231437169,1082,10,1082,10,0,2,2
14,350,80.500000,0.000000,0,0,1231437172,1086,10,1086,10,0,2,2
14,350,80.500000,0.000000,0,0,1231437174,1089,10,1089,10,0,2,2
14,350,80.500000,0.000000,0,0,1231437177,1092,10,1092,10,0,2,2
14,350,80.500000,0.000000,0,0,1231437180,1096,10,1096,10,0,2,2
14,350,80.500000,0.000000,0,0,1231437183,1099,10,1099,10,0,2,2
14,350,80.500000,0.000000,0,0,1231437185,1102,10,1102,10,0,2,2
14,350,80.500000,0.000000,0,0,1231437188,1105,10,1105,10,0,2,2
14,350,80.500000,0.000000,0,0,1231437191,1108,10,1108,10,0,2,2
14,350,80.500000,0.000000,0,0,1231437193,1109,10,1109,10,0,2,2
14,350,80.500000,0.000000,0,0,1231437197,1111,10,1111,10,0,2,2
14,350,80.500000,0.000000,0,0,1231437199,1113,10,1113,10,0,2,2
14,350,80.500000,0.000000,0,0,1231437202,1116,10,1116,10,0,2,2
14,350,80.500000,0.000000,0,0,1231437205,1118,10,1118,10,0,2,2
14,350,80.500000,0.000000,0,0,1231437208,1119,10,1119,10,0,2,2
14,350,80.500000,0.000000,0,0,1231437210,1120,10,1120,10,0,2,2
14,350,80.500000,0.000000,0,0,1231437213,1122,10,1122,10,0,2,2
14,350,80.500000,0.000000,0,0,1231437216,1124,10,1124,10,0,2,2
14,350,80.500000,0.000000,0,0,1231437219,1125,10,1125,10,0,2,2
14,350,80.500000,0.000000,0,0,1231437221,1126,10,1126,10,0,2,2
14,350,80.500000,0.000000,0,0,1231437224,1127,10,1127,10,0,2,2
14,350,80.500000,0.000000,0,0,1231437227,1128,10,1128,10,0,2,2
14,350,80.500000,0.000000,0,0,1231437230,1129,10,1129,10,0,2,2
14,350,80.500000,0.000000,0,0,1231437232,1130,10,1130,10,0,2,2
14,350,80.500000,0.000000,0,0,1231437235,1131,10,1131,10,0,2,2
14,350,80.500000,0.000000,0,0,1231437238,1132,10,1132,10,0,2,2
14,350,80.500000,0.000000,0,0,1231437241,1133,10,1133,10,0,2,2
14,350,80.500000,0.000000,0,0,1231437244,1134,10,1134,10,0,2,2
14,350,80.500000,0.000000,0,0,1231437246,1135,10,1135,10,0,2,2
14,350,80.500000,0.000000,0,0,1231437249,1135,10,1135,10,0,2,2
14,350,80.500000,0.000000,0,0,1231437252,1136,10,1136,10,0,2,2
14,350,80.500000,0.000000,0,0,1231437255,1136,10,1136,10,0,2,2
14,350,80.500000,0.000000,0,0,1231437258,1136,10,1136,10,0,2,2
14,350,80.500000,0.000000,0,0,1231437260,1136,10,1136,10,0,2,2
14,350,80.500000,0.000000,0,0,1231437263,1136,10,1136,10,0,2,2
14,350,80.500000,0.000000,0,0,1231437266,1137,10,1137,10,0,2,2
14,350,80.500000,0.000000,0,0,1231437269,1137,10,1137,10,0,2,2
14,350,80.500000,0.000000,0,0,1231437272,1137,10,1137,10,0,2,2
14,350,80.500000,0.000000,0,0,1231437274,1137,10,1137,10,0,2,2
14,350,80.500000,0.000000,0,0,1231437277,1137,10,1137,10,0,2,2
14,350,80.500000,0.000000,0,0,1231437280,1137,11,1137,11,0,2,2
14,350,80.500000,0.000000,0,0,1231437282,1137,11,1137,11,0,2,2
14,350,80.500000,0.000000,0,0,1231437286,1137,11,1137,11,0,2,2
14,350,80.500000,0.000000,0,0,1231437288,1138,11,1138,11,0,2,2
14,350,80.500000,0.000000,0,0,1231437291,1139,11,1139,11,0,2,2
14,350,80.500000,0.000000,0,0,1231437294,1139,11,1139,11,0,2,2
14,350,80.500000,0.000000,0,0,1231437297,1139,11,1139,11,0,2,2
14,350,80.500000,0.000000,0,0,1231437299,1139,11,1139,11,0,2,2
14,350,80.500000,0.000000,0,0,1231437302,1139,11,1139,11,0,2,2
14,350,80.500000,0.000000,0,0,1231437305,1139,11,1139,11,0,2,2
14,350,80.500000,0.000000,0,0,1231437308,1139,11,1139,11,0,2,2
14,350,80.500000,0.000000,0,0,1231437310,1139,11,1139,11,0,2,2
14,350,80.500000,0.000000,0,0,1231437313,1139,11,1139,11,0,2,2
14,350,80.500000,0.000000,0,0,1231437316,1140,11,1140,11,0,2,2
14,350,80.500000,0.000000,0,0,1231437319,1141,11,1141,11,0,2,2
14,350,80.500000,0.000000,0,0,1231437322,1141,11,1141,11,0,2,2
14,350,80.500000,0.000000,0,0,1231437324,1141,11,1141,11,0,2,2
14,350,80.500000,0.000000,0,0,1231437327,1141,11,1141,11,0,2,2
14,350,80.500000,0.000000,0,0,1231437330,1141,11,1141,11,0,2,2
14,350,80.500000,0.000000,0,0,1231437333,1141,11,1141,11,0,2,2
14,350,80.500000,0.000000,0,0,1231437336,1141,11,1141,11,0,2,2
14,350,80.500000,0.000000,0,0,1231437338,1141,11,1141,11,0,2,2
14,350,80.500000,0.000000,0,0,1231437341,1141,11,1141,11,0,2,2
14,350,80.500000,0.000000,0,0,1231437344,1141,11,1141,11,0,2,2
14,350,80.500000,0.000000,0,0,1231437347,1141,11,1141,11,0,2,2
14,350,80.500000,0.000000,0,0,1231437349,1141,11,1141,11,0,2,2
14,350,80.500000,0.000000,0,0,1231437352,1141,11,1141,11,0,2,2
14,350,80.500000,0.000000,0,0,1231437355,1141,11,1141,11,0,2,2
14,350,80.500000,0.000000,0,0,1231437358,1141,11,1141,11,0,2,2
14,350,80.500000,0.000000,0,0,1231437360,1141,11,1141,11,0,2,2
14,350,80.500000,0.000000,0,0,1231437363,1141,11,1141,11,0,2,2
14,350,80.500000,0.000000,0,0,1231437366,1141,11,1141,11,0,2,2
14,350,80.500000,0.000000,0,0,1231437369,1141,11,1141,11,0,2,2
14,350,80.500000,0.000000,0,0,1231437371,1141,11,1141,11,0,2,2
14,350,80.500000,0.000000,0,0,1231437374,1141,11,1141,11,0,2,2
14,350,80.500000,0.000000,0,0,1231437377,1141,11,1141,11,0,2,2
14,350,80.500000,0.000000,0,0,1231437380,1141,11,1141,11,0,2,2
14,350,80.500000,0.000000,0,0,1231437383,1141,11,1141,11,0,2,2
14,350,80.500000,0.000000,0,0,1231437386,1141,11,1141,11,0,2,2
14,350,80.500000,0.000000,0,0,1231437388,1141,11,1141,11,0,2,2
14,350,80.500000,0.000000,0,0,1231437391,1141,11,1141,11,0,2,2
14,350,80.500000,0.000000,0,0,1231437394,1141,11,1141,11,0,2,2
14,350,80.500000,0.000000,0,0,1231437397,1141,11,1141,11,0,2,2
14,350,80.500000,0.000000,0,0,1231437399,1141,11,1141,11,0,2,2
14,350,80.500000,0.000000,0,0,1231437402,1141,11,1141,11,0,2,2
14,350,80.500000,0.000000,0,0,1231437405,1141,11,1141,11,0,2,2
14,350,80.500000,0.000000,0,0,1231437408,1141,11,1141,11,0,2,2
14,350,80.500000,0.000000,0,0,1231437411,1141,11,1141,11,0,2,2
14,350,80.500000,0.000000,0,0,1231437413,1141,11,1141,11,0,2,2
14,350,80.500000,0.000000,0,0,1231437416,1141,11,1141,11,0,2,2
14,350,80.500000,0.000000,0,0,1231437419,1141,11,1141,11,0,2,2
14,350,80.500000,0.000000,0,0,1231437421,1141,11,1141,11,0,2,2
14,350,80.500000,0.000000,0,0,1231437424,1141,11,1141,11,0,2,2
14,350,80.500000,0.000000,0,0,1231437427,1141,11,1141,11,0,2,2
14,350,80.500000,0.000000,0,0,1231437430,1141,11,1141,11,0,2,2
14,350,80.500000,0.000000,0,0,1231437441,1141,11,1141,11,0,2,2
