14,350,80.500000,0.000000,2,0,1233407278,756,6,756,6,1,49,8
14,350,80.500000,0.000000,2,0,1233407279,756,6,756,6,1,49,8
14,350,80.500000,0.000000,2,0,1233407282,756,6,756,6,1,49,8
14,350,80.500000,0.000000,2,0,1233407285,756,6,756,6,1,49,8
14,350,80.500000,0.000000,2,0,1233407288,756,6,756,6,1,49,8
14,350,80.500000,0.000000,2,0,1233407290,756,6,756,6,1,49,8
14,350,80.500000,0.000000,2,0,1233407293,756,6,756,6,1,49,8
14,350,80.500000,0.000000,2,0,1233407296,756,6,756,6,1,49,8
14,350,80.500000,0.000000,2,0,1233407299,756,6,756,6,1,49,8
14,350,80.500000,0.000000,2,0,1233407301,756,6,756,6,1,49,8
14,350,80.500000,0.000000,2,0,1233407304,756,6,756,6,1,49,8
14,350,80.500000,0.000000,2,0,1233407307,756,6,756,6,1,49,8
14,350,80.500000,0.000000,2,0,1233407310,756,6,756,6,1,49,8
14,350,80.500000,0.000000,2,0,1233407313,756,6,756,6,1,49,8
14,350,80.500000,0.000000,2,0,1233407315,756,6,756,6,1,49,8
14,350,80.500000,0.000000,2,0,1233407318,756,6,756,6,1,49,8
14,350,80.500000,0.000000,2,0,1233407321,756,6,756,6,1,49,8
14,350,80.500000,0.000000,2,0,1233407323,756,6,756,6,1,49,8
14,350,80.500000,0.000000,2,0,1233407327,756,6,756,6,1,49,8
14,350,80.500000,0.000000,2,0,1233407329,756,6,756,6,1,49,8
14,350,80.500000,0.000000,2,0,1233407332,756,6,756,6,1,49,8
14,350,80.500000,0.000000,2,0,1233407335,756,6,756,6,1,49,8
14,350,80.500000,0.000000,2,0,1233407337,756,6,756,6,1,49,8
14,350,80.500000,0.000000,2,0,1233407341,756,6,756,6,1,49,8
14,350,80.500000,0.000000,2,0,1233407343,756,6,756,6,1,49,8
14,350,80.500000,0.000000,2,0,1233407346,756,6,756,6,1,49,8
14,350,80.500000,0.000000,2,0,1233407349,756,6,756,6,1,49,8
14,350,80.500000,0.000000,2,0,1233407352,756,6,756,6,1,49,8
14,350,80.500000,0.000000,2,0,1233407354,756,6,756,6,1,49,8
14,350,80.500000,0.000000,2,0,1233407357,756,7,756,7,1,49,8
14,350,80.500000,0.000000,2,0,1233407360,756,7,756,7,1,49,8
14,350,80.500000,0.000000,2,0,1233407363,756,7,756,7,1,49,8
14,350,80.500000,0.000000,2,0,1233407365,756,7,756,7,1,49,8
14,350,80.500000,0.000000,2,0,1233407368,756,7,756,7,1,49,8
14,350,80.500000,0.000000,2,0,1233407371,756,7,756,7,1,49,8
14,350,80.500000,0.000000,2,0,1233407374,756,7,756,7,1,49,8
14,350,80.500000,0.000000,2,0,1233407377,756,7,756,7,1,49,8
14,350,80.500000,0.000000,2,0,1233407379,756,7,756,7,1,49,8
14,350,80.500000,0.000000,2,0,1233407382,756,7,756,7,1,49,8
14,350,80.500000,0.000000,2,0,1233407385,756,7,756,7,1,49,8
14,350,80.500000,0.000000,2,0,1233407388,756,7,756,7,1,49,8
14,350,80.500000,0.000000,2,0,1233407390,756,7,756,7,1,49,8
14,350,80.500000,0.000000,2,0,1233407393,756,7,756,7,1,49,8
14,350,80.500000,0.000000,2,0,1233407396,756,7,756,7,1,49,8
14,350,80.500000,0.000000,2,0,1233407399,756,7,756,7,1,49,8
14,350,80.500000,0.000000,2,0,1233407402,756,7,756,7,1,49,8
14,350,80.500000,0.000000,2,0,1233407404,756,7,756,7,1,49,8
14,350,80.500000,0.000000,2,0,1233407407,758,8,758,8,1,49,8
14,350,80.500000,0.000000,2,0,1233407410,759,8,759,8,1,49,8
14,350,80.500000,0.000000,2,0,1233407412,760,8,760,8,1,49,8
14,350,80.500000,0.000000,2,0,1233407415,761,8,761,8,1,49,8
14,350,80.500000,0.000000,2,0,1233407418,763,8,763,8,1,49,8
14,350,80.500000,0.000000,2,0,1233407421,764,9,764,9,1,49,8
14,350,80.500000,0.000000,2,0,1233407424,766,9,766,9,1,49,8
14,350,80.500000,0.000000,2,0,1233407426,768,9,768,9,1,49,8
14,350,80.500000,0.000000,2,0,1233407429,769,10,769,10,1,49,8
14,350,80.500000,0.000000,2,0,1233407432,771,11,771,11,1,49,8
14,350,80.500000,0.000000,2,0,1233407435,773,12,773,12,1,49,8
14,350,80.500000,0.000000,2,0,1233407437,777,14,777,14,1,49,8
14,350,80.500000,0.000000,2,0,1233407440,779,16,779,16,1,49,8
14,350,80.500000,0.000000,2,0,1233407443,782,18,782,18,1,49,8
14,350,80.500000,0.000000,2,0,1233407446,784,20,784,20,1,49,8
14,350,80.500000,0.000000,2,0,1233407449,790,24,790,24,1,49,8
14,350,80.500000,0.000000,2,0,1233407452,796,26,796,26,1,49,8
14,350,80.500000,0.000000,2,0,1233407454,803,28,803,28,1,49,8
14,350,80.500000,0.000000,2,0,1233407457,811,28,811,28,1,49,8
14,350,80.500000,0.000000,2,0,1233407460,817,32,817,32,1,49,8
14,350,80.500000,0.000000,2,0,1233407463,824,35,824,35,1,49,8
14,350,80.500000,0.000000,2,0,1233407465,833,37,833,37,1,49,8
14,350,80.500000,0.000000,2,0,1233407468,840,39,840,39,1,49,8
14,350,80.500000,0.000000,2,0,1233407471,847,43,847,43,1,49,8
14,350,80.500000,0.000000,2,0,1233407474,858,46,858,46,1,49,8
14,350,80.500000,0.000000,2,0,1233407476,866,48,866,48,1,49,8
14,350,80.500000,0.000000,2,0,1233407479,875,49,875,49,1,49,8
14,350,80.500000,0.000000,2,0,1233407482,886,52,886,52,1,49,8
14,350,80.500000,0.000000,2,0,1233407485,897,54,897,54,1,49,8
14,350,80.500000,0.000000,2,0,1233407487,908,55,908,55,1,49,8
14,350,80.500000,0.000000,2,0,1233407490,919,59,919,59,1,49,8
14,350,80.500000,0.000000,2,0,1233407493,926,61,926,61,1,49,8
14,350,80.500000,0.000000,2,0,1233407496,937,64,937,64,1,49,8
14,350,80.500000,0.000000,2,0,1233407499,944,67,944,67,1,49,8
14,350,80.500000,0.000000,2,0,1233407502,954,70,954,70,1,49,8
14,350,80.500000,0.000000,2,0,1233407504,965,73,965,73,1,49,8
14,350,80.500000,0.000000,2,0,1233407507,975,75,975,75,1,49,8
14,350,80.500000,0.000000,2,0,1233407510,986,77,986,77,1,49,8
14,350,80.500000,0.000000,2,0,1233407513,998,79,998,79,1,49,8
14,350,80.500000,0.000000,2,0,1233407515,1008,81,1008,81,1,49,8
14,350,80.500000,0.000000,2,0,1233407518,1016,83,1016,83,1,49,8
14,350,80.500000,0.000000,2,0,1233407521,1031,86,1031,86,1,49,8
14,350,80.500000,0.000000,2,0,1233407524,1038,87,1038,87,1,49,8
14,350,80.500000,0.000000,2,0,1233407527,1050,92,1050,92,1,49,8
14,350,80.500000,0.000000,2,0,1233407529,1060,93,1060,93,1,49,8
14,350,80.500000,0.000000,2,0,1233407532,1067,93,1067,93,1,49,8
14,350,80.500000,0.000000,2,0,1233407535,1073,93,1073,93,1,49,8
14,350,80.500000,0.000000,2,0,1233407537,1080,94,1080,94,1,49,8
14,350,80.500000,0.000000,2,0,1233407541,1088,94,1088,94,1,49,8
14,350,80.500000,0.000000,2,0,1233407543,1094,94,1094,94,1,49,8
14,350,80.500000,0.000000,2,0,1233407546,1097,94,1097,94,1,49,8
14,350,80.500000,0.000000,2,0,1233407549,1099,94,1099,94,1,49,8
14,350,80.500000,0.000000,2,0,1233407552,1105,94,1105,94,1,49,8
14,350,80.500000,0.000000,2,0,1233407554,1109,94,1109,94,1,49,8
14,350,80.500000,0.000000,2,0,1233407557,1111,94,1111,94,1,49,8
14,350,80.500000,0.000000,2,0,1233407560,1115,94,1115,94,1,49,8
14,350,80.500000,0.000000,2,0,1233407563,1118,94,1118,94,1,49,8
14,350,80.500000,0.000000,2,0,1233407566,1122,94,1122,94,1,49,8
14,350,80.500000,0.000000,2,0,1233407568,1125,93,1125,93,1,49,8
14,350,80.500000,0.000000,2,0,1233407571,1126,93,1126,93,1,49,8
14,350,80.500000,0.000000,2,0,1233407574,1128,91,1128,91,1,49,8
14,350,80.500000,0.000000,2,0,1233407576,1130,91,1130,91,1,49,8
14,350,80.500000,0.000000,2,0,1233407579,1132,91,1132,91,1,49,8
14,350,80.500000,0.000000,2,0,1233407582,1134,91,1134,91,1,49,8
14,350,80.500000,0.000000,2,0,1233407585,1136,91,1136,91,1,49,8
14,350,80.500000,0.000000,2,0,1233407588,1137,90,1137,90,1,49,8
14,350,80.500000,0.000000,2,0,1233407590,1138,90,1138,90,1,49,8
14,350,80.500000,0.000000,2,0,1233407593,1138,89,1138,89,1,49,8
14,350,80.500000,0.000000,2,0,1233407596,1138,88,1138,88,1,49,8
14,350,80.500000,0.000000,2,0,1233407599,1139,88,1139,88,1,49,8
14,350,80.500000,0.000000,2,0,1233407601,1140,87,1140,87,1,49,8
14,350,80.500000,0.000000,2,0,1233407604,1140,86,1140,86,1,49,8
14,350,80.500000,0.000000,2,0,1233407607,1141,86,1141,86,1,49,8
14,350,80.500000,0.000000,2,0,1233407610,1142,86,1142,86,1,49,8
14,350,80.500000,0.000000,2,0,1233407613,1142,85,1142,85,1,49,8
14,350,80.500000,0.000000,2,0,1233407616,1142,84,1142,84,1,49,8
14,350,80.500000,0.000000,2,0,1233407618,1142,83,1142,83,1,49,8
14,350,80.500000,0.000000,2,0,1233407621,1142,82,1142,82,1,49,8
14,350,80.500000,0.000000,2,0,1233407624,1142,81,1142,81,1,49,8
14,350,80.500000,0.000000,2,0,1233407627,1142,80,1142,80,1,49,8
14,350,80.500000,0.000000,2,0,1233407629,1143,78,1143,78,1,49,8
14,350,80.500000,0.000000,2,0,1233407632,1144,78,1144,78,1,49,8
14,350,80.500000,0.000000,2,0,1233407635,1144,77,1144,77,1,49,8
14,350,80.500000,0.000000,2,0,1233407638,1144,76,1144,76,1,49,8
14,350,80.500000,0.000000,2,0,1233407641,1144,74,1144,74,1,49,8
14,350,80.500000,0.000000,2,0,1233407643,1144,70,1144,70,1,49,8
14,350,80.500000,0.000000,2,0,1233407646,1144,69,1144,69,1,49,8
14,350,80.500000,0.000000,2,0,1233407649,1144,68,1144,68,1,49,8
14,350,80.500000,0.000000,2,0,1233407652,1144,67,1144,67,1,49,8
14,350,80.500000,0.000000,2,0,1233407655,1144,65,1144,65,1,49,8
14,350,80.500000,0.000000,2,0,1233407657,1144,64,1144,64,1,49,8
14,350,80.500000,0.000000,2,0,1233407660,1144,63,1144,63,1,49,8
14,350,80.500000,0.000000,2,0,1233407663,1144,62,1144,62,1,49,8
14,350,80.500000,0.000000,2,0,1233407665,1144,59,1144,59,1,49,8
14,350,80.500000,0.000000,2,0,1233407668,1144,56,1144,56,1,49,8
14,350,80.500000,0.000000,2,0,1233407671,1144,53,1144,53,1,49,8
14,350,80.500000,0.000000,2,0,1233407674,1143,52,1143,52,1,49,8
14,350,80.500000,0.000000,2,0,1233407677,1142,49,1142,49,1,49,8
14,350,80.500000,0.000000,2,0,1233407680,1142,47,1142,47,1,49,8
14,350,80.500000,0.000000,2,0,1233407682,1142,46,1142,46,1,49,8
14,350,80.500000,0.000000,2,0,1233407685,1140,44,1140,44,1,49,8
14,350,80.500000,0.000000,2,0,1233407688,1140,43,1140,43,1,49,8
14,350,80.500000,0.000000,2,0,1233407691,1140,41,1140,41,1,49,8
14,350,80.500000,0.000000,2,0,1233407694,1138,41,1138,41,1,49,8
14,350,80.500000,0.000000,2,0,1233407696,1136,38,1136,38,1,49,8
14,350,80.500000,0.000000,2,0,1233407699,1136,35,1136,35,1,49,8
14,350,80.500000,0.000000,2,0,1233407702,1134,34,1134,34,1,49,8
14,350,80.500000,0.000000,2,0,1233407704,1133,32,1133,32,1,49,8
14,350,80.500000,0.000000,2,0,1233407707,1131,29,1131,29,1,49,8
14,350,80.500000,0.000000,2,0,1233407710,1130,28,1130,28,1,49,8
14,350,80.500000,0.000000,2,0,1233407713,1129,25,1129,25,1,49,8
14,350,80.500000,0.000000,2,0,1233407716,1128,23,1128,23,1,49,8
14,350,80.500000,0.000000,2,0,1233407718,1127,22,1127,22,1,49,8
14,350,80.500000,0.000000,2,0,1233407721,1125,21,1125,21,1,49,8
14,350,80.500000,0.000000,2,0,1233407724,1124,19,1124,19,1,49,8
14,350,80.500000,0.000000,2,0,1233407727,1122,16,1122,16,1,49,8
14,350,80.500000,0.000000,2,0,1233407730,1122,15,1122,15,1,49,8
14,350,80.500000,0.000000,2,0,1233407732,1122,14,1122,14,1,49,8
14,350,80.500000,0.000000,2,0,1233407735,1121,13,1121,13,1,49,8
14,350,80.500000,0.000000,2,0,1233407738,1121,12,1121,12,1,49,8
14,350,80.500000,0.000000,2,0,1233407741,1120,11,1120,11,1,49,8
14,350,80.500000,0.000000,2,0,1233407743,1120,10,1120,10,1,49,8
14,350,80.500000,0.000000,2,0,1233407746,1118,8,1118,8,1,49,8
14,350,80.500000,0.000000,2,0,1233407749,1118,7,1118,7,1,49,8
14,350,80.500000,0.000000,2,0,1233407752,1117,6,1117,6,1,49,8
14,350,80.500000,0.000000,2,0,1233407755,1116,3,1116,3,1,49,8
14,350,80.500000,0.000000,2,0,1233407757,1115,1,1115,1,1,49,8
14,350,80.500000,0.000000,2,0,1233407760,1114,0,1114,0,1,49,8
14,350,80.500000,0.000000,2,0,1233407763,1114,0,1114,-1,1,49,8
14,350,80.500000,0.000000,2,0,1233407766,1112,0,1112,-3,1,49,8
14,350,80.500000,0.000000,2,0,1233407768,1111,0,1111,-4,1,49,8
14,350,80.500000,0.000000,2,0,1233407771,1110,0,1110,-4,1,49,8
14,350,80.500000,0.000000,2,0,1233407774,1110,0,1110,-5,1,49,8
14,350,80.500000,0.000000,2,0,1233407777,1109,0,1109,-10,1,49,8
14,350,80.500000,0.000000,2,0,1233407779,1108,0,1108,-15,1,49,8
14,350,80.500000,0.000000,2,0,1233407782,1107,0,1107,-15,1,49,8
14,350,80.500000,0.000000,2,0,1233407785,1105,0,1105,-16,1,49,8
14,350,80.500000,0.000000,2,0,1233407789,1104,0,1104,-17,1,49,8
14,350,80.500000,0.000000,2,0,1233407792,1103,0,1103,-17,1,49,8
14,350,80.500000,0.000000,2,0,1233407794,1102,0,1102,-19,1,49,8
14,350,80.500000,0.000000,2,0,1233407797,1102,0,1102,-19,1,49,8
14,350,80.500000,0.000000,2,0,1233407801,1102,0,1102,-20,1,49,8
14,350,80.500000,0.000000,2,0,1233407803,1102,0,1102,-20,1,49,8
14,350,80.500000,0.000000,2,0,1233407806,1102,0,1102,-21,1,49,8
14,350,80.500000,0.000000,2,0,1233407809,1102,0,1102,-22,1,49,8
14,350,80.500000,0.000000,2,0,1233407811,1102,0,1102,-22,1,49,8
14,350,80.500000,0.000000,2,0,1233407814,1102,0,1102,-24,1,49,8
14,350,80.500000,0.000000,2,0,1233407817,1102,0,1102,-24,1,49,8
14,350,80.500000,0.000000,2,0,1233407819,1102,0,1102,-24,1,49,8
14,350,80.500000,0.000000,2,0,1233407822,1101,0,1101,-25,1,49,8
14,350,80.500000,0.000000,2,0,1233407824,1100,0,1100,-25,1,49,8
14,350,80.500000,0.000000,2,0,1233407827,1100,0,1100,-27,1,49,8
14,350,80.500000,0.000000,2,0,1233407830,1100,0,1100,-28,1,49,8
14,350,80.500000,0.000000,2,0,1233407833,1100,0,1100,-28,1,49,8
14,350,80.500000,0.000000,2,0,1233407836,1099,0,1099,-28,1,49,8
14,350,80.500000,0.000000,2,0,1233407838,1099,0,1099,-29,1,49,8
14,350,80.500000,0.000000,2,0,1233407841,1099,0,1099,-29,1,49,8
14,350,80.500000,0.000000,2,0,1233407844,1099,0,1099,-30,1,49,8
14,350,80.500000,0.000000,2,0,1233407847,1099,0,1099,-31,1,49,8
14,350,80.500000,0.000000,2,0,1233407849,1099,0,1099,-32,1,49,8
14,350,80.500000,0.000000,2,0,1233407852,1099,0,1099,-33,1,49,8
14,350,80.500000,0.000000,2,0,1233407855,1098,0,1098,-33,1,49,8
14,350,80.500000,0.000000,2,0,1233407857,1097,0,1097,-33,1,49,8
14,350,80.500000,0.000000,2,0,1233407860,1097,0,1097,-34,1,49,8
14,350,80.500000,0.000000,2,0,1233407863,1097,0,1097,-35,1,49,8
14,350,80.500000,0.000000,2,0,1233407866,1097,0,1097,-36,1,49,8
14,350,80.500000,0.000000,2,0,1233407868,1097,0,1097,-36,1,49,8
14,350,80.500000,0.000000,2,0,1233407871,1097,0,1097,-36,1,49,8
14,350,80.500000,0.000000,2,0,1233407874,1097,0,1097,-36,1,49,8
14,350,80.500000,0.000000,2,0,1233407877,1096,0,1095,-38,1,49,8
14,350,80.500000,0.000000,2,0,1233407879,1096,0,1093,-40,1,49,8
14,350,80.500000,0.000000,2,0,1233407882,1096,0,1093,-40,1,49,8
14,350,80.500000,0.000000,2,0,1233407885,1096,0,1093,-40,1,49,8
14,350,80.500000,0.000000,2,0,1233407888,1096,0,1093,-41,1,49,8
14,350,80.500000,0.000000,2,0,1233407891,1096,0,1092,-41,1,49,8
14,350,80.500000,0.000000,2,0,1233407893,1096,0,1091,-41,1,49,8
14,350,80.500000,0.000000,2,0,1233407896,1096,0,1091,-42,1,49,8
14,350,80.500000,0.000000,2,0,1233407899,1096,0,1091,-43,1,49,8
14,350,80.500000,0.000000,2,0,1233407902,1096,0,1091,-43,1,49,8
14,350,80.500000,0.000000,2,0,1233407905,1096,0,1091,-43,1,49,8
14,350,80.500000,0.000000,2,0,1233407908,1096,0,1091,-43,1,49,8
14,350,80.500000,0.000000,2,0,1233407910,1096,0,1091,-43,1,49,8
14,350,80.500000,0.000000,2,0,1233407913,1096,0,1091,-43,1,49,8
14,350,80.500000,0.000000,2,0,1233407916,1096,0,1091,-43,1,49,8
14,350,80.500000,0.000000,2,0,1233407919,1096,0,1091,-43,1,49,8
14,350,80.500000,0.000000,2,0,1233407921,1096,0,1091,-43,1,49,8
14,350,80.500000,0.000000,2,0,1233407924,1096,0,1091,-43,1,49,8
14,350,80.500000,0.000000,2,0,1233407927,1096,0,1091,-43,1,49,8
14,350,80.500000,0.000000,2,0,1233407930,1096,0,1091,-43,1,49,8
14,350,80.500000,0.000000,2,0,1233407932,1096,0,1091,-43,1,49,8
14,350,80.500000,0.000000,2,0,1233407935,1096,0,1091,-43,1,49,8
14,350,80.500000,0.000000,2,0,1233407938,1096,0,1091,-43,1,49,8
14,350,80.500000,0.000000,2,0,1233407951,1096,0,1091,-43,0,49,8
