13,350,80.500000,42.000000,1,0,16659959,782,5,782,5,0,13,9
13,350,80.500000,42.000000,1,0,16659960,782,5,782,5,0,13,9
13,350,80.500000,42.000000,1,0,16659963,782,5,782,5,0,13,9
13,350,80.500000,42.000000,1,0,16659966,782,5,782,5,0,13,9
13,350,80.500000,42.000000,1,0,16659969,782,5,782,5,0,13,9
13,350,80.500000,42.000000,1,0,16659971,782,5,782,5,0,13,9
13,350,80.500000,42.000000,1,0,16659974,782,5,782,5,0,13,9
13,350,80.500000,42.000000,1,0,16659977,782,5,782,5,0,13,9
13,350,80.500000,42.000000,1,0,16659980,782,5,782,5,0,13,9
13,350,80.500000,42.000000,1,0,16659983,782,5,782,5,0,13,9
13,350,80.500000,42.000000,1,0,16659985,782,5,782,5,0,13,9
13,350,80.500000,42.000000,1,0,16659988,782,5,782,5,0,13,9
13,350,80.500000,42.000000,1,0,16659991,782,5,782,5,0,13,9
13,350,80.500000,42.000000,1,0,16659994,782,5,782,5,0,13,9
13,350,80.500000,42.000000,1,0,16659997,782,5,782,5,0,13,9
13,350,80.500000,42.000000,1,0,16659999,782,5,782,5,0,13,9
13,350,80.500000,42.000000,1,0,16660002,782,5,782,5,0,13,9
13,350,80.500000,42.000000,1,0,16660005,782,5,782,5,0,13,9
13,350,80.500000,42.000000,1,0,16660007,782,5,782,5,0,13,9
13,350,80.500000,42.000000,1,0,16660010,782,5,782,5,0,13,9
13,350,80.500000,42.000000,1,0,16660013,782,5,782,5,0,13,9
13,350,80.500000,42.000000,1,0,16660016,782,5,782,5,0,13,9
13,350,80.500000,42.000000,1,0,16660019,782,5,782,5,0,13,9
13,350,80.500000,42.000000,1,0,16660022,782,5,782,5,0,13,9
13,350,80.500000,42.000000,1,0,16660025,782,5,782,5,0,13,9
13,350,80.500000,42.000000,1,0,16660027,782,5,782,5,0,13,9
13,350,80.500000,42.000000,1,0,16660030,782,5,782,5,0,13,9
13,350,80.500000,42.000000,1,0,16660033,782,5,782,5,0,13,9
13,350,80.500000,42.000000,1,0,16660035,782,5,782,5,0,13,9
13,350,80.500000,42.000000,1,0,16660038,782,5,782,5,0,13,9
13,350,80.500000,42.000000,1,0,16660041,782,5,782,5,0,13,9
13,350,80.500000,42.000000,1,0,16660044,782,5,782,5,0,13,9
13,350,80.500000,42.000000,1,0,16660047,783,5,783,5,0,13,9
13,350,80.500000,42.000000,1,0,16660049,784,5,784,5,0,13,9
13,350,80.500000,42.000000,1,0,16660052,785,5,785,5,0,13,9
13,350,80.500000,42.000000,1,0,16660055,786,5,786,5,0,13,9
13,350,80.500000,42.000000,1,0,16660058,786,5,786,5,0,13,9
13,350,80.500000,42.000000,1,0,16660060,786,5,786,5,0,13,9
13,350,80.500000,42.000000,1,0,16660064,786,5,786,5,0,13,9
13,350,80.500000,42.000000,1,0,16660067,787,5,787,5,0,13,9
13,350,80.500000,42.000000,1,0,16660069,788,5,788,5,0,13,9
13,350,80.500000,42.000000,1,0,16660072,789,5,789,5,0,13,9
13,350,80.500000,42.000000,1,0,16660075,789,6,789,6,0,13,9
13,350,80.500000,42.000000,1,0,16660078,790,6,790,6,0,13,9
13,350,80.500000,42.000000,1,0,16660081,791,6,791,6,0,13,9
13,350,80.500000,42.000000,1,0,16660083,791,8,791,8,0,13,9
13,350,80.500000,42.000000,1,0,16660086,791,8,791,8,0,13,9
13,350,80.500000,42.000000,1,0,16660088,793,8,793,8,0,13,9
13,350,80.500000,42.000000,1,0,16660091,794,8,794,8,0,13,9
13,350,80.500000,42.000000,1,0,16660094,792,10,792,10,0,13,9
13,350,80.500000,42.000000,1,0,16660096,795,12,795,12,0,13,9
13,350,80.500000,42.000000,1,0,16660099,797,13,797,13,0,13,9
13,350,80.500000,42.000000,1,0,16660102,800,14,800,14,0,13,9
13,350,80.500000,42.000000,1,0,16660105,802,15,802,15,0,13,9
13,350,80.500000,42.000000,1,0,16660108,806,16,806,16,0,13,9
13,350,80.500000,42.000000,1,0,16660110,811,17,811,17,0,13,9
13,350,80.500000,42.000000,1,0,16660113,814,18,814,18,0,13,9
13,350,80.500000,42.000000,1,0,16660116,819,19,819,19,0,13,9
13,350,80.500000,42.000000,1,0,16660119,822,20,822,20,0,13,9
13,350,80.500000,42.000000,1,0,16660121,826,22,826,22,0,13,9
13,350,80.500000,42.000000,1,0,16660124,831,23,831,23,0,13,9
13,350,80.500000,42.000000,1,0,16660127,834,23,834,23,0,13,9
13,350,80.500000,42.000000,1,0,16660130,843,24,843,24,0,13,9
13,350,80.500000,42.000000,1,0,16660133,847,25,847,25,0,13,9
13,350,80.500000,42.000000,1,0,16660136,850,26,850,26,0,13,9
13,350,80.500000,42.000000,1,0,16660138,855,27,855,27,0,13,9
13,350,80.500000,42.000000,1,0,16660141,858,28,858,28,0,13,9
13,350,80.500000,42.000000,1,0,16660144,862,29,862,29,0,13,9
13,350,80.500000,42.000000,1,0,16660147,864,29,864,29,0,13,9
13,350,80.500000,42.000000,1,0,16660150,871,31,871,31,0,13,9
13,350,80.500000,42.000000,1,0,16660153,873,32,873,32,0,13,9
13,350,80.500000,42.000000,1,0,16660155,876,32,876,32,0,13,9
13,350,80.500000,42.000000,1,0,16660158,879,34,879,34,0,13,9
13,350,80.500000,42.000000,1,0,16660161,881,35,881,35,0,13,9
13,350,80.500000,42.000000,1,0,16660164,882,36,882,36,0,13,9
13,350,80.500000,42.000000,1,0,16660166,884,37,884,37,0,13,9
13,350,80.500000,42.000000,1,0,16660169,885,38,885,38,0,13,9
13,350,80.500000,42.000000,1,0,16660172,888,40,888,40,0,13,9
13,350,80.500000,42.000000,1,0,16660175,888,41,888,41,0,13,9
13,350,80.500000,42.000000,1,0,16660177,889,41,889,41,0,13,9
13,350,80.500000,42.000000,1,0,16660180,890,41,890,41,0,13,9
13,350,80.500000,42.000000,1,0,16660183,891,41,891,41,0,13,9
13,350,80.500000,42.000000,1,0,16660186,893,42,893,42,0,13,9
13,350,80.500000,42.000000,1,0,16660188,895,43,895,43,0,13,9
13,350,80.500000,42.000000,1,0,16660191,895,44,895,44,0,13,9
13,350,80.500000,42.000000,1,0,16660194,896,46,896,46,0,13,9
13,350,80.500000,42.000000,1,0,16660197,898,47,898,47,0,13,9
13,350,80.500000,42.000000,1,0,16660199,900,48,900,48,0,13,9
13,350,80.500000,42.000000,1,0,16660202,903,48,903,48,0,13,9
13,350,80.500000,42.000000,1,0,16660205,903,50,903,50,0,13,9
13,350,80.500000,42.000000,1,0,16660208,907,50,907,50,0,13,9
13,350,80.500000,42.000000,1,0,16660210,909,52,909,52,0,13,9
13,350,80.500000,42.000000,1,0,16660213,911,52,911,52,0,13,9
13,350,80.500000,42.000000,1,0,16660216,915,53,915,53,0,13,9
13,350,80.500000,42.000000,1,0,16660219,917,53,917,53,0,13,9
13,350,80.500000,42.000000,1,0,16660221,920,53,920,53,0,13,9
13,350,80.500000,42.000000,1,0,16660224,924,53,924,53,0,13,9
13,350,80.500000,42.000000,1,0,16660227,927,53,927,53,0,13,9
13,350,80.500000,42.000000,1,0,16660230,931,53,931,53,0,13,9
13,350,80.500000,42.000000,1,0,16660233,935,53,935,53,0,13,9
13,350,80.500000,42.000000,1,0,16660235,938,53,938,53,0,13,9
13,350,80.500000,42.000000,1,0,16660238,942,53,942,53,0,13,9
13,350,80.500000,42.000000,1,0,16660241,946,53,946,53,0,13,9
13,350,80.500000,42.000000,1,0,16660244,951,53,951,53,0,13,9
13,350,80.500000,42.000000,1,0,16660247,954,53,954,53,0,13,9
13,350,80.500000,42.000000,1,0,16660249,957,53,957,53,0,13,9
13,350,80.500000,42.000000,1,0,16660252,959,53,959,53,0,13,9
13,350,80.500000,42.000000,1,0,16660255,964,53,964,53,0,13,9
13,350,80.500000,42.000000,1,0,16660258,967,53,967,53,0,13,9
13,350,80.500000,42.000000,1,0,16660261,971,52,971,52,0,13,9
13,350,80.500000,42.000000,1,0,16660263,973,52,973,52,0,13,9
13,350,80.500000,42.000000,1,0,16660266,977,51,977,51,0,13,9
13,350,80.500000,42.000000,1,0,16660269,981,51,981,51,0,13,9
13,350,80.500000,42.000000,1,0,16660272,984,51,984,51,0,13,9
13,350,80.500000,42.000000,1,0,16660275,988,51,988,51,0,13,9
13,350,80.500000,42.000000,1,0,16660277,991,51,991,51,0,13,9
13,350,80.500000,42.000000,1,0,16660280,995,51,995,51,0,13,9
13,350,80.500000,42.000000,1,0,16660283,998,51,998,51,0,13,9
13,350,80.500000,42.000000,1,0,16660286,1000,51,1000,51,0,13,9
13,350,80.500000,42.000000,1,0,16660289,1002,50,1002,50,0,13,9
13,350,80.500000,42.000000,1,0,16660291,1005,50,1005,50,0,13,9
13,350,80.500000,42.000000,1,0,16660294,1008,49,1008,49,0,13,9
13,350,80.500000,42.000000,1,0,16660297,1011,49,1011,49,0,13,9
13,350,80.500000,42.000000,1,0,16660299,1015,49,1015,49,0,13,9
13,350,80.500000,42.000000,1,0,16660302,1019,47,1019,47,0,13,9
13,350,80.500000,42.000000,1,0,16660305,1021,47,1021,47,0,13,9
13,350,80.500000,42.000000,1,0,16660308,1025,47,1025,47,0,13,9
13,350,80.500000,42.000000,1,0,16660311,1028,47,1028,47,0,13,9
13,350,80.500000,42.000000,1,0,16660313,1031,46,1031,46,0,13,9
13,350,80.500000,42.000000,1,0,16660316,1034,45,1034,45,0,13,9
13,350,80.500000,42.000000,1,0,16660319,1038,45,1038,45,0,13,9
13,350,80.500000,42.000000,1,0,16660322,1042,43,1042,43,0,13,9
13,350,80.500000,42.000000,1,0,16660324,1045,43,1045,43,0,13,9
13,350,80.500000,42.000000,1,0,16660327,1048,42,1048,42,0,13,9
13,350,80.500000,42.000000,1,0,16660330,1051,41,1051,41,0,13,9
13,350,80.500000,42.000000,1,0,16660333,1055,40,1055,40,0,13,9
13,350,80.500000,42.000000,1,0,16660336,1058,39,1058,39,0,13,9
13,350,80.500000,42.000000,1,0,16660338,1062,39,1062,39,0,13,9
13,350,80.500000,42.000000,1,0,16660341,1063,39,1063,39,0,13,9
13,350,80.500000,42.000000,1,0,16660344,1067,38,1067,38,0,13,9
13,350,80.500000,42.000000,1,0,16660347,1067,37,1067,37,0,13,9
13,350,80.500000,42.000000,1,0,16660350,1071,37,1071,37,0,13,9
13,350,80.500000,42.000000,1,0,16660352,1072,36,1072,36,0,13,9
13,350,80.500000,42.000000,1,0,16660355,1074,35,1074,35,0,13,9
13,350,80.500000,42.000000,1,0,16660358,1076,34,1076,34,0,13,9
13,350,80.500000,42.000000,1,0,16660361,1079,33,1079,33,0,13,9
13,350,80.500000,42.000000,1,0,16660364,1081,33,1081,33,0,13,9
13,350,80.500000,42.000000,1,0,16660366,1085,31,1085,31,0,13,9
13,350,80.500000,42.000000,1,0,16660369,1086,30,1086,30,0,13,9
13,350,80.500000,42.000000,1,0,16660372,1087,29,1087,29,0,13,9
13,350,80.500000,42.000000,1,0,16660374,1088,28,1088,28,0,13,9
13,350,80.500000,42.000000,1,0,16660377,1089,27,1089,27,0,13,9
13,350,80.500000,42.000000,1,0,16660380,1091,25,1091,25,0,13,9
13,350,80.500000,42.000000,1,0,16660383,1091,25,1091,25,0,13,9
13,350,80.500000,42.000000,1,0,16660386,1092,24,1092,24,0,13,9
13,350,80.500000,42.000000,1,0,16660388,1093,23,1093,23,0,13,9
13,350,80.500000,42.000000,1,0,16660391,1094,22,1094,22,0,13,9
13,350,80.500000,42.000000,1,0,16660394,1094,22,1094,22,0,13,9
13,350,80.500000,42.000000,1,0,16660397,1095,22,1095,22,0,13,9
13,350,80.500000,42.000000,1,0,16660400,1096,21,1096,21,0,13,9
13,350,80.500000,42.000000,1,0,16660402,1097,21,1097,21,0,13,9
13,350,80.500000,42.000000,1,0,16660405,1098,20,1098,20,0,13,9
13,350,80.500000,42.000000,1,0,16660408,1099,19,1099,19,0,13,9
13,350,80.500000,42.000000,1,0,16660411,1101,18,1101,18,0,13,9
13,350,80.500000,42.000000,1,0,16660413,1103,18,1103,18,0,13,9
13,350,80.500000,42.000000,1,0,16660416,1106,17,1106,17,0,13,9
13,350,80.500000,42.000000,1,0,16660419,1107,17,1107,17,0,13,9
13,350,80.500000,42.000000,1,0,16660422,1109,17,1109,17,0,13,9
13,350,80.500000,42.000000,1,0,16660424,1111,16,1111,16,0,13,9
13,350,80.500000,42.000000,1,0,16660427,1113,16,1113,16,0,13,9
13,350,80.500000,42.000000,1,0,16660430,1115,16,1115,16,0,13,9
13,350,80.500000,42.000000,1,0,16660433,1117,13,1117,13,0,13,9
13,350,80.500000,42.000000,1,0,16660436,1118,13,1118,13,0,13,9
13,350,80.500000,42.000000,1,0,16660438,1120,12,1120,12,0,13,9
13,350,80.500000,42.000000,1,0,16660441,1121,12,1121,12,0,13,9
13,350,80.500000,42.000000,1,0,16660444,1122,12,1122,12,0,13,9
13,350,80.500000,42.000000,1,0,16660447,1124,12,1124,12,0,13,9
13,350,80.500000,42.000000,1,0,16660450,1125,11,1125,11,0,13,9
13,350,80.500000,42.000000,1,0,16660452,1126,10,1126,10,0,13,9
13,350,80.500000,42.000000,1,0,16660455,1127,9,1127,9,0,13,9
13,350,80.500000,42.000000,1,0,16660458,1128,7,1128,7,0,13,9
13,350,80.500000,42.000000,1,0,16660461,1129,5,1129,5,0,13,9
13,350,80.500000,42.000000,1,0,16660463,1131,5,1131,5,0,13,9
13,350,80.500000,42.000000,1,0,16660466,1131,4,1131,4,0,13,9
13,350,80.500000,42.000000,1,0,16660469,1132,4,1132,4,0,13,9
13,350,80.500000,42.000000,1,0,16660472,1133,4,1133,4,0,13,9
13,350,80.500000,42.000000,1,0,16660475,1133,3,1133,3,0,13,9
13,350,80.500000,42.000000,1,0,16660477,1133,2,1133,2,0,13,9
13,350,80.500000,42.000000,1,0,16660481,1133,1,1133,1,0,13,9
13,350,80.500000,42.000000,1,0,16660484,1133,0,1133,0,0,13,9
13,350,80.500000,42.000000,1,0,16660486,1133,0,1133,0,0,13,9
13,350,80.500000,42.000000,1,0,16660490,1133,0,1133,0,0,13,9
13,350,80.500000,42.000000,1,0,16660492,1134,0,1134,0,0,13,9
13,350,80.500000,42.000000,1,0,16660495,1134,0,1134,-1,0,13,9
13,350,80.500000,42.000000,1,0,16660498,1135,0,1135,-1,0,13,9
13,350,80.500000,42.000000,1,0,16660501,1135,0,1135,-1,0,13,9
13,350,80.500000,42.000000,1,0,16660503,1135,0,1135,-1,0,13,9
13,350,80.500000,42.000000,1,0,16660506,1135,0,1135,-1,0,13,9
13,350,80.500000,42.000000,1,0,16660509,1135,0,1135,-2,0,13,9
13,350,80.500000,42.000000,1,0,16660512,1135,0,1135,-2,0,13,9
13,350,80.500000,42.000000,1,0,16660515,1135,0,1135,-3,0,13,9
13,350,80.500000,42.000000,1,0,16660517,1135,0,1135,-3,0,13,9
13,350,80.500000,42.000000,1,0,16660520,1135,0,1135,-3,0,13,9
13,350,80.500000,42.000000,1,0,16660523,1135,0,1135,-3,0,13,9
13,350,80.500000,42.000000,1,0,16660525,1136,0,1136,-3,0,13,9
13,350,80.500000,42.000000,1,0,16660528,1136,0,1136,-3,0,13,9
13,350,80.500000,42.000000,1,0,16660531,1136,0,1136,-3,0,13,9
13,350,80.500000,42.000000,1,0,16660534,1136,0,1136,-3,0,13,9
13,350,80.500000,42.000000,1,0,16660536,1136,0,1136,-3,0,13,9
13,350,80.500000,42.000000,1,0,16660539,1136,0,1136,-3,0,13,9
13,350,80.500000,42.000000,1,0,16660542,1136,0,1136,-4,0,13,9
13,350,80.500000,42.000000,1,0,16660544,1136,0,1136,-5,0,13,9
13,350,80.500000,42.000000,1,0,16660547,1136,0,1136,-5,0,13,9
13,350,80.500000,42.000000,1,0,16660550,1136,0,1136,-5,0,13,9
13,350,80.500000,42.000000,1,0,16660561,1136,0,1136,-5,0,13,9
