13,350,80.500000,0.000000,0,0,17180799,791,0,791,0,0,29,8
13,350,80.500000,0.000000,0,0,17180800,791,0,791,0,0,29,8
13,350,80.500000,0.000000,0,0,17180803,791,0,791,0,0,29,8
13,350,80.500000,0.000000,0,0,17180806,791,0,791,0,0,29,8
13,350,80.500000,0.000000,0,0,17180808,791,0,791,0,0,29,8
13,350,80.500000,0.000000,0,0,17180812,791,0,791,0,0,29,8
13,350,80.500000,0.000000,0,0,17180814,791,0,791,0,0,29,8
13,350,80.500000,0.000000,0,0,17180817,791,0,791,0,0,29,8
13,350,80.500000,0.000000,0,0,17180819,791,0,791,0,0,29,8
13,350,80.500000,0.000000,0,0,17180822,791,0,791,0,0,29,8
13,350,80.500000,0.000000,0,0,17180825,791,0,791,0,0,29,8
13,350,80.500000,0.000000,0,0,17180828,791,0,791,0,0,29,8
13,350,80.500000,0.000000,0,0,17180831,791,0,791,0,0,29,8
13,350,80.500000,0.000000,0,0,17180833,791,0,791,0,0,29,8
13,350,80.500000,0.000000,0,0,17180836,791,0,791,0,0,29,8
13,350,80.500000,0.000000,0,0,17180839,791,0,791,0,0,29,8
13,350,80.500000,0.000000,0,0,17180842,791,0,791,0,0,29,8
13,350,80.500000,0.000000,0,0,17180845,791,0,791,0,0,29,8
13,350,80.500000,0.000000,0,0,17180847,791,0,791,0,0,29,8
13,350,80.500000,0.000000,0,0,17180850,791,0,791,0,0,29,8
13,350,80.500000,0.000000,0,0,17180853,791,0,791,0,0,29,8
13,350,80.500000,0.000000,0,0,17180856,791,0,791,0,0,29,8
13,350,80.500000,0.000000,0,0,17180859,791,0,791,0,0,29,8
13,350,80.500000,0.000000,0,0,17180862,791,0,791,0,0,29,8
13,350,80.500000,0.000000,0,0,17180864,791,0,791,0,0,29,8
13,350,80.500000,0.000000,0,0,17180867,791,0,791,0,0,29,8
13,350,80.500000,0.000000,0,0,17180870,791,0,791,0,0,29,8
13,350,80.500000,0.000000,0,0,17180873,791,0,791,0,0,29,8
13,350,80.500000,0.000000,0,0,17180875,791,0,791,0,0,29,8
13,350,80.500000,0.000000,0,0,17180878,791,0,791,0,0,29,8
13,350,80.500000,0.000000,0,0,17180881,792,0,792,0,0,29,8
13,350,80.500000,0.000000,0,0,17180883,793,0,793,0,0,29,8
13,350,80.500000,0.000000,0,0,17180886,795,0,795,0,0,29,8
13,350,80.500000,0.000000,0,0,17180889,797,0,797,0,0,29,8
13,350,80.500000,0.000000,0,0,17180892,799,0,799,0,0,29,8
13,350,80.500000,0.000000,0,0,17180895,801,0,801,0,0,29,8
13,350,80.500000,0.000000,0,0,17180898,803,0,803,0,0,29,8
13,350,80.500000,0.000000,0,0,17180901,805,0,805,0,0,29,8
13,350,80.500000,0.000000,0,0,17180903,806,0,806,0,0,29,8
13,350,80.500000,0.000000,0,0,17180906,808,0,808,0,0,29,8
13,350,80.500000,0.000000,0,0,17180909,809,0,809,0,0,29,8
13,350,80.500000,0.000000,0,0,17180911,811,0,811,0,0,29,8
13,350,80.500000,0.000000,0,0,17180914,813,0,813,0,0,29,8
13,350,80.500000,0.000000,0,0,17180917,815,0,815,0,0,29,8
13,350,80.500000,0.000000,0,0,17180920,819,0,819,0,0,29,8
13,350,80.500000,0.000000,0,0,17180922,822,0,822,0,0,29,8
13,350,80.500000,0.000000,0,0,17180925,826,0,826,0,0,29,8
13,350,80.500000,0.000000,0,0,17180928,830,0,830,0,0,29,8
13,350,80.500000,0.000000,0,0,17180931,837,0,837,0,0,29,8
13,350,80.500000,0.000000,0,0,17180934,843,0,843,-1,0,29,8
13,350,80.500000,0.000000,0,0,17180936,847,0,847,-2,0,29,8
13,350,80.500000,0.000000,0,0,17180939,855,0,855,-2,0,29,8
13,350,80.500000,0.000000,0,0,17180942,862,0,862,-3,0,29,8
13,350,80.500000,0.000000,0,0,17180945,869,0,869,-3,0,29,8
13,350,80.500000,0.000000,0,0,17180947,875,0,875,-3,0,29,8
13,350,80.500000,0.000000,0,0,17180950,882,0,882,-3,0,29,8
13,350,80.500000,0.000000,0,0,17180953,890,0,890,-3,0,29,8
13,350,80.500000,0.000000,0,0,17180956,897,0,897,-3,0,29,8
13,350,80.500000,0.000000,0,0,17180959,904,0,904,-3,0,29,8
13,350,80.500000,0.000000,0,0,17180961,911,0,911,-4,0,29,8
13,350,80.500000,0.000000,0,0,17180964,920,0,920,-4,0,29,8
13,350,80.500000,0.000000,0,0,17180967,928,0,928,-4,0,29,8
13,350,80.500000,0.000000,0,0,17180970,937,0,937,-5,0,29,8
13,350,80.500000,0.000000,0,0,17180972,945,0,945,-6,0,29,8
13,350,80.500000,0.000000,0,0,17180975,953,0,953,-7,0,29,8
13,350,80.500000,0.000000,0,0,17180978,961,0,961,-9,0,29,8
13,350,80.500000,0.000000,0,0,17180981,972,0,972,-10,0,29,8
13,350,80.500000,0.000000,0,0,17180984,976,0,976,-11,0,29,8
13,350,80.500000,0.000000,0,0,17180986,985,0,985,-11,0,29,8
13,350,80.500000,0.000000,0,0,17180989,992,0,992,-12,0,29,8
13,350,80.500000,0.000000,0,0,17180992,998,0,998,-13,0,29,8
13,350,80.500000,0.000000,0,0,17180995,1005,0,1005,-14,0,29,8
13,350,80.500000,0.000000,0,0,17180997,1011,0,1011,-17,0,29,8
13,350,80.500000,0.000000,0,0,17181000,1015,0,1015,-18,0,29,8
13,350,80.500000,0.000000,0,0,17181003,1019,0,1019,-18,0,29,8
13,350,80.500000,0.000000,0,0,17181006,1022,0,1022,-18,0,29,8
13,350,80.500000,0.000000,0,0,17181009,1027,0,1027,-19,0,29,8
13,350,80.500000,0.000000,0,0,17181011,1031,0,1031,-19,0,29,8
13,350,80.500000,0.000000,0,0,17181014,1033,0,1033,-19,0,29,8
13,350,80.500000,0.000000,0,0,17181017,1037,0,1037,-19,0,29,8
13,350,80.500000,0.000000,0,0,17181020,1039,0,1039,-21,0,29,8
13,350,80.500000,0.000000,0,0,17181023,1042,0,1042,-21,0,29,8
13,350,80.500000,0.000000,0,0,17181025,1046,0,1046,-22,0,29,8
13,350,80.500000,0.000000,0,0,17181028,1048,0,1048,-22,0,29,8
13,350,80.500000,0.000000,0,0,17181031,1052,0,1052,-23,0,29,8
13,350,80.500000,0.000000,0,0,17181034,1055,0,1055,-24,0,29,8
13,350,80.500000,0.000000,0,0,17181036,1057,0,1057,-24,0,29,8
13,350,80.500000,0.000000,0,0,17181039,1058,0,1058,-24,0,29,8
13,350,80.500000,0.000000,0,0,17181042,1062,0,1062,-24,0,29,8
13,350,80.500000,0.000000,0,0,17181045,1064,0,1064,-24,0,29,8
13,350,80.500000,0.000000,0,0,17181048,1066,0,1066,-25,0,29,8
13,350,80.500000,0.000000,0,0,17181050,1068,0,1068,-25,0,29,8
13,350,80.500000,0.000000,0,0,17181053,1070,0,1070,-26,0,29,8
13,350,80.500000,0.000000,0,0,17181056,1072,0,1072,-27,0,29,8
13,350,80.500000,0.000000,0,0,17181059,1075,0,1075,-27,0,29,8
13,350,80.500000,0.000000,0,0,17181062,1076,0,1076,-27,0,29,8
13,350,80.500000,0.000000,0,0,17181064,1077,0,1077,-27,0,29,8
13,350,80.500000,0.000000,0,0,17181067,1079,0,1079,-27,0,29,8
13,350,80.500000,0.000000,0,0,17181070,1081,0,1081,-27,0,29,8
13,350,80.500000,0.000000,0,0,17181073,1082,0,1082,-27,0,29,8
13,350,80.500000,0.000000,0,0,17181075,1083,0,1083,-27,0,29,8
13,350,80.500000,0.000000,0,0,17181078,1084,0,1084,-27,0,29,8
13,350,80.500000,0.000000,0,0,17181081,1085,0,1085,-27,0,29,8
13,350,80.500000,0.000000,0,0,17181084,1086,0,1086,-27,0,29,8
13,350,80.500000,0.000000,0,0,17181087,1087,0,1087,-28,0,29,8
13,350,80.500000,0.000000,0,0,17181090,1088,0,1088,-29,0,29,8
13,350,80.500000,0.000000,0,0,17181092,1089,0,1089,-29,0,29,8
13,350,80.500000,0.000000,0,0,17181095,1090,0,1090,-29,0,29,8
13,350,80.500000,0.000000,0,0,17181098,1090,0,1090,-29,0,29,8
13,350,80.500000,0.000000,0,0,17181100,1092,0,1092,-30,0,29,8
13,350,80.500000,0.000000,0,0,17181103,1094,0,1094,-31,0,29,8
13,350,80.500000,0.000000,0,0,17181106,1095,0,1095,-31,0,29,8
13,350,80.500000,0.000000,0,0,17181109,1096,0,1096,-31,0,29,8
13,350,80.500000,0.000000,0,0,17181111,1097,0,1097,-31,0,29,8
13,350,80.500000,0.000000,0,0,17181114,1098,0,1098,-31,0,29,8
13,350,80.500000,0.000000,0,0,17181117,1099,0,1099,-31,0,29,8
13,350,80.500000,0.000000,0,0,17181120,1101,0,1101,-31,0,29,8
13,350,80.500000,0.000000,0,0,17181123,1102,0,1102,-31,0,29,8
13,350,80.500000,0.000000,0,0,17181125,1104,0,1104,-31,0,29,8
13,350,80.500000,0.000000,0,0,17181128,1104,0,1104,-33,0,29,8
13,350,80.500000,0.000000,0,0,17181131,1105,0,1105,-33,0,29,8
13,350,80.500000,0.000000,0,0,17181134,1106,0,1106,-33,0,29,8
13,350,80.500000,0.000000,0,0,17181137,1107,0,1107,-33,0,29,8
13,350,80.500000,0.000000,0,0,17181139,1108,0,1108,-34,0,29,8
13,350,80.500000,0.000000,0,0,17181142,1109,0,1109,-35,0,29,8
13,350,80.500000,0.000000,0,0,17181145,1110,0,1110,-35,0,29,8
13,350,80.500000,0.000000,0,0,17181148,1112,0,1112,-35,0,29,8
13,350,80.500000,0.000000,0,0,17181151,1112,0,1112,-35,0,29,8
13,350,80.500000,0.000000,0,0,17181153,1113,0,1113,-35,0,29,8
13,350,80.500000,0.000000,0,0,17181156,1114,0,1114,-35,0,29,8
13,350,80.500000,0.000000,0,0,17181159,1115,0,1115,-35,0,29,8
13,350,80.500000,0.000000,0,0,17181161,1116,0,1116,-36,0,29,8
13,350,80.500000,0.000000,0,0,17181164,1116,0,1116,-36,0,29,8
13,350,80.500000,0.000000,0,0,17181167,1116,0,1116,-36,0,29,8
13,350,80.500000,0.000000,0,0,17181170,1117,0,1117,-36,0,29,8
13,350,80.500000,0.000000,0,0,17181173,1118,0,1118,-36,0,29,8
13,350,80.500000,0.000000,0,0,17181175,1118,0,1118,-36,0,29,8
13,350,80.500000,0.000000,0,0,17181178,1118,0,1118,-36,0,29,8
13,350,80.500000,0.000000,0,0,17181181,1118,0,1118,-36,0,29,8
13,350,80.500000,0.000000,0,0,17181184,1118,0,1118,-36,0,29,8
13,350,80.500000,0.000000,0,0,17181187,1118,0,1118,-37,0,29,8
13,350,80.500000,0.000000,0,0,17181189,1118,0,1118,-38,0,29,8
13,350,80.500000,0.000000,0,0,17181192,1118,0,1118,-38,0,29,8
13,350,80.500000,0.000000,0,0,17181195,1118,0,1118,-38,0,29,8
13,350,80.500000,0.000000,0,0,17181198,1118,0,1118,-38,0,29,8
13,350,80.500000,0.000000,0,0,17181201,1118,0,1118,-38,0,29,8
13,350,80.500000,0.000000,0,0,17181203,1118,0,1118,-38,0,29,8
13,350,80.500000,0.000000,0,0,17181206,1118,0,1118,-38,0,29,8
13,350,80.500000,0.000000,0,0,17181209,1118,0,1118,-38,0,29,8
13,350,80.500000,0.000000,0,0,17181212,1118,0,1118,-38,0,29,8
13,350,80.500000,0.000000,0,0,17181215,1118,0,1118,-38,0,29,8
13,350,80.500000,0.000000,0,0,17181218,1118,0,1118,-38,0,29,8
13,350,80.500000,0.000000,0,0,17181221,1118,0,1118,-38,0,29,8
13,350,80.500000,0.000000,0,0,17181223,1118,0,1118,-38,0,29,8
13,350,80.500000,0.000000,0,0,17181226,1118,0,1118,-38,0,29,8
13,350,80.500000,0.000000,0,0,17181228,1119,0,1119,-38,0,29,8
13,350,80.500000,0.000000,0,0,17181231,1120,0,1120,-38,0,29,8
13,350,80.500000,0.000000,0,0,17181234,1121,0,1121,-38,0,29,8
13,350,80.500000,0.000000,0,0,17181236,1122,0,1122,-38,0,29,8
13,350,80.500000,0.000000,0,0,17181239,1122,0,1122,-39,0,29,8
13,350,80.500000,0.000000,0,0,17181242,1123,0,1123,-39,0,29,8
13,350,80.500000,0.000000,0,0,17181245,1124,0,1124,-39,0,29,8
13,350,80.500000,0.000000,0,0,17181248,1125,0,1125,-39,0,29,8
13,350,80.500000,0.000000,0,0,17181250,1126,0,1126,-39,0,29,8
13,350,80.500000,0.000000,0,0,17181253,1126,0,1126,-39,0,29,8
13,350,80.500000,0.000000,0,0,17181256,1127,0,1127,-39,0,29,8
13,350,80.500000,0.000000,0,0,17181259,1128,0,1128,-39,0,29,8
13,350,80.500000,0.000000,0,0,17181262,1128,0,1128,-39,0,29,8
13,350,80.500000,0.000000,0,0,17181264,1128,0,1128,-39,0,29,8
13,350,80.500000,0.000000,0,0,17181267,1129,0,1129,-39,0,29,8
13,350,80.500000,0.000000,0,0,17181270,1130,0,1130,-39,0,29,8
13,350,80.500000,0.000000,0,0,17181273,1130,0,1130,-39,0,29,8
13,350,80.500000,0.000000,0,0,17181276,1130,0,1130,-39,0,29,8
13,350,80.500000,0.000000,0,0,17181278,1130,0,1130,-39,0,29,8
13,350,80.500000,0.000000,0,0,17181281,1130,0,1130,-39,0,29,8
13,350,80.500000,0.000000,0,0,17181284,1130,0,1130,-39,0,29,8
13,350,80.500000,0.000000,0,0,17181287,1130,0,1130,-39,0,29,8
13,350,80.500000,0.000000,0,0,17181289,1130,0,1130,-39,0,29,8
13,350,80.500000,0.000000,0,0,17181292,1130,0,1130,-39,0,29,8
13,350,80.500000,0.000000,0,0,17181295,1130,0,1130,-39,0,29,8
13,350,80.500000,0.000000,0,0,17181298,1130,0,1130,-39,0,29,8
13,350,80.500000,0.000000,0,0,17181301,1130,0,1130,-39,0,29,8
13,350,80.500000,0.000000,0,0,17181303,1130,0,1130,-39,0,29,8
13,350,80.500000,0.000000,0,0,17181306,1130,0,1130,-39,0,29,8
13,350,80.500000,0.000000,0,0,17181309,1130,0,1130,-39,0,29,8
13,350,80.500000,0.000000,0,0,17181312,1130,0,1130,-39,0,29,8
13,350,80.500000,0.000000,0,0,17181315,1130,0,1130,-39,0,29,8
13,350,80.500000,0.000000,0,0,17181317,1130,0,1130,-39,0,29,8
13,350,80.500000,0.000000,0,0,17181320,1130,0,1130,-39,0,29,8
13,350,80.500000,0.000000,0,0,17181323,1130,0,1130,-39,0,29,8
13,350,80.500000,0.000000,0,0,17181326,1130,0,1130,-39,0,29,8
13,350,80.500000,0.000000,0,0,17181337,1130,0,1130,-39,0,29,8
