1,350,21.000000,42.000000,1,2,4624831,781,0,781,0,0,102,0,0
1,350,21.000000,42.000000,1,2,4624832,781,0,781,0,0,102,0,0
1,350,21.000000,42.000000,1,2,4624835,781,0,781,0,0,102,0,0
1,350,21.000000,42.000000,1,2,4624837,781,0,781,0,0,102,0,0
1,350,21.000000,42.000000,1,2,4624840,781,0,781,0,0,102,0,0
1,350,21.000000,42.000000,1,2,4624843,781,0,781,0,0,102,0,0
1,350,21.000000,42.000000,1,2,4624846,781,0,781,0,0,102,0,0
1,350,21.000000,42.000000,1,2,4624849,781,0,781,0,0,102,0,0
1,350,21.000000,42.000000,1,2,4624852,781,0,781,0,0,102,0,0
1,350,21.000000,42.000000,1,2,4624855,781,0,781,0,0,102,0,0
1,350,21.000000,42.000000,1,2,4624857,781,0,781,0,0,102,0,0
1,350,21.000000,42.000000,1,2,4624860,781,0,781,0,0,102,0,0
1,350,21.000000,42.000000,1,2,4624863,781,0,781,0,0,102,0,0
1,350,21.000000,42.000000,1,2,4624865,781,0,781,0,0,102,0,0
1,350,21.000000,42.000000,1,2,4624868,781,0,781,0,0,102,0,0
1,350,21.000000,42.000000,1,2,4624871,781,0,781,0,0,102,0,0
1,350,21.000000,42.000000,1,2,4624874,781,0,781,0,0,102,0,0
1,350,21.000000,42.000000,1,2,4624877,781,0,781,0,0,102,0,0
1,350,21.000000,42.000000,1,2,4624879,781,0,781,0,0,102,0,0
1,350,21.000000,42.000000,1,2,4624882,781,0,781,0,0,102,0,0
1,350,21.000000,42.000000,1,2,4624885,781,0,781,0,0,102,0,0
1,350,21.000000,42.000000,1,2,4624888,781,0,781,0,0,102,0,0
1,350,21.000000,42.000000,1,2,4624891,781,0,781,0,0,102,0,0
1,350,21.000000,42.000000,1,2,4624894,781,0,781,0,0,102,0,0
1,350,21.000000,42.000000,1,2,4624896,781,0,781,0,0,102,0,0
1,350,21.000000,42.000000,1,2,4624899,781,0,781,0,0,102,0,0
1,350,21.000000,42.000000,1,2,4624902,781,0,781,0,0,102,0,0
1,350,21.000000,42.000000,1,2,4624905,781,0,781,0,0,102,0,0
1,350,21.000000,42.000000,1,2,4624907,781,0,781,0,0,102,0,0
1,350,21.000000,42.000000,1,2,4624910,781,0,781,0,0,102,0,0
1,350,21.000000,42.000000,1,2,4624913,781,0,781,0,0,102,0,0
1,350,21.000000,42.000000,1,2,4624916,781,0,781,0,0,102,0,0
1,350,21.000000,42.000000,1,2,4624918,782,0,782,0,0,102,0,0
1,350,21.000000,42.000000,1,2,4624921,783,0,783,0,0,102,0,0
1,350,21.000000,42.000000,1,2,4624924,784,0,784,0,0,102,0,0
1,350,21.000000,42.000000,1,2,4624927,786,0,786,0,0,102,0,0
1,350,21.000000,42.000000,1,2,4624929,787,0,787,0,0,102,0,0
1,350,21.000000,42.000000,1,2,4624932,788,0,788,0,0,102,0,0
1,350,21.000000,42.000000,1,2,4624935,790,0,790,0,0,102,0,0
1,350,21.000000,42.000000,1,2,4624938,792,0,792,0,0,102,0,0
1,350,21.000000,42.000000,1,2,4624940,794,0,794,0,0,102,0,0
1,350,21.000000,42.000000,1,2,4624943,795,0,795,0,0,102,0,0
1,350,21.000000,42.000000,1,2,4624946,801,1,801,1,0,102,0,0
1,350,21.000000,42.000000,1,2,4624949,803,1,803,1,0,102,0,0
1,350,21.000000,42.000000,1,2,4624952,806,2,806,2,0,102,0,0
1,350,21.000000,42.000000,1,2,4624954,812,2,812,2,0,102,0,0
1,350,21.000000,42.000000,1,2,4624957,816,3,816,3,0,102,0,0
1,350,21.000000,42.000000,1,2,4624960,820,3,820,3,0,102,0,0
1,350,21.000000,42.000000,1,2,4624963,825,4,825,4,0,102,0,0
1,350,21.000000,42.000000,1,2,4624966,832,5,832,5,0,102,0,0
1,350,21.000000,42.000000,1,2,4624968,840,6,840,6,0,102,0,0
1,350,21.000000,42.000000,1,2,4624971,846,7,846,7,0,102,0,0
1,350,21.000000,42.000000,1,2,4624974,853,8,853,8,0,102,0,0
1,350,21.000000,42.000000,1,2,4624977,859,9,859,9,0,102,0,0
1,350,21.000000,42.000000,1,2,4624979,865,10,865,10,0,102,0,0
1,350,21.000000,42.000000,1,2,4624982,871,11,871,11,0,102,0,0
1,350,21.000000,42.000000,1,2,4624985,878,12,878,12,0,102,0,0
1,350,21.000000,42.000000,1,2,4624988,886,12,886,12,0,102,0,0
1,350,21.000000,42.000000,1,2,4624991,892,13,892,13,0,102,0,0
1,350,21.000000,42.000000,1,2,4624994,898,14,898,14,0,102,0,0
1,350,21.000000,42.000000,1,2,4624996,901,14,901,14,0,102,0,0
1,350,21.000000,42.000000,1,2,4624999,907,16,907,16,0,102,0,0
1,350,21.000000,42.000000,1,2,4625002,913,17,913,17,0,102,0,0
1,350,21.000000,42.000000,1,2,4625004,919,17,919,17,0,102,0,0
1,350,21.000000,42.000000,1,2,4625007,925,18,925,18,0,102,0,0
1,350,21.000000,42.000000,1,2,4625010,932,19,932,19,0,102,0,0
1,350,21.000000,42.000000,1,2,4625013,938,20,938,20,0,102,0,0
1,350,21.000000,42.000000,1,2,4625015,944,21,944,21,0,102,0,0
1,350,21.000000,42.000000,1,2,4625018,950,21,950,21,0,102,0,0
1,350,21.000000,42.000000,1,2,4625021,955,22,955,22,0,102,0,0
1,350,21.000000,42.000000,1,2,4625024,959,22,959,22,0,102,0,0
1,350,21.000000,42.000000,1,2,4625027,962,22,962,22,0,102,0,0
1,350,21.000000,42.000000,1,2,4625030,969,23,969,23,0,102,0,0
1,350,21.000000,42.000000,1,2,4625033,973,23,973,23,0,102,0,0
1,350,21.000000,42.000000,1,2,4625035,976,23,976,23,0,102,0,0
1,350,21.000000,42.000000,1,2,4625038,979,23,979,23,0,102,0,0
1,350,21.000000,42.000000,1,2,4625041,983,24,983,24,0,102,0,0
1,350,21.000000,42.000000,1,2,4625044,987,24,987,24,0,102,0,0
1,350,21.000000,42.000000,1,2,4625046,991,24,991,24,0,102,0,0
1,350,21.000000,42.000000,1,2,4625049,992,24,992,24,0,102,0,0
1,350,21.000000,42.000000,1,2,4625052,998,24,998,24,0,102,0,0
1,350,21.000000,42.000000,1,2,4625055,1000,24,1000,24,0,102,0,0
1,350,21.000000,42.000000,1,2,4625057,1003,24,1003,24,0,102,0,0
1,350,21.000000,42.000000,1,2,4625060,1004,24,1004,24,0,102,0,0
1,350,21.000000,42.000000,1,2,4625063,1006,24,1006,24,0,102,0,0
1,350,21.000000,42.000000,1,2,4625066,1009,24,1009,24,0,102,0,0
1,350,21.000000,42.000000,1,2,4625068,1012,24,1012,24,0,102,0,0
1,350,21.000000,42.000000,1,2,4625071,1013,24,1013,24,0,102,0,0
1,350,21.000000,42.000000,1,2,4625074,1016,24,1016,24,0,102,0,0
1,350,21.000000,42.000000,1,2,4625077,1019,24,1019,24,0,102,0,0
1,350,21.000000,42.000000,1,2,4625080,1021,24,1021,24,0,102,0,0
1,350,21.000000,42.000000,1,2,4625082,1023,24,1023,24,0,102,0,0
1,350,21.000000,42.000000,1,2,4625085,1025,24,1025,24,0,102,0,0
1,350,21.000000,42.000000,1,2,4625088,1028,24,1028,24,0,102,0,0
1,350,21.000000,42.000000,1,2,4625091,1030,24,1030,24,0,102,0,0
1,350,21.000000,42.000000,1,2,4625093,1032,24,1032,24,0,102,0,0
1,350,21.000000,42.000000,1,2,4625096,1035,23,1035,23,0,102,0,0
1,350,21.000000,42.000000,1,2,4625099,1036,23,1036,23,0,102,0,0
1,350,21.000000,42.000000,1,2,4625102,1038,23,1038,23,0,102,0,0
1,350,21.000000,42.000000,1,2,4625104,1040,23,1040,23,0,102,0,0
1,350,21.000000,42.000000,1,2,4625107,1041,23,1041,23,0,102,0,0
1,350,21.000000,42.000000,1,2,4625110,1045,23,1045,23,0,102,0,0
1,350,21.000000,42.000000,1,2,4625113,1047,23,1047,23,0,102,0,0
1,350,21.000000,42.000000,1,2,4625116,1050,23,1050,23,0,102,0,0
1,350,21.000000,42.000000,1,2,4625118,1051,23,1051,23,0,102,0,0
1,350,21.000000,42.000000,1,2,4625121,1052,23,1052,23,0,102,0,0
1,350,21.000000,42.000000,1,2,4625124,1054,23,1054,23,0,102,0,0
1,350,21.000000,42.000000,1,2,4625127,1056,23,1056,23,0,102,0,0
1,350,21.000000,42.000000,1,2,4625130,1058,22,1058,22,0,102,0,0
1,350,21.000000,42.000000,1,2,4625132,1061,22,1061,22,0,102,0,0
1,350,21.000000,42.000000,1,2,4625135,1063,22,1063,22,0,102,0,0
1,350,21.000000,42.000000,1,2,4625138,1064,22,1064,22,0,102,0,0
1,350,21.000000,42.000000,1,2,4625141,1065,22,1065,22,0,102,0,0
1,350,21.000000,42.000000,1,2,4625144,1067,22,1067,22,0,102,0,0
1,350,21.000000,42.000000,1,2,4625146,1068,22,1068,22,0,102,0,0
1,350,21.000000,42.000000,1,2,4625149,1070,21,1070,21,0,102,0,0
1,350,21.000000,42.000000,1,2,4625152,1071,21,1071,21,0,102,0,0
1,350,21.000000,42.000000,1,2,4625155,1073,21,1073,21,0,102,0,0
1,350,21.000000,42.000000,1,2,4625158,1074,20,1074,20,0,102,0,0
1,350,21.000000,42.000000,1,2,4625160,1076,20,1076,20,0,102,0,0
1,350,21.000000,42.000000,1,2,4625163,1077,20,1077,20,0,102,0,0
1,350,21.000000,42.000000,1,2,4625165,1078,20,1078,20,0,102,0,0
1,350,21.000000,42.000000,1,2,4625168,1079,20,1079,20,0,102,0,0
1,350,21.000000,42.000000,1,2,4625171,1080,20,1080,20,0,102,0,0
1,350,21.000000,42.000000,1,2,4625174,1081,20,1081,20,0,102,0,0
1,350,21.000000,42.000000,1,2,4625177,1082,20,1082,20,0,102,0,0
1,350,21.000000,42.000000,1,2,4625180,1083,20,1083,20,0,102,0,0
1,350,21.000000,42.000000,1,2,4625182,1085,20,1085,20,0,102,0,0
1,350,21.000000,42.000000,1,2,4625185,1086,20,1086,20,0,102,0,0
1,350,21.000000,42.000000,1,2,4625188,1087,20,1087,20,0,102,0,0
1,350,21.000000,42.000000,1,2,4625191,1088,20,1088,20,0,102,0,0
1,350,21.000000,42.000000,1,2,4625194,1090,19,1090,19,0,102,0,0
1,350,21.000000,42.000000,1,2,4625197,1091,19,1091,19,0,102,0,0
1,350,21.000000,42.000000,1,2,4625199,1092,19,1092,19,0,102,0,0
1,350,21.000000,42.000000,1,2,4625202,1093,19,1093,19,0,102,0,0
1,350,21.000000,42.000000,1,2,4625205,1094,19,1094,19,0,102,0,0
1,350,21.000000,42.000000,1,2,4625207,1095,19,1095,19,0,102,0,0
1,350,21.000000,42.000000,1,2,4625210,1096,19,1096,19,0,102,0,0
1,350,21.000000,42.000000,1,2,4625213,1097,19,1097,19,0,102,0,0
1,350,21.000000,42.000000,1,2,4625216,1099,19,1099,19,0,102,0,0
1,350,21.000000,42.000000,1,2,4625219,1100,19,1100,19,0,102,0,0
1,350,21.000000,42.000000,1,2,4625224,1101,19,1101,19,0,102,0,0
1,350,21.000000,42.000000,1,2,4625227,1103,19,1103,19,0,102,0,0
1,350,21.000000,42.000000,1,2,4625230,1104,18,1104,18,0,102,0,0
1,350,21.000000,42.000000,1,2,4625233,1105,18,1105,18,0,102,0,0
1,350,21.000000,42.000000,1,2,4625236,1106,18,1106,18,0,102,0,0
1,350,21.000000,42.000000,1,2,4625239,1107,18,1107,18,0,102,0,0
1,350,21.000000,42.000000,1,2,4625242,1108,18,1108,18,0,102,0,0
1,350,21.000000,42.000000,1,2,4625245,1109,17,1109,17,0,102,0,0
1,350,21.000000,42.000000,1,2,4625248,1110,17,1110,17,0,102,0,0
1,350,21.000000,42.000000,1,2,4625252,1112,17,1112,17,0,102,0,0
1,350,21.000000,42.000000,1,2,4625255,1112,17,1112,17,0,102,0,0
1,350,21.000000,42.000000,1,2,4625257,1113,17,1113,17,0,102,0,0
1,350,21.000000,42.000000,1,2,4625260,1114,17,1114,17,0,102,0,0
1,350,21.000000,42.000000,1,2,4625263,1115,16,1115,16,0,102,0,0
1,350,21.000000,42.000000,1,2,4625266,1116,15,1116,15,0,102,0,0
1,350,21.000000,42.000000,1,2,4625269,1117,15,1117,15,0,102,0,0
1,350,21.000000,42.000000,1,2,4625271,1118,15,1118,15,0,102,0,0
1,350,21.000000,42.000000,1,2,4625274,1119,15,1119,15,0,102,0,0
1,350,21.000000,42.000000,1,2,4625277,1119,15,1119,15,0,102,0,0
1,350,21.000000,42.000000,1,2,4625280,1120,15,1120,15,0,102,0,0
1,350,21.000000,42.000000,1,2,4625283,1120,14,1120,14,0,102,0,0
1,350,21.000000,42.000000,1,2,4625285,1121,14,1121,14,0,102,0,0
1,350,21.000000,42.000000,1,2,4625288,1122,14,1122,14,0,102,0,0
1,350,21.000000,42.000000,1,2,4625291,1123,14,1123,14,0,102,0,0
1,350,21.000000,42.000000,1,2,4625294,1124,13,1124,13,0,102,0,0
1,350,21.000000,42.000000,1,2,4625297,1125,13,1125,13,0,102,0,0
1,350,21.000000,42.000000,1,2,4625300,1125,13,1125,13,0,102,0,0
1,350,21.000000,42.000000,1,2,4625303,1125,13,1125,13,0,102,0,0
1,350,21.000000,42.000000,1,2,4625306,1125,12,1125,12,0,102,0,0
1,350,21.000000,42.000000,1,2,4625309,1126,12,1126,12,0,102,0,0
1,350,21.000000,42.000000,1,2,4625311,1126,12,1126,12,0,102,0,0
1,350,21.000000,42.000000,1,2,4625314,1127,12,1127,12,0,102,0,0
1,350,21.000000,42.000000,1,2,4625316,1127,11,1127,11,0,102,0,0
1,350,21.000000,42.000000,1,2,4625319,1128,11,1128,11,0,102,0,0
1,350,21.000000,42.000000,1,2,4625322,1128,11,1128,11,0,102,0,0
1,350,21.000000,42.000000,1,2,4625325,1129,11,1129,11,0,102,0,0
1,350,21.000000,42.000000,1,2,4625327,1130,11,1130,11,0,102,0,0
1,350,21.000000,42.000000,1,2,4625331,1130,11,1130,11,0,102,0,0
1,350,21.000000,42.000000,1,2,4625334,1131,11,1131,11,0,102,0,0
1,350,21.000000,42.000000,1,2,4625337,1131,11,1131,11,0,102,0,0
1,350,21.000000,42.000000,1,2,4625339,1131,11,1131,11,0,102,0,0
1,350,21.000000,42.000000,1,2,4625342,1131,11,1131,11,0,102,0,0
1,350,21.000000,42.000000,1,2,4625345,1132,11,1132,11,0,102,0,0
1,350,21.000000,42.000000,1,2,4625348,1132,11,1132,11,0,102,0,0
1,350,21.000000,42.000000,1,2,4625350,1132,11,1132,11,0,102,0,0
1,350,21.000000,42.000000,1,2,4625353,1132,11,1132,11,0,102,0,0
1,350,21.000000,42.000000,1,2,4625356,1132,11,1132,11,0,102,0,0
1,350,21.000000,42.000000,1,2,4625358,1132,11,1132,11,0,102,0,0
1,350,21.000000,42.000000,1,2,4625361,1132,11,1132,11,0,102,0,0
1,350,21.000000,42.000000,1,2,4625364,1132,11,1132,11,0,102,0,0
1,350,21.000000,42.000000,1,2,4625366,1132,11,1132,11,0,102,0,0
1,350,21.000000,42.000000,1,2,4625369,1132,11,1132,11,0,102,0,0
1,350,21.000000,42.000000,1,2,4625372,1132,11,1132,11,0,102,0,0
1,350,21.000000,42.000000,1,2,4625374,1132,11,1132,11,0,102,0,0
1,350,21.000000,42.000000,1,2,4625377,1132,11,1132,11,0,102,0,0
1,350,21.000000,42.000000,1,2,4625380,1132,11,1132,11,0,102,0,0
1,350,21.000000,42.000000,1,2,4625383,1132,11,1132,11,0,102,0,0
1,350,21.000000,42.000000,1,2,4625385,1132,11,1132,11,0,102,0,0
1,350,21.000000,42.000000,1,2,4625388,1132,11,1132,11,0,102,0,0
1,350,21.000000,42.000000,1,2,4625391,1132,11,1132,11,0,102,0,0
1,350,21.000000,42.000000,1,2,4625394,1132,11,1132,11,0,102,0,0
1,350,21.000000,42.000000,1,2,4625397,1132,11,1132,11,0,102,0,0
1,350,21.000000,42.000000,1,2,4625399,1132,11,1132,11,0,102,0,0
1,350,21.000000,42.000000,1,2,4625402,1132,11,1132,11,0,102,0,0
1,350,21.000000,42.000000,1,2,4625404,1132,11,1132,11,0,102,0,0
1,350,21.000000,42.000000,1,2,4625407,1132,11,1132,11,0,102,0,0
1,350,21.000000,42.000000,1,2,4625410,1132,11,1132,11,0,102,0,0
1,350,21.000000,42.000000,1,2,4625413,1132,11,1132,11,0,102,0,0
1,350,21.000000,42.000000,1,2,4625416,1132,11,1132,11,0,102,0,0
1,350,21.000000,42.000000,1,2,4625419,1132,11,1132,11,0,102,0,0
1,350,21.000000,42.000000,1,2,4625430,1132,11,1132,11,0,102,0,0
