1,350,21.000000,0.000000,0,5,4852822,780,11,780,11,0,113,5,1
1,350,21.000000,0.000000,0,5,4852823,780,11,780,11,0,113,5,1
1,350,21.000000,0.000000,0,5,4852826,780,11,780,11,0,113,5,1
1,350,21.000000,0.000000,0,5,4852828,780,11,780,11,0,113,5,1
1,350,21.000000,0.000000,0,5,4852831,780,11,780,11,0,113,5,1
1,350,21.000000,0.000000,0,5,4852833,780,11,780,11,0,113,5,1
1,350,21.000000,0.000000,0,5,4852837,780,11,780,11,0,113,5,1
1,350,21.000000,0.000000,0,5,4852839,780,11,780,11,0,113,5,1
1,350,21.000000,0.000000,0,5,4852842,780,11,780,11,0,113,5,1
1,350,21.000000,0.000000,0,5,4852845,780,11,780,11,0,113,5,1
1,350,21.000000,0.000000,0,5,4852848,780,11,780,11,0,113,5,1
1,350,21.000000,0.000000,0,5,4852851,780,11,780,11,0,113,5,1
1,350,21.000000,0.000000,0,5,4852853,780,11,780,11,0,113,5,1
1,350,21.000000,0.000000,0,5,4852856,780,11,780,11,0,113,5,1
1,350,21.000000,0.000000,0,5,4852859,780,11,780,11,0,113,5,1
1,350,21.000000,0.000000,0,5,4852862,780,11,780,11,0,113,5,1
1,350,21.000000,0.000000,0,5,4852864,780,11,780,11,0,113,5,1
1,350,21.000000,0.000000,0,5,4852867,780,11,780,11,0,113,5,1
1,350,21.000000,0.000000,0,5,4852870,780,11,780,11,0,113,5,1
1,350,21.000000,0.000000,0,5,4852873,780,11,780,11,0,113,5,1
1,350,21.000000,0.000000,0,5,4852876,780,11,780,11,0,113,5,1
1,350,21.000000,0.000000,0,5,4852878,780,11,780,11,0,113,5,1
1,350,21.000000,0.000000,0,5,4852881,780,11,780,11,0,113,5,1
1,350,21.000000,0.000000,0,5,4852884,780,11,780,11,0,113,5,1
1,350,21.000000,0.000000,0,5,4852887,780,11,780,11,0,113,5,1
1,350,21.000000,0.000000,0,5,4852889,780,11,780,11,0,113,5,1
1,350,21.000000,0.000000,0,5,4852892,780,11,780,11,0,113,5,1
1,350,21.000000,0.000000,0,5,4852895,780,11,780,11,0,113,5,1
1,350,21.000000,0.000000,0,5,4852898,780,11,780,11,0,113,5,1
1,350,21.000000,0.000000,0,5,4852901,780,11,780,11,0,113,5,1
1,350,21.000000,0.000000,0,5,4852903,780,11,780,11,0,113,5,1
1,350,21.000000,0.000000,0,5,4852906,780,11,780,11,0,113,5,1
1,350,21.000000,0.000000,0,5,4852909,780,11,780,11,0,113,5,1
1,350,21.000000,0.000000,0,5,4852912,780,11,780,11,0,113,5,1
1,350,21.000000,0.000000,0,5,4852914,780,11,780,11,0,113,5,1
1,350,21.000000,0.000000,0,5,4852917,780,11,780,11,0,113,5,1
1,350,21.000000,0.000000,0,5,4852920,780,11,780,11,0,113,5,1
1,350,21.000000,0.000000,0,5,4852923,780,11,780,11,0,113,5,1
1,350,21.000000,0.000000,0,5,4852926,780,11,780,11,0,113,5,1
1,350,21.000000,0.000000,0,5,4852928,780,11,780,11,0,113,5,1
1,350,21.000000,0.000000,0,5,4852931,780,11,780,11,0,113,5,1
1,350,21.000000,0.000000,0,5,4852934,780,11,780,11,0,113,5,1
1,350,21.000000,0.000000,0,5,4852936,780,11,780,11,0,113,5,1
1,350,21.000000,0.000000,0,5,4852939,780,11,780,11,0,113,5,1
1,350,21.000000,0.000000,0,5,4852942,781,11,781,11,0,113,5,1
1,350,21.000000,0.000000,0,5,4852945,782,11,782,11,0,113,5,1
1,350,21.000000,0.000000,0,5,4852948,782,11,782,11,0,113,5,1
1,350,21.000000,0.000000,0,5,4852950,783,11,783,11,0,113,5,1
1,350,21.000000,0.000000,0,5,4852953,784,11,784,11,0,113,5,1
1,350,21.000000,0.000000,0,5,4852956,786,11,786,11,0,113,5,1
1,350,21.000000,0.000000,0,5,4852959,787,11,787,11,0,113,5,1
1,350,21.000000,0.000000,0,5,4852962,789,11,789,11,0,113,5,1
1,350,21.000000,0.000000,0,5,4852964,791,11,791,11,0,113,5,1
1,350,21.000000,0.000000,0,5,4852967,793,11,793,11,0,113,5,1
1,350,21.000000,0.000000,0,5,4852970,796,11,796,11,0,113,5,1
1,350,21.000000,0.000000,0,5,4852973,798,10,798,10,0,113,5,1
1,350,21.000000,0.000000,0,5,4852976,800,9,800,9,0,113,5,1
1,350,21.000000,0.000000,0,5,4852978,805,8,805,8,0,113,5,1
1,350,21.000000,0.000000,0,5,4852981,809,8,809,8,0,113,5,1
1,350,21.000000,0.000000,0,5,4852984,814,8,814,8,0,113,5,1
1,350,21.000000,0.000000,0,5,4852987,819,7,819,7,0,113,5,1
1,350,21.000000,0.000000,0,5,4852989,824,6,824,6,0,113,5,1
1,350,21.000000,0.000000,0,5,4852992,830,6,830,6,0,113,5,1
1,350,21.000000,0.000000,0,5,4852995,837,5,837,5,0,113,5,1
1,350,21.000000,0.000000,0,5,4852998,845,4,845,4,0,113,5,1
1,350,21.000000,0.000000,0,5,4853001,851,4,851,4,0,113,5,1
1,350,21.000000,0.000000,0,5,4853004,859,2,859,2,0,113,5,1
1,350,21.000000,0.000000,0,5,4853006,860,2,860,2,0,113,5,1
1,350,21.000000,0.000000,0,5,4853009,873,1,873,1,0,113,5,1
1,350,21.000000,0.000000,0,5,4853011,882,0,882,-1,0,113,5,1
1,350,21.000000,0.000000,0,5,4853014,897,0,897,-3,0,113,5,1
1,350,21.000000,0.000000,0,5,4853017,907,0,907,-4,0,113,5,1
1,350,21.000000,0.000000,0,5,4853020,912,0,912,-5,0,113,5,1
1,350,21.000000,0.000000,0,5,4853023,926,0,926,-7,0,113,5,1
1,350,21.000000,0.000000,0,5,4853025,936,0,936,-9,0,113,5,1
1,350,21.000000,0.000000,0,5,4853028,941,0,941,-9,0,113,5,1
1,350,21.000000,0.000000,0,5,4853031,952,0,952,-10,0,113,5,1
1,350,21.000000,0.000000,0,5,4853034,964,0,964,-12,0,113,5,1
1,350,21.000000,0.000000,0,5,4853037,973,0,973,-13,0,113,5,1
1,350,21.000000,0.000000,0,5,4853039,981,0,981,-15,0,113,5,1
1,350,21.000000,0.000000,0,5,4853042,988,0,988,-16,0,113,5,1
1,350,21.000000,0.000000,0,5,4853045,994,0,994,-16,0,113,5,1
1,350,21.000000,0.000000,0,5,4853048,1129,0,1000,-18,0,113,5,1
1,350,21.000000,0.000000,0,5,4853051,1138,0,1009,-19,0,113,5,1
1,350,21.000000,0.000000,0,5,4853053,1144,0,1015,-19,0,113,5,1
1,350,21.000000,0.000000,0,5,4853056,1150,0,1021,-20,0,113,5,1
1,350,21.000000,0.000000,0,5,4853059,1159,0,1030,-22,0,113,5,1
1,350,21.000000,0.000000,0,5,4853062,1164,0,1035,-23,0,113,5,1
1,350,21.000000,0.000000,0,5,4853065,1169,0,1040,-23,0,113,5,1
1,350,21.000000,0.000000,0,5,4853067,1173,0,1044,-24,0,113,5,1
1,350,21.000000,0.000000,0,5,4853070,1177,0,1048,-24,0,113,5,1
1,350,21.000000,0.000000,0,5,4853073,1181,0,1052,-25,0,113,5,1
1,350,21.000000,0.000000,0,5,4853076,1184,0,1055,-26,0,113,5,1
1,350,21.000000,0.000000,0,5,4853079,1186,0,1057,-27,0,113,5,1
1,350,21.000000,0.000000,0,5,4853081,1188,0,1059,-27,0,113,5,1
1,350,21.000000,0.000000,0,5,4853084,1190,0,1061,-27,0,113,5,1
1,350,21.000000,0.000000,0,5,4853086,1192,0,1063,-27,0,113,5,1
1,350,21.000000,0.000000,0,5,4853089,1193,0,1064,-27,0,113,5,1
1,350,21.000000,0.000000,0,5,4853092,1194,0,1065,-28,0,113,5,1
1,350,21.000000,0.000000,0,5,4853095,1196,0,1067,-28,0,113,5,1
1,350,21.000000,0.000000,0,5,4853098,1197,0,1068,-28,0,113,5,1
1,350,21.000000,0.000000,0,5,4853100,1198,0,1069,-28,0,113,5,1
1,350,21.000000,0.000000,0,5,4853104,1199,0,1070,-28,0,113,5,1
1,350,21.000000,0.000000,0,5,4853106,1200,0,1071,-28,0,113,5,1
1,350,21.000000,0.000000,0,5,4853109,1200,0,1071,-28,0,113,5,1
1,350,21.000000,0.000000,0,5,4853112,1200,0,1071,-28,0,113,5,1
1,350,21.000000,0.000000,0,5,4853115,1200,0,1071,-28,0,113,5,1
1,350,21.000000,0.000000,0,5,4853117,1200,0,1071,-28,0,113,5,1
1,350,21.000000,0.000000,0,5,4853120,1200,0,1071,-28,0,113,5,1
1,350,21.000000,0.000000,0,5,4853123,1200,0,1071,-28,0,113,5,1
1,350,21.000000,0.000000,0,5,4853125,1200,0,1071,-28,0,113,5,1
1,350,21.000000,0.000000,0,5,4853128,1201,0,1072,-28,0,113,5,1
1,350,21.000000,0.000000,0,5,4853131,1202,0,1073,-28,0,113,5,1
1,350,21.000000,0.000000,0,5,4853134,1202,0,1073,-28,0,113,5,1
1,350,21.000000,0.000000,0,5,4853137,1202,0,1073,-28,0,113,5,1
1,350,21.000000,0.000000,0,5,4853140,1202,0,1073,-28,0,113,5,1
1,350,21.000000,0.000000,0,5,4853142,1202,0,1073,-28,0,113,5,1
1,350,21.000000,0.000000,0,5,4853145,1202,0,1073,-28,0,113,5,1
1,350,21.000000,0.000000,0,5,4853148,1202,0,1073,-28,0,113,5,1
1,350,21.000000,0.000000,0,5,4853150,1202,0,1073,-28,0,113,5,1
1,350,21.000000,0.000000,0,5,4853153,1202,0,1073,-28,0,113,5,1
1,350,21.000000,0.000000,0,5,4853156,1202,0,1073,-28,0,113,5,1
1,350,21.000000,0.000000,0,5,4853159,1202,0,1073,-28,0,113,5,1
1,350,21.000000,0.000000,0,5,4853162,1202,0,1073,-28,0,113,5,1
1,350,21.000000,0.000000,0,5,4853164,1202,0,1073,-28,0,113,5,1
1,350,21.000000,0.000000,0,5,4853167,1202,0,1073,-28,0,113,5,1
1,350,21.000000,0.000000,0,5,4853170,1202,0,1073,-28,0,113,5,1
1,350,21.000000,0.000000,0,5,4853173,1202,0,1073,-28,0,113,5,1
1,350,21.000000,0.000000,0,5,4853176,1202,0,1073,-28,0,113,5,1
1,350,21.000000,0.000000,0,5,4853178,1202,0,1073,-28,0,113,5,1
1,350,21.000000,0.000000,0,5,4853181,1202,0,1073,-28,0,113,5,1
1,350,21.000000,0.000000,0,5,4853184,1202,0,1073,-28,0,113,5,1
1,350,21.000000,0.000000,0,5,4853187,1202,0,1073,-28,0,113,5,1
1,350,21.000000,0.000000,0,5,4853190,1202,0,1073,-28,0,113,5,1
1,350,21.000000,0.000000,0,5,4853192,1202,0,1073,-28,0,113,5,1
1,350,21.000000,0.000000,0,5,4853195,1202,0,1073,-28,0,113,5,1
1,350,21.000000,0.000000,0,5,4853198,1202,0,1073,-28,0,113,5,1
1,350,21.000000,0.000000,0,5,4853201,1202,0,1073,-28,0,113,5,1
1,350,21.000000,0.000000,0,5,4853204,1202,0,1073,-28,0,113,5,1
1,350,21.000000,0.000000,0,5,4853206,1202,0,1073,-28,0,113,5,1
1,350,21.000000,0.000000,0,5,4853209,1202,0,1073,-28,0,113,5,1
1,350,21.000000,0.000000,0,5,4853212,1202,0,1073,-28,0,113,5,1
1,350,21.000000,0.000000,0,5,4853214,1202,0,1073,-28,0,113,5,1
1,350,21.000000,0.000000,0,5,4853217,1202,0,1073,-28,0,113,5,1
1,350,21.000000,0.000000,0,5,4853220,1202,0,1073,-28,0,113,5,1
1,350,21.000000,0.000000,0,5,4853223,1202,0,1073,-28,0,113,5,1
1,350,21.000000,0.000000,0,5,4853226,1202,0,1073,-28,0,113,5,1
1,350,21.000000,0.000000,0,5,4853229,1202,0,1073,-28,0,113,5,1
1,350,21.000000,0.000000,0,5,4853231,1202,0,1073,-28,0,113,5,1
1,350,21.000000,0.000000,0,5,4853234,1202,0,1073,-28,0,113,5,1
1,350,21.000000,0.000000,0,5,4853237,1202,0,1073,-28,0,113,5,1
1,350,21.000000,0.000000,0,5,4853239,1202,0,1073,-28,0,113,5,1
1,350,21.000000,0.000000,0,5,4853242,1202,0,1073,-28,0,113,5,1
1,350,21.000000,0.000000,0,5,4853245,1202,0,1073,-28,0,113,5,1
1,350,21.000000,0.000000,0,5,4853248,1202,0,1073,-28,0,113,5,1
1,350,21.000000,0.000000,0,5,4853251,1202,0,1073,-28,0,113,5,1
1,350,21.000000,0.000000,0,5,4853253,1202,0,1073,-28,0,113,5,1
1,350,21.000000,0.000000,0,5,4853256,1202,0,1073,-28,0,113,5,1
1,350,21.000000,0.000000,0,5,4853259,1202,0,1073,-28,0,113,5,1
1,350,21.000000,0.000000,0,5,4853262,1201,0,1072,-28,0,113,5,1
1,350,21.000000,0.000000,0,5,4853265,1200,0,1071,-28,0,113,5,1
1,350,21.000000,0.000000,0,5,4853268,1199,0,1070,-28,0,113,5,1
1,350,21.000000,0.000000,0,5,4853270,1198,0,1069,-28,0,113,5,1
1,350,21.000000,0.000000,0,5,4853273,1197,0,1068,-28,0,113,5,1
1,350,21.000000,0.000000,0,5,4853276,1195,0,1066,-28,0,113,5,1
1,350,21.000000,0.000000,0,5,4853279,1194,0,1065,-28,0,113,5,1
1,350,21.000000,0.000000,0,5,4853281,1193,0,1064,-28,0,113,5,1
1,350,21.000000,0.000000,0,5,4853284,1191,0,1062,-28,0,113,5,1
1,350,21.000000,0.000000,0,5,4853287,1190,0,1061,-28,0,113,5,1
1,350,21.000000,0.000000,0,5,4853289,1189,0,1060,-28,0,113,5,1
1,350,21.000000,0.000000,0,5,4853292,1188,0,1059,-28,0,113,5,1
1,350,21.000000,0.000000,0,5,4853295,1187,0,1058,-28,0,113,5,1
1,350,21.000000,0.000000,0,5,4853298,1185,0,1056,-28,0,113,5,1
1,350,21.000000,0.000000,0,5,4853301,1184,0,1055,-28,0,113,5,1
1,350,21.000000,0.000000,0,5,4853303,1183,0,1054,-28,0,113,5,1
1,350,21.000000,0.000000,0,5,4853306,1181,0,1052,-28,0,113,5,1
1,350,21.000000,0.000000,0,5,4853309,1180,0,1051,-28,0,113,5,1
1,350,21.000000,0.000000,0,5,4853312,1178,0,1049,-28,0,113,5,1
1,350,21.000000,0.000000,0,5,4853315,1176,0,1047,-28,0,113,5,1
1,350,21.000000,0.000000,0,5,4853317,1174,0,1045,-28,0,113,5,1
1,350,21.000000,0.000000,0,5,4853320,1173,0,1044,-28,0,113,5,1
1,350,21.000000,0.000000,0,5,4853323,1172,0,1043,-28,0,113,5,1
1,350,21.000000,0.000000,0,5,4853326,1171,0,1042,-28,0,113,5,1
1,350,21.000000,0.000000,0,5,4853329,1170,0,1041,-28,0,113,5,1
1,350,21.000000,0.000000,0,5,4853331,1169,0,1040,-28,0,113,5,1
1,350,21.000000,0.000000,0,5,4853334,1169,0,1040,-28,0,113,5,1
1,350,21.000000,0.000000,0,5,4853337,1168,0,1039,-28,0,113,5,1
1,350,21.000000,0.000000,0,5,4853340,1167,0,1038,-28,0,113,5,1
1,350,21.000000,0.000000,0,5,4853343,1167,0,1038,-28,0,113,5,1
1,350,21.000000,0.000000,0,5,4853345,1166,0,1037,-28,0,113,5,1
1,350,21.000000,0.000000,0,5,4853348,1166,0,1037,-28,0,113,5,1
1,350,21.000000,0.000000,0,5,4853350,1166,0,1037,-28,0,113,5,1
1,350,21.000000,0.000000,0,5,4853353,1165,0,1036,-28,0,113,5,1
1,350,21.000000,0.000000,0,5,4853356,1164,0,1035,-28,0,113,5,1
1,350,21.000000,0.000000,0,5,4853359,1163,0,1034,-28,0,113,5,1
1,350,21.000000,0.000000,0,5,4853362,1163,0,1034,-28,0,113,5,1
1,350,21.000000,0.000000,0,5,4853365,1162,0,1033,-28,0,113,5,1
1,350,21.000000,0.000000,0,5,4853367,1161,0,1032,-28,0,113,5,1
1,350,21.000000,0.000000,0,5,4853370,1160,0,1031,-28,0,113,5,1
1,350,21.000000,0.000000,0,5,4853373,1159,0,1030,-28,0,113,5,1
1,350,21.000000,0.000000,0,5,4853376,1159,0,1030,-28,0,113,5,1
1,350,21.000000,0.000000,0,5,4853379,1158,0,1029,-28,0,113,5,1
1,350,21.000000,0.000000,0,5,4853381,1158,0,1029,-28,0,113,5,1
1,350,21.000000,0.000000,0,5,4853384,1157,0,1028,-28,0,113,5,1
1,350,21.000000,0.000000,0,5,4853387,1156,0,1027,-28,0,113,5,1
1,350,21.000000,0.000000,0,5,4853390,1155,0,1026,-28,0,113,5,1
1,350,21.000000,0.000000,0,5,4853393,1155,0,1026,-28,0,113,5,1
1,350,21.000000,0.000000,0,5,4853395,1154,0,1025,-28,0,113,5,1
1,350,21.000000,0.000000,0,5,4853398,1153,0,1024,-28,0,113,5,1
1,350,21.000000,0.000000,0,5,4853401,1153,0,1024,-28,0,113,5,1
1,350,21.000000,0.000000,0,5,4853404,1153,0,1024,-28,0,113,5,1
1,350,21.000000,0.000000,0,5,4853406,1153,0,1024,-28,0,113,5,1
1,350,21.000000,0.000000,0,5,4853409,1153,0,1024,-28,0,113,5,1
1,350,21.000000,0.000000,0,5,4853412,1153,0,1024,-28,0,113,5,1
1,350,21.000000,0.000000,0,5,4853415,1153,0,1024,-28,0,113,5,1
1,350,21.000000,0.000000,0,5,4853417,1153,0,1024,-28,0,113,5,1
1,350,21.000000,0.000000,0,5,4853420,1153,0,1024,-28,0,113,5,1
1,350,21.000000,0.000000,0,5,4853423,1153,0,1024,-28,0,113,5,1
1,350,21.000000,0.000000,0,5,4853426,1153,0,1024,-28,0,113,5,1
1,350,21.000000,0.000000,0,5,4853429,1153,0,1024,-28,0,113,5,1
1,350,21.000000,0.000000,0,5,4853431,1153,0,1024,-28,0,113,5,1
1,350,21.000000,0.000000,0,5,4853434,1153,0,1024,-28,0,113,5,1
1,350,21.000000,0.000000,0,5,4853437,1153,0,1024,-28,0,113,5,1
1,350,21.000000,0.000000,0,5,4853440,1153,0,1024,-28,0,113,5,1
1,350,21.000000,0.000000,0,5,4853443,1153,0,1024,-28,0,113,5,1
1,350,21.000000,0.000000,0,5,4853445,1153,0,1024,-28,0,113,5,1
1,350,21.000000,0.000000,0,5,4853448,1153,0,1024,-28,0,113,5,1
1,350,21.000000,0.000000,0,5,4853451,1153,0,1024,-28,0,113,5,1
1,350,21.000000,0.000000,0,5,4853453,1152,0,1023,-28,0,113,5,1
1,350,21.000000,0.000000,0,5,4853456,1151,0,1022,-28,0,113,5,1
1,350,21.000000,0.000000,0,5,4853459,1151,0,1022,-28,0,113,5,1
1,350,21.000000,0.000000,0,5,4853462,1150,0,1021,-28,0,113,5,1
1,350,21.000000,0.000000,0,5,4853465,1149,0,1020,-28,0,113,5,1
1,350,21.000000,0.000000,0,5,4853467,1148,0,1019,-28,0,113,5,1
1,350,21.000000,0.000000,0,5,4853470,1147,0,1018,-28,0,113,5,1
1,350,21.000000,0.000000,0,5,4853473,1146,0,1017,-28,0,113,5,1
1,350,21.000000,0.000000,0,5,4853476,1145,0,1016,-28,0,113,5,1
1,350,21.000000,0.000000,0,5,4853479,1144,0,1015,-28,0,113,5,1
1,350,21.000000,0.000000,0,5,4853481,1142,0,1013,-28,0,113,5,1
1,350,21.000000,0.000000,0,5,4853484,1141,0,1012,-28,0,113,5,1
1,350,21.000000,0.000000,0,5,4853487,1140,0,1011,-28,0,113,5,1
1,350,21.000000,0.000000,0,5,4853490,1139,0,1010,-28,0,113,5,1
1,350,21.000000,0.000000,0,5,4853493,1138,0,1009,-28,0,113,5,1
1,350,21.000000,0.000000,0,5,4853495,1137,0,1008,-28,0,113,5,1
1,350,21.000000,0.000000,0,5,4853498,1136,0,1007,-28,0,113,5,1
1,350,21.000000,0.000000,0,5,4853501,1135,0,1006,-28,0,113,5,1
1,350,21.000000,0.000000,0,5,4853504,1135,0,1006,-28,0,113,5,1
1,350,21.000000,0.000000,0,5,4853507,1135,0,1006,-28,0,113,5,1
1,350,21.000000,0.000000,0,5,4853509,1135,0,1006,-28,0,113,5,1
1,350,21.000000,0.000000,0,5,4853512,1135,0,1006,-28,0,113,5,1
1,350,21.000000,0.000000,0,5,4853515,1135,0,1006,-28,0,113,5,1
1,350,21.000000,0.000000,0,5,4853517,1135,0,1006,-28,0,113,5,1
1,350,21.000000,0.000000,0,5,4853520,1135,0,1006,-28,0,113,5,1
1,350,21.000000,0.000000,0,5,4853523,1135,0,1006,-28,0,113,5,1
1,350,21.000000,0.000000,0,5,4853526,1135,0,1006,-28,0,113,5,1
1,350,21.000000,0.000000,0,5,4853529,1135,0,1006,-28,0,113,5,1
1,350,21.000000,0.000000,0,5,4853532,1135,0,1006,-28,0,113,5,1
1,350,21.000000,0.000000,0,5,4853534,1135,0,1006,-28,0,113,5,1
1,350,21.000000,0.000000,0,5,4853537,1135,0,1006,-28,0,113,5,1
1,350,21.000000,0.000000,0,5,4853540,1135,0,1006,-28,0,113,5,1
1,350,21.000000,0.000000,0,5,4853542,1135,0,1006,-28,0,113,5,1
1,350,21.000000,0.000000,0,5,4853545,1135,0,1006,-28,0,113,5,1
1,350,21.000000,0.000000,0,5,4853548,1135,0,1006,-28,0,113,5,1
1,350,21.000000,0.000000,0,5,4853551,1135,0,1006,-28,0,113,5,1
1,350,21.000000,0.000000,0,5,4853554,1135,0,1006,-28,0,113,5,1
1,350,21.000000,0.000000,0,5,4853556,1135,0,1006,-28,0,113,5,1
1,350,21.000000,0.000000,0,5,4853559,1135,0,1006,-28,0,113,5,1
1,350,21.000000,0.000000,0,5,4853562,1135,0,1006,-28,0,113,5,1
1,350,21.000000,0.000000,0,5,4853565,1135,0,1006,-28,0,113,5,1
1,350,21.000000,0.000000,0,5,4853568,1135,0,1006,-28,0,113,5,1
1,350,21.000000,0.000000,0,5,4853570,1135,0,1006,-28,0,113,5,1
1,350,21.000000,0.000000,0,5,4853573,1135,0,1006,-28,0,113,5,1
1,350,21.000000,0.000000,0,5,4853576,1135,0,1006,-28,0,113,5,1
1,350,21.000000,0.000000,0,5,4853579,1135,0,1006,-28,0,113,5,1
1,350,21.000000,0.000000,0,5,4853582,1135,0,1006,-28,0,113,5,1
1,350,21.000000,0.000000,0,5,4853584,1135,0,1006,-28,0,113,5,1
1,350,21.000000,0.000000,0,5,4853587,1135,0,1006,-28,0,113,5,1
1,350,21.000000,0.000000,0,5,4853590,1135,0,1006,-28,0,113,5,1
1,350,21.000000,0.000000,0,5,4853593,1135,0,1006,-28,0,113,5,1
1,350,21.000000,0.000000,0,5,4853596,1135,0,1006,-28,0,113,5,1
1,350,21.000000,0.000000,0,5,4853598,1135,0,1006,-28,0,113,5,1
1,350,21.000000,0.000000,0,5,4853601,1135,0,1006,-28,0,113,5,1
1,350,21.000000,0.000000,0,5,4853603,1135,0,1006,-28,0,113,5,1
1,350,21.000000,0.000000,0,5,4853607,1135,0,1006,-28,0,113,5,1
1,350,21.000000,0.000000,0,5,4853609,1135,0,1006,-28,0,113,5,1
1,350,21.000000,0.000000,0,5,4853612,1135,0,1006,-28,0,113,5,1
1,350,21.000000,0.000000,0,5,4853623,1135,0,1006,-28,0,113,5,1
