1,700,21.000000,42.000000,0,0,3708694,613,5,613,5,0,27,3,0
1,700,21.000000,42.000000,0,0,3708695,613,5,613,5,0,27,3,0
1,700,21.000000,42.000000,0,0,3708698,613,5,613,5,0,27,3,0
1,700,21.000000,42.000000,0,0,3708701,613,5,613,5,0,27,3,0
1,700,21.000000,42.000000,0,0,3708703,613,5,613,5,0,27,3,0
1,700,21.000000,42.000000,0,0,3708706,613,5,613,5,0,27,3,0
1,700,21.000000,42.000000,0,0,3708708,613,5,613,5,0,27,3,0
1,700,21.000000,42.000000,0,0,3708711,613,5,613,5,0,27,3,0
1,700,21.000000,42.000000,0,0,3708714,613,5,613,5,0,27,3,0
1,700,21.000000,42.000000,0,0,3708717,613,5,613,5,0,27,3,0
1,700,21.000000,42.000000,0,0,3708720,613,5,613,5,0,27,3,0
1,700,21.000000,42.000000,0,0,3708723,613,5,613,5,0,27,3,0
1,700,21.000000,42.000000,0,0,3708726,613,5,613,5,0,27,3,0
1,700,21.000000,42.000000,0,0,3708728,613,5,613,5,0,27,3,0
1,700,21.000000,42.000000,0,0,3708731,613,5,613,5,0,27,3,0
1,700,21.000000,42.000000,0,0,3708734,613,5,613,5,0,27,3,0
1,700,21.000000,42.000000,0,0,3708737,613,5,613,5,0,27,3,0
1,700,21.000000,42.000000,0,0,3708739,613,5,613,5,0,27,3,0
1,700,21.000000,42.000000,0,0,3708742,613,5,613,5,0,27,3,0
1,700,21.000000,42.000000,0,0,3708745,613,5,613,5,0,27,3,0
1,700,21.000000,42.000000,0,0,3708747,613,5,613,5,0,27,3,0
1,700,21.000000,42.000000,0,0,3708750,613,5,613,5,0,27,3,0
1,700,21.000000,42.000000,0,0,3708753,613,5,613,5,0,27,3,0
1,700,21.000000,42.000000,0,0,3708756,613,5,613,5,0,27,3,0
1,700,21.000000,42.000000,0,0,3708759,613,5,613,5,0,27,3,0
1,700,21.000000,42.000000,0,0,3708761,613,5,613,5,0,27,3,0
1,700,21.000000,42.000000,0,0,3708764,613,5,613,5,0,27,3,0
1,700,21.000000,42.000000,0,0,3708767,613,5,613,5,0,27,3,0
1,700,21.000000,42.000000,0,0,3708770,613,5,613,5,0,27,3,0
1,700,21.000000,42.000000,0,0,3708773,613,5,613,5,0,27,3,0
1,700,21.000000,42.000000,0,0,3708775,613,5,613,5,0,27,3,0
1,700,21.000000,42.000000,0,0,3708778,613,5,613,5,0,27,3,0
1,700,21.000000,42.000000,0,0,3708781,613,5,613,5,0,27,3,0
1,700,21.000000,42.000000,0,0,3708784,613,4,613,4,0,27,3,0
1,700,21.000000,42.000000,0,0,3708787,613,3,613,3,0,27,3,0
1,700,21.000000,42.000000,0,0,3708789,613,3,613,3,0,27,3,0
1,700,21.000000,42.000000,0,0,3708792,613,3,613,3,0,27,3,0
1,700,21.000000,42.000000,0,0,3708795,613,3,613,3,0,27,3,0
1,700,21.000000,42.000000,0,0,3708798,613,3,613,3,0,27,3,0
1,700,21.000000,42.000000,0,0,3708801,614,3,614,3,0,27,3,0
1,700,21.000000,42.000000,0,0,3708803,614,2,614,2,0,27,3,0
1,700,21.000000,42.000000,0,0,3708806,614,1,614,1,0,27,3,0
1,700,21.000000,42.000000,0,0,3708809,615,1,615,1,0,27,3,0
1,700,21.000000,42.000000,0,0,3708811,616,1,616,1,0,27,3,0
1,700,21.000000,42.000000,0,0,3708814,617,0,617,0,0,27,3,0
1,700,21.000000,42.000000,0,0,3708817,618,0,618,-1,0,27,3,0
1,700,21.000000,42.000000,0,0,3708820,619,0,619,-1,0,27,3,0
1,700,21.000000,42.000000,0,0,3708823,619,0,619,-2,0,27,3,0
1,700,21.000000,42.000000,0,0,3708825,620,0,620,-3,0,27,3,0
1,700,21.000000,42.000000,0,0,3708828,621,0,621,-3,0,27,3,0
1,700,21.000000,42.000000,0,0,3708831,622,0,622,-3,0,27,3,0
1,700,21.000000,42.000000,0,0,3708834,624,0,624,-4,0,27,3,0
1,700,21.000000,42.000000,0,0,3708837,627,0,627,-5,0,27,3,0
1,700,21.000000,42.000000,0,0,3708839,630,0,630,-6,0,27,3,0
1,700,21.000000,42.000000,0,0,3708842,636,0,636,-7,0,27,3,0
1,700,21.000000,42.000000,0,0,3708845,639,0,639,-9,0,27,3,0
1,700,21.000000,42.000000,0,0,3708848,644,0,644,-10,0,27,3,0
1,700,21.000000,42.000000,0,0,3708851,649,0,649,-12,0,27,3,0
1,700,21.000000,42.000000,0,0,3708854,655,0,655,-13,0,27,3,0
1,700,21.000000,42.000000,0,0,3708856,666,0,666,-15,0,27,3,0
1,700,21.000000,42.000000,0,0,3708859,672,0,672,-16,0,27,3,0
1,700,21.000000,42.000000,0,0,3708862,678,0,678,-18,0,27,3,0
1,700,21.000000,42.000000,0,0,3708865,687,0,687,-19,0,27,3,0
1,700,21.000000,42.000000,0,0,3708867,704,0,704,-21,0,27,3,0
1,700,21.000000,42.000000,0,0,3708870,712,0,712,-23,0,27,3,0
1,700,21.000000,42.000000,0,0,3708872,729,0,729,-25,0,27,3,0
1,700,21.000000,42.000000,0,0,3708876,741,0,741,-27,0,27,3,0
1,700,21.000000,42.000000,0,0,3708879,752,0,752,-28,0,27,3,0
1,700,21.000000,42.000000,0,0,3708881,778,0,778,-31,0,27,3,0
1,700,21.000000,42.000000,0,0,3708884,797,0,797,-33,0,27,3,0
1,700,21.000000,42.000000,0,0,3708887,813,0,813,-35,0,27,3,0
1,700,21.000000,42.000000,0,0,3708890,829,0,829,-37,0,27,3,0
1,700,21.000000,42.000000,0,0,3708892,847,0,847,-38,0,27,3,0
1,700,21.000000,42.000000,0,0,3708895,860,0,860,-39,0,27,3,0
1,700,21.000000,42.000000,0,0,3708898,878,0,878,-39,0,27,3,0
1,700,21.000000,42.000000,0,0,3708901,907,0,907,-40,0,27,3,0
1,700,21.000000,42.000000,0,0,3708903,929,0,929,-41,0,27,3,0
1,700,21.000000,42.000000,0,0,3708906,947,0,947,-42,0,27,3,0
1,700,21.000000,42.000000,0,0,3708909,959,0,959,-42,0,27,3,0
1,700,21.000000,42.000000,0,0,3708912,981,0,981,-43,0,27,3,0
1,700,21.000000,42.000000,0,0,3708915,1007,0,1007,-43,0,27,3,0
1,700,21.000000,42.000000,0,0,3708917,1026,0,1026,-43,0,27,3,0
1,700,21.000000,42.000000,0,0,3708920,1038,0,1038,-43,0,27,3,0
1,700,21.000000,42.000000,0,0,3708923,1062,0,1062,-43,0,27,3,0
1,700,21.000000,42.000000,0,0,3708926,1084,0,1084,-44,0,27,3,0
1,700,21.000000,42.000000,0,0,3708928,1099,0,1099,-44,0,27,3,0
1,700,21.000000,42.000000,0,0,3708931,1111,0,1111,-44,0,27,3,0
1,700,21.000000,42.000000,0,0,3708934,1120,0,1120,-44,0,27,3,0
1,700,21.000000,42.000000,0,0,3708936,1135,0,1135,-44,0,27,3,0
1,700,21.000000,42.000000,0,0,3708939,1149,0,1149,-44,0,27,3,0
1,700,21.000000,42.000000,0,0,3708942,1157,0,1157,-44,0,27,3,0
1,700,21.000000,42.000000,0,0,3708945,1164,0,1164,-44,0,27,3,0
1,700,21.000000,42.000000,0,0,3708948,1174,0,1174,-44,0,27,3,0
1,700,21.000000,42.000000,0,0,3708950,1181,0,1181,-44,0,27,3,0
1,700,21.000000,42.000000,0,0,3708953,1187,0,1187,-44,0,27,3,0
1,700,21.000000,42.000000,0,0,3708956,1193,0,1193,-44,0,27,3,0
1,700,21.000000,42.000000,0,0,3708959,1197,0,1197,-44,0,27,3,0
1,700,21.000000,42.000000,0,0,3708962,1201,0,1201,-44,0,27,3,0
1,700,21.000000,42.000000,0,0,3708964,1203,0,1203,-44,0,27,3,0
1,700,21.000000,42.000000,0,0,3708967,1205,0,1205,-44,0,27,3,0
1,700,21.000000,42.000000,0,0,3708970,1206,0,1206,-44,0,27,3,0
1,700,21.000000,42.000000,0,0,3708973,1208,0,1208,-44,0,27,3,0
1,700,21.000000,42.000000,0,0,3708976,1208,0,1208,-44,0,27,3,0
1,700,21.000000,42.000000,0,0,3708978,1208,0,1208,-44,0,27,3,0
1,700,21.000000,42.000000,0,0,3708981,1208,0,1208,-44,0,27,3,0
1,700,21.000000,42.000000,0,0,3708984,1208,0,1208,-44,0,27,3,0
1,700,21.000000,42.000000,0,0,3708987,1208,0,1208,-44,0,27,3,0
1,700,21.000000,42.000000,0,0,3708989,1208,0,1208,-44,0,27,3,0
1,700,21.000000,42.000000,0,0,3708992,1208,0,1208,-44,0,27,3,0
1,700,21.000000,42.000000,0,0,3708995,1208,0,1208,-44,0,27,3,0
1,700,21.000000,42.000000,0,0,3708998,1208,0,1208,-44,0,27,3,0
1,700,21.000000,42.000000,0,0,3709001,1208,0,1208,-44,0,27,3,0
1,700,21.000000,42.000000,0,0,3709003,1208,0,1208,-44,0,27,3,0
1,700,21.000000,42.000000,0,0,3709006,1208,0,1208,-44,0,27,3,0
1,700,21.000000,42.000000,0,0,3709009,1208,0,1208,-44,0,27,3,0
1,700,21.000000,42.000000,0,0,3709012,1208,0,1208,-44,0,27,3,0
1,700,21.000000,42.000000,0,0,3709014,1208,0,1208,-44,0,27,3,0
1,700,21.000000,42.000000,0,0,3709017,1208,0,1208,-44,0,27,3,0
1,700,21.000000,42.000000,0,0,3709020,1208,0,1208,-44,0,27,3,0
1,700,21.000000,42.000000,0,0,3709023,1208,0,1208,-44,0,27,3,0
1,700,21.000000,42.000000,0,0,3709026,1208,0,1208,-44,0,27,3,0
1,700,21.000000,42.000000,0,0,3709028,1208,0,1208,-44,0,27,3,0
1,700,21.000000,42.000000,0,0,3709031,1208,0,1208,-44,0,27,3,0
1,700,21.000000,42.000000,0,0,3709034,1208,0,1208,-44,0,27,3,0
1,700,21.000000,42.000000,0,0,3709037,1208,0,1208,-44,0,27,3,0
1,700,21.000000,42.000000,0,0,3709039,1208,0,1208,-44,0,27,3,0
1,700,21.000000,42.000000,0,0,3709042,1208,0,1208,-44,0,27,3,0
1,700,21.000000,42.000000,0,0,3709045,1208,0,1208,-44,0,27,3,0
1,700,21.000000,42.000000,0,0,3709048,1208,0,1208,-44,0,27,3,0
1,700,21.000000,42.000000,0,0,3709051,1208,0,1208,-44,0,27,3,0
1,700,21.000000,42.000000,0,0,3709053,1208,0,1208,-44,0,27,3,0
1,700,21.000000,42.000000,0,0,3709056,1208,0,1208,-44,0,27,3,0
1,700,21.000000,42.000000,0,0,3709059,1208,0,1208,-44,0,27,3,0
1,700,21.000000,42.000000,0,0,3709062,1208,0,1208,-44,0,27,3,0
1,700,21.000000,42.000000,0,0,3709065,1208,0,1208,-44,0,27,3,0
1,700,21.000000,42.000000,0,0,3709067,1208,0,1208,-44,0,27,3,0
1,700,21.000000,42.000000,0,0,3709070,1208,0,1208,-44,0,27,3,0
1,700,21.000000,42.000000,0,0,3709073,1208,0,1208,-44,0,27,3,0
1,700,21.000000,42.000000,0,0,3709076,1208,0,1208,-44,0,27,3,0
1,700,21.000000,42.000000,0,0,3709078,1208,0,1208,-44,0,27,3,0
1,700,21.000000,42.000000,0,0,3709081,1208,0,1208,-44,0,27,3,0
1,700,21.000000,42.000000,0,0,3709084,1208,0,1208,-44,0,27,3,0
1,700,21.000000,42.000000,0,0,3709087,1208,0,1208,-44,0,27,3,0
1,700,21.000000,42.000000,0,0,3709090,1208,0,1208,-44,0,27,3,0
1,700,21.000000,42.000000,0,0,3709092,1208,0,1208,-44,0,27,3,0
1,700,21.000000,42.000000,0,0,3709095,1208,0,1208,-44,0,27,3,0
1,700,21.000000,42.000000,0,0,3709098,1208,0,1208,-44,0,27,3,0
1,700,21.000000,42.000000,0,0,3709100,1208,0,1208,-44,0,27,3,0
1,700,21.000000,42.000000,0,0,3709103,1208,0,1208,-44,0,27,3,0
1,700,21.000000,42.000000,0,0,3709106,1208,0,1208,-44,0,27,3,0
1,700,21.000000,42.000000,0,0,3709109,1208,0,1208,-44,0,27,3,0
1,700,21.000000,42.000000,0,0,3709112,1208,0,1208,-44,0,27,3,0
1,700,21.000000,42.000000,0,0,3709114,1208,0,1208,-44,0,27,3,0
1,700,21.000000,42.000000,0,0,3709117,1208,0,1208,-44,0,27,3,0
1,700,21.000000,42.000000,0,0,3709120,1208,0,1208,-44,0,27,3,0
1,700,21.000000,42.000000,0,0,3709123,1208,0,1208,-44,0,27,3,0
1,700,21.000000,42.000000,0,0,3709126,1208,0,1208,-44,0,27,3,0
1,700,21.000000,42.000000,0,0,3709128,1208,0,1208,-44,0,27,3,0
1,700,21.000000,42.000000,0,0,3709131,1208,0,1208,-44,0,27,3,0
1,700,21.000000,42.000000,0,0,3709134,1208,0,1208,-44,0,27,3,0
1,700,21.000000,42.000000,0,0,3709137,1208,0,1208,-44,0,27,3,0
1,700,21.000000,42.000000,0,0,3709140,1208,0,1208,-44,0,27,3,0
1,700,21.000000,42.000000,0,0,3709143,1208,0,1208,-44,0,27,3,0
1,700,21.000000,42.000000,0,0,3709145,1208,0,1208,-44,0,27,3,0
1,700,21.000000,42.000000,0,0,3709148,1209,0,1209,-44,0,27,3,0
1,700,21.000000,42.000000,0,0,3709151,1210,0,1210,-44,0,27,3,0
1,700,21.000000,42.000000,0,0,3709153,1210,0,1210,-44,0,27,3,0
1,700,21.000000,42.000000,0,0,3709156,1211,0,1211,-44,0,27,3,0
1,700,21.000000,42.000000,0,0,3709159,1212,0,1212,-44,0,27,3,0
1,700,21.000000,42.000000,0,0,3709162,1212,0,1212,-44,0,27,3,0
1,700,21.000000,42.000000,0,0,3709165,1213,0,1213,-44,0,27,3,0
1,700,21.000000,42.000000,0,0,3709168,1214,0,1214,-44,0,27,3,0
1,700,21.000000,42.000000,0,0,3709170,1215,0,1215,-44,0,27,3,0
1,700,21.000000,42.000000,0,0,3709173,1216,0,1216,-44,0,27,3,0
1,700,21.000000,42.000000,0,0,3709176,1218,0,1218,-44,0,27,3,0
1,700,21.000000,42.000000,0,0,3709178,1219,0,1219,-44,0,27,3,0
1,700,21.000000,42.000000,0,0,3709181,1221,0,1221,-45,0,27,3,0
1,700,21.000000,42.000000,0,0,3709184,1222,0,1222,-45,0,27,3,0
1,700,21.000000,42.000000,0,0,3709187,1223,0,1223,-45,0,27,3,0
1,700,21.000000,42.000000,0,0,3709190,1224,0,1224,-45,0,27,3,0
1,700,21.000000,42.000000,0,0,3709192,1225,0,1225,-46,0,27,3,0
1,700,21.000000,42.000000,0,0,3709195,1226,0,1226,-46,0,27,3,0
1,700,21.000000,42.000000,0,0,3709198,1228,0,1228,-46,0,27,3,0
1,700,21.000000,42.000000,0,0,3709201,1231,0,1231,-46,0,27,3,0
1,700,21.000000,42.000000,0,0,3709204,1233,0,1233,-46,0,27,3,0
1,700,21.000000,42.000000,0,0,3709206,1234,0,1234,-46,0,27,3,0
1,700,21.000000,42.000000,0,0,3709209,1236,0,1236,-47,0,27,3,0
1,700,21.000000,42.000000,0,0,3709212,1238,0,1238,-48,0,27,3,0
1,700,21.000000,42.000000,0,0,3709215,1240,0,1240,-49,0,27,3,0
1,700,21.000000,42.000000,0,0,3709218,1242,0,1242,-49,0,27,3,0
1,700,21.000000,42.000000,0,0,3709220,1244,0,1244,-50,0,27,3,0
1,700,21.000000,42.000000,0,0,3709223,1246,0,1246,-51,0,27,3,0
1,700,21.000000,42.000000,0,0,3709225,1248,0,1248,-51,0,27,3,0
1,700,21.000000,42.000000,0,0,3709228,1250,0,1250,-52,0,27,3,0
1,700,21.000000,42.000000,0,0,3709231,1251,0,1251,-52,0,27,3,0
1,700,21.000000,42.000000,0,0,3709234,1252,0,1252,-52,0,27,3,0
1,700,21.000000,42.000000,0,0,3709237,1254,0,1254,-53,0,27,3,0
1,700,21.000000,42.000000,0,0,3709240,1255,0,1255,-54,0,27,3,0
1,700,21.000000,42.000000,0,0,3709242,1256,0,1256,-54,0,27,3,0
1,700,21.000000,42.000000,0,0,3709245,1258,0,1258,-54,0,27,3,0
1,700,21.000000,42.000000,0,0,3709248,1259,0,1259,-54,0,27,3,0
1,700,21.000000,42.000000,0,0,3709251,1260,0,1260,-55,0,27,3,0
1,700,21.000000,42.000000,0,0,3709253,1261,0,1261,-56,0,27,3,0
1,700,21.000000,42.000000,0,0,3709256,1262,0,1262,-56,0,27,3,0
1,700,21.000000,42.000000,0,0,3709259,1263,0,1263,-56,0,27,3,0
1,700,21.000000,42.000000,0,0,3709262,1264,0,1264,-56,0,27,3,0
1,700,21.000000,42.000000,0,0,3709265,1264,0,1264,-56,0,27,3,0
1,700,21.000000,42.000000,0,0,3709267,1265,0,1265,-57,0,27,3,0
1,700,21.000000,42.000000,0,0,3709270,1265,0,1265,-57,0,27,3,0
1,700,21.000000,42.000000,0,0,3709273,1265,0,1265,-57,0,27,3,0
1,700,21.000000,42.000000,0,0,3709276,1265,0,1265,-57,0,27,3,0
1,700,21.000000,42.000000,0,0,3709278,1265,0,1265,-57,0,27,3,0
1,700,21.000000,42.000000,0,0,3709281,1265,0,1265,-57,0,27,3,0
1,700,21.000000,42.000000,0,0,3709284,1265,0,1265,-57,0,27,3,0
1,700,21.000000,42.000000,0,0,3709287,1266,0,1266,-57,0,27,3,0
1,700,21.000000,42.000000,0,0,3709290,1266,0,1266,-57,0,27,3,0
1,700,21.000000,42.000000,0,0,3709292,1266,0,1266,-57,0,27,3,0
1,700,21.000000,42.000000,0,0,3709295,1266,0,1266,-57,0,27,3,0
1,700,21.000000,42.000000,0,0,3709298,1266,0,1266,-57,0,27,3,0
1,700,21.000000,42.000000,0,0,3709301,1266,0,1266,-57,0,27,3,0
1,700,21.000000,42.000000,0,0,3709304,1266,0,1266,-57,0,27,3,0
1,700,21.000000,42.000000,0,0,3709307,1266,0,1266,-57,0,27,3,0
1,700,21.000000,42.000000,0,0,3709310,1266,0,1266,-57,0,27,3,0
1,700,21.000000,42.000000,0,0,3709312,1266,0,1266,-57,0,27,3,0
1,700,21.000000,42.000000,0,0,3709315,1266,0,1266,-57,0,27,3,0
1,700,21.000000,42.000000,0,0,3709318,1266,0,1266,-57,0,27,3,0
1,700,21.000000,42.000000,0,0,3709321,1266,0,1266,-57,0,27,3,0
1,700,21.000000,42.000000,0,0,3709324,1266,0,1266,-57,0,27,3,0
1,700,21.000000,42.000000,0,0,3709326,1266,0,1266,-57,0,27,3,0
1,700,21.000000,42.000000,0,0,3709329,1266,0,1266,-57,0,27,3,0
1,700,21.000000,42.000000,0,0,3709332,1266,0,1266,-57,0,27,3,0
1,700,21.000000,42.000000,0,0,3709334,1266,0,1266,-57,0,27,3,0
1,700,21.000000,42.000000,0,0,3709337,1266,0,1266,-57,0,27,3,0
1,700,21.000000,42.000000,0,0,3709340,1266,0,1266,-57,0,27,3,0
1,700,21.000000,42.000000,0,0,3709343,1266,0,1266,-57,0,27,3,0
1,700,21.000000,42.000000,0,0,3709345,1266,0,1266,-57,0,27,3,0
1,700,21.000000,42.000000,0,0,3709348,1266,0,1266,-57,0,27,3,0
1,700,21.000000,42.000000,0,0,3709351,1266,0,1266,-57,0,27,3,0
1,700,21.000000,42.000000,0,0,3709353,1266,0,1266,-57,0,27,3,0
1,700,21.000000,42.000000,0,0,3709356,1266,0,1266,-57,0,27,3,0
1,700,21.000000,42.000000,0,0,3709359,1266,0,1266,-57,0,27,3,0
1,700,21.000000,42.000000,0,0,3709362,1266,0,1266,-57,0,27,3,0
1,700,21.000000,42.000000,0,0,3709365,1266,0,1266,-57,0,27,3,0
1,700,21.000000,42.000000,0,0,3709368,1266,0,1266,-57,0,27,3,0
1,700,21.000000,42.000000,0,0,3709370,1266,0,1266,-57,0,27,3,0
1,700,21.000000,42.000000,0,0,3709373,1266,0,1266,-57,0,27,3,0
1,700,21.000000,42.000000,0,0,3709376,1266,0,1266,-57,0,27,3,0
1,700,21.000000,42.000000,0,0,3709378,1266,0,1266,-57,0,27,3,0
1,700,21.000000,42.000000,0,0,3709381,1266,0,1266,-57,0,27,3,0
1,700,21.000000,42.000000,0,0,3709384,1266,0,1266,-57,0,27,3,0
1,700,21.000000,42.000000,0,0,3709387,1266,0,1266,-57,0,27,3,0
1,700,21.000000,42.000000,0,0,3709390,1267,0,1267,-57,0,27,3,0
1,700,21.000000,42.000000,0,0,3709393,1268,0,1268,-58,0,27,3,0
1,700,21.000000,42.000000,0,0,3709395,1269,0,1269,-59,0,27,3,0
1,700,21.000000,42.000000,0,0,3709398,1270,0,1270,-59,0,27,3,0
1,700,21.000000,42.000000,0,0,3709401,1271,0,1271,-59,0,27,3,0
1,700,21.000000,42.000000,0,0,3709404,1271,0,1271,-59,0,27,3,0
1,700,21.000000,42.000000,0,0,3709407,1271,0,1271,-59,0,27,3,0
1,700,21.000000,42.000000,0,0,3709410,1271,0,1271,-59,0,27,3,0
1,700,21.000000,42.000000,0,0,3709412,1271,0,1271,-59,0,27,3,0
1,700,21.000000,42.000000,0,0,3709415,1271,0,1271,-59,0,27,3,0
1,700,21.000000,42.000000,0,0,3709418,1272,0,1272,-60,0,27,3,0
1,700,21.000000,42.000000,0,0,3709421,1272,0,1272,-60,0,27,3,0
1,700,21.000000,42.000000,0,0,3709423,1272,0,1272,-60,0,27,3,0
1,700,21.000000,42.000000,0,0,3709426,1272,0,1272,-60,0,27,3,0
1,700,21.000000,42.000000,0,0,3709428,1272,0,1272,-60,0,27,3,0
1,700,21.000000,42.000000,0,0,3709431,1272,0,1272,-60,0,27,3,0
1,700,21.000000,42.000000,0,0,3709434,1272,0,1272,-60,0,27,3,0
1,700,21.000000,42.000000,0,0,3709437,1272,0,1272,-60,0,27,3,0
1,700,21.000000,42.000000,0,0,3709440,1272,0,1272,-60,0,27,3,0
1,700,21.000000,42.000000,0,0,3709442,1273,0,1273,-60,0,27,3,0
1,700,21.000000,42.000000,0,0,3709445,1274,0,1274,-60,0,27,3,0
1,700,21.000000,42.000000,0,0,3709448,1274,0,1274,-61,0,27,3,0
1,700,21.000000,42.000000,0,0,3709451,1274,0,1274,-62,0,27,3,0
1,700,21.000000,42.000000,0,0,3709454,1275,0,1275,-62,0,27,3,0
1,700,21.000000,42.000000,0,0,3709456,1276,0,1276,-62,0,27,3,0
1,700,21.000000,42.000000,0,0,3709459,1277,0,1277,-62,0,27,3,0
1,700,21.000000,42.000000,0,0,3709462,1278,0,1278,-62,0,27,3,0
1,700,21.000000,42.000000,0,0,3709465,1279,0,1279,-62,0,27,3,0
1,700,21.000000,42.000000,0,0,3709468,1281,0,1281,-62,0,27,3,0
1,700,21.000000,42.000000,0,0,3709470,1283,0,1283,-63,0,27,3,0
1,700,21.000000,42.000000,0,0,3709473,1285,0,1285,-64,0,27,3,0
1,700,21.000000,42.000000,0,0,3709476,1287,0,1287,-65,0,27,3,0
1,700,21.000000,42.000000,0,0,3709479,1288,0,1288,-66,0,27,3,0
1,700,21.000000,42.000000,0,0,3709481,1289,0,1289,-66,0,27,3,0
1,700,21.000000,42.000000,0,0,3709484,1290,0,1290,-67,0,27,3,0
1,700,21.000000,42.000000,0,0,3709487,1291,0,1291,-67,0,27,3,0
1,700,21.000000,42.000000,0,0,3709490,1292,0,1292,-67,0,27,3,0
1,700,21.000000,42.000000,0,0,3709493,1293,0,1293,-68,0,27,3,0
1,700,21.000000,42.000000,0,0,3709495,1295,0,1295,-69,0,27,3,0
1,700,21.000000,42.000000,0,0,3709498,1296,0,1296,-69,0,27,3,0
1,700,21.000000,42.000000,0,0,3709501,1297,0,1297,-70,0,27,3,0
1,700,21.000000,42.000000,0,0,3709504,1298,0,1298,-71,0,27,3,0
1,700,21.000000,42.000000,0,0,3709507,1299,0,1299,-71,0,27,3,0
1,700,21.000000,42.000000,0,0,3709509,1301,0,1301,-71,0,27,3,0
1,700,21.000000,42.000000,0,0,3709512,1301,0,1301,-72,0,27,3,0
1,700,21.000000,42.000000,0,0,3709515,1301,0,1301,-73,0,27,3,0
1,700,21.000000,42.000000,0,0,3709518,1302,0,1302,-73,0,27,3,0
1,700,21.000000,42.000000,0,0,3709521,1302,0,1302,-73,0,27,3,0
1,700,21.000000,42.000000,0,0,3709523,1302,0,1302,-73,0,27,3,0
1,700,21.000000,42.000000,0,0,3709526,1302,0,1302,-73,0,27,3,0
1,700,21.000000,42.000000,0,0,3709528,1302,0,1302,-73,0,27,3,0
1,700,21.000000,42.000000,0,0,3709531,1303,0,1303,-73,0,27,3,0
1,700,21.000000,42.000000,0,0,3709534,1303,0,1303,-74,0,27,3,0
1,700,21.000000,42.000000,0,0,3709537,1303,0,1303,-75,0,27,3,0
1,700,21.000000,42.000000,0,0,3709540,1303,0,1303,-75,0,27,3,0
1,700,21.000000,42.000000,0,0,3709542,1303,0,1303,-75,0,27,3,0
1,700,21.000000,42.000000,0,0,3709545,1304,0,1304,-75,0,27,3,0
1,700,21.000000,42.000000,0,0,3709548,1304,0,1304,-75,0,27,3,0
1,700,21.000000,42.000000,0,0,3709551,1304,0,1304,-75,0,27,3,0
1,700,21.000000,42.000000,0,0,3709554,1305,0,1305,-75,0,27,3,0
1,700,21.000000,42.000000,0,0,3709556,1305,0,1305,-75,0,27,3,0
1,700,21.000000,42.000000,0,0,3709559,1305,0,1305,-75,0,27,3,0
1,700,21.000000,42.000000,0,0,3709562,1305,0,1305,-75,0,27,3,0
1,700,21.000000,42.000000,0,0,3709565,1305,0,1305,-75,0,27,3,0
1,700,21.000000,42.000000,0,0,3709567,1305,0,1305,-75,0,27,3,0
1,700,21.000000,42.000000,0,0,3709571,1305,0,1305,-75,0,27,3,0
1,700,21.000000,42.000000,0,0,3709573,1305,0,1305,-75,0,27,3,0
1,700,21.000000,42.000000,0,0,3709576,1305,0,1305,-75,0,27,3,0
1,700,21.000000,42.000000,0,0,3709579,1305,0,1305,-75,0,27,3,0
1,700,21.000000,42.000000,0,0,3709582,1305,0,1305,-75,0,27,3,0
1,700,21.000000,42.000000,0,0,3709584,1305,0,1305,-75,0,27,3,0
1,700,21.000000,42.000000,0,0,3709587,1305,0,1305,-75,0,27,3,0
1,700,21.000000,42.000000,0,0,3709590,1305,0,1305,-75,0,27,3,0
1,700,21.000000,42.000000,0,0,3709593,1305,0,1305,-75,0,27,3,0
1,700,21.000000,42.000000,0,0,3709596,1305,0,1305,-75,0,27,3,0
1,700,21.000000,42.000000,0,0,3709598,1305,0,1305,-75,0,27,3,0
1,700,21.000000,42.000000,0,0,3709601,1305,0,1305,-75,0,27,3,0
1,700,21.000000,42.000000,0,0,3709604,1305,0,1305,-75,0,27,3,0
1,700,21.000000,42.000000,0,0,3709606,1305,0,1305,-75,0,27,3,0
1,700,21.000000,42.000000,0,0,3709609,1305,0,1305,-75,0,27,3,0
1,700,21.000000,42.000000,0,0,3709612,1305,0,1305,-75,0,27,3,0
1,700,21.000000,42.000000,0,0,3709615,1305,0,1305,-75,0,27,3,0
1,700,21.000000,42.000000,0,0,3709618,1305,0,1305,-75,0,27,3,0
1,700,21.000000,42.000000,0,0,3709620,1305,0,1305,-75,0,27,3,0
1,700,21.000000,42.000000,0,0,3709623,1305,0,1305,-75,0,27,3,0
1,700,21.000000,42.000000,0,0,3709626,1305,0,1305,-75,0,27,3,0
1,700,21.000000,42.000000,0,0,3709629,1305,0,1305,-75,0,27,3,0
1,700,21.000000,42.000000,0,0,3709632,1305,0,1305,-75,0,27,3,0
1,700,21.000000,42.000000,0,0,3709634,1305,0,1305,-75,0,27,3,0
1,700,21.000000,42.000000,0,0,3709637,1305,0,1305,-75,0,27,3,0
1,700,21.000000,42.000000,0,0,3709640,1305,0,1305,-75,0,27,3,0
1,700,21.000000,42.000000,0,0,3709643,1305,0,1305,-75,0,27,3,0
1,700,21.000000,42.000000,0,0,3709646,1305,0,1305,-75,0,27,3,0
1,700,21.000000,42.000000,0,0,3709648,1305,0,1305,-75,0,27,3,0
1,700,21.000000,42.000000,0,0,3709651,1305,0,1305,-75,0,27,3,0
1,700,21.000000,42.000000,0,0,3709654,1305,0,1305,-75,0,27,3,0
1,700,21.000000,42.000000,0,0,3709657,1305,0,1305,-75,0,27,3,0
1,700,21.000000,42.000000,0,0,3709660,1305,0,1305,-75,0,27,3,0
1,700,21.000000,42.000000,0,0,3709662,1305,0,1305,-75,0,27,3,0
1,700,21.000000,42.000000,0,0,3709665,1305,0,1305,-75,0,27,3,0
1,700,21.000000,42.000000,0,0,3709667,1305,0,1305,-75,0,27,3,0
1,700,21.000000,42.000000,0,0,3709671,1305,0,1305,-75,0,27,3,0
1,700,21.000000,42.000000,0,0,3709673,1305,0,1305,-75,0,27,3,0
1,700,21.000000,42.000000,0,0,3709676,1305,0,1305,-75,0,27,3,0
1,700,21.000000,42.000000,0,0,3709679,1305,0,1305,-75,0,27,3,0
1,700,21.000000,42.000000,0,0,3709682,1305,0,1305,-75,0,27,3,0
1,700,21.000000,42.000000,0,0,3709684,1305,0,1305,-75,0,27,3,0
1,700,21.000000,42.000000,0,0,3709687,1305,0,1305,-75,0,27,3,0
1,700,21.000000,42.000000,0,0,3709690,1305,0,1305,-75,0,27,3,0
1,700,21.000000,42.000000,0,0,3709703,1305,0,1305,-75,0,27,3,0
