1,700,21.000000,42.000000,1,0,3759662,613,0,613,0,0,28,4,1
1,700,21.000000,42.000000,1,0,3759663,613,0,613,0,0,28,4,1
1,700,21.000000,42.000000,1,0,3759666,613,0,613,0,0,28,4,1
1,700,21.000000,42.000000,1,0,3759668,613,0,613,0,0,28,4,1
1,700,21.000000,42.000000,1,0,3759671,613,0,613,0,0,28,4,1
1,700,21.000000,42.000000,1,0,3759674,613,0,613,0,0,28,4,1
1,700,21.000000,42.000000,1,0,3759677,613,0,613,0,0,28,4,1
1,700,21.000000,42.000000,1,0,3759679,613,0,613,0,0,28,4,1
1,700,21.000000,42.000000,1,0,3759682,613,0,613,0,0,28,4,1
1,700,21.000000,42.000000,1,0,3759685,613,0,613,0,0,28,4,1
1,700,21.000000,42.000000,1,0,3759688,613,0,613,0,0,28,4,1
1,700,21.000000,42.000000,1,0,3759690,613,0,613,0,0,28,4,1
1,700,21.000000,42.000000,1,0,3759693,613,0,613,0,0,28,4,1
1,700,21.000000,42.000000,1,0,3759696,613,0,613,0,0,28,4,1
1,700,21.000000,42.000000,1,0,3759699,613,0,613,0,0,28,4,1
1,700,21.000000,42.000000,1,0,3759701,613,0,613,0,0,28,4,1
1,700,21.000000,42.000000,1,0,3759705,613,0,613,0,0,28,4,1
1,700,21.000000,42.000000,1,0,3759707,613,0,613,0,0,28,4,1
1,700,21.000000,42.000000,1,0,3759710,613,0,613,0,0,28,4,1
1,700,21.000000,42.000000,1,0,3759713,613,0,613,0,0,28,4,1
1,700,21.000000,42.000000,1,0,3759716,613,0,613,0,0,28,4,1
1,700,21.000000,42.000000,1,0,3759718,613,0,613,0,0,28,4,1
1,700,21.000000,42.000000,1,0,3759721,613,0,613,0,0,28,4,1
1,700,21.000000,42.000000,1,0,3759724,613,0,613,0,0,28,4,1
1,700,21.000000,42.000000,1,0,3759726,613,0,613,0,0,28,4,1
1,700,21.000000,42.000000,1,0,3759729,613,0,613,0,0,28,4,1
1,700,21.000000,42.000000,1,0,3759732,613,0,613,0,0,28,4,1
1,700,21.000000,42.000000,1,0,3759735,613,0,613,0,0,28,4,1
1,700,21.000000,42.000000,1,0,3759738,613,0,613,0,0,28,4,1
1,700,21.000000,42.000000,1,0,3759740,613,0,613,0,0,28,4,1
1,700,21.000000,42.000000,1,0,3759743,613,0,613,0,0,28,4,1
1,700,21.000000,42.000000,1,0,3759746,613,0,613,0,0,28,4,1
1,700,21.000000,42.000000,1,0,3759749,613,0,613,0,0,28,4,1
1,700,21.000000,42.000000,1,0,3759752,613,0,613,0,0,28,4,1
1,700,21.000000,42.000000,1,0,3759755,613,0,613,0,0,28,4,1
1,700,21.000000,42.000000,1,0,3759757,613,0,613,0,0,28,4,1
1,700,21.000000,42.000000,1,0,3759760,613,0,613,0,0,28,4,1
1,700,21.000000,42.000000,1,0,3759763,613,0,613,0,0,28,4,1
1,700,21.000000,42.000000,1,0,3759766,613,0,613,0,0,28,4,1
1,700,21.000000,42.000000,1,0,3759768,613,0,613,0,0,28,4,1
1,700,21.000000,42.000000,1,0,3759771,613,0,613,0,0,28,4,1
1,700,21.000000,42.000000,1,0,3759774,613,0,613,0,0,28,4,1
1,700,21.000000,42.000000,1,0,3759777,613,0,613,0,0,28,4,1
1,700,21.000000,42.000000,1,0,3759780,613,0,613,0,0,28,4,1
1,700,21.000000,42.000000,1,0,3759783,614,0,614,0,0,28,4,1
1,700,21.000000,42.000000,1,0,3759785,614,0,614,0,0,28,4,1
1,700,21.000000,42.000000,1,0,3759788,616,0,616,0,0,28,4,1
1,700,21.000000,42.000000,1,0,3759790,617,0,617,0,0,28,4,1
1,700,21.000000,42.000000,1,0,3759793,618,0,618,0,0,28,4,1
1,700,21.000000,42.000000,1,0,3759796,620,0,620,0,0,28,4,1
1,700,21.000000,42.000000,1,0,3759799,622,0,622,0,0,28,4,1
1,700,21.000000,42.000000,1,0,3759801,624,0,624,0,0,28,4,1
1,700,21.000000,42.000000,1,0,3759804,627,0,627,-1,0,28,4,1
1,700,21.000000,42.000000,1,0,3759807,630,0,630,-2,0,28,4,1
1,700,21.000000,42.000000,1,0,3759810,633,0,633,-2,0,28,4,1
1,700,21.000000,42.000000,1,0,3759813,635,0,635,-2,0,28,4,1
1,700,21.000000,42.000000,1,0,3759815,639,0,639,-3,0,28,4,1
1,700,21.000000,42.000000,1,0,3759818,646,0,646,-3,0,28,4,1
1,700,21.000000,42.000000,1,0,3759821,649,0,649,-4,0,28,4,1
1,700,21.000000,42.000000,1,0,3759824,655,0,655,-5,0,28,4,1
1,700,21.000000,42.000000,1,0,3759827,661,0,661,-5,0,28,4,1
1,700,21.000000,42.000000,1,0,3759830,668,0,668,-5,0,28,4,1
1,700,21.000000,42.000000,1,0,3759832,674,0,674,-5,0,28,4,1
1,700,21.000000,42.000000,1,0,3759835,684,0,684,-5,0,28,4,1
1,700,21.000000,42.000000,1,0,3759838,692,0,692,-5,0,28,4,1
1,700,21.000000,42.000000,1,0,3759840,703,0,703,-5,0,28,4,1
1,700,21.000000,42.000000,1,0,3759843,709,0,709,-5,0,28,4,1
1,700,21.000000,42.000000,1,0,3759846,720,0,720,-5,0,28,4,1
1,700,21.000000,42.000000,1,0,3759849,730,0,730,-5,0,28,4,1
1,700,21.000000,42.000000,1,0,3759852,739,0,739,-5,0,28,4,1
1,700,21.000000,42.000000,1,0,3759855,748,0,748,-5,0,28,4,1
1,700,21.000000,42.000000,1,0,3759858,754,0,754,-5,0,28,4,1
1,700,21.000000,42.000000,1,0,3759861,761,1,761,-4,0,28,4,1
1,700,21.000000,42.000000,1,0,3759864,771,2,771,-3,0,28,4,1
1,700,21.000000,42.000000,1,0,3759866,781,4,781,-1,0,28,4,1
1,700,21.000000,42.000000,1,0,3759869,787,4,787,-1,0,28,4,1
1,700,21.000000,42.000000,1,0,3759872,790,5,790,0,0,28,4,1
1,700,21.000000,42.000000,1,0,3759875,796,5,796,0,0,28,4,1
1,700,21.000000,42.000000,1,0,3759878,802,6,802,1,0,28,4,1
1,700,21.000000,42.000000,1,0,3759880,808,7,808,2,0,28,4,1
1,700,21.000000,42.000000,1,0,3759883,814,9,814,4,0,28,4,1
1,700,21.000000,42.000000,1,0,3759886,820,10,820,5,0,28,4,1
1,700,21.000000,42.000000,1,0,3759889,825,11,825,6,0,28,4,1
1,700,21.000000,42.000000,1,0,3759891,830,12,830,7,0,28,4,1
1,700,21.000000,42.000000,1,0,3759894,835,13,835,8,0,28,4,1
1,700,21.000000,42.000000,1,0,3759897,844,15,844,10,0,28,4,1
1,700,21.000000,42.000000,1,0,3759900,849,17,849,12,0,28,4,1
1,700,21.000000,42.000000,1,0,3759903,855,18,855,13,0,28,4,1
1,700,21.000000,42.000000,1,0,3759906,863,20,863,15,0,28,4,1
1,700,21.000000,42.000000,1,0,3759909,868,21,868,16,0,28,4,1
1,700,21.000000,42.000000,1,0,3759911,871,22,871,17,0,28,4,1
1,700,21.000000,42.000000,1,0,3759914,876,23,876,18,0,28,4,1
1,700,21.000000,42.000000,1,0,3759917,881,25,881,20,0,28,4,1
1,700,21.000000,42.000000,1,0,3759919,886,26,886,21,0,28,4,1
1,700,21.000000,42.000000,1,0,3759922,892,27,892,22,0,28,4,1
1,700,21.000000,42.000000,1,0,3759925,897,28,897,23,0,28,4,1
1,700,21.000000,42.000000,1,0,3759927,899,29,899,24,0,28,4,1
1,700,21.000000,42.000000,1,0,3759930,906,31,906,26,0,28,4,1
1,700,21.000000,42.000000,1,0,3759933,908,32,908,27,0,28,4,1
1,700,21.000000,42.000000,1,0,3759936,912,33,912,28,0,28,4,1
1,700,21.000000,42.000000,1,0,3759938,918,34,918,29,0,28,4,1
1,700,21.000000,42.000000,1,0,3759941,925,35,925,30,0,28,4,1
1,700,21.000000,42.000000,1,0,3759944,932,37,932,32,0,28,4,1
1,700,21.000000,42.000000,1,0,3759947,937,38,937,33,0,28,4,1
1,700,21.000000,42.000000,1,0,3759950,941,39,941,34,0,28,4,1
1,700,21.000000,42.000000,1,0,3759952,947,40,947,35,0,28,4,1
1,700,21.000000,42.000000,1,0,3759955,950,40,950,35,0,28,4,1
1,700,21.000000,42.000000,1,0,3759958,954,41,954,36,0,28,4,1
1,700,21.000000,42.000000,1,0,3759961,961,42,961,37,0,28,4,1
1,700,21.000000,42.000000,1,0,3759964,965,42,965,37,0,28,4,1
1,700,21.000000,42.000000,1,0,3759966,973,43,973,38,0,28,4,1
1,700,21.000000,42.000000,1,0,3759969,979,44,979,39,0,28,4,1
1,700,21.000000,42.000000,1,0,3759972,983,45,983,40,0,28,4,1
1,700,21.000000,42.000000,1,0,3759975,990,46,990,41,0,28,4,1
1,700,21.000000,42.000000,1,0,3759978,995,46,995,41,0,28,4,1
1,700,21.000000,42.000000,1,0,3759980,998,47,998,42,0,28,4,1
1,700,21.000000,42.000000,1,0,3759983,1003,47,1003,42,0,28,4,1
1,700,21.000000,42.000000,1,0,3759986,1009,47,1009,42,0,28,4,1
1,700,21.000000,42.000000,1,0,3759989,1014,48,1014,43,0,28,4,1
1,700,21.000000,42.000000,1,0,3759992,1020,48,1020,43,0,28,4,1
1,700,21.000000,42.000000,1,0,3759994,1023,48,1023,43,0,28,4,1
1,700,21.000000,42.000000,1,0,3759997,1027,48,1027,43,0,28,4,1
1,700,21.000000,42.000000,1,0,3759999,1031,48,1031,43,0,28,4,1
1,700,21.000000,42.000000,1,0,3760002,1035,48,1035,43,0,28,4,1
1,700,21.000000,42.000000,1,0,3760005,1041,48,1041,43,0,28,4,1
1,700,21.000000,42.000000,1,0,3760008,1046,48,1046,43,0,28,4,1
1,700,21.000000,42.000000,1,0,3760011,1048,48,1048,43,0,28,4,1
1,700,21.000000,42.000000,1,0,3760014,1052,48,1052,43,0,28,4,1
1,700,21.000000,42.000000,1,0,3760017,1056,48,1056,43,0,28,4,1
1,700,21.000000,42.000000,1,0,3760019,1059,48,1059,43,0,28,4,1
1,700,21.000000,42.000000,1,0,3760022,1060,48,1060,43,0,28,4,1
1,700,21.000000,42.000000,1,0,3760025,1064,48,1064,43,0,28,4,1
1,700,21.000000,42.000000,1,0,3760027,1067,48,1067,43,0,28,4,1
1,700,21.000000,42.000000,1,0,3760030,1071,48,1071,43,0,28,4,1
1,700,21.000000,42.000000,1,0,3760033,1074,48,1074,43,0,28,4,1
1,700,21.000000,42.000000,1,0,3760036,1077,48,1077,43,0,28,4,1
1,700,21.000000,42.000000,1,0,3760038,1080,48,1080,43,0,28,4,1
1,700,21.000000,42.000000,1,0,3760041,1081,48,1081,43,0,28,4,1
1,700,21.000000,42.000000,1,0,3760044,1083,48,1083,43,0,28,4,1
1,700,21.000000,42.000000,1,0,3760047,1086,48,1086,43,0,28,4,1
1,700,21.000000,42.000000,1,0,3760049,1089,47,1089,42,0,28,4,1
1,700,21.000000,42.000000,1,0,3760052,1090,47,1090,42,0,28,4,1
1,700,21.000000,42.000000,1,0,3760055,1092,46,1092,41,0,28,4,1
1,700,21.000000,42.000000,1,0,3760058,1095,46,1095,41,0,28,4,1
1,700,21.000000,42.000000,1,0,3760060,1097,46,1097,41,0,28,4,1
1,700,21.000000,42.000000,1,0,3760063,1100,45,1100,40,0,28,4,1
1,700,21.000000,42.000000,1,0,3760066,1103,44,1103,39,0,28,4,1
1,700,21.000000,42.000000,1,0,3760068,1106,44,1106,39,0,28,4,1
1,700,21.000000,42.000000,1,0,3760071,1109,43,1109,38,0,28,4,1
1,700,21.000000,42.000000,1,0,3760074,1112,42,1112,37,0,28,4,1
1,700,21.000000,42.000000,1,0,3760077,1113,42,1113,37,0,28,4,1
1,700,21.000000,42.000000,1,0,3760079,1114,41,1114,36,0,28,4,1
1,700,21.000000,42.000000,1,0,3760082,1115,41,1115,36,0,28,4,1
1,700,21.000000,42.000000,1,0,3760085,1116,41,1116,36,0,28,4,1
1,700,21.000000,42.000000,1,0,3760088,1117,40,1117,35,0,28,4,1
1,700,21.000000,42.000000,1,0,3760091,1119,40,1119,35,0,28,4,1
1,700,21.000000,42.000000,1,0,3760093,1120,40,1120,35,0,28,4,1
1,700,21.000000,42.000000,1,0,3760096,1121,40,1121,35,0,28,4,1
1,700,21.000000,42.000000,1,0,3760099,1123,40,1123,35,0,28,4,1
1,700,21.000000,42.000000,1,0,3760102,1124,39,1124,34,0,28,4,1
1,700,21.000000,42.000000,1,0,3760105,1125,39,1125,34,0,28,4,1
1,700,21.000000,42.000000,1,0,3760108,1126,39,1126,34,0,28,4,1
1,700,21.000000,42.000000,1,0,3760110,1128,39,1128,34,0,28,4,1
1,700,21.000000,42.000000,1,0,3760113,1129,38,1129,33,0,28,4,1
1,700,21.000000,42.000000,1,0,3760116,1130,38,1130,33,0,28,4,1
1,700,21.000000,42.000000,1,0,3760119,1131,38,1131,33,0,28,4,1
1,700,21.000000,42.000000,1,0,3760121,1132,38,1132,33,0,28,4,1
1,700,21.000000,42.000000,1,0,3760124,1133,38,1133,33,0,28,4,1
1,700,21.000000,42.000000,1,0,3760127,1134,37,1134,32,0,28,4,1
1,700,21.000000,42.000000,1,0,3760130,1135,37,1135,32,0,28,4,1
1,700,21.000000,42.000000,1,0,3760133,1136,36,1136,31,0,28,4,1
1,700,21.000000,42.000000,1,0,3760135,1137,36,1137,31,0,28,4,1
1,700,21.000000,42.000000,1,0,3760138,1138,36,1138,31,0,28,4,1
1,700,21.000000,42.000000,1,0,3760141,1139,36,1139,31,0,28,4,1
1,700,21.000000,42.000000,1,0,3760143,1139,35,1139,30,0,28,4,1
1,700,21.000000,42.000000,1,0,3760146,1140,34,1140,29,0,28,4,1
1,700,21.000000,42.000000,1,0,3760149,1141,34,1141,29,0,28,4,1
1,700,21.000000,42.000000,1,0,3760152,1142,34,1142,29,0,28,4,1
1,700,21.000000,42.000000,1,0,3760155,1143,34,1143,29,0,28,4,1
1,700,21.000000,42.000000,1,0,3760157,1144,33,1144,28,0,28,4,1
1,700,21.000000,42.000000,1,0,3760160,1145,33,1145,28,0,28,4,1
1,700,21.000000,42.000000,1,0,3760163,1146,33,1146,28,0,28,4,1
1,700,21.000000,42.000000,1,0,3760166,1148,33,1148,28,0,28,4,1
1,700,21.000000,42.000000,1,0,3760168,1150,33,1150,28,0,28,4,1
1,700,21.000000,42.000000,1,0,3760171,1151,33,1151,28,0,28,4,1
1,700,21.000000,42.000000,1,0,3760174,1153,32,1153,27,0,28,4,1
1,700,21.000000,42.000000,1,0,3760177,1155,32,1155,27,0,28,4,1
1,700,21.000000,42.000000,1,0,3760180,1157,32,1157,27,0,28,4,1
1,700,21.000000,42.000000,1,0,3760183,1159,32,1159,27,0,28,4,1
1,700,21.000000,42.000000,1,0,3760185,1161,31,1161,26,0,28,4,1
1,700,21.000000,42.000000,1,0,3760188,1165,31,1165,26,0,28,4,1
1,700,21.000000,42.000000,1,0,3760191,1168,31,1168,26,0,28,4,1
1,700,21.000000,42.000000,1,0,3760194,1170,31,1170,26,0,28,4,1
1,700,21.000000,42.000000,1,0,3760197,1173,30,1173,25,0,28,4,1
1,700,21.000000,42.000000,1,0,3760200,1176,30,1176,25,0,28,4,1
1,700,21.000000,42.000000,1,0,3760202,1179,30,1179,25,0,28,4,1
1,700,21.000000,42.000000,1,0,3760205,1182,29,1182,24,0,28,4,1
1,700,21.000000,42.000000,1,0,3760207,1184,29,1184,24,0,28,4,1
1,700,21.000000,42.000000,1,0,3760210,1186,29,1186,24,0,28,4,1
1,700,21.000000,42.000000,1,0,3760213,1190,28,1190,23,0,28,4,1
1,700,21.000000,42.000000,1,0,3760216,1193,28,1193,23,0,28,4,1
1,700,21.000000,42.000000,1,0,3760218,1198,28,1198,23,0,28,4,1
1,700,21.000000,42.000000,1,0,3760221,1200,28,1200,23,0,28,4,1
1,700,21.000000,42.000000,1,0,3760224,1202,28,1202,23,0,28,4,1
1,700,21.000000,42.000000,1,0,3760227,1203,28,1203,23,0,28,4,1
1,700,21.000000,42.000000,1,0,3760230,1205,28,1205,23,0,28,4,1
1,700,21.000000,42.000000,1,0,3760233,1207,27,1207,22,0,28,4,1
1,700,21.000000,42.000000,1,0,3760235,1208,27,1208,22,0,28,4,1
1,700,21.000000,42.000000,1,0,3760238,1209,27,1209,22,0,28,4,1
1,700,21.000000,42.000000,1,0,3760241,1210,27,1210,22,0,28,4,1
1,700,21.000000,42.000000,1,0,3760244,1211,27,1211,22,0,28,4,1
1,700,21.000000,42.000000,1,0,3760247,1212,27,1212,22,0,28,4,1
1,700,21.000000,42.000000,1,0,3760249,1213,27,1213,22,0,28,4,1
1,700,21.000000,42.000000,1,0,3760252,1214,27,1214,22,0,28,4,1
1,700,21.000000,42.000000,1,0,3760255,1215,27,1215,22,0,28,4,1
1,700,21.000000,42.000000,1,0,3760258,1217,27,1217,22,0,28,4,1
1,700,21.000000,42.000000,1,0,3760260,1218,27,1218,22,0,28,4,1
1,700,21.000000,42.000000,1,0,3760263,1219,27,1219,22,0,28,4,1
1,700,21.000000,42.000000,1,0,3760266,1220,27,1220,22,0,28,4,1
1,700,21.000000,42.000000,1,0,3760269,1221,27,1221,22,0,28,4,1
1,700,21.000000,42.000000,1,0,3760271,1223,27,1223,22,0,28,4,1
1,700,21.000000,42.000000,1,0,3760274,1224,27,1224,22,0,28,4,1
1,700,21.000000,42.000000,1,0,3760277,1225,27,1225,22,0,28,4,1
1,700,21.000000,42.000000,1,0,3760280,1225,26,1225,21,0,28,4,1
1,700,21.000000,42.000000,1,0,3760282,1226,25,1226,20,0,28,4,1
1,700,21.000000,42.000000,1,0,3760285,1226,25,1226,20,0,28,4,1
1,700,21.000000,42.000000,1,0,3760288,1227,25,1227,20,0,28,4,1
1,700,21.000000,42.000000,1,0,3760291,1228,25,1228,20,0,28,4,1
1,700,21.000000,42.000000,1,0,3760294,1229,25,1229,20,0,28,4,1
1,700,21.000000,42.000000,1,0,3760296,1229,25,1229,20,0,28,4,1
1,700,21.000000,42.000000,1,0,3760299,1230,25,1230,20,0,28,4,1
1,700,21.000000,42.000000,1,0,3760302,1230,25,1230,20,0,28,4,1
1,700,21.000000,42.000000,1,0,3760305,1231,25,1231,20,0,28,4,1
1,700,21.000000,42.000000,1,0,3760308,1232,25,1232,20,0,28,4,1
1,700,21.000000,42.000000,1,0,3760310,1233,25,1233,20,0,28,4,1
1,700,21.000000,42.000000,1,0,3760313,1233,24,1233,19,0,28,4,1
1,700,21.000000,42.000000,1,0,3760316,1234,23,1234,18,0,28,4,1
1,700,21.000000,42.000000,1,0,3760319,1235,23,1235,18,0,28,4,1
1,700,21.000000,42.000000,1,0,3760322,1237,23,1237,18,0,28,4,1
1,700,21.000000,42.000000,1,0,3760324,1238,23,1238,18,0,28,4,1
1,700,21.000000,42.000000,1,0,3760327,1239,22,1239,17,0,28,4,1
1,700,21.000000,42.000000,1,0,3760330,1241,22,1241,17,0,28,4,1
1,700,21.000000,42.000000,1,0,3760333,1242,22,1242,17,0,28,4,1
1,700,21.000000,42.000000,1,0,3760336,1243,22,1243,17,0,28,4,1
1,700,21.000000,42.000000,1,0,3760338,1244,21,1244,16,0,28,4,1
1,700,21.000000,42.000000,1,0,3760341,1245,21,1245,16,0,28,4,1
1,700,21.000000,42.000000,1,0,3760344,1246,20,1246,15,0,28,4,1
1,700,21.000000,42.000000,1,0,3760346,1247,20,1247,15,0,28,4,1
1,700,21.000000,42.000000,1,0,3760349,1248,20,1248,15,0,28,4,1
1,700,21.000000,42.000000,1,0,3760352,1249,20,1249,15,0,28,4,1
1,700,21.000000,42.000000,1,0,3760355,1251,20,1251,15,0,28,4,1
1,700,21.000000,42.000000,1,0,3760357,1253,20,1253,15,0,28,4,1
1,700,21.000000,42.000000,1,0,3760360,1254,19,1254,14,0,28,4,1
1,700,21.000000,42.000000,1,0,3760363,1255,19,1255,14,0,28,4,1
1,700,21.000000,42.000000,1,0,3760366,1256,19,1256,14,0,28,4,1
1,700,21.000000,42.000000,1,0,3760369,1258,19,1258,14,0,28,4,1
1,700,21.000000,42.000000,1,0,3760371,1259,19,1259,14,0,28,4,1
1,700,21.000000,42.000000,1,0,3760374,1260,19,1260,14,0,28,4,1
1,700,21.000000,42.000000,1,0,3760377,1261,18,1261,13,0,28,4,1
1,700,21.000000,42.000000,1,0,3760380,1262,18,1262,13,0,28,4,1
1,700,21.000000,42.000000,1,0,3760382,1263,18,1263,13,0,28,4,1
1,700,21.000000,42.000000,1,0,3760385,1263,17,1263,12,0,28,4,1
1,700,21.000000,42.000000,1,0,3760388,1264,17,1264,12,0,28,4,1
1,700,21.000000,42.000000,1,0,3760391,1265,17,1265,12,0,28,4,1
1,700,21.000000,42.000000,1,0,3760394,1266,17,1266,12,0,28,4,1
1,700,21.000000,42.000000,1,0,3760396,1267,17,1267,12,0,28,4,1
1,700,21.000000,42.000000,1,0,3760399,1268,17,1268,12,0,28,4,1
1,700,21.000000,42.000000,1,0,3760402,1269,17,1269,12,0,28,4,1
1,700,21.000000,42.000000,1,0,3760405,1271,17,1271,12,0,28,4,1
1,700,21.000000,42.000000,1,0,3760408,1271,16,1271,11,0,28,4,1
1,700,21.000000,42.000000,1,0,3760411,1272,15,1272,10,0,28,4,1
1,700,21.000000,42.000000,1,0,3760413,1273,15,1273,10,0,28,4,1
1,700,21.000000,42.000000,1,0,3760416,1275,15,1275,10,0,28,4,1
1,700,21.000000,42.000000,1,0,3760419,1276,15,1276,10,0,28,4,1
1,700,21.000000,42.000000,1,0,3760421,1277,14,1277,9,0,28,4,1
1,700,21.000000,42.000000,1,0,3760424,1279,13,1279,8,0,28,4,1
1,700,21.000000,42.000000,1,0,3760427,1280,13,1280,8,0,28,4,1
1,700,21.000000,42.000000,1,0,3760430,1281,13,1281,8,0,28,4,1
1,700,21.000000,42.000000,1,0,3760433,1282,13,1282,8,0,28,4,1
1,700,21.000000,42.000000,1,0,3760436,1283,12,1283,7,0,28,4,1
1,700,21.000000,42.000000,1,0,3760438,1285,11,1285,6,0,28,4,1
1,700,21.000000,42.000000,1,0,3760441,1286,11,1286,6,0,28,4,1
1,700,21.000000,42.000000,1,0,3760444,1288,11,1288,6,0,28,4,1
1,700,21.000000,42.000000,1,0,3760447,1289,11,1289,6,0,28,4,1
1,700,21.000000,42.000000,1,0,3760449,1290,11,1290,6,0,28,4,1
1,700,21.000000,42.000000,1,0,3760452,1292,11,1292,6,0,28,4,1
1,700,21.000000,42.000000,1,0,3760455,1293,11,1293,6,0,28,4,1
1,700,21.000000,42.000000,1,0,3760457,1294,11,1294,6,0,28,4,1
1,700,21.000000,42.000000,1,0,3760461,1295,11,1295,6,0,28,4,1
1,700,21.000000,42.000000,1,0,3760463,1296,10,1296,5,0,28,4,1
1,700,21.000000,42.000000,1,0,3760466,1297,10,1297,5,0,28,4,1
1,700,21.000000,42.000000,1,0,3760469,1299,10,1299,5,0,28,4,1
1,700,21.000000,42.000000,1,0,3760472,1300,10,1300,5,0,28,4,1
1,700,21.000000,42.000000,1,0,3760475,1301,9,1301,4,0,28,4,1
1,700,21.000000,42.000000,1,0,3760477,1303,9,1303,4,0,28,4,1
1,700,21.000000,42.000000,1,0,3760480,1304,9,1304,4,0,28,4,1
1,700,21.000000,42.000000,1,0,3760482,1305,9,1305,4,0,28,4,1
1,700,21.000000,42.000000,1,0,3760485,1306,9,1306,4,0,28,4,1
1,700,21.000000,42.000000,1,0,3760488,1307,8,1307,3,0,28,4,1
1,700,21.000000,42.000000,1,0,3760491,1308,8,1308,3,0,28,4,1
1,700,21.000000,42.000000,1,0,3760494,1310,8,1310,3,0,28,4,1
1,700,21.000000,42.000000,1,0,3760497,1311,8,1311,3,0,28,4,1
1,700,21.000000,42.000000,1,0,3760499,1312,8,1312,3,0,28,4,1
1,700,21.000000,42.000000,1,0,3760502,1313,8,1313,3,0,28,4,1
1,700,21.000000,42.000000,1,0,3760505,1314,8,1314,3,0,28,4,1
1,700,21.000000,42.000000,1,0,3760508,1315,7,1315,2,0,28,4,1
1,700,21.000000,42.000000,1,0,3760511,1316,7,1316,2,0,28,4,1
1,700,21.000000,42.000000,1,0,3760513,1317,7,1317,2,0,28,4,1
1,700,21.000000,42.000000,1,0,3760516,1318,7,1318,2,0,28,4,1
1,700,21.000000,42.000000,1,0,3760519,1319,6,1319,1,0,28,4,1
1,700,21.000000,42.000000,1,0,3760522,1320,6,1320,1,0,28,4,1
1,700,21.000000,42.000000,1,0,3760525,1320,5,1320,0,0,28,4,1
1,700,21.000000,42.000000,1,0,3760527,1321,5,1321,0,0,28,4,1
1,700,21.000000,42.000000,1,0,3760530,1322,5,1322,0,0,28,4,1
1,700,21.000000,42.000000,1,0,3760533,1323,5,1323,0,0,28,4,1
1,700,21.000000,42.000000,1,0,3760536,1324,5,1324,0,0,28,4,1
1,700,21.000000,42.000000,1,0,3760538,1324,4,1324,-1,0,28,4,1
1,700,21.000000,42.000000,1,0,3760541,1324,3,1324,-2,0,28,4,1
1,700,21.000000,42.000000,1,0,3760544,1325,3,1325,-2,0,28,4,1
1,700,21.000000,42.000000,1,0,3760546,1325,3,1325,-2,0,28,4,1
1,700,21.000000,42.000000,1,0,3760549,1326,3,1326,-2,0,28,4,1
1,700,21.000000,42.000000,1,0,3760552,1326,2,1326,-3,0,28,4,1
1,700,21.000000,42.000000,1,0,3760555,1326,2,1326,-3,0,28,4,1
1,700,21.000000,42.000000,1,0,3760558,1326,2,1326,-3,0,28,4,1
1,700,21.000000,42.000000,1,0,3760561,1327,2,1327,-3,0,28,4,1
1,700,21.000000,42.000000,1,0,3760563,1328,2,1328,-3,0,28,4,1
1,700,21.000000,42.000000,1,0,3760566,1328,2,1328,-3,0,28,4,1
1,700,21.000000,42.000000,1,0,3760569,1328,2,1328,-3,0,28,4,1
1,700,21.000000,42.000000,1,0,3760572,1328,2,1328,-3,0,28,4,1
1,700,21.000000,42.000000,1,0,3760574,1328,2,1328,-3,0,28,4,1
1,700,21.000000,42.000000,1,0,3760577,1328,2,1328,-3,0,28,4,1
1,700,21.000000,42.000000,1,0,3760580,1328,2,1328,-3,0,28,4,1
1,700,21.000000,42.000000,1,0,3760583,1328,2,1328,-3,0,28,4,1
1,700,21.000000,42.000000,1,0,3760586,1328,2,1328,-3,0,28,4,1
1,700,21.000000,42.000000,1,0,3760589,1328,2,1328,-3,0,28,4,1
1,700,21.000000,42.000000,1,0,3760591,1328,2,1328,-3,0,28,4,1
1,700,21.000000,42.000000,1,0,3760594,1328,2,1328,-3,0,28,4,1
1,700,21.000000,42.000000,1,0,3760597,1328,2,1328,-3,0,28,4,1
1,700,21.000000,42.000000,1,0,3760600,1328,2,1328,-3,0,28,4,1
1,700,21.000000,42.000000,1,0,3760602,1328,2,1328,-3,0,28,4,1
1,700,21.000000,42.000000,1,0,3760605,1328,2,1328,-3,0,28,4,1
1,700,21.000000,42.000000,1,0,3760608,1328,2,1328,-3,0,28,4,1
1,700,21.000000,42.000000,1,0,3760611,1328,2,1328,-3,0,28,4,1
1,700,21.000000,42.000000,1,0,3760613,1328,2,1328,-3,0,28,4,1
1,700,21.000000,42.000000,1,0,3760616,1328,2,1328,-3,0,28,4,1
1,700,21.000000,42.000000,1,0,3760619,1328,2,1328,-3,0,28,4,1
1,700,21.000000,42.000000,1,0,3760622,1328,2,1328,-3,0,28,4,1
1,700,21.000000,42.000000,1,0,3760625,1328,2,1328,-3,0,28,4,1
1,700,21.000000,42.000000,1,0,3760627,1328,2,1328,-3,0,28,4,1
1,700,21.000000,42.000000,1,0,3760630,1328,2,1328,-3,0,28,4,1
1,700,21.000000,42.000000,1,0,3760633,1328,2,1328,-3,0,28,4,1
1,700,21.000000,42.000000,1,0,3760635,1328,2,1328,-3,0,28,4,1
1,700,21.000000,42.000000,1,0,3760638,1328,2,1328,-3,0,28,4,1
1,700,21.000000,42.000000,1,0,3760641,1328,2,1328,-3,0,28,4,1
1,700,21.000000,42.000000,1,0,3760644,1328,2,1328,-3,0,28,4,1
1,700,21.000000,42.000000,1,0,3760646,1328,2,1328,-3,0,28,4,1
1,700,21.000000,42.000000,1,0,3760649,1328,2,1328,-3,0,28,4,1
1,700,21.000000,42.000000,1,0,3760652,1328,2,1328,-3,0,28,4,1
1,700,21.000000,42.000000,1,0,3760655,1328,2,1328,-3,0,28,4,1
1,700,21.000000,42.000000,1,0,3760658,1328,2,1328,-3,0,28,4,1
1,700,21.000000,42.000000,1,0,3760660,1328,2,1328,-3,0,28,4,1
1,700,21.000000,42.000000,1,0,3760663,1328,2,1328,-3,0,28,4,1
1,700,21.000000,42.000000,1,0,3760666,1328,2,1328,-3,0,28,4,1
1,700,21.000000,42.000000,1,0,3760669,1328,2,1328,-3,0,28,4,1
1,700,21.000000,42.000000,1,0,3760672,1328,2,1328,-3,0,28,4,1
1,700,21.000000,42.000000,1,0,3760674,1328,2,1328,-3,0,28,4,1
1,700,21.000000,42.000000,1,0,3760677,1328,2,1328,-3,0,28,4,1
1,700,21.000000,42.000000,1,0,3760680,1328,2,1328,-3,0,28,4,1
1,700,21.000000,42.000000,1,0,3760683,1328,2,1328,-3,0,28,4,1
1,700,21.000000,42.000000,1,0,3760686,1328,2,1328,-3,0,28,4,1
1,700,21.000000,42.000000,1,0,3760689,1327,2,1327,-3,0,28,4,1
1,700,21.000000,42.000000,1,0,3760691,1326,2,1326,-3,0,28,4,1
1,700,21.000000,42.000000,1,0,3760694,1326,2,1326,-3,0,28,4,1
1,700,21.000000,42.000000,1,0,3760697,1326,2,1326,-3,0,28,4,1
1,700,21.000000,42.000000,1,0,3760699,1325,2,1325,-3,0,28,4,1
1,700,21.000000,42.000000,1,0,3760702,1324,2,1324,-3,0,28,4,1
1,700,21.000000,42.000000,1,0,3760705,1323,2,1323,-3,0,28,4,1
1,700,21.000000,42.000000,1,0,3760708,1322,2,1322,-3,0,28,4,1
1,700,21.000000,42.000000,1,0,3760711,1321,2,1321,-3,0,28,4,1
1,700,21.000000,42.000000,1,0,3760713,1320,2,1320,-3,0,28,4,1
1,700,21.000000,42.000000,1,0,3760716,1320,2,1320,-3,0,28,4,1
1,700,21.000000,42.000000,1,0,3760719,1319,2,1319,-3,0,28,4,1
1,700,21.000000,42.000000,1,0,3760722,1318,2,1318,-3,0,28,4,1
1,700,21.000000,42.000000,1,0,3760725,1317,2,1317,-3,0,28,4,1
1,700,21.000000,42.000000,1,0,3760727,1316,2,1316,-3,0,28,4,1
1,700,21.000000,42.000000,1,0,3760730,1315,2,1315,-3,0,28,4,1
1,700,21.000000,42.000000,1,0,3760733,1314,2,1314,-3,0,28,4,1
1,700,21.000000,42.000000,1,0,3760736,1313,2,1313,-3,0,28,4,1
1,700,21.000000,42.000000,1,0,3760739,1312,2,1312,-3,0,28,4,1
1,700,21.000000,42.000000,1,0,3760741,1311,2,1311,-3,0,28,4,1
1,700,21.000000,42.000000,1,0,3760744,1310,2,1310,-3,0,28,4,1
1,700,21.000000,42.000000,1,0,3760746,1310,2,1310,-3,0,28,4,1
1,700,21.000000,42.000000,1,0,3760749,1309,2,1309,-3,0,28,4,1
1,700,21.000000,42.000000,1,0,3760752,1309,2,1309,-3,0,28,4,1
1,700,21.000000,42.000000,1,0,3760755,1309,2,1309,-3,0,28,4,1
1,700,21.000000,42.000000,1,0,3760758,1309,2,1309,-3,0,28,4,1
1,700,21.000000,42.000000,1,0,3760760,1309,2,1309,-3,0,28,4,1
1,700,21.000000,42.000000,1,0,3760763,1309,2,1309,-3,0,28,4,1
1,700,21.000000,42.000000,1,0,3760766,1309,2,1309,-3,0,28,4,1
1,700,21.000000,42.000000,1,0,3760769,1309,2,1309,-3,0,28,4,1
1,700,21.000000,42.000000,1,0,3760772,1309,2,1309,-3,0,28,4,1
1,700,21.000000,42.000000,1,0,3760774,1309,2,1309,-3,0,28,4,1
1,700,21.000000,42.000000,1,0,3760777,1309,2,1309,-3,0,28,4,1
1,700,21.000000,42.000000,1,0,3760780,1309,2,1309,-3,0,28,4,1
1,700,21.000000,42.000000,1,0,3760783,1309,2,1309,-3,0,28,4,1
1,700,21.000000,42.000000,1,0,3760786,1309,2,1309,-3,0,28,4,1
1,700,21.000000,42.000000,1,0,3760788,1309,2,1309,-3,0,28,4,1
1,700,21.000000,42.000000,1,0,3760791,1309,2,1309,-3,0,28,4,1
1,700,21.000000,42.000000,1,0,3760794,1309,2,1309,-3,0,28,4,1
1,700,21.000000,42.000000,1,0,3760797,1309,2,1309,-3,0,28,4,1
1,700,21.000000,42.000000,1,0,3760800,1309,2,1309,-3,0,28,4,1
1,700,21.000000,42.000000,1,0,3760802,1309,2,1309,-3,0,28,4,1
1,700,21.000000,42.000000,1,0,3760805,1309,2,1309,-3,0,28,4,1
1,700,21.000000,42.000000,1,0,3760808,1309,2,1309,-3,0,28,4,1
1,700,21.000000,42.000000,1,0,3760811,1309,2,1309,-3,0,28,4,1
1,700,21.000000,42.000000,1,0,3760814,1309,2,1309,-3,0,28,4,1
1,700,21.000000,42.000000,1,0,3760816,1309,2,1309,-3,0,28,4,1
1,700,21.000000,42.000000,1,0,3760819,1309,2,1309,-3,0,28,4,1
1,700,21.000000,42.000000,1,0,3760822,1309,2,1309,-3,0,28,4,1
1,700,21.000000,42.000000,1,0,3760824,1309,2,1309,-3,0,28,4,1
1,700,21.000000,42.000000,1,0,3760827,1309,2,1309,-3,0,28,4,1
1,700,21.000000,42.000000,1,0,3760830,1309,2,1309,-3,0,28,4,1
1,700,21.000000,42.000000,1,0,3760833,1309,2,1309,-3,0,28,4,1
1,700,21.000000,42.000000,1,0,3760836,1309,2,1309,-3,0,28,4,1
1,700,21.000000,42.000000,1,0,3760838,1309,2,1309,-3,0,28,4,1
1,700,21.000000,42.000000,1,0,3760841,1309,2,1309,-3,0,28,4,1
1,700,21.000000,42.000000,1,0,3760844,1309,2,1309,-3,0,28,4,1
1,700,21.000000,42.000000,1,0,3760847,1309,2,1309,-3,0,28,4,1
1,700,21.000000,42.000000,1,0,3760850,1309,2,1309,-3,0,28,4,1
1,700,21.000000,42.000000,1,0,3760852,1309,2,1309,-3,0,28,4,1
1,700,21.000000,42.000000,1,0,3760855,1309,2,1309,-3,0,28,4,1
1,700,21.000000,42.000000,1,0,3760858,1309,2,1309,-3,0,28,4,1
1,700,21.000000,42.000000,1,0,3760861,1309,2,1309,-3,0,28,4,1
1,700,21.000000,42.000000,1,0,3760863,1309,2,1309,-3,0,28,4,1
1,700,21.000000,42.000000,1,0,3760866,1309,2,1309,-3,0,28,4,1
1,700,21.000000,42.000000,1,0,3760869,1309,2,1309,-3,0,28,4,1
1,700,21.000000,42.000000,1,0,3760872,1309,2,1309,-3,0,28,4,1
1,700,21.000000,42.000000,1,0,3760874,1309,2,1309,-3,0,28,4,1
1,700,21.000000,42.000000,1,0,3760877,1309,2,1309,-3,0,28,4,1
1,700,21.000000,42.000000,1,0,3760880,1309,2,1309,-3,0,28,4,1
1,700,21.000000,42.000000,1,0,3760883,1309,2,1309,-3,0,28,4,1
1,700,21.000000,42.000000,1,0,3760886,1309,2,1309,-3,0,28,4,1
1,700,21.000000,42.000000,1,0,3760888,1309,2,1309,-3,0,28,4,1
1,700,21.000000,42.000000,1,0,3760901,1309,2,1309,-3,0,28,4,1
