1,700,21.000000,10000.000000,1,0,3943742,612,8,612,8,0,43,4,0
1,700,21.000000,10000.000000,1,0,3943743,612,8,612,8,0,43,4,0
1,700,21.000000,10000.000000,1,0,3943746,612,8,612,8,0,43,4,0
1,700,21.000000,10000.000000,1,0,3943748,612,8,612,8,0,43,4,0
1,700,21.000000,10000.000000,1,0,3943751,612,8,612,8,0,43,4,0
1,700,21.000000,10000.000000,1,0,3943754,612,8,612,8,0,43,4,0
1,700,21.000000,10000.000000,1,0,3943757,612,8,612,8,0,43,4,0
1,700,21.000000,10000.000000,1,0,3943759,612,8,612,8,0,43,4,0
1,700,21.000000,10000.000000,1,0,3943762,613,8,613,8,0,43,4,0
1,700,21.000000,10000.000000,1,0,3943765,613,8,613,8,0,43,4,0
1,700,21.000000,10000.000000,1,0,3943768,614,8,614,8,0,43,4,0
1,700,21.000000,10000.000000,1,0,3943771,615,8,615,8,0,43,4,0
1,700,21.000000,10000.000000,1,0,3943773,615,8,615,8,0,43,4,0
1,700,21.000000,10000.000000,1,0,3943776,615,8,615,8,0,43,4,0
1,700,21.000000,10000.000000,1,0,3943779,615,8,615,8,0,43,4,0
1,700,21.000000,10000.000000,1,0,3943782,615,8,615,8,0,43,4,0
1,700,21.000000,10000.000000,1,0,3943785,615,8,615,8,0,43,4,0
1,700,21.000000,10000.000000,1,0,3943787,615,8,615,8,0,43,4,0
1,700,21.000000,10000.000000,1,0,3943790,615,8,615,8,0,43,4,0
1,700,21.000000,10000.000000,1,0,3943793,615,8,615,8,0,43,4,0
1,700,21.000000,10000.000000,1,0,3943796,616,8,616,8,0,43,4,0
1,700,21.000000,10000.000000,1,0,3943799,617,8,617,8,0,43,4,0
1,700,21.000000,10000.000000,1,0,3943801,617,8,617,8,0,43,4,0
1,700,21.000000,10000.000000,1,0,3943804,617,8,617,8,0,43,4,0
1,700,21.000000,10000.000000,1,0,3943807,617,8,617,8,0,43,4,0
1,700,21.000000,10000.000000,1,0,3943810,618,8,618,8,0,43,4,0
1,700,21.000000,10000.000000,1,0,3943813,618,8,618,8,0,43,4,0
1,700,21.000000,10000.000000,1,0,3943815,619,8,619,8,0,43,4,0
1,700,21.000000,10000.000000,1,0,3943818,620,8,620,8,0,43,4,0
1,700,21.000000,10000.000000,1,0,3943821,621,8,621,8,0,43,4,0
1,700,21.000000,10000.000000,1,0,3943824,622,8,622,8,0,43,4,0
1,700,21.000000,10000.000000,1,0,3943827,623,8,623,8,0,43,4,0
1,700,21.000000,10000.000000,1,0,3943830,624,8,624,8,0,43,4,0
1,700,21.000000,10000.000000,1,0,3943833,625,8,625,8,0,43,4,0
1,700,21.000000,10000.000000,1,0,3943836,626,7,626,7,0,43,4,0
1,700,21.000000,10000.000000,1,0,3943840,627,7,627,7,0,43,4,0
1,700,21.000000,10000.000000,1,0,3943843,629,7,629,7,0,43,4,0
1,700,21.000000,10000.000000,1,0,3943846,631,7,631,7,0,43,4,0
1,700,21.000000,10000.000000,1,0,3943849,633,6,633,6,0,43,4,0
1,700,21.000000,10000.000000,1,0,3943852,635,6,635,6,0,43,4,0
1,700,21.000000,10000.000000,1,0,3943854,638,6,638,6,0,43,4,0
1,700,21.000000,10000.000000,1,0,3943857,640,6,640,6,0,43,4,0
1,700,21.000000,10000.000000,1,0,3943860,643,5,643,5,0,43,4,0
1,700,21.000000,10000.000000,1,0,3943863,646,5,646,5,0,43,4,0
1,700,21.000000,10000.000000,1,0,3943865,650,4,650,4,0,43,4,0
1,700,21.000000,10000.000000,1,0,3943868,652,4,652,4,0,43,4,0
1,700,21.000000,10000.000000,1,0,3943871,657,2,657,2,0,43,4,0
1,700,21.000000,10000.000000,1,0,3943873,661,1,661,1,0,43,4,0
1,700,21.000000,10000.000000,1,0,3943876,667,0,667,0,0,43,4,0
1,700,21.000000,10000.000000,1,0,3943879,675,0,675,-2,0,43,4,0
1,700,21.000000,10000.000000,1,0,3943882,686,0,686,-3,0,43,4,0
1,700,21.000000,10000.000000,1,0,3943885,692,0,692,-4,0,43,4,0
1,700,21.000000,10000.000000,1,0,3943887,702,0,702,-6,0,43,4,0
1,700,21.000000,10000.000000,1,0,3943890,713,0,713,-8,0,43,4,0
1,700,21.000000,10000.000000,1,0,3943893,726,0,726,-10,0,43,4,0
1,700,21.000000,10000.000000,1,0,3943896,736,0,736,-10,0,43,4,0
1,700,21.000000,10000.000000,1,0,3943899,743,0,743,-11,0,43,4,0
1,700,21.000000,10000.000000,1,0,3943901,760,0,760,-13,0,43,4,0
1,700,21.000000,10000.000000,1,0,3943904,765,0,765,-14,0,43,4,0
1,700,21.000000,10000.000000,1,0,3943907,783,0,783,-16,0,43,4,0
1,700,21.000000,10000.000000,1,0,3943910,795,0,795,-17,0,43,4,0
1,700,21.000000,10000.000000,1,0,3943913,809,0,809,-18,0,43,4,0
1,700,21.000000,10000.000000,1,0,3943916,822,0,822,-19,0,43,4,0
1,700,21.000000,10000.000000,1,0,3943918,831,0,831,-20,0,43,4,0
1,700,21.000000,10000.000000,1,0,3943921,844,0,844,-21,0,43,4,0
1,700,21.000000,10000.000000,1,0,3943924,853,0,853,-22,0,43,4,0
1,700,21.000000,10000.000000,1,0,3943927,868,0,868,-24,0,43,4,0
1,700,21.000000,10000.000000,1,0,3943930,877,0,877,-25,0,43,4,0
1,700,21.000000,10000.000000,1,0,3943933,892,0,892,-25,0,43,4,0
1,700,21.000000,10000.000000,1,0,3943936,908,0,908,-26,0,43,4,0
1,700,21.000000,10000.000000,1,0,3943938,922,0,922,-26,0,43,4,0
1,700,21.000000,10000.000000,1,0,3943941,930,0,930,-27,0,43,4,0
1,700,21.000000,10000.000000,1,0,3943944,938,0,938,-28,0,43,4,0
1,700,21.000000,10000.000000,1,0,3943946,953,0,953,-29,0,43,4,0
1,700,21.000000,10000.000000,1,0,3943949,956,0,956,-29,0,43,4,0
1,700,21.000000,10000.000000,1,0,3943952,969,0,969,-30,0,43,4,0
1,700,21.000000,10000.000000,1,0,3943954,977,0,977,-30,0,43,4,0
1,700,21.000000,10000.000000,1,0,3943957,987,0,987,-31,0,43,4,0
1,700,21.000000,10000.000000,1,0,3943960,989,0,989,-31,0,43,4,0
1,700,21.000000,10000.000000,1,0,3943963,1004,0,1004,-31,0,43,4,0
1,700,21.000000,10000.000000,1,0,3943965,1013,0,1013,-31,0,43,4,0
1,700,21.000000,10000.000000,1,0,3943968,1021,0,1021,-31,0,43,4,0
1,700,21.000000,10000.000000,1,0,3943971,1029,0,1029,-32,0,43,4,0
1,700,21.000000,10000.000000,1,0,3943974,1036,0,1036,-32,0,43,4,0
1,700,21.000000,10000.000000,1,0,3943977,1047,0,1047,-32,0,43,4,0
1,700,21.000000,10000.000000,1,0,3943979,1056,0,1056,-33,0,43,4,0
1,700,21.000000,10000.000000,1,0,3943982,1060,0,1060,-33,0,43,4,0
1,700,21.000000,10000.000000,1,0,3943985,1065,0,1065,-34,0,43,4,0
1,700,21.000000,10000.000000,1,0,3943987,1074,0,1074,-34,0,43,4,0
1,700,21.000000,10000.000000,1,0,3943990,1080,0,1080,-34,0,43,4,0
1,700,21.000000,10000.000000,1,0,3943993,1084,0,1084,-34,0,43,4,0
1,700,21.000000,10000.000000,1,0,3943996,1093,0,1093,-35,0,43,4,0
1,700,21.000000,10000.000000,1,0,3943999,1096,0,1096,-35,0,43,4,0
1,700,21.000000,10000.000000,1,0,3944001,1102,0,1102,-36,0,43,4,0
1,700,21.000000,10000.000000,1,0,3944004,1110,0,1110,-36,0,43,4,0
1,700,21.000000,10000.000000,1,0,3944007,1115,0,1115,-37,0,43,4,0
1,700,21.000000,10000.000000,1,0,3944010,1118,0,1118,-37,0,43,4,0
1,700,21.000000,10000.000000,1,0,3944013,1123,0,1123,-37,0,43,4,0
1,700,21.000000,10000.000000,1,0,3944015,1126,0,1126,-37,0,43,4,0
1,700,21.000000,10000.000000,1,0,3944018,1131,0,1131,-38,0,43,4,0
1,700,21.000000,10000.000000,1,0,3944021,1134,0,1134,-38,0,43,4,0
1,700,21.000000,10000.000000,1,0,3944024,1138,0,1138,-39,0,43,4,0
1,700,21.000000,10000.000000,1,0,3944027,1143,0,1143,-39,0,43,4,0
1,700,21.000000,10000.000000,1,0,3944029,1147,0,1147,-40,0,43,4,0
1,700,21.000000,10000.000000,1,0,3944032,1149,0,1149,-40,0,43,4,0
1,700,21.000000,10000.000000,1,0,3944035,1152,0,1152,-40,0,43,4,0
1,700,21.000000,10000.000000,1,0,3944038,1155,0,1155,-40,0,43,4,0
1,700,21.000000,10000.000000,1,0,3944040,1158,0,1158,-41,0,43,4,0
1,700,21.000000,10000.000000,1,0,3944043,1160,0,1160,-41,0,43,4,0
1,700,21.000000,10000.000000,1,0,3944046,1162,0,1162,-41,0,43,4,0
1,700,21.000000,10000.000000,1,0,3944049,1164,0,1164,-41,0,43,4,0
1,700,21.000000,10000.000000,1,0,3944052,1166,0,1166,-41,0,43,4,0
1,700,21.000000,10000.000000,1,0,3944054,1168,0,1168,-42,0,43,4,0
1,700,21.000000,10000.000000,1,0,3944058,1171,0,1171,-42,0,43,4,0
1,700,21.000000,10000.000000,1,0,3944061,1173,0,1173,-43,0,43,4,0
1,700,21.000000,10000.000000,1,0,3944063,1175,0,1175,-43,0,43,4,0
1,700,21.000000,10000.000000,1,0,3944066,1177,0,1177,-43,0,43,4,0
1,700,21.000000,10000.000000,1,0,3944069,1179,0,1179,-43,0,43,4,0
1,700,21.000000,10000.000000,1,0,3944072,1181,0,1181,-44,0,43,4,0
1,700,21.000000,10000.000000,1,0,3944074,1182,0,1182,-44,0,43,4,0
1,700,21.000000,10000.000000,1,0,3944077,1183,0,1183,-44,0,43,4,0
1,700,21.000000,10000.000000,1,0,3944080,1185,0,1185,-45,0,43,4,0
1,700,21.000000,10000.000000,1,0,3944083,1187,0,1187,-45,0,43,4,0
1,700,21.000000,10000.000000,1,0,3944085,1189,0,1189,-45,0,43,4,0
1,700,21.000000,10000.000000,1,0,3944088,1191,0,1191,-45,0,43,4,0
1,700,21.000000,10000.000000,1,0,3944091,1193,0,1193,-45,0,43,4,0
1,700,21.000000,10000.000000,1,0,3944093,1194,0,1194,-46,0,43,4,0
1,700,21.000000,10000.000000,1,0,3944096,1195,0,1195,-46,0,43,4,0
1,700,21.000000,10000.000000,1,0,3944099,1197,0,1197,-46,0,43,4,0
1,700,21.000000,10000.000000,1,0,3944102,1199,0,1199,-47,0,43,4,0
1,700,21.000000,10000.000000,1,0,3944104,1201,0,1201,-47,0,43,4,0
1,700,21.000000,10000.000000,1,0,3944107,1203,0,1203,-47,0,43,4,0
1,700,21.000000,10000.000000,1,0,3944110,1205,0,1205,-48,0,43,4,0
1,700,21.000000,10000.000000,1,0,3944113,1207,0,1207,-49,0,43,4,0
1,700,21.000000,10000.000000,1,0,3944115,1209,0,1209,-49,0,43,4,0
1,700,21.000000,10000.000000,1,0,3944118,1211,0,1211,-49,0,43,4,0
1,700,21.000000,10000.000000,1,0,3944121,1214,0,1214,-50,0,43,4,0
1,700,21.000000,10000.000000,1,0,3944124,1215,0,1215,-50,0,43,4,0
1,700,21.000000,10000.000000,1,0,3944127,1217,0,1217,-50,0,43,4,0
1,700,21.000000,10000.000000,1,0,3944129,1219,0,1219,-51,0,43,4,0
1,700,21.000000,10000.000000,1,0,3944132,1220,0,1220,-51,0,43,4,0
1,700,21.000000,10000.000000,1,0,3944135,1223,0,1223,-52,0,43,4,0
1,700,21.000000,10000.000000,1,0,3944138,1225,0,1225,-52,0,43,4,0
1,700,21.000000,10000.000000,1,0,3944141,1227,0,1227,-52,0,43,4,0
1,700,21.000000,10000.000000,1,0,3944143,1228,0,1228,-52,0,43,4,0
1,700,21.000000,10000.000000,1,0,3944146,1231,0,1231,-53,0,43,4,0
1,700,21.000000,10000.000000,1,0,3944149,1235,0,1235,-53,0,43,4,0
1,700,21.000000,10000.000000,1,0,3944152,1238,0,1238,-54,0,43,4,0
1,700,21.000000,10000.000000,1,0,3944155,1240,0,1240,-55,0,43,4,0
1,700,21.000000,10000.000000,1,0,3944157,1243,0,1243,-55,0,43,4,0
1,700,21.000000,10000.000000,1,0,3944160,1245,0,1245,-55,0,43,4,0
1,700,21.000000,10000.000000,1,0,3944163,1247,0,1247,-55,0,43,4,0
1,700,21.000000,10000.000000,1,0,3944165,1249,0,1249,-55,0,43,4,0
1,700,21.000000,10000.000000,1,0,3944168,1250,0,1250,-56,0,43,4,0
1,700,21.000000,10000.000000,1,0,3944171,1251,0,1251,-56,0,43,4,0
1,700,21.000000,10000.000000,1,0,3944174,1252,0,1252,-57,0,43,4,0
1,700,21.000000,10000.000000,1,0,3944176,1253,0,1253,-57,0,43,4,0
1,700,21.000000,10000.000000,1,0,3944179,1254,0,1254,-57,0,43,4,0
1,700,21.000000,10000.000000,1,0,3944182,1255,0,1255,-57,0,43,4,0
1,700,21.000000,10000.000000,1,0,3944185,1256,0,1256,-57,0,43,4,0
1,700,21.000000,10000.000000,1,0,3944188,1257,0,1257,-58,0,43,4,0
1,700,21.000000,10000.000000,1,0,3944190,1258,0,1258,-59,0,43,4,0
1,700,21.000000,10000.000000,1,0,3944193,1258,0,1258,-59,0,43,4,0
1,700,21.000000,10000.000000,1,0,3944196,1259,0,1259,-59,0,43,4,0
1,700,21.000000,10000.000000,1,0,3944199,1260,0,1260,-59,0,43,4,0
1,700,21.000000,10000.000000,1,0,3944202,1260,0,1260,-59,0,43,4,0
1,700,21.000000,10000.000000,1,0,3944204,1260,0,1260,-59,0,43,4,0
1,700,21.000000,10000.000000,1,0,3944207,1260,0,1260,-59,0,43,4,0
1,700,21.000000,10000.000000,1,0,3944210,1260,0,1260,-59,0,43,4,0
1,700,21.000000,10000.000000,1,0,3944213,1260,0,1260,-59,0,43,4,0
1,700,21.000000,10000.000000,1,0,3944216,1260,0,1260,-59,0,43,4,0
1,700,21.000000,10000.000000,1,0,3944218,1260,0,1260,-59,0,43,4,0
1,700,21.000000,10000.000000,1,0,3944221,1260,0,1260,-59,0,43,4,0
1,700,21.000000,10000.000000,1,0,3944224,1260,0,1260,-59,0,43,4,0
1,700,21.000000,10000.000000,1,0,3944227,1260,0,1260,-59,0,43,4,0
1,700,21.000000,10000.000000,1,0,3944230,1260,0,1260,-59,0,43,4,0
1,700,21.000000,10000.000000,1,0,3944232,1260,0,1260,-59,0,43,4,0
1,700,21.000000,10000.000000,1,0,3944235,1260,0,1260,-59,0,43,4,0
1,700,21.000000,10000.000000,1,0,3944238,1260,0,1260,-59,0,43,4,0
1,700,21.000000,10000.000000,1,0,3944241,1260,0,1260,-59,0,43,4,0
1,700,21.000000,10000.000000,1,0,3944243,1260,0,1260,-59,0,43,4,0
1,700,21.000000,10000.000000,1,0,3944246,1260,0,1260,-59,0,43,4,0
1,700,21.000000,10000.000000,1,0,3944249,1261,0,1261,-59,0,43,4,0
1,700,21.000000,10000.000000,1,0,3944251,1261,0,1261,-59,0,43,4,0
1,700,21.000000,10000.000000,1,0,3944254,1262,0,1262,-60,0,43,4,0
1,700,21.000000,10000.000000,1,0,3944257,1263,0,1263,-61,0,43,4,0
1,700,21.000000,10000.000000,1,0,3944260,1263,0,1263,-61,0,43,4,0
1,700,21.000000,10000.000000,1,0,3944263,1264,0,1264,-61,0,43,4,0
1,700,21.000000,10000.000000,1,0,3944266,1265,0,1265,-61,0,43,4,0
1,700,21.000000,10000.000000,1,0,3944268,1266,0,1266,-61,0,43,4,0
1,700,21.000000,10000.000000,1,0,3944271,1266,0,1266,-62,0,43,4,0
1,700,21.000000,10000.000000,1,0,3944274,1267,0,1267,-62,0,43,4,0
1,700,21.000000,10000.000000,1,0,3944277,1267,0,1267,-63,0,43,4,0
1,700,21.000000,10000.000000,1,0,3944279,1268,0,1268,-63,0,43,4,0
1,700,21.000000,10000.000000,1,0,3944282,1269,0,1269,-63,0,43,4,0
1,700,21.000000,10000.000000,1,0,3944285,1270,0,1270,-63,0,43,4,0
1,700,21.000000,10000.000000,1,0,3944288,1271,0,1271,-63,0,43,4,0
1,700,21.000000,10000.000000,1,0,3944291,1272,0,1272,-63,0,43,4,0
1,700,21.000000,10000.000000,1,0,3944293,1273,0,1273,-63,0,43,4,0
1,700,21.000000,10000.000000,1,0,3944296,1274,0,1274,-63,0,43,4,0
1,700,21.000000,10000.000000,1,0,3944299,1274,0,1274,-63,0,43,4,0
1,700,21.000000,10000.000000,1,0,3944302,1274,0,1274,-63,0,43,4,0
1,700,21.000000,10000.000000,1,0,3944305,1274,0,1274,-63,0,43,4,0
1,700,21.000000,10000.000000,1,0,3944307,1274,0,1274,-63,0,43,4,0
1,700,21.000000,10000.000000,1,0,3944310,1274,0,1274,-63,0,43,4,0
1,700,21.000000,10000.000000,1,0,3944313,1274,0,1274,-63,0,43,4,0
1,700,21.000000,10000.000000,1,0,3944316,1274,0,1274,-63,0,43,4,0
1,700,21.000000,10000.000000,1,0,3944318,1274,0,1274,-63,0,43,4,0
1,700,21.000000,10000.000000,1,0,3944321,1274,0,1274,-63,0,43,4,0
1,700,21.000000,10000.000000,1,0,3944324,1274,0,1274,-63,0,43,4,0
1,700,21.000000,10000.000000,1,0,3944326,1274,0,1274,-63,0,43,4,0
1,700,21.000000,10000.000000,1,0,3944329,1274,0,1274,-63,0,43,4,0
1,700,21.000000,10000.000000,1,0,3944332,1274,0,1274,-63,0,43,4,0
1,700,21.000000,10000.000000,1,0,3944335,1274,0,1274,-63,0,43,4,0
1,700,21.000000,10000.000000,1,0,3944338,1274,0,1274,-63,0,43,4,0
1,700,21.000000,10000.000000,1,0,3944340,1274,0,1274,-63,0,43,4,0
1,700,21.000000,10000.000000,1,0,3944344,1274,0,1274,-63,0,43,4,0
1,700,21.000000,10000.000000,1,0,3944346,1274,0,1274,-63,0,43,4,0
1,700,21.000000,10000.000000,1,0,3944349,1274,0,1274,-63,0,43,4,0
1,700,21.000000,10000.000000,1,0,3944352,1274,0,1274,-63,0,43,4,0
1,700,21.000000,10000.000000,1,0,3944354,1274,0,1274,-63,0,43,4,0
1,700,21.000000,10000.000000,1,0,3944357,1274,0,1274,-63,0,43,4,0
1,700,21.000000,10000.000000,1,0,3944360,1274,0,1274,-63,0,43,4,0
1,700,21.000000,10000.000000,1,0,3944363,1274,0,1274,-63,0,43,4,0
1,700,21.000000,10000.000000,1,0,3944366,1274,0,1274,-63,0,43,4,0
1,700,21.000000,10000.000000,1,0,3944369,1274,0,1274,-63,0,43,4,0
1,700,21.000000,10000.000000,1,0,3944371,1274,0,1274,-63,0,43,4,0
1,700,21.000000,10000.000000,1,0,3944374,1274,0,1274,-63,0,43,4,0
1,700,21.000000,10000.000000,1,0,3944377,1275,0,1275,-63,0,43,4,0
1,700,21.000000,10000.000000,1,0,3944380,1276,0,1276,-63,0,43,4,0
1,700,21.000000,10000.000000,1,0,3944382,1276,0,1276,-63,0,43,4,0
1,700,21.000000,10000.000000,1,0,3944385,1276,0,1276,-63,0,43,4,0
1,700,21.000000,10000.000000,1,0,3944388,1277,0,1277,-63,0,43,4,0
1,700,21.000000,10000.000000,1,0,3944391,1278,0,1278,-63,0,43,4,0
1,700,21.000000,10000.000000,1,0,3944394,1278,0,1278,-63,0,43,4,0
1,700,21.000000,10000.000000,1,0,3944396,1279,0,1279,-63,0,43,4,0
1,700,21.000000,10000.000000,1,0,3944399,1280,0,1280,-63,0,43,4,0
1,700,21.000000,10000.000000,1,0,3944402,1281,0,1281,-64,0,43,4,0
1,700,21.000000,10000.000000,1,0,3944405,1282,0,1282,-64,0,43,4,0
1,700,21.000000,10000.000000,1,0,3944407,1283,0,1283,-65,0,43,4,0
1,700,21.000000,10000.000000,1,0,3944410,1284,0,1284,-66,0,43,4,0
1,700,21.000000,10000.000000,1,0,3944413,1285,0,1285,-66,0,43,4,0
1,700,21.000000,10000.000000,1,0,3944415,1286,0,1286,-67,0,43,4,0
1,700,21.000000,10000.000000,1,0,3944418,1288,0,1288,-68,0,43,4,0
1,700,21.000000,10000.000000,1,0,3944421,1289,0,1289,-68,0,43,4,0
1,700,21.000000,10000.000000,1,0,3944424,1290,0,1290,-69,0,43,4,0
1,700,21.000000,10000.000000,1,0,3944427,1291,0,1291,-69,0,43,4,0
1,700,21.000000,10000.000000,1,0,3944429,1292,0,1292,-69,0,43,4,0
1,700,21.000000,10000.000000,1,0,3944432,1293,0,1293,-69,0,43,4,0
1,700,21.000000,10000.000000,1,0,3944435,1294,0,1294,-69,0,43,4,0
1,700,21.000000,10000.000000,1,0,3944438,1295,0,1295,-70,0,43,4,0
1,700,21.000000,10000.000000,1,0,3944441,1296,0,1296,-70,0,43,4,0
1,700,21.000000,10000.000000,1,0,3944444,1297,0,1297,-70,0,43,4,0
1,700,21.000000,10000.000000,1,0,3944446,1298,0,1298,-71,0,43,4,0
1,700,21.000000,10000.000000,1,0,3944449,1298,0,1298,-71,0,43,4,0
1,700,21.000000,10000.000000,1,0,3944452,1299,0,1299,-71,0,43,4,0
1,700,21.000000,10000.000000,1,0,3944455,1300,0,1300,-71,0,43,4,0
1,700,21.000000,10000.000000,1,0,3944457,1300,0,1300,-71,0,43,4,0
1,700,21.000000,10000.000000,1,0,3944460,1301,0,1301,-71,0,43,4,0
1,700,21.000000,10000.000000,1,0,3944463,1302,0,1302,-71,0,43,4,0
1,700,21.000000,10000.000000,1,0,3944466,1302,0,1302,-71,0,43,4,0
1,700,21.000000,10000.000000,1,0,3944469,1303,0,1303,-71,0,43,4,0
1,700,21.000000,10000.000000,1,0,3944471,1304,0,1304,-71,0,43,4,0
1,700,21.000000,10000.000000,1,0,3944474,1304,0,1304,-72,0,43,4,0
1,700,21.000000,10000.000000,1,0,3944477,1304,0,1304,-73,0,43,4,0
1,700,21.000000,10000.000000,1,0,3944480,1304,0,1304,-73,0,43,4,0
1,700,21.000000,10000.000000,1,0,3944482,1304,0,1304,-73,0,43,4,0
1,700,21.000000,10000.000000,1,0,3944485,1304,0,1304,-73,0,43,4,0
1,700,21.000000,10000.000000,1,0,3944488,1305,0,1305,-73,0,43,4,0
1,700,21.000000,10000.000000,1,0,3944491,1306,0,1306,-73,0,43,4,0
1,700,21.000000,10000.000000,1,0,3944494,1306,0,1306,-73,0,43,4,0
1,700,21.000000,10000.000000,1,0,3944496,1307,0,1307,-73,0,43,4,0
1,700,21.000000,10000.000000,1,0,3944499,1307,0,1307,-74,0,43,4,0
1,700,21.000000,10000.000000,1,0,3944502,1307,0,1307,-75,0,43,4,0
1,700,21.000000,10000.000000,1,0,3944504,1308,0,1308,-76,0,43,4,0
1,700,21.000000,10000.000000,1,0,3944507,1309,0,1309,-76,0,43,4,0
1,700,21.000000,10000.000000,1,0,3944510,1310,0,1310,-76,0,43,4,0
1,700,21.000000,10000.000000,1,0,3944513,1310,0,1310,-76,0,43,4,0
1,700,21.000000,10000.000000,1,0,3944516,1310,0,1310,-77,0,43,4,0
1,700,21.000000,10000.000000,1,0,3944518,1311,0,1311,-77,0,43,4,0
1,700,21.000000,10000.000000,1,0,3944521,1312,0,1312,-77,0,43,4,0
1,700,21.000000,10000.000000,1,0,3944524,1312,0,1312,-77,0,43,4,0
1,700,21.000000,10000.000000,1,0,3944527,1313,0,1313,-77,0,43,4,0
1,700,21.000000,10000.000000,1,0,3944530,1314,0,1314,-78,0,43,4,0
1,700,21.000000,10000.000000,1,0,3944532,1314,0,1314,-78,0,43,4,0
1,700,21.000000,10000.000000,1,0,3944535,1314,0,1314,-78,0,43,4,0
1,700,21.000000,10000.000000,1,0,3944538,1314,0,1314,-78,0,43,4,0
1,700,21.000000,10000.000000,1,0,3944541,1314,0,1314,-78,0,43,4,0
1,700,21.000000,10000.000000,1,0,3944544,1314,0,1314,-78,0,43,4,0
1,700,21.000000,10000.000000,1,0,3944546,1314,0,1314,-78,0,43,4,0
1,700,21.000000,10000.000000,1,0,3944549,1314,0,1314,-78,0,43,4,0
1,700,21.000000,10000.000000,1,0,3944552,1314,0,1314,-78,0,43,4,0
1,700,21.000000,10000.000000,1,0,3944555,1314,0,1314,-78,0,43,4,0
1,700,21.000000,10000.000000,1,0,3944558,1314,0,1314,-78,0,43,4,0
1,700,21.000000,10000.000000,1,0,3944560,1314,0,1314,-78,0,43,4,0
1,700,21.000000,10000.000000,1,0,3944563,1314,0,1314,-78,0,43,4,0
1,700,21.000000,10000.000000,1,0,3944566,1314,0,1314,-78,0,43,4,0
1,700,21.000000,10000.000000,1,0,3944568,1314,0,1314,-78,0,43,4,0
1,700,21.000000,10000.000000,1,0,3944571,1314,0,1314,-78,0,43,4,0
1,700,21.000000,10000.000000,1,0,3944574,1314,0,1314,-78,0,43,4,0
1,700,21.000000,10000.000000,1,0,3944577,1314,0,1314,-78,0,43,4,0
1,700,21.000000,10000.000000,1,0,3944580,1314,0,1314,-78,0,43,4,0
1,700,21.000000,10000.000000,1,0,3944582,1314,0,1314,-78,0,43,4,0
1,700,21.000000,10000.000000,1,0,3944596,1314,0,1314,-78,0,43,4,0
