1,700,21.000000,42.000000,2,0,1228414936,606,7,606,7,0,48,6
1,700,21.000000,42.000000,2,0,1228414936,606,7,606,7,0,48,6
1,700,21.000000,42.000000,2,0,1228414939,606,7,606,7,0,48,6
1,700,21.000000,42.000000,2,0,1228414942,606,7,606,7,0,48,6
1,700,21.000000,42.000000,2,0,1228414944,606,7,606,7,0,48,6
1,700,21.000000,42.000000,2,0,1228414947,606,7,606,7,0,48,6
1,700,21.000000,42.000000,2,0,1228414950,606,7,606,7,0,48,6
1,700,21.000000,42.000000,2,0,1228414952,606,7,606,7,0,48,6
1,700,21.000000,42.000000,2,0,1228414955,606,7,606,7,0,48,6
1,700,21.000000,42.000000,2,0,1228414958,606,7,606,7,0,48,6
1,700,21.000000,42.000000,2,0,1228414961,606,7,606,7,0,48,6
1,700,21.000000,42.000000,2,0,1228414963,606,7,606,7,0,48,6
1,700,21.000000,42.000000,2,0,1228414966,606,7,606,7,0,48,6
1,700,21.000000,42.000000,2,0,1228414969,606,7,606,7,0,48,6
1,700,21.000000,42.000000,2,0,1228414972,606,7,606,7,0,48,6
1,700,21.000000,42.000000,2,0,1228414975,606,7,606,7,0,48,6
1,700,21.000000,42.000000,2,0,1228414977,606,7,606,7,0,48,6
1,700,21.000000,42.000000,2,0,1228414980,606,7,606,7,0,48,6
1,700,21.000000,42.000000,2,0,1228414983,606,7,606,7,0,48,6
1,700,21.000000,42.000000,2,0,1228414985,606,7,606,7,0,48,6
1,700,21.000000,42.000000,2,0,1228414988,606,7,606,7,0,48,6
1,700,21.000000,42.000000,2,0,1228414991,606,7,606,7,0,48,6
1,700,21.000000,42.000000,2,0,1228414994,606,7,606,7,0,48,6
1,700,21.000000,42.000000,2,0,1228414997,606,8,606,8,0,48,6
1,700,21.000000,42.000000,2,0,1228415000,606,9,606,9,0,48,6
1,700,21.000000,42.000000,2,0,1228415002,606,10,606,10,0,48,6
1,700,21.000000,42.000000,2,0,1228415005,606,11,606,11,0,48,6
1,700,21.000000,42.000000,2,0,1228415008,607,11,607,11,0,48,6
1,700,21.000000,42.000000,2,0,1228415011,608,11,608,11,0,48,6
1,700,21.000000,42.000000,2,0,1228415013,608,12,608,12,0,48,6
1,700,21.000000,42.000000,2,0,1228415016,608,13,608,13,0,48,6
1,700,21.000000,42.000000,2,0,1228415019,609,13,609,13,0,48,6
1,700,21.000000,42.000000,2,0,1228415022,609,15,609,15,0,48,6
1,700,21.000000,42.000000,2,0,1228415025,610,17,610,17,0,48,6
1,700,21.000000,42.000000,2,0,1228415027,610,18,610,18,0,48,6
1,700,21.000000,42.000000,2,0,1228415030,611,18,611,18,0,48,6
1,700,21.000000,42.000000,2,0,1228415033,613,20,613,20,0,48,6
1,700,21.000000,42.000000,2,0,1228415035,616,23,616,23,0,48,6
1,700,21.000000,42.000000,2,0,1228415038,617,24,617,24,0,48,6
1,700,21.000000,42.000000,2,0,1228415041,621,26,621,26,0,48,6
1,700,21.000000,42.000000,2,0,1228415044,624,28,624,28,0,48,6
1,700,21.000000,42.000000,2,0,1228415047,625,29,625,29,0,48,6
1,700,21.000000,42.000000,2,0,1228415050,627,31,627,31,0,48,6
1,700,21.000000,42.000000,2,0,1228415052,629,33,629,33,0,48,6
1,700,21.000000,42.000000,2,0,1228415055,633,35,633,35,0,48,6
1,700,21.000000,42.000000,2,0,1228415058,638,36,638,36,0,48,6
1,700,21.000000,42.000000,2,0,1228415061,645,39,645,39,0,48,6
1,700,21.000000,42.000000,2,0,1228415063,647,40,647,40,0,48,6
1,700,21.000000,42.000000,2,0,1228415066,651,43,651,43,0,48,6
1,700,21.000000,42.000000,2,0,1228415069,656,44,656,44,0,48,6
1,700,21.000000,42.000000,2,0,1228415072,662,47,662,47,0,48,6
1,700,21.000000,42.000000,2,0,1228415075,668,50,668,50,0,48,6
1,700,21.000000,42.000000,2,0,1228415077,673,52,673,52,0,48,6
1,700,21.000000,42.000000,2,0,1228415080,680,54,680,54,0,48,6
1,700,21.000000,42.000000,2,0,1228415083,687,56,687,56,0,48,6
1,700,21.000000,42.000000,2,0,1228415086,696,58,696,58,0,48,6
1,700,21.000000,42.000000,2,0,1228415089,704,60,704,60,0,48,6
1,700,21.000000,42.000000,2,0,1228415091,712,63,712,63,0,48,6
1,700,21.000000,42.000000,2,0,1228415094,720,66,720,66,0,48,6
1,700,21.000000,42.000000,2,0,1228415097,730,68,730,68,0,48,6
1,700,21.000000,42.000000,2,0,1228415100,739,71,739,71,0,48,6
1,700,21.000000,42.000000,2,0,1228415102,749,73,749,73,0,48,6
1,700,21.000000,42.000000,2,0,1228415105,760,75,760,75,0,48,6
1,700,21.000000,42.000000,2,0,1228415108,772,77,772,77,0,48,6
1,700,21.000000,42.000000,2,0,1228415111,783,79,783,79,0,48,6
1,700,21.000000,42.000000,2,0,1228415114,795,81,795,81,0,48,6
1,700,21.000000,42.000000,2,0,1228415116,807,83,807,83,0,48,6
1,700,21.000000,42.000000,2,0,1228415119,818,84,818,84,0,48,6
1,700,21.000000,42.000000,2,0,1228415122,829,85,829,85,0,48,6
1,700,21.000000,42.000000,2,0,1228415125,841,86,841,86,0,48,6
1,700,21.000000,42.000000,2,0,1228415127,855,87,855,87,0,48,6
1,700,21.000000,42.000000,2,0,1228415130,867,89,867,89,0,48,6
1,700,21.000000,42.000000,2,0,1228415133,878,90,878,90,0,48,6
1,700,21.000000,42.000000,2,0,1228415136,889,90,889,90,0,48,6
1,700,21.000000,42.000000,2,0,1228415139,903,93,903,93,0,48,6
1,700,21.000000,42.000000,2,0,1228415141,915,94,915,94,0,48,6
1,700,21.000000,42.000000,2,0,1228415144,927,95,927,95,0,48,6
1,700,21.000000,42.000000,2,0,1228415147,938,96,938,96,0,48,6
1,700,21.000000,42.000000,2,0,1228415150,953,97,953,97,0,48,6
1,700,21.000000,42.000000,2,0,1228415153,963,97,963,97,0,48,6
1,700,21.000000,42.000000,2,0,1228415155,975,99,975,99,0,48,6
1,700,21.000000,42.000000,2,0,1228415158,987,99,987,99,0,48,6
1,700,21.000000,42.000000,2,0,1228415161,996,99,996,99,0,48,6
1,700,21.000000,42.000000,2,0,1228415164,1008,100,1008,100,0,48,6
1,700,21.000000,42.000000,2,0,1228415166,1020,101,1020,101,0,48,6
1,700,21.000000,42.000000,2,0,1228415169,1030,103,1030,103,0,48,6
1,700,21.000000,42.000000,2,0,1228415172,1048,103,1048,103,0,48,6
1,700,21.000000,42.000000,2,0,1228415175,1062,105,1062,105,0,48,6
1,700,21.000000,42.000000,2,0,1228415178,1071,105,1071,105,0,48,6
1,700,21.000000,42.000000,2,0,1228415180,1079,105,1079,105,0,48,6
1,700,21.000000,42.000000,2,0,1228415183,1087,105,1087,105,0,48,6
1,700,21.000000,42.000000,2,0,1228415186,1095,106,1095,106,0,48,6
1,700,21.000000,42.000000,2,0,1228415188,1102,107,1102,107,0,48,6
1,700,21.000000,42.000000,2,0,1228415191,1111,107,1111,107,0,48,6
1,700,21.000000,42.000000,2,0,1228415194,1119,107,1119,107,0,48,6
1,700,21.000000,42.000000,2,0,1228415197,1126,107,1126,107,0,48,6
1,700,21.000000,42.000000,2,0,1228415200,1130,107,1130,107,0,48,6
1,700,21.000000,42.000000,2,0,1228415203,1134,107,1134,107,0,48,6
1,700,21.000000,42.000000,2,0,1228415205,1138,107,1138,107,0,48,6
1,700,21.000000,42.000000,2,0,1228415208,1142,107,1142,107,0,48,6
1,700,21.000000,42.000000,2,0,1228415211,1145,107,1145,107,0,48,6
1,700,21.000000,42.000000,2,0,1228415214,1147,107,1147,107,0,48,6
1,700,21.000000,42.000000,2,0,1228415216,1150,107,1150,107,0,48,6
1,700,21.000000,42.000000,2,0,1228415219,1151,107,1151,107,0,48,6
1,700,21.000000,42.000000,2,0,1228415222,1152,107,1152,107,0,48,6
1,700,21.000000,42.000000,2,0,1228415224,1155,107,1155,107,0,48,6
1,700,21.000000,42.000000,2,0,1228415228,1156,108,1156,108,0,48,6
1,700,21.000000,42.000000,2,0,1228415230,1157,108,1157,108,0,48,6
1,700,21.000000,42.000000,2,0,1228415233,1158,108,1158,108,0,48,6
1,700,21.000000,42.000000,2,0,1228415236,1159,108,1159,108,0,48,6
1,700,21.000000,42.000000,2,0,1228415239,1160,108,1160,108,0,48,6
1,700,21.000000,42.000000,2,0,1228415241,1161,108,1161,108,0,48,6
1,700,21.000000,42.000000,2,0,1228415244,1162,108,1162,108,0,48,6
1,700,21.000000,42.000000,2,0,1228415247,1163,107,1163,107,0,48,6
1,700,21.000000,42.000000,2,0,1228415250,1164,106,1164,106,0,48,6
1,700,21.000000,42.000000,2,0,1228415253,1165,105,1165,105,0,48,6
1,700,21.000000,42.000000,2,0,1228415255,1166,104,1166,104,0,48,6
1,700,21.000000,42.000000,2,0,1228415258,1167,103,1167,103,0,48,6
1,700,21.000000,42.000000,2,0,1228415261,1169,103,1169,103,0,48,6
1,700,21.000000,42.000000,2,0,1228415264,1171,103,1171,103,0,48,6
1,700,21.000000,42.000000,2,0,1228415266,1173,102,1173,102,0,48,6
1,700,21.000000,42.000000,2,0,1228415269,1175,102,1175,102,0,48,6
1,700,21.000000,42.000000,2,0,1228415272,1176,102,1176,102,0,48,6
1,700,21.000000,42.000000,2,0,1228415275,1177,102,1177,102,0,48,6
1,700,21.000000,42.000000,2,0,1228415278,1179,102,1179,102,0,48,6
1,700,21.000000,42.000000,2,0,1228415280,1180,102,1180,102,0,48,6
1,700,21.000000,42.000000,2,0,1228415283,1182,102,1182,102,0,48,6
1,700,21.000000,42.000000,2,0,1228415286,1183,101,1183,101,0,48,6
1,700,21.000000,42.000000,2,0,1228415289,1184,101,1184,101,0,48,6
1,700,21.000000,42.000000,2,0,1228415291,1186,100,1186,100,0,48,6
1,700,21.000000,42.000000,2,0,1228415294,1188,99,1188,99,0,48,6
1,700,21.000000,42.000000,2,0,1228415297,1189,99,1189,99,0,48,6
1,700,21.000000,42.000000,2,0,1228415300,1191,98,1191,98,0,48,6
1,700,21.000000,42.000000,2,0,1228415303,1193,97,1193,97,0,48,6
1,700,21.000000,42.000000,2,0,1228415305,1194,97,1194,97,0,48,6
1,700,21.000000,42.000000,2,0,1228415308,1197,96,1197,96,0,48,6
1,700,21.000000,42.000000,2,0,1228415311,1198,95,1198,95,0,48,6
1,700,21.000000,42.000000,2,0,1228415314,1200,95,1200,95,0,48,6
1,700,21.000000,42.000000,2,0,1228415317,1202,94,1202,94,0,48,6
1,700,21.000000,42.000000,2,0,1228415319,1202,93,1202,93,0,48,6
1,700,21.000000,42.000000,2,0,1228415322,1204,93,1204,93,0,48,6
1,700,21.000000,42.000000,2,0,1228415325,1206,93,1206,93,0,48,6
1,700,21.000000,42.000000,2,0,1228415328,1206,91,1206,91,0,48,6
1,700,21.000000,42.000000,2,0,1228415330,1209,91,1209,91,0,48,6
1,700,21.000000,42.000000,2,0,1228415333,1211,91,1211,91,0,48,6
1,700,21.000000,42.000000,2,0,1228415336,1212,89,1212,89,0,48,6
1,700,21.000000,42.000000,2,0,1228415339,1213,89,1213,89,0,48,6
1,700,21.000000,42.000000,2,0,1228415341,1216,88,1216,88,0,48,6
1,700,21.000000,42.000000,2,0,1228415344,1218,88,1218,88,0,48,6
1,700,21.000000,42.000000,2,0,1228415347,1220,87,1220,87,0,48,6
1,700,21.000000,42.000000,2,0,1228415350,1222,86,1222,86,0,48,6
1,700,21.000000,42.000000,2,0,1228415353,1224,86,1224,86,0,48,6
1,700,21.000000,42.000000,2,0,1228415355,1227,86,1227,86,0,48,6
1,700,21.000000,42.000000,2,0,1228415358,1229,85,1229,85,0,48,6
1,700,21.000000,42.000000,2,0,1228415361,1230,83,1230,83,0,48,6
1,700,21.000000,42.000000,2,0,1228415364,1232,82,1232,82,0,48,6
1,700,21.000000,42.000000,2,0,1228415367,1233,82,1233,82,0,48,6
1,700,21.000000,42.000000,2,0,1228415369,1236,82,1236,82,0,48,6
1,700,21.000000,42.000000,2,0,1228415372,1240,81,1240,81,0,48,6
1,700,21.000000,42.000000,2,0,1228415375,1242,81,1242,81,0,48,6
1,700,21.000000,42.000000,2,0,1228415378,1245,80,1245,80,0,48,6
1,700,21.000000,42.000000,2,0,1228415380,1246,80,1246,80,0,48,6
1,700,21.000000,42.000000,2,0,1228415384,1247,79,1247,79,0,48,6
1,700,21.000000,42.000000,2,0,1228415386,1250,77,1250,77,0,48,6
1,700,21.000000,42.000000,2,0,1228415389,1253,77,1253,77,0,48,6
1,700,21.000000,42.000000,2,0,1228415392,1254,74,1254,74,0,48,6
1,700,21.000000,42.000000,2,0,1228415394,1255,74,1255,74,0,48,6
1,700,21.000000,42.000000,2,0,1228415397,1257,74,1257,74,0,48,6
1,700,21.000000,42.000000,2,0,1228415400,1259,73,1259,73,0,48,6
1,700,21.000000,42.000000,2,0,1228415402,1260,72,1260,72,0,48,6
1,700,21.000000,42.000000,2,0,1228415405,1262,72,1262,72,0,48,6
1,700,21.000000,42.000000,2,0,1228415408,1263,70,1263,70,0,48,6
1,700,21.000000,42.000000,2,0,1228415411,1264,70,1264,70,0,48,6
1,700,21.000000,42.000000,2,0,1228415414,1268,68,1268,68,0,48,6
1,700,21.000000,42.000000,2,0,1228415417,1271,67,1271,67,0,48,6
1,700,21.000000,42.000000,2,0,1228415419,1272,66,1272,66,0,48,6
1,700,21.000000,42.000000,2,0,1228415422,1275,66,1275,66,0,48,6
1,700,21.000000,42.000000,2,0,1228415425,1276,66,1276,66,0,48,6
1,700,21.000000,42.000000,2,0,1228415428,1278,64,1278,64,0,48,6
1,700,21.000000,42.000000,2,0,1228415430,1280,64,1280,64,0,48,6
1,700,21.000000,42.000000,2,0,1228415433,1282,64,1282,64,0,48,6
1,700,21.000000,42.000000,2,0,1228415436,1282,63,1282,63,0,48,6
1,700,21.000000,42.000000,2,0,1228415439,1282,61,1282,61,0,48,6
1,700,21.000000,42.000000,2,0,1228415442,1284,60,1284,60,0,48,6
1,700,21.000000,42.000000,2,0,1228415444,1288,59,1288,59,0,48,6
1,700,21.000000,42.000000,2,0,1228415447,1288,58,1288,58,0,48,6
1,700,21.000000,42.000000,2,0,1228415450,1290,58,1290,58,0,48,6
1,700,21.000000,42.000000,2,0,1228415453,1291,57,1291,57,0,48,6
1,700,21.000000,42.000000,2,0,1228415456,1292,57,1292,57,0,48,6
1,700,21.000000,42.000000,2,0,1228415458,1293,56,1293,56,0,48,6
1,700,21.000000,42.000000,2,0,1228415461,1294,54,1294,54,0,48,6
1,700,21.000000,42.000000,2,0,1228415464,1295,52,1295,52,0,48,6
1,700,21.000000,42.000000,2,0,1228415467,1296,52,1296,52,0,48,6
1,700,21.000000,42.000000,2,0,1228415469,1297,52,1297,52,0,48,6
1,700,21.000000,42.000000,2,0,1228415472,1298,50,1298,50,0,48,6
1,700,21.000000,42.000000,2,0,1228415475,1299,50,1299,50,0,48,6
1,700,21.000000,42.000000,2,0,1228415478,1300,50,1300,50,0,48,6
1,700,21.000000,42.000000,2,0,1228415480,1302,49,1302,49,0,48,6
1,700,21.000000,42.000000,2,0,1228415483,1302,48,1302,48,0,48,6
1,700,21.000000,42.000000,2,0,1228415486,1302,47,1302,47,0,48,6
1,700,21.000000,42.000000,2,0,1228415489,1303,47,1303,47,0,48,6
1,700,21.000000,42.000000,2,0,1228415491,1305,47,1305,47,0,48,6
1,700,21.000000,42.000000,2,0,1228415494,1305,46,1305,46,0,48,6
1,700,21.000000,42.000000,2,0,1228415497,1306,46,1306,46,0,48,6
1,700,21.000000,42.000000,2,0,1228415500,1306,45,1306,45,0,48,6
1,700,21.000000,42.000000,2,0,1228415503,1307,45,1307,45,0,48,6
1,700,21.000000,42.000000,2,0,1228415505,1308,45,1308,45,0,48,6
1,700,21.000000,42.000000,2,0,1228415508,1309,44,1309,44,0,48,6
1,700,21.000000,42.000000,2,0,1228415511,1309,44,1309,44,0,48,6
1,700,21.000000,42.000000,2,0,1228415514,1310,44,1310,44,0,48,6
1,700,21.000000,42.000000,2,0,1228415516,1311,44,1311,44,0,48,6
1,700,21.000000,42.000000,2,0,1228415519,1312,44,1312,44,0,48,6
1,700,21.000000,42.000000,2,0,1228415522,1312,42,1312,42,0,48,6
1,700,21.000000,42.000000,2,0,1228415525,1315,41,1315,41,0,48,6
1,700,21.000000,42.000000,2,0,1228415528,1318,40,1318,40,0,48,6
1,700,21.000000,42.000000,2,0,1228415530,1319,40,1319,40,0,48,6
1,700,21.000000,42.000000,2,0,1228415533,1320,40,1320,40,0,48,6
1,700,21.000000,42.000000,2,0,1228415536,1320,40,1320,40,0,48,6
1,700,21.000000,42.000000,2,0,1228415539,1320,39,1320,39,0,48,6
1,700,21.000000,42.000000,2,0,1228415542,1320,38,1320,38,0,48,6
1,700,21.000000,42.000000,2,0,1228415544,1320,37,1320,37,0,48,6
1,700,21.000000,42.000000,2,0,1228415547,1320,37,1320,37,0,48,6
1,700,21.000000,42.000000,2,0,1228415550,1320,37,1320,37,0,48,6
1,700,21.000000,42.000000,2,0,1228415553,1320,36,1320,36,0,48,6
1,700,21.000000,42.000000,2,0,1228415555,1320,35,1320,35,0,48,6
1,700,21.000000,42.000000,2,0,1228415558,1321,35,1321,35,0,48,6
1,700,21.000000,42.000000,2,0,1228415561,1321,34,1321,34,0,48,6
1,700,21.000000,42.000000,2,0,1228415564,1321,33,1321,33,0,48,6
1,700,21.000000,42.000000,2,0,1228415566,1321,33,1321,33,0,48,6
1,700,21.000000,42.000000,2,0,1228415569,1321,33,1321,33,0,48,6
1,700,21.000000,42.000000,2,0,1228415572,1321,33,1321,33,0,48,6
1,700,21.000000,42.000000,2,0,1228415575,1321,32,1321,32,0,48,6
1,700,21.000000,42.000000,2,0,1228415578,1321,31,1321,31,0,48,6
1,700,21.000000,42.000000,2,0,1228415581,1321,31,1321,31,0,48,6
1,700,21.000000,42.000000,2,0,1228415583,1321,31,1321,31,0,48,6
1,700,21.000000,42.000000,2,0,1228415586,1322,31,1322,31,0,48,6
1,700,21.000000,42.000000,2,0,1228415589,1322,29,1322,29,0,48,6
1,700,21.000000,42.000000,2,0,1228415592,1322,27,1322,27,0,48,6
1,700,21.000000,42.000000,2,0,1228415594,1321,26,1321,26,0,48,6
1,700,21.000000,42.000000,2,0,1228415597,1320,25,1320,25,0,48,6
1,700,21.000000,42.000000,2,0,1228415600,1320,25,1320,25,0,48,6
1,700,21.000000,42.000000,2,0,1228415603,1320,25,1320,25,0,48,6
1,700,21.000000,42.000000,2,0,1228415605,1320,25,1320,25,0,48,6
1,700,21.000000,42.000000,2,0,1228415608,1320,25,1320,25,0,48,6
1,700,21.000000,42.000000,2,0,1228415611,1320,24,1320,24,0,48,6
1,700,21.000000,42.000000,2,0,1228415614,1320,23,1320,23,0,48,6
1,700,21.000000,42.000000,2,0,1228415617,1320,23,1320,23,0,48,6
1,700,21.000000,42.000000,2,0,1228415619,1320,22,1320,22,0,48,6
1,700,21.000000,42.000000,2,0,1228415622,1320,21,1320,21,0,48,6
1,700,21.000000,42.000000,2,0,1228415625,1320,21,1320,21,0,48,6
1,700,21.000000,42.000000,2,0,1228415628,1320,21,1320,21,0,48,6
1,700,21.000000,42.000000,2,0,1228415631,1320,20,1320,20,0,48,6
1,700,21.000000,42.000000,2,0,1228415633,1320,18,1320,18,0,48,6
1,700,21.000000,42.000000,2,0,1228415636,1320,16,1320,16,0,48,6
1,700,21.000000,42.000000,2,0,1228415639,1320,16,1320,16,0,48,6
1,700,21.000000,42.000000,2,0,1228415642,1320,16,1320,16,0,48,6
1,700,21.000000,42.000000,2,0,1228415645,1320,15,1320,15,0,48,6
1,700,21.000000,42.000000,2,0,1228415647,1320,14,1320,14,0,48,6
1,700,21.000000,42.000000,2,0,1228415650,1320,14,1320,14,0,48,6
1,700,21.000000,42.000000,2,0,1228415653,1321,13,1321,13,0,48,6
1,700,21.000000,42.000000,2,0,1228415656,1321,13,1321,13,0,48,6
1,700,21.000000,42.000000,2,0,1228415658,1321,12,1321,12,0,48,6
1,700,21.000000,42.000000,2,0,1228415661,1321,12,1321,12,0,48,6
1,700,21.000000,42.000000,2,0,1228415664,1321,11,1321,11,0,48,6
1,700,21.000000,42.000000,2,0,1228415667,1321,10,1321,10,0,48,6
1,700,21.000000,42.000000,2,0,1228415669,1321,9,1321,9,0,48,6
1,700,21.000000,42.000000,2,0,1228415672,1321,8,1321,8,0,48,6
1,700,21.000000,42.000000,2,0,1228415675,1321,8,1321,8,0,48,6
1,700,21.000000,42.000000,2,0,1228415678,1321,8,1321,8,0,48,6
1,700,21.000000,42.000000,2,0,1228415681,1321,8,1321,8,0,48,6
1,700,21.000000,42.000000,2,0,1228415683,1321,8,1321,8,0,48,6
1,700,21.000000,42.000000,2,0,1228415686,1321,7,1321,7,0,48,6
1,700,21.000000,42.000000,2,0,1228415689,1321,6,1321,6,0,48,6
1,700,21.000000,42.000000,2,0,1228415692,1321,5,1321,5,0,48,6
1,700,21.000000,42.000000,2,0,1228415695,1321,4,1321,4,0,48,6
1,700,21.000000,42.000000,2,0,1228415697,1321,4,1321,4,0,48,6
1,700,21.000000,42.000000,2,0,1228415700,1321,4,1321,4,0,48,6
1,700,21.000000,42.000000,2,0,1228415703,1321,4,1321,4,0,48,6
1,700,21.000000,42.000000,2,0,1228415706,1321,4,1321,4,0,48,6
1,700,21.000000,42.000000,2,0,1228415708,1321,4,1321,4,0,48,6
1,700,21.000000,42.000000,2,0,1228415711,1321,4,1321,4,0,48,6
1,700,21.000000,42.000000,2,0,1228415714,1321,4,1321,4,0,48,6
1,700,21.000000,42.000000,2,0,1228415717,1321,4,1321,4,0,48,6
1,700,21.000000,42.000000,2,0,1228415720,1321,4,1321,4,0,48,6
1,700,21.000000,42.000000,2,0,1228415722,1321,3,1321,3,0,48,6
1,700,21.000000,42.000000,2,0,1228415725,1321,2,1321,2,0,48,6
1,700,21.000000,42.000000,2,0,1228415728,1321,1,1321,1,0,48,6
1,700,21.000000,42.000000,2,0,1228415730,1320,1,1320,1,0,48,6
1,700,21.000000,42.000000,2,0,1228415733,1320,0,1320,0,0,48,6
1,700,21.000000,42.000000,2,0,1228415736,1320,0,1320,-1,0,48,6
1,700,21.000000,42.000000,2,0,1228415739,1320,0,1320,-1,0,48,6
1,700,21.000000,42.000000,2,0,1228415742,1320,0,1320,-1,0,48,6
1,700,21.000000,42.000000,2,0,1228415745,1320,0,1320,-1,0,48,6
1,700,21.000000,42.000000,2,0,1228415747,1320,0,1320,-1,0,48,6
1,700,21.000000,42.000000,2,0,1228415750,1320,0,1320,-1,0,48,6
1,700,21.000000,42.000000,2,0,1228415753,1320,0,1320,-1,0,48,6
1,700,21.000000,42.000000,2,0,1228415756,1320,0,1320,-1,0,48,6
1,700,21.000000,42.000000,2,0,1228415758,1320,0,1320,-1,0,48,6
1,700,21.000000,42.000000,2,0,1228415761,1319,0,1319,-2,0,48,6
1,700,21.000000,42.000000,2,0,1228415764,1318,0,1318,-3,0,48,6
1,700,21.000000,42.000000,2,0,1228415767,1318,0,1318,-3,0,48,6
1,700,21.000000,42.000000,2,0,1228415769,1318,0,1318,-3,0,48,6
1,700,21.000000,42.000000,2,0,1228415772,1318,0,1318,-3,0,48,6
1,700,21.000000,42.000000,2,0,1228415775,1318,0,1318,-3,0,48,6
1,700,21.000000,42.000000,2,0,1228415778,1318,0,1318,-3,0,48,6
1,700,21.000000,42.000000,2,0,1228415780,1318,0,1318,-3,0,48,6
1,700,21.000000,42.000000,2,0,1228415783,1318,0,1318,-3,0,48,6
1,700,21.000000,42.000000,2,0,1228415797,1318,0,1318,-3,0,48,6
