1,700,21.000000,0.000000,2,0,1228449558,611,7,611,7,0,50,6
1,700,21.000000,0.000000,2,0,1228449559,611,7,611,7,0,50,6
1,700,21.000000,0.000000,2,0,1228449562,611,7,611,7,0,50,6
1,700,21.000000,0.000000,2,0,1228449564,611,7,611,7,0,50,6
1,700,21.000000,0.000000,2,0,1228449567,611,7,611,7,0,50,6
1,700,21.000000,0.000000,2,0,1228449570,611,7,611,7,0,50,6
1,700,21.000000,0.000000,2,0,1228449573,611,7,611,7,0,50,6
1,700,21.000000,0.000000,2,0,1228449576,611,7,611,7,0,50,6
1,700,21.000000,0.000000,2,0,1228449578,611,7,611,7,0,50,6
1,700,21.000000,0.000000,2,0,1228449581,611,7,611,7,0,50,6
1,700,21.000000,0.000000,2,0,1228449584,611,7,611,7,0,50,6
1,700,21.000000,0.000000,2,0,1228449587,611,7,611,7,0,50,6
1,700,21.000000,0.000000,2,0,1228449590,611,7,611,7,0,50,6
1,700,21.000000,0.000000,2,0,1228449592,611,7,611,7,0,50,6
1,700,21.000000,0.000000,2,0,1228449595,611,7,611,7,0,50,6
1,700,21.000000,0.000000,2,0,1228449598,611,7,611,7,0,50,6
1,700,21.000000,0.000000,2,0,1228449601,611,7,611,7,0,50,6
1,700,21.000000,0.000000,2,0,1228449604,611,7,611,7,0,50,6
1,700,21.000000,0.000000,2,0,1228449606,611,7,611,7,0,50,6
1,700,21.000000,0.000000,2,0,1228449609,611,7,611,7,0,50,6
1,700,21.000000,0.000000,2,0,1228449612,611,7,611,7,0,50,6
1,700,21.000000,0.000000,2,0,1228449615,611,7,611,7,0,50,6
1,700,21.000000,0.000000,2,0,1228449618,611,7,611,7,0,50,6
1,700,21.000000,0.000000,2,0,1228449620,611,7,611,7,0,50,6
1,700,21.000000,0.000000,2,0,1228449623,611,7,611,7,0,50,6
1,700,21.000000,0.000000,2,0,1228449626,611,7,611,7,0,50,6
1,700,21.000000,0.000000,2,0,1228449628,611,7,611,7,0,50,6
1,700,21.000000,0.000000,2,0,1228449631,611,7,611,7,0,50,6
1,700,21.000000,0.000000,2,0,1228449634,611,8,611,8,0,50,6
1,700,21.000000,0.000000,2,0,1228449637,613,9,613,9,0,50,6
1,700,21.000000,0.000000,2,0,1228449640,615,10,615,10,0,50,6
1,700,21.000000,0.000000,2,0,1228449643,617,11,617,11,0,50,6
1,700,21.000000,0.000000,2,0,1228449645,618,12,618,12,0,50,6
1,700,21.000000,0.000000,2,0,1228449648,622,14,622,14,0,50,6
1,700,21.000000,0.000000,2,0,1228449651,625,17,625,17,0,50,6
1,700,21.000000,0.000000,2,0,1228449654,630,20,630,20,0,50,6
1,700,21.000000,0.000000,2,0,1228449656,636,23,636,23,0,50,6
1,700,21.000000,0.000000,2,0,1228449659,641,26,641,26,0,50,6
1,700,21.000000,0.000000,2,0,1228449662,649,29,649,29,0,50,6
1,700,21.000000,0.000000,2,0,1228449664,657,32,657,32,0,50,6
1,700,21.000000,0.000000,2,0,1228449667,667,38,667,38,0,50,6
1,700,21.000000,0.000000,2,0,1228449670,677,44,677,44,0,50,6
1,700,21.000000,0.000000,2,0,1228449673,685,49,685,49,0,50,6
1,700,21.000000,0.000000,2,0,1228449676,699,53,699,53,0,50,6
1,700,21.000000,0.000000,2,0,1228449679,712,60,712,60,0,50,6
1,700,21.000000,0.000000,2,0,1228449681,727,66,727,66,0,50,6
1,700,21.000000,0.000000,2,0,1228449684,750,75,750,75,0,50,6
1,700,21.000000,0.000000,2,0,1228449687,767,82,767,82,0,50,6
1,700,21.000000,0.000000,2,0,1228449690,790,94,790,94,0,50,6
1,700,21.000000,0.000000,2,0,1228449693,816,105,816,105,0,50,6
1,700,21.000000,0.000000,2,0,1228449695,838,112,838,112,0,50,6
1,700,21.000000,0.000000,2,0,1228449698,869,122,869,122,0,50,6
1,700,21.000000,0.000000,2,0,1228449701,896,132,896,132,0,50,6
1,700,21.000000,0.000000,2,0,1228449704,924,140,924,140,0,50,6
1,700,21.000000,0.000000,2,0,1228449707,957,150,957,150,0,50,6
1,700,21.000000,0.000000,2,0,1228449709,989,158,989,158,0,50,6
1,700,21.000000,0.000000,2,0,1228449712,1025,170,1025,170,0,50,6
1,700,21.000000,0.000000,2,0,1228449715,1066,185,1066,185,0,50,6
1,700,21.000000,0.000000,2,0,1228449718,1101,192,1101,192,0,50,6
1,700,21.000000,0.000000,2,0,1228449720,1136,201,1136,201,0,50,6
1,700,21.000000,0.000000,2,0,1228449723,1176,208,1176,208,0,50,6
1,700,21.000000,0.000000,2,0,1228449726,1210,213,1210,213,0,50,6
1,700,21.000000,0.000000,2,0,1228449729,1241,218,1241,218,0,50,6
1,700,21.000000,0.000000,2,0,1228449731,1270,221,1270,221,0,50,6
1,700,21.000000,0.000000,2,0,1228449734,1292,225,1292,225,0,50,6
1,700,21.000000,0.000000,2,0,1228449737,1315,228,1315,228,0,50,6
1,700,21.000000,0.000000,2,0,1228449740,1336,232,1336,232,0,50,6
1,700,21.000000,0.000000,2,0,1228449742,1349,234,1349,234,0,50,6
1,700,21.000000,0.000000,2,0,1228449745,1364,237,1364,237,0,50,6
1,700,21.000000,0.000000,2,0,1228449748,1372,237,1372,237,0,50,6
1,700,21.000000,0.000000,2,0,1228449751,1382,237,1382,237,0,50,6
1,700,21.000000,0.000000,2,0,1228449754,1392,237,1392,237,0,50,6
1,700,21.000000,0.000000,2,0,1228449756,1395,236,1395,236,0,50,6
1,700,21.000000,0.000000,2,0,1228449759,1401,234,1401,234,0,50,6
1,700,21.000000,0.000000,2,0,1228449762,1406,232,1406,232,0,50,6
1,700,21.000000,0.000000,2,0,1228449765,1409,230,1409,230,0,50,6
1,700,21.000000,0.000000,2,0,1228449768,1411,227,1411,227,0,50,6
1,700,21.000000,0.000000,2,0,1228449770,1414,223,1414,223,0,50,6
1,700,21.000000,0.000000,2,0,1228449773,1416,221,1416,221,0,50,6
1,700,21.000000,0.000000,2,0,1228449776,1419,215,1419,215,0,50,6
1,700,21.000000,0.000000,2,0,1228449778,1421,209,1421,209,0,50,6
1,700,21.000000,0.000000,2,0,1228449781,1422,204,1422,204,0,50,6
1,700,21.000000,0.000000,2,0,1228449784,1424,198,1424,198,0,50,6
1,700,21.000000,0.000000,2,0,1228449787,1424,190,1424,190,0,50,6
1,700,21.000000,0.000000,2,0,1228449790,1426,185,1426,185,0,50,6
1,700,21.000000,0.000000,2,0,1228449792,1426,178,1426,178,0,50,6
1,700,21.000000,0.000000,2,0,1228449795,1426,170,1426,170,0,50,6
1,700,21.000000,0.000000,2,0,1228449798,1426,161,1426,161,0,50,6
1,700,21.000000,0.000000,2,0,1228449801,1426,154,1426,154,0,50,6
1,700,21.000000,0.000000,2,0,1228449805,1425,145,1425,145,0,50,6
1,700,21.000000,0.000000,2,0,1228449808,1421,135,1421,135,0,50,6
1,700,21.000000,0.000000,2,0,1228449811,1418,124,1418,124,0,50,6
1,700,21.000000,0.000000,2,0,1228449814,1418,118,1418,118,0,50,6
1,700,21.000000,0.000000,2,0,1228449816,1414,111,1414,111,0,50,6
1,700,21.000000,0.000000,2,0,1228449819,1412,104,1412,104,0,50,6
1,700,21.000000,0.000000,2,0,1228449822,1408,96,1408,96,0,50,6
1,700,21.000000,0.000000,2,0,1228449824,1405,89,1405,89,0,50,6
1,700,21.000000,0.000000,2,0,1228449827,1402,84,1402,84,0,50,6
1,700,21.000000,0.000000,2,0,1228449830,1397,78,1397,78,0,50,6
1,700,21.000000,0.000000,2,0,1228449832,1392,69,1392,69,0,50,6
1,700,21.000000,0.000000,2,0,1228449835,1392,66,1392,66,0,50,6
1,700,21.000000,0.000000,2,0,1228449838,1390,61,1390,61,0,50,6
1,700,21.000000,0.000000,2,0,1228449840,1385,54,1385,54,0,50,6
1,700,21.000000,0.000000,2,0,1228449843,1381,48,1381,48,0,50,6
1,700,21.000000,0.000000,2,0,1228449846,1377,42,1377,42,0,50,6
1,700,21.000000,0.000000,2,0,1228449849,1374,37,1374,37,0,50,6
1,700,21.000000,0.000000,2,0,1228449851,1371,33,1371,33,0,50,6
1,700,21.000000,0.000000,2,0,1228449854,1369,30,1369,30,0,50,6
1,700,21.000000,0.000000,2,0,1228449857,1365,25,1365,25,0,50,6
1,700,21.000000,0.000000,2,0,1228449859,1361,23,1361,23,0,50,6
1,700,21.000000,0.000000,2,0,1228449862,1358,18,1358,18,0,50,6
1,700,21.000000,0.000000,2,0,1228449864,1353,16,1353,16,0,50,6
1,700,21.000000,0.000000,2,0,1228449868,1348,11,1348,11,0,50,6
1,700,21.000000,0.000000,2,0,1228449870,1345,8,1345,8,0,50,6
1,700,21.000000,0.000000,2,0,1228449873,1339,5,1339,5,0,50,6
1,700,21.000000,0.000000,2,0,1228449876,1333,2,1333,2,0,50,6
1,700,21.000000,0.000000,2,0,1228449879,1326,0,1326,-2,0,50,6
1,700,21.000000,0.000000,2,0,1228449881,1317,0,1317,-6,0,50,6
1,700,21.000000,0.000000,2,0,1228449884,1308,0,1308,-9,0,50,6
1,700,21.000000,0.000000,2,0,1228449887,1302,0,1302,-11,0,50,6
1,700,21.000000,0.000000,2,0,1228449890,1301,0,1293,-16,0,50,6
1,700,21.000000,0.000000,2,0,1228449893,1301,0,1282,-19,0,50,6
1,700,21.000000,0.000000,2,0,1228449895,1301,0,1274,-22,0,50,6
1,700,21.000000,0.000000,2,0,1228449898,1301,0,1264,-26,0,50,6
1,700,21.000000,0.000000,2,0,1228449901,1301,0,1256,-29,0,50,6
1,700,21.000000,0.000000,2,0,1228449904,1301,0,1246,-30,0,50,6
1,700,21.000000,0.000000,2,0,1228449906,1301,0,1238,-31,0,50,6
1,700,21.000000,0.000000,2,0,1228449909,1301,0,1228,-32,0,50,6
1,700,21.000000,0.000000,2,0,1228449912,1301,0,1217,-34,0,50,6
1,700,21.000000,0.000000,2,0,1228449915,1301,0,1207,-36,0,50,6
1,700,21.000000,0.000000,2,0,1228449918,1301,0,1200,-38,0,50,6
1,700,21.000000,0.000000,2,0,1228449920,1301,0,1194,-39,0,50,6
1,700,21.000000,0.000000,2,0,1228449923,1301,0,1188,-39,0,50,6
1,700,21.000000,0.000000,2,0,1228449926,1301,0,1178,-40,0,50,6
1,700,21.000000,0.000000,2,0,1228449929,1301,0,1174,-41,0,50,6
1,700,21.000000,0.000000,2,0,1228449932,1301,0,1171,-41,0,50,6
1,700,21.000000,0.000000,2,0,1228449934,1301,0,1168,-41,0,50,6
1,700,21.000000,0.000000,2,0,1228449937,1301,0,1165,-42,0,50,6
1,700,21.000000,0.000000,2,0,1228449940,1301,0,1162,-43,0,50,6
1,700,21.000000,0.000000,2,0,1228449943,1301,0,1160,-43,0,50,6
1,700,21.000000,0.000000,2,0,1228449946,1301,0,1160,-44,0,50,6
1,700,21.000000,0.000000,2,0,1228449948,1301,0,1159,-44,0,50,6
1,700,21.000000,0.000000,2,0,1228449951,1301,0,1158,-44,0,50,6
1,700,21.000000,0.000000,2,0,1228449954,1301,0,1158,-44,0,50,6
1,700,21.000000,0.000000,2,0,1228449957,1301,0,1158,-44,0,50,6
1,700,21.000000,0.000000,2,0,1228449959,1301,0,1158,-45,0,50,6
1,700,21.000000,0.000000,2,0,1228449962,1301,0,1158,-46,0,50,6
1,700,21.000000,0.000000,2,0,1228449965,1301,0,1158,-46,0,50,6
1,700,21.000000,0.000000,2,0,1228449968,1301,0,1158,-46,0,50,6
1,700,21.000000,0.000000,2,0,1228449970,1301,0,1158,-46,0,50,6
1,700,21.000000,0.000000,2,0,1228449973,1301,0,1158,-46,0,50,6
1,700,21.000000,0.000000,2,0,1228449976,1301,0,1158,-46,0,50,6
1,700,21.000000,0.000000,2,0,1228449979,1301,0,1158,-46,0,50,6
1,700,21.000000,0.000000,2,0,1228449982,1301,0,1158,-46,0,50,6
1,700,21.000000,0.000000,2,0,1228449993,1301,0,1158,-46,0,50,6
