1,350,21.000000,0.000000,0,0,3500253,783,0,783,0,0,8,0,0
1,350,21.000000,0.000000,0,0,3500254,783,0,783,0,0,8,0,0
1,350,21.000000,0.000000,0,0,3500256,783,0,783,0,0,8,0,0
1,350,21.000000,0.000000,0,0,3500259,783,0,783,0,0,8,0,0
1,350,21.000000,0.000000,0,0,3500262,783,0,783,0,0,8,0,0
1,350,21.000000,0.000000,0,0,3500265,783,0,783,0,0,8,0,0
1,350,21.000000,0.000000,0,0,3500268,783,0,783,0,0,8,0,0
1,350,21.000000,0.000000,0,0,3500270,783,0,783,0,0,8,0,0
1,350,21.000000,0.000000,0,0,3500273,783,0,783,0,0,8,0,0
1,350,21.000000,0.000000,0,0,3500276,783,0,783,0,0,8,0,0
1,350,21.000000,0.000000,0,0,3500279,783,0,783,0,0,8,0,0
1,350,21.000000,0.000000,0,0,3500281,783,0,783,0,0,8,0,0
1,350,21.000000,0.000000,0,0,3500284,783,0,783,0,0,8,0,0
1,350,21.000000,0.000000,0,0,3500287,783,0,783,0,0,8,0,0
1,350,21.000000,0.000000,0,0,3500290,783,0,783,0,0,8,0,0
1,350,21.000000,0.000000,0,0,3500293,783,0,783,0,0,8,0,0
1,350,21.000000,0.000000,0,0,3500295,783,0,783,0,0,8,0,0
1,350,21.000000,0.000000,0,0,3500298,783,0,783,0,0,8,0,0
1,350,21.000000,0.000000,0,0,3500301,783,0,783,0,0,8,0,0
1,350,21.000000,0.000000,0,0,3500304,783,0,783,0,0,8,0,0
1,350,21.000000,0.000000,0,0,3500307,783,0,783,0,0,8,0,0
1,350,21.000000,0.000000,0,0,3500309,783,0,783,0,0,8,0,0
1,350,21.000000,0.000000,0,0,3500312,783,0,783,0,0,8,0,0
1,350,21.000000,0.000000,0,0,3500315,783,0,783,0,0,8,0,0
1,350,21.000000,0.000000,0,0,3500318,783,0,783,0,0,8,0,0
1,350,21.000000,0.000000,0,0,3500320,783,0,783,0,0,8,0,0
1,350,21.000000,0.000000,0,0,3500323,783,0,783,0,0,8,0,0
1,350,21.000000,0.000000,0,0,3500326,783,0,783,0,0,8,0,0
1,350,21.000000,0.000000,0,0,3500329,783,0,783,0,0,8,0,0
1,350,21.000000,0.000000,0,0,3500331,783,0,783,0,0,8,0,0
1,350,21.000000,0.000000,0,0,3500334,783,0,783,0,0,8,0,0
1,350,21.000000,0.000000,0,0,3500337,783,0,783,0,0,8,0,0
1,350,21.000000,0.000000,0,0,3500340,783,0,783,0,0,8,0,0
1,350,21.000000,0.000000,0,0,3500343,783,0,783,0,0,8,0,0
1,350,21.000000,0.000000,0,0,3500345,783,0,783,0,0,8,0,0
1,350,21.000000,0.000000,0,0,3500348,783,0,783,0,0,8,0,0
1,350,21.000000,0.000000,0,0,3500351,783,0,783,0,0,8,0,0
1,350,21.000000,0.000000,0,0,3500354,783,0,783,0,0,8,0,0
1,350,21.000000,0.000000,0,0,3500356,783,0,783,0,0,8,0,0
1,350,21.000000,0.000000,0,0,3500359,783,0,783,0,0,8,0,0
1,350,21.000000,0.000000,0,0,3500362,783,0,783,0,0,8,0,0
1,350,21.000000,0.000000,0,0,3500365,783,0,783,0,0,8,0,0
1,350,21.000000,0.000000,0,0,3500368,783,0,783,0,0,8,0,0
1,350,21.000000,0.000000,0,0,3500371,783,0,783,0,0,8,0,0
1,350,21.000000,0.000000,0,0,3500373,783,0,783,0,0,8,0,0
1,350,21.000000,0.000000,0,0,3500376,783,0,783,0,0,8,0,0
1,350,21.000000,0.000000,0,0,3500379,783,0,783,0,0,8,0,0
1,350,21.000000,0.000000,0,0,3500382,783,0,783,-1,0,8,0,0
1,350,21.000000,0.000000,0,0,3500384,783,0,783,-1,0,8,0,0
1,350,21.000000,0.000000,0,0,3500387,783,0,783,-1,0,8,0,0
1,350,21.000000,0.000000,0,0,3500390,784,0,784,-1,0,8,0,0
1,350,21.000000,0.000000,0,0,3500392,785,0,785,-1,0,8,0,0
1,350,21.000000,0.000000,0,0,3500395,786,0,786,-2,0,8,0,0
1,350,21.000000,0.000000,0,0,3500398,787,0,787,-2,0,8,0,0
1,350,21.000000,0.000000,0,0,3500401,788,0,788,-3,0,8,0,0
1,350,21.000000,0.000000,0,0,3500404,789,0,789,-3,0,8,0,0
1,350,21.000000,0.000000,0,0,3500406,790,0,790,-3,0,8,0,0
1,350,21.000000,0.000000,0,0,3500409,791,0,791,-4,0,8,0,0
1,350,21.000000,0.000000,0,0,3500412,794,0,794,-4,0,8,0,0
1,350,21.000000,0.000000,0,0,3500415,797,0,797,-5,0,8,0,0
1,350,21.000000,0.000000,0,0,3500418,801,0,801,-7,0,8,0,0
1,350,21.000000,0.000000,0,0,3500420,803,0,803,-8,0,8,0,0
1,350,21.000000,0.000000,0,0,3500423,808,0,808,-10,0,8,0,0
1,350,21.000000,0.000000,0,0,3500426,811,0,811,-12,0,8,0,0
1,350,21.000000,0.000000,0,0,3500429,816,0,816,-14,0,8,0,0
1,350,21.000000,0.000000,0,0,3500432,820,0,820,-14,0,8,0,0
1,350,21.000000,0.000000,0,0,3500434,827,0,827,-16,0,8,0,0
1,350,21.000000,0.000000,0,0,3500437,832,0,832,-19,0,8,0,0
1,350,21.000000,0.000000,0,0,3500440,835,0,835,-21,0,8,0,0
1,350,21.000000,0.000000,0,0,3500443,844,0,844,-23,0,8,0,0
1,350,21.000000,0.000000,0,0,3500446,851,0,851,-25,0,8,0,0
1,350,21.000000,0.000000,0,0,3500449,857,0,857,-28,0,8,0,0
1,350,21.000000,0.000000,0,0,3500452,867,0,867,-31,0,8,0,0
1,350,21.000000,0.000000,0,0,3500455,883,0,883,-36,0,8,0,0
1,350,21.000000,0.000000,0,0,3500457,889,0,889,-39,0,8,0,0
1,350,21.000000,0.000000,0,0,3500460,901,0,901,-42,0,8,0,0
1,350,21.000000,0.000000,0,0,3500463,914,0,914,-47,0,8,0,0
1,350,21.000000,0.000000,0,0,3500466,927,0,927,-50,0,8,0,0
1,350,21.000000,0.000000,0,0,3500469,936,0,936,-54,0,8,0,0
1,350,21.000000,0.000000,0,0,3500472,953,0,953,-58,0,8,0,0
1,350,21.000000,0.000000,0,0,3500475,961,0,961,-61,0,8,0,0
1,350,21.000000,0.000000,0,0,3500478,971,0,971,-63,0,8,0,0
1,350,21.000000,0.000000,0,0,3500480,979,0,979,-66,0,8,0,0
1,350,21.000000,0.000000,0,0,3500483,989,0,989,-68,0,8,0,0
1,350,21.000000,0.000000,0,0,3500486,996,0,996,-71,0,8,0,0
1,350,21.000000,0.000000,0,0,3500489,1003,0,1003,-73,0,8,0,0
1,350,21.000000,0.000000,0,0,3500492,1014,0,1014,-76,0,8,0,0
1,350,21.000000,0.000000,0,0,3500495,1022,0,1022,-78,0,8,0,0
1,350,21.000000,0.000000,0,0,3500497,1029,0,1029,-80,0,8,0,0
1,350,21.000000,0.000000,0,0,3500500,1037,0,1037,-83,0,8,0,0
1,350,21.000000,0.000000,0,0,3500503,1042,0,1042,-84,0,8,0,0
1,350,21.000000,0.000000,0,0,3500506,1049,0,1049,-87,0,8,0,0
1,350,21.000000,0.000000,0,0,3500509,1056,0,1056,-88,0,8,0,0
1,350,21.000000,0.000000,0,0,3500512,1060,0,1060,-89,0,8,0,0
1,350,21.000000,0.000000,0,0,3500514,1069,0,1069,-92,0,8,0,0
1,350,21.000000,0.000000,0,0,3500517,1074,0,1074,-93,0,8,0,0
1,350,21.000000,0.000000,0,0,3500520,1078,0,1078,-94,0,8,0,0
1,350,21.000000,0.000000,0,0,3500523,1084,0,1084,-96,0,8,0,0
1,350,21.000000,0.000000,0,0,3500525,1090,0,1090,-98,0,8,0,0
1,350,21.000000,0.000000,0,0,3500528,1095,0,1095,-99,0,8,0,0
1,350,21.000000,0.000000,0,0,3500531,1099,0,1099,-101,0,8,0,0
1,350,21.000000,0.000000,0,0,3500533,1104,0,1104,-102,0,8,0,0
1,350,21.000000,0.000000,0,0,3500536,1107,0,1107,-103,0,8,0,0
1,350,21.000000,0.000000,0,0,3500539,1110,0,1110,-104,0,8,0,0
1,350,21.000000,0.000000,0,0,3500542,1116,0,1116,-105,0,8,0,0
1,350,21.000000,0.000000,0,0,3500545,1118,0,1118,-107,0,8,0,0
1,350,21.000000,0.000000,0,0,3500547,1120,0,1120,-108,0,8,0,0
1,350,21.000000,0.000000,0,0,3500550,1122,0,1122,-109,0,8,0,0
1,350,21.000000,0.000000,0,0,3500554,1124,0,1124,-109,0,8,0,0
1,350,21.000000,0.000000,0,0,3500557,1125,0,1125,-109,0,8,0,0
1,350,21.000000,0.000000,0,0,3500559,1126,0,1126,-110,0,8,0,0
1,350,21.000000,0.000000,0,0,3500562,1127,0,1127,-112,0,8,0,0
1,350,21.000000,0.000000,0,0,3500565,1128,0,1128,-112,0,8,0,0
1,350,21.000000,0.000000,0,0,3500568,1129,0,1129,-112,0,8,0,0
1,350,21.000000,0.000000,0,0,3500570,1130,0,1130,-113,0,8,0,0
1,350,21.000000,0.000000,0,0,3500573,1131,0,1131,-114,0,8,0,0
1,350,21.000000,0.000000,0,0,3500576,1131,0,1131,-114,0,8,0,0
1,350,21.000000,0.000000,0,0,3500579,1131,0,1131,-114,0,8,0,0
1,350,21.000000,0.000000,0,0,3500582,1131,0,1131,-114,0,8,0,0
1,350,21.000000,0.000000,0,0,3500584,1131,0,1131,-114,0,8,0,0
1,350,21.000000,0.000000,0,0,3500587,1131,0,1131,-114,0,8,0,0
1,350,21.000000,0.000000,0,0,3500590,1131,0,1131,-114,0,8,0,0
1,350,21.000000,0.000000,0,0,3500593,1131,0,1131,-114,0,8,0,0
1,350,21.000000,0.000000,0,0,3500596,1131,0,1131,-114,0,8,0,0
1,350,21.000000,0.000000,0,0,3500598,1131,0,1131,-114,0,8,0,0
1,350,21.000000,0.000000,0,0,3500601,1131,0,1131,-114,0,8,0,0
1,350,21.000000,0.000000,0,0,3500604,1131,0,1131,-114,0,8,0,0
1,350,21.000000,0.000000,0,0,3500607,1131,0,1131,-114,0,8,0,0
1,350,21.000000,0.000000,0,0,3500609,1131,0,1131,-114,0,8,0,0
1,350,21.000000,0.000000,0,0,3500612,1131,0,1131,-114,0,8,0,0
1,350,21.000000,0.000000,0,0,3500615,1131,0,1131,-114,0,8,0,0
1,350,21.000000,0.000000,0,0,3500618,1131,0,1131,-114,0,8,0,0
1,350,21.000000,0.000000,0,0,3500621,1131,0,1131,-114,0,8,0,0
1,350,21.000000,0.000000,0,0,3500623,1131,0,1131,-114,0,8,0,0
1,350,21.000000,0.000000,0,0,3500626,1132,0,1132,-114,0,8,0,0
1,350,21.000000,0.000000,0,0,3500629,1133,0,1133,-114,0,8,0,0
1,350,21.000000,0.000000,0,0,3500632,1133,0,1133,-114,0,8,0,0
1,350,21.000000,0.000000,0,0,3500634,1133,0,1133,-115,0,8,0,0
1,350,21.000000,0.000000,0,0,3500637,1134,0,1134,-115,0,8,0,0
1,350,21.000000,0.000000,0,0,3500640,1134,0,1134,-115,0,8,0,0
1,350,21.000000,0.000000,0,0,3500642,1134,0,1134,-115,0,8,0,0
1,350,21.000000,0.000000,0,0,3500646,1134,0,1134,-115,0,8,0,0
1,350,21.000000,0.000000,0,0,3500648,1134,0,1134,-115,0,8,0,0
1,350,21.000000,0.000000,0,0,3500651,1134,0,1134,-115,0,8,0,0
1,350,21.000000,0.000000,0,0,3500654,1134,0,1134,-115,0,8,0,0
1,350,21.000000,0.000000,0,0,3500657,1134,0,1134,-115,0,8,0,0
1,350,21.000000,0.000000,0,0,3500660,1134,0,1134,-115,0,8,0,0
1,350,21.000000,0.000000,0,0,3500663,1134,0,1134,-115,0,8,0,0
1,350,21.000000,0.000000,0,0,3500665,1134,0,1134,-115,0,8,0,0
1,350,21.000000,0.000000,0,0,3500668,1134,0,1134,-115,0,8,0,0
1,350,21.000000,0.000000,0,0,3500671,1134,0,1134,-115,0,8,0,0
1,350,21.000000,0.000000,0,0,3500674,1134,0,1134,-115,0,8,0,0
1,350,21.000000,0.000000,0,0,3500676,1134,0,1134,-115,0,8,0,0
1,350,21.000000,0.000000,0,0,3500679,1134,0,1134,-115,0,8,0,0
1,350,21.000000,0.000000,0,0,3500681,1134,0,1134,-115,0,8,0,0
1,350,21.000000,0.000000,0,0,3500684,1134,0,1134,-115,0,8,0,0
1,350,21.000000,0.000000,0,0,3500687,1134,0,1134,-115,0,8,0,0
1,350,21.000000,0.000000,0,0,3500690,1134,0,1134,-115,0,8,0,0
1,350,21.000000,0.000000,0,0,3500693,1134,0,1134,-115,0,8,0,0
1,350,21.000000,0.000000,0,0,3500696,1134,0,1134,-115,0,8,0,0
1,350,21.000000,0.000000,0,0,3500698,1134,0,1134,-115,0,8,0,0
1,350,21.000000,0.000000,0,0,3500702,1134,0,1134,-115,0,8,0,0
1,350,21.000000,0.000000,0,0,3500705,1134,0,1134,-115,0,8,0,0
1,350,21.000000,0.000000,0,0,3500708,1134,0,1134,-115,0,8,0,0
1,350,21.000000,0.000000,0,0,3500711,1134,0,1134,-115,0,8,0,0
1,350,21.000000,0.000000,0,0,3500715,1134,0,1134,-115,0,8,0,0
1,350,21.000000,0.000000,0,0,3500718,1134,0,1134,-115,0,8,0,0
1,350,21.000000,0.000000,0,0,3500721,1134,0,1134,-115,0,8,0,0
1,350,21.000000,0.000000,0,0,3500724,1134,0,1134,-115,0,8,0,0
1,350,21.000000,0.000000,0,0,3500727,1134,0,1134,-115,0,8,0,0
1,350,21.000000,0.000000,0,0,3500730,1134,0,1134,-115,0,8,0,0
1,350,21.000000,0.000000,0,0,3500734,1134,0,1134,-115,0,8,0,0
1,350,21.000000,0.000000,0,0,3500737,1134,0,1134,-115,0,8,0,0
1,350,21.000000,0.000000,0,0,3500740,1134,0,1134,-115,0,8,0,0
1,350,21.000000,0.000000,0,0,3500743,1134,0,1134,-115,0,8,0,0
1,350,21.000000,0.000000,0,0,3500747,1134,0,1134,-115,0,8,0,0
1,350,21.000000,0.000000,0,0,3500749,1134,0,1134,-115,0,8,0,0
1,350,21.000000,0.000000,0,0,3500752,1134,0,1134,-115,0,8,0,0
1,350,21.000000,0.000000,0,0,3500754,1134,0,1134,-115,0,8,0,0
1,350,21.000000,0.000000,0,0,3500757,1134,0,1134,-115,0,8,0,0
1,350,21.000000,0.000000,0,0,3500760,1134,0,1134,-115,0,8,0,0
1,350,21.000000,0.000000,0,0,3500763,1134,0,1134,-115,0,8,0,0
1,350,21.000000,0.000000,0,0,3500766,1134,0,1134,-115,0,8,0,0
1,350,21.000000,0.000000,0,0,3500769,1134,0,1134,-115,0,8,0,0
1,350,21.000000,0.000000,0,0,3500772,1134,0,1134,-115,0,8,0,0
1,350,21.000000,0.000000,0,0,3500775,1134,0,1134,-115,0,8,0,0
1,350,21.000000,0.000000,0,0,3500778,1134,0,1134,-115,0,8,0,0
1,350,21.000000,0.000000,0,0,3500780,1134,0,1134,-115,0,8,0,0
1,350,21.000000,0.000000,0,0,3500783,1134,0,1134,-116,0,8,0,0
1,350,21.000000,0.000000,0,0,3500786,1134,0,1134,-116,0,8,0,0
1,350,21.000000,0.000000,0,0,3500789,1134,0,1134,-116,0,8,0,0
1,350,21.000000,0.000000,0,0,3500791,1134,0,1134,-116,0,8,0,0
1,350,21.000000,0.000000,0,0,3500794,1134,0,1134,-116,0,8,0,0
1,350,21.000000,0.000000,0,0,3500797,1134,0,1134,-116,0,8,0,0
1,350,21.000000,0.000000,0,0,3500800,1134,0,1134,-116,0,8,0,0
1,350,21.000000,0.000000,0,0,3500802,1134,0,1134,-116,0,8,0,0
1,350,21.000000,0.000000,0,0,3500805,1134,0,1134,-116,0,8,0,0
1,350,21.000000,0.000000,0,0,3500808,1134,0,1134,-116,0,8,0,0
1,350,21.000000,0.000000,0,0,3500811,1134,0,1134,-116,0,8,0,0
1,350,21.000000,0.000000,0,0,3500813,1134,0,1134,-116,0,8,0,0
1,350,21.000000,0.000000,0,0,3500816,1134,0,1134,-116,0,8,0,0
1,350,21.000000,0.000000,0,0,3500819,1134,0,1134,-116,0,8,0,0
1,350,21.000000,0.000000,0,0,3500822,1134,0,1134,-116,0,8,0,0
1,350,21.000000,0.000000,0,0,3500824,1134,0,1134,-116,0,8,0,0
1,350,21.000000,0.000000,0,0,3500827,1134,0,1134,-116,0,8,0,0
1,350,21.000000,0.000000,0,0,3500829,1134,0,1134,-116,0,8,0,0
1,350,21.000000,0.000000,0,0,3500848,1134,0,1134,-116,0,8,0,0
