1,350,21.000000,10000.000000,1,2,4514248,789,0,789,0,0,90,3,1
1,350,21.000000,10000.000000,1,2,4514249,789,0,789,0,0,90,3,1
1,350,21.000000,10000.000000,1,2,4514252,789,0,789,0,0,90,3,1
1,350,21.000000,10000.000000,1,2,4514255,789,0,789,0,0,90,3,1
1,350,21.000000,10000.000000,1,2,4514257,789,0,789,0,0,90,3,1
1,350,21.000000,10000.000000,1,2,4514260,789,0,789,0,0,90,3,1
1,350,21.000000,10000.000000,1,2,4514263,789,0,789,0,0,90,3,1
1,350,21.000000,10000.000000,1,2,4514266,789,0,789,0,0,90,3,1
1,350,21.000000,10000.000000,1,2,4514269,789,0,789,0,0,90,3,1
1,350,21.000000,10000.000000,1,2,4514271,789,0,789,0,0,90,3,1
1,350,21.000000,10000.000000,1,2,4514274,789,0,789,0,0,90,3,1
1,350,21.000000,10000.000000,1,2,4514277,789,0,789,0,0,90,3,1
1,350,21.000000,10000.000000,1,2,4514279,789,0,789,0,0,90,3,1
1,350,21.000000,10000.000000,1,2,4514282,789,0,789,0,0,90,3,1
1,350,21.000000,10000.000000,1,2,4514285,789,0,789,0,0,90,3,1
1,350,21.000000,10000.000000,1,2,4514288,789,0,789,0,0,90,3,1
1,350,21.000000,10000.000000,1,2,4514290,789,0,789,0,0,90,3,1
1,350,21.000000,10000.000000,1,2,4514293,789,0,789,0,0,90,3,1
1,350,21.000000,10000.000000,1,2,4514296,789,0,789,0,0,90,3,1
1,350,21.000000,10000.000000,1,2,4514299,789,0,789,0,0,90,3,1
1,350,21.000000,10000.000000,1,2,4514302,789,0,789,0,0,90,3,1
1,350,21.000000,10000.000000,1,2,4514305,789,0,789,0,0,90,3,1
1,350,21.000000,10000.000000,1,2,4514307,789,0,789,0,0,90,3,1
1,350,21.000000,10000.000000,1,2,4514310,789,0,789,0,0,90,3,1
1,350,21.000000,10000.000000,1,2,4514313,789,0,789,0,0,90,3,1
1,350,21.000000,10000.000000,1,2,4514316,789,0,789,0,0,90,3,1
1,350,21.000000,10000.000000,1,2,4514319,789,0,789,0,0,90,3,1
1,350,21.000000,10000.000000,1,2,4514321,789,0,789,0,0,90,3,1
1,350,21.000000,10000.000000,1,2,4514324,789,0,789,0,0,90,3,1
1,350,21.000000,10000.000000,1,2,4514327,789,0,789,0,0,90,3,1
1,350,21.000000,10000.000000,1,2,4514330,789,0,789,0,0,90,3,1
1,350,21.000000,10000.000000,1,2,4514333,789,0,789,0,0,90,3,1
1,350,21.000000,10000.000000,1,2,4514335,789,0,789,0,0,90,3,1
1,350,21.000000,10000.000000,1,2,4514338,790,0,790,0,0,90,3,1
1,350,21.000000,10000.000000,1,2,4514340,790,0,790,0,0,90,3,1
1,350,21.000000,10000.000000,1,2,4514343,791,0,791,0,0,90,3,1
1,350,21.000000,10000.000000,1,2,4514346,792,0,792,0,0,90,3,1
1,350,21.000000,10000.000000,1,2,4514349,793,0,793,0,0,90,3,1
1,350,21.000000,10000.000000,1,2,4514352,794,0,794,0,0,90,3,1
1,350,21.000000,10000.000000,1,2,4514354,795,0,795,0,0,90,3,1
1,350,21.000000,10000.000000,1,2,4514357,796,0,796,0,0,90,3,1
1,350,21.000000,10000.000000,1,2,4514360,798,0,798,0,0,90,3,1
1,350,21.000000,10000.000000,1,2,4514363,800,0,800,-1,0,90,3,1
1,350,21.000000,10000.000000,1,2,4514366,803,0,803,-1,0,90,3,1
1,350,21.000000,10000.000000,1,2,4514368,805,0,805,-1,0,90,3,1
1,350,21.000000,10000.000000,1,2,4514371,808,0,808,-1,0,90,3,1
1,350,21.000000,10000.000000,1,2,4514374,812,0,812,-1,0,90,3,1
1,350,21.000000,10000.000000,1,2,4514377,815,0,815,-2,0,90,3,1
1,350,21.000000,10000.000000,1,2,4514380,819,0,819,-3,0,90,3,1
1,350,21.000000,10000.000000,1,2,4514383,824,0,824,-3,0,90,3,1
1,350,21.000000,10000.000000,1,2,4514385,829,0,829,-3,0,90,3,1
1,350,21.000000,10000.000000,1,2,4514388,835,0,835,-4,0,90,3,1
1,350,21.000000,10000.000000,1,2,4514391,837,0,837,-5,0,90,3,1
1,350,21.000000,10000.000000,1,2,4514394,841,0,841,-6,0,90,3,1
1,350,21.000000,10000.000000,1,2,4514397,847,0,847,-6,0,90,3,1
1,350,21.000000,10000.000000,1,2,4514399,852,0,852,-7,0,90,3,1
1,350,21.000000,10000.000000,1,2,4514402,860,0,860,-8,0,90,3,1
1,350,21.000000,10000.000000,1,2,4514405,866,0,866,-9,0,90,3,1
1,350,21.000000,10000.000000,1,2,4514408,871,0,871,-10,0,90,3,1
1,350,21.000000,10000.000000,1,2,4514410,880,0,880,-10,0,90,3,1
1,350,21.000000,10000.000000,1,2,4514413,886,0,886,-11,0,90,3,1
1,350,21.000000,10000.000000,1,2,4514415,892,0,892,-12,0,90,3,1
1,350,21.000000,10000.000000,1,2,4514419,897,0,897,-13,0,90,3,1
1,350,21.000000,10000.000000,1,2,4514421,903,0,903,-13,0,90,3,1
1,350,21.000000,10000.000000,1,2,4514424,906,0,906,-14,0,90,3,1
1,350,21.000000,10000.000000,1,2,4514427,910,0,910,-14,0,90,3,1
1,350,21.000000,10000.000000,1,2,4514430,916,0,916,-14,0,90,3,1
1,350,21.000000,10000.000000,1,2,4514433,922,0,922,-15,0,90,3,1
1,350,21.000000,10000.000000,1,2,4514436,926,0,926,-15,0,90,3,1
1,350,21.000000,10000.000000,1,2,4514438,930,0,930,-16,0,90,3,1
1,350,21.000000,10000.000000,1,2,4514441,934,0,934,-16,0,90,3,1
1,350,21.000000,10000.000000,1,2,4514444,938,0,938,-17,0,90,3,1
1,350,21.000000,10000.000000,1,2,4514446,942,0,942,-18,0,90,3,1
1,350,21.000000,10000.000000,1,2,4514449,945,0,945,-18,0,90,3,1
1,350,21.000000,10000.000000,1,2,4514452,948,0,948,-18,0,90,3,1
1,350,21.000000,10000.000000,1,2,4514454,952,0,952,-19,0,90,3,1
1,350,21.000000,10000.000000,1,2,4514457,956,0,956,-20,0,90,3,1
1,350,21.000000,10000.000000,1,2,4514460,960,0,960,-21,0,90,3,1
1,350,21.000000,10000.000000,1,2,4514463,962,0,962,-21,0,90,3,1
1,350,21.000000,10000.000000,1,2,4514466,965,0,965,-21,0,90,3,1
1,350,21.000000,10000.000000,1,2,4514468,968,0,968,-22,0,90,3,1
1,350,21.000000,10000.000000,1,2,4514472,970,0,970,-23,0,90,3,1
1,350,21.000000,10000.000000,1,2,4514474,973,0,973,-23,0,90,3,1
1,350,21.000000,10000.000000,1,2,4514477,977,0,977,-23,0,90,3,1
1,350,21.000000,10000.000000,1,2,4514480,979,0,979,-24,0,90,3,1
1,350,21.000000,10000.000000,1,2,4514483,981,0,981,-25,0,90,3,1
1,350,21.000000,10000.000000,1,2,4514485,983,0,983,-25,0,90,3,1
1,350,21.000000,10000.000000,1,2,4514488,987,0,987,-25,0,90,3,1
1,350,21.000000,10000.000000,1,2,4514491,989,0,989,-26,0,90,3,1
1,350,21.000000,10000.000000,1,2,4514494,991,0,991,-26,0,90,3,1
1,350,21.000000,10000.000000,1,2,4514496,992,0,992,-26,0,90,3,1
1,350,21.000000,10000.000000,1,2,4514499,995,0,995,-26,0,90,3,1
1,350,21.000000,10000.000000,1,2,4514502,996,0,996,-27,0,90,3,1
1,350,21.000000,10000.000000,1,2,4514505,998,0,998,-27,0,90,3,1
1,350,21.000000,10000.000000,1,2,4514508,1001,0,1001,-27,0,90,3,1
1,350,21.000000,10000.000000,1,2,4514510,1003,0,1003,-28,0,90,3,1
1,350,21.000000,10000.000000,1,2,4514513,1004,0,1004,-28,0,90,3,1
1,350,21.000000,10000.000000,1,2,4514516,1005,0,1005,-29,0,90,3,1
1,350,21.000000,10000.000000,1,2,4514519,1007,0,1007,-29,0,90,3,1
1,350,21.000000,10000.000000,1,2,4514521,1008,0,1008,-30,0,90,3,1
1,350,21.000000,10000.000000,1,2,4514524,1009,0,1009,-30,0,90,3,1
1,350,21.000000,10000.000000,1,2,4514527,1010,0,1010,-30,0,90,3,1
1,350,21.000000,10000.000000,1,2,4514529,1011,0,1011,-30,0,90,3,1
1,350,21.000000,10000.000000,1,2,4514532,1013,0,1013,-31,0,90,3,1
1,350,21.000000,10000.000000,1,2,4514535,1014,0,1014,-31,0,90,3,1
1,350,21.000000,10000.000000,1,2,4514538,1015,0,1015,-31,0,90,3,1
1,350,21.000000,10000.000000,1,2,4514541,1016,0,1016,-32,0,90,3,1
1,350,21.000000,10000.000000,1,2,4514544,1017,0,1017,-32,0,90,3,1
1,350,21.000000,10000.000000,1,2,4514546,1018,0,1018,-32,0,90,3,1
1,350,21.000000,10000.000000,1,2,4514549,1019,0,1019,-33,0,90,3,1
1,350,21.000000,10000.000000,1,2,4514552,1020,0,1020,-33,0,90,3,1
1,350,21.000000,10000.000000,1,2,4514555,1021,0,1021,-33,0,90,3,1
1,350,21.000000,10000.000000,1,2,4514557,1022,0,1022,-34,0,90,3,1
1,350,21.000000,10000.000000,1,2,4514560,1023,0,1023,-34,0,90,3,1
1,350,21.000000,10000.000000,1,2,4514563,1024,0,1024,-34,0,90,3,1
1,350,21.000000,10000.000000,1,2,4514566,1025,0,1025,-35,0,90,3,1
1,350,21.000000,10000.000000,1,2,4514569,1026,0,1026,-35,0,90,3,1
1,350,21.000000,10000.000000,1,2,4514571,1028,0,1028,-36,0,90,3,1
1,350,21.000000,10000.000000,1,2,4514574,1030,0,1030,-36,0,90,3,1
1,350,21.000000,10000.000000,1,2,4514577,1032,0,1032,-37,0,90,3,1
1,350,21.000000,10000.000000,1,2,4514580,1035,0,1035,-38,0,90,3,1
1,350,21.000000,10000.000000,1,2,4514583,1037,0,1037,-39,0,90,3,1
1,350,21.000000,10000.000000,1,2,4514585,1039,0,1039,-39,0,90,3,1
1,350,21.000000,10000.000000,1,2,4514589,1041,0,1041,-40,0,90,3,1
1,350,21.000000,10000.000000,1,2,4514592,1045,0,1045,-41,0,90,3,1
1,350,21.000000,10000.000000,1,2,4514595,1050,0,1050,-42,0,90,3,1
1,350,21.000000,10000.000000,1,2,4514597,1053,0,1053,-42,0,90,3,1
1,350,21.000000,10000.000000,1,2,4514600,1057,0,1057,-44,0,90,3,1
1,350,21.000000,10000.000000,1,2,4514602,1061,0,1061,-45,0,90,3,1
1,350,21.000000,10000.000000,1,2,4514605,1064,0,1064,-45,0,90,3,1
1,350,21.000000,10000.000000,1,2,4514608,1067,0,1067,-46,0,90,3,1
1,350,21.000000,10000.000000,1,2,4514611,1070,0,1070,-46,0,90,3,1
1,350,21.000000,10000.000000,1,2,4514614,1073,0,1073,-48,0,90,3,1
1,350,21.000000,10000.000000,1,2,4514617,1076,0,1076,-48,0,90,3,1
1,350,21.000000,10000.000000,1,2,4514619,1079,0,1079,-48,0,90,3,1
1,350,21.000000,10000.000000,1,2,4514622,1081,0,1081,-48,0,90,3,1
1,350,21.000000,10000.000000,1,2,4514625,1083,0,1083,-49,0,90,3,1
1,350,21.000000,10000.000000,1,2,4514628,1085,0,1085,-50,0,90,3,1
1,350,21.000000,10000.000000,1,2,4514630,1087,0,1087,-50,0,90,3,1
1,350,21.000000,10000.000000,1,2,4514633,1089,0,1089,-51,0,90,3,1
1,350,21.000000,10000.000000,1,2,4514636,1090,0,1090,-51,0,90,3,1
1,350,21.000000,10000.000000,1,2,4514639,1091,0,1091,-52,0,90,3,1
1,350,21.000000,10000.000000,1,2,4514642,1092,0,1092,-52,0,90,3,1
1,350,21.000000,10000.000000,1,2,4514644,1093,0,1093,-52,0,90,3,1
1,350,21.000000,10000.000000,1,2,4514647,1093,0,1093,-52,0,90,3,1
1,350,21.000000,10000.000000,1,2,4514650,1094,0,1094,-52,0,90,3,1
1,350,21.000000,10000.000000,1,2,4514653,1095,0,1095,-53,0,90,3,1
1,350,21.000000,10000.000000,1,2,4514656,1095,0,1095,-53,0,90,3,1
1,350,21.000000,10000.000000,1,2,4514658,1095,0,1095,-53,0,90,3,1
1,350,21.000000,10000.000000,1,2,4514661,1096,0,1096,-53,0,90,3,1
1,350,21.000000,10000.000000,1,2,4514664,1096,0,1096,-54,0,90,3,1
1,350,21.000000,10000.000000,1,2,4514667,1096,0,1096,-55,0,90,3,1
1,350,21.000000,10000.000000,1,2,4514669,1097,0,1097,-56,0,90,3,1
1,350,21.000000,10000.000000,1,2,4514673,1097,0,1097,-56,0,90,3,1
1,350,21.000000,10000.000000,1,2,4514676,1098,0,1098,-56,0,90,3,1
1,350,21.000000,10000.000000,1,2,4514679,1098,0,1098,-56,0,90,3,1
1,350,21.000000,10000.000000,1,2,4514681,1098,0,1098,-56,0,90,3,1
1,350,21.000000,10000.000000,1,2,4514684,1099,0,1099,-57,0,90,3,1
1,350,21.000000,10000.000000,1,2,4514689,1099,0,1099,-57,0,90,3,1
1,350,21.000000,10000.000000,1,2,4514692,1100,0,1100,-57,0,90,3,1
1,350,21.000000,10000.000000,1,2,4514694,1101,0,1101,-57,0,90,3,1
1,350,21.000000,10000.000000,1,2,4514698,1102,0,1102,-58,0,90,3,1
1,350,21.000000,10000.000000,1,2,4514701,1103,0,1103,-58,0,90,3,1
1,350,21.000000,10000.000000,1,2,4514703,1104,0,1104,-58,0,90,3,1
1,350,21.000000,10000.000000,1,2,4514706,1104,0,1104,-59,0,90,3,1
1,350,21.000000,10000.000000,1,2,4514709,1104,0,1104,-59,0,90,3,1
1,350,21.000000,10000.000000,1,2,4514712,1105,0,1105,-60,0,90,3,1
1,350,21.000000,10000.000000,1,2,4514714,1105,0,1105,-60,0,90,3,1
1,350,21.000000,10000.000000,1,2,4514717,1105,0,1105,-61,0,90,3,1
1,350,21.000000,10000.000000,1,2,4514720,1106,0,1106,-61,0,90,3,1
1,350,21.000000,10000.000000,1,2,4514723,1107,0,1107,-62,0,90,3,1
1,350,21.000000,10000.000000,1,2,4514725,1107,0,1107,-62,0,90,3,1
1,350,21.000000,10000.000000,1,2,4514728,1107,0,1107,-62,0,90,3,1
1,350,21.000000,10000.000000,1,2,4514732,1107,0,1107,-62,0,90,3,1
1,350,21.000000,10000.000000,1,2,4514735,1108,0,1108,-62,0,90,3,1
1,350,21.000000,10000.000000,1,2,4514737,1109,0,1109,-63,0,90,3,1
1,350,21.000000,10000.000000,1,2,4514740,1109,0,1109,-63,0,90,3,1
1,350,21.000000,10000.000000,1,2,4514743,1109,0,1109,-63,0,90,3,1
1,350,21.000000,10000.000000,1,2,4514745,1109,0,1109,-63,0,90,3,1
1,350,21.000000,10000.000000,1,2,4514748,1109,0,1109,-63,0,90,3,1
1,350,21.000000,10000.000000,1,2,4514751,1109,0,1109,-64,0,90,3,1
1,350,21.000000,10000.000000,1,2,4514753,1109,0,1109,-64,0,90,3,1
1,350,21.000000,10000.000000,1,2,4514756,1109,0,1109,-64,0,90,3,1
1,350,21.000000,10000.000000,1,2,4514759,1109,0,1109,-64,0,90,3,1
1,350,21.000000,10000.000000,1,2,4514762,1109,0,1109,-64,0,90,3,1
1,350,21.000000,10000.000000,1,2,4514764,1109,0,1109,-65,0,90,3,1
1,350,21.000000,10000.000000,1,2,4514767,1109,0,1109,-65,0,90,3,1
1,350,21.000000,10000.000000,1,2,4514770,1109,0,1109,-65,0,90,3,1
1,350,21.000000,10000.000000,1,2,4514772,1109,0,1109,-65,0,90,3,1
1,350,21.000000,10000.000000,1,2,4514775,1109,0,1109,-65,0,90,3,1
1,350,21.000000,10000.000000,1,2,4514778,1109,0,1109,-65,0,90,3,1
1,350,21.000000,10000.000000,1,2,4514781,1109,0,1109,-66,0,90,3,1
1,350,21.000000,10000.000000,1,2,4514784,1109,0,1109,-66,0,90,3,1
1,350,21.000000,10000.000000,1,2,4514786,1109,0,1109,-66,0,90,3,1
1,350,21.000000,10000.000000,1,2,4514789,1109,0,1109,-66,0,90,3,1
1,350,21.000000,10000.000000,1,2,4514792,1109,0,1109,-66,0,90,3,1
1,350,21.000000,10000.000000,1,2,4514795,1109,0,1109,-66,0,90,3,1
1,350,21.000000,10000.000000,1,2,4514797,1109,0,1109,-66,0,90,3,1
1,350,21.000000,10000.000000,1,2,4514800,1110,0,1110,-66,0,90,3,1
1,350,21.000000,10000.000000,1,2,4514803,1110,0,1110,-66,0,90,3,1
1,350,21.000000,10000.000000,1,2,4514806,1110,0,1110,-66,0,90,3,1
1,350,21.000000,10000.000000,1,2,4514809,1111,0,1111,-66,0,90,3,1
1,350,21.000000,10000.000000,1,2,4514812,1111,0,1111,-66,0,90,3,1
1,350,21.000000,10000.000000,1,2,4514814,1112,0,1112,-66,0,90,3,1
1,350,21.000000,10000.000000,1,2,4514817,1112,0,1112,-66,0,90,3,1
1,350,21.000000,10000.000000,1,2,4514819,1112,0,1112,-66,0,90,3,1
1,350,21.000000,10000.000000,1,2,4514822,1113,0,1113,-66,0,90,3,1
1,350,21.000000,10000.000000,1,2,4514825,1113,0,1113,-67,0,90,3,1
1,350,21.000000,10000.000000,1,2,4514828,1114,0,1114,-67,0,90,3,1
1,350,21.000000,10000.000000,1,2,4514831,1114,0,1114,-68,0,90,3,1
1,350,21.000000,10000.000000,1,2,4514833,1115,0,1115,-68,0,90,3,1
1,350,21.000000,10000.000000,1,2,4514836,1115,0,1115,-68,0,90,3,1
1,350,21.000000,10000.000000,1,2,4514839,1116,0,1116,-68,0,90,3,1
1,350,21.000000,10000.000000,1,2,4514842,1116,0,1116,-68,0,90,3,1
1,350,21.000000,10000.000000,1,2,4514844,1116,0,1116,-68,0,90,3,1
1,350,21.000000,10000.000000,1,2,4514847,1116,0,1116,-68,0,90,3,1
1,350,21.000000,10000.000000,1,2,4514850,1116,0,1116,-69,0,90,3,1
1,350,21.000000,10000.000000,1,2,4514853,1116,0,1116,-69,0,90,3,1
1,350,21.000000,10000.000000,1,2,4514855,1116,0,1116,-69,0,90,3,1
1,350,21.000000,10000.000000,1,2,4514858,1116,0,1116,-69,0,90,3,1
1,350,21.000000,10000.000000,1,2,4514861,1116,0,1116,-69,0,90,3,1
1,350,21.000000,10000.000000,1,2,4514863,1116,0,1116,-70,0,90,3,1
1,350,21.000000,10000.000000,1,2,4514866,1116,0,1116,-70,0,90,3,1
1,350,21.000000,10000.000000,1,2,4514869,1116,0,1116,-71,0,90,3,1
1,350,21.000000,10000.000000,1,2,4514872,1116,0,1116,-71,0,90,3,1
1,350,21.000000,10000.000000,1,2,4514874,1116,0,1116,-71,0,90,3,1
1,350,21.000000,10000.000000,1,2,4514877,1116,0,1116,-71,0,90,3,1
1,350,21.000000,10000.000000,1,2,4514880,1116,0,1116,-71,0,90,3,1
1,350,21.000000,10000.000000,1,2,4514883,1116,0,1116,-71,0,90,3,1
1,350,21.000000,10000.000000,1,2,4514886,1116,0,1116,-71,0,90,3,1
1,350,21.000000,10000.000000,1,2,4514888,1116,0,1116,-71,0,90,3,1
1,350,21.000000,10000.000000,1,2,4514891,1116,0,1116,-71,0,90,3,1
1,350,21.000000,10000.000000,1,2,4514894,1116,0,1116,-72,0,90,3,1
1,350,21.000000,10000.000000,1,2,4514896,1116,0,1116,-73,0,90,3,1
1,350,21.000000,10000.000000,1,2,4514899,1116,0,1116,-73,0,90,3,1
1,350,21.000000,10000.000000,1,2,4514902,1116,0,1116,-73,0,90,3,1
1,350,21.000000,10000.000000,1,2,4514905,1116,0,1116,-73,0,90,3,1
1,350,21.000000,10000.000000,1,2,4514908,1116,0,1116,-73,0,90,3,1
1,350,21.000000,10000.000000,1,2,4514910,1116,0,1116,-73,0,90,3,1
1,350,21.000000,10000.000000,1,2,4514913,1116,0,1116,-73,0,90,3,1
1,350,21.000000,10000.000000,1,2,4514916,1116,0,1116,-73,0,90,3,1
1,350,21.000000,10000.000000,1,2,4514919,1116,0,1116,-73,0,90,3,1
1,350,21.000000,10000.000000,1,2,4514922,1116,0,1116,-73,0,90,3,1
1,350,21.000000,10000.000000,1,2,4514924,1116,0,1116,-73,0,90,3,1
1,350,21.000000,10000.000000,1,2,4514927,1116,0,1116,-73,0,90,3,1
1,350,21.000000,10000.000000,1,2,4514930,1116,0,1116,-73,0,90,3,1
1,350,21.000000,10000.000000,1,2,4514933,1116,0,1116,-73,0,90,3,1
1,350,21.000000,10000.000000,1,2,4514936,1116,0,1116,-73,0,90,3,1
1,350,21.000000,10000.000000,1,2,4514938,1117,0,1117,-73,0,90,3,1
1,350,21.000000,10000.000000,1,2,4514941,1117,0,1117,-73,0,90,3,1
1,350,21.000000,10000.000000,1,2,4514944,1117,0,1117,-74,0,90,3,1
1,350,21.000000,10000.000000,1,2,4514947,1118,0,1118,-75,0,90,3,1
1,350,21.000000,10000.000000,1,2,4514949,1119,0,1119,-75,0,90,3,1
1,350,21.000000,10000.000000,1,2,4514952,1120,0,1120,-75,0,90,3,1
1,350,21.000000,10000.000000,1,2,4514955,1120,0,1120,-76,0,90,3,1
1,350,21.000000,10000.000000,1,2,4514958,1121,0,1121,-77,0,90,3,1
1,350,21.000000,10000.000000,1,2,4514961,1122,0,1122,-78,0,90,3,1
1,350,21.000000,10000.000000,1,2,4514964,1123,0,1123,-79,0,90,3,1
1,350,21.000000,10000.000000,1,2,4514966,1123,0,1123,-80,0,90,3,1
1,350,21.000000,10000.000000,1,2,4514969,1125,0,1125,-80,0,90,3,1
1,350,21.000000,10000.000000,1,2,4514972,1125,0,1125,-81,0,90,3,1
1,350,21.000000,10000.000000,1,2,4514975,1125,0,1125,-82,0,90,3,1
1,350,21.000000,10000.000000,1,2,4514977,1125,0,1125,-83,0,90,3,1
1,350,21.000000,10000.000000,1,2,4514980,1125,0,1125,-83,0,90,3,1
1,350,21.000000,10000.000000,1,2,4514983,1125,0,1125,-84,0,90,3,1
1,350,21.000000,10000.000000,1,2,4514986,1125,0,1125,-85,0,90,3,1
1,350,21.000000,10000.000000,1,2,4514989,1125,0,1125,-85,0,90,3,1
1,350,21.000000,10000.000000,1,2,4514992,1125,0,1125,-85,0,90,3,1
1,350,21.000000,10000.000000,1,2,4514995,1125,0,1125,-85,0,90,3,1
1,350,21.000000,10000.000000,1,2,4514997,1125,0,1125,-85,0,90,3,1
1,350,21.000000,10000.000000,1,2,4515000,1125,0,1125,-85,0,90,3,1
1,350,21.000000,10000.000000,1,2,4515002,1125,0,1125,-85,0,90,3,1
1,350,21.000000,10000.000000,1,2,4515005,1125,0,1125,-85,0,90,3,1
1,350,21.000000,10000.000000,1,2,4515008,1125,0,1125,-85,0,90,3,1
1,350,21.000000,10000.000000,1,2,4515011,1125,0,1125,-85,0,90,3,1
1,350,21.000000,10000.000000,1,2,4515014,1125,0,1125,-85,0,90,3,1
1,350,21.000000,10000.000000,1,2,4515017,1125,0,1125,-85,0,90,3,1
1,350,21.000000,10000.000000,1,2,4515019,1125,0,1125,-85,0,90,3,1
1,350,21.000000,10000.000000,1,2,4515022,1125,0,1125,-85,0,90,3,1
1,350,21.000000,10000.000000,1,2,4515025,1125,0,1125,-85,0,90,3,1
1,350,21.000000,10000.000000,1,2,4515028,1125,0,1125,-85,0,90,3,1
1,350,21.000000,10000.000000,1,2,4515031,1125,0,1125,-85,0,90,3,1
1,350,21.000000,10000.000000,1,2,4515033,1125,0,1125,-85,0,90,3,1
1,350,21.000000,10000.000000,1,2,4515036,1125,0,1125,-85,0,90,3,1
1,350,21.000000,10000.000000,1,2,4515039,1125,0,1125,-85,0,90,3,1
1,350,21.000000,10000.000000,1,2,4515041,1125,0,1125,-85,0,90,3,1
1,350,21.000000,10000.000000,1,2,4515044,1125,0,1125,-85,0,90,3,1
1,350,21.000000,10000.000000,1,2,4515047,1125,0,1125,-85,0,90,3,1
1,350,21.000000,10000.000000,1,2,4515050,1125,0,1125,-85,0,90,3,1
1,350,21.000000,10000.000000,1,2,4515052,1125,0,1125,-85,0,90,3,1
1,350,21.000000,10000.000000,1,2,4515055,1125,0,1125,-85,0,90,3,1
1,350,21.000000,10000.000000,1,2,4515058,1125,0,1125,-85,0,90,3,1
1,350,21.000000,10000.000000,1,2,4515061,1125,0,1125,-85,0,90,3,1
1,350,21.000000,10000.000000,1,2,4515064,1125,0,1125,-85,0,90,3,1
1,350,21.000000,10000.000000,1,2,4515066,1125,0,1125,-85,0,90,3,1
1,350,21.000000,10000.000000,1,2,4515069,1125,0,1125,-85,0,90,3,1
1,350,21.000000,10000.000000,1,2,4515071,1125,0,1125,-85,0,90,3,1
1,350,21.000000,10000.000000,1,2,4515074,1125,0,1125,-85,0,90,3,1
1,350,21.000000,10000.000000,1,2,4515077,1125,0,1125,-85,0,90,3,1
1,350,21.000000,10000.000000,1,2,4515080,1125,0,1125,-85,0,90,3,1
1,350,21.000000,10000.000000,1,2,4515083,1125,0,1125,-85,0,90,3,1
1,350,21.000000,10000.000000,1,2,4515085,1126,0,1126,-85,0,90,3,1
1,350,21.000000,10000.000000,1,2,4515088,1126,0,1126,-86,0,90,3,1
1,350,21.000000,10000.000000,1,2,4515091,1126,0,1126,-87,0,90,3,1
1,350,21.000000,10000.000000,1,2,4515094,1126,0,1126,-87,0,90,3,1
1,350,21.000000,10000.000000,1,2,4515097,1126,0,1126,-88,0,90,3,1
1,350,21.000000,10000.000000,1,2,4515099,1127,0,1127,-88,0,90,3,1
1,350,21.000000,10000.000000,1,2,4515102,1128,0,1128,-88,0,90,3,1
1,350,21.000000,10000.000000,1,2,4515105,1128,0,1128,-88,0,90,3,1
1,350,21.000000,10000.000000,1,2,4515108,1128,0,1128,-88,0,90,3,1
1,350,21.000000,10000.000000,1,2,4515111,1128,0,1128,-88,0,90,3,1
1,350,21.000000,10000.000000,1,2,4515113,1128,0,1128,-88,0,90,3,1
1,350,21.000000,10000.000000,1,2,4515116,1128,0,1128,-89,0,90,3,1
1,350,21.000000,10000.000000,1,2,4515119,1128,0,1128,-90,0,90,3,1
1,350,21.000000,10000.000000,1,2,4515122,1128,0,1128,-90,0,90,3,1
1,350,21.000000,10000.000000,1,2,4515125,1128,0,1128,-90,0,90,3,1
1,350,21.000000,10000.000000,1,2,4515127,1128,0,1128,-90,0,90,3,1
1,350,21.000000,10000.000000,1,2,4515131,1128,0,1128,-90,0,90,3,1
1,350,21.000000,10000.000000,1,2,4515133,1128,0,1128,-90,0,90,3,1
1,350,21.000000,10000.000000,1,2,4515146,1128,0,1128,-90,0,90,3,1
