1,700,21.000000,0.000000,1,2,4578786,613,6,613,6,0,97,0,0
1,700,21.000000,0.000000,1,2,4578787,613,6,613,6,0,97,0,0
1,700,21.000000,0.000000,1,2,4578790,613,6,613,6,0,97,0,0
1,700,21.000000,0.000000,1,2,4578793,613,6,613,6,0,97,0,0
1,700,21.000000,0.000000,1,2,4578796,613,6,613,6,0,97,0,0
1,700,21.000000,0.000000,1,2,4578798,613,6,613,6,0,97,0,0
1,700,21.000000,0.000000,1,2,4578801,613,6,613,6,0,97,0,0
1,700,21.000000,0.000000,1,2,4578804,613,6,613,6,0,97,0,0
1,700,21.000000,0.000000,1,2,4578807,613,6,613,6,0,97,0,0
1,700,21.000000,0.000000,1,2,4578809,613,6,613,6,0,97,0,0
1,700,21.000000,0.000000,1,2,4578812,613,6,613,6,0,97,0,0
1,700,21.000000,0.000000,1,2,4578815,613,6,613,6,0,97,0,0
1,700,21.000000,0.000000,1,2,4578817,613,6,613,6,0,97,0,0
1,700,21.000000,0.000000,1,2,4578820,613,6,613,6,0,97,0,0
1,700,21.000000,0.000000,1,2,4578823,613,6,613,6,0,97,0,0
1,700,21.000000,0.000000,1,2,4578826,613,6,613,6,0,97,0,0
1,700,21.000000,0.000000,1,2,4578829,613,6,613,6,0,97,0,0
1,700,21.000000,0.000000,1,2,4578831,613,6,613,6,0,97,0,0
1,700,21.000000,0.000000,1,2,4578834,613,6,613,6,0,97,0,0
1,700,21.000000,0.000000,1,2,4578837,613,6,613,6,0,97,0,0
1,700,21.000000,0.000000,1,2,4578840,613,6,613,6,0,97,0,0
1,700,21.000000,0.000000,1,2,4578843,613,6,613,6,0,97,0,0
1,700,21.000000,0.000000,1,2,4578845,613,6,613,6,0,97,0,0
1,700,21.000000,0.000000,1,2,4578848,613,6,613,6,0,97,0,0
1,700,21.000000,0.000000,1,2,4578851,613,6,613,6,0,97,0,0
1,700,21.000000,0.000000,1,2,4578854,613,6,613,6,0,97,0,0
1,700,21.000000,0.000000,1,2,4578857,613,6,613,6,0,97,0,0
1,700,21.000000,0.000000,1,2,4578859,613,6,613,6,0,97,0,0
1,700,21.000000,0.000000,1,2,4578862,613,6,613,6,0,97,0,0
1,700,21.000000,0.000000,1,2,4578865,613,6,613,6,0,97,0,0
1,700,21.000000,0.000000,1,2,4578868,613,6,613,6,0,97,0,0
1,700,21.000000,0.000000,1,2,4578870,613,6,613,6,0,97,0,0
1,700,21.000000,0.000000,1,2,4578873,613,6,613,6,0,97,0,0
1,700,21.000000,0.000000,1,2,4578876,613,6,613,6,0,97,0,0
1,700,21.000000,0.000000,1,2,4578879,613,6,613,6,0,97,0,0
1,700,21.000000,0.000000,1,2,4578882,613,6,613,6,0,97,0,0
1,700,21.000000,0.000000,1,2,4578884,613,6,613,6,0,97,0,0
1,700,21.000000,0.000000,1,2,4578887,613,6,613,6,0,97,0,0
1,700,21.000000,0.000000,1,2,4578890,613,6,613,6,0,97,0,0
1,700,21.000000,0.000000,1,2,4578893,613,6,613,6,0,97,0,0
1,700,21.000000,0.000000,1,2,4578896,613,6,613,6,0,97,0,0
1,700,21.000000,0.000000,1,2,4578899,613,6,613,6,0,97,0,0
1,700,21.000000,0.000000,1,2,4578901,614,6,614,6,0,97,0,0
1,700,21.000000,0.000000,1,2,4578904,615,6,615,6,0,97,0,0
1,700,21.000000,0.000000,1,2,4578907,617,7,617,7,0,97,0,0
1,700,21.000000,0.000000,1,2,4578910,619,8,619,8,0,97,0,0
1,700,21.000000,0.000000,1,2,4578912,620,8,620,8,0,97,0,0
1,700,21.000000,0.000000,1,2,4578915,622,9,622,9,0,97,0,0
1,700,21.000000,0.000000,1,2,4578918,624,10,624,10,0,97,0,0
1,700,21.000000,0.000000,1,2,4578920,626,10,626,10,0,97,0,0
1,700,21.000000,0.000000,1,2,4578923,629,11,629,11,0,97,0,0
1,700,21.000000,0.000000,1,2,4578926,633,11,633,11,0,97,0,0
1,700,21.000000,0.000000,1,2,4578929,636,11,636,11,0,97,0,0
1,700,21.000000,0.000000,1,2,4578931,640,11,640,11,0,97,0,0
1,700,21.000000,0.000000,1,2,4578934,644,13,644,13,0,97,0,0
1,700,21.000000,0.000000,1,2,4578937,650,14,650,14,0,97,0,0
1,700,21.000000,0.000000,1,2,4578940,655,15,655,15,0,97,0,0
1,700,21.000000,0.000000,1,2,4578943,664,16,664,16,0,97,0,0
1,700,21.000000,0.000000,1,2,4578945,672,18,672,18,0,97,0,0
1,700,21.000000,0.000000,1,2,4578948,682,20,682,20,0,97,0,0
1,700,21.000000,0.000000,1,2,4578951,695,22,695,22,0,97,0,0
1,700,21.000000,0.000000,1,2,4578954,705,24,705,24,0,97,0,0
1,700,21.000000,0.000000,1,2,4578957,712,26,712,26,0,97,0,0
1,700,21.000000,0.000000,1,2,4578960,722,28,722,28,0,97,0,0
1,700,21.000000,0.000000,1,2,4578962,734,30,734,30,0,97,0,0
1,700,21.000000,0.000000,1,2,4578965,738,31,738,31,0,97,0,0
1,700,21.000000,0.000000,1,2,4578968,752,33,752,33,0,97,0,0
1,700,21.000000,0.000000,1,2,4578971,760,33,760,33,0,97,0,0
1,700,21.000000,0.000000,1,2,4578974,769,35,769,35,0,97,0,0
1,700,21.000000,0.000000,1,2,4578976,780,37,780,37,0,97,0,0
1,700,21.000000,0.000000,1,2,4578979,789,39,789,39,0,97,0,0
1,700,21.000000,0.000000,1,2,4578982,801,40,801,40,0,97,0,0
1,700,21.000000,0.000000,1,2,4578985,814,43,814,43,0,97,0,0
1,700,21.000000,0.000000,1,2,4578987,824,45,824,45,0,97,0,0
1,700,21.000000,0.000000,1,2,4578990,838,47,838,47,0,97,0,0
1,700,21.000000,0.000000,1,2,4578993,846,49,846,49,0,97,0,0
1,700,21.000000,0.000000,1,2,4578995,861,50,861,50,0,97,0,0
1,700,21.000000,0.000000,1,2,4578998,871,50,871,50,0,97,0,0
1,700,21.000000,0.000000,1,2,4579001,877,51,877,51,0,97,0,0
1,700,21.000000,0.000000,1,2,4579004,889,52,889,52,0,97,0,0
1,700,21.000000,0.000000,1,2,4579006,899,53,899,53,0,97,0,0
1,700,21.000000,0.000000,1,2,4579009,911,54,911,54,0,97,0,0
1,700,21.000000,0.000000,1,2,4579012,922,55,922,55,0,97,0,0
1,700,21.000000,0.000000,1,2,4579015,934,55,934,55,0,97,0,0
1,700,21.000000,0.000000,1,2,4579018,951,55,951,55,0,97,0,0
1,700,21.000000,0.000000,1,2,4579020,967,55,967,55,0,97,0,0
1,700,21.000000,0.000000,1,2,4579023,975,55,975,55,0,97,0,0
1,700,21.000000,0.000000,1,2,4579026,989,55,989,55,0,97,0,0
1,700,21.000000,0.000000,1,2,4579029,1005,55,1005,55,0,97,0,0
1,700,21.000000,0.000000,1,2,4579032,1013,55,1013,55,0,97,0,0
1,700,21.000000,0.000000,1,2,4579034,1026,55,1026,55,0,97,0,0
1,700,21.000000,0.000000,1,2,4579037,1039,54,1039,54,0,97,0,0
1,700,21.000000,0.000000,1,2,4579040,1050,54,1050,54,0,97,0,0
1,700,21.000000,0.000000,1,2,4579043,1061,53,1061,53,0,97,0,0
1,700,21.000000,0.000000,1,2,4579046,1071,52,1071,52,0,97,0,0
1,700,21.000000,0.000000,1,2,4579049,1081,51,1081,51,0,97,0,0
1,700,21.000000,0.000000,1,2,4579052,1089,49,1089,49,0,97,0,0
1,700,21.000000,0.000000,1,2,4579055,1097,49,1097,49,0,97,0,0
1,700,21.000000,0.000000,1,2,4579058,1104,49,1104,49,0,97,0,0
1,700,21.000000,0.000000,1,2,4579060,1109,48,1109,48,0,97,0,0
1,700,21.000000,0.000000,1,2,4579063,1116,48,1116,48,0,97,0,0
1,700,21.000000,0.000000,1,2,4579066,1125,47,1125,47,0,97,0,0
1,700,21.000000,0.000000,1,2,4579068,1129,47,1129,47,0,97,0,0
1,700,21.000000,0.000000,1,2,4579071,1135,46,1135,46,0,97,0,0
1,700,21.000000,0.000000,1,2,4579074,1141,45,1141,45,0,97,0,0
1,700,21.000000,0.000000,1,2,4579076,1145,44,1145,44,0,97,0,0
1,700,21.000000,0.000000,1,2,4579079,1150,44,1150,44,0,97,0,0
1,700,21.000000,0.000000,1,2,4579082,1156,43,1156,43,0,97,0,0
1,700,21.000000,0.000000,1,2,4579085,1159,42,1159,42,0,97,0,0
1,700,21.000000,0.000000,1,2,4579088,1162,42,1162,42,0,97,0,0
1,700,21.000000,0.000000,1,2,4579090,1166,42,1166,42,0,97,0,0
1,700,21.000000,0.000000,1,2,4579093,1170,42,1170,42,0,97,0,0
1,700,21.000000,0.000000,1,2,4579096,1173,41,1173,41,0,97,0,0
1,700,21.000000,0.000000,1,2,4579099,1177,40,1177,40,0,97,0,0
1,700,21.000000,0.000000,1,2,4579102,1180,39,1180,39,0,97,0,0
1,700,21.000000,0.000000,1,2,4579104,1181,39,1181,39,0,97,0,0
1,700,21.000000,0.000000,1,2,4579107,1182,39,1182,39,0,97,0,0
1,700,21.000000,0.000000,1,2,4579110,1184,38,1184,38,0,97,0,0
1,700,21.000000,0.000000,1,2,4579112,1187,37,1187,37,0,97,0,0
1,700,21.000000,0.000000,1,2,4579115,1189,37,1189,37,0,97,0,0
1,700,21.000000,0.000000,1,2,4579118,1192,37,1192,37,0,97,0,0
1,700,21.000000,0.000000,1,2,4579121,1194,36,1194,36,0,97,0,0
1,700,21.000000,0.000000,1,2,4579124,1196,36,1196,36,0,97,0,0
1,700,21.000000,0.000000,1,2,4579126,1198,36,1198,36,0,97,0,0
1,700,21.000000,0.000000,1,2,4579129,1200,35,1200,35,0,97,0,0
1,700,21.000000,0.000000,1,2,4579132,1201,35,1201,35,0,97,0,0
1,700,21.000000,0.000000,1,2,4579135,1203,34,1203,34,0,97,0,0
1,700,21.000000,0.000000,1,2,4579138,1204,34,1204,34,0,97,0,0
1,700,21.000000,0.000000,1,2,4579140,1205,34,1205,34,0,97,0,0
1,700,21.000000,0.000000,1,2,4579143,1208,33,1208,33,0,97,0,0
1,700,21.000000,0.000000,1,2,4579145,1210,33,1210,33,0,97,0,0
1,700,21.000000,0.000000,1,2,4579148,1212,33,1212,33,0,97,0,0
1,700,21.000000,0.000000,1,2,4579151,1213,32,1213,32,0,97,0,0
1,700,21.000000,0.000000,1,2,4579154,1215,32,1215,32,0,97,0,0
1,700,21.000000,0.000000,1,2,4579157,1216,32,1216,32,0,97,0,0
1,700,21.000000,0.000000,1,2,4579160,1219,31,1219,31,0,97,0,0
1,700,21.000000,0.000000,1,2,4579162,1221,31,1221,31,0,97,0,0
1,700,21.000000,0.000000,1,2,4579165,1224,31,1224,31,0,97,0,0
1,700,21.000000,0.000000,1,2,4579168,1225,31,1225,31,0,97,0,0
1,700,21.000000,0.000000,1,2,4579171,1227,30,1227,30,0,97,0,0
1,700,21.000000,0.000000,1,2,4579174,1229,29,1229,29,0,97,0,0
1,700,21.000000,0.000000,1,2,4579177,1231,29,1231,29,0,97,0,0
1,700,21.000000,0.000000,1,2,4579180,1233,28,1233,28,0,97,0,0
1,700,21.000000,0.000000,1,2,4579183,1234,28,1234,28,0,97,0,0
1,700,21.000000,0.000000,1,2,4579186,1236,28,1236,28,0,97,0,0
1,700,21.000000,0.000000,1,2,4579188,1237,28,1237,28,0,97,0,0
1,700,21.000000,0.000000,1,2,4579191,1239,28,1239,28,0,97,0,0
1,700,21.000000,0.000000,1,2,4579194,1240,28,1240,28,0,97,0,0
1,700,21.000000,0.000000,1,2,4579197,1241,28,1241,28,0,97,0,0
1,700,21.000000,0.000000,1,2,4579200,1243,28,1243,28,0,97,0,0
1,700,21.000000,0.000000,1,2,4579203,1244,28,1244,28,0,97,0,0
1,700,21.000000,0.000000,1,2,4579205,1246,28,1246,28,0,97,0,0
1,700,21.000000,0.000000,1,2,4579208,1247,28,1247,28,0,97,0,0
1,700,21.000000,0.000000,1,2,4579211,1248,27,1248,27,0,97,0,0
1,700,21.000000,0.000000,1,2,4579214,1250,27,1250,27,0,97,0,0
1,700,21.000000,0.000000,1,2,4579217,1251,27,1251,27,0,97,0,0
1,700,21.000000,0.000000,1,2,4579219,1252,27,1252,27,0,97,0,0
1,700,21.000000,0.000000,1,2,4579222,1254,27,1254,27,0,97,0,0
1,700,21.000000,0.000000,1,2,4579224,1255,27,1255,27,0,97,0,0
1,700,21.000000,0.000000,1,2,4579227,1256,27,1256,27,0,97,0,0
1,700,21.000000,0.000000,1,2,4579230,1258,26,1258,26,0,97,0,0
1,700,21.000000,0.000000,1,2,4579233,1259,26,1259,26,0,97,0,0
1,700,21.000000,0.000000,1,2,4579235,1262,26,1262,26,0,97,0,0
1,700,21.000000,0.000000,1,2,4579238,1263,26,1263,26,0,97,0,0
1,700,21.000000,0.000000,1,2,4579241,1264,25,1264,25,0,97,0,0
1,700,21.000000,0.000000,1,2,4579244,1267,25,1267,25,0,97,0,0
1,700,21.000000,0.000000,1,2,4579246,1269,24,1269,24,0,97,0,0
1,700,21.000000,0.000000,1,2,4579249,1271,23,1271,23,0,97,0,0
1,700,21.000000,0.000000,1,2,4579252,1275,23,1275,23,0,97,0,0
1,700,21.000000,0.000000,1,2,4579255,1279,22,1279,22,0,97,0,0
1,700,21.000000,0.000000,1,2,4579258,1282,21,1282,21,0,97,0,0
1,700,21.000000,0.000000,1,2,4579261,1285,20,1285,20,0,97,0,0
1,700,21.000000,0.000000,1,2,4579264,1287,20,1287,20,0,97,0,0
1,700,21.000000,0.000000,1,2,4579266,1291,19,1291,19,0,97,0,0
1,700,21.000000,0.000000,1,2,4579269,1293,18,1293,18,0,97,0,0
1,700,21.000000,0.000000,1,2,4579272,1297,18,1297,18,0,97,0,0
1,700,21.000000,0.000000,1,2,4579275,1299,18,1299,18,0,97,0,0
1,700,21.000000,0.000000,1,2,4579278,1301,18,1301,18,0,97,0,0
1,700,21.000000,0.000000,1,2,4579281,1305,17,1305,17,0,97,0,0
1,700,21.000000,0.000000,1,2,4579284,1306,17,1306,17,0,97,0,0
1,700,21.000000,0.000000,1,2,4579287,1309,17,1309,17,0,97,0,0
1,700,21.000000,0.000000,1,2,4579290,1312,16,1312,16,0,97,0,0
1,700,21.000000,0.000000,1,2,4579292,1313,16,1313,16,0,97,0,0
1,700,21.000000,0.000000,1,2,4579296,1315,16,1315,16,0,97,0,0
1,700,21.000000,0.000000,1,2,4579299,1317,16,1317,16,0,97,0,0
1,700,21.000000,0.000000,1,2,4579301,1319,16,1319,16,0,97,0,0
1,700,21.000000,0.000000,1,2,4579304,1320,15,1320,15,0,97,0,0
1,700,21.000000,0.000000,1,2,4579307,1321,15,1321,15,0,97,0,0
1,700,21.000000,0.000000,1,2,4579310,1322,15,1322,15,0,97,0,0
1,700,21.000000,0.000000,1,2,4579313,1322,15,1322,15,0,97,0,0
1,700,21.000000,0.000000,1,2,4579315,1322,15,1322,15,0,97,0,0
1,700,21.000000,0.000000,1,2,4579318,1322,15,1322,15,0,97,0,0
1,700,21.000000,0.000000,1,2,4579321,1322,15,1322,15,0,97,0,0
1,700,21.000000,0.000000,1,2,4579323,1322,15,1322,15,0,97,0,0
1,700,21.000000,0.000000,1,2,4579326,1322,15,1322,15,0,97,0,0
1,700,21.000000,0.000000,1,2,4579329,1322,15,1322,15,0,97,0,0
1,700,21.000000,0.000000,1,2,4579332,1322,15,1322,15,0,97,0,0
1,700,21.000000,0.000000,1,2,4579335,1322,15,1322,15,0,97,0,0
1,700,21.000000,0.000000,1,2,4579337,1322,15,1322,15,0,97,0,0
1,700,21.000000,0.000000,1,2,4579340,1322,15,1322,15,0,97,0,0
1,700,21.000000,0.000000,1,2,4579343,1322,15,1322,15,0,97,0,0
1,700,21.000000,0.000000,1,2,4579346,1322,15,1322,15,0,97,0,0
1,700,21.000000,0.000000,1,2,4579348,1322,15,1322,15,0,97,0,0
1,700,21.000000,0.000000,1,2,4579351,1322,15,1322,15,0,97,0,0
1,700,21.000000,0.000000,1,2,4579354,1322,15,1322,15,0,97,0,0
1,700,21.000000,0.000000,1,2,4579357,1322,15,1322,15,0,97,0,0
1,700,21.000000,0.000000,1,2,4579359,1322,15,1322,15,0,97,0,0
1,700,21.000000,0.000000,1,2,4579362,1322,15,1322,15,0,97,0,0
1,700,21.000000,0.000000,1,2,4579365,1322,15,1322,15,0,97,0,0
1,700,21.000000,0.000000,1,2,4579368,1322,15,1322,15,0,97,0,0
1,700,21.000000,0.000000,1,2,4579371,1322,15,1322,15,0,97,0,0
1,700,21.000000,0.000000,1,2,4579373,1322,15,1322,15,0,97,0,0
1,700,21.000000,0.000000,1,2,4579376,1322,15,1322,15,0,97,0,0
1,700,21.000000,0.000000,1,2,4579379,1322,15,1322,15,0,97,0,0
1,700,21.000000,0.000000,1,2,4579382,1322,15,1322,15,0,97,0,0
1,700,21.000000,0.000000,1,2,4579385,1322,15,1322,15,0,97,0,0
1,700,21.000000,0.000000,1,2,4579387,1322,14,1322,14,0,97,0,0
1,700,21.000000,0.000000,1,2,4579390,1322,13,1322,13,0,97,0,0
1,700,21.000000,0.000000,1,2,4579393,1322,13,1322,13,0,97,0,0
1,700,21.000000,0.000000,1,2,4579396,1322,13,1322,13,0,97,0,0
1,700,21.000000,0.000000,1,2,4579399,1322,13,1322,13,0,97,0,0
1,700,21.000000,0.000000,1,2,4579401,1322,13,1322,13,0,97,0,0
1,700,21.000000,0.000000,1,2,4579404,1322,13,1322,13,0,97,0,0
1,700,21.000000,0.000000,1,2,4579407,1322,13,1322,13,0,97,0,0
1,700,21.000000,0.000000,1,2,4579410,1322,13,1322,13,0,97,0,0
1,700,21.000000,0.000000,1,2,4579413,1322,13,1322,13,0,97,0,0
1,700,21.000000,0.000000,1,2,4579415,1321,13,1321,13,0,97,0,0
1,700,21.000000,0.000000,1,2,4579418,1321,13,1321,13,0,97,0,0
1,700,21.000000,0.000000,1,2,4579421,1320,13,1320,13,0,97,0,0
1,700,21.000000,0.000000,1,2,4579424,1319,13,1319,13,0,97,0,0
1,700,21.000000,0.000000,1,2,4579426,1317,13,1317,13,0,97,0,0
1,700,21.000000,0.000000,1,2,4579429,1316,13,1316,13,0,97,0,0
1,700,21.000000,0.000000,1,2,4579432,1315,14,1315,14,0,97,0,0
1,700,21.000000,0.000000,1,2,4579435,1314,14,1314,14,0,97,0,0
1,700,21.000000,0.000000,1,2,4579438,1312,14,1312,14,0,97,0,0
1,700,21.000000,0.000000,1,2,4579440,1311,14,1311,14,0,97,0,0
1,700,21.000000,0.000000,1,2,4579443,1310,14,1310,14,0,97,0,0
1,700,21.000000,0.000000,1,2,4579446,1309,14,1309,14,0,97,0,0
1,700,21.000000,0.000000,1,2,4579449,1308,14,1308,14,0,97,0,0
1,700,21.000000,0.000000,1,2,4579452,1307,15,1307,15,0,97,0,0
1,700,21.000000,0.000000,1,2,4579454,1306,16,1306,16,0,97,0,0
1,700,21.000000,0.000000,1,2,4579457,1305,16,1305,16,0,97,0,0
1,700,21.000000,0.000000,1,2,4579460,1304,16,1304,16,0,97,0,0
1,700,21.000000,0.000000,1,2,4579463,1304,16,1304,16,0,97,0,0
1,700,21.000000,0.000000,1,2,4579465,1304,16,1304,16,0,97,0,0
1,700,21.000000,0.000000,1,2,4579468,1304,16,1304,16,0,97,0,0
1,700,21.000000,0.000000,1,2,4579471,1304,16,1304,16,0,97,0,0
1,700,21.000000,0.000000,1,2,4579473,1304,16,1304,16,0,97,0,0
1,700,21.000000,0.000000,1,2,4579476,1304,16,1304,16,0,97,0,0
1,700,21.000000,0.000000,1,2,4579479,1304,16,1304,16,0,97,0,0
1,700,21.000000,0.000000,1,2,4579482,1304,16,1304,16,0,97,0,0
1,700,21.000000,0.000000,1,2,4579485,1304,16,1304,16,0,97,0,0
1,700,21.000000,0.000000,1,2,4579487,1304,16,1304,16,0,97,0,0
1,700,21.000000,0.000000,1,2,4579490,1304,16,1304,16,0,97,0,0
1,700,21.000000,0.000000,1,2,4579493,1304,16,1304,16,0,97,0,0
1,700,21.000000,0.000000,1,2,4579496,1304,16,1304,16,0,97,0,0
1,700,21.000000,0.000000,1,2,4579499,1304,16,1304,16,0,97,0,0
1,700,21.000000,0.000000,1,2,4579501,1304,16,1304,16,0,97,0,0
1,700,21.000000,0.000000,1,2,4579504,1304,16,1304,16,0,97,0,0
1,700,21.000000,0.000000,1,2,4579507,1304,16,1304,16,0,97,0,0
1,700,21.000000,0.000000,1,2,4579510,1304,16,1304,16,0,97,0,0
1,700,21.000000,0.000000,1,2,4579513,1304,16,1304,16,0,97,0,0
1,700,21.000000,0.000000,1,2,4579515,1304,16,1304,16,0,97,0,0
1,700,21.000000,0.000000,1,2,4579518,1304,16,1304,16,0,97,0,0
1,700,21.000000,0.000000,1,2,4579521,1304,16,1304,16,0,97,0,0
1,700,21.000000,0.000000,1,2,4579524,1304,16,1304,16,0,97,0,0
1,700,21.000000,0.000000,1,2,4579527,1304,16,1304,16,0,97,0,0
1,700,21.000000,0.000000,1,2,4579529,1304,16,1304,16,0,97,0,0
1,700,21.000000,0.000000,1,2,4579532,1304,16,1304,16,0,97,0,0
1,700,21.000000,0.000000,1,2,4579535,1304,16,1304,16,0,97,0,0
1,700,21.000000,0.000000,1,2,4579537,1304,16,1304,16,0,97,0,0
1,700,21.000000,0.000000,1,2,4579540,1304,16,1304,16,0,97,0,0
1,700,21.000000,0.000000,1,2,4579543,1304,16,1304,16,0,97,0,0
1,700,21.000000,0.000000,1,2,4579546,1304,16,1304,16,0,97,0,0
1,700,21.000000,0.000000,1,2,4579549,1304,16,1304,16,0,97,0,0
1,700,21.000000,0.000000,1,2,4579551,1304,16,1304,16,0,97,0,0
1,700,21.000000,0.000000,1,2,4579554,1304,16,1304,16,0,97,0,0
1,700,21.000000,0.000000,1,2,4579557,1304,16,1304,16,0,97,0,0
1,700,21.000000,0.000000,1,2,4579560,1304,16,1304,16,0,97,0,0
1,700,21.000000,0.000000,1,2,4579563,1304,16,1304,16,0,97,0,0
1,700,21.000000,0.000000,1,2,4579565,1304,16,1304,16,0,97,0,0
1,700,21.000000,0.000000,1,2,4579568,1304,16,1304,16,0,97,0,0
1,700,21.000000,0.000000,1,2,4579571,1304,16,1304,16,0,97,0,0
1,700,21.000000,0.000000,1,2,4579574,1304,16,1304,16,0,97,0,0
1,700,21.000000,0.000000,1,2,4579576,1304,16,1304,16,0,97,0,0
1,700,21.000000,0.000000,1,2,4579579,1304,16,1304,16,0,97,0,0
1,700,21.000000,0.000000,1,2,4579582,1304,16,1304,16,0,97,0,0
1,700,21.000000,0.000000,1,2,4579585,1304,16,1304,16,0,97,0,0
1,700,21.000000,0.000000,1,2,4579588,1304,16,1304,16,0,97,0,0
1,700,21.000000,0.000000,1,2,4579590,1304,16,1304,16,0,97,0,0
1,700,21.000000,0.000000,1,2,4579593,1304,16,1304,16,0,97,0,0
1,700,21.000000,0.000000,1,2,4579596,1304,16,1304,16,0,97,0,0
1,700,21.000000,0.000000,1,2,4579599,1304,16,1304,16,0,97,0,0
1,700,21.000000,0.000000,1,2,4579602,1304,16,1304,16,0,97,0,0
1,700,21.000000,0.000000,1,2,4579604,1304,16,1304,16,0,97,0,0
1,700,21.000000,0.000000,1,2,4579607,1304,16,1304,16,0,97,0,0
1,700,21.000000,0.000000,1,2,4579610,1304,16,1304,16,0,97,0,0
1,700,21.000000,0.000000,1,2,4579613,1304,16,1304,16,0,97,0,0
1,700,21.000000,0.000000,1,2,4579626,1304,16,1304,16,0,97,0,0
