1,700,21.000000,42.000000,1,2,4602736,613,6,613,6,0,99,4,0
1,700,21.000000,42.000000,1,2,4602737,613,6,613,6,0,99,4,0
1,700,21.000000,42.000000,1,2,4602739,613,6,613,6,0,99,4,0
1,700,21.000000,42.000000,1,2,4602742,613,6,613,6,0,99,4,0
1,700,21.000000,42.000000,1,2,4602745,613,6,613,6,0,99,4,0
1,700,21.000000,42.000000,1,2,4602748,613,6,613,6,0,99,4,0
1,700,21.000000,42.000000,1,2,4602751,613,6,613,6,0,99,4,0
1,700,21.000000,42.000000,1,2,4602753,613,6,613,6,0,99,4,0
1,700,21.000000,42.000000,1,2,4602756,613,6,613,6,0,99,4,0
1,700,21.000000,42.000000,1,2,4602759,613,6,613,6,0,99,4,0
1,700,21.000000,42.000000,1,2,4602762,613,6,613,6,0,99,4,0
1,700,21.000000,42.000000,1,2,4602764,613,6,613,6,0,99,4,0
1,700,21.000000,42.000000,1,2,4602767,613,6,613,6,0,99,4,0
1,700,21.000000,42.000000,1,2,4602770,613,6,613,6,0,99,4,0
1,700,21.000000,42.000000,1,2,4602773,613,6,613,6,0,99,4,0
1,700,21.000000,42.000000,1,2,4602776,613,6,613,6,0,99,4,0
1,700,21.000000,42.000000,1,2,4602778,613,6,613,6,0,99,4,0
1,700,21.000000,42.000000,1,2,4602781,613,6,613,6,0,99,4,0
1,700,21.000000,42.000000,1,2,4602784,613,6,613,6,0,99,4,0
1,700,21.000000,42.000000,1,2,4602787,613,6,613,6,0,99,4,0
1,700,21.000000,42.000000,1,2,4602790,613,6,613,6,0,99,4,0
1,700,21.000000,42.000000,1,2,4602792,613,6,613,6,0,99,4,0
1,700,21.000000,42.000000,1,2,4602795,613,6,613,6,0,99,4,0
1,700,21.000000,42.000000,1,2,4602798,613,6,613,6,0,99,4,0
1,700,21.000000,42.000000,1,2,4602801,613,6,613,6,0,99,4,0
1,700,21.000000,42.000000,1,2,4602803,613,6,613,6,0,99,4,0
1,700,21.000000,42.000000,1,2,4602806,613,6,613,6,0,99,4,0
1,700,21.000000,42.000000,1,2,4602809,613,6,613,6,0,99,4,0
1,700,21.000000,42.000000,1,2,4602811,613,6,613,6,0,99,4,0
1,700,21.000000,42.000000,1,2,4602814,613,6,613,6,0,99,4,0
1,700,21.000000,42.000000,1,2,4602817,613,6,613,6,0,99,4,0
1,700,21.000000,42.000000,1,2,4602820,613,6,613,6,0,99,4,0
1,700,21.000000,42.000000,1,2,4602823,613,6,613,6,0,99,4,0
1,700,21.000000,42.000000,1,2,4602825,614,6,614,6,0,99,4,0
1,700,21.000000,42.000000,1,2,4602828,615,6,615,6,0,99,4,0
1,700,21.000000,42.000000,1,2,4602831,615,6,615,6,0,99,4,0
1,700,21.000000,42.000000,1,2,4602834,616,6,616,6,0,99,4,0
1,700,21.000000,42.000000,1,2,4602837,617,6,617,6,0,99,4,0
1,700,21.000000,42.000000,1,2,4602839,619,6,619,6,0,99,4,0
1,700,21.000000,42.000000,1,2,4602842,620,6,620,6,0,99,4,0
1,700,21.000000,42.000000,1,2,4602845,622,7,622,7,0,99,4,0
1,700,21.000000,42.000000,1,2,4602848,623,7,623,7,0,99,4,0
1,700,21.000000,42.000000,1,2,4602851,625,7,625,7,0,99,4,0
1,700,21.000000,42.000000,1,2,4602854,627,7,627,7,0,99,4,0
1,700,21.000000,42.000000,1,2,4602856,628,8,628,8,0,99,4,0
1,700,21.000000,42.000000,1,2,4602859,632,8,632,8,0,99,4,0
1,700,21.000000,42.000000,1,2,4602862,634,8,634,8,0,99,4,0
1,700,21.000000,42.000000,1,2,4602865,637,9,637,9,0,99,4,0
1,700,21.000000,42.000000,1,2,4602867,640,9,640,9,0,99,4,0
1,700,21.000000,42.000000,1,2,4602870,641,9,641,9,0,99,4,0
1,700,21.000000,42.000000,1,2,4602873,644,9,644,9,0,99,4,0
1,700,21.000000,42.000000,1,2,4602876,647,10,647,10,0,99,4,0
1,700,21.000000,42.000000,1,2,4602879,651,11,651,11,0,99,4,0
1,700,21.000000,42.000000,1,2,4602881,654,11,654,11,0,99,4,0
1,700,21.000000,42.000000,1,2,4602884,659,11,659,11,0,99,4,0
1,700,21.000000,42.000000,1,2,4602887,663,11,663,11,0,99,4,0
1,700,21.000000,42.000000,1,2,4602889,668,11,668,11,0,99,4,0
1,700,21.000000,42.000000,1,2,4602892,673,12,673,12,0,99,4,0
1,700,21.000000,42.000000,1,2,4602895,677,12,677,12,0,99,4,0
1,700,21.000000,42.000000,1,2,4602898,681,13,681,13,0,99,4,0
1,700,21.000000,42.000000,1,2,4602900,684,13,684,13,0,99,4,0
1,700,21.000000,42.000000,1,2,4602903,690,13,690,13,0,99,4,0
1,700,21.000000,42.000000,1,2,4602906,695,13,695,13,0,99,4,0
1,700,21.000000,42.000000,1,2,4602909,699,13,699,13,0,99,4,0
1,700,21.000000,42.000000,1,2,4602912,704,14,704,14,0,99,4,0
1,700,21.000000,42.000000,1,2,4602915,709,14,709,14,0,99,4,0
1,700,21.000000,42.000000,1,2,4602917,714,14,714,14,0,99,4,0
1,700,21.000000,42.000000,1,2,4602920,718,15,718,15,0,99,4,0
1,700,21.000000,42.000000,1,2,4602923,725,15,725,15,0,99,4,0
1,700,21.000000,42.000000,1,2,4602926,731,15,731,15,0,99,4,0
1,700,21.000000,42.000000,1,2,4602928,738,16,738,16,0,99,4,0
1,700,21.000000,42.000000,1,2,4602931,743,16,743,16,0,99,4,0
1,700,21.000000,42.000000,1,2,4602934,749,16,749,16,0,99,4,0
1,700,21.000000,42.000000,1,2,4602937,755,16,755,16,0,99,4,0
1,700,21.000000,42.000000,1,2,4602939,761,17,761,17,0,99,4,0
1,700,21.000000,42.000000,1,2,4602942,766,17,766,17,0,99,4,0
1,700,21.000000,42.000000,1,2,4602945,772,18,772,18,0,99,4,0
1,700,21.000000,42.000000,1,2,4602948,778,18,778,18,0,99,4,0
1,700,21.000000,42.000000,1,2,4602951,782,18,782,18,0,99,4,0
1,700,21.000000,42.000000,1,2,4602954,788,18,788,18,0,99,4,0
1,700,21.000000,42.000000,1,2,4602957,794,18,794,18,0,99,4,0
1,700,21.000000,42.000000,1,2,4602960,799,18,799,18,0,99,4,0
1,700,21.000000,42.000000,1,2,4602962,808,18,808,18,0,99,4,0
1,700,21.000000,42.000000,1,2,4602965,811,19,811,19,0,99,4,0
1,700,21.000000,42.000000,1,2,4602968,815,19,815,19,0,99,4,0
1,700,21.000000,42.000000,1,2,4602971,823,20,823,20,0,99,4,0
1,700,21.000000,42.000000,1,2,4602974,830,20,830,20,0,99,4,0
1,700,21.000000,42.000000,1,2,4602976,836,20,836,20,0,99,4,0
1,700,21.000000,42.000000,1,2,4602979,840,20,840,20,0,99,4,0
1,700,21.000000,42.000000,1,2,4602982,847,20,847,20,0,99,4,0
1,700,21.000000,42.000000,1,2,4602985,853,20,853,20,0,99,4,0
1,700,21.000000,42.000000,1,2,4602988,860,20,860,20,0,99,4,0
1,700,21.000000,42.000000,1,2,4602990,866,20,866,20,0,99,4,0
1,700,21.000000,42.000000,1,2,4602993,873,20,873,20,0,99,4,0
1,700,21.000000,42.000000,1,2,4602996,880,20,880,20,0,99,4,0
1,700,21.000000,42.000000,1,2,4602999,887,20,887,20,0,99,4,0
1,700,21.000000,42.000000,1,2,4603002,895,21,895,21,0,99,4,0
1,700,21.000000,42.000000,1,2,4603004,901,21,901,21,0,99,4,0
1,700,21.000000,42.000000,1,2,4603006,907,21,907,21,0,99,4,0
1,700,21.000000,42.000000,1,2,4603009,914,21,914,21,0,99,4,0
1,700,21.000000,42.000000,1,2,4603012,918,21,918,21,0,99,4,0
1,700,21.000000,42.000000,1,2,4603015,926,21,926,21,0,99,4,0
1,700,21.000000,42.000000,1,2,4603018,933,21,933,21,0,99,4,0
1,700,21.000000,42.000000,1,2,4603021,938,21,938,21,0,99,4,0
1,700,21.000000,42.000000,1,2,4603023,947,22,947,22,0,99,4,0
1,700,21.000000,42.000000,1,2,4603026,953,22,953,22,0,99,4,0
1,700,21.000000,42.000000,1,2,4603029,963,23,963,23,0,99,4,0
1,700,21.000000,42.000000,1,2,4603032,969,23,969,23,0,99,4,0
1,700,21.000000,42.000000,1,2,4603035,975,23,975,23,0,99,4,0
1,700,21.000000,42.000000,1,2,4603037,980,24,980,24,0,99,4,0
1,700,21.000000,42.000000,1,2,4603040,988,24,988,24,0,99,4,0
1,700,21.000000,42.000000,1,2,4603043,994,24,994,24,0,99,4,0
1,700,21.000000,42.000000,1,2,4603046,1001,25,1001,25,0,99,4,0
1,700,21.000000,42.000000,1,2,4603049,1007,25,1007,25,0,99,4,0
1,700,21.000000,42.000000,1,2,4603051,1013,25,1013,25,0,99,4,0
1,700,21.000000,42.000000,1,2,4603054,1015,25,1015,25,0,99,4,0
1,700,21.000000,42.000000,1,2,4603058,1020,26,1020,26,0,99,4,0
1,700,21.000000,42.000000,1,2,4603061,1029,26,1029,26,0,99,4,0
1,700,21.000000,42.000000,1,2,4603063,1033,26,1033,26,0,99,4,0
1,700,21.000000,42.000000,1,2,4603066,1039,26,1039,26,0,99,4,0
1,700,21.000000,42.000000,1,2,4603069,1041,27,1041,27,0,99,4,0
1,700,21.000000,42.000000,1,2,4603072,1046,27,1046,27,0,99,4,0
1,700,21.000000,42.000000,1,2,4603074,1051,27,1051,27,0,99,4,0
1,700,21.000000,42.000000,1,2,4603077,1057,28,1057,28,0,99,4,0
1,700,21.000000,42.000000,1,2,4603079,1061,28,1061,28,0,99,4,0
1,700,21.000000,42.000000,1,2,4603082,1066,28,1066,28,0,99,4,0
1,700,21.000000,42.000000,1,2,4603085,1068,28,1068,28,0,99,4,0
1,700,21.000000,42.000000,1,2,4603088,1072,28,1072,28,0,99,4,0
1,700,21.000000,42.000000,1,2,4603090,1075,29,1075,29,0,99,4,0
1,700,21.000000,42.000000,1,2,4603093,1079,29,1079,29,0,99,4,0
1,700,21.000000,42.000000,1,2,4603096,1083,29,1083,29,0,99,4,0
1,700,21.000000,42.000000,1,2,4603099,1089,30,1089,30,0,99,4,0
1,700,21.000000,42.000000,1,2,4603101,1092,30,1092,30,0,99,4,0
1,700,21.000000,42.000000,1,2,4603104,1096,31,1096,31,0,99,4,0
1,700,21.000000,42.000000,1,2,4603107,1098,31,1098,31,0,99,4,0
1,700,21.000000,42.000000,1,2,4603110,1101,31,1101,31,0,99,4,0
1,700,21.000000,42.000000,1,2,4603112,1103,31,1103,31,0,99,4,0
1,700,21.000000,42.000000,1,2,4603115,1105,32,1105,32,0,99,4,0
1,700,21.000000,42.000000,1,2,4603118,1110,33,1110,33,0,99,4,0
1,700,21.000000,42.000000,1,2,4603121,1113,33,1113,33,0,99,4,0
1,700,21.000000,42.000000,1,2,4603124,1116,34,1116,34,0,99,4,0
1,700,21.000000,42.000000,1,2,4603126,1119,34,1119,34,0,99,4,0
1,700,21.000000,42.000000,1,2,4603129,1120,34,1120,34,0,99,4,0
1,700,21.000000,42.000000,1,2,4603132,1122,35,1122,35,0,99,4,0
1,700,21.000000,42.000000,1,2,4603135,1124,35,1124,35,0,99,4,0
1,700,21.000000,42.000000,1,2,4603137,1126,35,1126,35,0,99,4,0
1,700,21.000000,42.000000,1,2,4603140,1127,35,1127,35,0,99,4,0
1,700,21.000000,42.000000,1,2,4603143,1129,35,1129,35,0,99,4,0
1,700,21.000000,42.000000,1,2,4603146,1131,35,1131,35,0,99,4,0
1,700,21.000000,42.000000,1,2,4603149,1133,35,1133,35,0,99,4,0
1,700,21.000000,42.000000,1,2,4603151,1135,35,1135,35,0,99,4,0
1,700,21.000000,42.000000,1,2,4603153,1138,36,1138,36,0,99,4,0
1,700,21.000000,42.000000,1,2,4603156,1141,36,1141,36,0,99,4,0
1,700,21.000000,42.000000,1,2,4603159,1144,36,1144,36,0,99,4,0
1,700,21.000000,42.000000,1,2,4603162,1146,37,1146,37,0,99,4,0
1,700,21.000000,42.000000,1,2,4603165,1148,37,1148,37,0,99,4,0
1,700,21.000000,42.000000,1,2,4603167,1149,37,1149,37,0,99,4,0
1,700,21.000000,42.000000,1,2,4603170,1151,37,1151,37,0,99,4,0
1,700,21.000000,42.000000,1,2,4603173,1153,37,1153,37,0,99,4,0
1,700,21.000000,42.000000,1,2,4603176,1156,37,1156,37,0,99,4,0
1,700,21.000000,42.000000,1,2,4603179,1159,38,1159,38,0,99,4,0
1,700,21.000000,42.000000,1,2,4603182,1162,38,1162,38,0,99,4,0
1,700,21.000000,42.000000,1,2,4603184,1164,38,1164,38,0,99,4,0
1,700,21.000000,42.000000,1,2,4603187,1166,39,1166,39,0,99,4,0
1,700,21.000000,42.000000,1,2,4603190,1168,39,1168,39,0,99,4,0
1,700,21.000000,42.000000,1,2,4603193,1170,39,1170,39,0,99,4,0
1,700,21.000000,42.000000,1,2,4603195,1172,39,1172,39,0,99,4,0
1,700,21.000000,42.000000,1,2,4603198,1175,39,1175,39,0,99,4,0
1,700,21.000000,42.000000,1,2,4603201,1177,39,1177,39,0,99,4,0
1,700,21.000000,42.000000,1,2,4603203,1179,39,1179,39,0,99,4,0
1,700,21.000000,42.000000,1,2,4603206,1181,39,1181,39,0,99,4,0
1,700,21.000000,42.000000,1,2,4603209,1183,39,1183,39,0,99,4,0
1,700,21.000000,42.000000,1,2,4603212,1184,39,1184,39,0,99,4,0
1,700,21.000000,42.000000,1,2,4603215,1185,39,1185,39,0,99,4,0
1,700,21.000000,42.000000,1,2,4603217,1186,39,1186,39,0,99,4,0
1,700,21.000000,42.000000,1,2,4603220,1187,39,1187,39,0,99,4,0
1,700,21.000000,42.000000,1,2,4603223,1188,39,1188,39,0,99,4,0
1,700,21.000000,42.000000,1,2,4603226,1189,39,1189,39,0,99,4,0
1,700,21.000000,42.000000,1,2,4603229,1191,39,1191,39,0,99,4,0
1,700,21.000000,42.000000,1,2,4603231,1192,39,1192,39,0,99,4,0
1,700,21.000000,42.000000,1,2,4603234,1194,39,1194,39,0,99,4,0
1,700,21.000000,42.000000,1,2,4603237,1195,39,1195,39,0,99,4,0
1,700,21.000000,42.000000,1,2,4603240,1196,39,1196,39,0,99,4,0
1,700,21.000000,42.000000,1,2,4603243,1197,39,1197,39,0,99,4,0
1,700,21.000000,42.000000,1,2,4603245,1198,39,1198,39,0,99,4,0
1,700,21.000000,42.000000,1,2,4603248,1198,39,1198,39,0,99,4,0
1,700,21.000000,42.000000,1,2,4603251,1200,39,1200,39,0,99,4,0
1,700,21.000000,42.000000,1,2,4603254,1201,39,1201,39,0,99,4,0
1,700,21.000000,42.000000,1,2,4603257,1202,39,1202,39,0,99,4,0
1,700,21.000000,42.000000,1,2,4603259,1203,39,1203,39,0,99,4,0
1,700,21.000000,42.000000,1,2,4603262,1204,39,1204,39,0,99,4,0
1,700,21.000000,42.000000,1,2,4603265,1206,39,1206,39,0,99,4,0
1,700,21.000000,42.000000,1,2,4603267,1207,39,1207,39,0,99,4,0
1,700,21.000000,42.000000,1,2,4603270,1208,39,1208,39,0,99,4,0
1,700,21.000000,42.000000,1,2,4603273,1209,38,1209,38,0,99,4,0
1,700,21.000000,42.000000,1,2,4603276,1210,38,1210,38,0,99,4,0
1,700,21.000000,42.000000,1,2,4603279,1211,38,1211,38,0,99,4,0
1,700,21.000000,42.000000,1,2,4603282,1212,38,1212,38,0,99,4,0
1,700,21.000000,42.000000,1,2,4603285,1213,38,1213,38,0,99,4,0
1,700,21.000000,42.000000,1,2,4603288,1214,37,1214,37,0,99,4,0
1,700,21.000000,42.000000,1,2,4603290,1216,36,1216,36,0,99,4,0
1,700,21.000000,42.000000,1,2,4603293,1216,36,1216,36,0,99,4,0
1,700,21.000000,42.000000,1,2,4603296,1217,36,1217,36,0,99,4,0
1,700,21.000000,42.000000,1,2,4603299,1218,36,1218,36,0,99,4,0
1,700,21.000000,42.000000,1,2,4603302,1218,36,1218,36,0,99,4,0
1,700,21.000000,42.000000,1,2,4603305,1219,36,1219,36,0,99,4,0
1,700,21.000000,42.000000,1,2,4603307,1220,35,1220,35,0,99,4,0
1,700,21.000000,42.000000,1,2,4603310,1220,35,1220,35,0,99,4,0
1,700,21.000000,42.000000,1,2,4603313,1221,35,1221,35,0,99,4,0
1,700,21.000000,42.000000,1,2,4603316,1222,34,1222,34,0,99,4,0
1,700,21.000000,42.000000,1,2,4603318,1223,34,1223,34,0,99,4,0
1,700,21.000000,42.000000,1,2,4603321,1225,34,1225,34,0,99,4,0
1,700,21.000000,42.000000,1,2,4603324,1226,33,1226,33,0,99,4,0
1,700,21.000000,42.000000,1,2,4603326,1227,33,1227,33,0,99,4,0
1,700,21.000000,42.000000,1,2,4603329,1227,32,1227,32,0,99,4,0
1,700,21.000000,42.000000,1,2,4603331,1228,32,1228,32,0,99,4,0
1,700,21.000000,42.000000,1,2,4603335,1230,32,1230,32,0,99,4,0
1,700,21.000000,42.000000,1,2,4603337,1232,31,1232,31,0,99,4,0
1,700,21.000000,42.000000,1,2,4603340,1233,30,1233,30,0,99,4,0
1,700,21.000000,42.000000,1,2,4603343,1234,30,1234,30,0,99,4,0
1,700,21.000000,42.000000,1,2,4603346,1235,30,1235,30,0,99,4,0
1,700,21.000000,42.000000,1,2,4603349,1236,30,1236,30,0,99,4,0
1,700,21.000000,42.000000,1,2,4603351,1237,30,1237,30,0,99,4,0
1,700,21.000000,42.000000,1,2,4603354,1238,29,1238,29,0,99,4,0
1,700,21.000000,42.000000,1,2,4603357,1240,28,1240,28,0,99,4,0
1,700,21.000000,42.000000,1,2,4603360,1240,28,1240,28,0,99,4,0
1,700,21.000000,42.000000,1,2,4603362,1241,27,1241,27,0,99,4,0
1,700,21.000000,42.000000,1,2,4603365,1242,27,1242,27,0,99,4,0
1,700,21.000000,42.000000,1,2,4603368,1243,27,1243,27,0,99,4,0
1,700,21.000000,42.000000,1,2,4603371,1244,26,1244,26,0,99,4,0
1,700,21.000000,42.000000,1,2,4603374,1244,26,1244,26,0,99,4,0
1,700,21.000000,42.000000,1,2,4603377,1244,26,1244,26,0,99,4,0
1,700,21.000000,42.000000,1,2,4603379,1244,26,1244,26,0,99,4,0
1,700,21.000000,42.000000,1,2,4603383,1246,25,1246,25,0,99,4,0
1,700,21.000000,42.000000,1,2,4603386,1247,25,1247,25,0,99,4,0
1,700,21.000000,42.000000,1,2,4603388,1248,25,1248,25,0,99,4,0
1,700,21.000000,42.000000,1,2,4603391,1248,25,1248,25,0,99,4,0
1,700,21.000000,42.000000,1,2,4603394,1249,25,1249,25,0,99,4,0
1,700,21.000000,42.000000,1,2,4603396,1249,25,1249,25,0,99,4,0
1,700,21.000000,42.000000,1,2,4603399,1250,25,1250,25,0,99,4,0
1,700,21.000000,42.000000,1,2,4603402,1250,24,1250,24,0,99,4,0
1,700,21.000000,42.000000,1,2,4603404,1250,24,1250,24,0,99,4,0
1,700,21.000000,42.000000,1,2,4603407,1251,24,1251,24,0,99,4,0
1,700,21.000000,42.000000,1,2,4603410,1251,24,1251,24,0,99,4,0
1,700,21.000000,42.000000,1,2,4603412,1251,23,1251,23,0,99,4,0
1,700,21.000000,42.000000,1,2,4603415,1251,23,1251,23,0,99,4,0
1,700,21.000000,42.000000,1,2,4603418,1252,23,1252,23,0,99,4,0
1,700,21.000000,42.000000,1,2,4603421,1253,23,1253,23,0,99,4,0
1,700,21.000000,42.000000,1,2,4603424,1254,22,1254,22,0,99,4,0
1,700,21.000000,42.000000,1,2,4603427,1255,22,1255,22,0,99,4,0
1,700,21.000000,42.000000,1,2,4603430,1255,21,1255,21,0,99,4,0
1,700,21.000000,42.000000,1,2,4603432,1255,21,1255,21,0,99,4,0
1,700,21.000000,42.000000,1,2,4603435,1256,21,1256,21,0,99,4,0
1,700,21.000000,42.000000,1,2,4603438,1256,21,1256,21,0,99,4,0
1,700,21.000000,42.000000,1,2,4603440,1257,21,1257,21,0,99,4,0
1,700,21.000000,42.000000,1,2,4603443,1258,21,1258,21,0,99,4,0
1,700,21.000000,42.000000,1,2,4603446,1258,21,1258,21,0,99,4,0
1,700,21.000000,42.000000,1,2,4603449,1258,21,1258,21,0,99,4,0
1,700,21.000000,42.000000,1,2,4603452,1259,21,1259,21,0,99,4,0
1,700,21.000000,42.000000,1,2,4603454,1259,20,1259,20,0,99,4,0
1,700,21.000000,42.000000,1,2,4603457,1260,19,1260,19,0,99,4,0
1,700,21.000000,42.000000,1,2,4603460,1261,19,1261,19,0,99,4,0
1,700,21.000000,42.000000,1,2,4603463,1261,19,1261,19,0,99,4,0
1,700,21.000000,42.000000,1,2,4603466,1262,18,1262,18,0,99,4,0
1,700,21.000000,42.000000,1,2,4603468,1263,18,1263,18,0,99,4,0
1,700,21.000000,42.000000,1,2,4603471,1263,18,1263,18,0,99,4,0
1,700,21.000000,42.000000,1,2,4603474,1263,18,1263,18,0,99,4,0
1,700,21.000000,42.000000,1,2,4603477,1264,18,1264,18,0,99,4,0
1,700,21.000000,42.000000,1,2,4603479,1265,17,1265,17,0,99,4,0
1,700,21.000000,42.000000,1,2,4603482,1266,16,1266,16,0,99,4,0
1,700,21.000000,42.000000,1,2,4603485,1268,14,1268,14,0,99,4,0
1,700,21.000000,42.000000,1,2,4603487,1270,14,1270,14,0,99,4,0
1,700,21.000000,42.000000,1,2,4603490,1270,13,1270,13,0,99,4,0
1,700,21.000000,42.000000,1,2,4603493,1270,13,1270,13,0,99,4,0
1,700,21.000000,42.000000,1,2,4603496,1271,13,1271,13,0,99,4,0
1,700,21.000000,42.000000,1,2,4603499,1271,13,1271,13,0,99,4,0
1,700,21.000000,42.000000,1,2,4603501,1272,12,1272,12,0,99,4,0
1,700,21.000000,42.000000,1,2,4603504,1273,11,1273,11,0,99,4,0
1,700,21.000000,42.000000,1,2,4603507,1273,11,1273,11,0,99,4,0
1,700,21.000000,42.000000,1,2,4603510,1274,11,1274,11,0,99,4,0
1,700,21.000000,42.000000,1,2,4603512,1274,11,1274,11,0,99,4,0
1,700,21.000000,42.000000,1,2,4603515,1274,10,1274,10,0,99,4,0
1,700,21.000000,42.000000,1,2,4603518,1274,9,1274,9,0,99,4,0
1,700,21.000000,42.000000,1,2,4603521,1274,9,1274,9,0,99,4,0
1,700,21.000000,42.000000,1,2,4603523,1274,8,1274,8,0,99,4,0
1,700,21.000000,42.000000,1,2,4603526,1275,8,1275,8,0,99,4,0
1,700,21.000000,42.000000,1,2,4603529,1276,8,1276,8,0,99,4,0
1,700,21.000000,42.000000,1,2,4603532,1276,8,1276,8,0,99,4,0
1,700,21.000000,42.000000,1,2,4603534,1277,8,1277,8,0,99,4,0
1,700,21.000000,42.000000,1,2,4603537,1278,8,1278,8,0,99,4,0
1,700,21.000000,42.000000,1,2,4603540,1278,7,1278,7,0,99,4,0
1,700,21.000000,42.000000,1,2,4603543,1279,6,1279,6,0,99,4,0
1,700,21.000000,42.000000,1,2,4603546,1279,6,1279,6,0,99,4,0
1,700,21.000000,42.000000,1,2,4603548,1280,6,1280,6,0,99,4,0
1,700,21.000000,42.000000,1,2,4603551,1281,5,1281,5,0,99,4,0
1,700,21.000000,42.000000,1,2,4603554,1282,4,1282,4,0,99,4,0
1,700,21.000000,42.000000,1,2,4603556,1283,4,1283,4,0,99,4,0
1,700,21.000000,42.000000,1,2,4603559,1283,4,1283,4,0,99,4,0
1,700,21.000000,42.000000,1,2,4603562,1283,3,1283,3,0,99,4,0
1,700,21.000000,42.000000,1,2,4603565,1283,2,1283,2,0,99,4,0
1,700,21.000000,42.000000,1,2,4603568,1284,2,1284,2,0,99,4,0
1,700,21.000000,42.000000,1,2,4603570,1284,1,1284,1,0,99,4,0
1,700,21.000000,42.000000,1,2,4603573,1284,0,1284,0,0,99,4,0
1,700,21.000000,42.000000,1,2,4603576,1285,0,1285,0,0,99,4,0
1,700,21.000000,42.000000,1,2,4603579,1286,0,1286,0,0,99,4,0
1,700,21.000000,42.000000,1,2,4603582,1287,0,1287,0,0,99,4,0
1,700,21.000000,42.000000,1,2,4603584,1287,0,1287,-1,0,99,4,0
1,700,21.000000,42.000000,1,2,4603587,1287,0,1287,-2,0,99,4,0
1,700,21.000000,42.000000,1,2,4603590,1288,0,1288,-2,0,99,4,0
1,700,21.000000,42.000000,1,2,4603593,1289,0,1289,-2,0,99,4,0
1,700,21.000000,42.000000,1,2,4603596,1289,0,1289,-2,0,99,4,0
1,700,21.000000,42.000000,1,2,4603598,1290,0,1290,-3,0,99,4,0
1,700,21.000000,42.000000,1,2,4603601,1291,0,1291,-3,0,99,4,0
1,700,21.000000,42.000000,1,2,4603604,1292,0,1292,-3,0,99,4,0
1,700,21.000000,42.000000,1,2,4603607,1292,0,1292,-3,0,99,4,0
1,700,21.000000,42.000000,1,2,4603610,1293,0,1293,-3,0,99,4,0
1,700,21.000000,42.000000,1,2,4603612,1293,0,1293,-4,0,99,4,0
1,700,21.000000,42.000000,1,2,4603615,1293,0,1293,-5,0,99,4,0
1,700,21.000000,42.000000,1,2,4603618,1294,0,1294,-5,0,99,4,0
1,700,21.000000,42.000000,1,2,4603621,1294,0,1294,-6,0,99,4,0
1,700,21.000000,42.000000,1,2,4603624,1295,0,1295,-6,0,99,4,0
1,700,21.000000,42.000000,1,2,4603626,1296,0,1296,-6,0,99,4,0
1,700,21.000000,42.000000,1,2,4603629,1296,0,1296,-6,0,99,4,0
1,700,21.000000,42.000000,1,2,4603632,1297,0,1297,-6,0,99,4,0
1,700,21.000000,42.000000,1,2,4603635,1298,0,1298,-6,0,99,4,0
1,700,21.000000,42.000000,1,2,4603637,1298,0,1298,-6,0,99,4,0
1,700,21.000000,42.000000,1,2,4603640,1298,0,1298,-6,0,99,4,0
1,700,21.000000,42.000000,1,2,4603643,1298,0,1298,-6,0,99,4,0
1,700,21.000000,42.000000,1,2,4603645,1298,0,1298,-6,0,99,4,0
1,700,21.000000,42.000000,1,2,4603648,1298,0,1298,-7,0,99,4,0
1,700,21.000000,42.000000,1,2,4603651,1298,0,1298,-8,0,99,4,0
1,700,21.000000,42.000000,1,2,4603654,1298,0,1298,-8,0,99,4,0
1,700,21.000000,42.000000,1,2,4603657,1299,0,1299,-8,0,99,4,0
1,700,21.000000,42.000000,1,2,4603659,1300,0,1300,-8,0,99,4,0
1,700,21.000000,42.000000,1,2,4603662,1300,0,1300,-8,0,99,4,0
1,700,21.000000,42.000000,1,2,4603665,1300,0,1300,-8,0,99,4,0
1,700,21.000000,42.000000,1,2,4603668,1301,0,1301,-9,0,99,4,0
1,700,21.000000,42.000000,1,2,4603671,1301,0,1301,-9,0,99,4,0
1,700,21.000000,42.000000,1,2,4603673,1301,0,1301,-10,0,99,4,0
1,700,21.000000,42.000000,1,2,4603676,1301,0,1301,-10,0,99,4,0
1,700,21.000000,42.000000,1,2,4603679,1301,0,1301,-11,0,99,4,0
1,700,21.000000,42.000000,1,2,4603682,1302,0,1302,-12,0,99,4,0
1,700,21.000000,42.000000,1,2,4603684,1303,0,1303,-13,0,99,4,0
1,700,21.000000,42.000000,1,2,4603687,1304,0,1304,-14,0,99,4,0
1,700,21.000000,42.000000,1,2,4603690,1305,0,1305,-15,0,99,4,0
1,700,21.000000,42.000000,1,2,4603693,1306,0,1306,-15,0,99,4,0
1,700,21.000000,42.000000,1,2,4603696,1307,0,1307,-15,0,99,4,0
1,700,21.000000,42.000000,1,2,4603698,1308,0,1308,-16,0,99,4,0
1,700,21.000000,42.000000,1,2,4603701,1309,0,1309,-17,0,99,4,0
1,700,21.000000,42.000000,1,2,4603704,1310,0,1310,-17,0,99,4,0
1,700,21.000000,42.000000,1,2,4603707,1310,0,1310,-18,0,99,4,0
1,700,21.000000,42.000000,1,2,4603710,1310,0,1310,-19,0,99,4,0
1,700,21.000000,42.000000,1,2,4603713,1311,0,1311,-19,0,99,4,0
1,700,21.000000,42.000000,1,2,4603715,1312,0,1312,-20,0,99,4,0
1,700,21.000000,42.000000,1,2,4603718,1313,0,1313,-21,0,99,4,0
1,700,21.000000,42.000000,1,2,4603720,1313,0,1313,-21,0,99,4,0
1,700,21.000000,42.000000,1,2,4603723,1313,0,1313,-21,0,99,4,0
1,700,21.000000,42.000000,1,2,4603726,1313,0,1313,-21,0,99,4,0
1,700,21.000000,42.000000,1,2,4603729,1313,0,1313,-21,0,99,4,0
1,700,21.000000,42.000000,1,2,4603732,1313,0,1313,-21,0,99,4,0
1,700,21.000000,42.000000,1,2,4603734,1313,0,1313,-21,0,99,4,0
1,700,21.000000,42.000000,1,2,4603737,1313,0,1313,-21,0,99,4,0
1,700,21.000000,42.000000,1,2,4603740,1313,0,1313,-21,0,99,4,0
1,700,21.000000,42.000000,1,2,4603743,1313,0,1313,-21,0,99,4,0
1,700,21.000000,42.000000,1,2,4603746,1313,0,1313,-21,0,99,4,0
1,700,21.000000,42.000000,1,2,4603748,1313,0,1313,-21,0,99,4,0
1,700,21.000000,42.000000,1,2,4603751,1313,0,1313,-21,0,99,4,0
1,700,21.000000,42.000000,1,2,4603754,1313,0,1313,-21,0,99,4,0
1,700,21.000000,42.000000,1,2,4603757,1313,0,1313,-21,0,99,4,0
1,700,21.000000,42.000000,1,2,4603760,1313,0,1313,-21,0,99,4,0
1,700,21.000000,42.000000,1,2,4603762,1313,0,1313,-21,0,99,4,0
1,700,21.000000,42.000000,1,2,4603765,1313,0,1313,-21,0,99,4,0
1,700,21.000000,42.000000,1,2,4603778,1313,0,1313,-21,0,99,4,0
