12,350,21.000000,0.000000,0,5,9591978,786,4,786,4,0,105,1,0
12,350,21.000000,0.000000,0,5,9591978,786,4,786,4,0,105,1,0
12,350,21.000000,0.000000,0,5,9591981,786,4,786,4,0,105,1,0
12,350,21.000000,0.000000,0,5,9591984,786,4,786,4,0,105,1,0
12,350,21.000000,0.000000,0,5,9591986,786,4,786,4,0,105,1,0
12,350,21.000000,0.000000,0,5,9591989,786,4,786,4,0,105,1,0
12,350,21.000000,0.000000,0,5,9591992,786,4,786,4,0,105,1,0
12,350,21.000000,0.000000,0,5,9591995,786,4,786,4,0,105,1,0
12,350,21.000000,0.000000,0,5,9591998,786,4,786,4,0,105,1,0
12,350,21.000000,0.000000,0,5,9592000,786,4,786,4,0,105,1,0
12,350,21.000000,0.000000,0,5,9592003,786,4,786,4,0,105,1,0
12,350,21.000000,0.000000,0,5,9592006,786,4,786,4,0,105,1,0
12,350,21.000000,0.000000,0,5,9592009,786,4,786,4,0,105,1,0
12,350,21.000000,0.000000,0,5,9592011,786,4,786,4,0,105,1,0
12,350,21.000000,0.000000,0,5,9592014,786,4,786,4,0,105,1,0
12,350,21.000000,0.000000,0,5,9592017,786,4,786,4,0,105,1,0
12,350,21.000000,0.000000,0,5,9592020,786,4,786,4,0,105,1,0
12,350,21.000000,0.000000,0,5,9592022,786,4,786,4,0,105,1,0
12,350,21.000000,0.000000,0,5,9592025,786,4,786,4,0,105,1,0
12,350,21.000000,0.000000,0,5,9592028,786,4,786,4,0,105,1,0
12,350,21.000000,0.000000,0,5,9592031,786,4,786,4,0,105,1,0
12,350,21.000000,0.000000,0,5,9592034,786,4,786,4,0,105,1,0
12,350,21.000000,0.000000,0,5,9592036,786,4,786,4,0,105,1,0
12,350,21.000000,0.000000,0,5,9592039,786,4,786,4,0,105,1,0
12,350,21.000000,0.000000,0,5,9592042,786,4,786,4,0,105,1,0
12,350,21.000000,0.000000,0,5,9592045,786,4,786,4,0,105,1,0
12,350,21.000000,0.000000,0,5,9592048,786,4,786,4,0,105,1,0
12,350,21.000000,0.000000,0,5,9592050,786,4,786,4,0,105,1,0
12,350,21.000000,0.000000,0,5,9592053,786,4,786,4,0,105,1,0
12,350,21.000000,0.000000,0,5,9592056,786,4,786,4,0,105,1,0
12,350,21.000000,0.000000,0,5,9592059,786,4,786,4,0,105,1,0
12,350,21.000000,0.000000,0,5,9592061,786,4,786,4,0,105,1,0
12,350,21.000000,0.000000,0,5,9592064,786,4,786,4,0,105,1,0
12,350,21.000000,0.000000,0,5,9592067,786,4,786,4,0,105,1,0
12,350,21.000000,0.000000,0,5,9592070,786,4,786,4,0,105,1,0
12,350,21.000000,0.000000,0,5,9592073,786,4,786,4,0,105,1,0
12,350,21.000000,0.000000,0,5,9592075,786,4,786,4,0,105,1,0
12,350,21.000000,0.000000,0,5,9592078,787,4,787,4,0,105,1,0
12,350,21.000000,0.000000,0,5,9592081,787,4,787,4,0,105,1,0
12,350,21.000000,0.000000,0,5,9592084,788,4,788,4,0,105,1,0
12,350,21.000000,0.000000,0,5,9592087,789,4,789,4,0,105,1,0
12,350,21.000000,0.000000,0,5,9592089,790,4,790,4,0,105,1,0
12,350,21.000000,0.000000,0,5,9592092,792,4,792,4,0,105,1,0
12,350,21.000000,0.000000,0,5,9592095,793,4,793,4,0,105,1,0
12,350,21.000000,0.000000,0,5,9592098,795,4,795,4,0,105,1,0
12,350,21.000000,0.000000,0,5,9592100,797,4,797,4,0,105,1,0
12,350,21.000000,0.000000,0,5,9592103,799,4,799,4,0,105,1,0
12,350,21.000000,0.000000,0,5,9592106,801,4,801,4,0,105,1,0
12,350,21.000000,0.000000,0,5,9592109,803,4,803,4,0,105,1,0
12,350,21.000000,0.000000,0,5,9592112,806,4,806,4,0,105,1,0
12,350,21.000000,0.000000,0,5,9592114,809,4,809,4,0,105,1,0
12,350,21.000000,0.000000,0,5,9592117,811,4,811,4,0,105,1,0
12,350,21.000000,0.000000,0,5,9592120,814,4,814,4,0,105,1,0
12,350,21.000000,0.000000,0,5,9592123,817,4,817,4,0,105,1,0
12,350,21.000000,0.000000,0,5,9592125,822,4,822,4,0,105,1,0
12,350,21.000000,0.000000,0,5,9592128,825,5,825,5,0,105,1,0
12,350,21.000000,0.000000,0,5,9592131,829,5,829,5,0,105,1,0
12,350,21.000000,0.000000,0,5,9592134,833,5,833,5,0,105,1,0
12,350,21.000000,0.000000,0,5,9592137,836,5,836,5,0,105,1,0
12,350,21.000000,0.000000,0,5,9592139,842,6,842,6,0,105,1,0
12,350,21.000000,0.000000,0,5,9592142,849,6,849,6,0,105,1,0
12,350,21.000000,0.000000,0,5,9592145,855,6,855,6,0,105,1,0
12,350,21.000000,0.000000,0,5,9592148,862,7,862,7,0,105,1,0
12,350,21.000000,0.000000,0,5,9592151,869,7,869,7,0,105,1,0
12,350,21.000000,0.000000,0,5,9592153,879,7,879,7,0,105,1,0
12,350,21.000000,0.000000,0,5,9592156,891,7,891,7,0,105,1,0
12,350,21.000000,0.000000,0,5,9592159,897,7,897,7,0,105,1,0
12,350,21.000000,0.000000,0,5,9592162,908,7,908,7,0,105,1,0
12,350,21.000000,0.000000,0,5,9592164,917,7,917,7,0,105,1,0
12,350,21.000000,0.000000,0,5,9592167,926,8,926,8,0,105,1,0
12,350,21.000000,0.000000,0,5,9592170,934,8,934,8,0,105,1,0
12,350,21.000000,0.000000,0,5,9592173,945,8,945,8,0,105,1,0
12,350,21.000000,0.000000,0,5,9592176,955,9,955,9,0,105,1,0
12,350,21.000000,0.000000,0,5,9592178,962,9,962,9,0,105,1,0
12,350,21.000000,0.000000,0,5,9592181,970,9,970,9,0,105,1,0
12,350,21.000000,0.000000,0,5,9592184,986,10,986,10,0,105,1,0
12,350,21.000000,0.000000,0,5,9592187,991,10,991,10,0,105,1,0
12,350,21.000000,0.000000,0,5,9592189,1127,10,998,10,0,105,1,0
12,350,21.000000,0.000000,0,5,9592192,1134,11,1005,11,0,105,1,0
12,350,21.000000,0.000000,0,5,9592195,1140,11,1011,11,0,105,1,0
12,350,21.000000,0.000000,0,5,9592199,1146,11,1017,11,0,105,1,0
12,350,21.000000,0.000000,0,5,9592202,1153,11,1024,11,0,105,1,0
12,350,21.000000,0.000000,0,5,9592205,1157,11,1028,11,0,105,1,0
12,350,21.000000,0.000000,0,5,9592207,1162,11,1033,11,0,105,1,0
12,350,21.000000,0.000000,0,5,9592210,1166,11,1037,11,0,105,1,0
12,350,21.000000,0.000000,0,5,9592213,1169,11,1040,11,0,105,1,0
12,350,21.000000,0.000000,0,5,9592216,1171,11,1042,11,0,105,1,0
12,350,21.000000,0.000000,0,5,9592218,1172,11,1043,11,0,105,1,0
12,350,21.000000,0.000000,0,5,9592221,1174,11,1045,11,0,105,1,0
12,350,21.000000,0.000000,0,5,9592224,1175,11,1046,11,0,105,1,0
12,350,21.000000,0.000000,0,5,9592226,1176,11,1047,11,0,105,1,0
12,350,21.000000,0.000000,0,5,9592229,1176,11,1047,11,0,105,1,0
12,350,21.000000,0.000000,0,5,9592232,1177,11,1048,11,0,105,1,0
12,350,21.000000,0.000000,0,5,9592234,1177,11,1048,11,0,105,1,0
12,350,21.000000,0.000000,0,5,9592237,1177,11,1048,11,0,105,1,0
12,350,21.000000,0.000000,0,5,9592240,1177,11,1048,11,0,105,1,0
12,350,21.000000,0.000000,0,5,9592242,1177,11,1048,11,0,105,1,0
12,350,21.000000,0.000000,0,5,9592245,1177,11,1048,11,0,105,1,0
12,350,21.000000,0.000000,0,5,9592248,1177,11,1048,11,0,105,1,0
12,350,21.000000,0.000000,0,5,9592251,1177,11,1048,11,0,105,1,0
12,350,21.000000,0.000000,0,5,9592253,1177,11,1048,11,0,105,1,0
12,350,21.000000,0.000000,0,5,9592256,1177,11,1048,11,0,105,1,0
12,350,21.000000,0.000000,0,5,9592259,1177,11,1048,11,0,105,1,0
12,350,21.000000,0.000000,0,5,9592262,1177,11,1048,11,0,105,1,0
12,350,21.000000,0.000000,0,5,9592264,1177,11,1048,11,0,105,1,0
12,350,21.000000,0.000000,0,5,9592267,1177,11,1048,11,0,105,1,0
12,350,21.000000,0.000000,0,5,9592270,1177,11,1048,11,0,105,1,0
12,350,21.000000,0.000000,0,5,9592273,1177,11,1048,11,0,105,1,0
12,350,21.000000,0.000000,0,5,9592276,1178,11,1049,11,0,105,1,0
12,350,21.000000,0.000000,0,5,9592278,1178,11,1049,11,0,105,1,0
12,350,21.000000,0.000000,0,5,9592281,1178,11,1049,11,0,105,1,0
12,350,21.000000,0.000000,0,5,9592284,1179,11,1050,11,0,105,1,0
12,350,21.000000,0.000000,0,5,9592287,1180,11,1051,11,0,105,1,0
12,350,21.000000,0.000000,0,5,9592289,1180,11,1051,11,0,105,1,0
12,350,21.000000,0.000000,0,5,9592292,1180,11,1051,11,0,105,1,0
12,350,21.000000,0.000000,0,5,9592295,1180,11,1051,11,0,105,1,0
12,350,21.000000,0.000000,0,5,9592298,1180,11,1051,11,0,105,1,0
12,350,21.000000,0.000000,0,5,9592300,1180,11,1051,11,0,105,1,0
12,350,21.000000,0.000000,0,5,9592303,1181,11,1052,11,0,105,1,0
12,350,21.000000,0.000000,0,5,9592306,1182,11,1053,11,0,105,1,0
12,350,21.000000,0.000000,0,5,9592309,1182,11,1053,11,0,105,1,0
12,350,21.000000,0.000000,0,5,9592312,1182,11,1053,11,0,105,1,0
12,350,21.000000,0.000000,0,5,9592314,1182,11,1053,11,0,105,1,0
12,350,21.000000,0.000000,0,5,9592317,1182,11,1053,11,0,105,1,0
12,350,21.000000,0.000000,0,5,9592320,1182,11,1053,11,0,105,1,0
12,350,21.000000,0.000000,0,5,9592323,1182,11,1053,11,0,105,1,0
12,350,21.000000,0.000000,0,5,9592326,1182,11,1053,11,0,105,1,0
12,350,21.000000,0.000000,0,5,9592328,1182,11,1053,11,0,105,1,0
12,350,21.000000,0.000000,0,5,9592331,1182,11,1053,11,0,105,1,0
12,350,21.000000,0.000000,0,5,9592334,1182,11,1053,11,0,105,1,0
12,350,21.000000,0.000000,0,5,9592336,1182,11,1053,11,0,105,1,0
12,350,21.000000,0.000000,0,5,9592339,1182,11,1053,11,0,105,1,0
12,350,21.000000,0.000000,0,5,9592342,1182,11,1053,11,0,105,1,0
12,350,21.000000,0.000000,0,5,9592345,1182,11,1053,11,0,105,1,0
12,350,21.000000,0.000000,0,5,9592348,1182,11,1053,11,0,105,1,0
12,350,21.000000,0.000000,0,5,9592352,1182,11,1053,11,0,105,1,0
12,350,21.000000,0.000000,0,5,9592356,1182,11,1053,11,0,105,1,0
12,350,21.000000,0.000000,0,5,9592360,1182,11,1053,11,0,105,1,0
12,350,21.000000,0.000000,0,5,9592364,1181,11,1052,11,0,105,1,0
12,350,21.000000,0.000000,0,5,9592368,1180,11,1051,11,0,105,1,0
12,350,21.000000,0.000000,0,5,9592371,1179,10,1050,10,0,105,1,0
12,350,21.000000,0.000000,0,5,9592373,1178,10,1049,10,0,105,1,0
12,350,21.000000,0.000000,0,5,9592376,1177,10,1048,10,0,105,1,0
12,350,21.000000,0.000000,0,5,9592379,1176,10,1047,10,0,105,1,0
12,350,21.000000,0.000000,0,5,9592381,1175,10,1046,10,0,105,1,0
12,350,21.000000,0.000000,0,5,9592384,1174,10,1045,10,0,105,1,0
12,350,21.000000,0.000000,0,5,9592386,1173,10,1044,10,0,105,1,0
12,350,21.000000,0.000000,0,5,9592389,1171,10,1042,10,0,105,1,0
12,350,21.000000,0.000000,0,5,9592392,1170,10,1041,10,0,105,1,0
12,350,21.000000,0.000000,0,5,9592395,1170,9,1041,9,0,105,1,0
12,350,21.000000,0.000000,0,5,9592398,1169,9,1040,9,0,105,1,0
12,350,21.000000,0.000000,0,5,9592401,1168,9,1039,9,0,105,1,0
12,350,21.000000,0.000000,0,5,9592404,1168,9,1039,9,0,105,1,0
12,350,21.000000,0.000000,0,5,9592406,1168,9,1039,9,0,105,1,0
12,350,21.000000,0.000000,0,5,9592409,1167,9,1038,9,0,105,1,0
12,350,21.000000,0.000000,0,5,9592412,1167,9,1038,9,0,105,1,0
12,350,21.000000,0.000000,0,5,9592415,1167,9,1038,9,0,105,1,0
12,350,21.000000,0.000000,0,5,9592417,1167,9,1038,9,0,105,1,0
12,350,21.000000,0.000000,0,5,9592420,1167,9,1038,9,0,105,1,0
12,350,21.000000,0.000000,0,5,9592423,1167,8,1038,8,0,105,1,0
12,350,21.000000,0.000000,0,5,9592426,1166,8,1037,8,0,105,1,0
12,350,21.000000,0.000000,0,5,9592429,1165,8,1036,8,0,105,1,0
12,350,21.000000,0.000000,0,5,9592432,1163,8,1034,8,0,105,1,0
12,350,21.000000,0.000000,0,5,9592434,1162,8,1033,8,0,105,1,0
12,350,21.000000,0.000000,0,5,9592437,1161,8,1032,8,0,105,1,0
12,350,21.000000,0.000000,0,5,9592440,1160,8,1031,8,0,105,1,0
12,350,21.000000,0.000000,0,5,9592442,1159,8,1030,8,0,105,1,0
12,350,21.000000,0.000000,0,5,9592445,1157,8,1028,8,0,105,1,0
12,350,21.000000,0.000000,0,5,9592448,1156,8,1027,8,0,105,1,0
12,350,21.000000,0.000000,0,5,9592451,1155,8,1026,8,0,105,1,0
12,350,21.000000,0.000000,0,5,9592454,1154,8,1025,8,0,105,1,0
12,350,21.000000,0.000000,0,5,9592456,1153,8,1024,8,0,105,1,0
12,350,21.000000,0.000000,0,5,9592459,1152,8,1023,8,0,105,1,0
12,350,21.000000,0.000000,0,5,9592462,1151,8,1022,8,0,105,1,0
12,350,21.000000,0.000000,0,5,9592464,1149,8,1020,8,0,105,1,0
12,350,21.000000,0.000000,0,5,9592467,1148,8,1019,8,0,105,1,0
12,350,21.000000,0.000000,0,5,9592470,1147,8,1018,8,0,105,1,0
12,350,21.000000,0.000000,0,5,9592473,1146,8,1017,8,0,105,1,0
12,350,21.000000,0.000000,0,5,9592475,1144,8,1015,8,0,105,1,0
12,350,21.000000,0.000000,0,5,9592478,1143,8,1014,8,0,105,1,0
12,350,21.000000,0.000000,0,5,9592481,1142,8,1013,8,0,105,1,0
12,350,21.000000,0.000000,0,5,9592484,1141,8,1012,8,0,105,1,0
12,350,21.000000,0.000000,0,5,9592487,1141,8,1012,8,0,105,1,0
12,350,21.000000,0.000000,0,5,9592489,1141,8,1012,8,0,105,1,0
12,350,21.000000,0.000000,0,5,9592492,1141,8,1012,8,0,105,1,0
12,350,21.000000,0.000000,0,5,9592495,1141,8,1012,8,0,105,1,0
12,350,21.000000,0.000000,0,5,9592498,1141,8,1012,8,0,105,1,0
12,350,21.000000,0.000000,0,5,9592500,1141,8,1012,8,0,105,1,0
12,350,21.000000,0.000000,0,5,9592503,1141,8,1012,8,0,105,1,0
12,350,21.000000,0.000000,0,5,9592506,1141,8,1012,8,0,105,1,0
12,350,21.000000,0.000000,0,5,9592509,1141,8,1012,8,0,105,1,0
12,350,21.000000,0.000000,0,5,9592512,1141,8,1012,8,0,105,1,0
12,350,21.000000,0.000000,0,5,9592514,1141,8,1012,8,0,105,1,0
12,350,21.000000,0.000000,0,5,9592517,1141,8,1012,8,0,105,1,0
12,350,21.000000,0.000000,0,5,9592520,1141,8,1012,8,0,105,1,0
12,350,21.000000,0.000000,0,5,9592523,1141,8,1012,8,0,105,1,0
12,350,21.000000,0.000000,0,5,9592526,1141,8,1012,8,0,105,1,0
12,350,21.000000,0.000000,0,5,9592528,1141,8,1012,8,0,105,1,0
12,350,21.000000,0.000000,0,5,9592531,1141,8,1012,8,0,105,1,0
12,350,21.000000,0.000000,0,5,9592534,1141,8,1012,8,0,105,1,0
12,350,21.000000,0.000000,0,5,9592537,1141,8,1012,8,0,105,1,0
12,350,21.000000,0.000000,0,5,9592540,1141,8,1012,8,0,105,1,0
12,350,21.000000,0.000000,0,5,9592542,1141,8,1012,8,0,105,1,0
12,350,21.000000,0.000000,0,5,9592545,1141,8,1012,8,0,105,1,0
12,350,21.000000,0.000000,0,5,9592548,1141,8,1012,8,0,105,1,0
12,350,21.000000,0.000000,0,5,9592551,1141,8,1012,8,0,105,1,0
12,350,21.000000,0.000000,0,5,9592554,1141,8,1012,8,0,105,1,0
12,350,21.000000,0.000000,0,5,9592556,1141,8,1012,8,0,105,1,0
12,350,21.000000,0.000000,0,5,9592559,1141,8,1012,8,0,105,1,0
12,350,21.000000,0.000000,0,5,9592562,1141,8,1012,8,0,105,1,0
12,350,21.000000,0.000000,0,5,9592565,1141,8,1012,8,0,105,1,0
12,350,21.000000,0.000000,0,5,9592567,1141,8,1012,8,0,105,1,0
12,350,21.000000,0.000000,0,5,9592570,1141,8,1012,8,0,105,1,0
12,350,21.000000,0.000000,0,5,9592573,1141,8,1012,8,0,105,1,0
12,350,21.000000,0.000000,0,5,9592576,1141,8,1012,8,0,105,1,0
12,350,21.000000,0.000000,0,5,9592579,1141,8,1012,8,0,105,1,0
12,350,21.000000,0.000000,0,5,9592581,1141,8,1012,8,0,105,1,0
12,350,21.000000,0.000000,0,5,9592584,1141,8,1012,8,0,105,1,0
12,350,21.000000,0.000000,0,5,9592587,1141,8,1012,8,0,105,1,0
12,350,21.000000,0.000000,0,5,9592590,1141,8,1012,8,0,105,1,0
12,350,21.000000,0.000000,0,5,9592592,1141,8,1012,8,0,105,1,0
12,350,21.000000,0.000000,0,5,9592595,1141,8,1012,8,0,105,1,0
12,350,21.000000,0.000000,0,5,9592598,1141,8,1012,8,0,105,1,0
12,350,21.000000,0.000000,0,5,9592601,1141,8,1012,8,0,105,1,0
12,350,21.000000,0.000000,0,5,9592612,1141,8,1012,8,0,105,1,0
