12,700,21.000000,10000.000000,0,0,10142681,611,1,611,1,0,159,1,0
12,700,21.000000,10000.000000,0,0,10142681,611,1,611,1,0,159,1,0
12,700,21.000000,10000.000000,0,0,10142684,611,1,611,1,0,159,1,0
12,700,21.000000,10000.000000,0,0,10142687,611,1,611,1,0,159,1,0
12,700,21.000000,10000.000000,0,0,10142690,611,1,611,1,0,159,1,0
12,700,21.000000,10000.000000,0,0,10142692,611,1,611,1,0,159,1,0
12,700,21.000000,10000.000000,0,0,10142695,611,1,611,1,0,159,1,0
12,700,21.000000,10000.000000,0,0,10142698,611,1,611,1,0,159,1,0
12,700,21.000000,10000.000000,0,0,10142701,611,1,611,1,0,159,1,0
12,700,21.000000,10000.000000,0,0,10142704,611,1,611,1,0,159,1,0
12,700,21.000000,10000.000000,0,0,10142707,611,1,611,1,0,159,1,0
12,700,21.000000,10000.000000,0,0,10142709,611,1,611,1,0,159,1,0
12,700,21.000000,10000.000000,0,0,10142712,611,1,611,1,0,159,1,0
12,700,21.000000,10000.000000,0,0,10142715,611,1,611,1,0,159,1,0
12,700,21.000000,10000.000000,0,0,10142717,611,1,611,1,0,159,1,0
12,700,21.000000,10000.000000,0,0,10142720,611,1,611,1,0,159,1,0
12,700,21.000000,10000.000000,0,0,10142723,611,1,611,1,0,159,1,0
12,700,21.000000,10000.000000,0,0,10142726,611,1,611,1,0,159,1,0
12,700,21.000000,10000.000000,0,0,10142729,611,1,611,1,0,159,1,0
12,700,21.000000,10000.000000,0,0,10142731,611,1,611,1,0,159,1,0
12,700,21.000000,10000.000000,0,0,10142734,611,1,611,1,0,159,1,0
12,700,21.000000,10000.000000,0,0,10142737,611,1,611,1,0,159,1,0
12,700,21.000000,10000.000000,0,0,10142740,611,1,611,1,0,159,1,0
12,700,21.000000,10000.000000,0,0,10142743,611,1,611,1,0,159,1,0
12,700,21.000000,10000.000000,0,0,10142745,611,1,611,1,0,159,1,0
12,700,21.000000,10000.000000,0,0,10142748,611,1,611,1,0,159,1,0
12,700,21.000000,10000.000000,0,0,10142751,611,1,611,1,0,159,1,0
12,700,21.000000,10000.000000,0,0,10142754,611,1,611,1,0,159,1,0
12,700,21.000000,10000.000000,0,0,10142756,611,1,611,1,0,159,1,0
12,700,21.000000,10000.000000,0,0,10142759,611,1,611,1,0,159,1,0
12,700,21.000000,10000.000000,0,0,10142762,611,1,611,1,0,159,1,0
12,700,21.000000,10000.000000,0,0,10142765,611,1,611,1,0,159,1,0
12,700,21.000000,10000.000000,0,0,10142767,611,1,611,1,0,159,1,0
12,700,21.000000,10000.000000,0,0,10142770,611,1,611,1,0,159,1,0
12,700,21.000000,10000.000000,0,0,10142773,611,1,611,1,0,159,1,0
12,700,21.000000,10000.000000,0,0,10142776,611,1,611,1,0,159,1,0
12,700,21.000000,10000.000000,0,0,10142779,611,1,611,1,0,159,1,0
12,700,21.000000,10000.000000,0,0,10142782,611,1,611,1,0,159,1,0
12,700,21.000000,10000.000000,0,0,10142784,611,1,611,1,0,159,1,0
12,700,21.000000,10000.000000,0,0,10142787,611,1,611,1,0,159,1,0
12,700,21.000000,10000.000000,0,0,10142790,612,1,612,1,0,159,1,0
12,700,21.000000,10000.000000,0,0,10142793,613,1,613,1,0,159,1,0
12,700,21.000000,10000.000000,0,0,10142795,614,1,614,1,0,159,1,0
12,700,21.000000,10000.000000,0,0,10142798,615,1,615,1,0,159,1,0
12,700,21.000000,10000.000000,0,0,10142801,616,1,616,1,0,159,1,0
12,700,21.000000,10000.000000,0,0,10142804,617,1,617,1,0,159,1,0
12,700,21.000000,10000.000000,0,0,10142807,618,1,618,1,0,159,1,0
12,700,21.000000,10000.000000,0,0,10142809,619,1,619,1,0,159,1,0
12,700,21.000000,10000.000000,0,0,10142812,621,1,621,1,0,159,1,0
12,700,21.000000,10000.000000,0,0,10142815,622,1,622,1,0,159,1,0
12,700,21.000000,10000.000000,0,0,10142818,623,1,623,1,0,159,1,0
12,700,21.000000,10000.000000,0,0,10142820,625,1,625,1,0,159,1,0
12,700,21.000000,10000.000000,0,0,10142823,627,1,627,1,0,159,1,0
12,700,21.000000,10000.000000,0,0,10142826,630,1,630,1,0,159,1,0
12,700,21.000000,10000.000000,0,0,10142829,634,1,634,1,0,159,1,0
12,700,21.000000,10000.000000,0,0,10142832,640,1,640,1,0,159,1,0
12,700,21.000000,10000.000000,0,0,10142834,646,1,646,1,0,159,1,0
12,700,21.000000,10000.000000,0,0,10142837,652,1,652,1,0,159,1,0
12,700,21.000000,10000.000000,0,0,10142840,660,1,660,1,0,159,1,0
12,700,21.000000,10000.000000,0,0,10142843,668,1,668,1,0,159,1,0
12,700,21.000000,10000.000000,0,0,10142845,678,1,678,1,0,159,1,0
12,700,21.000000,10000.000000,0,0,10142848,693,1,693,1,0,159,1,0
12,700,21.000000,10000.000000,0,0,10142851,709,1,709,1,0,159,1,0
12,700,21.000000,10000.000000,0,0,10142854,720,1,720,1,0,159,1,0
12,700,21.000000,10000.000000,0,0,10142857,738,1,738,1,0,159,1,0
12,700,21.000000,10000.000000,0,0,10142859,762,2,762,2,0,159,1,0
12,700,21.000000,10000.000000,0,0,10142862,777,3,777,3,0,159,1,0
12,700,21.000000,10000.000000,0,0,10142865,803,4,803,4,0,159,1,0
12,700,21.000000,10000.000000,0,0,10142868,816,5,816,5,0,159,1,0
12,700,21.000000,10000.000000,0,0,10142870,845,7,845,7,0,159,1,0
12,700,21.000000,10000.000000,0,0,10142873,879,9,879,9,0,159,1,0
12,700,21.000000,10000.000000,0,0,10142876,889,9,889,9,0,159,1,0
12,700,21.000000,10000.000000,0,0,10142879,918,11,918,11,0,159,1,0
12,700,21.000000,10000.000000,0,0,10142882,942,13,942,13,0,159,1,0
12,700,21.000000,10000.000000,0,0,10142884,965,15,965,15,0,159,1,0
12,700,21.000000,10000.000000,0,0,10142887,994,16,994,16,0,159,1,0
12,700,21.000000,10000.000000,0,0,10142890,1020,19,1020,19,0,159,1,0
12,700,21.000000,10000.000000,0,0,10142893,1052,20,1052,20,0,159,1,0
12,700,21.000000,10000.000000,0,0,10142896,1081,21,1081,21,0,159,1,0
12,700,21.000000,10000.000000,0,0,10142898,1107,22,1107,22,0,159,1,0
12,700,21.000000,10000.000000,0,0,10142901,1125,23,1125,23,0,159,1,0
12,700,21.000000,10000.000000,0,0,10142904,1154,26,1154,26,0,159,1,0
12,700,21.000000,10000.000000,0,0,10142907,1173,27,1173,27,0,159,1,0
12,700,21.000000,10000.000000,0,0,10142909,1193,28,1193,28,0,159,1,0
12,700,21.000000,10000.000000,0,0,10142912,1213,29,1213,29,0,159,1,0
12,700,21.000000,10000.000000,0,0,10142915,1229,30,1229,30,0,159,1,0
12,700,21.000000,10000.000000,0,0,10142918,1246,31,1246,31,0,159,1,0
12,700,21.000000,10000.000000,0,0,10142921,1265,32,1265,32,0,159,1,0
12,700,21.000000,10000.000000,0,0,10142923,1276,32,1276,32,0,159,1,0
12,700,21.000000,10000.000000,0,0,10142926,1285,32,1285,32,0,159,1,0
12,700,21.000000,10000.000000,0,0,10142929,1299,33,1299,33,0,159,1,0
12,700,21.000000,10000.000000,0,0,10142932,1304,33,1304,33,0,159,1,0
12,700,21.000000,10000.000000,0,0,10142935,1312,33,1312,33,0,159,1,0
12,700,21.000000,10000.000000,0,0,10142937,1320,33,1320,33,0,159,1,0
12,700,21.000000,10000.000000,0,0,10142940,1326,33,1326,33,0,159,1,0
12,700,21.000000,10000.000000,0,0,10142943,1331,33,1331,33,0,159,1,0
12,700,21.000000,10000.000000,0,0,10142946,1337,33,1337,33,0,159,1,0
12,700,21.000000,10000.000000,0,0,10142948,1341,33,1341,33,0,159,1,0
12,700,21.000000,10000.000000,0,0,10142951,1345,33,1345,33,0,159,1,0
12,700,21.000000,10000.000000,0,0,10142954,1348,33,1348,33,0,159,1,0
12,700,21.000000,10000.000000,0,0,10142957,1352,33,1352,33,0,159,1,0
12,700,21.000000,10000.000000,0,0,10142960,1355,33,1355,33,0,159,1,0
12,700,21.000000,10000.000000,0,0,10142962,1358,33,1358,33,0,159,1,0
12,700,21.000000,10000.000000,0,0,10142965,1360,33,1360,33,0,159,1,0
12,700,21.000000,10000.000000,0,0,10142968,1361,32,1361,32,0,159,1,0
12,700,21.000000,10000.000000,0,0,10142971,1362,32,1362,32,0,159,1,0
12,700,21.000000,10000.000000,0,0,10142973,1364,32,1364,32,0,159,1,0
12,700,21.000000,10000.000000,0,0,10142976,1365,32,1365,32,0,159,1,0
12,700,21.000000,10000.000000,0,0,10142979,1365,31,1365,31,0,159,1,0
12,700,21.000000,10000.000000,0,0,10142982,1366,31,1366,31,0,159,1,0
12,700,21.000000,10000.000000,0,0,10142985,1367,31,1367,31,0,159,1,0
12,700,21.000000,10000.000000,0,0,10142987,1367,31,1367,31,0,159,1,0
12,700,21.000000,10000.000000,0,0,10142990,1367,31,1367,31,0,159,1,0
12,700,21.000000,10000.000000,0,0,10142993,1367,31,1367,31,0,159,1,0
12,700,21.000000,10000.000000,0,0,10142996,1367,31,1367,31,0,159,1,0
12,700,21.000000,10000.000000,0,0,10142999,1367,31,1367,31,0,159,1,0
12,700,21.000000,10000.000000,0,0,10143001,1367,31,1367,31,0,159,1,0
12,700,21.000000,10000.000000,0,0,10143004,1367,31,1367,31,0,159,1,0
12,700,21.000000,10000.000000,0,0,10143007,1367,31,1367,31,0,159,1,0
12,700,21.000000,10000.000000,0,0,10143010,1367,31,1367,31,0,159,1,0
12,700,21.000000,10000.000000,0,0,10143012,1367,31,1367,31,0,159,1,0
12,700,21.000000,10000.000000,0,0,10143015,1367,31,1367,31,0,159,1,0
12,700,21.000000,10000.000000,0,0,10143018,1367,31,1367,31,0,159,1,0
12,700,21.000000,10000.000000,0,0,10143021,1367,31,1367,31,0,159,1,0
12,700,21.000000,10000.000000,0,0,10143024,1367,31,1367,31,0,159,1,0
12,700,21.000000,10000.000000,0,0,10143026,1367,30,1367,30,0,159,1,0
12,700,21.000000,10000.000000,0,0,10143029,1367,29,1367,29,0,159,1,0
12,700,21.000000,10000.000000,0,0,10143032,1367,29,1367,29,0,159,1,0
12,700,21.000000,10000.000000,0,0,10143035,1367,29,1367,29,0,159,1,0
12,700,21.000000,10000.000000,0,0,10143038,1367,29,1367,29,0,159,1,0
12,700,21.000000,10000.000000,0,0,10143040,1367,29,1367,29,0,159,1,0
12,700,21.000000,10000.000000,0,0,10143043,1367,29,1367,29,0,159,1,0
12,700,21.000000,10000.000000,0,0,10143046,1367,28,1367,28,0,159,1,0
12,700,21.000000,10000.000000,0,0,10143049,1367,27,1367,27,0,159,1,0
12,700,21.000000,10000.000000,0,0,10143051,1367,27,1367,27,0,159,1,0
12,700,21.000000,10000.000000,0,0,10143054,1367,27,1367,27,0,159,1,0
12,700,21.000000,10000.000000,0,0,10143057,1367,26,1367,26,0,159,1,0
12,700,21.000000,10000.000000,0,0,10143060,1367,25,1367,25,0,159,1,0
12,700,21.000000,10000.000000,0,0,10143062,1367,25,1367,25,0,159,1,0
12,700,21.000000,10000.000000,0,0,10143065,1367,25,1367,25,0,159,1,0
12,700,21.000000,10000.000000,0,0,10143068,1367,24,1367,24,0,159,1,0
12,700,21.000000,10000.000000,0,0,10143071,1367,23,1367,23,0,159,1,0
12,700,21.000000,10000.000000,0,0,10143074,1367,23,1367,23,0,159,1,0
12,700,21.000000,10000.000000,0,0,10143076,1367,23,1367,23,0,159,1,0
12,700,21.000000,10000.000000,0,0,10143079,1367,22,1367,22,0,159,1,0
12,700,21.000000,10000.000000,0,0,10143082,1367,21,1367,21,0,159,1,0
12,700,21.000000,10000.000000,0,0,10143085,1367,21,1367,21,0,159,1,0
12,700,21.000000,10000.000000,0,0,10143088,1367,21,1367,21,0,159,1,0
12,700,21.000000,10000.000000,0,0,10143090,1367,20,1367,20,0,159,1,0
12,700,21.000000,10000.000000,0,0,10143093,1367,19,1367,19,0,159,1,0
12,700,21.000000,10000.000000,0,0,10143096,1367,18,1367,18,0,159,1,0
12,700,21.000000,10000.000000,0,0,10143099,1367,18,1367,18,0,159,1,0
12,700,21.000000,10000.000000,0,0,10143101,1366,18,1366,18,0,159,1,0
12,700,21.000000,10000.000000,0,0,10143104,1365,17,1365,17,0,159,1,0
12,700,21.000000,10000.000000,0,0,10143107,1364,16,1364,16,0,159,1,0
12,700,21.000000,10000.000000,0,0,10143110,1363,16,1363,16,0,159,1,0
12,700,21.000000,10000.000000,0,0,10143112,1363,15,1363,15,0,159,1,0
12,700,21.000000,10000.000000,0,0,10143115,1362,15,1362,15,0,159,1,0
12,700,21.000000,10000.000000,0,0,10143118,1361,15,1361,15,0,159,1,0
12,700,21.000000,10000.000000,0,0,10143121,1360,15,1360,15,0,159,1,0
12,700,21.000000,10000.000000,0,0,10143124,1359,15,1359,15,0,159,1,0
12,700,21.000000,10000.000000,0,0,10143126,1357,15,1357,15,0,159,1,0
12,700,21.000000,10000.000000,0,0,10143129,1355,14,1355,14,0,159,1,0
12,700,21.000000,10000.000000,0,0,10143132,1354,14,1354,14,0,159,1,0
12,700,21.000000,10000.000000,0,0,10143135,1352,13,1352,13,0,159,1,0
12,700,21.000000,10000.000000,0,0,10143138,1351,12,1351,12,0,159,1,0
12,700,21.000000,10000.000000,0,0,10143140,1350,12,1350,12,0,159,1,0
12,700,21.000000,10000.000000,0,0,10143143,1350,11,1350,11,0,159,1,0
12,700,21.000000,10000.000000,0,0,10143146,1349,10,1349,10,0,159,1,0
12,700,21.000000,10000.000000,0,0,10143149,1348,9,1348,9,0,159,1,0
12,700,21.000000,10000.000000,0,0,10143151,1347,9,1347,9,0,159,1,0
12,700,21.000000,10000.000000,0,0,10143154,1346,9,1346,9,0,159,1,0
12,700,21.000000,10000.000000,0,0,10143157,1346,8,1346,8,0,159,1,0
12,700,21.000000,10000.000000,0,0,10143160,1346,7,1346,7,0,159,1,0
12,700,21.000000,10000.000000,0,0,10143163,1346,7,1346,7,0,159,1,0
12,700,21.000000,10000.000000,0,0,10143165,1346,7,1346,7,0,159,1,0
12,700,21.000000,10000.000000,0,0,10143168,1346,6,1346,6,0,159,1,0
12,700,21.000000,10000.000000,0,0,10143171,1346,5,1346,5,0,159,1,0
12,700,21.000000,10000.000000,0,0,10143174,1346,4,1346,4,0,159,1,0
12,700,21.000000,10000.000000,0,0,10143176,1345,3,1345,3,0,159,1,0
12,700,21.000000,10000.000000,0,0,10143179,1345,3,1345,3,0,159,1,0
12,700,21.000000,10000.000000,0,0,10143182,1345,3,1345,3,0,159,1,0
12,700,21.000000,10000.000000,0,0,10143185,1345,3,1345,3,0,159,1,0
12,700,21.000000,10000.000000,0,0,10143188,1345,2,1345,2,0,159,1,0
12,700,21.000000,10000.000000,0,0,10143190,1344,2,1344,2,0,159,1,0
12,700,21.000000,10000.000000,0,0,10143193,1343,2,1343,2,0,159,1,0
12,700,21.000000,10000.000000,0,0,10143196,1343,2,1343,2,0,159,1,0
12,700,21.000000,10000.000000,0,0,10143199,1342,2,1342,2,0,159,1,0
12,700,21.000000,10000.000000,0,0,10143202,1340,1,1340,1,0,159,1,0
12,700,21.000000,10000.000000,0,0,10143204,1339,1,1339,1,0,159,1,0
12,700,21.000000,10000.000000,0,0,10143207,1338,1,1338,1,0,159,1,0
12,700,21.000000,10000.000000,0,0,10143210,1337,0,1337,0,0,159,1,0
12,700,21.000000,10000.000000,0,0,10143213,1336,0,1336,0,0,159,1,0
12,700,21.000000,10000.000000,0,0,10143215,1335,0,1335,0,0,159,1,0
12,700,21.000000,10000.000000,0,0,10143218,1334,0,1334,-1,0,159,1,0
12,700,21.000000,10000.000000,0,0,10143221,1333,0,1333,-1,0,159,1,0
12,700,21.000000,10000.000000,0,0,10143224,1332,0,1332,-1,0,159,1,0
12,700,21.000000,10000.000000,0,0,10143227,1331,0,1331,-2,0,159,1,0
12,700,21.000000,10000.000000,0,0,10143229,1330,0,1330,-3,0,159,1,0
12,700,21.000000,10000.000000,0,0,10143232,1329,0,1329,-3,0,159,1,0
12,700,21.000000,10000.000000,0,0,10143235,1328,0,1328,-3,0,159,1,0
12,700,21.000000,10000.000000,0,0,10143238,1328,0,1328,-4,0,159,1,0
12,700,21.000000,10000.000000,0,0,10143240,1328,0,1328,-4,0,159,1,0
12,700,21.000000,10000.000000,0,0,10143243,1328,0,1328,-4,0,159,1,0
12,700,21.000000,10000.000000,0,0,10143246,1327,0,1327,-4,0,159,1,0
12,700,21.000000,10000.000000,0,0,10143249,1327,0,1327,-4,0,159,1,0
12,700,21.000000,10000.000000,0,0,10143251,1327,0,1327,-4,0,159,1,0
12,700,21.000000,10000.000000,0,0,10143254,1327,0,1327,-4,0,159,1,0
12,700,21.000000,10000.000000,0,0,10143257,1327,0,1327,-4,0,159,1,0
12,700,21.000000,10000.000000,0,0,10143260,1327,0,1327,-4,0,159,1,0
12,700,21.000000,10000.000000,0,0,10143263,1327,0,1327,-4,0,159,1,0
12,700,21.000000,10000.000000,0,0,10143265,1327,0,1327,-4,0,159,1,0
12,700,21.000000,10000.000000,0,0,10143268,1327,0,1327,-4,0,159,1,0
12,700,21.000000,10000.000000,0,0,10143271,1327,0,1327,-4,0,159,1,0
12,700,21.000000,10000.000000,0,0,10143273,1327,0,1327,-4,0,159,1,0
12,700,21.000000,10000.000000,0,0,10143276,1327,0,1327,-4,0,159,1,0
12,700,21.000000,10000.000000,0,0,10143279,1327,0,1327,-4,0,159,1,0
12,700,21.000000,10000.000000,0,0,10143282,1327,0,1327,-4,0,159,1,0
12,700,21.000000,10000.000000,0,0,10143285,1327,0,1327,-4,0,159,1,0
12,700,21.000000,10000.000000,0,0,10143288,1327,0,1327,-4,0,159,1,0
12,700,21.000000,10000.000000,0,0,10143290,1327,0,1327,-4,0,159,1,0
12,700,21.000000,10000.000000,0,0,10143293,1326,0,1326,-4,0,159,1,0
12,700,21.000000,10000.000000,0,0,10143296,1326,0,1326,-5,0,159,1,0
12,700,21.000000,10000.000000,0,0,10143298,1325,0,1325,-5,0,159,1,0
12,700,21.000000,10000.000000,0,0,10143301,1324,0,1324,-5,0,159,1,0
12,700,21.000000,10000.000000,0,0,10143304,1323,0,1323,-5,0,159,1,0
12,700,21.000000,10000.000000,0,0,10143307,1322,0,1322,-5,0,159,1,0
12,700,21.000000,10000.000000,0,0,10143310,1321,0,1321,-6,0,159,1,0
12,700,21.000000,10000.000000,0,0,10143313,1320,0,1320,-6,0,159,1,0
12,700,21.000000,10000.000000,0,0,10143315,1319,0,1319,-6,0,159,1,0
12,700,21.000000,10000.000000,0,0,10143318,1318,0,1318,-6,0,159,1,0
12,700,21.000000,10000.000000,0,0,10143321,1317,0,1317,-7,0,159,1,0
12,700,21.000000,10000.000000,0,0,10143324,1316,0,1316,-7,0,159,1,0
12,700,21.000000,10000.000000,0,0,10143326,1315,0,1315,-7,0,159,1,0
12,700,21.000000,10000.000000,0,0,10143329,1314,0,1314,-7,0,159,1,0
12,700,21.000000,10000.000000,0,0,10143332,1313,0,1313,-7,0,159,1,0
12,700,21.000000,10000.000000,0,0,10143335,1313,0,1313,-7,0,159,1,0
12,700,21.000000,10000.000000,0,0,10143337,1313,0,1313,-7,0,159,1,0
12,700,21.000000,10000.000000,0,0,10143340,1313,0,1313,-7,0,159,1,0
12,700,21.000000,10000.000000,0,0,10143343,1313,0,1313,-7,0,159,1,0
12,700,21.000000,10000.000000,0,0,10143346,1313,0,1313,-7,0,159,1,0
12,700,21.000000,10000.000000,0,0,10143349,1313,0,1313,-7,0,159,1,0
12,700,21.000000,10000.000000,0,0,10143351,1313,0,1313,-7,0,159,1,0
12,700,21.000000,10000.000000,0,0,10143354,1313,0,1313,-8,0,159,1,0
12,700,21.000000,10000.000000,0,0,10143357,1313,0,1313,-9,0,159,1,0
12,700,21.000000,10000.000000,0,0,10143360,1313,0,1313,-9,0,159,1,0
12,700,21.000000,10000.000000,0,0,10143362,1313,0,1313,-9,0,159,1,0
12,700,21.000000,10000.000000,0,0,10143365,1313,0,1313,-9,0,159,1,0
12,700,21.000000,10000.000000,0,0,10143368,1313,0,1313,-9,0,159,1,0
12,700,21.000000,10000.000000,0,0,10143371,1313,0,1313,-9,0,159,1,0
12,700,21.000000,10000.000000,0,0,10143373,1313,0,1313,-9,0,159,1,0
12,700,21.000000,10000.000000,0,0,10143376,1313,0,1313,-9,0,159,1,0
12,700,21.000000,10000.000000,0,0,10143379,1313,0,1313,-9,0,159,1,0
12,700,21.000000,10000.000000,0,0,10143382,1313,0,1313,-9,0,159,1,0
12,700,21.000000,10000.000000,0,0,10143385,1313,0,1313,-9,0,159,1,0
12,700,21.000000,10000.000000,0,0,10143387,1313,0,1313,-9,0,159,1,0
12,700,21.000000,10000.000000,0,0,10143390,1313,0,1313,-9,0,159,1,0
12,700,21.000000,10000.000000,0,0,10143394,1313,0,1313,-9,0,159,1,0
12,700,21.000000,10000.000000,0,0,10143396,1313,0,1313,-9,0,159,1,0
12,700,21.000000,10000.000000,0,0,10143399,1313,0,1313,-9,0,159,1,0
12,700,21.000000,10000.000000,0,0,10143402,1313,0,1313,-9,0,159,1,0
12,700,21.000000,10000.000000,0,0,10143404,1313,0,1313,-9,0,159,1,0
12,700,21.000000,10000.000000,0,0,10143407,1313,0,1313,-9,0,159,1,0
12,700,21.000000,10000.000000,0,0,10143420,1313,0,1313,-9,0,159,1,0
