12,350,21.000000,0.000000,1,0,9859119,796,11,796,11,0,131,3,0
12,350,21.000000,0.000000,1,0,9859120,796,11,796,11,0,131,3,0
12,350,21.000000,0.000000,1,0,9859123,796,11,796,11,0,131,3,0
12,350,21.000000,0.000000,1,0,9859125,796,11,796,11,0,131,3,0
12,350,21.000000,0.000000,1,0,9859128,796,11,796,11,0,131,3,0
12,350,21.000000,0.000000,1,0,9859131,796,11,796,11,0,131,3,0
12,350,21.000000,0.000000,1,0,9859134,796,11,796,11,0,131,3,0
12,350,21.000000,0.000000,1,0,9859136,796,11,796,11,0,131,3,0
12,350,21.000000,0.000000,1,0,9859140,796,11,796,11,0,131,3,0
12,350,21.000000,0.000000,1,0,9859142,796,11,796,11,0,131,3,0
12,350,21.000000,0.000000,1,0,9859145,796,11,796,11,0,131,3,0
12,350,21.000000,0.000000,1,0,9859148,796,11,796,11,0,131,3,0
12,350,21.000000,0.000000,1,0,9859151,796,11,796,11,0,131,3,0
12,350,21.000000,0.000000,1,0,9859153,796,11,796,11,0,131,3,0
12,350,21.000000,0.000000,1,0,9859156,796,11,796,11,0,131,3,0
12,350,21.000000,0.000000,1,0,9859159,796,11,796,11,0,131,3,0
12,350,21.000000,0.000000,1,0,9859161,796,11,796,11,0,131,3,0
12,350,21.000000,0.000000,1,0,9859165,796,11,796,11,0,131,3,0
12,350,21.000000,0.000000,1,0,9859168,796,11,796,11,0,131,3,0
12,350,21.000000,0.000000,1,0,9859170,796,11,796,11,0,131,3,0
12,350,21.000000,0.000000,1,0,9859173,796,11,796,11,0,131,3,0
12,350,21.000000,0.000000,1,0,9859176,796,11,796,11,0,131,3,0
12,350,21.000000,0.000000,1,0,9859179,796,11,796,11,0,131,3,0
12,350,21.000000,0.000000,1,0,9859181,796,11,796,11,0,131,3,0
12,350,21.000000,0.000000,1,0,9859184,796,11,796,11,0,131,3,0
12,350,21.000000,0.000000,1,0,9859187,796,11,796,11,0,131,3,0
12,350,21.000000,0.000000,1,0,9859190,796,11,796,11,0,131,3,0
12,350,21.000000,0.000000,1,0,9859192,796,11,796,11,0,131,3,0
12,350,21.000000,0.000000,1,0,9859195,796,11,796,11,0,131,3,0
12,350,21.000000,0.000000,1,0,9859198,796,11,796,11,0,131,3,0
12,350,21.000000,0.000000,1,0,9859201,796,11,796,11,0,131,3,0
12,350,21.000000,0.000000,1,0,9859204,796,11,796,11,0,131,3,0
12,350,21.000000,0.000000,1,0,9859206,796,11,796,11,0,131,3,0
12,350,21.000000,0.000000,1,0,9859209,796,11,796,11,0,131,3,0
12,350,21.000000,0.000000,1,0,9859212,796,11,796,11,0,131,3,0
12,350,21.000000,0.000000,1,0,9859215,796,11,796,11,0,131,3,0
12,350,21.000000,0.000000,1,0,9859217,796,11,796,11,0,131,3,0
12,350,21.000000,0.000000,1,0,9859220,796,11,796,11,0,131,3,0
12,350,21.000000,0.000000,1,0,9859223,796,11,796,11,0,131,3,0
12,350,21.000000,0.000000,1,0,9859226,796,11,796,11,0,131,3,0
12,350,21.000000,0.000000,1,0,9859229,796,11,796,11,0,131,3,0
12,350,21.000000,0.000000,1,0,9859231,796,11,796,11,0,131,3,0
12,350,21.000000,0.000000,1,0,9859234,796,11,796,11,0,131,3,0
12,350,21.000000,0.000000,1,0,9859237,796,11,796,11,0,131,3,0
12,350,21.000000,0.000000,1,0,9859240,796,11,796,11,0,131,3,0
12,350,21.000000,0.000000,1,0,9859243,796,11,796,11,0,131,3,0
12,350,21.000000,0.000000,1,0,9859245,796,11,796,11,0,131,3,0
12,350,21.000000,0.000000,1,0,9859248,796,11,796,11,0,131,3,0
12,350,21.000000,0.000000,1,0,9859251,796,11,796,11,0,131,3,0
12,350,21.000000,0.000000,1,0,9859254,797,11,797,11,0,131,3,0
12,350,21.000000,0.000000,1,0,9859256,798,11,798,11,0,131,3,0
12,350,21.000000,0.000000,1,0,9859259,799,11,799,11,0,131,3,0
12,350,21.000000,0.000000,1,0,9859262,800,12,800,12,0,131,3,0
12,350,21.000000,0.000000,1,0,9859264,801,12,801,12,0,131,3,0
12,350,21.000000,0.000000,1,0,9859267,802,12,802,12,0,131,3,0
12,350,21.000000,0.000000,1,0,9859270,804,13,804,13,0,131,3,0
12,350,21.000000,0.000000,1,0,9859273,806,14,806,14,0,131,3,0
12,350,21.000000,0.000000,1,0,9859276,808,14,808,14,0,131,3,0
12,350,21.000000,0.000000,1,0,9859278,810,15,810,15,0,131,3,0
12,350,21.000000,0.000000,1,0,9859281,813,16,813,16,0,131,3,0
12,350,21.000000,0.000000,1,0,9859284,817,17,817,17,0,131,3,0
12,350,21.000000,0.000000,1,0,9859287,821,18,821,18,0,131,3,0
12,350,21.000000,0.000000,1,0,9859290,824,19,824,19,0,131,3,0
12,350,21.000000,0.000000,1,0,9859292,829,19,829,19,0,131,3,0
12,350,21.000000,0.000000,1,0,9859295,834,21,834,21,0,131,3,0
12,350,21.000000,0.000000,1,0,9859298,839,22,839,22,0,131,3,0
12,350,21.000000,0.000000,1,0,9859301,842,23,842,23,0,131,3,0
12,350,21.000000,0.000000,1,0,9859303,851,24,851,24,0,131,3,0
12,350,21.000000,0.000000,1,0,9859306,861,25,861,25,0,131,3,0
12,350,21.000000,0.000000,1,0,9859309,867,26,867,26,0,131,3,0
12,350,21.000000,0.000000,1,0,9859312,873,27,873,27,0,131,3,0
12,350,21.000000,0.000000,1,0,9859315,884,28,884,28,0,131,3,0
12,350,21.000000,0.000000,1,0,9859318,893,29,893,29,0,131,3,0
12,350,21.000000,0.000000,1,0,9859320,905,30,905,30,0,131,3,0
12,350,21.000000,0.000000,1,0,9859323,922,32,922,32,0,131,3,0
12,350,21.000000,0.000000,1,0,9859326,929,32,929,32,0,131,3,0
12,350,21.000000,0.000000,1,0,9859329,939,33,939,33,0,131,3,0
12,350,21.000000,0.000000,1,0,9859331,953,34,953,34,0,131,3,0
12,350,21.000000,0.000000,1,0,9859334,962,35,962,35,0,131,3,0
12,350,21.000000,0.000000,1,0,9859337,976,37,976,37,0,131,3,0
12,350,21.000000,0.000000,1,0,9859340,986,38,986,38,0,131,3,0
12,350,21.000000,0.000000,1,0,9859343,992,38,992,38,0,131,3,0
12,350,21.000000,0.000000,1,0,9859345,999,38,999,38,0,131,3,0
12,350,21.000000,0.000000,1,0,9859348,1005,39,1005,39,0,131,3,0
12,350,21.000000,0.000000,1,0,9859351,1012,40,1012,40,0,131,3,0
12,350,21.000000,0.000000,1,0,9859354,1018,41,1018,41,0,131,3,0
12,350,21.000000,0.000000,1,0,9859356,1024,42,1024,42,0,131,3,0
12,350,21.000000,0.000000,1,0,9859359,1030,42,1030,42,0,131,3,0
12,350,21.000000,0.000000,1,0,9859362,1038,42,1038,42,0,131,3,0
12,350,21.000000,0.000000,1,0,9859365,1042,42,1042,42,0,131,3,0
12,350,21.000000,0.000000,1,0,9859368,1047,42,1047,42,0,131,3,0
12,350,21.000000,0.000000,1,0,9859370,1052,42,1052,42,0,131,3,0
12,350,21.000000,0.000000,1,0,9859373,1054,42,1054,42,0,131,3,0
12,350,21.000000,0.000000,1,0,9859376,1057,42,1057,42,0,131,3,0
12,350,21.000000,0.000000,1,0,9859379,1061,42,1061,42,0,131,3,0
12,350,21.000000,0.000000,1,0,9859381,1062,42,1062,42,0,131,3,0
12,350,21.000000,0.000000,1,0,9859384,1065,42,1065,42,0,131,3,0
12,350,21.000000,0.000000,1,0,9859387,1068,42,1068,42,0,131,3,0
12,350,21.000000,0.000000,1,0,9859390,1071,41,1071,41,0,131,3,0
12,350,21.000000,0.000000,1,0,9859392,1073,41,1073,41,0,131,3,0
12,350,21.000000,0.000000,1,0,9859395,1075,41,1075,41,0,131,3,0
12,350,21.000000,0.000000,1,0,9859398,1077,40,1077,40,0,131,3,0
12,350,21.000000,0.000000,1,0,9859401,1079,39,1079,39,0,131,3,0
12,350,21.000000,0.000000,1,0,9859404,1082,39,1082,39,0,131,3,0
12,350,21.000000,0.000000,1,0,9859407,1084,38,1084,38,0,131,3,0
12,350,21.000000,0.000000,1,0,9859409,1087,38,1087,38,0,131,3,0
12,350,21.000000,0.000000,1,0,9859412,1090,37,1090,37,0,131,3,0
12,350,21.000000,0.000000,1,0,9859415,1094,36,1094,36,0,131,3,0
12,350,21.000000,0.000000,1,0,9859418,1097,36,1097,36,0,131,3,0
12,350,21.000000,0.000000,1,0,9859421,1100,36,1100,36,0,131,3,0
12,350,21.000000,0.000000,1,0,9859423,1104,35,1104,35,0,131,3,0
12,350,21.000000,0.000000,1,0,9859426,1108,35,1108,35,0,131,3,0
12,350,21.000000,0.000000,1,0,9859429,1112,34,1112,34,0,131,3,0
12,350,21.000000,0.000000,1,0,9859432,1116,33,1116,33,0,131,3,0
12,350,21.000000,0.000000,1,0,9859434,1118,33,1118,33,0,131,3,0
12,350,21.000000,0.000000,1,0,9859437,1120,33,1120,33,0,131,3,0
12,350,21.000000,0.000000,1,0,9859440,1121,32,1121,32,0,131,3,0
12,350,21.000000,0.000000,1,0,9859443,1123,32,1123,32,0,131,3,0
12,350,21.000000,0.000000,1,0,9859445,1125,31,1125,31,0,131,3,0
12,350,21.000000,0.000000,1,0,9859448,1126,31,1126,31,0,131,3,0
12,350,21.000000,0.000000,1,0,9859451,1127,31,1127,31,0,131,3,0
12,350,21.000000,0.000000,1,0,9859454,1127,30,1127,30,0,131,3,0
12,350,21.000000,0.000000,1,0,9859456,1128,29,1128,29,0,131,3,0
12,350,21.000000,0.000000,1,0,9859459,1128,29,1128,29,0,131,3,0
12,350,21.000000,0.000000,1,0,9859462,1128,29,1128,29,0,131,3,0
12,350,21.000000,0.000000,1,0,9859465,1128,29,1128,29,0,131,3,0
12,350,21.000000,0.000000,1,0,9859468,1128,29,1128,29,0,131,3,0
12,350,21.000000,0.000000,1,0,9859470,1128,29,1128,29,0,131,3,0
12,350,21.000000,0.000000,1,0,9859473,1128,29,1128,29,0,131,3,0
12,350,21.000000,0.000000,1,0,9859476,1128,28,1128,28,0,131,3,0
12,350,21.000000,0.000000,1,0,9859479,1128,28,1128,28,0,131,3,0
12,350,21.000000,0.000000,1,0,9859482,1128,28,1128,28,0,131,3,0
12,350,21.000000,0.000000,1,0,9859484,1128,28,1128,28,0,131,3,0
12,350,21.000000,0.000000,1,0,9859487,1128,28,1128,28,0,131,3,0
12,350,21.000000,0.000000,1,0,9859489,1128,28,1128,28,0,131,3,0
12,350,21.000000,0.000000,1,0,9859493,1128,28,1128,28,0,131,3,0
12,350,21.000000,0.000000,1,0,9859495,1128,28,1128,28,0,131,3,0
12,350,21.000000,0.000000,1,0,9859498,1128,28,1128,28,0,131,3,0
12,350,21.000000,0.000000,1,0,9859501,1128,28,1128,28,0,131,3,0
12,350,21.000000,0.000000,1,0,9859504,1128,27,1128,27,0,131,3,0
12,350,21.000000,0.000000,1,0,9859506,1128,27,1128,27,0,131,3,0
12,350,21.000000,0.000000,1,0,9859509,1128,27,1128,27,0,131,3,0
12,350,21.000000,0.000000,1,0,9859512,1129,27,1129,27,0,131,3,0
12,350,21.000000,0.000000,1,0,9859515,1130,27,1130,27,0,131,3,0
12,350,21.000000,0.000000,1,0,9859518,1131,26,1131,26,0,131,3,0
12,350,21.000000,0.000000,1,0,9859520,1131,25,1131,25,0,131,3,0
12,350,21.000000,0.000000,1,0,9859523,1132,25,1132,25,0,131,3,0
12,350,21.000000,0.000000,1,0,9859526,1133,24,1133,24,0,131,3,0
12,350,21.000000,0.000000,1,0,9859529,1133,23,1133,23,0,131,3,0
12,350,21.000000,0.000000,1,0,9859531,1133,22,1133,22,0,131,3,0
12,350,21.000000,0.000000,1,0,9859534,1134,22,1134,22,0,131,3,0
12,350,21.000000,0.000000,1,0,9859537,1135,21,1135,21,0,131,3,0
12,350,21.000000,0.000000,1,0,9859540,1135,21,1135,21,0,131,3,0
12,350,21.000000,0.000000,1,0,9859542,1135,20,1135,20,0,131,3,0
12,350,21.000000,0.000000,1,0,9859545,1135,19,1135,19,0,131,3,0
12,350,21.000000,0.000000,1,0,9859548,1135,18,1135,18,0,131,3,0
12,350,21.000000,0.000000,1,0,9859551,1135,18,1135,18,0,131,3,0
12,350,21.000000,0.000000,1,0,9859553,1135,17,1135,17,0,131,3,0
12,350,21.000000,0.000000,1,0,9859556,1135,16,1135,16,0,131,3,0
12,350,21.000000,0.000000,1,0,9859559,1135,16,1135,16,0,131,3,0
12,350,21.000000,0.000000,1,0,9859562,1135,16,1135,16,0,131,3,0
12,350,21.000000,0.000000,1,0,9859565,1135,16,1135,16,0,131,3,0
12,350,21.000000,0.000000,1,0,9859567,1135,15,1135,15,0,131,3,0
12,350,21.000000,0.000000,1,0,9859570,1135,14,1135,14,0,131,3,0
12,350,21.000000,0.000000,1,0,9859573,1135,14,1135,14,0,131,3,0
12,350,21.000000,0.000000,1,0,9859576,1135,14,1135,14,0,131,3,0
12,350,21.000000,0.000000,1,0,9859578,1135,14,1135,14,0,131,3,0
12,350,21.000000,0.000000,1,0,9859581,1135,14,1135,14,0,131,3,0
12,350,21.000000,0.000000,1,0,9859584,1135,14,1135,14,0,131,3,0
12,350,21.000000,0.000000,1,0,9859587,1135,14,1135,14,0,131,3,0
12,350,21.000000,0.000000,1,0,9859590,1135,14,1135,14,0,131,3,0
12,350,21.000000,0.000000,1,0,9859592,1135,14,1135,14,0,131,3,0
12,350,21.000000,0.000000,1,0,9859595,1135,14,1135,14,0,131,3,0
12,350,21.000000,0.000000,1,0,9859598,1135,14,1135,14,0,131,3,0
12,350,21.000000,0.000000,1,0,9859601,1135,13,1135,13,0,131,3,0
12,350,21.000000,0.000000,1,0,9859604,1135,12,1135,12,0,131,3,0
12,350,21.000000,0.000000,1,0,9859607,1135,12,1135,12,0,131,3,0
12,350,21.000000,0.000000,1,0,9859609,1135,12,1135,12,0,131,3,0
12,350,21.000000,0.000000,1,0,9859612,1135,12,1135,12,0,131,3,0
12,350,21.000000,0.000000,1,0,9859615,1135,12,1135,12,0,131,3,0
12,350,21.000000,0.000000,1,0,9859618,1135,12,1135,12,0,131,3,0
12,350,21.000000,0.000000,1,0,9859621,1135,12,1135,12,0,131,3,0
12,350,21.000000,0.000000,1,0,9859623,1135,11,1135,11,0,131,3,0
12,350,21.000000,0.000000,1,0,9859626,1135,10,1135,10,0,131,3,0
12,350,21.000000,0.000000,1,0,9859629,1135,10,1135,10,0,131,3,0
12,350,21.000000,0.000000,1,0,9859632,1135,10,1135,10,0,131,3,0
12,350,21.000000,0.000000,1,0,9859635,1135,9,1135,9,0,131,3,0
12,350,21.000000,0.000000,1,0,9859637,1135,8,1135,8,0,131,3,0
12,350,21.000000,0.000000,1,0,9859640,1135,8,1135,8,0,131,3,0
12,350,21.000000,0.000000,1,0,9859643,1135,8,1135,8,0,131,3,0
12,350,21.000000,0.000000,1,0,9859645,1135,8,1135,8,0,131,3,0
12,350,21.000000,0.000000,1,0,9859648,1135,8,1135,8,0,131,3,0
12,350,21.000000,0.000000,1,0,9859651,1135,8,1135,8,0,131,3,0
12,350,21.000000,0.000000,1,0,9859653,1135,8,1135,8,0,131,3,0
12,350,21.000000,0.000000,1,0,9859657,1135,8,1135,8,0,131,3,0
12,350,21.000000,0.000000,1,0,9859660,1135,8,1135,8,0,131,3,0
12,350,21.000000,0.000000,1,0,9859662,1135,8,1135,8,0,131,3,0
12,350,21.000000,0.000000,1,0,9859665,1135,8,1135,8,0,131,3,0
12,350,21.000000,0.000000,1,0,9859668,1135,8,1135,8,0,131,3,0
12,350,21.000000,0.000000,1,0,9859679,1135,8,1135,8,0,131,3,0
