12,700,21.000000,0.000000,0,0,10014007,609,0,609,0,0,145,3,1
12,700,21.000000,0.000000,0,0,10014008,609,0,609,0,0,145,3,1
12,700,21.000000,0.000000,0,0,10014011,609,0,609,0,0,145,3,1
12,700,21.000000,0.000000,0,0,10014014,609,0,609,0,0,145,3,1
12,700,21.000000,0.000000,0,0,10014016,609,0,609,0,0,145,3,1
12,700,21.000000,0.000000,0,0,10014019,609,0,609,0,0,145,3,1
12,700,21.000000,0.000000,0,0,10014022,609,0,609,0,0,145,3,1
12,700,21.000000,0.000000,0,0,10014025,609,0,609,0,0,145,3,1
12,700,21.000000,0.000000,0,0,10014027,609,0,609,0,0,145,3,1
12,700,21.000000,0.000000,0,0,10014030,609,0,609,0,0,145,3,1
12,700,21.000000,0.000000,0,0,10014034,609,0,609,0,0,145,3,1
12,700,21.000000,0.000000,0,0,10014036,609,0,609,0,0,145,3,1
12,700,21.000000,0.000000,0,0,10014039,609,0,609,0,0,145,3,1
12,700,21.000000,0.000000,0,0,10014042,609,0,609,0,0,145,3,1
12,700,21.000000,0.000000,0,0,10014045,610,0,610,0,0,145,3,1
12,700,21.000000,0.000000,0,0,10014047,610,0,610,0,0,145,3,1
12,700,21.000000,0.000000,0,0,10014050,610,0,610,0,0,145,3,1
12,700,21.000000,0.000000,0,0,10014053,610,0,610,0,0,145,3,1
12,700,21.000000,0.000000,0,0,10014056,610,0,610,0,0,145,3,1
12,700,21.000000,0.000000,0,0,10014059,610,0,610,0,0,145,3,1
12,700,21.000000,0.000000,0,0,10014061,610,0,610,0,0,145,3,1
12,700,21.000000,0.000000,0,0,10014064,610,0,610,0,0,145,3,1
12,700,21.000000,0.000000,0,0,10014067,610,0,610,0,0,145,3,1
12,700,21.000000,0.000000,0,0,10014070,610,0,610,0,0,145,3,1
12,700,21.000000,0.000000,0,0,10014072,610,0,610,0,0,145,3,1
12,700,21.000000,0.000000,0,0,10014075,610,0,610,0,0,145,3,1
12,700,21.000000,0.000000,0,0,10014078,610,0,610,0,0,145,3,1
12,700,21.000000,0.000000,0,0,10014081,610,0,610,0,0,145,3,1
12,700,21.000000,0.000000,0,0,10014084,610,0,610,0,0,145,3,1
12,700,21.000000,0.000000,0,0,10014086,610,0,610,0,0,145,3,1
12,700,21.000000,0.000000,0,0,10014089,610,0,610,0,0,145,3,1
12,700,21.000000,0.000000,0,0,10014092,610,0,610,0,0,145,3,1
12,700,21.000000,0.000000,0,0,10014095,611,0,611,0,0,145,3,1
12,700,21.000000,0.000000,0,0,10014097,612,0,612,0,0,145,3,1
12,700,21.000000,0.000000,0,0,10014100,612,0,612,0,0,145,3,1
12,700,21.000000,0.000000,0,0,10014103,612,0,612,0,0,145,3,1
12,700,21.000000,0.000000,0,0,10014105,613,0,613,0,0,145,3,1
12,700,21.000000,0.000000,0,0,10014109,614,0,614,0,0,145,3,1
12,700,21.000000,0.000000,0,0,10014112,615,0,615,0,0,145,3,1
12,700,21.000000,0.000000,0,0,10014114,616,0,616,0,0,145,3,1
12,700,21.000000,0.000000,0,0,10014117,617,0,617,0,0,145,3,1
12,700,21.000000,0.000000,0,0,10014120,618,0,618,0,0,145,3,1
12,700,21.000000,0.000000,0,0,10014122,620,0,620,0,0,145,3,1
12,700,21.000000,0.000000,0,0,10014125,622,0,622,0,0,145,3,1
12,700,21.000000,0.000000,0,0,10014128,625,0,625,-1,0,145,3,1
12,700,21.000000,0.000000,0,0,10014131,627,0,627,-1,0,145,3,1
12,700,21.000000,0.000000,0,0,10014133,629,0,629,-1,0,145,3,1
12,700,21.000000,0.000000,0,0,10014136,635,0,635,-2,0,145,3,1
12,700,21.000000,0.000000,0,0,10014139,640,0,640,-2,0,145,3,1
12,700,21.000000,0.000000,0,0,10014142,645,0,645,-2,0,145,3,1
12,700,21.000000,0.000000,0,0,10014144,651,0,651,-3,0,145,3,1
12,700,21.000000,0.000000,0,0,10014147,658,0,658,-3,0,145,3,1
12,700,21.000000,0.000000,0,0,10014150,672,0,672,-3,0,145,3,1
12,700,21.000000,0.000000,0,0,10014153,681,0,681,-3,0,145,3,1
12,700,21.000000,0.000000,0,0,10014156,697,0,697,-4,0,145,3,1
12,700,21.000000,0.000000,0,0,10014158,712,0,712,-4,0,145,3,1
12,700,21.000000,0.000000,0,0,10014161,721,0,721,-4,0,145,3,1
12,700,21.000000,0.000000,0,0,10014164,735,0,735,-4,0,145,3,1
12,700,21.000000,0.000000,0,0,10014167,761,0,761,-5,0,145,3,1
12,700,21.000000,0.000000,0,0,10014170,779,0,779,-5,0,145,3,1
12,700,21.000000,0.000000,0,0,10014172,805,0,805,-5,0,145,3,1
12,700,21.000000,0.000000,0,0,10014175,827,0,827,-5,0,145,3,1
12,700,21.000000,0.000000,0,0,10014178,853,0,853,-5,0,145,3,1
12,700,21.000000,0.000000,0,0,10014181,871,0,871,-5,0,145,3,1
12,700,21.000000,0.000000,0,0,10014184,899,0,899,-5,0,145,3,1
12,700,21.000000,0.000000,0,0,10014186,927,2,927,-3,0,145,3,1
12,700,21.000000,0.000000,0,0,10014189,942,2,942,-3,0,145,3,1
12,700,21.000000,0.000000,0,0,10014192,969,2,969,-3,0,145,3,1
12,700,21.000000,0.000000,0,0,10014195,992,3,992,-2,0,145,3,1
12,700,21.000000,0.000000,0,0,10014198,1011,4,1011,-1,0,145,3,1
12,700,21.000000,0.000000,0,0,10014200,1039,4,1039,-1,0,145,3,1
12,700,21.000000,0.000000,0,0,10014203,1067,5,1067,0,0,145,3,1
12,700,21.000000,0.000000,0,0,10014206,1089,5,1089,0,0,145,3,1
12,700,21.000000,0.000000,0,0,10014208,1104,5,1104,0,0,145,3,1
12,700,21.000000,0.000000,0,0,10014211,1126,6,1126,1,0,145,3,1
12,700,21.000000,0.000000,0,0,10014214,1129,6,1129,1,0,145,3,1
12,700,21.000000,0.000000,0,0,10014217,1150,7,1150,2,0,145,3,1
12,700,21.000000,0.000000,0,0,10014219,1171,8,1171,3,0,145,3,1
12,700,21.000000,0.000000,0,0,10014223,1181,8,1181,3,0,145,3,1
12,700,21.000000,0.000000,0,0,10014225,1200,9,1200,4,0,145,3,1
12,700,21.000000,0.000000,0,0,10014228,1212,9,1212,4,0,145,3,1
12,700,21.000000,0.000000,0,0,10014231,1221,9,1221,4,0,145,3,1
12,700,21.000000,0.000000,0,0,10014233,1230,9,1230,4,0,145,3,1
12,700,21.000000,0.000000,0,0,10014236,1236,9,1236,4,0,145,3,1
12,700,21.000000,0.000000,0,0,10014239,1240,9,1240,4,0,145,3,1
12,700,21.000000,0.000000,0,0,10014242,1244,9,1244,4,0,145,3,1
12,700,21.000000,0.000000,0,0,10014244,1246,9,1246,4,0,145,3,1
12,700,21.000000,0.000000,0,0,10014247,1248,9,1248,4,0,145,3,1
12,700,21.000000,0.000000,0,0,10014250,1249,9,1249,4,0,145,3,1
12,700,21.000000,0.000000,0,0,10014253,1250,9,1250,4,0,145,3,1
12,700,21.000000,0.000000,0,0,10014256,1251,9,1251,4,0,145,3,1
12,700,21.000000,0.000000,0,0,10014258,1252,9,1252,4,0,145,3,1
12,700,21.000000,0.000000,0,0,10014261,1252,8,1252,3,0,145,3,1
12,700,21.000000,0.000000,0,0,10014264,1252,7,1252,2,0,145,3,1
12,700,21.000000,0.000000,0,0,10014267,1252,7,1252,2,0,145,3,1
12,700,21.000000,0.000000,0,0,10014269,1252,7,1252,2,0,145,3,1
12,700,21.000000,0.000000,0,0,10014273,1252,6,1252,1,0,145,3,1
12,700,21.000000,0.000000,0,0,10014275,1252,6,1252,1,0,145,3,1
12,700,21.000000,0.000000,0,0,10014278,1252,6,1252,1,0,145,3,1
12,700,21.000000,0.000000,0,0,10014281,1252,6,1252,1,0,145,3,1
12,700,21.000000,0.000000,0,0,10014284,1252,6,1252,1,0,145,3,1
12,700,21.000000,0.000000,0,0,10014286,1252,6,1252,1,0,145,3,1
12,700,21.000000,0.000000,0,0,10014289,1252,6,1252,1,0,145,3,1
12,700,21.000000,0.000000,0,0,10014292,1252,6,1252,1,0,145,3,1
12,700,21.000000,0.000000,0,0,10014295,1252,6,1252,1,0,145,3,1
12,700,21.000000,0.000000,0,0,10014298,1252,6,1252,1,0,145,3,1
12,700,21.000000,0.000000,0,0,10014300,1252,6,1252,1,0,145,3,1
12,700,21.000000,0.000000,0,0,10014303,1252,6,1252,1,0,145,3,1
12,700,21.000000,0.000000,0,0,10014306,1252,6,1252,1,0,145,3,1
12,700,21.000000,0.000000,0,0,10014309,1252,6,1252,1,0,145,3,1
12,700,21.000000,0.000000,0,0,10014311,1252,6,1252,1,0,145,3,1
12,700,21.000000,0.000000,0,0,10014314,1253,5,1253,0,0,145,3,1
12,700,21.000000,0.000000,0,0,10014317,1254,4,1254,-1,0,145,3,1
12,700,21.000000,0.000000,0,0,10014320,1254,4,1254,-1,0,145,3,1
12,700,21.000000,0.000000,0,0,10014322,1254,4,1254,-1,0,145,3,1
12,700,21.000000,0.000000,0,0,10014325,1254,4,1254,-1,0,145,3,1
12,700,21.000000,0.000000,0,0,10014328,1254,4,1254,-1,0,145,3,1
12,700,21.000000,0.000000,0,0,10014331,1254,4,1254,-1,0,145,3,1
12,700,21.000000,0.000000,0,0,10014334,1254,4,1254,-1,0,145,3,1
12,700,21.000000,0.000000,0,0,10014336,1254,4,1254,-1,0,145,3,1
12,700,21.000000,0.000000,0,0,10014339,1254,4,1254,-1,0,145,3,1
12,700,21.000000,0.000000,0,0,10014342,1254,4,1254,-1,0,145,3,1
12,700,21.000000,0.000000,0,0,10014344,1254,4,1254,-1,0,145,3,1
12,700,21.000000,0.000000,0,0,10014347,1254,4,1254,-1,0,145,3,1
12,700,21.000000,0.000000,0,0,10014350,1254,4,1254,-1,0,145,3,1
12,700,21.000000,0.000000,0,0,10014353,1254,4,1254,-1,0,145,3,1
12,700,21.000000,0.000000,0,0,10014356,1255,4,1255,-1,0,145,3,1
12,700,21.000000,0.000000,0,0,10014358,1256,4,1256,-1,0,145,3,1
12,700,21.000000,0.000000,0,0,10014361,1256,4,1256,-1,0,145,3,1
12,700,21.000000,0.000000,0,0,10014364,1256,4,1256,-1,0,145,3,1
12,700,21.000000,0.000000,0,0,10014367,1256,4,1256,-1,0,145,3,1
12,700,21.000000,0.000000,0,0,10014369,1256,4,1256,-1,0,145,3,1
12,700,21.000000,0.000000,0,0,10014372,1256,4,1256,-1,0,145,3,1
12,700,21.000000,0.000000,0,0,10014375,1256,3,1256,-2,0,145,3,1
12,700,21.000000,0.000000,0,0,10014378,1256,3,1256,-2,0,145,3,1
12,700,21.000000,0.000000,0,0,10014381,1257,3,1257,-2,0,145,3,1
12,700,21.000000,0.000000,0,0,10014383,1258,3,1258,-2,0,145,3,1
12,700,21.000000,0.000000,0,0,10014386,1259,3,1259,-2,0,145,3,1
12,700,21.000000,0.000000,0,0,10014389,1260,3,1260,-2,0,145,3,1
12,700,21.000000,0.000000,0,0,10014392,1261,2,1261,-3,0,145,3,1
12,700,21.000000,0.000000,0,0,10014395,1262,2,1262,-3,0,145,3,1
12,700,21.000000,0.000000,0,0,10014398,1263,2,1263,-3,0,145,3,1
12,700,21.000000,0.000000,0,0,10014400,1264,2,1264,-3,0,145,3,1
12,700,21.000000,0.000000,0,0,10014403,1265,2,1265,-3,0,145,3,1
12,700,21.000000,0.000000,0,0,10014406,1266,2,1266,-3,0,145,3,1
12,700,21.000000,0.000000,0,0,10014409,1267,1,1267,-4,0,145,3,1
12,700,21.000000,0.000000,0,0,10014411,1269,1,1269,-4,0,145,3,1
12,700,21.000000,0.000000,0,0,10014414,1270,1,1270,-4,0,145,3,1
12,700,21.000000,0.000000,0,0,10014417,1271,0,1271,-5,0,145,3,1
12,700,21.000000,0.000000,0,0,10014419,1272,0,1272,-5,0,145,3,1
12,700,21.000000,0.000000,0,0,10014422,1273,0,1273,-5,0,145,3,1
12,700,21.000000,0.000000,0,0,10014425,1275,0,1275,-6,0,145,3,1
12,700,21.000000,0.000000,0,0,10014428,1277,0,1277,-7,0,145,3,1
12,700,21.000000,0.000000,0,0,10014431,1278,0,1278,-7,0,145,3,1
12,700,21.000000,0.000000,0,0,10014433,1279,0,1279,-7,0,145,3,1
12,700,21.000000,0.000000,0,0,10014436,1280,0,1280,-7,0,145,3,1
12,700,21.000000,0.000000,0,0,10014439,1280,0,1280,-8,0,145,3,1
12,700,21.000000,0.000000,0,0,10014442,1281,0,1281,-8,0,145,3,1
12,700,21.000000,0.000000,0,0,10014444,1282,0,1282,-8,0,145,3,1
12,700,21.000000,0.000000,0,0,10014447,1282,0,1282,-9,0,145,3,1
12,700,21.000000,0.000000,0,0,10014450,1283,0,1283,-10,0,145,3,1
12,700,21.000000,0.000000,0,0,10014453,1285,0,1285,-10,0,145,3,1
12,700,21.000000,0.000000,0,0,10014456,1286,0,1286,-10,0,145,3,1
12,700,21.000000,0.000000,0,0,10014458,1287,0,1287,-10,0,145,3,1
12,700,21.000000,0.000000,0,0,10014461,1289,0,1289,-10,0,145,3,1
12,700,21.000000,0.000000,0,0,10014464,1290,0,1290,-10,0,145,3,1
12,700,21.000000,0.000000,0,0,10014467,1291,0,1291,-10,0,145,3,1
12,700,21.000000,0.000000,0,0,10014469,1293,0,1293,-10,0,145,3,1
12,700,21.000000,0.000000,0,0,10014472,1295,0,1295,-10,0,145,3,1
12,700,21.000000,0.000000,0,0,10014475,1296,0,1296,-10,0,145,3,1
12,700,21.000000,0.000000,0,0,10014478,1298,0,1298,-10,0,145,3,1
12,700,21.000000,0.000000,0,0,10014481,1299,0,1299,-10,0,145,3,1
12,700,21.000000,0.000000,0,0,10014484,1300,0,1300,-10,0,145,3,1
12,700,21.000000,0.000000,0,0,10014486,1302,0,1302,-10,0,145,3,1
12,700,21.000000,0.000000,0,0,10014489,1303,0,1303,-10,0,145,3,1
12,700,21.000000,0.000000,0,0,10014492,1304,0,1304,-10,0,145,3,1
12,700,21.000000,0.000000,0,0,10014495,1305,0,1305,-10,0,145,3,1
12,700,21.000000,0.000000,0,0,10014497,1306,0,1306,-11,0,145,3,1
12,700,21.000000,0.000000,0,0,10014500,1306,0,1306,-11,0,145,3,1
12,700,21.000000,0.000000,0,0,10014503,1306,0,1306,-11,0,145,3,1
12,700,21.000000,0.000000,0,0,10014506,1306,0,1306,-11,0,145,3,1
12,700,21.000000,0.000000,0,0,10014509,1306,0,1306,-11,0,145,3,1
12,700,21.000000,0.000000,0,0,10014511,1306,0,1306,-11,0,145,3,1
12,700,21.000000,0.000000,0,0,10014514,1306,0,1306,-11,0,145,3,1
12,700,21.000000,0.000000,0,0,10014517,1306,0,1306,-11,0,145,3,1
12,700,21.000000,0.000000,0,0,10014520,1306,0,1306,-11,0,145,3,1
12,700,21.000000,0.000000,0,0,10014522,1306,0,1306,-11,0,145,3,1
12,700,21.000000,0.000000,0,0,10014525,1306,0,1306,-11,0,145,3,1
12,700,21.000000,0.000000,0,0,10014528,1307,0,1307,-11,0,145,3,1
12,700,21.000000,0.000000,0,0,10014531,1308,0,1308,-11,0,145,3,1
12,700,21.000000,0.000000,0,0,10014534,1308,0,1308,-11,0,145,3,1
12,700,21.000000,0.000000,0,0,10014536,1308,0,1308,-11,0,145,3,1
12,700,21.000000,0.000000,0,0,10014539,1308,0,1308,-11,0,145,3,1
12,700,21.000000,0.000000,0,0,10014542,1308,0,1308,-11,0,145,3,1
12,700,21.000000,0.000000,0,0,10014545,1308,0,1308,-11,0,145,3,1
12,700,21.000000,0.000000,0,0,10014547,1309,0,1309,-11,0,145,3,1
12,700,21.000000,0.000000,0,0,10014551,1310,0,1310,-11,0,145,3,1
12,700,21.000000,0.000000,0,0,10014553,1311,0,1311,-11,0,145,3,1
12,700,21.000000,0.000000,0,0,10014556,1313,0,1313,-11,0,145,3,1
12,700,21.000000,0.000000,0,0,10014559,1314,0,1314,-11,0,145,3,1
12,700,21.000000,0.000000,0,0,10014562,1316,0,1316,-11,0,145,3,1
12,700,21.000000,0.000000,0,0,10014565,1318,0,1318,-11,0,145,3,1
12,700,21.000000,0.000000,0,0,10014567,1319,0,1319,-11,0,145,3,1
12,700,21.000000,0.000000,0,0,10014570,1321,0,1321,-11,0,145,3,1
12,700,21.000000,0.000000,0,0,10014573,1322,0,1322,-11,0,145,3,1
12,700,21.000000,0.000000,0,0,10014576,1324,0,1324,-11,0,145,3,1
12,700,21.000000,0.000000,0,0,10014578,1326,0,1326,-11,0,145,3,1
12,700,21.000000,0.000000,0,0,10014581,1327,0,1327,-11,0,145,3,1
12,700,21.000000,0.000000,0,0,10014584,1329,0,1329,-11,0,145,3,1
12,700,21.000000,0.000000,0,0,10014586,1330,0,1330,-11,0,145,3,1
12,700,21.000000,0.000000,0,0,10014589,1331,0,1331,-11,0,145,3,1
12,700,21.000000,0.000000,0,0,10014592,1331,0,1331,-11,0,145,3,1
12,700,21.000000,0.000000,0,0,10014595,1332,0,1332,-11,0,145,3,1
12,700,21.000000,0.000000,0,0,10014597,1333,0,1333,-11,0,145,3,1
12,700,21.000000,0.000000,0,0,10014600,1333,0,1333,-11,0,145,3,1
12,700,21.000000,0.000000,0,0,10014603,1333,0,1333,-11,0,145,3,1
12,700,21.000000,0.000000,0,0,10014606,1333,0,1333,-11,0,145,3,1
12,700,21.000000,0.000000,0,0,10014608,1333,0,1333,-11,0,145,3,1
12,700,21.000000,0.000000,0,0,10014611,1333,0,1333,-11,0,145,3,1
12,700,21.000000,0.000000,0,0,10014614,1333,0,1333,-11,0,145,3,1
12,700,21.000000,0.000000,0,0,10014617,1333,0,1333,-11,0,145,3,1
12,700,21.000000,0.000000,0,0,10014620,1333,0,1333,-11,0,145,3,1
12,700,21.000000,0.000000,0,0,10014622,1332,0,1332,-11,0,145,3,1
12,700,21.000000,0.000000,0,0,10014625,1331,0,1331,-11,0,145,3,1
12,700,21.000000,0.000000,0,0,10014628,1331,0,1331,-11,0,145,3,1
12,700,21.000000,0.000000,0,0,10014631,1331,0,1331,-11,0,145,3,1
12,700,21.000000,0.000000,0,0,10014634,1331,0,1331,-12,0,145,3,1
12,700,21.000000,0.000000,0,0,10014637,1331,0,1331,-12,0,145,3,1
12,700,21.000000,0.000000,0,0,10014639,1331,0,1331,-12,0,145,3,1
12,700,21.000000,0.000000,0,0,10014642,1331,0,1331,-12,0,145,3,1
12,700,21.000000,0.000000,0,0,10014645,1331,0,1331,-12,0,145,3,1
12,700,21.000000,0.000000,0,0,10014648,1331,0,1331,-12,0,145,3,1
12,700,21.000000,0.000000,0,0,10014650,1331,0,1331,-12,0,145,3,1
12,700,21.000000,0.000000,0,0,10014653,1331,0,1331,-12,0,145,3,1
12,700,21.000000,0.000000,0,0,10014656,1331,0,1331,-12,0,145,3,1
12,700,21.000000,0.000000,0,0,10014658,1331,0,1331,-12,0,145,3,1
12,700,21.000000,0.000000,0,0,10014661,1331,0,1331,-12,0,145,3,1
12,700,21.000000,0.000000,0,0,10014664,1331,0,1331,-12,0,145,3,1
12,700,21.000000,0.000000,0,0,10014667,1330,0,1330,-12,0,145,3,1
12,700,21.000000,0.000000,0,0,10014670,1329,0,1329,-12,0,145,3,1
12,700,21.000000,0.000000,0,0,10014672,1329,0,1329,-12,0,145,3,1
12,700,21.000000,0.000000,0,0,10014676,1329,0,1329,-12,0,145,3,1
12,700,21.000000,0.000000,0,0,10014678,1328,0,1328,-12,0,145,3,1
12,700,21.000000,0.000000,0,0,10014681,1327,0,1327,-12,0,145,3,1
12,700,21.000000,0.000000,0,0,10014684,1326,0,1326,-12,0,145,3,1
12,700,21.000000,0.000000,0,0,10014687,1326,0,1326,-12,0,145,3,1
12,700,21.000000,0.000000,0,0,10014689,1325,0,1325,-12,0,145,3,1
12,700,21.000000,0.000000,0,0,10014692,1324,0,1324,-12,0,145,3,1
12,700,21.000000,0.000000,0,0,10014695,1324,0,1324,-12,0,145,3,1
12,700,21.000000,0.000000,0,0,10014698,1324,0,1324,-12,0,145,3,1
12,700,21.000000,0.000000,0,0,10014701,1323,0,1323,-12,0,145,3,1
12,700,21.000000,0.000000,0,0,10014703,1322,0,1322,-12,0,145,3,1
12,700,21.000000,0.000000,0,0,10014706,1322,0,1322,-12,0,145,3,1
12,700,21.000000,0.000000,0,0,10014709,1322,0,1322,-12,0,145,3,1
12,700,21.000000,0.000000,0,0,10014712,1322,0,1322,-12,0,145,3,1
12,700,21.000000,0.000000,0,0,10014714,1322,0,1322,-12,0,145,3,1
12,700,21.000000,0.000000,0,0,10014717,1322,0,1322,-12,0,145,3,1
12,700,21.000000,0.000000,0,0,10014720,1321,0,1321,-12,0,145,3,1
12,700,21.000000,0.000000,0,0,10014723,1320,0,1320,-12,0,145,3,1
12,700,21.000000,0.000000,0,0,10014726,1320,0,1320,-12,0,145,3,1
12,700,21.000000,0.000000,0,0,10014728,1319,0,1319,-12,0,145,3,1
12,700,21.000000,0.000000,0,0,10014731,1319,0,1319,-12,0,145,3,1
12,700,21.000000,0.000000,0,0,10014734,1319,0,1319,-12,0,145,3,1
12,700,21.000000,0.000000,0,0,10014737,1318,0,1318,-12,0,145,3,1
12,700,21.000000,0.000000,0,0,10014740,1317,0,1317,-12,0,145,3,1
12,700,21.000000,0.000000,0,0,10014742,1316,0,1316,-12,0,145,3,1
12,700,21.000000,0.000000,0,0,10014745,1315,0,1315,-12,0,145,3,1
12,700,21.000000,0.000000,0,0,10014748,1314,0,1314,-12,0,145,3,1
12,700,21.000000,0.000000,0,0,10014750,1313,0,1313,-12,0,145,3,1
12,700,21.000000,0.000000,0,0,10014753,1312,0,1312,-12,0,145,3,1
12,700,21.000000,0.000000,0,0,10014756,1311,0,1311,-12,0,145,3,1
12,700,21.000000,0.000000,0,0,10014759,1310,0,1310,-12,0,145,3,1
12,700,21.000000,0.000000,0,0,10014761,1309,0,1309,-12,0,145,3,1
12,700,21.000000,0.000000,0,0,10014764,1309,0,1309,-12,0,145,3,1
12,700,21.000000,0.000000,0,0,10014767,1309,0,1309,-12,0,145,3,1
12,700,21.000000,0.000000,0,0,10014770,1308,0,1308,-12,0,145,3,1
12,700,21.000000,0.000000,0,0,10014773,1308,0,1308,-12,0,145,3,1
12,700,21.000000,0.000000,0,0,10014776,1307,0,1307,-12,0,145,3,1
12,700,21.000000,0.000000,0,0,10014778,1307,0,1307,-12,0,145,3,1
12,700,21.000000,0.000000,0,0,10014781,1307,0,1307,-12,0,145,3,1
12,700,21.000000,0.000000,0,0,10014784,1307,0,1307,-12,0,145,3,1
12,700,21.000000,0.000000,0,0,10014787,1307,0,1307,-12,0,145,3,1
12,700,21.000000,0.000000,0,0,10014789,1307,0,1307,-12,0,145,3,1
12,700,21.000000,0.000000,0,0,10014792,1307,0,1307,-12,0,145,3,1
12,700,21.000000,0.000000,0,0,10014795,1307,0,1307,-12,0,145,3,1
12,700,21.000000,0.000000,0,0,10014798,1307,0,1307,-12,0,145,3,1
12,700,21.000000,0.000000,0,0,10014800,1307,0,1307,-12,0,145,3,1
12,700,21.000000,0.000000,0,0,10014803,1307,0,1307,-12,0,145,3,1
12,700,21.000000,0.000000,0,0,10014806,1307,0,1307,-12,0,145,3,1
12,700,21.000000,0.000000,0,0,10014809,1307,0,1307,-12,0,145,3,1
12,700,21.000000,0.000000,0,0,10014812,1307,0,1307,-12,0,145,3,1
12,700,21.000000,0.000000,0,0,10014815,1307,0,1307,-12,0,145,3,1
12,700,21.000000,0.000000,0,0,10014817,1307,0,1307,-12,0,145,3,1
12,700,21.000000,0.000000,0,0,10014820,1307,0,1307,-12,0,145,3,1
12,700,21.000000,0.000000,0,0,10014823,1307,0,1307,-12,0,145,3,1
12,700,21.000000,0.000000,0,0,10014826,1307,0,1307,-12,0,145,3,1
12,700,21.000000,0.000000,0,0,10014828,1307,0,1307,-12,0,145,3,1
12,700,21.000000,0.000000,0,0,10014831,1307,0,1307,-12,0,145,3,1
12,700,21.000000,0.000000,0,0,10014834,1307,0,1307,-12,0,145,3,1
12,700,21.000000,0.000000,0,0,10014837,1307,0,1307,-12,0,145,3,1
12,700,21.000000,0.000000,0,0,10014839,1307,0,1307,-12,0,145,3,1
12,700,21.000000,0.000000,0,0,10014842,1307,0,1307,-12,0,145,3,1
12,700,21.000000,0.000000,0,0,10014856,1307,0,1307,-12,0,145,3,1
