12,350,21.000000,0.000000,0,2,8735700,785,1,785,1,0,33,0,1
12,350,21.000000,0.000000,0,2,8735701,785,1,785,1,0,33,0,1
12,350,21.000000,0.000000,0,2,8735704,785,1,785,1,0,33,0,1
12,350,21.000000,0.000000,0,2,8735707,785,1,785,1,0,33,0,1
12,350,21.000000,0.000000,0,2,8735710,785,1,785,1,0,33,0,1
12,350,21.000000,0.000000,0,2,8735712,785,1,785,1,0,33,0,1
12,350,21.000000,0.000000,0,2,8735715,785,1,785,1,0,33,0,1
12,350,21.000000,0.000000,0,2,8735718,785,1,785,1,0,33,0,1
12,350,21.000000,0.000000,0,2,8735721,785,1,785,1,0,33,0,1
12,350,21.000000,0.000000,0,2,8735723,785,1,785,1,0,33,0,1
12,350,21.000000,0.000000,0,2,8735726,785,1,785,1,0,33,0,1
12,350,21.000000,0.000000,0,2,8735729,785,1,785,1,0,33,0,1
12,350,21.000000,0.000000,0,2,8735732,785,1,785,1,0,33,0,1
12,350,21.000000,0.000000,0,2,8735734,785,1,785,1,0,33,0,1
12,350,21.000000,0.000000,0,2,8735737,785,1,785,1,0,33,0,1
12,350,21.000000,0.000000,0,2,8735740,785,1,785,1,0,33,0,1
12,350,21.000000,0.000000,0,2,8735743,785,1,785,1,0,33,0,1
12,350,21.000000,0.000000,0,2,8735745,785,1,785,1,0,33,0,1
12,350,21.000000,0.000000,0,2,8735748,785,1,785,1,0,33,0,1
12,350,21.000000,0.000000,0,2,8735751,785,1,785,1,0,33,0,1
12,350,21.000000,0.000000,0,2,8735754,785,1,785,1,0,33,0,1
12,350,21.000000,0.000000,0,2,8735757,785,1,785,1,0,33,0,1
12,350,21.000000,0.000000,0,2,8735759,786,1,786,1,0,33,0,1
12,350,21.000000,0.000000,0,2,8735762,787,1,787,1,0,33,0,1
12,350,21.000000,0.000000,0,2,8735765,788,1,788,1,0,33,0,1
12,350,21.000000,0.000000,0,2,8735768,789,1,789,1,0,33,0,1
12,350,21.000000,0.000000,0,2,8735770,791,1,791,1,0,33,0,1
12,350,21.000000,0.000000,0,2,8735773,792,1,792,1,0,33,0,1
12,350,21.000000,0.000000,0,2,8735776,793,1,793,1,0,33,0,1
12,350,21.000000,0.000000,0,2,8735779,795,1,795,1,0,33,0,1
12,350,21.000000,0.000000,0,2,8735782,797,1,797,1,0,33,0,1
12,350,21.000000,0.000000,0,2,8735784,800,1,800,1,0,33,0,1
12,350,21.000000,0.000000,0,2,8735787,804,1,804,1,0,33,0,1
12,350,21.000000,0.000000,0,2,8735790,807,1,807,1,0,33,0,1
12,350,21.000000,0.000000,0,2,8735793,812,1,812,1,0,33,0,1
12,350,21.000000,0.000000,0,2,8735795,817,1,817,1,0,33,0,1
12,350,21.000000,0.000000,0,2,8735798,821,1,821,1,0,33,0,1
12,350,21.000000,0.000000,0,2,8735801,829,0,829,0,0,33,0,1
12,350,21.000000,0.000000,0,2,8735804,835,0,835,0,0,33,0,1
12,350,21.000000,0.000000,0,2,8735807,841,0,841,0,0,33,0,1
12,350,21.000000,0.000000,0,2,8735809,850,0,850,0,0,33,0,1
12,350,21.000000,0.000000,0,2,8735812,856,0,856,-1,0,33,0,1
12,350,21.000000,0.000000,0,2,8735815,864,0,864,-1,0,33,0,1
12,350,21.000000,0.000000,0,2,8735818,871,0,871,-1,0,33,0,1
12,350,21.000000,0.000000,0,2,8735820,879,0,879,-1,0,33,0,1
12,350,21.000000,0.000000,0,2,8735823,893,0,893,-1,0,33,0,1
12,350,21.000000,0.000000,0,2,8735826,900,0,900,-1,0,33,0,1
12,350,21.000000,0.000000,0,2,8735829,909,0,909,-1,0,33,0,1
12,350,21.000000,0.000000,0,2,8735832,922,0,922,-1,0,33,0,1
12,350,21.000000,0.000000,0,2,8735835,926,0,926,-1,0,33,0,1
12,350,21.000000,0.000000,0,2,8735837,939,0,939,-1,0,33,0,1
12,350,21.000000,0.000000,0,2,8735840,947,0,947,-1,0,33,0,1
12,350,21.000000,0.000000,0,2,8735843,953,0,953,-1,0,33,0,1
12,350,21.000000,0.000000,0,2,8735846,962,0,962,-1,0,33,0,1
12,350,21.000000,0.000000,0,2,8735848,976,0,976,-1,0,33,0,1
12,350,21.000000,0.000000,0,2,8735851,982,0,982,-1,0,33,0,1
12,350,21.000000,0.000000,0,2,8735854,996,0,996,-1,0,33,0,1
12,350,21.000000,0.000000,0,2,8735857,1003,0,1003,-2,0,33,0,1
12,350,21.000000,0.000000,0,2,8735860,1017,0,1017,-3,0,33,0,1
12,350,21.000000,0.000000,0,2,8735862,1027,0,1027,-4,0,33,0,1
12,350,21.000000,0.000000,0,2,8735865,1032,0,1032,-4,0,33,0,1
12,350,21.000000,0.000000,0,2,8735868,1037,0,1037,-5,0,33,0,1
12,350,21.000000,0.000000,0,2,8735871,1041,0,1041,-5,0,33,0,1
12,350,21.000000,0.000000,0,2,8735874,1045,0,1045,-5,0,33,0,1
12,350,21.000000,0.000000,0,2,8735876,1048,0,1048,-5,0,33,0,1
12,350,21.000000,0.000000,0,2,8735879,1050,0,1050,-5,0,33,0,1
12,350,21.000000,0.000000,0,2,8735882,1052,0,1052,-6,0,33,0,1
12,350,21.000000,0.000000,0,2,8735885,1054,0,1054,-6,0,33,0,1
12,350,21.000000,0.000000,0,2,8735887,1055,0,1055,-6,0,33,0,1
12,350,21.000000,0.000000,0,2,8735890,1056,0,1056,-7,0,33,0,1
12,350,21.000000,0.000000,0,2,8735893,1057,0,1057,-7,0,33,0,1
12,350,21.000000,0.000000,0,2,8735896,1058,0,1058,-7,0,33,0,1
12,350,21.000000,0.000000,0,2,8735898,1059,0,1059,-7,0,33,0,1
12,350,21.000000,0.000000,0,2,8735901,1059,0,1059,-8,0,33,0,1
12,350,21.000000,0.000000,0,2,8735904,1060,0,1060,-8,0,33,0,1
12,350,21.000000,0.000000,0,2,8735907,1061,0,1061,-8,0,33,0,1
12,350,21.000000,0.000000,0,2,8735910,1061,0,1061,-8,0,33,0,1
12,350,21.000000,0.000000,0,2,8735912,1061,0,1061,-8,0,33,0,1
12,350,21.000000,0.000000,0,2,8735915,1061,0,1061,-8,0,33,0,1
12,350,21.000000,0.000000,0,2,8735918,1061,0,1061,-8,0,33,0,1
12,350,21.000000,0.000000,0,2,8735921,1062,0,1062,-8,0,33,0,1
12,350,21.000000,0.000000,0,2,8735923,1063,0,1063,-8,0,33,0,1
12,350,21.000000,0.000000,0,2,8735926,1064,0,1064,-8,0,33,0,1
12,350,21.000000,0.000000,0,2,8735929,1065,0,1065,-8,0,33,0,1
12,350,21.000000,0.000000,0,2,8735932,1066,0,1066,-8,0,33,0,1
12,350,21.000000,0.000000,0,2,8735935,1067,0,1067,-8,0,33,0,1
12,350,21.000000,0.000000,0,2,8735937,1067,0,1067,-8,0,33,0,1
12,350,21.000000,0.000000,0,2,8735940,1068,0,1068,-9,0,33,0,1
12,350,21.000000,0.000000,0,2,8735943,1068,0,1068,-9,0,33,0,1
12,350,21.000000,0.000000,0,2,8735946,1069,0,1069,-9,0,33,0,1
12,350,21.000000,0.000000,0,2,8735949,1070,0,1070,-9,0,33,0,1
12,350,21.000000,0.000000,0,2,8735951,1071,0,1071,-9,0,33,0,1
12,350,21.000000,0.000000,0,2,8735954,1072,0,1072,-10,0,33,0,1
12,350,21.000000,0.000000,0,2,8735957,1073,0,1073,-10,0,33,0,1
12,350,21.000000,0.000000,0,2,8735960,1074,0,1074,-10,0,33,0,1
12,350,21.000000,0.000000,0,2,8735962,1075,0,1075,-10,0,33,0,1
12,350,21.000000,0.000000,0,2,8735965,1076,0,1076,-10,0,33,0,1
12,350,21.000000,0.000000,0,2,8735968,1077,0,1077,-10,0,33,0,1
12,350,21.000000,0.000000,0,2,8735971,1077,0,1077,-10,0,33,0,1
12,350,21.000000,0.000000,0,2,8735974,1077,0,1077,-10,0,33,0,1
12,350,21.000000,0.000000,0,2,8735976,1078,0,1078,-10,0,33,0,1
12,350,21.000000,0.000000,0,2,8735979,1078,0,1078,-10,0,33,0,1
12,350,21.000000,0.000000,0,2,8735982,1078,0,1078,-10,0,33,0,1
12,350,21.000000,0.000000,0,2,8735985,1078,0,1078,-10,0,33,0,1
12,350,21.000000,0.000000,0,2,8735987,1078,0,1078,-10,0,33,0,1
12,350,21.000000,0.000000,0,2,8735990,1078,0,1078,-11,0,33,0,1
12,350,21.000000,0.000000,0,2,8735993,1078,0,1078,-12,0,33,0,1
12,350,21.000000,0.000000,0,2,8735996,1079,0,1079,-12,0,33,0,1
12,350,21.000000,0.000000,0,2,8735999,1080,0,1080,-12,0,33,0,1
12,350,21.000000,0.000000,0,2,8736001,1081,0,1081,-12,0,33,0,1
12,350,21.000000,0.000000,0,2,8736004,1083,0,1083,-12,0,33,0,1
12,350,21.000000,0.000000,0,2,8736007,1086,0,1086,-12,0,33,0,1
12,350,21.000000,0.000000,0,2,8736010,1089,0,1089,-12,0,33,0,1
12,350,21.000000,0.000000,0,2,8736012,1092,0,1092,-12,0,33,0,1
12,350,21.000000,0.000000,0,2,8736015,1094,0,1094,-12,0,33,0,1
12,350,21.000000,0.000000,0,2,8736018,1097,0,1097,-12,0,33,0,1
12,350,21.000000,0.000000,0,2,8736021,1101,0,1101,-12,0,33,0,1
12,350,21.000000,0.000000,0,2,8736023,1104,0,1104,-12,0,33,0,1
12,350,21.000000,0.000000,0,2,8736026,1107,0,1107,-12,0,33,0,1
12,350,21.000000,0.000000,0,2,8736029,1111,0,1111,-12,0,33,0,1
12,350,21.000000,0.000000,0,2,8736032,1114,0,1114,-12,0,33,0,1
12,350,21.000000,0.000000,0,2,8736034,1116,0,1116,-12,0,33,0,1
12,350,21.000000,0.000000,0,2,8736037,1119,0,1119,-13,0,33,0,1
12,350,21.000000,0.000000,0,2,8736040,1122,0,1122,-13,0,33,0,1
12,350,21.000000,0.000000,0,2,8736043,1125,0,1125,-13,0,33,0,1
12,350,21.000000,0.000000,0,2,8736046,1126,0,1126,-13,0,33,0,1
12,350,21.000000,0.000000,0,2,8736049,1127,0,1127,-13,0,33,0,1
12,350,21.000000,0.000000,0,2,8736051,1128,0,1128,-13,0,33,0,1
12,350,21.000000,0.000000,0,2,8736054,1129,0,1129,-13,0,33,0,1
12,350,21.000000,0.000000,0,2,8736057,1130,0,1130,-13,0,33,0,1
12,350,21.000000,0.000000,0,2,8736060,1130,0,1130,-13,0,33,0,1
12,350,21.000000,0.000000,0,2,8736062,1130,0,1130,-13,0,33,0,1
12,350,21.000000,0.000000,0,2,8736065,1130,0,1130,-13,0,33,0,1
12,350,21.000000,0.000000,0,2,8736068,1130,0,1130,-13,0,33,0,1
12,350,21.000000,0.000000,0,2,8736071,1130,0,1130,-13,0,33,0,1
12,350,21.000000,0.000000,0,2,8736073,1130,0,1130,-13,0,33,0,1
12,350,21.000000,0.000000,0,2,8736076,1130,0,1130,-13,0,33,0,1
12,350,21.000000,0.000000,0,2,8736079,1130,0,1130,-13,0,33,0,1
12,350,21.000000,0.000000,0,2,8736082,1130,0,1130,-13,0,33,0,1
12,350,21.000000,0.000000,0,2,8736084,1130,0,1130,-13,0,33,0,1
12,350,21.000000,0.000000,0,2,8736087,1130,0,1130,-13,0,33,0,1
12,350,21.000000,0.000000,0,2,8736090,1130,0,1130,-13,0,33,0,1
12,350,21.000000,0.000000,0,2,8736093,1130,0,1130,-13,0,33,0,1
12,350,21.000000,0.000000,0,2,8736096,1130,0,1130,-13,0,33,0,1
12,350,21.000000,0.000000,0,2,8736098,1130,0,1130,-13,0,33,0,1
12,350,21.000000,0.000000,0,2,8736101,1130,0,1130,-13,0,33,0,1
12,350,21.000000,0.000000,0,2,8736104,1130,0,1130,-13,0,33,0,1
12,350,21.000000,0.000000,0,2,8736107,1130,0,1130,-13,0,33,0,1
12,350,21.000000,0.000000,0,2,8736109,1130,0,1130,-14,0,33,0,1
12,350,21.000000,0.000000,0,2,8736112,1130,0,1130,-15,0,33,0,1
12,350,21.000000,0.000000,0,2,8736115,1130,0,1130,-15,0,33,0,1
12,350,21.000000,0.000000,0,2,8736118,1130,0,1130,-15,0,33,0,1
12,350,21.000000,0.000000,0,2,8736121,1130,0,1130,-15,0,33,0,1
12,350,21.000000,0.000000,0,2,8736123,1130,0,1130,-15,0,33,0,1
12,350,21.000000,0.000000,0,2,8736126,1130,0,1130,-15,0,33,0,1
12,350,21.000000,0.000000,0,2,8736129,1130,0,1130,-15,0,33,0,1
12,350,21.000000,0.000000,0,2,8736132,1130,0,1130,-15,0,33,0,1
12,350,21.000000,0.000000,0,2,8736134,1130,0,1130,-15,0,33,0,1
12,350,21.000000,0.000000,0,2,8736137,1130,0,1130,-15,0,33,0,1
12,350,21.000000,0.000000,0,2,8736140,1130,0,1130,-15,0,33,0,1
12,350,21.000000,0.000000,0,2,8736143,1130,0,1130,-15,0,33,0,1
12,350,21.000000,0.000000,0,2,8736146,1130,0,1130,-15,0,33,0,1
12,350,21.000000,0.000000,0,2,8736148,1130,0,1130,-15,0,33,0,1
12,350,21.000000,0.000000,0,2,8736152,1130,0,1130,-15,0,33,0,1
12,350,21.000000,0.000000,0,2,8736154,1130,0,1130,-15,0,33,0,1
12,350,21.000000,0.000000,0,2,8736157,1130,0,1130,-15,0,33,0,1
12,350,21.000000,0.000000,0,2,8736160,1130,0,1130,-15,0,33,0,1
12,350,21.000000,0.000000,0,2,8736162,1130,0,1130,-15,0,33,0,1
12,350,21.000000,0.000000,0,2,8736165,1130,0,1130,-15,0,33,0,1
12,350,21.000000,0.000000,0,2,8736168,1130,0,1130,-15,0,33,0,1
12,350,21.000000,0.000000,0,2,8736171,1130,0,1130,-15,0,33,0,1
12,350,21.000000,0.000000,0,2,8736174,1130,0,1130,-15,0,33,0,1
12,350,21.000000,0.000000,0,2,8736176,1130,0,1130,-15,0,33,0,1
12,350,21.000000,0.000000,0,2,8736179,1130,0,1130,-15,0,33,0,1
12,350,21.000000,0.000000,0,2,8736182,1130,0,1130,-15,0,33,0,1
12,350,21.000000,0.000000,0,2,8736185,1130,0,1130,-15,0,33,0,1
12,350,21.000000,0.000000,0,2,8736187,1130,0,1130,-15,0,33,0,1
12,350,21.000000,0.000000,0,2,8736190,1130,0,1130,-15,0,33,0,1
12,350,21.000000,0.000000,0,2,8736193,1130,0,1130,-15,0,33,0,1
12,350,21.000000,0.000000,0,2,8736196,1130,0,1130,-15,0,33,0,1
12,350,21.000000,0.000000,0,2,8736199,1130,0,1130,-15,0,33,0,1
12,350,21.000000,0.000000,0,2,8736202,1130,0,1130,-15,0,33,0,1
12,350,21.000000,0.000000,0,2,8736205,1130,0,1130,-15,0,33,0,1
12,350,21.000000,0.000000,0,2,8736216,1130,0,1130,-15,0,33,0,1
