12,350,21.000000,10000.000000,2,0,1576257668,783,11,783,11,0,48,0
12,350,21.000000,10000.000000,2,0,1576257669,783,11,783,11,0,48,0
12,350,21.000000,10000.000000,2,0,1576257671,783,11,783,11,0,48,0
12,350,21.000000,10000.000000,2,0,1576257674,784,11,784,11,0,48,0
12,350,21.000000,10000.000000,2,0,1576257677,785,11,785,11,0,48,0
12,350,21.000000,10000.000000,2,0,1576257679,785,11,785,11,0,48,0
12,350,21.000000,10000.000000,2,0,1576257682,785,11,785,11,0,48,0
12,350,21.000000,10000.000000,2,0,1576257685,785,11,785,11,0,48,0
12,350,21.000000,10000.000000,2,0,1576257688,785,11,785,11,0,48,0
12,350,21.000000,10000.000000,2,0,1576257691,785,11,785,11,0,48,0
12,350,21.000000,10000.000000,2,0,1576257693,785,11,785,11,0,48,0
12,350,21.000000,10000.000000,2,0,1576257696,785,12,785,12,0,48,0
12,350,21.000000,10000.000000,2,0,1576257699,785,12,785,12,0,48,0
12,350,21.000000,10000.000000,2,0,1576257702,785,12,785,12,0,48,0
12,350,21.000000,10000.000000,2,0,1576257704,785,12,785,12,0,48,0
12,350,21.000000,10000.000000,2,0,1576257707,785,12,785,12,0,48,0
12,350,21.000000,10000.000000,2,0,1576257710,785,12,785,12,0,48,0
12,350,21.000000,10000.000000,2,0,1576257713,785,12,785,12,0,48,0
12,350,21.000000,10000.000000,2,0,1576257716,785,12,785,12,0,48,0
12,350,21.000000,10000.000000,2,0,1576257718,785,12,785,12,0,48,0
12,350,21.000000,10000.000000,2,0,1576257721,784,12,784,12,0,48,0
12,350,21.000000,10000.000000,2,0,1576257724,783,12,783,12,0,48,0
12,350,21.000000,10000.000000,2,0,1576257727,783,12,783,12,0,48,0
12,350,21.000000,10000.000000,2,0,1576257730,783,12,783,12,0,48,0
12,350,21.000000,10000.000000,2,0,1576257732,783,12,783,12,0,48,0
12,350,21.000000,10000.000000,2,0,1576257735,783,12,783,12,0,48,0
12,350,21.000000,10000.000000,2,0,1576257738,783,13,783,13,0,48,0
12,350,21.000000,10000.000000,2,0,1576257741,783,14,783,14,0,48,0
12,350,21.000000,10000.000000,2,0,1576257743,783,14,783,14,0,48,0
12,350,21.000000,10000.000000,2,0,1576257746,783,14,783,14,0,48,0
12,350,21.000000,10000.000000,2,0,1576257749,783,14,783,14,0,48,0
12,350,21.000000,10000.000000,2,0,1576257752,783,15,783,15,0,48,0
12,350,21.000000,10000.000000,2,0,1576257755,783,16,783,16,0,48,0
12,350,21.000000,10000.000000,2,0,1576257757,783,16,783,16,0,48,0
12,350,21.000000,10000.000000,2,0,1576257760,783,16,783,16,0,48,0
12,350,21.000000,10000.000000,2,0,1576257763,783,16,783,16,0,48,0
12,350,21.000000,10000.000000,2,0,1576257766,783,16,783,16,0,48,0
12,350,21.000000,10000.000000,2,0,1576257769,783,17,783,17,0,48,0
12,350,21.000000,10000.000000,2,0,1576257771,783,18,783,18,0,48,0
12,350,21.000000,10000.000000,2,0,1576257774,783,18,783,18,0,48,0
12,350,21.000000,10000.000000,2,0,1576257777,783,18,783,18,0,48,0
12,350,21.000000,10000.000000,2,0,1576257780,783,19,783,19,0,48,0
12,350,21.000000,10000.000000,2,0,1576257782,783,20,783,20,0,48,0
12,350,21.000000,10000.000000,2,0,1576257785,784,20,784,20,0,48,0
12,350,21.000000,10000.000000,2,0,1576257788,785,20,785,20,0,48,0
12,350,21.000000,10000.000000,2,0,1576257791,785,20,785,20,0,48,0
12,350,21.000000,10000.000000,2,0,1576257794,785,20,785,20,0,48,0
12,350,21.000000,10000.000000,2,0,1576257797,786,20,786,20,0,48,0
12,350,21.000000,10000.000000,2,0,1576257799,787,20,787,20,0,48,0
12,350,21.000000,10000.000000,2,0,1576257802,788,20,788,20,0,48,0
12,350,21.000000,10000.000000,2,0,1576257804,789,20,789,20,0,48,0
12,350,21.000000,10000.000000,2,0,1576257807,790,20,790,20,0,48,0
12,350,21.000000,10000.000000,2,0,1576257810,791,20,791,20,0,48,0
12,350,21.000000,10000.000000,2,0,1576257813,792,20,792,20,0,48,0
12,350,21.000000,10000.000000,2,0,1576257816,793,20,793,20,0,48,0
12,350,21.000000,10000.000000,2,0,1576257818,794,20,794,20,0,48,0
12,350,21.000000,10000.000000,2,0,1576257821,795,20,795,20,0,48,0
12,350,21.000000,10000.000000,2,0,1576257824,797,20,797,20,0,48,0
12,350,21.000000,10000.000000,2,0,1576257827,799,20,799,20,0,48,0
12,350,21.000000,10000.000000,2,0,1576257830,800,20,800,20,0,48,0
12,350,21.000000,10000.000000,2,0,1576257833,804,20,804,20,0,48,0
12,350,21.000000,10000.000000,2,0,1576257835,806,20,806,20,0,48,0
12,350,21.000000,10000.000000,2,0,1576257838,808,20,808,20,0,48,0
12,350,21.000000,10000.000000,2,0,1576257840,811,20,811,20,0,48,0
12,350,21.000000,10000.000000,2,0,1576257843,814,20,814,20,0,48,0
12,350,21.000000,10000.000000,2,0,1576257846,819,19,819,19,0,48,0
12,350,21.000000,10000.000000,2,0,1576257849,822,19,822,19,0,48,0
12,350,21.000000,10000.000000,2,0,1576257852,827,19,827,19,0,48,0
12,350,21.000000,10000.000000,2,0,1576257856,833,19,833,19,0,48,0
12,350,21.000000,10000.000000,2,0,1576257859,844,19,844,19,0,48,0
12,350,21.000000,10000.000000,2,0,1576257862,850,19,850,19,0,48,0
12,350,21.000000,10000.000000,2,0,1576257864,856,19,856,19,0,48,0
12,350,21.000000,10000.000000,2,0,1576257868,864,19,864,19,0,48,0
12,350,21.000000,10000.000000,2,0,1576257871,872,19,872,19,0,48,0
12,350,21.000000,10000.000000,2,0,1576257874,888,19,888,19,0,48,0
12,350,21.000000,10000.000000,2,0,1576257877,896,19,896,19,0,48,0
12,350,21.000000,10000.000000,2,0,1576257880,906,19,906,19,0,48,0
12,350,21.000000,10000.000000,2,0,1576257883,915,19,915,19,0,48,0
12,350,21.000000,10000.000000,2,0,1576257885,924,19,924,19,0,48,0
12,350,21.000000,10000.000000,2,0,1576257888,932,19,932,19,0,48,0
12,350,21.000000,10000.000000,2,0,1576257891,940,19,940,19,0,48,0
12,350,21.000000,10000.000000,2,0,1576257894,949,19,949,19,0,48,0
12,350,21.000000,10000.000000,2,0,1576257896,958,19,958,19,0,48,0
12,350,21.000000,10000.000000,2,0,1576257899,967,19,967,19,0,48,0
12,350,21.000000,10000.000000,2,0,1576257902,975,19,975,19,0,48,0
12,350,21.000000,10000.000000,2,0,1576257904,985,19,985,19,0,48,0
12,350,21.000000,10000.000000,2,0,1576257907,993,19,993,19,0,48,0
12,350,21.000000,10000.000000,2,0,1576257910,1001,19,1001,19,0,48,0
12,350,21.000000,10000.000000,2,0,1576257913,1009,19,1009,19,0,48,0
12,350,21.000000,10000.000000,2,0,1576257916,1018,20,1018,20,0,48,0
12,350,21.000000,10000.000000,2,0,1576257919,1023,20,1023,20,0,48,0
12,350,21.000000,10000.000000,2,0,1576257921,1030,20,1030,20,0,48,0
12,350,21.000000,10000.000000,2,0,1576257924,1038,20,1038,20,0,48,0
12,350,21.000000,10000.000000,2,0,1576257927,1042,20,1042,20,0,48,0
12,350,21.000000,10000.000000,2,0,1576257930,1049,20,1049,20,0,48,0
12,350,21.000000,10000.000000,2,0,1576257933,1055,20,1055,20,0,48,0
12,350,21.000000,10000.000000,2,0,1576257936,1059,20,1059,20,0,48,0
12,350,21.000000,10000.000000,2,0,1576257938,1063,20,1063,20,0,48,0
12,350,21.000000,10000.000000,2,0,1576257941,1069,20,1069,20,0,48,0
12,350,21.000000,10000.000000,2,0,1576257944,1074,20,1074,20,0,48,0
12,350,21.000000,10000.000000,2,0,1576257947,1078,20,1078,20,0,48,0
12,350,21.000000,10000.000000,2,0,1576257950,1082,20,1082,20,0,48,0
12,350,21.000000,10000.000000,2,0,1576257952,1086,20,1086,20,0,48,0
12,350,21.000000,10000.000000,2,0,1576257955,1089,20,1089,20,0,48,0
12,350,21.000000,10000.000000,2,0,1576257958,1092,20,1092,20,0,48,0
12,350,21.000000,10000.000000,2,0,1576257961,1095,20,1095,20,0,48,0
12,350,21.000000,10000.000000,2,0,1576257963,1098,20,1098,20,0,48,0
12,350,21.000000,10000.000000,2,0,1576257966,1100,20,1100,20,0,48,0
12,350,21.000000,10000.000000,2,0,1576257969,1103,20,1103,20,0,48,0
12,350,21.000000,10000.000000,2,0,1576257971,1104,20,1104,20,0,48,0
12,350,21.000000,10000.000000,2,0,1576257974,1105,20,1105,20,0,48,0
12,350,21.000000,10000.000000,2,0,1576257977,1107,20,1107,20,0,48,0
12,350,21.000000,10000.000000,2,0,1576257980,1109,20,1109,20,0,48,0
12,350,21.000000,10000.000000,2,0,1576257982,1111,20,1111,20,0,48,0
12,350,21.000000,10000.000000,2,0,1576257985,1112,20,1112,20,0,48,0
12,350,21.000000,10000.000000,2,0,1576257988,1113,20,1113,20,0,48,0
12,350,21.000000,10000.000000,2,0,1576257991,1114,20,1114,20,0,48,0
12,350,21.000000,10000.000000,2,0,1576257994,1115,20,1115,20,0,48,0
12,350,21.000000,10000.000000,2,0,1576257997,1116,20,1116,20,0,48,0
12,350,21.000000,10000.000000,2,0,1576257999,1117,20,1117,20,0,48,0
12,350,21.000000,10000.000000,2,0,1576258002,1118,20,1118,20,0,48,0
12,350,21.000000,10000.000000,2,0,1576258005,1119,20,1119,20,0,48,0
12,350,21.000000,10000.000000,2,0,1576258008,1120,20,1120,20,0,48,0
12,350,21.000000,10000.000000,2,0,1576258010,1122,20,1122,20,0,48,0
12,350,21.000000,10000.000000,2,0,1576258013,1123,20,1123,20,0,48,0
12,350,21.000000,10000.000000,2,0,1576258016,1124,20,1124,20,0,48,0
12,350,21.000000,10000.000000,2,0,1576258019,1125,19,1125,19,0,48,0
12,350,21.000000,10000.000000,2,0,1576258022,1126,18,1126,18,0,48,0
12,350,21.000000,10000.000000,2,0,1576258024,1127,18,1127,18,0,48,0
12,350,21.000000,10000.000000,2,0,1576258027,1129,18,1129,18,0,48,0
12,350,21.000000,10000.000000,2,0,1576258030,1131,18,1131,18,0,48,0
12,350,21.000000,10000.000000,2,0,1576258032,1133,18,1133,18,0,48,0
12,350,21.000000,10000.000000,2,0,1576258035,1133,18,1133,18,0,48,0
12,350,21.000000,10000.000000,2,0,1576258038,1134,18,1134,18,0,48,0
12,350,21.000000,10000.000000,2,0,1576258041,1135,18,1135,18,0,48,0
12,350,21.000000,10000.000000,2,0,1576258044,1135,17,1135,17,0,48,0
12,350,21.000000,10000.000000,2,0,1576258047,1138,17,1138,17,0,48,0
12,350,21.000000,10000.000000,2,0,1576258049,1141,17,1141,17,0,48,0
12,350,21.000000,10000.000000,2,0,1576258052,1143,17,1143,17,0,48,0
12,350,21.000000,10000.000000,2,0,1576258055,1145,17,1145,17,0,48,0
12,350,21.000000,10000.000000,2,0,1576258057,1145,17,1145,17,0,48,0
12,350,21.000000,10000.000000,2,0,1576258060,1145,17,1145,17,0,48,0
12,350,21.000000,10000.000000,2,0,1576258063,1145,17,1145,17,0,48,0
12,350,21.000000,10000.000000,2,0,1576258066,1145,17,1145,17,0,48,0
12,350,21.000000,10000.000000,2,0,1576258069,1146,17,1146,17,0,48,0
12,350,21.000000,10000.000000,2,0,1576258072,1147,17,1147,17,0,48,0
12,350,21.000000,10000.000000,2,0,1576258075,1147,17,1147,17,0,48,0
12,350,21.000000,10000.000000,2,0,1576258077,1147,17,1147,17,0,48,0
12,350,21.000000,10000.000000,2,0,1576258080,1147,17,1147,17,0,48,0
12,350,21.000000,10000.000000,2,0,1576258083,1147,17,1147,17,0,48,0
12,350,21.000000,10000.000000,2,0,1576258085,1147,17,1147,17,0,48,0
12,350,21.000000,10000.000000,2,0,1576258088,1147,17,1147,17,0,48,0
12,350,21.000000,10000.000000,2,0,1576258091,1147,17,1147,17,0,48,0
12,350,21.000000,10000.000000,2,0,1576258094,1147,17,1147,17,0,48,0
12,350,21.000000,10000.000000,2,0,1576258097,1147,17,1147,17,0,48,0
12,350,21.000000,10000.000000,2,0,1576258099,1147,17,1147,17,0,48,0
12,350,21.000000,10000.000000,2,0,1576258102,1147,17,1147,17,0,48,0
12,350,21.000000,10000.000000,2,0,1576258105,1147,17,1147,17,0,48,0
12,350,21.000000,10000.000000,2,0,1576258108,1147,17,1147,17,0,48,0
12,350,21.000000,10000.000000,2,0,1576258110,1147,17,1147,17,0,48,0
12,350,21.000000,10000.000000,2,0,1576258113,1147,17,1147,17,0,48,0
12,350,21.000000,10000.000000,2,0,1576258116,1147,17,1147,17,0,48,0
12,350,21.000000,10000.000000,2,0,1576258119,1147,17,1147,17,0,48,0
12,350,21.000000,10000.000000,2,0,1576258122,1147,17,1147,17,0,48,0
12,350,21.000000,10000.000000,2,0,1576258124,1147,17,1147,17,0,48,0
12,350,21.000000,10000.000000,2,0,1576258127,1147,17,1147,17,0,48,0
12,350,21.000000,10000.000000,2,0,1576258130,1147,17,1147,17,0,48,0
12,350,21.000000,10000.000000,2,0,1576258133,1147,17,1147,17,0,48,0
12,350,21.000000,10000.000000,2,0,1576258135,1147,17,1147,17,0,48,0
12,350,21.000000,10000.000000,2,0,1576258138,1147,17,1147,17,0,48,0
12,350,21.000000,10000.000000,2,0,1576258141,1147,17,1147,17,0,48,0
12,350,21.000000,10000.000000,2,0,1576258144,1147,17,1147,17,0,48,0
12,350,21.000000,10000.000000,2,0,1576258147,1147,17,1147,17,0,48,0
12,350,21.000000,10000.000000,2,0,1576258150,1147,17,1147,17,0,48,0
12,350,21.000000,10000.000000,2,0,1576258152,1147,17,1147,17,0,48,0
12,350,21.000000,10000.000000,2,0,1576258155,1147,17,1147,17,0,48,0
12,350,21.000000,10000.000000,2,0,1576258158,1147,17,1147,17,0,48,0
12,350,21.000000,10000.000000,2,0,1576258160,1147,17,1147,17,0,48,0
12,350,21.000000,10000.000000,2,0,1576258163,1147,17,1147,17,0,48,0
12,350,21.000000,10000.000000,2,0,1576258166,1147,17,1147,17,0,48,0
12,350,21.000000,10000.000000,2,0,1576258169,1147,17,1147,17,0,48,0
12,350,21.000000,10000.000000,2,0,1576258172,1147,17,1147,17,0,48,0
12,350,21.000000,10000.000000,2,0,1576258174,1146,17,1146,17,0,48,0
12,350,21.000000,10000.000000,2,0,1576258177,1146,17,1146,17,0,48,0
12,350,21.000000,10000.000000,2,0,1576258180,1146,17,1146,17,0,48,0
12,350,21.000000,10000.000000,2,0,1576258183,1146,17,1146,17,0,48,0
12,350,21.000000,10000.000000,2,0,1576258185,1146,17,1146,17,0,48,0
12,350,21.000000,10000.000000,2,0,1576258188,1146,17,1146,17,0,48,0
12,350,21.000000,10000.000000,2,0,1576258191,1146,17,1146,17,0,48,0
12,350,21.000000,10000.000000,2,0,1576258194,1146,17,1146,17,0,48,0
12,350,21.000000,10000.000000,2,0,1576258196,1146,17,1146,17,0,48,0
12,350,21.000000,10000.000000,2,0,1576258199,1146,17,1146,17,0,48,0
12,350,21.000000,10000.000000,2,0,1576258202,1146,17,1146,17,0,48,0
12,350,21.000000,10000.000000,2,0,1576258205,1146,17,1146,17,0,48,0
12,350,21.000000,10000.000000,2,0,1576258208,1146,17,1146,17,0,48,0
12,350,21.000000,10000.000000,2,0,1576258211,1146,17,1146,17,0,48,0
12,350,21.000000,10000.000000,2,0,1576258214,1146,17,1146,17,0,48,0
12,350,21.000000,10000.000000,2,0,1576258216,1146,17,1146,17,0,48,0
12,350,21.000000,10000.000000,2,0,1576258219,1146,17,1146,17,0,48,0
12,350,21.000000,10000.000000,2,0,1576258222,1146,17,1146,17,0,48,0
12,350,21.000000,10000.000000,2,0,1576258224,1146,17,1146,17,0,48,0
12,350,21.000000,10000.000000,2,0,1576258227,1146,17,1146,17,0,48,0
12,350,21.000000,10000.000000,2,0,1576258230,1146,17,1146,17,0,48,0
12,350,21.000000,10000.000000,2,0,1576258233,1145,17,1145,17,0,48,0
12,350,21.000000,10000.000000,2,0,1576258235,1144,17,1144,17,0,48,0
12,350,21.000000,10000.000000,2,0,1576258238,1144,17,1144,17,0,48,0
12,350,21.000000,10000.000000,2,0,1576258241,1144,17,1144,17,0,48,0
12,350,21.000000,10000.000000,2,0,1576258244,1143,17,1143,17,0,48,0
12,350,21.000000,10000.000000,2,0,1576258247,1142,17,1142,17,0,48,0
12,350,21.000000,10000.000000,2,0,1576258249,1142,17,1142,17,0,48,0
12,350,21.000000,10000.000000,2,0,1576258252,1142,17,1142,17,0,48,0
12,350,21.000000,10000.000000,2,0,1576258255,1142,17,1142,17,0,48,0
12,350,21.000000,10000.000000,2,0,1576258258,1141,17,1141,17,0,48,0
12,350,21.000000,10000.000000,2,0,1576258260,1140,17,1140,17,0,48,0
12,350,21.000000,10000.000000,2,0,1576258263,1138,16,1138,16,0,48,0
12,350,21.000000,10000.000000,2,0,1576258266,1136,15,1136,15,0,48,0
12,350,21.000000,10000.000000,2,0,1576258269,1136,15,1136,15,0,48,0
12,350,21.000000,10000.000000,2,0,1576258272,1135,14,1135,14,0,48,0
12,350,21.000000,10000.000000,2,0,1576258275,1134,13,1134,13,0,48,0
12,350,21.000000,10000.000000,2,0,1576258277,1134,13,1134,13,0,48,0
12,350,21.000000,10000.000000,2,0,1576258280,1133,13,1133,13,0,48,0
12,350,21.000000,10000.000000,2,0,1576258283,1133,13,1133,13,0,48,0
12,350,21.000000,10000.000000,2,0,1576258286,1133,13,1133,13,0,48,0
12,350,21.000000,10000.000000,2,0,1576258288,1133,13,1133,13,0,48,0
12,350,21.000000,10000.000000,2,0,1576258291,1133,13,1133,13,0,48,0
12,350,21.000000,10000.000000,2,0,1576258294,1133,13,1133,13,0,48,0
12,350,21.000000,10000.000000,2,0,1576258297,1132,13,1132,13,0,48,0
12,350,21.000000,10000.000000,2,0,1576258299,1132,13,1132,13,0,48,0
12,350,21.000000,10000.000000,2,0,1576258302,1132,13,1132,13,0,48,0
12,350,21.000000,10000.000000,2,0,1576258305,1132,13,1132,13,0,48,0
12,350,21.000000,10000.000000,2,0,1576258308,1132,13,1132,13,0,48,0
12,350,21.000000,10000.000000,2,0,1576258311,1132,13,1132,13,0,48,0
12,350,21.000000,10000.000000,2,0,1576258313,1132,13,1132,13,0,48,0
12,350,21.000000,10000.000000,2,0,1576258316,1132,13,1132,13,0,48,0
12,350,21.000000,10000.000000,2,0,1576258319,1132,13,1132,13,0,48,0
12,350,21.000000,10000.000000,2,0,1576258321,1132,13,1132,13,0,48,0
12,350,21.000000,10000.000000,2,0,1576258324,1132,13,1132,13,0,48,0
12,350,21.000000,10000.000000,2,0,1576258327,1132,13,1132,13,0,48,0
12,350,21.000000,10000.000000,2,0,1576258330,1132,13,1132,13,0,48,0
12,350,21.000000,10000.000000,2,0,1576258333,1132,13,1132,13,0,48,0
12,350,21.000000,10000.000000,2,0,1576258335,1132,13,1132,13,0,48,0
12,350,21.000000,10000.000000,2,0,1576258338,1132,13,1132,13,0,48,0
12,350,21.000000,10000.000000,2,0,1576258341,1132,13,1132,13,0,48,0
12,350,21.000000,10000.000000,2,0,1576258344,1132,13,1132,13,0,48,0
12,350,21.000000,10000.000000,2,0,1576258347,1132,13,1132,13,0,48,0
12,350,21.000000,10000.000000,2,0,1576258349,1132,13,1132,13,0,48,0
12,350,21.000000,10000.000000,2,0,1576258352,1132,13,1132,13,0,48,0
12,350,21.000000,10000.000000,2,0,1576258355,1132,13,1132,13,0,48,0
12,350,21.000000,10000.000000,2,0,1576258358,1132,13,1132,13,0,48,0
12,350,21.000000,10000.000000,2,0,1576258361,1132,13,1132,13,0,48,0
12,350,21.000000,10000.000000,2,0,1576258363,1132,13,1132,13,0,48,0
12,350,21.000000,10000.000000,2,0,1576258366,1132,13,1132,13,0,48,0
12,350,21.000000,10000.000000,2,0,1576258369,1132,13,1132,13,0,48,0
12,350,21.000000,10000.000000,2,0,1576258372,1132,13,1132,13,0,48,0
12,350,21.000000,10000.000000,2,0,1576258375,1132,13,1132,13,0,48,0
12,350,21.000000,10000.000000,2,0,1576258377,1132,13,1132,13,0,48,0
12,350,21.000000,10000.000000,2,0,1576258380,1132,13,1132,13,0,48,0
12,350,21.000000,10000.000000,2,0,1576258383,1132,13,1132,13,0,48,0
12,350,21.000000,10000.000000,2,0,1576258386,1132,13,1132,13,0,48,0
12,350,21.000000,10000.000000,2,0,1576258400,1132,13,1132,13,0,48,0
