5,350,21.000000,0.000000,1,0,521441,785,10,785,10,0,0,5
5,350,21.000000,0.000000,1,0,521442,785,10,785,10,0,0,5
5,350,21.000000,0.000000,1,0,521445,785,10,785,10,0,0,5
5,350,21.000000,0.000000,1,0,521447,785,10,785,10,0,0,5
5,350,21.000000,0.000000,1,0,521451,785,10,785,10,0,0,5
5,350,21.000000,0.000000,1,0,521453,785,10,785,10,0,0,5
5,350,21.000000,0.000000,1,0,521456,785,10,785,10,0,0,5
5,350,21.000000,0.000000,1,0,521459,785,10,785,10,0,0,5
5,350,21.000000,0.000000,1,0,521462,785,10,785,10,0,0,5
5,350,21.000000,0.000000,1,0,521464,785,10,785,10,0,0,5
5,350,21.000000,0.000000,1,0,521467,785,10,785,10,0,0,5
5,350,21.000000,0.000000,1,0,521470,785,10,785,10,0,0,5
5,350,21.000000,0.000000,1,0,521473,785,10,785,10,0,0,5
5,350,21.000000,0.000000,1,0,521475,785,10,785,10,0,0,5
5,350,21.000000,0.000000,1,0,521478,785,10,785,10,0,0,5
5,350,21.000000,0.000000,1,0,521481,785,10,785,10,0,0,5
5,350,21.000000,0.000000,1,0,521484,785,10,785,10,0,0,5
5,350,21.000000,0.000000,1,0,521487,785,10,785,10,0,0,5
5,350,21.000000,0.000000,1,0,521489,785,10,785,10,0,0,5
5,350,21.000000,0.000000,1,0,521492,785,10,785,10,0,0,5
5,350,21.000000,0.000000,1,0,521495,785,10,785,10,0,0,5
5,350,21.000000,0.000000,1,0,521498,785,10,785,10,0,0,5
5,350,21.000000,0.000000,1,0,521501,785,10,785,10,0,0,5
5,350,21.000000,0.000000,1,0,521503,785,10,785,10,0,0,5
5,350,21.000000,0.000000,1,0,521506,785,10,785,10,0,0,5
5,350,21.000000,0.000000,1,0,521510,785,10,785,10,0,0,5
5,350,21.000000,0.000000,1,0,521512,785,10,785,10,0,0,5
5,350,21.000000,0.000000,1,0,521514,785,10,785,10,0,0,5
5,350,21.000000,0.000000,1,0,521517,785,10,785,10,0,0,5
5,350,21.000000,0.000000,1,0,521520,785,10,785,10,0,0,5
5,350,21.000000,0.000000,1,0,521522,785,10,785,10,0,0,5
5,350,21.000000,0.000000,1,0,521525,785,10,785,10,0,0,5
5,350,21.000000,0.000000,1,0,521528,785,11,785,11,0,0,5
5,350,21.000000,0.000000,1,0,521531,785,11,785,11,0,0,5
5,350,21.000000,0.000000,1,0,521534,786,12,786,12,0,0,5
5,350,21.000000,0.000000,1,0,521536,787,13,787,13,0,0,5
5,350,21.000000,0.000000,1,0,521539,789,14,789,14,0,0,5
5,350,21.000000,0.000000,1,0,521542,789,15,789,15,0,0,5
5,350,21.000000,0.000000,1,0,521545,790,16,790,16,0,0,5
5,350,21.000000,0.000000,1,0,521548,792,16,792,16,0,0,5
5,350,21.000000,0.000000,1,0,521550,794,17,794,17,0,0,5
5,350,21.000000,0.000000,1,0,521553,794,18,794,18,0,0,5
5,350,21.000000,0.000000,1,0,521556,796,19,796,19,0,0,5
5,350,21.000000,0.000000,1,0,521559,799,22,799,22,0,0,5
5,350,21.000000,0.000000,1,0,521561,803,24,803,24,0,0,5
5,350,21.000000,0.000000,1,0,521564,804,24,804,24,0,0,5
5,350,21.000000,0.000000,1,0,521567,811,29,811,29,0,0,5
5,350,21.000000,0.000000,1,0,521570,815,32,815,32,0,0,5
5,350,21.000000,0.000000,1,0,521573,818,32,818,32,0,0,5
5,350,21.000000,0.000000,1,0,521575,822,34,822,34,0,0,5
5,350,21.000000,0.000000,1,0,521578,828,36,828,36,0,0,5
5,350,21.000000,0.000000,1,0,521581,832,38,832,38,0,0,5
5,350,21.000000,0.000000,1,0,521584,835,39,835,39,0,0,5
5,350,21.000000,0.000000,1,0,521586,841,40,841,40,0,0,5
5,350,21.000000,0.000000,1,0,521589,845,41,845,41,0,0,5
5,350,21.000000,0.000000,1,0,521592,851,43,851,43,0,0,5
5,350,21.000000,0.000000,1,0,521595,854,44,854,44,0,0,5
5,350,21.000000,0.000000,1,0,521598,859,46,859,46,0,0,5
5,350,21.000000,0.000000,1,0,521600,864,47,864,47,0,0,5
5,350,21.000000,0.000000,1,0,521603,871,48,871,48,0,0,5
5,350,21.000000,0.000000,1,0,521606,877,49,877,49,0,0,5
5,350,21.000000,0.000000,1,0,521609,881,50,881,50,0,0,5
5,350,21.000000,0.000000,1,0,521612,893,52,893,52,0,0,5
5,350,21.000000,0.000000,1,0,521614,901,53,901,53,0,0,5
5,350,21.000000,0.000000,1,0,521617,904,53,904,53,0,0,5
5,350,21.000000,0.000000,1,0,521620,910,53,910,53,0,0,5
5,350,21.000000,0.000000,1,0,521623,916,54,916,54,0,0,5
5,350,21.000000,0.000000,1,0,521626,924,54,924,54,0,0,5
5,350,21.000000,0.000000,1,0,521628,931,54,931,54,0,0,5
5,350,21.000000,0.000000,1,0,521631,939,54,939,54,0,0,5
5,350,21.000000,0.000000,1,0,521634,947,54,947,54,0,0,5
5,350,21.000000,0.000000,1,0,521636,955,54,955,54,0,0,5
5,350,21.000000,0.000000,1,0,521639,962,54,962,54,0,0,5
5,350,21.000000,0.000000,1,0,521642,972,54,972,54,0,0,5
5,350,21.000000,0.000000,1,0,521645,978,54,978,54,0,0,5
5,350,21.000000,0.000000,1,0,521648,988,54,988,54,0,0,5
5,350,21.000000,0.000000,1,0,521650,995,54,995,54,0,0,5
5,350,21.000000,0.000000,1,0,521653,1002,54,1002,54,0,0,5
5,350,21.000000,0.000000,1,0,521656,1011,54,1011,54,0,0,5
5,350,21.000000,0.000000,1,0,521659,1018,54,1018,54,0,0,5
5,350,21.000000,0.000000,1,0,521662,1026,54,1026,54,0,0,5
5,350,21.000000,0.000000,1,0,521664,1031,54,1031,54,0,0,5
5,350,21.000000,0.000000,1,0,521667,1038,54,1038,54,0,0,5
5,350,21.000000,0.000000,1,0,521670,1043,54,1043,54,0,0,5
5,350,21.000000,0.000000,1,0,521673,1048,54,1048,54,0,0,5
5,350,21.000000,0.000000,1,0,521676,1054,54,1054,54,0,0,5
5,350,21.000000,0.000000,1,0,521678,1057,54,1057,54,0,0,5
5,350,21.000000,0.000000,1,0,521681,1061,53,1061,53,0,0,5
5,350,21.000000,0.000000,1,0,521684,1064,52,1064,52,0,0,5
5,350,21.000000,0.000000,1,0,521687,1068,52,1068,52,0,0,5
5,350,21.000000,0.000000,1,0,521690,1071,52,1071,52,0,0,5
5,350,21.000000,0.000000,1,0,521692,1073,51,1073,51,0,0,5
5,350,21.000000,0.000000,1,0,521695,1076,51,1076,51,0,0,5
5,350,21.000000,0.000000,1,0,521698,1078,51,1078,51,0,0,5
5,350,21.000000,0.000000,1,0,521700,1081,50,1081,50,0,0,5
5,350,21.000000,0.000000,1,0,521703,1083,49,1083,49,0,0,5
5,350,21.000000,0.000000,1,0,521706,1084,48,1084,48,0,0,5
5,350,21.000000,0.000000,1,0,521709,1086,47,1086,47,0,0,5
5,350,21.000000,0.000000,1,0,521712,1088,46,1088,46,0,0,5
5,350,21.000000,0.000000,1,0,521715,1089,45,1089,45,0,0,5
5,350,21.000000,0.000000,1,0,521717,1090,44,1090,44,0,0,5
5,350,21.000000,0.000000,1,0,521720,1091,44,1091,44,0,0,5
5,350,21.000000,0.000000,1,0,521723,1092,43,1092,43,0,0,5
5,350,21.000000,0.000000,1,0,521726,1092,42,1092,42,0,0,5
5,350,21.000000,0.000000,1,0,521728,1094,42,1094,42,0,0,5
5,350,21.000000,0.000000,1,0,521731,1094,41,1094,41,0,0,5
5,350,21.000000,0.000000,1,0,521734,1095,39,1095,39,0,0,5
5,350,21.000000,0.000000,1,0,521737,1096,38,1096,38,0,0,5
5,350,21.000000,0.000000,1,0,521740,1097,37,1097,37,0,0,5
5,350,21.000000,0.000000,1,0,521742,1098,37,1098,37,0,0,5
5,350,21.000000,0.000000,1,0,521745,1099,37,1099,37,0,0,5
5,350,21.000000,0.000000,1,0,521748,1099,36,1099,36,0,0,5
5,350,21.000000,0.000000,1,0,521751,1099,35,1099,35,0,0,5
5,350,21.000000,0.000000,1,0,521753,1099,35,1099,35,0,0,5
5,350,21.000000,0.000000,1,0,521756,1100,35,1100,35,0,0,5
5,350,21.000000,0.000000,1,0,521759,1100,34,1100,34,0,0,5
5,350,21.000000,0.000000,1,0,521762,1100,33,1100,33,0,0,5
5,350,21.000000,0.000000,1,0,521764,1100,32,1100,32,0,0,5
5,350,21.000000,0.000000,1,0,521767,1100,31,1100,31,0,0,5
5,350,21.000000,0.000000,1,0,521770,1101,31,1101,31,0,0,5
5,350,21.000000,0.000000,1,0,521773,1101,31,1101,31,0,0,5
5,350,21.000000,0.000000,1,0,521776,1101,31,1101,31,0,0,5
5,350,21.000000,0.000000,1,0,521778,1102,31,1102,31,0,0,5
5,350,21.000000,0.000000,1,0,521781,1102,30,1102,30,0,0,5
5,350,21.000000,0.000000,1,0,521784,1103,30,1103,30,0,0,5
5,350,21.000000,0.000000,1,0,521787,1104,30,1104,30,0,0,5
5,350,21.000000,0.000000,1,0,521789,1104,30,1104,30,0,0,5
5,350,21.000000,0.000000,1,0,521792,1105,30,1105,30,0,0,5
5,350,21.000000,0.000000,1,0,521795,1106,30,1106,30,0,0,5
5,350,21.000000,0.000000,1,0,521798,1107,29,1107,29,0,0,5
5,350,21.000000,0.000000,1,0,521800,1107,29,1107,29,0,0,5
5,350,21.000000,0.000000,1,0,521803,1108,29,1108,29,0,0,5
5,350,21.000000,0.000000,1,0,521806,1109,28,1109,28,0,0,5
5,350,21.000000,0.000000,1,0,521809,1110,28,1110,28,0,0,5
5,350,21.000000,0.000000,1,0,521812,1111,28,1111,28,0,0,5
5,350,21.000000,0.000000,1,0,521815,1111,27,1111,27,0,0,5
5,350,21.000000,0.000000,1,0,521817,1111,26,1111,26,0,0,5
5,350,21.000000,0.000000,1,0,521820,1111,26,1111,26,0,0,5
5,350,21.000000,0.000000,1,0,521823,1111,26,1111,26,0,0,5
5,350,21.000000,0.000000,1,0,521826,1111,25,1111,25,0,0,5
5,350,21.000000,0.000000,1,0,521828,1111,24,1111,24,0,0,5
5,350,21.000000,0.000000,1,0,521831,1111,24,1111,24,0,0,5
5,350,21.000000,0.000000,1,0,521834,1111,23,1111,23,0,0,5
5,350,21.000000,0.000000,1,0,521837,1111,23,1111,23,0,0,5
5,350,21.000000,0.000000,1,0,521840,1111,23,1111,23,0,0,5
5,350,21.000000,0.000000,1,0,521842,1112,23,1112,23,0,0,5
5,350,21.000000,0.000000,1,0,521845,1113,23,1113,23,0,0,5
5,350,21.000000,0.000000,1,0,521848,1114,22,1114,22,0,0,5
5,350,21.000000,0.000000,1,0,521851,1115,21,1115,21,0,0,5
5,350,21.000000,0.000000,1,0,521853,1116,21,1116,21,0,0,5
5,350,21.000000,0.000000,1,0,521856,1117,21,1117,21,0,0,5
5,350,21.000000,0.000000,1,0,521859,1117,20,1117,20,0,0,5
5,350,21.000000,0.000000,1,0,521862,1118,20,1118,20,0,0,5
5,350,21.000000,0.000000,1,0,521864,1119,20,1119,20,0,0,5
5,350,21.000000,0.000000,1,0,521867,1120,19,1120,19,0,0,5
5,350,21.000000,0.000000,1,0,521870,1121,19,1121,19,0,0,5
5,350,21.000000,0.000000,1,0,521873,1122,19,1122,19,0,0,5
5,350,21.000000,0.000000,1,0,521876,1123,18,1123,18,0,0,5
5,350,21.000000,0.000000,1,0,521878,1123,18,1123,18,0,0,5
5,350,21.000000,0.000000,1,0,521881,1123,17,1123,17,0,0,5
5,350,21.000000,0.000000,1,0,521884,1124,16,1124,16,0,0,5
5,350,21.000000,0.000000,1,0,521887,1125,16,1125,16,0,0,5
5,350,21.000000,0.000000,1,0,521890,1127,15,1127,15,0,0,5
5,350,21.000000,0.000000,1,0,521892,1127,14,1127,14,0,0,5
5,350,21.000000,0.000000,1,0,521895,1128,14,1128,14,0,0,5
5,350,21.000000,0.000000,1,0,521898,1129,14,1129,14,0,0,5
5,350,21.000000,0.000000,1,0,521901,1130,13,1130,13,0,0,5
5,350,21.000000,0.000000,1,0,521903,1131,12,1131,12,0,0,5
5,350,21.000000,0.000000,1,0,521906,1131,12,1131,12,0,0,5
5,350,21.000000,0.000000,1,0,521909,1132,11,1132,11,0,0,5
5,350,21.000000,0.000000,1,0,521912,1132,10,1132,10,0,0,5
5,350,21.000000,0.000000,1,0,521914,1132,9,1132,9,0,0,5
5,350,21.000000,0.000000,1,0,521917,1132,9,1132,9,0,0,5
5,350,21.000000,0.000000,1,0,521920,1132,8,1132,8,0,0,5
5,350,21.000000,0.000000,1,0,521923,1132,7,1132,7,0,0,5
5,350,21.000000,0.000000,1,0,521925,1133,7,1133,7,0,0,5
5,350,21.000000,0.000000,1,0,521928,1133,7,1133,7,0,0,5
5,350,21.000000,0.000000,1,0,521931,1134,7,1134,7,0,0,5
5,350,21.000000,0.000000,1,0,521934,1135,6,1135,6,0,0,5
5,350,21.000000,0.000000,1,0,521937,1136,5,1136,5,0,0,5
5,350,21.000000,0.000000,1,0,521939,1137,5,1137,5,0,0,5
5,350,21.000000,0.000000,1,0,521942,1138,5,1138,5,0,0,5
5,350,21.000000,0.000000,1,0,521945,1138,5,1138,5,0,0,5
5,350,21.000000,0.000000,1,0,521948,1138,5,1138,5,0,0,5
5,350,21.000000,0.000000,1,0,521951,1138,4,1138,4,0,0,5
5,350,21.000000,0.000000,1,0,521953,1138,3,1138,3,0,0,5
5,350,21.000000,0.000000,1,0,521956,1138,3,1138,3,0,0,5
5,350,21.000000,0.000000,1,0,521959,1139,3,1139,3,0,0,5
5,350,21.000000,0.000000,1,0,521962,1140,3,1140,3,0,0,5
5,350,21.000000,0.000000,1,0,521965,1141,3,1141,3,0,0,5
5,350,21.000000,0.000000,1,0,521967,1142,2,1142,2,0,0,5
5,350,21.000000,0.000000,1,0,521970,1143,1,1143,1,0,0,5
5,350,21.000000,0.000000,1,0,521973,1143,1,1143,1,0,0,5
5,350,21.000000,0.000000,1,0,521976,1143,0,1143,0,0,0,5
5,350,21.000000,0.000000,1,0,521979,1143,0,1143,-1,0,0,5
5,350,21.000000,0.000000,1,0,521981,1143,0,1143,-1,0,0,5
5,350,21.000000,0.000000,1,0,521984,1144,0,1144,-1,0,0,5
5,350,21.000000,0.000000,1,0,521987,1145,0,1145,-1,0,0,5
5,350,21.000000,0.000000,1,0,521989,1145,0,1145,-1,0,0,5
5,350,21.000000,0.000000,1,0,521992,1145,0,1145,-1,0,0,5
5,350,21.000000,0.000000,1,0,521995,1145,0,1145,-1,0,0,5
5,350,21.000000,0.000000,1,0,521998,1145,0,1145,-1,0,0,5
5,350,21.000000,0.000000,1,0,522001,1146,0,1146,-1,0,0,5
5,350,21.000000,0.000000,1,0,522003,1147,0,1147,-1,0,0,5
5,350,21.000000,0.000000,1,0,522006,1147,0,1147,-2,0,0,5
5,350,21.000000,0.000000,1,0,522009,1147,0,1147,-3,0,0,5
5,350,21.000000,0.000000,1,0,522012,1147,0,1147,-3,0,0,5
5,350,21.000000,0.000000,1,0,522014,1147,0,1147,-3,0,0,5
5,350,21.000000,0.000000,1,0,522017,1147,0,1147,-3,0,0,5
5,350,21.000000,0.000000,1,0,522020,1147,0,1147,-3,0,0,5
5,350,21.000000,0.000000,1,0,522023,1147,0,1147,-3,0,0,5
5,350,21.000000,0.000000,1,0,522026,1147,0,1147,-3,0,0,5
5,350,21.000000,0.000000,1,0,522028,1147,0,1147,-3,0,0,5
5,350,21.000000,0.000000,1,0,522031,1147,0,1147,-3,0,0,5
5,350,21.000000,0.000000,1,0,522034,1147,0,1147,-3,0,0,5
5,350,21.000000,0.000000,1,0,522037,1147,0,1147,-3,0,0,5
5,350,21.000000,0.000000,1,0,522040,1147,0,1147,-3,0,0,5
5,350,21.000000,0.000000,1,0,522043,1147,0,1147,-3,0,0,5
5,350,21.000000,0.000000,1,0,522045,1147,0,1147,-3,0,0,5
5,350,21.000000,0.000000,1,0,522048,1148,0,1148,-3,0,0,5
5,350,21.000000,0.000000,1,0,522051,1148,0,1148,-3,0,0,5
5,350,21.000000,0.000000,1,0,522054,1148,0,1148,-3,0,0,5
5,350,21.000000,0.000000,1,0,522056,1148,0,1148,-3,0,0,5
5,350,21.000000,0.000000,1,0,522059,1148,0,1148,-3,0,0,5
5,350,21.000000,0.000000,1,0,522062,1148,0,1148,-3,0,0,5
5,350,21.000000,0.000000,1,0,522065,1148,0,1148,-3,0,0,5
5,350,21.000000,0.000000,1,0,522068,1148,0,1148,-3,0,0,5
5,350,21.000000,0.000000,1,0,522070,1148,0,1148,-3,0,0,5
5,350,21.000000,0.000000,1,0,522073,1148,0,1148,-3,0,0,5
5,350,21.000000,0.000000,1,0,522076,1148,0,1148,-3,0,0,5
5,350,21.000000,0.000000,1,0,522079,1148,0,1148,-3,0,0,5
5,350,21.000000,0.000000,1,0,522081,1148,0,1148,-3,0,0,5
5,350,21.000000,0.000000,1,0,522094,1148,0,1148,-3,1,0,5
