1,700,21.000000,42.000000,1,0,66664190,608,8,608,8,0,22,9
1,700,21.000000,42.000000,1,0,66664191,608,8,608,8,0,22,9
1,700,21.000000,42.000000,1,0,66664194,608,8,608,8,0,22,9
1,700,21.000000,42.000000,1,0,66664196,608,8,608,8,0,22,9
1,700,21.000000,42.000000,1,0,66664199,608,8,608,8,0,22,9
1,700,21.000000,42.000000,1,0,66664202,608,8,608,8,0,22,9
1,700,21.000000,42.000000,1,0,66664205,608,8,608,8,0,22,9
1,700,21.000000,42.000000,1,0,66664208,608,8,608,8,0,22,9
1,700,21.000000,42.000000,1,0,66664210,608,8,608,8,0,22,9
1,700,21.000000,42.000000,1,0,66664213,609,8,609,8,0,22,9
1,700,21.000000,42.000000,1,0,66664216,609,8,609,8,0,22,9
1,700,21.000000,42.000000,1,0,66664219,610,8,610,8,0,22,9
1,700,21.000000,42.000000,1,0,66664222,610,8,610,8,0,22,9
1,700,21.000000,42.000000,1,0,66664224,610,8,610,8,0,22,9
1,700,21.000000,42.000000,1,0,66664227,611,8,611,8,0,22,9
1,700,21.000000,42.000000,1,0,66664230,612,8,612,8,0,22,9
1,700,21.000000,42.000000,1,0,66664233,613,8,613,8,0,22,9
1,700,21.000000,42.000000,1,0,66664235,615,8,615,8,0,22,9
1,700,21.000000,42.000000,1,0,66664238,617,8,617,8,0,22,9
1,700,21.000000,42.000000,1,0,66664241,621,9,621,9,0,22,9
1,700,21.000000,42.000000,1,0,66664244,623,9,623,9,0,22,9
1,700,21.000000,42.000000,1,0,66664247,625,9,625,9,0,22,9
1,700,21.000000,42.000000,1,0,66664249,628,9,628,9,0,22,9
1,700,21.000000,42.000000,1,0,66664252,631,9,631,9,0,22,9
1,700,21.000000,42.000000,1,0,66664255,634,9,634,9,0,22,9
1,700,21.000000,42.000000,1,0,66664258,637,9,637,9,0,22,9
1,700,21.000000,42.000000,1,0,66664261,638,10,638,10,0,22,9
1,700,21.000000,42.000000,1,0,66664263,643,11,643,11,0,22,9
1,700,21.000000,42.000000,1,0,66664266,647,11,647,11,0,22,9
1,700,21.000000,42.000000,1,0,66664269,650,11,650,11,0,22,9
1,700,21.000000,42.000000,1,0,66664272,655,12,655,12,0,22,9
1,700,21.000000,42.000000,1,0,66664274,658,12,658,12,0,22,9
1,700,21.000000,42.000000,1,0,66664277,662,12,662,12,0,22,9
1,700,21.000000,42.000000,1,0,66664280,668,12,668,12,0,22,9
1,700,21.000000,42.000000,1,0,66664283,680,12,680,12,0,22,9
1,700,21.000000,42.000000,1,0,66664286,687,12,687,12,0,22,9
1,700,21.000000,42.000000,1,0,66664288,696,12,696,12,0,22,9
1,700,21.000000,42.000000,1,0,66664291,706,12,706,12,0,22,9
1,700,21.000000,42.000000,1,0,66664294,715,13,715,13,0,22,9
1,700,21.000000,42.000000,1,0,66664297,726,13,726,13,0,22,9
1,700,21.000000,42.000000,1,0,66664299,735,13,735,13,0,22,9
1,700,21.000000,42.000000,1,0,66664302,747,13,747,13,0,22,9
1,700,21.000000,42.000000,1,0,66664305,757,13,757,13,0,22,9
1,700,21.000000,42.000000,1,0,66664308,767,13,767,13,0,22,9
1,700,21.000000,42.000000,1,0,66664311,778,13,778,13,0,22,9
1,700,21.000000,42.000000,1,0,66664313,789,13,789,13,0,22,9
1,700,21.000000,42.000000,1,0,66664316,800,13,800,13,0,22,9
1,700,21.000000,42.000000,1,0,66664319,810,13,810,13,0,22,9
1,700,21.000000,42.000000,1,0,66664322,825,13,825,13,0,22,9
1,700,21.000000,42.000000,1,0,66664324,836,13,836,13,0,22,9
1,700,21.000000,42.000000,1,0,66664327,850,13,850,13,0,22,9
1,700,21.000000,42.000000,1,0,66664330,864,14,864,14,0,22,9
1,700,21.000000,42.000000,1,0,66664333,877,15,877,15,0,22,9
1,700,21.000000,42.000000,1,0,66664336,890,15,890,15,0,22,9
1,700,21.000000,42.000000,1,0,66664338,904,15,904,15,0,22,9
1,700,21.000000,42.000000,1,0,66664341,919,15,919,15,0,22,9
1,700,21.000000,42.000000,1,0,66664344,935,15,935,15,0,22,9
1,700,21.000000,42.000000,1,0,66664347,967,14,967,14,0,22,9
1,700,21.000000,42.000000,1,0,66664350,987,14,987,14,0,22,9
1,700,21.000000,42.000000,1,0,66664352,1005,13,1005,13,0,22,9
1,700,21.000000,42.000000,1,0,66664355,1027,13,1027,13,0,22,9
1,700,21.000000,42.000000,1,0,66664358,1049,13,1049,13,0,22,9
1,700,21.000000,42.000000,1,0,66664361,1071,13,1071,13,0,22,9
1,700,21.000000,42.000000,1,0,66664363,1093,13,1093,13,0,22,9
1,700,21.000000,42.000000,1,0,66664366,1112,13,1112,13,0,22,9
1,700,21.000000,42.000000,1,0,66664369,1131,13,1131,13,0,22,9
1,700,21.000000,42.000000,1,0,66664372,1156,13,1156,13,0,22,9
1,700,21.000000,42.000000,1,0,66664374,1175,13,1175,13,0,22,9
1,700,21.000000,42.000000,1,0,66664377,1192,13,1192,13,0,22,9
1,700,21.000000,42.000000,1,0,66664380,1208,13,1208,13,0,22,9
1,700,21.000000,42.000000,1,0,66664383,1227,13,1227,13,0,22,9
1,700,21.000000,42.000000,1,0,66664386,1242,13,1242,13,0,22,9
1,700,21.000000,42.000000,1,0,66664389,1255,13,1255,13,0,22,9
1,700,21.000000,42.000000,1,0,66664391,1266,13,1266,13,0,22,9
1,700,21.000000,42.000000,1,0,66664394,1276,13,1276,13,0,22,9
1,700,21.000000,42.000000,1,0,66664397,1285,13,1285,13,0,22,9
1,700,21.000000,42.000000,1,0,66664400,1293,13,1293,13,0,22,9
1,700,21.000000,42.000000,1,0,66664402,1299,13,1299,13,0,22,9
1,700,21.000000,42.000000,1,0,66664405,1302,13,1302,13,0,22,9
1,700,21.000000,42.000000,1,0,66664408,1305,13,1305,13,0,22,9
1,700,21.000000,42.000000,1,0,66664410,1307,13,1307,13,0,22,9
1,700,21.000000,42.000000,1,0,66664413,1308,13,1308,13,0,22,9
1,700,21.000000,42.000000,1,0,66664416,1310,13,1310,13,0,22,9
1,700,21.000000,42.000000,1,0,66664419,1310,12,1310,12,0,22,9
1,700,21.000000,42.000000,1,0,66664421,1310,11,1310,11,0,22,9
1,700,21.000000,42.000000,1,0,66664424,1310,10,1310,10,0,22,9
1,700,21.000000,42.000000,1,0,66664427,1311,10,1311,10,0,22,9
1,700,21.000000,42.000000,1,0,66664430,1312,10,1312,10,0,22,9
1,700,21.000000,42.000000,1,0,66664433,1312,10,1312,10,0,22,9
1,700,21.000000,42.000000,1,0,66664435,1312,10,1312,10,0,22,9
1,700,21.000000,42.000000,1,0,66664438,1312,10,1312,10,0,22,9
1,700,21.000000,42.000000,1,0,66664441,1313,10,1313,10,0,22,9
1,700,21.000000,42.000000,1,0,66664444,1313,10,1313,10,0,22,9
1,700,21.000000,42.000000,1,0,66664446,1313,10,1313,10,0,22,9
1,700,21.000000,42.000000,1,0,66664449,1313,10,1313,10,0,22,9
1,700,21.000000,42.000000,1,0,66664452,1313,10,1313,10,0,22,9
1,700,21.000000,42.000000,1,0,66664455,1313,10,1313,10,0,22,9
1,700,21.000000,42.000000,1,0,66664458,1314,10,1314,10,0,22,9
1,700,21.000000,42.000000,1,0,66664460,1315,9,1315,9,0,22,9
1,700,21.000000,42.000000,1,0,66664463,1316,8,1316,8,0,22,9
1,700,21.000000,42.000000,1,0,66664466,1316,8,1316,8,0,22,9
1,700,21.000000,42.000000,1,0,66664469,1316,8,1316,8,0,22,9
1,700,21.000000,42.000000,1,0,66664472,1316,8,1316,8,0,22,9
1,700,21.000000,42.000000,1,0,66664474,1316,8,1316,8,0,22,9
1,700,21.000000,42.000000,1,0,66664477,1317,8,1317,8,0,22,9
1,700,21.000000,42.000000,1,0,66664480,1318,8,1318,8,0,22,9
1,700,21.000000,42.000000,1,0,66664483,1319,8,1319,8,0,22,9
1,700,21.000000,42.000000,1,0,66664485,1320,8,1320,8,0,22,9
1,700,21.000000,42.000000,1,0,66664488,1321,8,1321,8,0,22,9
1,700,21.000000,42.000000,1,0,66664491,1323,8,1323,8,0,22,9
1,700,21.000000,42.000000,1,0,66664494,1324,8,1324,8,0,22,9
1,700,21.000000,42.000000,1,0,66664497,1325,8,1325,8,0,22,9
1,700,21.000000,42.000000,1,0,66664499,1326,8,1326,8,0,22,9
1,700,21.000000,42.000000,1,0,66664502,1327,8,1327,8,0,22,9
1,700,21.000000,42.000000,1,0,66664505,1329,8,1329,8,0,22,9
1,700,21.000000,42.000000,1,0,66664508,1329,8,1329,8,0,22,9
1,700,21.000000,42.000000,1,0,66664510,1329,8,1329,8,0,22,9
1,700,21.000000,42.000000,1,0,66664513,1330,8,1330,8,0,22,9
1,700,21.000000,42.000000,1,0,66664516,1331,8,1331,8,0,22,9
1,700,21.000000,42.000000,1,0,66664519,1331,8,1331,8,0,22,9
1,700,21.000000,42.000000,1,0,66664522,1332,7,1332,7,0,22,9
1,700,21.000000,42.000000,1,0,66664525,1333,6,1333,6,0,22,9
1,700,21.000000,42.000000,1,0,66664527,1333,6,1333,6,0,22,9
1,700,21.000000,42.000000,1,0,66664530,1333,6,1333,6,0,22,9
1,700,21.000000,42.000000,1,0,66664533,1333,6,1333,6,0,22,9
1,700,21.000000,42.000000,1,0,66664535,1333,6,1333,6,0,22,9
1,700,21.000000,42.000000,1,0,66664538,1333,6,1333,6,0,22,9
1,700,21.000000,42.000000,1,0,66664541,1333,6,1333,6,0,22,9
1,700,21.000000,42.000000,1,0,66664544,1333,6,1333,6,0,22,9
1,700,21.000000,42.000000,1,0,66664546,1333,6,1333,6,0,22,9
1,700,21.000000,42.000000,1,0,66664550,1333,6,1333,6,0,22,9
1,700,21.000000,42.000000,1,0,66664552,1333,6,1333,6,0,22,9
1,700,21.000000,42.000000,1,0,66664555,1333,6,1333,6,0,22,9
1,700,21.000000,42.000000,1,0,66664558,1333,6,1333,6,0,22,9
1,700,21.000000,42.000000,1,0,66664561,1333,6,1333,6,0,22,9
1,700,21.000000,42.000000,1,0,66664563,1333,6,1333,6,0,22,9
1,700,21.000000,42.000000,1,0,66664566,1333,5,1333,5,0,22,9
1,700,21.000000,42.000000,1,0,66664569,1333,4,1333,4,0,22,9
1,700,21.000000,42.000000,1,0,66664572,1333,4,1333,4,0,22,9
1,700,21.000000,42.000000,1,0,66664574,1332,4,1332,4,0,22,9
1,700,21.000000,42.000000,1,0,66664577,1331,4,1331,4,0,22,9
1,700,21.000000,42.000000,1,0,66664580,1331,4,1331,4,0,22,9
1,700,21.000000,42.000000,1,0,66664583,1331,4,1331,4,0,22,9
1,700,21.000000,42.000000,1,0,66664586,1331,4,1331,4,0,22,9
1,700,21.000000,42.000000,1,0,66664589,1331,4,1331,4,0,22,9
1,700,21.000000,42.000000,1,0,66664592,1330,4,1330,4,0,22,9
1,700,21.000000,42.000000,1,0,66664595,1330,4,1330,4,0,22,9
1,700,21.000000,42.000000,1,0,66664598,1330,4,1330,4,0,22,9
1,700,21.000000,42.000000,1,0,66664601,1330,4,1330,4,0,22,9
1,700,21.000000,42.000000,1,0,66664603,1330,4,1330,4,0,22,9
1,700,21.000000,42.000000,1,0,66664606,1330,4,1330,4,0,22,9
1,700,21.000000,42.000000,1,0,66664609,1330,4,1330,4,0,22,9
1,700,21.000000,42.000000,1,0,66664612,1330,4,1330,4,0,22,9
1,700,21.000000,42.000000,1,0,66664614,1330,4,1330,4,0,22,9
1,700,21.000000,42.000000,1,0,66664617,1330,4,1330,4,0,22,9
1,700,21.000000,42.000000,1,0,66664620,1330,4,1330,4,0,22,9
1,700,21.000000,42.000000,1,0,66664623,1330,4,1330,4,0,22,9
1,700,21.000000,42.000000,1,0,66664625,1330,4,1330,4,0,22,9
1,700,21.000000,42.000000,1,0,66664628,1330,4,1330,4,0,22,9
1,700,21.000000,42.000000,1,0,66664631,1330,4,1330,4,0,22,9
1,700,21.000000,42.000000,1,0,66664633,1330,4,1330,4,0,22,9
1,700,21.000000,42.000000,1,0,66664636,1330,4,1330,4,0,22,9
1,700,21.000000,42.000000,1,0,66664639,1329,4,1329,4,0,22,9
1,700,21.000000,42.000000,1,0,66664641,1328,4,1328,4,0,22,9
1,700,21.000000,42.000000,1,0,66664644,1328,4,1328,4,0,22,9
1,700,21.000000,42.000000,1,0,66664647,1328,4,1328,4,0,22,9
1,700,21.000000,42.000000,1,0,66664650,1328,4,1328,4,0,22,9
1,700,21.000000,42.000000,1,0,66664652,1328,4,1328,4,0,22,9
1,700,21.000000,42.000000,1,0,66664655,1327,4,1327,4,0,22,9
1,700,21.000000,42.000000,1,0,66664658,1326,4,1326,4,0,22,9
1,700,21.000000,42.000000,1,0,66664661,1325,4,1325,4,0,22,9
1,700,21.000000,42.000000,1,0,66664664,1324,4,1324,4,0,22,9
1,700,21.000000,42.000000,1,0,66664666,1323,4,1323,4,0,22,9
1,700,21.000000,42.000000,1,0,66664669,1322,4,1322,4,0,22,9
1,700,21.000000,42.000000,1,0,66664672,1321,4,1321,4,0,22,9
1,700,21.000000,42.000000,1,0,66664675,1320,4,1320,4,0,22,9
1,700,21.000000,42.000000,1,0,66664677,1319,4,1319,4,0,22,9
1,700,21.000000,42.000000,1,0,66664680,1318,4,1318,4,0,22,9
1,700,21.000000,42.000000,1,0,66664683,1316,4,1316,4,0,22,9
1,700,21.000000,42.000000,1,0,66664686,1314,4,1314,4,0,22,9
1,700,21.000000,42.000000,1,0,66664689,1314,5,1314,5,0,22,9
1,700,21.000000,42.000000,1,0,66664691,1313,6,1313,6,0,22,9
1,700,21.000000,42.000000,1,0,66664694,1312,6,1312,6,0,22,9
1,700,21.000000,42.000000,1,0,66664697,1311,6,1311,6,0,22,9
1,700,21.000000,42.000000,1,0,66664700,1311,6,1311,6,0,22,9
1,700,21.000000,42.000000,1,0,66664702,1311,6,1311,6,0,22,9
1,700,21.000000,42.000000,1,0,66664705,1311,6,1311,6,0,22,9
1,700,21.000000,42.000000,1,0,66664708,1310,6,1310,6,0,22,9
1,700,21.000000,42.000000,1,0,66664711,1309,6,1309,6,0,22,9
1,700,21.000000,42.000000,1,0,66664714,1309,6,1309,6,0,22,9
1,700,21.000000,42.000000,1,0,66664716,1309,6,1309,6,0,22,9
1,700,21.000000,42.000000,1,0,66664719,1309,6,1309,6,0,22,9
1,700,21.000000,42.000000,1,0,66664722,1309,6,1309,6,0,22,9
1,700,21.000000,42.000000,1,0,66664725,1309,6,1309,6,0,22,9
1,700,21.000000,42.000000,1,0,66664728,1309,6,1309,6,0,22,9
1,700,21.000000,42.000000,1,0,66664730,1309,6,1309,6,0,22,9
1,700,21.000000,42.000000,1,0,66664733,1309,6,1309,6,0,22,9
1,700,21.000000,42.000000,1,0,66664736,1309,6,1309,6,0,22,9
1,700,21.000000,42.000000,1,0,66664739,1309,6,1309,6,0,22,9
1,700,21.000000,42.000000,1,0,66664741,1309,6,1309,6,0,22,9
1,700,21.000000,42.000000,1,0,66664744,1309,6,1309,6,0,22,9
1,700,21.000000,42.000000,1,0,66664747,1309,6,1309,6,0,22,9
1,700,21.000000,42.000000,1,0,66664749,1309,6,1309,6,0,22,9
1,700,21.000000,42.000000,1,0,66664752,1309,6,1309,6,0,22,9
1,700,21.000000,42.000000,1,0,66664755,1309,6,1309,6,0,22,9
1,700,21.000000,42.000000,1,0,66664758,1309,6,1309,6,0,22,9
1,700,21.000000,42.000000,1,0,66664761,1309,6,1309,6,0,22,9
1,700,21.000000,42.000000,1,0,66664763,1309,6,1309,6,0,22,9
1,700,21.000000,42.000000,1,0,66664766,1309,6,1309,6,0,22,9
1,700,21.000000,42.000000,1,0,66664769,1309,6,1309,6,0,22,9
1,700,21.000000,42.000000,1,0,66664772,1309,6,1309,6,0,22,9
1,700,21.000000,42.000000,1,0,66664774,1309,6,1309,6,0,22,9
1,700,21.000000,42.000000,1,0,66664777,1308,6,1308,6,0,22,9
1,700,21.000000,42.000000,1,0,66664780,1308,6,1308,6,0,22,9
1,700,21.000000,42.000000,1,0,66664783,1308,6,1308,6,0,22,9
1,700,21.000000,42.000000,1,0,66664785,1308,6,1308,6,0,22,9
1,700,21.000000,42.000000,1,0,66664788,1308,6,1308,6,0,22,9
1,700,21.000000,42.000000,1,0,66664791,1308,6,1308,6,0,22,9
1,700,21.000000,42.000000,1,0,66664794,1308,6,1308,6,0,22,9
1,700,21.000000,42.000000,1,0,66664797,1308,6,1308,6,0,22,9
1,700,21.000000,42.000000,1,0,66664799,1308,6,1308,6,0,22,9
1,700,21.000000,42.000000,1,0,66664802,1308,6,1308,6,0,22,9
1,700,21.000000,42.000000,1,0,66664805,1308,6,1308,6,0,22,9
1,700,21.000000,42.000000,1,0,66664808,1308,6,1308,6,0,22,9
1,700,21.000000,42.000000,1,0,66664811,1308,6,1308,6,0,22,9
1,700,21.000000,42.000000,1,0,66664813,1308,6,1308,6,0,22,9
1,700,21.000000,42.000000,1,0,66664816,1308,6,1308,6,0,22,9
1,700,21.000000,42.000000,1,0,66664819,1308,6,1308,6,0,22,9
1,700,21.000000,42.000000,1,0,66664822,1308,6,1308,6,0,22,9
1,700,21.000000,42.000000,1,0,66664824,1308,6,1308,6,0,22,9
1,700,21.000000,42.000000,1,0,66664827,1308,6,1308,6,0,22,9
1,700,21.000000,42.000000,1,0,66664839,1308,6,1308,6,0,22,9
