1,700,80.500000,42.000000,2,0,1228456785,594,0,594,0,0,51,0
1,700,80.500000,42.000000,2,0,1228456786,594,0,594,0,0,51,0
1,700,80.500000,42.000000,2,0,1228456789,594,0,594,0,0,51,0
1,700,80.500000,42.000000,2,0,1228456792,594,0,594,0,0,51,0
1,700,80.500000,42.000000,2,0,1228456795,594,0,594,0,0,51,0
1,700,80.500000,42.000000,2,0,1228456797,594,0,594,0,0,51,0
1,700,80.500000,42.000000,2,0,1228456800,594,0,594,0,0,51,0
1,700,80.500000,42.000000,2,0,1228456803,594,0,594,0,0,51,0
1,700,80.500000,42.000000,2,0,1228456806,595,0,595,0,0,51,0
1,700,80.500000,42.000000,2,0,1228456809,596,1,596,1,0,51,0
1,700,80.500000,42.000000,2,0,1228456812,598,2,598,2,0,51,0
1,700,80.500000,42.000000,2,0,1228456814,599,3,599,3,0,51,0
1,700,80.500000,42.000000,2,0,1228456817,601,4,601,4,0,51,0
1,700,80.500000,42.000000,2,0,1228456820,603,6,603,6,0,51,0
1,700,80.500000,42.000000,2,0,1228456822,605,7,605,7,0,51,0
1,700,80.500000,42.000000,2,0,1228456825,607,9,607,9,0,51,0
1,700,80.500000,42.000000,2,0,1228456828,608,10,608,10,0,51,0
1,700,80.500000,42.000000,2,0,1228456830,609,11,609,11,0,51,0
1,700,80.500000,42.000000,2,0,1228456833,610,12,610,12,0,51,0
1,700,80.500000,42.000000,2,0,1228456836,612,13,612,13,0,51,0
1,700,80.500000,42.000000,2,0,1228456839,613,14,613,14,0,51,0
1,700,80.500000,42.000000,2,0,1228456842,617,16,617,16,0,51,0
1,700,80.500000,42.000000,2,0,1228456844,618,16,618,16,0,51,0
1,700,80.500000,42.000000,2,0,1228456847,619,17,619,17,0,51,0
1,700,80.500000,42.000000,2,0,1228456850,620,17,620,17,0,51,0
1,700,80.500000,42.000000,2,0,1228456853,625,20,625,20,0,51,0
1,700,80.500000,42.000000,2,0,1228456856,627,21,627,21,0,51,0
1,700,80.500000,42.000000,2,0,1228456859,631,23,631,23,0,51,0
1,700,80.500000,42.000000,2,0,1228456861,636,24,636,24,0,51,0
1,700,80.500000,42.000000,2,0,1228456864,647,31,647,31,0,51,0
1,700,80.500000,42.000000,2,0,1228456867,654,33,654,33,0,51,0
1,700,80.500000,42.000000,2,0,1228456870,659,36,659,36,0,51,0
1,700,80.500000,42.000000,2,0,1228456872,667,39,667,39,0,51,0
1,700,80.500000,42.000000,2,0,1228456875,676,43,676,43,0,51,0
1,700,80.500000,42.000000,2,0,1228456878,687,47,687,47,0,51,0
1,700,80.500000,42.000000,2,0,1228456880,697,50,697,50,0,51,0
1,700,80.500000,42.000000,2,0,1228456883,705,54,705,54,0,51,0
1,700,80.500000,42.000000,2,0,1228456886,721,59,721,59,0,51,0
1,700,80.500000,42.000000,2,0,1228456889,734,64,734,64,0,51,0
1,700,80.500000,42.000000,2,0,1228456892,746,68,746,68,0,51,0
1,700,80.500000,42.000000,2,0,1228456894,760,74,760,74,0,51,0
1,700,80.500000,42.000000,2,0,1228456897,777,79,777,79,0,51,0
1,700,80.500000,42.000000,2,0,1228456900,790,84,790,84,0,51,0
1,700,80.500000,42.000000,2,0,1228456903,810,90,810,90,0,51,0
1,700,80.500000,42.000000,2,0,1228456906,833,94,833,94,0,51,0
1,700,80.500000,42.000000,2,0,1228456909,846,98,846,98,0,51,0
1,700,80.500000,42.000000,2,0,1228456911,865,102,865,102,0,51,0
1,700,80.500000,42.000000,2,0,1228456914,878,103,878,103,0,51,0
1,700,80.500000,42.000000,2,0,1228456917,889,105,889,105,0,51,0
1,700,80.500000,42.000000,2,0,1228456920,904,107,904,107,0,51,0
1,700,80.500000,42.000000,2,0,1228456922,917,108,917,108,0,51,0
1,700,80.500000,42.000000,2,0,1228456925,930,109,930,109,0,51,0
1,700,80.500000,42.000000,2,0,1228456928,944,111,944,111,0,51,0
1,700,80.500000,42.000000,2,0,1228456931,956,111,956,111,0,51,0
1,700,80.500000,42.000000,2,0,1228456934,968,111,968,111,0,51,0
1,700,80.500000,42.000000,2,0,1228456936,980,114,980,114,0,51,0
1,700,80.500000,42.000000,2,0,1228456939,989,114,989,114,0,51,0
1,700,80.500000,42.000000,2,0,1228456942,1000,114,1000,114,0,51,0
1,700,80.500000,42.000000,2,0,1228456944,1009,114,1009,114,0,51,0
1,700,80.500000,42.000000,2,0,1228456947,1017,114,1017,114,0,51,0
1,700,80.500000,42.000000,2,0,1228456950,1022,114,1022,114,0,51,0
1,700,80.500000,42.000000,2,0,1228456953,1028,114,1028,114,0,51,0
1,700,80.500000,42.000000,2,0,1228456956,1035,113,1035,113,0,51,0
1,700,80.500000,42.000000,2,0,1228456959,1041,112,1041,112,0,51,0
1,700,80.500000,42.000000,2,0,1228456961,1043,111,1043,111,0,51,0
1,700,80.500000,42.000000,2,0,1228456964,1048,111,1048,111,0,51,0
1,700,80.500000,42.000000,2,0,1228456967,1050,107,1050,107,0,51,0
1,700,80.500000,42.000000,2,0,1228456970,1054,107,1054,107,0,51,0
1,700,80.500000,42.000000,2,0,1228456972,1059,105,1059,105,0,51,0
1,700,80.500000,42.000000,2,0,1228456975,1061,104,1061,104,0,51,0
1,700,80.500000,42.000000,2,0,1228456978,1065,102,1065,102,0,51,0
1,700,80.500000,42.000000,2,0,1228456981,1069,101,1069,101,0,51,0
1,700,80.500000,42.000000,2,0,1228456984,1070,100,1070,100,0,51,0
1,700,80.500000,42.000000,2,0,1228456986,1072,97,1072,97,0,51,0
1,700,80.500000,42.000000,2,0,1228456989,1076,97,1076,97,0,51,0
1,700,80.500000,42.000000,2,0,1228456992,1078,94,1078,94,0,51,0
1,700,80.500000,42.000000,2,0,1228456995,1079,92,1079,92,0,51,0
1,700,80.500000,42.000000,2,0,1228456997,1083,91,1083,91,0,51,0
1,700,80.500000,42.000000,2,0,1228457000,1087,88,1087,88,0,51,0
1,700,80.500000,42.000000,2,0,1228457003,1089,87,1089,87,0,51,0
1,700,80.500000,42.000000,2,0,1228457006,1094,86,1094,86,0,51,0
1,700,80.500000,42.000000,2,0,1228457009,1097,83,1097,83,0,51,0
1,700,80.500000,42.000000,2,0,1228457011,1100,82,1100,82,0,51,0
1,700,80.500000,42.000000,2,0,1228457014,1102,81,1102,81,0,51,0
1,700,80.500000,42.000000,2,0,1228457017,1108,80,1108,80,0,51,0
1,700,80.500000,42.000000,2,0,1228457020,1112,78,1112,78,0,51,0
1,700,80.500000,42.000000,2,0,1228457022,1117,77,1117,77,0,51,0
1,700,80.500000,42.000000,2,0,1228457025,1121,74,1121,74,0,51,0
1,700,80.500000,42.000000,2,0,1228457028,1125,73,1125,73,0,51,0
1,700,80.500000,42.000000,2,0,1228457031,1131,72,1131,72,0,51,0
1,700,80.500000,42.000000,2,0,1228457034,1133,70,1133,70,0,51,0
1,700,80.500000,42.000000,2,0,1228457036,1139,70,1139,70,0,51,0
1,700,80.500000,42.000000,2,0,1228457039,1144,70,1144,70,0,51,0
1,700,80.500000,42.000000,2,0,1228457042,1149,68,1149,68,0,51,0
1,700,80.500000,42.000000,2,0,1228457044,1156,67,1156,67,0,51,0
1,700,80.500000,42.000000,2,0,1228457048,1161,67,1161,67,0,51,0
1,700,80.500000,42.000000,2,0,1228457050,1168,67,1168,67,0,51,0
1,700,80.500000,42.000000,2,0,1228457053,1176,67,1176,67,0,51,0
1,700,80.500000,42.000000,2,0,1228457056,1181,67,1181,67,0,51,0
1,700,80.500000,42.000000,2,0,1228457058,1189,67,1189,67,0,51,0
1,700,80.500000,42.000000,2,0,1228457061,1196,66,1196,66,0,51,0
1,700,80.500000,42.000000,2,0,1228457064,1203,66,1203,66,0,51,0
1,700,80.500000,42.000000,2,0,1228457067,1211,66,1211,66,0,51,0
1,700,80.500000,42.000000,2,0,1228457070,1215,66,1215,66,0,51,0
1,700,80.500000,42.000000,2,0,1228457073,1220,66,1220,66,0,51,0
1,700,80.500000,42.000000,2,0,1228457075,1226,66,1226,66,0,51,0
1,700,80.500000,42.000000,2,0,1228457078,1235,66,1235,66,0,51,0
1,700,80.500000,42.000000,2,0,1228457081,1238,66,1238,66,0,51,0
1,700,80.500000,42.000000,2,0,1228457084,1242,66,1242,66,0,51,0
1,700,80.500000,42.000000,2,0,1228457086,1243,66,1243,66,0,51,0
1,700,80.500000,42.000000,2,0,1228457089,1245,66,1245,66,0,51,0
1,700,80.500000,42.000000,2,0,1228457092,1248,66,1248,66,0,51,0
1,700,80.500000,42.000000,2,0,1228457095,1249,66,1249,66,0,51,0
1,700,80.500000,42.000000,2,0,1228457098,1250,66,1250,66,0,51,0
1,700,80.500000,42.000000,2,0,1228457100,1252,65,1252,65,0,51,0
1,700,80.500000,42.000000,2,0,1228457103,1252,65,1252,65,0,51,0
1,700,80.500000,42.000000,2,0,1228457106,1252,64,1252,64,0,51,0
1,700,80.500000,42.000000,2,0,1228457109,1254,63,1254,63,0,51,0
1,700,80.500000,42.000000,2,0,1228457111,1254,62,1254,62,0,51,0
1,700,80.500000,42.000000,2,0,1228457114,1254,60,1254,60,0,51,0
1,700,80.500000,42.000000,2,0,1228457117,1254,60,1254,60,0,51,0
1,700,80.500000,42.000000,2,0,1228457120,1254,60,1254,60,0,51,0
1,700,80.500000,42.000000,2,0,1228457123,1254,59,1254,59,0,51,0
1,700,80.500000,42.000000,2,0,1228457125,1255,58,1255,58,0,51,0
1,700,80.500000,42.000000,2,0,1228457128,1256,57,1256,57,0,51,0
1,700,80.500000,42.000000,2,0,1228457131,1256,57,1256,57,0,51,0
1,700,80.500000,42.000000,2,0,1228457134,1257,57,1257,57,0,51,0
1,700,80.500000,42.000000,2,0,1228457136,1258,56,1258,56,0,51,0
1,700,80.500000,42.000000,2,0,1228457139,1258,55,1258,55,0,51,0
1,700,80.500000,42.000000,2,0,1228457142,1258,54,1258,54,0,51,0
1,700,80.500000,42.000000,2,0,1228457145,1258,53,1258,53,0,51,0
1,700,80.500000,42.000000,2,0,1228457148,1258,52,1258,52,0,51,0
1,700,80.500000,42.000000,2,0,1228457150,1259,52,1259,52,0,51,0
1,700,80.500000,42.000000,2,0,1228457153,1260,51,1260,51,0,51,0
1,700,80.500000,42.000000,2,0,1228457156,1261,51,1261,51,0,51,0
1,700,80.500000,42.000000,2,0,1228457159,1263,51,1263,51,0,51,0
1,700,80.500000,42.000000,2,0,1228457162,1265,51,1265,51,0,51,0
1,700,80.500000,42.000000,2,0,1228457164,1266,50,1266,50,0,51,0
1,700,80.500000,42.000000,2,0,1228457167,1267,50,1267,50,0,51,0
1,700,80.500000,42.000000,2,0,1228457170,1268,49,1268,49,0,51,0
1,700,80.500000,42.000000,2,0,1228457173,1269,48,1269,48,0,51,0
1,700,80.500000,42.000000,2,0,1228457176,1269,47,1269,47,0,51,0
1,700,80.500000,42.000000,2,0,1228457178,1270,47,1270,47,0,51,0
1,700,80.500000,42.000000,2,0,1228457181,1273,47,1273,47,0,51,0
1,700,80.500000,42.000000,2,0,1228457184,1273,46,1273,46,0,51,0
1,700,80.500000,42.000000,2,0,1228457187,1273,45,1273,45,0,51,0
1,700,80.500000,42.000000,2,0,1228457189,1274,45,1274,45,0,51,0
1,700,80.500000,42.000000,2,0,1228457192,1274,44,1274,44,0,51,0
1,700,80.500000,42.000000,2,0,1228457195,1275,44,1275,44,0,51,0
1,700,80.500000,42.000000,2,0,1228457198,1275,43,1275,43,0,51,0
1,700,80.500000,42.000000,2,0,1228457200,1276,43,1276,43,0,51,0
1,700,80.500000,42.000000,2,0,1228457203,1277,43,1277,43,0,51,0
1,700,80.500000,42.000000,2,0,1228457206,1278,42,1278,42,0,51,0
1,700,80.500000,42.000000,2,0,1228457209,1278,40,1278,40,0,51,0
1,700,80.500000,42.000000,2,0,1228457212,1278,39,1278,39,0,51,0
1,700,80.500000,42.000000,2,0,1228457214,1278,38,1278,38,0,51,0
1,700,80.500000,42.000000,2,0,1228457217,1278,37,1278,37,0,51,0
1,700,80.500000,42.000000,2,0,1228457220,1278,36,1278,36,0,51,0
1,700,80.500000,42.000000,2,0,1228457223,1278,35,1278,35,0,51,0
1,700,80.500000,42.000000,2,0,1228457225,1278,34,1278,34,0,51,0
1,700,80.500000,42.000000,2,0,1228457228,1278,33,1278,33,0,51,0
1,700,80.500000,42.000000,2,0,1228457231,1279,32,1279,32,0,51,0
1,700,80.500000,42.000000,2,0,1228457233,1280,31,1280,31,0,51,0
1,700,80.500000,42.000000,2,0,1228457237,1280,30,1280,30,0,51,0
1,700,80.500000,42.000000,2,0,1228457239,1280,29,1280,29,0,51,0
1,700,80.500000,42.000000,2,0,1228457242,1280,28,1280,28,0,51,0
1,700,80.500000,42.000000,2,0,1228457245,1280,26,1280,26,0,51,0
1,700,80.500000,42.000000,2,0,1228457248,1280,24,1280,24,0,51,0
1,700,80.500000,42.000000,2,0,1228457250,1280,22,1280,22,0,51,0
1,700,80.500000,42.000000,2,0,1228457253,1280,21,1280,21,0,51,0
1,700,80.500000,42.000000,2,0,1228457256,1279,20,1279,20,0,51,0
1,700,80.500000,42.000000,2,0,1228457259,1279,18,1279,18,0,51,0
1,700,80.500000,42.000000,2,0,1228457262,1279,16,1279,16,0,51,0
1,700,80.500000,42.000000,2,0,1228457264,1278,15,1278,15,0,51,0
1,700,80.500000,42.000000,2,0,1228457267,1278,14,1278,14,0,51,0
1,700,80.500000,42.000000,2,0,1228457270,1277,12,1277,12,0,51,0
1,700,80.500000,42.000000,2,0,1228457273,1278,10,1278,10,0,51,0
1,700,80.500000,42.000000,2,0,1228457275,1278,9,1278,9,0,51,0
1,700,80.500000,42.000000,2,0,1228457278,1278,8,1278,8,0,51,0
1,700,80.500000,42.000000,2,0,1228457281,1278,6,1278,6,0,51,0
1,700,80.500000,42.000000,2,0,1228457284,1278,4,1278,4,0,51,0
1,700,80.500000,42.000000,2,0,1228457287,1278,2,1278,2,0,51,0
1,700,80.500000,42.000000,2,0,1228457289,1279,2,1279,2,0,51,0
1,700,80.500000,42.000000,2,0,1228457292,1279,0,1279,0,0,51,0
1,700,80.500000,42.000000,2,0,1228457295,1279,0,1279,-1,0,51,0
1,700,80.500000,42.000000,2,0,1228457298,1280,0,1280,-2,0,51,0
1,700,80.500000,42.000000,2,0,1228457300,1280,0,1280,-6,0,51,0
1,700,80.500000,42.000000,2,0,1228457303,1281,0,1281,-6,0,51,0
1,700,80.500000,42.000000,2,0,1228457306,1282,0,1282,-6,0,51,0
1,700,80.500000,42.000000,2,0,1228457309,1283,0,1283,-6,0,51,0
1,700,80.500000,42.000000,2,0,1228457312,1284,0,1284,-6,0,51,0
1,700,80.500000,42.000000,2,0,1228457314,1284,0,1284,-8,0,51,0
1,700,80.500000,42.000000,2,0,1228457317,1284,0,1284,-9,0,51,0
1,700,80.500000,42.000000,2,0,1228457320,1284,0,1284,-10,0,51,0
1,700,80.500000,42.000000,2,0,1228457323,1284,0,1284,-11,0,51,0
1,700,80.500000,42.000000,2,0,1228457325,1285,0,1285,-11,0,51,0
1,700,80.500000,42.000000,2,0,1228457328,1286,0,1286,-11,0,51,0
1,700,80.500000,42.000000,2,0,1228457331,1286,0,1286,-11,0,51,0
1,700,80.500000,42.000000,2,0,1228457334,1286,0,1286,-11,0,51,0
1,700,80.500000,42.000000,2,0,1228457337,1287,0,1287,-12,0,51,0
1,700,80.500000,42.000000,2,0,1228457339,1287,0,1287,-12,0,51,0
1,700,80.500000,42.000000,2,0,1228457342,1287,0,1287,-12,0,51,0
1,700,80.500000,42.000000,2,0,1228457345,1287,0,1287,-12,0,51,0
1,700,80.500000,42.000000,2,0,1228457356,1287,0,1287,-12,0,51,0
