2,700,80.500000,10000.000000,1,0,68938813,622,15,622,15,0,11,2
2,700,80.500000,10000.000000,1,0,68938813,622,15,622,15,0,11,2
2,700,80.500000,10000.000000,1,0,68938816,622,15,622,15,0,11,2
2,700,80.500000,10000.000000,1,0,68938819,622,15,622,15,0,11,2
2,700,80.500000,10000.000000,1,0,68938822,622,15,622,15,0,11,2
2,700,80.500000,10000.000000,1,0,68938824,622,15,622,15,0,11,2
2,700,80.500000,10000.000000,1,0,68938827,622,15,622,15,0,11,2
2,700,80.500000,10000.000000,1,0,68938830,622,15,622,15,0,11,2
2,700,80.500000,10000.000000,1,0,68938833,622,15,622,15,0,11,2
2,700,80.500000,10000.000000,1,0,68938836,622,15,622,15,0,11,2
2,700,80.500000,10000.000000,1,0,68938838,622,15,622,15,0,11,2
2,700,80.500000,10000.000000,1,0,68938841,622,15,622,15,0,11,2
2,700,80.500000,10000.000000,1,0,68938844,622,15,622,15,0,11,2
2,700,80.500000,10000.000000,1,0,68938847,622,15,622,15,0,11,2
2,700,80.500000,10000.000000,1,0,68938849,622,15,622,15,0,11,2
2,700,80.500000,10000.000000,1,0,68938852,622,15,622,15,0,11,2
2,700,80.500000,10000.000000,1,0,68938855,622,15,622,15,0,11,2
2,700,80.500000,10000.000000,1,0,68938858,622,15,622,15,0,11,2
2,700,80.500000,10000.000000,1,0,68938861,622,15,622,15,0,11,2
2,700,80.500000,10000.000000,1,0,68938863,622,15,622,15,0,11,2
2,700,80.500000,10000.000000,1,0,68938866,622,15,622,15,0,11,2
2,700,80.500000,10000.000000,1,0,68938869,622,15,622,15,0,11,2
2,700,80.500000,10000.000000,1,0,68938872,622,15,622,15,0,11,2
2,700,80.500000,10000.000000,1,0,68938874,622,15,622,15,0,11,2
2,700,80.500000,10000.000000,1,0,68938877,622,15,622,15,0,11,2
2,700,80.500000,10000.000000,1,0,68938880,622,15,622,15,0,11,2
2,700,80.500000,10000.000000,1,0,68938883,622,15,622,15,0,11,2
2,700,80.500000,10000.000000,1,0,68938886,622,15,622,15,0,11,2
2,700,80.500000,10000.000000,1,0,68938888,622,15,622,15,0,11,2
2,700,80.500000,10000.000000,1,0,68938891,622,15,622,15,0,11,2
2,700,80.500000,10000.000000,1,0,68938894,622,15,622,15,0,11,2
2,700,80.500000,10000.000000,1,0,68938897,622,15,622,15,0,11,2
2,700,80.500000,10000.000000,1,0,68938900,624,15,624,15,0,11,2
2,700,80.500000,10000.000000,1,0,68938902,625,15,625,15,0,11,2
2,700,80.500000,10000.000000,1,0,68938905,627,15,627,15,0,11,2
2,700,80.500000,10000.000000,1,0,68938908,628,15,628,15,0,11,2
2,700,80.500000,10000.000000,1,0,68938911,631,15,631,15,0,11,2
2,700,80.500000,10000.000000,1,0,68938913,633,15,633,15,0,11,2
2,700,80.500000,10000.000000,1,0,68938916,637,15,637,15,0,11,2
2,700,80.500000,10000.000000,1,0,68938919,641,15,641,15,0,11,2
2,700,80.500000,10000.000000,1,0,68938922,646,15,646,15,0,11,2
2,700,80.500000,10000.000000,1,0,68938925,652,15,652,15,0,11,2
2,700,80.500000,10000.000000,1,0,68938927,657,15,657,15,0,11,2
2,700,80.500000,10000.000000,1,0,68938930,664,15,664,15,0,11,2
2,700,80.500000,10000.000000,1,0,68938933,673,15,673,15,0,11,2
2,700,80.500000,10000.000000,1,0,68938936,683,15,683,15,0,11,2
2,700,80.500000,10000.000000,1,0,68938938,692,15,692,15,0,11,2
2,700,80.500000,10000.000000,1,0,68938941,704,15,704,15,0,11,2
2,700,80.500000,10000.000000,1,0,68938944,715,15,715,15,0,11,2
2,700,80.500000,10000.000000,1,0,68938947,728,15,728,15,0,11,2
2,700,80.500000,10000.000000,1,0,68938949,743,15,743,15,0,11,2
2,700,80.500000,10000.000000,1,0,68938952,756,15,756,15,0,11,2
2,700,80.500000,10000.000000,1,0,68938955,772,15,772,15,0,11,2
2,700,80.500000,10000.000000,1,0,68938958,789,15,789,15,0,11,2
2,700,80.500000,10000.000000,1,0,68938961,805,15,805,15,0,11,2
2,700,80.500000,10000.000000,1,0,68938963,825,13,825,13,0,11,2
2,700,80.500000,10000.000000,1,0,68938966,847,13,847,13,0,11,2
2,700,80.500000,10000.000000,1,0,68938969,869,13,869,13,0,11,2
2,700,80.500000,10000.000000,1,0,68938972,888,13,888,13,0,11,2
2,700,80.500000,10000.000000,1,0,68938974,921,13,921,13,0,11,2
2,700,80.500000,10000.000000,1,0,68938977,946,12,946,12,0,11,2
2,700,80.500000,10000.000000,1,0,68938980,976,12,976,12,0,11,2
2,700,80.500000,10000.000000,1,0,68938983,1003,12,1003,12,0,11,2
2,700,80.500000,10000.000000,1,0,68938986,1031,12,1031,12,0,11,2
2,700,80.500000,10000.000000,1,0,68938988,1058,12,1058,12,0,11,2
2,700,80.500000,10000.000000,1,0,68938991,1080,12,1080,12,0,11,2
2,700,80.500000,10000.000000,1,0,68938994,1099,12,1099,12,0,11,2
2,700,80.500000,10000.000000,1,0,68938997,1124,12,1124,12,0,11,2
2,700,80.500000,10000.000000,1,0,68939000,1148,12,1148,12,0,11,2
2,700,80.500000,10000.000000,1,0,68939002,1170,12,1170,12,0,11,2
2,700,80.500000,10000.000000,1,0,68939005,1189,12,1189,12,0,11,2
2,700,80.500000,10000.000000,1,0,68939008,1208,12,1208,12,0,11,2
2,700,80.500000,10000.000000,1,0,68939011,1222,12,1222,12,0,11,2
2,700,80.500000,10000.000000,1,0,68939013,1236,12,1236,12,0,11,2
2,700,80.500000,10000.000000,1,0,68939016,1249,12,1249,12,0,11,2
2,700,80.500000,10000.000000,1,0,68939019,1262,12,1262,12,0,11,2
2,700,80.500000,10000.000000,1,0,68939022,1271,13,1271,13,0,11,2
2,700,80.500000,10000.000000,1,0,68939024,1283,13,1283,13,0,11,2
2,700,80.500000,10000.000000,1,0,68939027,1291,13,1291,13,0,11,2
2,700,80.500000,10000.000000,1,0,68939030,1298,13,1298,13,0,11,2
2,700,80.500000,10000.000000,1,0,68939033,1303,13,1303,13,0,11,2
2,700,80.500000,10000.000000,1,0,68939036,1306,13,1306,13,0,11,2
2,700,80.500000,10000.000000,1,0,68939038,1310,13,1310,13,0,11,2
2,700,80.500000,10000.000000,1,0,68939041,1313,13,1313,13,0,11,2
2,700,80.500000,10000.000000,1,0,68939044,1316,13,1316,13,0,11,2
2,700,80.500000,10000.000000,1,0,68939047,1319,13,1319,13,0,11,2
2,700,80.500000,10000.000000,1,0,68939050,1320,13,1320,13,0,11,2
2,700,80.500000,10000.000000,1,0,68939052,1320,13,1320,13,0,11,2
2,700,80.500000,10000.000000,1,0,68939055,1320,13,1320,13,0,11,2
2,700,80.500000,10000.000000,1,0,68939058,1320,13,1320,13,0,11,2
2,700,80.500000,10000.000000,1,0,68939061,1320,13,1320,13,0,11,2
2,700,80.500000,10000.000000,1,0,68939063,1320,13,1320,13,0,11,2
2,700,80.500000,10000.000000,1,0,68939066,1320,13,1320,13,0,11,2
2,700,80.500000,10000.000000,1,0,68939069,1320,13,1320,13,0,11,2
2,700,80.500000,10000.000000,1,0,68939072,1320,13,1320,13,0,11,2
2,700,80.500000,10000.000000,1,0,68939074,1320,13,1320,13,0,11,2
2,700,80.500000,10000.000000,1,0,68939077,1320,13,1320,13,0,11,2
2,700,80.500000,10000.000000,1,0,68939080,1320,13,1320,13,0,11,2
2,700,80.500000,10000.000000,1,0,68939083,1320,13,1320,13,0,11,2
2,700,80.500000,10000.000000,1,0,68939086,1320,13,1320,13,0,11,2
2,700,80.500000,10000.000000,1,0,68939088,1320,13,1320,13,0,11,2
2,700,80.500000,10000.000000,1,0,68939091,1320,13,1320,13,0,11,2
2,700,80.500000,10000.000000,1,0,68939094,1320,13,1320,13,0,11,2
2,700,80.500000,10000.000000,1,0,68939097,1320,13,1320,13,0,11,2
2,700,80.500000,10000.000000,1,0,68939099,1320,13,1320,13,0,11,2
2,700,80.500000,10000.000000,1,0,68939102,1320,13,1320,13,0,11,2
2,700,80.500000,10000.000000,1,0,68939105,1320,13,1320,13,0,11,2
2,700,80.500000,10000.000000,1,0,68939108,1320,13,1320,13,0,11,2
2,700,80.500000,10000.000000,1,0,68939111,1320,13,1320,13,0,11,2
2,700,80.500000,10000.000000,1,0,68939114,1320,13,1320,13,0,11,2
2,700,80.500000,10000.000000,1,0,68939116,1320,13,1320,13,0,11,2
2,700,80.500000,10000.000000,1,0,68939119,1320,13,1320,13,0,11,2
2,700,80.500000,10000.000000,1,0,68939122,1321,13,1321,13,0,11,2
2,700,80.500000,10000.000000,1,0,68939125,1321,13,1321,13,0,11,2
2,700,80.500000,10000.000000,1,0,68939127,1321,13,1321,13,0,11,2
2,700,80.500000,10000.000000,1,0,68939130,1321,13,1321,13,0,11,2
2,700,80.500000,10000.000000,1,0,68939133,1321,13,1321,13,0,11,2
2,700,80.500000,10000.000000,1,0,68939136,1321,13,1321,13,0,11,2
2,700,80.500000,10000.000000,1,0,68939138,1321,13,1321,13,0,11,2
2,700,80.500000,10000.000000,1,0,68939141,1321,13,1321,13,0,11,2
2,700,80.500000,10000.000000,1,0,68939144,1321,13,1321,13,0,11,2
2,700,80.500000,10000.000000,1,0,68939147,1321,13,1321,13,0,11,2
2,700,80.500000,10000.000000,1,0,68939150,1321,13,1321,13,0,11,2
2,700,80.500000,10000.000000,1,0,68939152,1321,13,1321,13,0,11,2
2,700,80.500000,10000.000000,1,0,68939155,1321,13,1321,13,0,11,2
2,700,80.500000,10000.000000,1,0,68939158,1321,13,1321,13,0,11,2
2,700,80.500000,10000.000000,1,0,68939161,1321,13,1321,13,0,11,2
2,700,80.500000,10000.000000,1,0,68939163,1321,13,1321,13,0,11,2
2,700,80.500000,10000.000000,1,0,68939166,1321,13,1321,13,0,11,2
2,700,80.500000,10000.000000,1,0,68939169,1321,13,1321,13,0,11,2
2,700,80.500000,10000.000000,1,0,68939172,1321,13,1321,13,0,11,2
2,700,80.500000,10000.000000,1,0,68939175,1321,13,1321,13,0,11,2
2,700,80.500000,10000.000000,1,0,68939177,1321,13,1321,13,0,11,2
2,700,80.500000,10000.000000,1,0,68939180,1321,13,1321,13,0,11,2
2,700,80.500000,10000.000000,1,0,68939183,1321,13,1321,13,0,11,2
2,700,80.500000,10000.000000,1,0,68939186,1321,13,1321,13,0,11,2
2,700,80.500000,10000.000000,1,0,68939188,1321,13,1321,13,0,11,2
2,700,80.500000,10000.000000,1,0,68939191,1321,13,1321,13,0,11,2
2,700,80.500000,10000.000000,1,0,68939194,1321,13,1321,13,0,11,2
2,700,80.500000,10000.000000,1,0,68939197,1321,13,1321,13,0,11,2
2,700,80.500000,10000.000000,1,0,68939200,1321,13,1321,13,0,11,2
2,700,80.500000,10000.000000,1,0,68939202,1321,13,1321,13,0,11,2
2,700,80.500000,10000.000000,1,0,68939205,1321,13,1321,13,0,11,2
2,700,80.500000,10000.000000,1,0,68939208,1321,13,1321,13,0,11,2
2,700,80.500000,10000.000000,1,0,68939211,1321,13,1321,13,0,11,2
2,700,80.500000,10000.000000,1,0,68939213,1321,13,1321,13,0,11,2
2,700,80.500000,10000.000000,1,0,68939216,1321,13,1321,13,0,11,2
2,700,80.500000,10000.000000,1,0,68939219,1321,13,1321,13,0,11,2
2,700,80.500000,10000.000000,1,0,68939222,1321,13,1321,13,0,11,2
2,700,80.500000,10000.000000,1,0,68939225,1321,13,1321,13,0,11,2
2,700,80.500000,10000.000000,1,0,68939227,1321,13,1321,13,0,11,2
2,700,80.500000,10000.000000,1,0,68939231,1321,13,1321,13,0,11,2
2,700,80.500000,10000.000000,1,0,68939233,1321,13,1321,13,0,11,2
2,700,80.500000,10000.000000,1,0,68939236,1321,13,1321,13,0,11,2
2,700,80.500000,10000.000000,1,0,68939239,1321,13,1321,13,0,11,2
2,700,80.500000,10000.000000,1,0,68939242,1321,13,1321,13,0,11,2
2,700,80.500000,10000.000000,1,0,68939244,1321,13,1321,13,0,11,2
2,700,80.500000,10000.000000,1,0,68939247,1321,13,1321,13,0,11,2
2,700,80.500000,10000.000000,1,0,68939250,1321,13,1321,13,0,11,2
2,700,80.500000,10000.000000,1,0,68939253,1321,13,1321,13,0,11,2
2,700,80.500000,10000.000000,1,0,68939256,1321,13,1321,13,0,11,2
2,700,80.500000,10000.000000,1,0,68939267,1321,13,1321,13,0,11,2
