2,350,21.000000,42.000000,0,0,69433462,795,0,795,0,0,28,6
2,350,21.000000,42.000000,0,0,69433463,795,0,795,0,0,28,6
2,350,21.000000,42.000000,0,0,69433466,795,0,795,0,0,28,6
2,350,21.000000,42.000000,0,0,69433469,795,0,795,0,0,28,6
2,350,21.000000,42.000000,0,0,69433471,795,0,795,0,0,28,6
2,350,21.000000,42.000000,0,0,69433474,795,0,795,0,0,28,6
2,350,21.000000,42.000000,0,0,69433477,795,0,795,0,0,28,6
2,350,21.000000,42.000000,0,0,69433480,795,0,795,0,0,28,6
2,350,21.000000,42.000000,0,0,69433482,795,0,795,0,0,28,6
2,350,21.000000,42.000000,0,0,69433485,795,0,795,0,0,28,6
2,350,21.000000,42.000000,0,0,69433488,795,0,795,0,0,28,6
2,350,21.000000,42.000000,0,0,69433491,795,0,795,0,0,28,6
2,350,21.000000,42.000000,0,0,69433494,795,0,795,0,0,28,6
2,350,21.000000,42.000000,0,0,69433496,795,0,795,0,0,28,6
2,350,21.000000,42.000000,0,0,69433499,795,0,795,0,0,28,6
2,350,21.000000,42.000000,0,0,69433502,795,0,795,0,0,28,6
2,350,21.000000,42.000000,0,0,69433505,795,0,795,0,0,28,6
2,350,21.000000,42.000000,0,0,69433507,795,0,795,0,0,28,6
2,350,21.000000,42.000000,0,0,69433510,795,0,795,0,0,28,6
2,350,21.000000,42.000000,0,0,69433513,795,0,795,0,0,28,6
2,350,21.000000,42.000000,0,0,69433516,795,0,795,0,0,28,6
2,350,21.000000,42.000000,0,0,69433519,795,0,795,0,0,28,6
2,350,21.000000,42.000000,0,0,69433521,795,0,795,0,0,28,6
2,350,21.000000,42.000000,0,0,69433524,795,0,795,0,0,28,6
2,350,21.000000,42.000000,0,0,69433527,795,0,795,0,0,28,6
2,350,21.000000,42.000000,0,0,69433530,795,0,795,0,0,28,6
2,350,21.000000,42.000000,0,0,69433533,795,0,795,0,0,28,6
2,350,21.000000,42.000000,0,0,69433535,795,0,795,0,0,28,6
2,350,21.000000,42.000000,0,0,69433538,795,0,795,0,0,28,6
2,350,21.000000,42.000000,0,0,69433541,795,0,795,0,0,28,6
2,350,21.000000,42.000000,0,0,69433544,795,0,795,0,0,28,6
2,350,21.000000,42.000000,0,0,69433546,795,0,795,0,0,28,6
2,350,21.000000,42.000000,0,0,69433549,795,0,795,0,0,28,6
2,350,21.000000,42.000000,0,0,69433552,794,0,794,0,0,28,6
2,350,21.000000,42.000000,0,0,69433555,794,0,794,0,0,28,6
2,350,21.000000,42.000000,0,0,69433557,794,0,794,0,0,28,6
2,350,21.000000,42.000000,0,0,69433560,794,0,794,0,0,28,6
2,350,21.000000,42.000000,0,0,69433563,794,0,794,0,0,28,6
2,350,21.000000,42.000000,0,0,69433566,794,0,794,0,0,28,6
2,350,21.000000,42.000000,0,0,69433569,794,0,794,0,0,28,6
2,350,21.000000,42.000000,0,0,69433571,794,0,794,0,0,28,6
2,350,21.000000,42.000000,0,0,69433574,794,0,794,0,0,28,6
2,350,21.000000,42.000000,0,0,69433577,794,0,794,0,0,28,6
2,350,21.000000,42.000000,0,0,69433580,794,0,794,0,0,28,6
2,350,21.000000,42.000000,0,0,69433583,794,0,794,0,0,28,6
2,350,21.000000,42.000000,0,0,69433585,794,0,794,0,0,28,6
2,350,21.000000,42.000000,0,0,69433588,794,0,794,0,0,28,6
2,350,21.000000,42.000000,0,0,69433591,794,0,794,0,0,28,6
2,350,21.000000,42.000000,0,0,69433594,794,0,794,0,0,28,6
2,350,21.000000,42.000000,0,0,69433597,794,0,794,0,0,28,6
2,350,21.000000,42.000000,0,0,69433600,794,0,794,0,0,28,6
2,350,21.000000,42.000000,0,0,69433602,794,0,794,0,0,28,6
2,350,21.000000,42.000000,0,0,69433605,794,0,794,0,0,28,6
2,350,21.000000,42.000000,0,0,69433608,794,0,794,0,0,28,6
2,350,21.000000,42.000000,0,0,69433610,794,0,794,0,0,28,6
2,350,21.000000,42.000000,0,0,69433613,794,0,794,0,0,28,6
2,350,21.000000,42.000000,0,0,69433616,794,0,794,0,0,28,6
2,350,21.000000,42.000000,0,0,69433619,794,0,794,0,0,28,6
2,350,21.000000,42.000000,0,0,69433622,794,0,794,0,0,28,6
2,350,21.000000,42.000000,0,0,69433624,794,0,794,0,0,28,6
2,350,21.000000,42.000000,0,0,69433627,794,0,794,0,0,28,6
2,350,21.000000,42.000000,0,0,69433630,794,0,794,0,0,28,6
2,350,21.000000,42.000000,0,0,69433633,794,0,794,0,0,28,6
2,350,21.000000,42.000000,0,0,69433635,794,0,794,0,0,28,6
2,350,21.000000,42.000000,0,0,69433638,794,0,794,0,0,28,6
2,350,21.000000,42.000000,0,0,69433641,794,0,794,0,0,28,6
2,350,21.000000,42.000000,0,0,69433644,794,0,794,0,0,28,6
2,350,21.000000,42.000000,0,0,69433646,794,0,794,0,0,28,6
2,350,21.000000,42.000000,0,0,69433649,794,0,794,0,0,28,6
2,350,21.000000,42.000000,0,0,69433652,794,0,794,0,0,28,6
2,350,21.000000,42.000000,0,0,69433655,794,0,794,0,0,28,6
2,350,21.000000,42.000000,0,0,69433658,794,0,794,0,0,28,6
2,350,21.000000,42.000000,0,0,69433660,794,0,794,0,0,28,6
2,350,21.000000,42.000000,0,0,69433663,794,0,794,0,0,28,6
2,350,21.000000,42.000000,0,0,69433666,794,0,794,0,0,28,6
2,350,21.000000,42.000000,0,0,69433669,794,0,794,0,0,28,6
2,350,21.000000,42.000000,0,0,69433672,795,0,795,0,0,28,6
2,350,21.000000,42.000000,0,0,69433674,795,0,795,0,0,28,6
2,350,21.000000,42.000000,0,0,69433677,795,0,795,-1,0,28,6
2,350,21.000000,42.000000,0,0,69433680,796,0,796,-1,0,28,6
2,350,21.000000,42.000000,0,0,69433683,797,0,797,-2,0,28,6
2,350,21.000000,42.000000,0,0,69433685,798,0,798,-2,0,28,6
2,350,21.000000,42.000000,0,0,69433688,800,0,800,-2,0,28,6
2,350,21.000000,42.000000,0,0,69433691,803,0,803,-2,0,28,6
2,350,21.000000,42.000000,0,0,69433694,807,0,807,-3,0,28,6
2,350,21.000000,42.000000,0,0,69433697,810,0,810,-4,0,28,6
2,350,21.000000,42.000000,0,0,69433699,816,0,816,-4,0,28,6
2,350,21.000000,42.000000,0,0,69433702,823,0,823,-4,0,28,6
2,350,21.000000,42.000000,0,0,69433705,828,0,828,-5,0,28,6
2,350,21.000000,42.000000,0,0,69433708,836,0,836,-7,0,28,6
2,350,21.000000,42.000000,0,0,69433710,844,0,844,-7,0,28,6
2,350,21.000000,42.000000,0,0,69433713,853,0,853,-9,0,28,6
2,350,21.000000,42.000000,0,0,69433716,866,0,866,-9,0,28,6
2,350,21.000000,42.000000,0,0,69433719,876,0,876,-11,0,28,6
2,350,21.000000,42.000000,0,0,69433722,892,0,892,-11,0,28,6
2,350,21.000000,42.000000,0,0,69433724,905,0,905,-11,0,28,6
2,350,21.000000,42.000000,0,0,69433727,920,0,920,-11,0,28,6
2,350,21.000000,42.000000,0,0,69433730,935,0,935,-12,0,28,6
2,350,21.000000,42.000000,0,0,69433733,951,0,951,-12,0,28,6
2,350,21.000000,42.000000,0,0,69433735,967,0,967,-12,0,28,6
2,350,21.000000,42.000000,0,0,69433738,981,0,981,-12,0,28,6
2,350,21.000000,42.000000,0,0,69433741,994,0,994,-12,0,28,6
2,350,21.000000,42.000000,0,0,69433744,1011,0,1011,-12,0,28,6
2,350,21.000000,42.000000,0,0,69433747,1020,0,1020,-12,0,28,6
2,350,21.000000,42.000000,0,0,69433750,1042,0,1042,-12,0,28,6
2,350,21.000000,42.000000,0,0,69433752,1052,1,1052,-11,0,28,6
2,350,21.000000,42.000000,0,0,69433755,1061,2,1061,-10,0,28,6
2,350,21.000000,42.000000,0,0,69433758,1070,3,1070,-9,0,28,6
2,350,21.000000,42.000000,0,0,69433761,1079,3,1079,-9,0,28,6
2,350,21.000000,42.000000,0,0,69433764,1087,4,1087,-8,0,28,6
2,350,21.000000,42.000000,0,0,69433767,1097,5,1097,-7,0,28,6
2,350,21.000000,42.000000,0,0,69433770,1108,6,1108,-6,0,28,6
2,350,21.000000,42.000000,0,0,69433772,1112,6,1112,-6,0,28,6
2,350,21.000000,42.000000,0,0,69433775,1116,7,1116,-5,0,28,6
2,350,21.000000,42.000000,0,0,69433778,1120,7,1120,-5,0,28,6
2,350,21.000000,42.000000,0,0,69433781,1123,7,1123,-5,0,28,6
2,350,21.000000,42.000000,0,0,69433783,1123,7,1123,-5,0,28,6
2,350,21.000000,42.000000,0,0,69433786,1124,7,1124,-5,0,28,6
2,350,21.000000,42.000000,0,0,69433789,1126,7,1126,-5,0,28,6
2,350,21.000000,42.000000,0,0,69433792,1127,7,1127,-5,0,28,6
2,350,21.000000,42.000000,0,0,69433794,1127,7,1127,-5,0,28,6
2,350,21.000000,42.000000,0,0,69433797,1127,7,1127,-5,0,28,6
2,350,21.000000,42.000000,0,0,69433800,1128,7,1128,-5,0,28,6
2,350,21.000000,42.000000,0,0,69433802,1129,7,1129,-5,0,28,6
2,350,21.000000,42.000000,0,0,69433805,1129,7,1129,-5,0,28,6
2,350,21.000000,42.000000,0,0,69433808,1129,7,1129,-5,0,28,6
2,350,21.000000,42.000000,0,0,69433810,1129,7,1129,-5,0,28,6
2,350,21.000000,42.000000,0,0,69433813,1129,7,1129,-5,0,28,6
2,350,21.000000,42.000000,0,0,69433816,1129,7,1129,-5,0,28,6
2,350,21.000000,42.000000,0,0,69433819,1129,7,1129,-5,0,28,6
2,350,21.000000,42.000000,0,0,69433822,1129,7,1129,-5,0,28,6
2,350,21.000000,42.000000,0,0,69433824,1129,7,1129,-5,0,28,6
2,350,21.000000,42.000000,0,0,69433827,1129,7,1129,-5,0,28,6
2,350,21.000000,42.000000,0,0,69433830,1129,7,1129,-5,0,28,6
2,350,21.000000,42.000000,0,0,69433833,1129,7,1129,-5,0,28,6
2,350,21.000000,42.000000,0,0,69433836,1129,7,1129,-5,0,28,6
2,350,21.000000,42.000000,0,0,69433838,1129,7,1129,-5,0,28,6
2,350,21.000000,42.000000,0,0,69433841,1129,7,1129,-5,0,28,6
2,350,21.000000,42.000000,0,0,69433844,1129,7,1129,-5,0,28,6
2,350,21.000000,42.000000,0,0,69433847,1129,7,1129,-5,0,28,6
2,350,21.000000,42.000000,0,0,69433849,1129,7,1129,-5,0,28,6
2,350,21.000000,42.000000,0,0,69433852,1129,7,1129,-5,0,28,6
2,350,21.000000,42.000000,0,0,69433855,1129,7,1129,-5,0,28,6
2,350,21.000000,42.000000,0,0,69433858,1130,7,1130,-5,0,28,6
2,350,21.000000,42.000000,0,0,69433861,1130,7,1130,-5,0,28,6
2,350,21.000000,42.000000,0,0,69433863,1130,7,1130,-5,0,28,6
2,350,21.000000,42.000000,0,0,69433866,1131,7,1131,-5,0,28,6
2,350,21.000000,42.000000,0,0,69433869,1131,7,1131,-5,0,28,6
2,350,21.000000,42.000000,0,0,69433872,1133,7,1133,-5,0,28,6
2,350,21.000000,42.000000,0,0,69433874,1133,7,1133,-5,0,28,6
2,350,21.000000,42.000000,0,0,69433877,1133,7,1133,-5,0,28,6
2,350,21.000000,42.000000,0,0,69433880,1133,7,1133,-5,0,28,6
2,350,21.000000,42.000000,0,0,69433883,1133,7,1133,-5,0,28,6
2,350,21.000000,42.000000,0,0,69433886,1133,7,1133,-5,0,28,6
2,350,21.000000,42.000000,0,0,69433888,1133,7,1133,-5,0,28,6
2,350,21.000000,42.000000,0,0,69433891,1133,7,1133,-5,0,28,6
2,350,21.000000,42.000000,0,0,69433894,1133,7,1133,-5,0,28,6
2,350,21.000000,42.000000,0,0,69433897,1133,7,1133,-5,0,28,6
2,350,21.000000,42.000000,0,0,69433900,1133,7,1133,-5,0,28,6
2,350,21.000000,42.000000,0,0,69433902,1133,7,1133,-5,0,28,6
2,350,21.000000,42.000000,0,0,69433905,1133,7,1133,-5,0,28,6
2,350,21.000000,42.000000,0,0,69433908,1133,7,1133,-5,0,28,6
2,350,21.000000,42.000000,0,0,69433911,1133,7,1133,-5,0,28,6
2,350,21.000000,42.000000,0,0,69433913,1133,7,1133,-5,0,28,6
2,350,21.000000,42.000000,0,0,69433916,1133,7,1133,-5,0,28,6
2,350,21.000000,42.000000,0,0,69433919,1133,7,1133,-5,0,28,6
2,350,21.000000,42.000000,0,0,69433922,1133,7,1133,-5,0,28,6
2,350,21.000000,42.000000,0,0,69433925,1133,7,1133,-5,0,28,6
2,350,21.000000,42.000000,0,0,69433927,1133,7,1133,-5,0,28,6
2,350,21.000000,42.000000,0,0,69433930,1133,7,1133,-5,0,28,6
2,350,21.000000,42.000000,0,0,69433933,1133,7,1133,-5,0,28,6
2,350,21.000000,42.000000,0,0,69433936,1133,7,1133,-5,0,28,6
2,350,21.000000,42.000000,0,0,69433938,1133,7,1133,-5,0,28,6
2,350,21.000000,42.000000,0,0,69433941,1133,7,1133,-5,0,28,6
2,350,21.000000,42.000000,0,0,69433944,1133,7,1133,-5,0,28,6
2,350,21.000000,42.000000,0,0,69433947,1133,7,1133,-5,0,28,6
2,350,21.000000,42.000000,0,0,69433950,1133,7,1133,-5,0,28,6
2,350,21.000000,42.000000,0,0,69433952,1133,7,1133,-5,0,28,6
2,350,21.000000,42.000000,0,0,69433955,1133,7,1133,-5,0,28,6
2,350,21.000000,42.000000,0,0,69433958,1133,7,1133,-5,0,28,6
2,350,21.000000,42.000000,0,0,69433961,1133,7,1133,-5,0,28,6
2,350,21.000000,42.000000,0,0,69433963,1133,7,1133,-5,0,28,6
2,350,21.000000,42.000000,0,0,69433966,1133,7,1133,-5,0,28,6
2,350,21.000000,42.000000,0,0,69433969,1133,7,1133,-5,0,28,6
2,350,21.000000,42.000000,0,0,69433972,1133,7,1133,-5,0,28,6
2,350,21.000000,42.000000,0,0,69433974,1133,7,1133,-5,0,28,6
2,350,21.000000,42.000000,0,0,69433977,1133,7,1133,-5,0,28,6
2,350,21.000000,42.000000,0,0,69433980,1133,7,1133,-5,0,28,6
2,350,21.000000,42.000000,0,0,69433983,1133,7,1133,-5,0,28,6
2,350,21.000000,42.000000,0,0,69433986,1133,7,1133,-5,0,28,6
2,350,21.000000,42.000000,0,0,69433989,1133,7,1133,-5,0,28,6
2,350,21.000000,42.000000,0,0,69433991,1133,7,1133,-5,0,28,6
2,350,21.000000,42.000000,0,0,69433994,1133,7,1133,-5,0,28,6
2,350,21.000000,42.000000,0,0,69433997,1133,7,1133,-5,0,28,6
2,350,21.000000,42.000000,0,0,69434000,1133,7,1133,-5,0,28,6
2,350,21.000000,42.000000,0,0,69434003,1133,7,1133,-5,0,28,6
2,350,21.000000,42.000000,0,0,69434005,1133,7,1133,-5,0,28,6
2,350,21.000000,42.000000,0,0,69434008,1133,7,1133,-5,0,28,6
2,350,21.000000,42.000000,0,0,69434011,1133,7,1133,-5,0,28,6
2,350,21.000000,42.000000,0,0,69434014,1133,7,1133,-5,0,28,6
2,350,21.000000,42.000000,0,0,69434016,1133,7,1133,-5,0,28,6
2,350,21.000000,42.000000,0,0,69434019,1133,7,1133,-5,0,28,6
2,350,21.000000,42.000000,0,0,69434022,1133,7,1133,-5,0,28,6
2,350,21.000000,42.000000,0,0,69434025,1133,7,1133,-5,0,28,6
2,350,21.000000,42.000000,0,0,69434028,1133,7,1133,-5,0,28,6
2,350,21.000000,42.000000,0,0,69434030,1133,7,1133,-5,0,28,6
2,350,21.000000,42.000000,0,0,69434042,1133,7,1133,-5,0,28,6
