2,350,21.000000,10000.000000,0,0,69549966,794,1,794,1,0,35,8
2,350,21.000000,10000.000000,0,0,69549967,794,1,794,1,0,35,8
2,350,21.000000,10000.000000,0,0,69549970,794,1,794,1,0,35,8
2,350,21.000000,10000.000000,0,0,69549972,794,1,794,1,0,35,8
2,350,21.000000,10000.000000,0,0,69549975,794,1,794,1,0,35,8
2,350,21.000000,10000.000000,0,0,69549978,794,1,794,1,0,35,8
2,350,21.000000,10000.000000,0,0,69549981,794,1,794,1,0,35,8
2,350,21.000000,10000.000000,0,0,69549983,794,1,794,1,0,35,8
2,350,21.000000,10000.000000,0,0,69549986,794,1,794,1,0,35,8
2,350,21.000000,10000.000000,0,0,69549989,794,1,794,1,0,35,8
2,350,21.000000,10000.000000,0,0,69549992,794,1,794,1,0,35,8
2,350,21.000000,10000.000000,0,0,69549994,794,1,794,1,0,35,8
2,350,21.000000,10000.000000,0,0,69549997,794,1,794,1,0,35,8
2,350,21.000000,10000.000000,0,0,69550000,794,1,794,1,0,35,8
2,350,21.000000,10000.000000,0,0,69550003,794,1,794,1,0,35,8
2,350,21.000000,10000.000000,0,0,69550006,794,1,794,1,0,35,8
2,350,21.000000,10000.000000,0,0,69550008,794,1,794,1,0,35,8
2,350,21.000000,10000.000000,0,0,69550011,794,1,794,1,0,35,8
2,350,21.000000,10000.000000,0,0,69550014,794,1,794,1,0,35,8
2,350,21.000000,10000.000000,0,0,69550017,794,1,794,1,0,35,8
2,350,21.000000,10000.000000,0,0,69550019,794,1,794,1,0,35,8
2,350,21.000000,10000.000000,0,0,69550022,794,1,794,1,0,35,8
2,350,21.000000,10000.000000,0,0,69550025,794,1,794,1,0,35,8
2,350,21.000000,10000.000000,0,0,69550028,794,1,794,1,0,35,8
2,350,21.000000,10000.000000,0,0,69550031,794,1,794,1,0,35,8
2,350,21.000000,10000.000000,0,0,69550033,794,1,794,1,0,35,8
2,350,21.000000,10000.000000,0,0,69550036,794,1,794,1,0,35,8
2,350,21.000000,10000.000000,0,0,69550039,794,1,794,1,0,35,8
2,350,21.000000,10000.000000,0,0,69550042,794,1,794,1,0,35,8
2,350,21.000000,10000.000000,0,0,69550045,794,1,794,1,0,35,8
2,350,21.000000,10000.000000,0,0,69550047,794,1,794,1,0,35,8
2,350,21.000000,10000.000000,0,0,69550050,794,1,794,1,0,35,8
2,350,21.000000,10000.000000,0,0,69550053,794,1,794,1,0,35,8
2,350,21.000000,10000.000000,0,0,69550056,794,1,794,1,0,35,8
2,350,21.000000,10000.000000,0,0,69550058,794,1,794,1,0,35,8
2,350,21.000000,10000.000000,0,0,69550061,794,1,794,1,0,35,8
2,350,21.000000,10000.000000,0,0,69550064,794,1,794,1,0,35,8
2,350,21.000000,10000.000000,0,0,69550067,794,1,794,1,0,35,8
2,350,21.000000,10000.000000,0,0,69550070,794,1,794,1,0,35,8
2,350,21.000000,10000.000000,0,0,69550072,794,1,794,1,0,35,8
2,350,21.000000,10000.000000,0,0,69550075,794,1,794,1,0,35,8
2,350,21.000000,10000.000000,0,0,69550078,794,1,794,1,0,35,8
2,350,21.000000,10000.000000,0,0,69550081,794,1,794,1,0,35,8
2,350,21.000000,10000.000000,0,0,69550083,794,1,794,1,0,35,8
2,350,21.000000,10000.000000,0,0,69550086,794,1,794,1,0,35,8
2,350,21.000000,10000.000000,0,0,69550089,794,1,794,1,0,35,8
2,350,21.000000,10000.000000,0,0,69550092,794,1,794,1,0,35,8
2,350,21.000000,10000.000000,0,0,69550095,794,1,794,1,0,35,8
2,350,21.000000,10000.000000,0,0,69550097,794,1,794,1,0,35,8
2,350,21.000000,10000.000000,0,0,69550100,794,1,794,1,0,35,8
2,350,21.000000,10000.000000,0,0,69550103,794,1,794,1,0,35,8
2,350,21.000000,10000.000000,0,0,69550106,794,1,794,1,0,35,8
2,350,21.000000,10000.000000,0,0,69550109,794,1,794,1,0,35,8
2,350,21.000000,10000.000000,0,0,69550111,794,1,794,1,0,35,8
2,350,21.000000,10000.000000,0,0,69550114,794,1,794,1,0,35,8
2,350,21.000000,10000.000000,0,0,69550117,794,1,794,1,0,35,8
2,350,21.000000,10000.000000,0,0,69550120,794,1,794,1,0,35,8
2,350,21.000000,10000.000000,0,0,69550122,794,1,794,1,0,35,8
2,350,21.000000,10000.000000,0,0,69550125,794,1,794,1,0,35,8
2,350,21.000000,10000.000000,0,0,69550128,794,1,794,1,0,35,8
2,350,21.000000,10000.000000,0,0,69550131,794,1,794,1,0,35,8
2,350,21.000000,10000.000000,0,0,69550133,794,1,794,1,0,35,8
2,350,21.000000,10000.000000,0,0,69550136,794,1,794,1,0,35,8
2,350,21.000000,10000.000000,0,0,69550139,795,1,795,1,0,35,8
2,350,21.000000,10000.000000,0,0,69550142,796,1,796,1,0,35,8
2,350,21.000000,10000.000000,0,0,69550145,797,1,797,1,0,35,8
2,350,21.000000,10000.000000,0,0,69550147,798,1,798,1,0,35,8
2,350,21.000000,10000.000000,0,0,69550150,799,1,799,1,0,35,8
2,350,21.000000,10000.000000,0,0,69550153,800,1,800,1,0,35,8
2,350,21.000000,10000.000000,0,0,69550156,801,1,801,1,0,35,8
2,350,21.000000,10000.000000,0,0,69550158,802,1,802,1,0,35,8
2,350,21.000000,10000.000000,0,0,69550161,804,1,804,1,0,35,8
2,350,21.000000,10000.000000,0,0,69550164,805,1,805,1,0,35,8
2,350,21.000000,10000.000000,0,0,69550167,807,1,807,1,0,35,8
2,350,21.000000,10000.000000,0,0,69550170,809,1,809,1,0,35,8
2,350,21.000000,10000.000000,0,0,69550172,813,1,813,1,0,35,8
2,350,21.000000,10000.000000,0,0,69550175,821,1,821,1,0,35,8
2,350,21.000000,10000.000000,0,0,69550178,826,0,826,0,0,35,8
2,350,21.000000,10000.000000,0,0,69550181,829,0,829,0,0,35,8
2,350,21.000000,10000.000000,0,0,69550184,833,0,833,0,0,35,8
2,350,21.000000,10000.000000,0,0,69550186,841,0,841,0,0,35,8
2,350,21.000000,10000.000000,0,0,69550189,847,0,847,0,0,35,8
2,350,21.000000,10000.000000,0,0,69550192,853,0,853,0,0,35,8
2,350,21.000000,10000.000000,0,0,69550195,863,0,863,0,0,35,8
2,350,21.000000,10000.000000,0,0,69550197,871,0,871,0,0,35,8
2,350,21.000000,10000.000000,0,0,69550200,881,0,881,-1,0,35,8
2,350,21.000000,10000.000000,0,0,69550203,891,0,891,-1,0,35,8
2,350,21.000000,10000.000000,0,0,69550206,903,0,903,-1,0,35,8
2,350,21.000000,10000.000000,0,0,69550209,915,0,915,-2,0,35,8
2,350,21.000000,10000.000000,0,0,69550211,927,0,927,-2,0,35,8
2,350,21.000000,10000.000000,0,0,69550214,939,0,939,-3,0,35,8
2,350,21.000000,10000.000000,0,0,69550217,951,0,951,-3,0,35,8
2,350,21.000000,10000.000000,0,0,69550220,963,0,963,-3,0,35,8
2,350,21.000000,10000.000000,0,0,69550223,978,0,978,-3,0,35,8
2,350,21.000000,10000.000000,0,0,69550225,991,0,991,-3,0,35,8
2,350,21.000000,10000.000000,0,0,69550228,1003,0,1003,-3,0,35,8
2,350,21.000000,10000.000000,0,0,69550231,1015,0,1015,-3,0,35,8
2,350,21.000000,10000.000000,0,0,69550234,1025,0,1025,-3,0,35,8
2,350,21.000000,10000.000000,0,0,69550236,1037,0,1037,-3,0,35,8
2,350,21.000000,10000.000000,0,0,69550239,1049,0,1049,-3,0,35,8
2,350,21.000000,10000.000000,0,0,69550242,1059,0,1059,-3,0,35,8
2,350,21.000000,10000.000000,0,0,69550245,1067,0,1067,-3,0,35,8
2,350,21.000000,10000.000000,0,0,69550248,1076,0,1076,-3,0,35,8
2,350,21.000000,10000.000000,0,0,69550250,1084,0,1084,-3,0,35,8
2,350,21.000000,10000.000000,0,0,69550253,1089,0,1089,-3,0,35,8
2,350,21.000000,10000.000000,0,0,69550256,1097,0,1097,-3,0,35,8
2,350,21.000000,10000.000000,0,0,69550259,1102,0,1102,-3,0,35,8
2,350,21.000000,10000.000000,0,0,69550261,1106,0,1106,-3,0,35,8
2,350,21.000000,10000.000000,0,0,69550264,1113,1,1113,-2,0,35,8
2,350,21.000000,10000.000000,0,0,69550267,1116,2,1116,-1,0,35,8
2,350,21.000000,10000.000000,0,0,69550270,1119,2,1119,-1,0,35,8
2,350,21.000000,10000.000000,0,0,69550272,1122,2,1122,-1,0,35,8
2,350,21.000000,10000.000000,0,0,69550275,1123,2,1123,-1,0,35,8
2,350,21.000000,10000.000000,0,0,69550278,1126,3,1126,0,0,35,8
2,350,21.000000,10000.000000,0,0,69550281,1128,3,1128,0,0,35,8
2,350,21.000000,10000.000000,0,0,69550284,1129,3,1129,0,0,35,8
2,350,21.000000,10000.000000,0,0,69550286,1130,3,1130,0,0,35,8
2,350,21.000000,10000.000000,0,0,69550289,1132,3,1132,0,0,35,8
2,350,21.000000,10000.000000,0,0,69550292,1134,3,1134,0,0,35,8
2,350,21.000000,10000.000000,0,0,69550295,1134,3,1134,0,0,35,8
2,350,21.000000,10000.000000,0,0,69550298,1135,3,1135,0,0,35,8
2,350,21.000000,10000.000000,0,0,69550301,1136,3,1136,0,0,35,8
2,350,21.000000,10000.000000,0,0,69550303,1136,3,1136,0,0,35,8
2,350,21.000000,10000.000000,0,0,69550306,1136,3,1136,0,0,35,8
2,350,21.000000,10000.000000,0,0,69550309,1136,3,1136,0,0,35,8
2,350,21.000000,10000.000000,0,0,69550311,1136,3,1136,0,0,35,8
2,350,21.000000,10000.000000,0,0,69550314,1136,3,1136,0,0,35,8
2,350,21.000000,10000.000000,0,0,69550317,1136,3,1136,0,0,35,8
2,350,21.000000,10000.000000,0,0,69550320,1136,3,1136,0,0,35,8
2,350,21.000000,10000.000000,0,0,69550322,1136,3,1136,0,0,35,8
2,350,21.000000,10000.000000,0,0,69550325,1136,3,1136,0,0,35,8
2,350,21.000000,10000.000000,0,0,69550328,1136,3,1136,0,0,35,8
2,350,21.000000,10000.000000,0,0,69550331,1136,3,1136,0,0,35,8
2,350,21.000000,10000.000000,0,0,69550334,1136,3,1136,0,0,35,8
2,350,21.000000,10000.000000,0,0,69550337,1136,3,1136,0,0,35,8
2,350,21.000000,10000.000000,0,0,69550339,1136,3,1136,0,0,35,8
2,350,21.000000,10000.000000,0,0,69550342,1136,3,1136,0,0,35,8
2,350,21.000000,10000.000000,0,0,69550345,1136,3,1136,0,0,35,8
2,350,21.000000,10000.000000,0,0,69550348,1137,3,1137,0,0,35,8
2,350,21.000000,10000.000000,0,0,69550350,1138,3,1138,0,0,35,8
2,350,21.000000,10000.000000,0,0,69550353,1138,3,1138,0,0,35,8
2,350,21.000000,10000.000000,0,0,69550356,1138,3,1138,0,0,35,8
2,350,21.000000,10000.000000,0,0,69550359,1138,3,1138,0,0,35,8
2,350,21.000000,10000.000000,0,0,69550361,1138,3,1138,0,0,35,8
2,350,21.000000,10000.000000,0,0,69550364,1138,3,1138,0,0,35,8
2,350,21.000000,10000.000000,0,0,69550367,1138,3,1138,0,0,35,8
2,350,21.000000,10000.000000,0,0,69550370,1138,3,1138,0,0,35,8
2,350,21.000000,10000.000000,0,0,69550373,1138,3,1138,0,0,35,8
2,350,21.000000,10000.000000,0,0,69550375,1138,3,1138,0,0,35,8
2,350,21.000000,10000.000000,0,0,69550378,1138,3,1138,0,0,35,8
2,350,21.000000,10000.000000,0,0,69550381,1138,3,1138,0,0,35,8
2,350,21.000000,10000.000000,0,0,69550384,1138,3,1138,0,0,35,8
2,350,21.000000,10000.000000,0,0,69550386,1138,3,1138,0,0,35,8
2,350,21.000000,10000.000000,0,0,69550389,1138,3,1138,0,0,35,8
2,350,21.000000,10000.000000,0,0,69550392,1138,3,1138,0,0,35,8
2,350,21.000000,10000.000000,0,0,69550395,1138,3,1138,0,0,35,8
2,350,21.000000,10000.000000,0,0,69550398,1138,3,1138,0,0,35,8
2,350,21.000000,10000.000000,0,0,69550401,1138,3,1138,0,0,35,8
2,350,21.000000,10000.000000,0,0,69550403,1138,3,1138,0,0,35,8
2,350,21.000000,10000.000000,0,0,69550406,1138,3,1138,0,0,35,8
2,350,21.000000,10000.000000,0,0,69550409,1138,3,1138,0,0,35,8
2,350,21.000000,10000.000000,0,0,69550411,1137,3,1137,0,0,35,8
2,350,21.000000,10000.000000,0,0,69550414,1136,3,1136,0,0,35,8
2,350,21.000000,10000.000000,0,0,69550417,1136,3,1136,0,0,35,8
2,350,21.000000,10000.000000,0,0,69550420,1136,3,1136,0,0,35,8
2,350,21.000000,10000.000000,0,0,69550423,1136,3,1136,0,0,35,8
2,350,21.000000,10000.000000,0,0,69550425,1135,3,1135,0,0,35,8
2,350,21.000000,10000.000000,0,0,69550428,1135,3,1135,0,0,35,8
2,350,21.000000,10000.000000,0,0,69550431,1135,3,1135,0,0,35,8
2,350,21.000000,10000.000000,0,0,69550434,1135,3,1135,0,0,35,8
2,350,21.000000,10000.000000,0,0,69550437,1134,3,1134,0,0,35,8
2,350,21.000000,10000.000000,0,0,69550439,1133,3,1133,0,0,35,8
2,350,21.000000,10000.000000,0,0,69550442,1133,3,1133,0,0,35,8
2,350,21.000000,10000.000000,0,0,69550445,1133,3,1133,0,0,35,8
2,350,21.000000,10000.000000,0,0,69550448,1133,3,1133,0,0,35,8
2,350,21.000000,10000.000000,0,0,69550450,1133,3,1133,0,0,35,8
2,350,21.000000,10000.000000,0,0,69550453,1133,3,1133,0,0,35,8
2,350,21.000000,10000.000000,0,0,69550456,1133,3,1133,0,0,35,8
2,350,21.000000,10000.000000,0,0,69550459,1133,3,1133,0,0,35,8
2,350,21.000000,10000.000000,0,0,69550461,1133,3,1133,0,0,35,8
2,350,21.000000,10000.000000,0,0,69550464,1133,3,1133,0,0,35,8
2,350,21.000000,10000.000000,0,0,69550467,1133,3,1133,0,0,35,8
2,350,21.000000,10000.000000,0,0,69550470,1133,3,1133,0,0,35,8
2,350,21.000000,10000.000000,0,0,69550473,1133,3,1133,0,0,35,8
2,350,21.000000,10000.000000,0,0,69550475,1133,3,1133,0,0,35,8
2,350,21.000000,10000.000000,0,0,69550478,1133,3,1133,0,0,35,8
2,350,21.000000,10000.000000,0,0,69550481,1133,3,1133,0,0,35,8
2,350,21.000000,10000.000000,0,0,69550484,1133,3,1133,0,0,35,8
2,350,21.000000,10000.000000,0,0,69550487,1133,3,1133,0,0,35,8
2,350,21.000000,10000.000000,0,0,69550489,1133,3,1133,0,0,35,8
2,350,21.000000,10000.000000,0,0,69550492,1133,3,1133,0,0,35,8
2,350,21.000000,10000.000000,0,0,69550495,1133,3,1133,0,0,35,8
2,350,21.000000,10000.000000,0,0,69550498,1133,3,1133,0,0,35,8
2,350,21.000000,10000.000000,0,0,69550500,1133,3,1133,0,0,35,8
2,350,21.000000,10000.000000,0,0,69550503,1133,3,1133,0,0,35,8
2,350,21.000000,10000.000000,0,0,69550506,1133,3,1133,0,0,35,8
2,350,21.000000,10000.000000,0,0,69550518,1133,3,1133,0,0,35,8
