2,700,21.000000,0.000000,2,0,1571096919,605,6,605,6,0,52,0
2,700,21.000000,0.000000,2,0,1571096919,605,6,605,6,0,52,0
2,700,21.000000,0.000000,2,0,1571096922,605,6,605,6,0,52,0
2,700,21.000000,0.000000,2,0,1571096925,606,6,606,6,0,52,0
2,700,21.000000,0.000000,2,0,1571096928,607,6,607,6,0,52,0
2,700,21.000000,0.000000,2,0,1571096931,607,6,607,6,0,52,0
2,700,21.000000,0.000000,2,0,1571096934,607,6,607,6,0,52,0
2,700,21.000000,0.000000,2,0,1571096937,607,6,607,6,0,52,0
2,700,21.000000,0.000000,2,0,1571096939,607,6,607,6,0,52,0
2,700,21.000000,0.000000,2,0,1571096942,607,6,607,6,0,52,0
2,700,21.000000,0.000000,2,0,1571096944,607,6,607,6,0,52,0
2,700,21.000000,0.000000,2,0,1571096947,607,6,607,6,0,52,0
2,700,21.000000,0.000000,2,0,1571096950,607,6,607,6,0,52,0
2,700,21.000000,0.000000,2,0,1571096952,607,6,607,6,0,52,0
2,700,21.000000,0.000000,2,0,1571096955,607,6,607,6,0,52,0
2,700,21.000000,0.000000,2,0,1571096958,607,6,607,6,0,52,0
2,700,21.000000,0.000000,2,0,1571096961,607,6,607,6,0,52,0
2,700,21.000000,0.000000,2,0,1571096964,607,6,607,6,0,52,0
2,700,21.000000,0.000000,2,0,1571096966,607,6,607,6,0,52,0
2,700,21.000000,0.000000,2,0,1571096969,607,6,607,6,0,52,0
2,700,21.000000,0.000000,2,0,1571096972,607,6,607,6,0,52,0
2,700,21.000000,0.000000,2,0,1571096975,607,6,607,6,0,52,0
2,700,21.000000,0.000000,2,0,1571096978,607,6,607,6,0,52,0
2,700,21.000000,0.000000,2,0,1571096981,607,6,607,6,0,52,0
2,700,21.000000,0.000000,2,0,1571096984,607,6,607,6,0,52,0
2,700,21.000000,0.000000,2,0,1571096986,607,6,607,6,0,52,0
2,700,21.000000,0.000000,2,0,1571096989,607,6,607,6,0,52,0
2,700,21.000000,0.000000,2,0,1571096992,607,6,607,6,0,52,0
2,700,21.000000,0.000000,2,0,1571096994,607,6,607,6,0,52,0
2,700,21.000000,0.000000,2,0,1571096997,607,6,607,6,0,52,0
2,700,21.000000,0.000000,2,0,1571097000,607,6,607,6,0,52,0
2,700,21.000000,0.000000,2,0,1571097003,607,6,607,6,0,52,0
2,700,21.000000,0.000000,2,0,1571097006,607,6,607,6,0,52,0
2,700,21.000000,0.000000,2,0,1571097009,607,6,607,6,0,52,0
2,700,21.000000,0.000000,2,0,1571097012,607,6,607,6,0,52,0
2,700,21.000000,0.000000,2,0,1571097015,607,6,607,6,0,52,0
2,700,21.000000,0.000000,2,0,1571097017,607,6,607,6,0,52,0
2,700,21.000000,0.000000,2,0,1571097020,607,6,607,6,0,52,0
2,700,21.000000,0.000000,2,0,1571097023,607,6,607,6,0,52,0
2,700,21.000000,0.000000,2,0,1571097025,607,6,607,6,0,52,0
2,700,21.000000,0.000000,2,0,1571097028,607,6,607,6,0,52,0
2,700,21.000000,0.000000,2,0,1571097031,607,6,607,6,0,52,0
2,700,21.000000,0.000000,2,0,1571097034,608,8,608,8,0,52,0
2,700,21.000000,0.000000,2,0,1571097037,608,9,608,9,0,52,0
2,700,21.000000,0.000000,2,0,1571097039,608,9,608,9,0,52,0
2,700,21.000000,0.000000,2,0,1571097042,609,10,609,10,0,52,0
2,700,21.000000,0.000000,2,0,1571097044,609,10,609,10,0,52,0
2,700,21.000000,0.000000,2,0,1571097047,610,12,610,12,0,52,0
2,700,21.000000,0.000000,2,0,1571097050,613,13,613,13,0,52,0
2,700,21.000000,0.000000,2,0,1571097053,615,14,615,14,0,52,0
2,700,21.000000,0.000000,2,0,1571097055,617,17,617,17,0,52,0
2,700,21.000000,0.000000,2,0,1571097058,620,19,620,19,0,52,0
2,700,21.000000,0.000000,2,0,1571097061,623,22,623,22,0,52,0
2,700,21.000000,0.000000,2,0,1571097064,625,24,625,24,0,52,0
2,700,21.000000,0.000000,2,0,1571097067,630,26,630,26,0,52,0
2,700,21.000000,0.000000,2,0,1571097070,635,29,635,29,0,52,0
2,700,21.000000,0.000000,2,0,1571097072,639,31,639,31,0,52,0
2,700,21.000000,0.000000,2,0,1571097075,645,34,645,34,0,52,0
2,700,21.000000,0.000000,2,0,1571097078,654,39,654,39,0,52,0
2,700,21.000000,0.000000,2,0,1571097081,660,42,660,42,0,52,0
2,700,21.000000,0.000000,2,0,1571097083,667,46,667,46,0,52,0
2,700,21.000000,0.000000,2,0,1571097086,679,53,679,53,0,52,0
2,700,21.000000,0.000000,2,0,1571097089,690,59,690,59,0,52,0
2,700,21.000000,0.000000,2,0,1571097092,704,65,704,65,0,52,0
2,700,21.000000,0.000000,2,0,1571097094,716,67,716,67,0,52,0
2,700,21.000000,0.000000,2,0,1571097097,730,72,730,72,0,52,0
2,700,21.000000,0.000000,2,0,1571097100,747,77,747,77,0,52,0
2,700,21.000000,0.000000,2,0,1571097103,769,83,769,83,0,52,0
2,700,21.000000,0.000000,2,0,1571097105,792,86,792,86,0,52,0
2,700,21.000000,0.000000,2,0,1571097108,815,89,815,89,0,52,0
2,700,21.000000,0.000000,2,0,1571097111,846,90,846,90,0,52,0
2,700,21.000000,0.000000,2,0,1571097114,873,90,873,90,0,52,0
2,700,21.000000,0.000000,2,0,1571097117,906,91,906,91,0,52,0
2,700,21.000000,0.000000,2,0,1571097119,939,91,939,91,0,52,0
2,700,21.000000,0.000000,2,0,1571097122,972,93,972,93,0,52,0
2,700,21.000000,0.000000,2,0,1571097125,1008,93,1008,93,0,52,0
2,700,21.000000,0.000000,2,0,1571097128,1051,93,1051,93,0,52,0
2,700,21.000000,0.000000,2,0,1571097131,1086,93,1086,93,0,52,0
2,700,21.000000,0.000000,2,0,1571097133,1124,93,1124,93,0,52,0
2,700,21.000000,0.000000,2,0,1571097136,1164,93,1164,93,0,52,0
2,700,21.000000,0.000000,2,0,1571097139,1208,95,1208,95,0,52,0
2,700,21.000000,0.000000,2,0,1571097142,1246,95,1246,95,0,52,0
2,700,21.000000,0.000000,2,0,1571097145,1282,96,1282,96,0,52,0
2,700,21.000000,0.000000,2,0,1571097147,1317,96,1317,96,0,52,0
2,700,21.000000,0.000000,2,0,1571097150,1349,96,1349,96,0,52,0
2,700,21.000000,0.000000,2,0,1571097153,1381,96,1381,96,0,52,0
2,700,21.000000,0.000000,2,0,1571097156,1412,98,1412,98,0,52,0
2,700,21.000000,0.000000,2,0,1571097158,1442,98,1442,98,0,52,0
2,700,21.000000,0.000000,2,0,1571097161,1467,98,1467,98,0,52,0
2,700,21.000000,0.000000,2,0,1571097164,1489,98,1489,98,0,52,0
2,700,21.000000,0.000000,2,0,1571097167,1514,98,1514,98,0,52,0
2,700,21.000000,0.000000,2,0,1571097170,1531,94,1531,94,0,52,0
2,700,21.000000,0.000000,2,0,1571097172,1546,91,1546,91,0,52,0
2,700,21.000000,0.000000,2,0,1571097175,1555,87,1555,87,0,52,0
2,700,21.000000,0.000000,2,0,1571097178,1566,85,1566,85,0,52,0
2,700,21.000000,0.000000,2,0,1571097181,1585,81,1585,81,0,52,0
2,700,21.000000,0.000000,2,0,1571097184,1596,77,1596,77,0,52,0
2,700,21.000000,0.000000,2,0,1571097187,1608,72,1608,72,0,52,0
2,700,21.000000,0.000000,2,0,1571097189,1611,70,1611,70,0,52,0
2,700,21.000000,0.000000,2,0,1571097193,1615,67,1615,67,0,52,0
2,700,21.000000,0.000000,2,0,1571097196,1615,65,1615,65,0,52,0
2,700,21.000000,0.000000,2,0,1571097198,1615,63,1615,63,0,52,0
2,700,21.000000,0.000000,2,0,1571097201,1615,62,1615,62,0,52,0
2,700,21.000000,0.000000,2,0,1571097204,1615,60,1615,60,0,52,0
2,700,21.000000,0.000000,2,0,1571097207,1615,58,1615,58,0,52,0
2,700,21.000000,0.000000,2,0,1571097210,1615,54,1615,54,0,52,0
2,700,21.000000,0.000000,2,0,1571097212,1615,51,1615,51,0,52,0
2,700,21.000000,0.000000,2,0,1571097215,1613,48,1613,48,0,52,0
2,700,21.000000,0.000000,2,0,1571097218,1612,45,1612,45,0,52,0
2,700,21.000000,0.000000,2,0,1571097221,1612,42,1612,42,0,52,0
2,700,21.000000,0.000000,2,0,1571097224,1607,40,1607,40,0,52,0
2,700,21.000000,0.000000,2,0,1571097227,1603,33,1603,33,0,52,0
2,700,21.000000,0.000000,2,0,1571097230,1602,27,1602,27,0,52,0
2,700,21.000000,0.000000,2,0,1571097233,1602,27,1602,27,0,52,0
2,700,21.000000,0.000000,2,0,1571097235,1601,23,1601,23,0,52,0
2,700,21.000000,0.000000,2,0,1571097238,1598,21,1598,21,0,52,0
2,700,21.000000,0.000000,2,0,1571097241,1596,18,1596,18,0,52,0
2,700,21.000000,0.000000,2,0,1571097244,1594,14,1594,14,0,52,0
2,700,21.000000,0.000000,2,0,1571097246,1590,13,1590,13,0,52,0
2,700,21.000000,0.000000,2,0,1571097249,1586,12,1586,12,0,52,0
2,700,21.000000,0.000000,2,0,1571097251,1586,9,1586,9,0,52,0
2,700,21.000000,0.000000,2,0,1571097254,1586,6,1586,6,0,52,0
2,700,21.000000,0.000000,2,0,1571097257,1585,3,1585,3,0,52,0
2,700,21.000000,0.000000,2,0,1571097260,1585,2,1585,2,0,52,0
2,700,21.000000,0.000000,2,0,1571097263,1585,0,1585,0,0,52,0
2,700,21.000000,0.000000,2,0,1571097265,1584,0,1584,-2,0,52,0
2,700,21.000000,0.000000,2,0,1571097268,1584,0,1584,-4,0,52,0
2,700,21.000000,0.000000,2,0,1571097271,1584,0,1584,-8,0,52,0
2,700,21.000000,0.000000,2,0,1571097274,1583,0,1583,-8,0,52,0
2,700,21.000000,0.000000,2,0,1571097277,1583,0,1583,-8,0,52,0
2,700,21.000000,0.000000,2,0,1571097279,1581,0,1581,-9,0,52,0
2,700,21.000000,0.000000,2,0,1571097282,1581,0,1581,-10,0,52,0
2,700,21.000000,0.000000,2,0,1571097285,1579,0,1579,-11,0,52,0
2,700,21.000000,0.000000,2,0,1571097288,1579,0,1579,-14,0,52,0
2,700,21.000000,0.000000,2,0,1571097291,1578,0,1578,-15,0,52,0
2,700,21.000000,0.000000,2,0,1571097293,1578,0,1578,-16,0,52,0
2,700,21.000000,0.000000,2,0,1571097296,1578,0,1578,-17,0,52,0
2,700,21.000000,0.000000,2,0,1571097299,1578,0,1578,-17,0,52,0
2,700,21.000000,0.000000,2,0,1571097302,1576,0,1576,-17,0,52,0
2,700,21.000000,0.000000,2,0,1571097305,1575,0,1575,-19,0,52,0
2,700,21.000000,0.000000,2,0,1571097307,1572,0,1572,-19,0,52,0
2,700,21.000000,0.000000,2,0,1571097310,1569,0,1569,-22,0,52,0
2,700,21.000000,0.000000,2,0,1571097313,1566,0,1566,-25,0,52,0
2,700,21.000000,0.000000,2,0,1571097316,1560,0,1560,-25,0,52,0
2,700,21.000000,0.000000,2,0,1571097318,1558,0,1558,-26,0,52,0
2,700,21.000000,0.000000,2,0,1571097321,1555,0,1555,-27,0,52,0
2,700,21.000000,0.000000,2,0,1571097324,1551,0,1551,-28,0,52,0
2,700,21.000000,0.000000,2,0,1571097326,1548,0,1548,-29,0,52,0
2,700,21.000000,0.000000,2,0,1571097329,1544,0,1544,-30,0,52,0
2,700,21.000000,0.000000,2,0,1571097332,1537,0,1537,-32,0,52,0
2,700,21.000000,0.000000,2,0,1571097335,1531,0,1531,-34,0,52,0
2,700,21.000000,0.000000,2,0,1571097338,1526,0,1526,-34,0,52,0
2,700,21.000000,0.000000,2,0,1571097340,1520,0,1520,-34,0,52,0
2,700,21.000000,0.000000,2,0,1571097343,1512,0,1512,-35,0,52,0
2,700,21.000000,0.000000,2,0,1571097346,1504,0,1504,-37,0,52,0
2,700,21.000000,0.000000,2,0,1571097349,1494,0,1494,-38,0,52,0
2,700,21.000000,0.000000,2,0,1571097352,1486,0,1486,-39,0,52,0
2,700,21.000000,0.000000,2,0,1571097355,1479,0,1479,-39,0,52,0
2,700,21.000000,0.000000,2,0,1571097357,1470,0,1470,-39,0,52,0
2,700,21.000000,0.000000,2,0,1571097360,1460,0,1460,-41,0,52,0
2,700,21.000000,0.000000,2,0,1571097363,1449,0,1449,-41,0,52,0
2,700,21.000000,0.000000,2,0,1571097366,1438,0,1438,-41,0,52,0
2,700,21.000000,0.000000,2,0,1571097369,1427,0,1427,-41,0,52,0
2,700,21.000000,0.000000,2,0,1571097371,1418,0,1418,-42,0,52,0
2,700,21.000000,0.000000,2,0,1571097374,1407,0,1407,-42,0,52,0
2,700,21.000000,0.000000,2,0,1571097377,1396,0,1396,-43,0,52,0
2,700,21.000000,0.000000,2,0,1571097380,1389,0,1389,-43,0,52,0
2,700,21.000000,0.000000,2,0,1571097383,1372,0,1372,-43,0,52,0
2,700,21.000000,0.000000,2,0,1571097386,1366,0,1366,-43,0,52,0
2,700,21.000000,0.000000,2,0,1571097389,1355,0,1355,-43,0,52,0
2,700,21.000000,0.000000,2,0,1571097392,1351,0,1351,-43,0,52,0
2,700,21.000000,0.000000,2,0,1571097395,1348,0,1348,-43,0,52,0
2,700,21.000000,0.000000,2,0,1571097397,1345,0,1345,-43,0,52,0
2,700,21.000000,0.000000,2,0,1571097400,1343,0,1343,-43,0,52,0
2,700,21.000000,0.000000,2,0,1571097403,1342,0,1342,-43,0,52,0
2,700,21.000000,0.000000,2,0,1571097406,1340,0,1340,-43,0,52,0
2,700,21.000000,0.000000,2,0,1571097408,1339,0,1339,-43,0,52,0
2,700,21.000000,0.000000,2,0,1571097411,1336,0,1336,-43,0,52,0
2,700,21.000000,0.000000,2,0,1571097414,1335,0,1335,-43,0,52,0
2,700,21.000000,0.000000,2,0,1571097417,1334,0,1334,-43,0,52,0
2,700,21.000000,0.000000,2,0,1571097419,1333,0,1333,-43,0,52,0
2,700,21.000000,0.000000,2,0,1571097422,1332,0,1332,-43,0,52,0
2,700,21.000000,0.000000,2,0,1571097425,1332,0,1332,-43,0,52,0
2,700,21.000000,0.000000,2,0,1571097428,1331,0,1331,-43,0,52,0
2,700,21.000000,0.000000,2,0,1571097431,1330,0,1330,-43,0,52,0
2,700,21.000000,0.000000,2,0,1571097434,1329,0,1329,-43,0,52,0
2,700,21.000000,0.000000,2,0,1571097436,1328,0,1328,-43,0,52,0
2,700,21.000000,0.000000,2,0,1571097439,1328,0,1328,-43,0,52,0
2,700,21.000000,0.000000,2,0,1571097442,1327,0,1327,-43,0,52,0
2,700,21.000000,0.000000,2,0,1571097445,1325,0,1325,-43,0,52,0
2,700,21.000000,0.000000,2,0,1571097448,1325,0,1325,-43,0,52,0
2,700,21.000000,0.000000,2,0,1571097450,1324,0,1324,-43,0,52,0
2,700,21.000000,0.000000,2,0,1571097453,1323,0,1323,-43,0,52,0
2,700,21.000000,0.000000,2,0,1571097456,1323,0,1323,-43,0,52,0
2,700,21.000000,0.000000,2,0,1571097458,1322,0,1322,-43,0,52,0
2,700,21.000000,0.000000,2,0,1571097461,1322,0,1322,-43,0,52,0
2,700,21.000000,0.000000,2,0,1571097464,1322,0,1322,-43,0,52,0
2,700,21.000000,0.000000,2,0,1571097467,1322,0,1322,-43,0,52,0
2,700,21.000000,0.000000,2,0,1571097470,1322,0,1322,-43,0,52,0
2,700,21.000000,0.000000,2,0,1571097472,1322,0,1322,-43,0,52,0
2,700,21.000000,0.000000,2,0,1571097475,1322,0,1322,-43,0,52,0
2,700,21.000000,0.000000,2,0,1571097487,1322,0,1322,-43,1,52,0
