4,350,21.000000,42.000000,1,0,173015931,783,12,783,12,0,10,1,0
4,350,21.000000,42.000000,1,0,173015932,783,12,783,12,0,10,1,0
4,350,21.000000,42.000000,1,0,173015935,783,12,783,12,0,10,1,0
4,350,21.000000,42.000000,1,0,173015938,783,12,783,12,0,10,1,0
4,350,21.000000,42.000000,1,0,173015941,783,12,783,12,0,10,1,0
4,350,21.000000,42.000000,1,0,173015944,783,12,783,12,0,10,1,0
4,350,21.000000,42.000000,1,0,173015946,783,12,783,12,0,10,1,0
4,350,21.000000,42.000000,1,0,173015949,783,12,783,12,0,10,1,0
4,350,21.000000,42.000000,1,0,173015952,783,12,783,12,0,10,1,0
4,350,21.000000,42.000000,1,0,173015955,783,12,783,12,0,10,1,0
4,350,21.000000,42.000000,1,0,173015958,783,12,783,12,0,10,1,0
4,350,21.000000,42.000000,1,0,173015960,783,12,783,12,0,10,1,0
4,350,21.000000,42.000000,1,0,173015963,783,12,783,12,0,10,1,0
4,350,21.000000,42.000000,1,0,173015966,783,12,783,12,0,10,1,0
4,350,21.000000,42.000000,1,0,173015968,783,12,783,12,0,10,1,0
4,350,21.000000,42.000000,1,0,173015972,783,12,783,12,0,10,1,0
4,350,21.000000,42.000000,1,0,173015975,783,12,783,12,0,10,1,0
4,350,21.000000,42.000000,1,0,173015977,783,12,783,12,0,10,1,0
4,350,21.000000,42.000000,1,0,173015980,783,12,783,12,0,10,1,0
4,350,21.000000,42.000000,1,0,173015983,783,12,783,12,0,10,1,0
4,350,21.000000,42.000000,1,0,173015986,783,12,783,12,0,10,1,0
4,350,21.000000,42.000000,1,0,173015988,783,12,783,12,0,10,1,0
4,350,21.000000,42.000000,1,0,173015991,783,12,783,12,0,10,1,0
4,350,21.000000,42.000000,1,0,173015994,783,12,783,12,0,10,1,0
4,350,21.000000,42.000000,1,0,173015996,783,12,783,12,0,10,1,0
4,350,21.000000,42.000000,1,0,173015999,783,12,783,12,0,10,1,0
4,350,21.000000,42.000000,1,0,173016002,783,12,783,12,0,10,1,0
4,350,21.000000,42.000000,1,0,173016004,783,12,783,12,0,10,1,0
4,350,21.000000,42.000000,1,0,173016007,783,12,783,12,0,10,1,0
4,350,21.000000,42.000000,1,0,173016010,783,12,783,12,0,10,1,0
4,350,21.000000,42.000000,1,0,173016013,783,13,783,13,0,10,1,0
4,350,21.000000,42.000000,1,0,173016016,785,13,785,13,0,10,1,0
4,350,21.000000,42.000000,1,0,173016018,785,14,785,14,0,10,1,0
4,350,21.000000,42.000000,1,0,173016021,786,15,786,15,0,10,1,0
4,350,21.000000,42.000000,1,0,173016024,788,16,788,16,0,10,1,0
4,350,21.000000,42.000000,1,0,173016027,790,17,790,17,0,10,1,0
4,350,21.000000,42.000000,1,0,173016029,792,18,792,18,0,10,1,0
4,350,21.000000,42.000000,1,0,173016032,794,19,794,19,0,10,1,0
4,350,21.000000,42.000000,1,0,173016035,796,20,796,20,0,10,1,0
4,350,21.000000,42.000000,1,0,173016038,799,20,799,20,0,10,1,0
4,350,21.000000,42.000000,1,0,173016041,803,22,803,22,0,10,1,0
4,350,21.000000,42.000000,1,0,173016044,806,23,806,23,0,10,1,0
4,350,21.000000,42.000000,1,0,173016046,809,24,809,24,0,10,1,0
4,350,21.000000,42.000000,1,0,173016049,812,25,812,25,0,10,1,0
4,350,21.000000,42.000000,1,0,173016051,817,26,817,26,0,10,1,0
4,350,21.000000,42.000000,1,0,173016054,823,27,823,27,0,10,1,0
4,350,21.000000,42.000000,1,0,173016057,829,28,829,28,0,10,1,0
4,350,21.000000,42.000000,1,0,173016060,832,28,832,28,0,10,1,0
4,350,21.000000,42.000000,1,0,173016063,840,30,840,30,0,10,1,0
4,350,21.000000,42.000000,1,0,173016065,845,31,845,31,0,10,1,0
4,350,21.000000,42.000000,1,0,173016068,852,31,852,31,0,10,1,0
4,350,21.000000,42.000000,1,0,173016071,857,32,857,32,0,10,1,0
4,350,21.000000,42.000000,1,0,173016074,862,33,862,33,0,10,1,0
4,350,21.000000,42.000000,1,0,173016077,869,35,869,35,0,10,1,0
4,350,21.000000,42.000000,1,0,173016079,875,36,875,36,0,10,1,0
4,350,21.000000,42.000000,1,0,173016082,880,37,880,37,0,10,1,0
4,350,21.000000,42.000000,1,0,173016085,884,38,884,38,0,10,1,0
4,350,21.000000,42.000000,1,0,173016088,889,38,889,38,0,10,1,0
4,350,21.000000,42.000000,1,0,173016091,893,39,893,39,0,10,1,0
4,350,21.000000,42.000000,1,0,173016093,897,40,897,40,0,10,1,0
4,350,21.000000,42.000000,1,0,173016096,902,40,902,40,0,10,1,0
4,350,21.000000,42.000000,1,0,173016099,907,41,907,41,0,10,1,0
4,350,21.000000,42.000000,1,0,173016102,911,42,911,42,0,10,1,0
4,350,21.000000,42.000000,1,0,173016105,914,42,914,42,0,10,1,0
4,350,21.000000,42.000000,1,0,173016107,918,43,918,43,0,10,1,0
4,350,21.000000,42.000000,1,0,173016110,922,44,922,44,0,10,1,0
4,350,21.000000,42.000000,1,0,173016113,925,45,925,45,0,10,1,0
4,350,21.000000,42.000000,1,0,173016115,929,46,929,46,0,10,1,0
4,350,21.000000,42.000000,1,0,173016118,932,46,932,46,0,10,1,0
4,350,21.000000,42.000000,1,0,173016121,937,47,937,47,0,10,1,0
4,350,21.000000,42.000000,1,0,173016124,940,48,940,48,0,10,1,0
4,350,21.000000,42.000000,1,0,173016127,944,48,944,48,0,10,1,0
4,350,21.000000,42.000000,1,0,173016129,947,49,947,49,0,10,1,0
4,350,21.000000,42.000000,1,0,173016132,950,50,950,50,0,10,1,0
4,350,21.000000,42.000000,1,0,173016135,952,50,952,50,0,10,1,0
4,350,21.000000,42.000000,1,0,173016138,955,50,955,50,0,10,1,0
4,350,21.000000,42.000000,1,0,173016141,958,50,958,50,0,10,1,0
4,350,21.000000,42.000000,1,0,173016143,962,51,962,51,0,10,1,0
4,350,21.000000,42.000000,1,0,173016146,965,51,965,51,0,10,1,0
4,350,21.000000,42.000000,1,0,173016149,968,51,968,51,0,10,1,0
4,350,21.000000,42.000000,1,0,173016152,970,51,970,51,0,10,1,0
4,350,21.000000,42.000000,1,0,173016155,974,51,974,51,0,10,1,0
4,350,21.000000,42.000000,1,0,173016157,977,51,977,51,0,10,1,0
4,350,21.000000,42.000000,1,0,173016160,979,51,979,51,0,10,1,0
4,350,21.000000,42.000000,1,0,173016163,981,51,981,51,0,10,1,0
4,350,21.000000,42.000000,1,0,173016166,984,51,984,51,0,10,1,0
4,350,21.000000,42.000000,1,0,173016168,986,51,986,51,0,10,1,0
4,350,21.000000,42.000000,1,0,173016171,988,51,988,51,0,10,1,0
4,350,21.000000,42.000000,1,0,173016174,990,51,990,51,0,10,1,0
4,350,21.000000,42.000000,1,0,173016177,993,51,993,51,0,10,1,0
4,350,21.000000,42.000000,1,0,173016179,996,51,996,51,0,10,1,0
4,350,21.000000,42.000000,1,0,173016182,999,51,999,51,0,10,1,0
4,350,21.000000,42.000000,1,0,173016185,1002,51,1002,51,0,10,1,0
4,350,21.000000,42.000000,1,0,173016188,1004,51,1004,51,0,10,1,0
4,350,21.000000,42.000000,1,0,173016190,1007,50,1007,50,0,10,1,0
4,350,21.000000,42.000000,1,0,173016193,1008,50,1008,50,0,10,1,0
4,350,21.000000,42.000000,1,0,173016196,1010,50,1010,50,0,10,1,0
4,350,21.000000,42.000000,1,0,173016199,1011,50,1011,50,0,10,1,0
4,350,21.000000,42.000000,1,0,173016202,1013,50,1013,50,0,10,1,0
4,350,21.000000,42.000000,1,0,173016204,1015,50,1015,50,0,10,1,0
4,350,21.000000,42.000000,1,0,173016207,1016,50,1016,50,0,10,1,0
4,350,21.000000,42.000000,1,0,173016210,1018,49,1018,49,0,10,1,0
4,350,21.000000,42.000000,1,0,173016213,1020,49,1020,49,0,10,1,0
4,350,21.000000,42.000000,1,0,173016216,1022,49,1022,49,0,10,1,0
4,350,21.000000,42.000000,1,0,173016218,1024,49,1024,49,0,10,1,0
4,350,21.000000,42.000000,1,0,173016221,1027,49,1027,49,0,10,1,0
4,350,21.000000,42.000000,1,0,173016224,1029,49,1029,49,0,10,1,0
4,350,21.000000,42.000000,1,0,173016227,1032,48,1032,48,0,10,1,0
4,350,21.000000,42.000000,1,0,173016230,1035,47,1035,47,0,10,1,0
4,350,21.000000,42.000000,1,0,173016233,1036,47,1036,47,0,10,1,0
4,350,21.000000,42.000000,1,0,173016235,1037,47,1037,47,0,10,1,0
4,350,21.000000,42.000000,1,0,173016238,1038,47,1038,47,0,10,1,0
4,350,21.000000,42.000000,1,0,173016241,1039,46,1039,46,0,10,1,0
4,350,21.000000,42.000000,1,0,173016244,1040,45,1040,45,0,10,1,0
4,350,21.000000,42.000000,1,0,173016246,1041,45,1041,45,0,10,1,0
4,350,21.000000,42.000000,1,0,173016249,1042,45,1042,45,0,10,1,0
4,350,21.000000,42.000000,1,0,173016252,1043,45,1043,45,0,10,1,0
4,350,21.000000,42.000000,1,0,173016255,1043,44,1043,44,0,10,1,0
4,350,21.000000,42.000000,1,0,173016257,1043,43,1043,43,0,10,1,0
4,350,21.000000,42.000000,1,0,173016260,1044,43,1044,43,0,10,1,0
4,350,21.000000,42.000000,1,0,173016263,1045,43,1045,43,0,10,1,0
4,350,21.000000,42.000000,1,0,173016266,1045,43,1045,43,0,10,1,0
4,350,21.000000,42.000000,1,0,173016269,1045,43,1045,43,0,10,1,0
4,350,21.000000,42.000000,1,0,173016271,1045,42,1045,42,0,10,1,0
4,350,21.000000,42.000000,1,0,173016274,1046,41,1046,41,0,10,1,0
4,350,21.000000,42.000000,1,0,173016277,1047,41,1047,41,0,10,1,0
4,350,21.000000,42.000000,1,0,173016280,1048,41,1048,41,0,10,1,0
4,350,21.000000,42.000000,1,0,173016282,1049,41,1049,41,0,10,1,0
4,350,21.000000,42.000000,1,0,173016285,1050,40,1050,40,0,10,1,0
4,350,21.000000,42.000000,1,0,173016288,1051,40,1051,40,0,10,1,0
4,350,21.000000,42.000000,1,0,173016291,1051,39,1051,39,0,10,1,0
4,350,21.000000,42.000000,1,0,173016294,1053,39,1053,39,0,10,1,0
4,350,21.000000,42.000000,1,0,173016296,1054,39,1054,39,0,10,1,0
4,350,21.000000,42.000000,1,0,173016299,1055,39,1055,39,0,10,1,0
4,350,21.000000,42.000000,1,0,173016302,1056,39,1056,39,0,10,1,0
4,350,21.000000,42.000000,1,0,173016304,1057,39,1057,39,0,10,1,0
4,350,21.000000,42.000000,1,0,173016307,1058,39,1058,39,0,10,1,0
4,350,21.000000,42.000000,1,0,173016310,1060,39,1060,39,0,10,1,0
4,350,21.000000,42.000000,1,0,173016313,1061,39,1061,39,0,10,1,0
4,350,21.000000,42.000000,1,0,173016316,1063,39,1063,39,0,10,1,0
4,350,21.000000,42.000000,1,0,173016318,1065,39,1065,39,0,10,1,0
4,350,21.000000,42.000000,1,0,173016321,1067,39,1067,39,0,10,1,0
4,350,21.000000,42.000000,1,0,173016324,1070,38,1070,38,0,10,1,0
4,350,21.000000,42.000000,1,0,173016327,1072,37,1072,37,0,10,1,0
4,350,21.000000,42.000000,1,0,173016329,1074,37,1074,37,0,10,1,0
4,350,21.000000,42.000000,1,0,173016332,1076,37,1076,37,0,10,1,0
4,350,21.000000,42.000000,1,0,173016335,1078,36,1078,36,0,10,1,0
4,350,21.000000,42.000000,1,0,173016338,1080,36,1080,36,0,10,1,0
4,350,21.000000,42.000000,1,0,173016341,1082,35,1082,35,0,10,1,0
4,350,21.000000,42.000000,1,0,173016344,1083,35,1083,35,0,10,1,0
4,350,21.000000,42.000000,1,0,173016346,1084,35,1084,35,0,10,1,0
4,350,21.000000,42.000000,1,0,173016349,1085,35,1085,35,0,10,1,0
4,350,21.000000,42.000000,1,0,173016352,1087,34,1087,34,0,10,1,0
4,350,21.000000,42.000000,1,0,173016355,1088,34,1088,34,0,10,1,0
4,350,21.000000,42.000000,1,0,173016358,1090,34,1090,34,0,10,1,0
4,350,21.000000,42.000000,1,0,173016360,1091,33,1091,33,0,10,1,0
4,350,21.000000,42.000000,1,0,173016363,1091,32,1091,32,0,10,1,0
4,350,21.000000,42.000000,1,0,173016366,1092,31,1092,31,0,10,1,0
4,350,21.000000,42.000000,1,0,173016368,1093,31,1093,31,0,10,1,0
4,350,21.000000,42.000000,1,0,173016371,1094,31,1094,31,0,10,1,0
4,350,21.000000,42.000000,1,0,173016374,1095,30,1095,30,0,10,1,0
4,350,21.000000,42.000000,1,0,173016377,1096,29,1096,29,0,10,1,0
4,350,21.000000,42.000000,1,0,173016379,1097,29,1097,29,0,10,1,0
4,350,21.000000,42.000000,1,0,173016382,1098,29,1098,29,0,10,1,0
4,350,21.000000,42.000000,1,0,173016385,1098,29,1098,29,0,10,1,0
4,350,21.000000,42.000000,1,0,173016388,1098,29,1098,29,0,10,1,0
4,350,21.000000,42.000000,1,0,173016391,1098,29,1098,29,0,10,1,0
4,350,21.000000,42.000000,1,0,173016394,1098,29,1098,29,0,10,1,0
4,350,21.000000,42.000000,1,0,173016396,1098,29,1098,29,0,10,1,0
4,350,21.000000,42.000000,1,0,173016399,1098,29,1098,29,0,10,1,0
4,350,21.000000,42.000000,1,0,173016402,1098,29,1098,29,0,10,1,0
4,350,21.000000,42.000000,1,0,173016405,1098,29,1098,29,0,10,1,0
4,350,21.000000,42.000000,1,0,173016408,1098,29,1098,29,0,10,1,0
4,350,21.000000,42.000000,1,0,173016410,1099,28,1099,28,0,10,1,0
4,350,21.000000,42.000000,1,0,173016413,1100,27,1100,27,0,10,1,0
4,350,21.000000,42.000000,1,0,173016416,1100,27,1100,27,0,10,1,0
4,350,21.000000,42.000000,1,0,173016418,1100,27,1100,27,0,10,1,0
4,350,21.000000,42.000000,1,0,173016421,1101,27,1101,27,0,10,1,0
4,350,21.000000,42.000000,1,0,173016424,1102,27,1102,27,0,10,1,0
4,350,21.000000,42.000000,1,0,173016427,1103,27,1103,27,0,10,1,0
4,350,21.000000,42.000000,1,0,173016430,1103,26,1103,26,0,10,1,0
4,350,21.000000,42.000000,1,0,173016432,1104,26,1104,26,0,10,1,0
4,350,21.000000,42.000000,1,0,173016435,1105,26,1105,26,0,10,1,0
4,350,21.000000,42.000000,1,0,173016438,1106,25,1106,25,0,10,1,0
4,350,21.000000,42.000000,1,0,173016441,1107,25,1107,25,0,10,1,0
4,350,21.000000,42.000000,1,0,173016444,1108,25,1108,25,0,10,1,0
4,350,21.000000,42.000000,1,0,173016446,1109,25,1109,25,0,10,1,0
4,350,21.000000,42.000000,1,0,173016449,1110,25,1110,25,0,10,1,0
4,350,21.000000,42.000000,1,0,173016452,1110,24,1110,24,0,10,1,0
4,350,21.000000,42.000000,1,0,173016455,1111,24,1111,24,0,10,1,0
4,350,21.000000,42.000000,1,0,173016458,1112,24,1112,24,0,10,1,0
4,350,21.000000,42.000000,1,0,173016460,1113,24,1113,24,0,10,1,0
4,350,21.000000,42.000000,1,0,173016463,1114,24,1114,24,0,10,1,0
4,350,21.000000,42.000000,1,0,173016466,1114,23,1114,23,0,10,1,0
4,350,21.000000,42.000000,1,0,173016469,1114,22,1114,22,0,10,1,0
4,350,21.000000,42.000000,1,0,173016471,1115,22,1115,22,0,10,1,0
4,350,21.000000,42.000000,1,0,173016474,1115,22,1115,22,0,10,1,0
4,350,21.000000,42.000000,1,0,173016477,1115,22,1115,22,0,10,1,0
4,350,21.000000,42.000000,1,0,173016479,1116,22,1116,22,0,10,1,0
4,350,21.000000,42.000000,1,0,173016482,1117,22,1117,22,0,10,1,0
4,350,21.000000,42.000000,1,0,173016485,1117,22,1117,22,0,10,1,0
4,350,21.000000,42.000000,1,0,173016488,1117,22,1117,22,0,10,1,0
4,350,21.000000,42.000000,1,0,173016491,1117,22,1117,22,0,10,1,0
4,350,21.000000,42.000000,1,0,173016494,1117,22,1117,22,0,10,1,0
4,350,21.000000,42.000000,1,0,173016497,1117,22,1117,22,0,10,1,0
4,350,21.000000,42.000000,1,0,173016499,1117,22,1117,22,0,10,1,0
4,350,21.000000,42.000000,1,0,173016502,1117,22,1117,22,0,10,1,0
4,350,21.000000,42.000000,1,0,173016505,1117,22,1117,22,0,10,1,0
4,350,21.000000,42.000000,1,0,173016508,1117,22,1117,22,0,10,1,0
4,350,21.000000,42.000000,1,0,173016510,1117,22,1117,22,0,10,1,0
4,350,21.000000,42.000000,1,0,173016513,1117,22,1117,22,0,10,1,0
4,350,21.000000,42.000000,1,0,173016516,1117,22,1117,22,0,10,1,0
4,350,21.000000,42.000000,1,0,173016519,1117,22,1117,22,0,10,1,0
4,350,21.000000,42.000000,1,0,173016521,1117,22,1117,22,0,10,1,0
4,350,21.000000,42.000000,1,0,173016524,1117,21,1117,21,0,10,1,0
4,350,21.000000,42.000000,1,0,173016527,1118,21,1118,21,0,10,1,0
4,350,21.000000,42.000000,1,0,173016530,1119,20,1119,20,0,10,1,0
4,350,21.000000,42.000000,1,0,173016533,1120,19,1120,19,0,10,1,0
4,350,21.000000,42.000000,1,0,173016535,1121,19,1121,19,0,10,1,0
4,350,21.000000,42.000000,1,0,173016538,1122,19,1122,19,0,10,1,0
4,350,21.000000,42.000000,1,0,173016541,1122,18,1122,18,0,10,1,0
4,350,21.000000,42.000000,1,0,173016544,1123,18,1123,18,0,10,1,0
4,350,21.000000,42.000000,1,0,173016546,1124,18,1124,18,0,10,1,0
4,350,21.000000,42.000000,1,0,173016549,1125,18,1125,18,0,10,1,0
4,350,21.000000,42.000000,1,0,173016552,1126,17,1126,17,0,10,1,0
4,350,21.000000,42.000000,1,0,173016555,1127,17,1127,17,0,10,1,0
4,350,21.000000,42.000000,1,0,173016558,1129,17,1129,17,0,10,1,0
4,350,21.000000,42.000000,1,0,173016560,1129,16,1129,16,0,10,1,0
4,350,21.000000,42.000000,1,0,173016563,1130,15,1130,15,0,10,1,0
4,350,21.000000,42.000000,1,0,173016566,1131,15,1131,15,0,10,1,0
4,350,21.000000,42.000000,1,0,173016569,1132,14,1132,14,0,10,1,0
4,350,21.000000,42.000000,1,0,173016572,1133,13,1133,13,0,10,1,0
4,350,21.000000,42.000000,1,0,173016574,1134,12,1134,12,0,10,1,0
4,350,21.000000,42.000000,1,0,173016577,1135,11,1135,11,0,10,1,0
4,350,21.000000,42.000000,1,0,173016580,1135,11,1135,11,0,10,1,0
4,350,21.000000,42.000000,1,0,173016582,1135,11,1135,11,0,10,1,0
4,350,21.000000,42.000000,1,0,173016585,1136,11,1136,11,0,10,1,0
4,350,21.000000,42.000000,1,0,173016588,1137,11,1137,11,0,10,1,0
4,350,21.000000,42.000000,1,0,173016591,1137,11,1137,11,0,10,1,0
4,350,21.000000,42.000000,1,0,173016594,1137,11,1137,11,0,10,1,0
4,350,21.000000,42.000000,1,0,173016596,1137,11,1137,11,0,10,1,0
4,350,21.000000,42.000000,1,0,173016599,1137,11,1137,11,0,10,1,0
4,350,21.000000,42.000000,1,0,173016602,1137,11,1137,11,0,10,1,0
4,350,21.000000,42.000000,1,0,173016605,1137,11,1137,11,0,10,1,0
4,350,21.000000,42.000000,1,0,173016607,1137,11,1137,11,0,10,1,0
4,350,21.000000,42.000000,1,0,173016611,1137,11,1137,11,0,10,1,0
4,350,21.000000,42.000000,1,0,173016613,1137,11,1137,11,0,10,1,0
4,350,21.000000,42.000000,1,0,173016616,1137,11,1137,11,0,10,1,0
4,350,21.000000,42.000000,1,0,173016619,1137,11,1137,11,0,10,1,0
4,350,21.000000,42.000000,1,0,173016622,1137,11,1137,11,0,10,1,0
4,350,21.000000,42.000000,1,0,173016624,1137,11,1137,11,0,10,1,0
4,350,21.000000,42.000000,1,0,173016627,1137,11,1137,11,0,10,1,0
4,350,21.000000,42.000000,1,0,173016630,1137,11,1137,11,0,10,1,0
4,350,21.000000,42.000000,1,0,173016633,1137,11,1137,11,0,10,1,0
4,350,21.000000,42.000000,1,0,173016635,1137,11,1137,11,0,10,1,0
4,350,21.000000,42.000000,1,0,173016638,1137,11,1137,11,0,10,1,0
4,350,21.000000,42.000000,1,0,173016641,1137,11,1137,11,0,10,1,0
4,350,21.000000,42.000000,1,0,173016644,1137,11,1137,11,0,10,1,0
4,350,21.000000,42.000000,1,0,173016647,1137,11,1137,11,0,10,1,0
4,350,21.000000,42.000000,1,0,173016649,1137,11,1137,11,0,10,1,0
4,350,21.000000,42.000000,1,0,173016652,1137,11,1137,11,0,10,1,0
4,350,21.000000,42.000000,1,0,173016655,1137,11,1137,11,0,10,1,0
4,350,21.000000,42.000000,1,0,173016658,1137,11,1137,11,0,10,1,0
4,350,21.000000,42.000000,1,0,173016661,1137,11,1137,11,0,10,1,0
4,350,21.000000,42.000000,1,0,173016663,1137,11,1137,11,0,10,1,0
4,350,21.000000,42.000000,1,0,173016666,1137,11,1137,11,0,10,1,0
4,350,21.000000,42.000000,1,0,173016668,1137,11,1137,11,0,10,1,0
4,350,21.000000,42.000000,1,0,173016671,1137,11,1137,11,0,10,1,0
4,350,21.000000,42.000000,1,0,173016674,1137,11,1137,11,0,10,1,0
4,350,21.000000,42.000000,1,0,173016677,1137,11,1137,11,0,10,1,0
4,350,21.000000,42.000000,1,0,173016680,1138,11,1138,11,0,10,1,0
4,350,21.000000,42.000000,1,0,173016682,1139,11,1139,11,0,10,1,0
4,350,21.000000,42.000000,1,0,173016686,1139,11,1139,11,0,10,1,0
4,350,21.000000,42.000000,1,0,173016688,1139,11,1139,11,0,10,1,0
4,350,21.000000,42.000000,1,0,173016691,1139,11,1139,11,0,10,1,0
4,350,21.000000,42.000000,1,0,173016694,1139,11,1139,11,0,10,1,0
4,350,21.000000,42.000000,1,0,173016696,1139,11,1139,11,0,10,1,0
4,350,21.000000,42.000000,1,0,173016699,1139,11,1139,11,0,10,1,0
4,350,21.000000,42.000000,1,0,173016702,1139,11,1139,11,0,10,1,0
4,350,21.000000,42.000000,1,0,173016705,1139,11,1139,11,0,10,1,0
4,350,21.000000,42.000000,1,0,173016719,1139,11,1139,11,0,10,1,0
