4,700,21.000000,42.000000,1,5,174506763,610,15,610,15,0,114,1,1
4,700,21.000000,42.000000,1,5,174506764,610,15,610,15,0,114,1,1
4,700,21.000000,42.000000,1,5,174506767,610,15,610,15,0,114,1,1
4,700,21.000000,42.000000,1,5,174506770,610,15,610,15,0,114,1,1
4,700,21.000000,42.000000,1,5,174506772,610,15,610,15,0,114,1,1
4,700,21.000000,42.000000,1,5,174506775,610,15,610,15,0,114,1,1
4,700,21.000000,42.000000,1,5,174506778,610,15,610,15,0,114,1,1
4,700,21.000000,42.000000,1,5,174506781,610,15,610,15,0,114,1,1
4,700,21.000000,42.000000,1,5,174506784,610,15,610,15,0,114,1,1
4,700,21.000000,42.000000,1,5,174506787,610,15,610,15,0,114,1,1
4,700,21.000000,42.000000,1,5,174506789,610,15,610,15,0,114,1,1
4,700,21.000000,42.000000,1,5,174506792,610,15,610,15,0,114,1,1
4,700,21.000000,42.000000,1,5,174506795,610,15,610,15,0,114,1,1
4,700,21.000000,42.000000,1,5,174506798,610,15,610,15,0,114,1,1
4,700,21.000000,42.000000,1,5,174506800,610,15,610,15,0,114,1,1
4,700,21.000000,42.000000,1,5,174506803,610,15,610,15,0,114,1,1
4,700,21.000000,42.000000,1,5,174506806,610,15,610,15,0,114,1,1
4,700,21.000000,42.000000,1,5,174506808,610,15,610,15,0,114,1,1
4,700,21.000000,42.000000,1,5,174506811,610,15,610,15,0,114,1,1
4,700,21.000000,42.000000,1,5,174506814,610,15,610,15,0,114,1,1
4,700,21.000000,42.000000,1,5,174506817,611,15,611,15,0,114,1,1
4,700,21.000000,42.000000,1,5,174506820,612,15,612,15,0,114,1,1
4,700,21.000000,42.000000,1,5,174506823,614,15,614,15,0,114,1,1
4,700,21.000000,42.000000,1,5,174506825,616,15,616,15,0,114,1,1
4,700,21.000000,42.000000,1,5,174506828,618,16,618,16,0,114,1,1
4,700,21.000000,42.000000,1,5,174506831,620,16,620,16,0,114,1,1
4,700,21.000000,42.000000,1,5,174506834,622,18,622,18,0,114,1,1
4,700,21.000000,42.000000,1,5,174506836,625,18,625,18,0,114,1,1
4,700,21.000000,42.000000,1,5,174506839,629,19,629,19,0,114,1,1
4,700,21.000000,42.000000,1,5,174506842,633,20,633,20,0,114,1,1
4,700,21.000000,42.000000,1,5,174506845,635,21,635,21,0,114,1,1
4,700,21.000000,42.000000,1,5,174506848,644,24,644,24,0,114,1,1
4,700,21.000000,42.000000,1,5,174506850,651,27,651,27,0,114,1,1
4,700,21.000000,42.000000,1,5,174506853,654,28,654,28,0,114,1,1
4,700,21.000000,42.000000,1,5,174506856,661,30,661,30,0,114,1,1
4,700,21.000000,42.000000,1,5,174506859,671,34,671,34,0,114,1,1
4,700,21.000000,42.000000,1,5,174506862,680,36,680,36,0,114,1,1
4,700,21.000000,42.000000,1,5,174506864,691,40,691,40,0,114,1,1
4,700,21.000000,42.000000,1,5,174506867,702,43,702,43,0,114,1,1
4,700,21.000000,42.000000,1,5,174506870,712,45,712,45,0,114,1,1
4,700,21.000000,42.000000,1,5,174506872,717,46,717,46,0,114,1,1
4,700,21.000000,42.000000,1,5,174506875,725,47,725,47,0,114,1,1
4,700,21.000000,42.000000,1,5,174506878,742,50,742,50,0,114,1,1
4,700,21.000000,42.000000,1,5,174506881,759,54,759,54,0,114,1,1
4,700,21.000000,42.000000,1,5,174506883,773,56,773,56,0,114,1,1
4,700,21.000000,42.000000,1,5,174506886,791,61,791,61,0,114,1,1
4,700,21.000000,42.000000,1,5,174506889,809,65,809,65,0,114,1,1
4,700,21.000000,42.000000,1,5,174506892,823,68,823,68,0,114,1,1
4,700,21.000000,42.000000,1,5,174506895,836,70,836,70,0,114,1,1
4,700,21.000000,42.000000,1,5,174506897,856,74,856,74,0,114,1,1
4,700,21.000000,42.000000,1,5,174506900,870,76,870,76,0,114,1,1
4,700,21.000000,42.000000,1,5,174506903,883,77,883,77,0,114,1,1
4,700,21.000000,42.000000,1,5,174506906,896,80,896,80,0,114,1,1
4,700,21.000000,42.000000,1,5,174506909,908,82,908,82,0,114,1,1
4,700,21.000000,42.000000,1,5,174506911,929,85,929,85,0,114,1,1
4,700,21.000000,42.000000,1,5,174506914,949,87,949,87,0,114,1,1
4,700,21.000000,42.000000,1,5,174506917,968,90,968,90,0,114,1,1
4,700,21.000000,42.000000,1,5,174506920,989,92,989,92,0,114,1,1
4,700,21.000000,42.000000,1,5,174506922,1009,94,1009,94,0,114,1,1
4,700,21.000000,42.000000,1,5,174506925,1025,95,1025,95,0,114,1,1
4,700,21.000000,42.000000,1,5,174506928,1038,96,1038,96,0,114,1,1
4,700,21.000000,42.000000,1,5,174506931,1051,97,1051,97,0,114,1,1
4,700,21.000000,42.000000,1,5,174506934,1063,98,1063,98,0,114,1,1
4,700,21.000000,42.000000,1,5,174506936,1075,99,1075,99,0,114,1,1
4,700,21.000000,42.000000,1,5,174506939,1086,99,1086,99,0,114,1,1
4,700,21.000000,42.000000,1,5,174506942,1104,99,1104,99,0,114,1,1
4,700,21.000000,42.000000,1,5,174506945,1116,99,1116,99,0,114,1,1
4,700,21.000000,42.000000,1,5,174506948,1134,99,1134,99,0,114,1,1
4,700,21.000000,42.000000,1,5,174506950,1145,99,1145,99,0,114,1,1
4,700,21.000000,42.000000,1,5,174506953,1160,99,1160,99,0,114,1,1
4,700,21.000000,42.000000,1,5,174506956,1170,99,1170,99,0,114,1,1
4,700,21.000000,42.000000,1,5,174506959,1180,99,1180,99,0,114,1,1
4,700,21.000000,42.000000,1,5,174506961,1190,99,1190,99,0,114,1,1
4,700,21.000000,42.000000,1,5,174506964,1198,99,1198,99,0,114,1,1
4,700,21.000000,42.000000,1,5,174506967,1205,98,1205,98,0,114,1,1
4,700,21.000000,42.000000,1,5,174506970,1211,97,1211,97,0,114,1,1
4,700,21.000000,42.000000,1,5,174506973,1218,96,1218,96,0,114,1,1
4,700,21.000000,42.000000,1,5,174506975,1226,94,1226,94,0,114,1,1
4,700,21.000000,42.000000,1,5,174506978,1231,94,1231,94,0,114,1,1
4,700,21.000000,42.000000,1,5,174506981,1235,93,1235,93,0,114,1,1
4,700,21.000000,42.000000,1,5,174506983,1240,92,1240,92,0,114,1,1
4,700,21.000000,42.000000,1,5,174506986,1241,91,1241,91,0,114,1,1
4,700,21.000000,42.000000,1,5,174506989,1245,90,1245,90,0,114,1,1
4,700,21.000000,42.000000,1,5,174506992,1248,89,1248,89,0,114,1,1
4,700,21.000000,42.000000,1,5,174506995,1252,88,1252,88,0,114,1,1
4,700,21.000000,42.000000,1,5,174506997,1256,87,1256,87,0,114,1,1
4,700,21.000000,42.000000,1,5,174507000,1258,86,1258,86,0,114,1,1
4,700,21.000000,42.000000,1,5,174507003,1260,85,1260,85,0,114,1,1
4,700,21.000000,42.000000,1,5,174507006,1262,84,1262,84,0,114,1,1
4,700,21.000000,42.000000,1,5,174507009,1263,84,1263,84,0,114,1,1
4,700,21.000000,42.000000,1,5,174507011,1263,84,1263,84,0,114,1,1
4,700,21.000000,42.000000,1,5,174507014,1265,83,1265,83,0,114,1,1
4,700,21.000000,42.000000,1,5,174507017,1266,83,1266,83,0,114,1,1
4,700,21.000000,42.000000,1,5,174507020,1268,82,1268,82,0,114,1,1
4,700,21.000000,42.000000,1,5,174507023,1269,81,1269,81,0,114,1,1
4,700,21.000000,42.000000,1,5,174507025,1270,80,1270,80,0,114,1,1
4,700,21.000000,42.000000,1,5,174507028,1272,79,1272,79,0,114,1,1
4,700,21.000000,42.000000,1,5,174507031,1273,79,1273,79,0,114,1,1
4,700,21.000000,42.000000,1,5,174507034,1273,78,1273,78,0,114,1,1
4,700,21.000000,42.000000,1,5,174507037,1274,78,1274,78,0,114,1,1
4,700,21.000000,42.000000,1,5,174507039,1275,77,1275,77,0,114,1,1
4,700,21.000000,42.000000,1,5,174507042,1276,76,1276,76,0,114,1,1
4,700,21.000000,42.000000,1,5,174507045,1277,76,1277,76,0,114,1,1
4,700,21.000000,42.000000,1,5,174507048,1278,76,1278,76,0,114,1,1
4,700,21.000000,42.000000,1,5,174507051,1279,75,1279,75,0,114,1,1
4,700,21.000000,42.000000,1,5,174507054,1279,74,1279,74,0,114,1,1
4,700,21.000000,42.000000,1,5,174507056,1280,73,1280,73,0,114,1,1
4,700,21.000000,42.000000,1,5,174507058,1281,73,1281,73,0,114,1,1
4,700,21.000000,42.000000,1,5,174507061,1282,72,1282,72,0,114,1,1
4,700,21.000000,42.000000,1,5,174507064,1283,71,1283,71,0,114,1,1
4,700,21.000000,42.000000,1,5,174507067,1284,70,1284,70,0,114,1,1
4,700,21.000000,42.000000,1,5,174507070,1285,69,1285,69,0,114,1,1
4,700,21.000000,42.000000,1,5,174507073,1286,69,1286,69,0,114,1,1
4,700,21.000000,42.000000,1,5,174507076,1286,68,1286,68,0,114,1,1
4,700,21.000000,42.000000,1,5,174507078,1287,66,1287,66,0,114,1,1
4,700,21.000000,42.000000,1,5,174507082,1288,66,1288,66,0,114,1,1
4,700,21.000000,42.000000,1,5,174507084,1289,65,1289,65,0,114,1,1
4,700,21.000000,42.000000,1,5,174507087,1289,64,1289,64,0,114,1,1
4,700,21.000000,42.000000,1,5,174507091,1290,63,1290,63,0,114,1,1
4,700,21.000000,42.000000,1,5,174507093,1291,62,1291,62,0,114,1,1
4,700,21.000000,42.000000,1,5,174507096,1292,62,1292,62,0,114,1,1
4,700,21.000000,42.000000,1,5,174507099,1292,62,1292,62,0,114,1,1
4,700,21.000000,42.000000,1,5,174507101,1292,62,1292,62,0,114,1,1
4,700,21.000000,42.000000,1,5,174507104,1293,62,1293,62,0,114,1,1
4,700,21.000000,42.000000,1,5,174507107,1293,61,1293,61,0,114,1,1
4,700,21.000000,42.000000,1,5,174507109,1294,61,1294,61,0,114,1,1
4,700,21.000000,42.000000,1,5,174507112,1295,61,1295,61,0,114,1,1
4,700,21.000000,42.000000,1,5,174507115,1295,61,1295,61,0,114,1,1
4,700,21.000000,42.000000,1,5,174507118,1295,61,1295,61,0,114,1,1
4,700,21.000000,42.000000,1,5,174507120,1295,60,1295,60,0,114,1,1
4,700,21.000000,42.000000,1,5,174507123,1296,60,1296,60,0,114,1,1
4,700,21.000000,42.000000,1,5,174507126,1296,59,1296,59,0,114,1,1
4,700,21.000000,42.000000,1,5,174507129,1297,59,1297,59,0,114,1,1
4,700,21.000000,42.000000,1,5,174507131,1297,58,1297,58,0,114,1,1
4,700,21.000000,42.000000,1,5,174507133,1298,57,1298,57,0,114,1,1
4,700,21.000000,42.000000,1,5,174507136,1298,57,1298,57,0,114,1,1
4,700,21.000000,42.000000,1,5,174507139,1299,56,1299,56,0,114,1,1
4,700,21.000000,42.000000,1,5,174507142,1300,55,1300,55,0,114,1,1
4,700,21.000000,42.000000,1,5,174507145,1300,55,1300,55,0,114,1,1
4,700,21.000000,42.000000,1,5,174507147,1301,55,1301,55,0,114,1,1
4,700,21.000000,42.000000,1,5,174507150,1301,54,1301,54,0,114,1,1
4,700,21.000000,42.000000,1,5,174507153,1301,53,1301,53,0,114,1,1
4,700,21.000000,42.000000,1,5,174507156,1302,53,1302,53,0,114,1,1
4,700,21.000000,42.000000,1,5,174507159,1302,53,1302,53,0,114,1,1
4,700,21.000000,42.000000,1,5,174507161,1302,52,1302,52,0,114,1,1
4,700,21.000000,42.000000,1,5,174507165,1302,51,1302,51,0,114,1,1
4,700,21.000000,42.000000,1,5,174507167,1303,50,1303,50,0,114,1,1
4,700,21.000000,42.000000,1,5,174507170,1304,49,1304,49,0,114,1,1
4,700,21.000000,42.000000,1,5,174507173,1304,49,1304,49,0,114,1,1
4,700,21.000000,42.000000,1,5,174507176,1305,49,1305,49,0,114,1,1
4,700,21.000000,42.000000,1,5,174507178,1306,49,1306,49,0,114,1,1
4,700,21.000000,42.000000,1,5,174507181,1306,48,1306,48,0,114,1,1
4,700,21.000000,42.000000,1,5,174507184,1306,47,1306,47,0,114,1,1
4,700,21.000000,42.000000,1,5,174507186,1306,47,1306,47,0,114,1,1
4,700,21.000000,42.000000,1,5,174507189,1306,47,1306,47,0,114,1,1
4,700,21.000000,42.000000,1,5,174507192,1306,47,1306,47,0,114,1,1
4,700,21.000000,42.000000,1,5,174507195,1306,46,1306,46,0,114,1,1
4,700,21.000000,42.000000,1,5,174507198,1307,46,1307,46,0,114,1,1
4,700,21.000000,42.000000,1,5,174507200,1308,46,1308,46,0,114,1,1
4,700,21.000000,42.000000,1,5,174507203,1308,45,1308,45,0,114,1,1
4,700,21.000000,42.000000,1,5,174507206,1308,44,1308,44,0,114,1,1
4,700,21.000000,42.000000,1,5,174507209,1308,43,1308,43,0,114,1,1
4,700,21.000000,42.000000,1,5,174507212,1308,43,1308,43,0,114,1,1
4,700,21.000000,42.000000,1,5,174507214,1308,42,1308,42,0,114,1,1
4,700,21.000000,42.000000,1,5,174507217,1309,42,1309,42,0,114,1,1
4,700,21.000000,42.000000,1,5,174507220,1309,41,1309,41,0,114,1,1
4,700,21.000000,42.000000,1,5,174507223,1309,40,1309,40,0,114,1,1
4,700,21.000000,42.000000,1,5,174507226,1309,39,1309,39,0,114,1,1
4,700,21.000000,42.000000,1,5,174507228,1309,38,1309,38,0,114,1,1
4,700,21.000000,42.000000,1,5,174507231,1310,38,1310,38,0,114,1,1
4,700,21.000000,42.000000,1,5,174507234,1311,37,1311,37,0,114,1,1
4,700,21.000000,42.000000,1,5,174507237,1311,36,1311,36,0,114,1,1
4,700,21.000000,42.000000,1,5,174507240,1312,36,1312,36,0,114,1,1
4,700,21.000000,42.000000,1,5,174507242,1312,35,1312,35,0,114,1,1
4,700,21.000000,42.000000,1,5,174507245,1312,33,1312,33,0,114,1,1
4,700,21.000000,42.000000,1,5,174507248,1312,32,1312,32,0,114,1,1
4,700,21.000000,42.000000,1,5,174507250,1313,32,1313,32,0,114,1,1
4,700,21.000000,42.000000,1,5,174507253,1314,32,1314,32,0,114,1,1
4,700,21.000000,42.000000,1,5,174507256,1314,31,1314,31,0,114,1,1
4,700,21.000000,42.000000,1,5,174507259,1314,31,1314,31,0,114,1,1
4,700,21.000000,42.000000,1,5,174507262,1315,30,1315,30,0,114,1,1
4,700,21.000000,42.000000,1,5,174507264,1315,29,1315,29,0,114,1,1
4,700,21.000000,42.000000,1,5,174507267,1315,28,1315,28,0,114,1,1
4,700,21.000000,42.000000,1,5,174507270,1315,27,1315,27,0,114,1,1
4,700,21.000000,42.000000,1,5,174507273,1315,26,1315,26,0,114,1,1
4,700,21.000000,42.000000,1,5,174507276,1315,26,1315,26,0,114,1,1
4,700,21.000000,42.000000,1,5,174507278,1316,25,1316,25,0,114,1,1
4,700,21.000000,42.000000,1,5,174507281,1316,25,1316,25,0,114,1,1
4,700,21.000000,42.000000,1,5,174507284,1316,24,1316,24,0,114,1,1
4,700,21.000000,42.000000,1,5,174507287,1316,23,1316,23,0,114,1,1
4,700,21.000000,42.000000,1,5,174507290,1316,22,1316,22,0,114,1,1
4,700,21.000000,42.000000,1,5,174507292,1316,22,1316,22,0,114,1,1
4,700,21.000000,42.000000,1,5,174507295,1316,22,1316,22,0,114,1,1
4,700,21.000000,42.000000,1,5,174507298,1316,21,1316,21,0,114,1,1
4,700,21.000000,42.000000,1,5,174507301,1317,21,1317,21,0,114,1,1
4,700,21.000000,42.000000,1,5,174507303,1317,21,1317,21,0,114,1,1
4,700,21.000000,42.000000,1,5,174507306,1317,20,1317,20,0,114,1,1
4,700,21.000000,42.000000,1,5,174507309,1317,19,1317,19,0,114,1,1
4,700,21.000000,42.000000,1,5,174507312,1317,19,1317,19,0,114,1,1
4,700,21.000000,42.000000,1,5,174507314,1317,19,1317,19,0,114,1,1
4,700,21.000000,42.000000,1,5,174507317,1317,18,1317,18,0,114,1,1
4,700,21.000000,42.000000,1,5,174507320,1317,18,1317,18,0,114,1,1
4,700,21.000000,42.000000,1,5,174507323,1317,18,1317,18,0,114,1,1
4,700,21.000000,42.000000,1,5,174507325,1317,18,1317,18,0,114,1,1
4,700,21.000000,42.000000,1,5,174507328,1317,17,1317,17,0,114,1,1
4,700,21.000000,42.000000,1,5,174507331,1317,16,1317,16,0,114,1,1
4,700,21.000000,42.000000,1,5,174507334,1317,16,1317,16,0,114,1,1
4,700,21.000000,42.000000,1,5,174507337,1317,16,1317,16,0,114,1,1
4,700,21.000000,42.000000,1,5,174507339,1317,15,1317,15,0,114,1,1
4,700,21.000000,42.000000,1,5,174507342,1317,14,1317,14,0,114,1,1
4,700,21.000000,42.000000,1,5,174507345,1317,14,1317,14,0,114,1,1
4,700,21.000000,42.000000,1,5,174507348,1317,14,1317,14,0,114,1,1
4,700,21.000000,42.000000,1,5,174507351,1317,14,1317,14,0,114,1,1
4,700,21.000000,42.000000,1,5,174507353,1317,14,1317,14,0,114,1,1
4,700,21.000000,42.000000,1,5,174507356,1317,14,1317,14,0,114,1,1
4,700,21.000000,42.000000,1,5,174507359,1317,14,1317,14,0,114,1,1
4,700,21.000000,42.000000,1,5,174507362,1317,14,1317,14,0,114,1,1
4,700,21.000000,42.000000,1,5,174507364,1317,14,1317,14,0,114,1,1
4,700,21.000000,42.000000,1,5,174507367,1317,14,1317,14,0,114,1,1
4,700,21.000000,42.000000,1,5,174507370,1317,14,1317,14,0,114,1,1
4,700,21.000000,42.000000,1,5,174507373,1317,14,1317,14,0,114,1,1
4,700,21.000000,42.000000,1,5,174507376,1317,14,1317,14,0,114,1,1
4,700,21.000000,42.000000,1,5,174507378,1317,14,1317,14,0,114,1,1
4,700,21.000000,42.000000,1,5,174507381,1317,14,1317,14,0,114,1,1
4,700,21.000000,42.000000,1,5,174507384,1317,14,1317,14,0,114,1,1
4,700,21.000000,42.000000,1,5,174507386,1317,14,1317,14,0,114,1,1
4,700,21.000000,42.000000,1,5,174507389,1317,14,1317,14,0,114,1,1
4,700,21.000000,42.000000,1,5,174507392,1317,14,1317,14,0,114,1,1
4,700,21.000000,42.000000,1,5,174507395,1317,14,1317,14,0,114,1,1
4,700,21.000000,42.000000,1,5,174507398,1317,14,1317,14,0,114,1,1
4,700,21.000000,42.000000,1,5,174507400,1317,14,1317,14,0,114,1,1
4,700,21.000000,42.000000,1,5,174507415,1317,14,1317,14,0,114,1,1
