4,700,21.000000,10000.000000,1,5,174656351,607,10,607,10,0,125,3,0
4,700,21.000000,10000.000000,1,5,174656352,607,10,607,10,0,125,3,0
4,700,21.000000,10000.000000,1,5,174656355,607,10,607,10,0,125,3,0
4,700,21.000000,10000.000000,1,5,174656357,607,10,607,10,0,125,3,0
4,700,21.000000,10000.000000,1,5,174656360,607,10,607,10,0,125,3,0
4,700,21.000000,10000.000000,1,5,174656363,607,10,607,10,0,125,3,0
4,700,21.000000,10000.000000,1,5,174656365,607,10,607,10,0,125,3,0
4,700,21.000000,10000.000000,1,5,174656368,607,10,607,10,0,125,3,0
4,700,21.000000,10000.000000,1,5,174656371,607,10,607,10,0,125,3,0
4,700,21.000000,10000.000000,1,5,174656374,607,10,607,10,0,125,3,0
4,700,21.000000,10000.000000,1,5,174656376,607,10,607,10,0,125,3,0
4,700,21.000000,10000.000000,1,5,174656379,607,10,607,10,0,125,3,0
4,700,21.000000,10000.000000,1,5,174656382,607,10,607,10,0,125,3,0
4,700,21.000000,10000.000000,1,5,174656385,607,10,607,10,0,125,3,0
4,700,21.000000,10000.000000,1,5,174656388,607,10,607,10,0,125,3,0
4,700,21.000000,10000.000000,1,5,174656390,607,10,607,10,0,125,3,0
4,700,21.000000,10000.000000,1,5,174656393,607,10,607,10,0,125,3,0
4,700,21.000000,10000.000000,1,5,174656396,607,10,607,10,0,125,3,0
4,700,21.000000,10000.000000,1,5,174656399,608,10,608,10,0,125,3,0
4,700,21.000000,10000.000000,1,5,174656402,610,10,610,10,0,125,3,0
4,700,21.000000,10000.000000,1,5,174656404,611,10,611,10,0,125,3,0
4,700,21.000000,10000.000000,1,5,174656407,612,10,612,10,0,125,3,0
4,700,21.000000,10000.000000,1,5,174656410,614,10,614,10,0,125,3,0
4,700,21.000000,10000.000000,1,5,174656413,616,11,616,11,0,125,3,0
4,700,21.000000,10000.000000,1,5,174656416,619,11,619,11,0,125,3,0
4,700,21.000000,10000.000000,1,5,174656418,622,11,622,11,0,125,3,0
4,700,21.000000,10000.000000,1,5,174656421,625,12,625,12,0,125,3,0
4,700,21.000000,10000.000000,1,5,174656424,630,12,630,12,0,125,3,0
4,700,21.000000,10000.000000,1,5,174656427,633,12,633,12,0,125,3,0
4,700,21.000000,10000.000000,1,5,174656429,644,15,644,15,0,125,3,0
4,700,21.000000,10000.000000,1,5,174656432,652,16,652,16,0,125,3,0
4,700,21.000000,10000.000000,1,5,174656435,659,17,659,17,0,125,3,0
4,700,21.000000,10000.000000,1,5,174656438,671,19,671,19,0,125,3,0
4,700,21.000000,10000.000000,1,5,174656441,682,21,682,21,0,125,3,0
4,700,21.000000,10000.000000,1,5,174656443,695,23,695,23,0,125,3,0
4,700,21.000000,10000.000000,1,5,174656446,706,23,706,23,0,125,3,0
4,700,21.000000,10000.000000,1,5,174656449,725,27,725,27,0,125,3,0
4,700,21.000000,10000.000000,1,5,174656452,736,27,736,27,0,125,3,0
4,700,21.000000,10000.000000,1,5,174656455,757,31,757,31,0,125,3,0
4,700,21.000000,10000.000000,1,5,174656457,779,33,779,33,0,125,3,0
4,700,21.000000,10000.000000,1,5,174656460,797,35,797,35,0,125,3,0
4,700,21.000000,10000.000000,1,5,174656463,813,37,813,37,0,125,3,0
4,700,21.000000,10000.000000,1,5,174656466,829,38,829,38,0,125,3,0
4,700,21.000000,10000.000000,1,5,174656468,840,39,840,39,0,125,3,0
4,700,21.000000,10000.000000,1,5,174656471,863,40,863,40,0,125,3,0
4,700,21.000000,10000.000000,1,5,174656474,886,41,886,41,0,125,3,0
4,700,21.000000,10000.000000,1,5,174656477,909,43,909,43,0,125,3,0
4,700,21.000000,10000.000000,1,5,174656480,923,44,923,44,0,125,3,0
4,700,21.000000,10000.000000,1,5,174656482,941,46,941,46,0,125,3,0
4,700,21.000000,10000.000000,1,5,174656485,953,47,953,47,0,125,3,0
4,700,21.000000,10000.000000,1,5,174656488,965,48,965,48,0,125,3,0
4,700,21.000000,10000.000000,1,5,174656490,978,49,978,49,0,125,3,0
4,700,21.000000,10000.000000,1,5,174656493,988,49,988,49,0,125,3,0
4,700,21.000000,10000.000000,1,5,174656496,1003,50,1003,50,0,125,3,0
4,700,21.000000,10000.000000,1,5,174656499,1020,51,1020,51,0,125,3,0
4,700,21.000000,10000.000000,1,5,174656502,1029,51,1029,51,0,125,3,0
4,700,21.000000,10000.000000,1,5,174656504,1053,52,1053,52,0,125,3,0
4,700,21.000000,10000.000000,1,5,174656507,1065,53,1065,53,0,125,3,0
4,700,21.000000,10000.000000,1,5,174656510,1079,53,1079,53,0,125,3,0
4,700,21.000000,10000.000000,1,5,174656513,1087,53,1087,53,0,125,3,0
4,700,21.000000,10000.000000,1,5,174656516,1095,53,1095,53,0,125,3,0
4,700,21.000000,10000.000000,1,5,174656518,1102,53,1102,53,0,125,3,0
4,700,21.000000,10000.000000,1,5,174656521,1107,53,1107,53,0,125,3,0
4,700,21.000000,10000.000000,1,5,174656524,1119,53,1119,53,0,125,3,0
4,700,21.000000,10000.000000,1,5,174656527,1125,53,1125,53,0,125,3,0
4,700,21.000000,10000.000000,1,5,174656530,1136,53,1136,53,0,125,3,0
4,700,21.000000,10000.000000,1,5,174656532,1142,53,1142,53,0,125,3,0
4,700,21.000000,10000.000000,1,5,174656535,1147,53,1147,53,0,125,3,0
4,700,21.000000,10000.000000,1,5,174656538,1152,53,1152,53,0,125,3,0
4,700,21.000000,10000.000000,1,5,174656541,1157,53,1157,53,0,125,3,0
4,700,21.000000,10000.000000,1,5,174656543,1162,53,1162,53,0,125,3,0
4,700,21.000000,10000.000000,1,5,174656546,1165,53,1165,53,0,125,3,0
4,700,21.000000,10000.000000,1,5,174656549,1167,53,1167,53,0,125,3,0
4,700,21.000000,10000.000000,1,5,174656552,1170,52,1170,52,0,125,3,0
4,700,21.000000,10000.000000,1,5,174656554,1173,52,1173,52,0,125,3,0
4,700,21.000000,10000.000000,1,5,174656557,1176,52,1176,52,0,125,3,0
4,700,21.000000,10000.000000,1,5,174656560,1178,52,1178,52,0,125,3,0
4,700,21.000000,10000.000000,1,5,174656563,1180,51,1180,51,0,125,3,0
4,700,21.000000,10000.000000,1,5,174656566,1182,51,1182,51,0,125,3,0
4,700,21.000000,10000.000000,1,5,174656568,1183,51,1183,51,0,125,3,0
4,700,21.000000,10000.000000,1,5,174656571,1185,51,1185,51,0,125,3,0
4,700,21.000000,10000.000000,1,5,174656574,1187,51,1187,51,0,125,3,0
4,700,21.000000,10000.000000,1,5,174656577,1188,51,1188,51,0,125,3,0
4,700,21.000000,10000.000000,1,5,174656579,1190,51,1190,51,0,125,3,0
4,700,21.000000,10000.000000,1,5,174656582,1191,50,1191,50,0,125,3,0
4,700,21.000000,10000.000000,1,5,174656585,1192,50,1192,50,0,125,3,0
4,700,21.000000,10000.000000,1,5,174656588,1193,50,1193,50,0,125,3,0
4,700,21.000000,10000.000000,1,5,174656591,1195,50,1195,50,0,125,3,0
4,700,21.000000,10000.000000,1,5,174656594,1197,50,1197,50,0,125,3,0
4,700,21.000000,10000.000000,1,5,174656596,1199,49,1199,49,0,125,3,0
4,700,21.000000,10000.000000,1,5,174656599,1202,48,1202,48,0,125,3,0
4,700,21.000000,10000.000000,1,5,174656602,1204,48,1204,48,0,125,3,0
4,700,21.000000,10000.000000,1,5,174656605,1207,48,1207,48,0,125,3,0
4,700,21.000000,10000.000000,1,5,174656607,1209,47,1209,47,0,125,3,0
4,700,21.000000,10000.000000,1,5,174656610,1211,47,1211,47,0,125,3,0
4,700,21.000000,10000.000000,1,5,174656613,1213,46,1213,46,0,125,3,0
4,700,21.000000,10000.000000,1,5,174656616,1215,45,1215,45,0,125,3,0
4,700,21.000000,10000.000000,1,5,174656619,1218,45,1218,45,0,125,3,0
4,700,21.000000,10000.000000,1,5,174656621,1220,45,1220,45,0,125,3,0
4,700,21.000000,10000.000000,1,5,174656624,1223,45,1223,45,0,125,3,0
4,700,21.000000,10000.000000,1,5,174656627,1226,44,1226,44,0,125,3,0
4,700,21.000000,10000.000000,1,5,174656629,1228,44,1228,44,0,125,3,0
4,700,21.000000,10000.000000,1,5,174656632,1231,44,1231,44,0,125,3,0
4,700,21.000000,10000.000000,1,5,174656635,1234,44,1234,44,0,125,3,0
4,700,21.000000,10000.000000,1,5,174656638,1236,44,1236,44,0,125,3,0
4,700,21.000000,10000.000000,1,5,174656641,1237,44,1237,44,0,125,3,0
4,700,21.000000,10000.000000,1,5,174656643,1238,44,1238,44,0,125,3,0
4,700,21.000000,10000.000000,1,5,174656646,1239,44,1239,44,0,125,3,0
4,700,21.000000,10000.000000,1,5,174656649,1240,44,1240,44,0,125,3,0
4,700,21.000000,10000.000000,1,5,174656652,1241,43,1241,43,0,125,3,0
4,700,21.000000,10000.000000,1,5,174656654,1242,42,1242,42,0,125,3,0
4,700,21.000000,10000.000000,1,5,174656657,1243,41,1243,41,0,125,3,0
4,700,21.000000,10000.000000,1,5,174656660,1243,41,1243,41,0,125,3,0
4,700,21.000000,10000.000000,1,5,174656663,1244,41,1244,41,0,125,3,0
4,700,21.000000,10000.000000,1,5,174656666,1244,41,1244,41,0,125,3,0
4,700,21.000000,10000.000000,1,5,174656668,1244,41,1244,41,0,125,3,0
4,700,21.000000,10000.000000,1,5,174656671,1244,41,1244,41,0,125,3,0
4,700,21.000000,10000.000000,1,5,174656674,1244,41,1244,41,0,125,3,0
4,700,21.000000,10000.000000,1,5,174656677,1244,41,1244,41,0,125,3,0
4,700,21.000000,10000.000000,1,5,174656680,1244,41,1244,41,0,125,3,0
4,700,21.000000,10000.000000,1,5,174656682,1244,41,1244,41,0,125,3,0
4,700,21.000000,10000.000000,1,5,174656685,1244,41,1244,41,0,125,3,0
4,700,21.000000,10000.000000,1,5,174656688,1244,41,1244,41,0,125,3,0
4,700,21.000000,10000.000000,1,5,174656690,1244,41,1244,41,0,125,3,0
4,700,21.000000,10000.000000,1,5,174656693,1244,41,1244,41,0,125,3,0
4,700,21.000000,10000.000000,1,5,174656696,1244,40,1244,40,0,125,3,0
4,700,21.000000,10000.000000,1,5,174656699,1244,40,1244,40,0,125,3,0
4,700,21.000000,10000.000000,1,5,174656702,1245,40,1245,40,0,125,3,0
4,700,21.000000,10000.000000,1,5,174656705,1246,40,1246,40,0,125,3,0
4,700,21.000000,10000.000000,1,5,174656707,1246,40,1246,40,0,125,3,0
4,700,21.000000,10000.000000,1,5,174656710,1246,40,1246,40,0,125,3,0
4,700,21.000000,10000.000000,1,5,174656713,1247,39,1247,39,0,125,3,0
4,700,21.000000,10000.000000,1,5,174656716,1248,39,1248,39,0,125,3,0
4,700,21.000000,10000.000000,1,5,174656719,1249,39,1249,39,0,125,3,0
4,700,21.000000,10000.000000,1,5,174656721,1250,39,1250,39,0,125,3,0
4,700,21.000000,10000.000000,1,5,174656724,1250,38,1250,38,0,125,3,0
4,700,21.000000,10000.000000,1,5,174656727,1250,37,1250,37,0,125,3,0
4,700,21.000000,10000.000000,1,5,174656730,1251,37,1251,37,0,125,3,0
4,700,21.000000,10000.000000,1,5,174656733,1252,37,1252,37,0,125,3,0
4,700,21.000000,10000.000000,1,5,174656735,1253,36,1253,36,0,125,3,0
4,700,21.000000,10000.000000,1,5,174656738,1255,35,1255,35,0,125,3,0
4,700,21.000000,10000.000000,1,5,174656741,1256,34,1256,34,0,125,3,0
4,700,21.000000,10000.000000,1,5,174656744,1257,34,1257,34,0,125,3,0
4,700,21.000000,10000.000000,1,5,174656746,1258,33,1258,33,0,125,3,0
4,700,21.000000,10000.000000,1,5,174656749,1259,32,1259,32,0,125,3,0
4,700,21.000000,10000.000000,1,5,174656752,1260,32,1260,32,0,125,3,0
4,700,21.000000,10000.000000,1,5,174656754,1262,31,1262,31,0,125,3,0
4,700,21.000000,10000.000000,1,5,174656757,1263,31,1263,31,0,125,3,0
4,700,21.000000,10000.000000,1,5,174656760,1264,30,1264,30,0,125,3,0
4,700,21.000000,10000.000000,1,5,174656763,1265,30,1265,30,0,125,3,0
4,700,21.000000,10000.000000,1,5,174656766,1266,29,1266,29,0,125,3,0
4,700,21.000000,10000.000000,1,5,174656768,1267,29,1267,29,0,125,3,0
4,700,21.000000,10000.000000,1,5,174656771,1268,29,1268,29,0,125,3,0
4,700,21.000000,10000.000000,1,5,174656774,1270,28,1270,28,0,125,3,0
4,700,21.000000,10000.000000,1,5,174656777,1271,27,1271,27,0,125,3,0
4,700,21.000000,10000.000000,1,5,174656780,1272,27,1272,27,0,125,3,0
4,700,21.000000,10000.000000,1,5,174656782,1273,27,1273,27,0,125,3,0
4,700,21.000000,10000.000000,1,5,174656785,1273,27,1273,27,0,125,3,0
4,700,21.000000,10000.000000,1,5,174656788,1273,26,1273,26,0,125,3,0
4,700,21.000000,10000.000000,1,5,174656791,1273,25,1273,25,0,125,3,0
4,700,21.000000,10000.000000,1,5,174656794,1273,25,1273,25,0,125,3,0
4,700,21.000000,10000.000000,1,5,174656796,1274,25,1274,25,0,125,3,0
4,700,21.000000,10000.000000,1,5,174656799,1275,25,1275,25,0,125,3,0
4,700,21.000000,10000.000000,1,5,174656802,1276,25,1276,25,0,125,3,0
4,700,21.000000,10000.000000,1,5,174656805,1276,25,1276,25,0,125,3,0
4,700,21.000000,10000.000000,1,5,174656807,1276,25,1276,25,0,125,3,0
4,700,21.000000,10000.000000,1,5,174656810,1276,25,1276,25,0,125,3,0
4,700,21.000000,10000.000000,1,5,174656813,1276,24,1276,24,0,125,3,0
4,700,21.000000,10000.000000,1,5,174656816,1277,24,1277,24,0,125,3,0
4,700,21.000000,10000.000000,1,5,174656819,1278,24,1278,24,0,125,3,0
4,700,21.000000,10000.000000,1,5,174656822,1278,24,1278,24,0,125,3,0
4,700,21.000000,10000.000000,1,5,174656824,1278,24,1278,24,0,125,3,0
4,700,21.000000,10000.000000,1,5,174656827,1278,23,1278,23,0,125,3,0
4,700,21.000000,10000.000000,1,5,174656830,1278,22,1278,22,0,125,3,0
4,700,21.000000,10000.000000,1,5,174656833,1279,21,1279,21,0,125,3,0
4,700,21.000000,10000.000000,1,5,174656835,1280,21,1280,21,0,125,3,0
4,700,21.000000,10000.000000,1,5,174656838,1281,21,1281,21,0,125,3,0
4,700,21.000000,10000.000000,1,5,174656841,1281,20,1281,20,0,125,3,0
4,700,21.000000,10000.000000,1,5,174656844,1282,20,1282,20,0,125,3,0
4,700,21.000000,10000.000000,1,5,174656847,1283,20,1283,20,0,125,3,0
4,700,21.000000,10000.000000,1,5,174656849,1283,19,1283,19,0,125,3,0
4,700,21.000000,10000.000000,1,5,174656852,1284,19,1284,19,0,125,3,0
4,700,21.000000,10000.000000,1,5,174656855,1285,19,1285,19,0,125,3,0
4,700,21.000000,10000.000000,1,5,174656857,1286,18,1286,18,0,125,3,0
4,700,21.000000,10000.000000,1,5,174656860,1287,17,1287,17,0,125,3,0
4,700,21.000000,10000.000000,1,5,174656863,1287,16,1287,16,0,125,3,0
4,700,21.000000,10000.000000,1,5,174656866,1288,16,1288,16,0,125,3,0
4,700,21.000000,10000.000000,1,5,174656868,1289,16,1289,16,0,125,3,0
4,700,21.000000,10000.000000,1,5,174656871,1290,16,1290,16,0,125,3,0
4,700,21.000000,10000.000000,1,5,174656874,1291,16,1291,16,0,125,3,0
4,700,21.000000,10000.000000,1,5,174656877,1291,16,1291,16,0,125,3,0
4,700,21.000000,10000.000000,1,5,174656880,1291,16,1291,16,0,125,3,0
4,700,21.000000,10000.000000,1,5,174656882,1291,16,1291,16,0,125,3,0
4,700,21.000000,10000.000000,1,5,174656885,1291,16,1291,16,0,125,3,0
4,700,21.000000,10000.000000,1,5,174656888,1291,16,1291,16,0,125,3,0
4,700,21.000000,10000.000000,1,5,174656891,1291,16,1291,16,0,125,3,0
4,700,21.000000,10000.000000,1,5,174656894,1291,16,1291,16,0,125,3,0
4,700,21.000000,10000.000000,1,5,174656897,1291,16,1291,16,0,125,3,0
4,700,21.000000,10000.000000,1,5,174656899,1291,16,1291,16,0,125,3,0
4,700,21.000000,10000.000000,1,5,174656902,1291,16,1291,16,0,125,3,0
4,700,21.000000,10000.000000,1,5,174656905,1291,16,1291,16,0,125,3,0
4,700,21.000000,10000.000000,1,5,174656907,1291,16,1291,16,0,125,3,0
4,700,21.000000,10000.000000,1,5,174656910,1291,16,1291,16,0,125,3,0
4,700,21.000000,10000.000000,1,5,174656913,1291,16,1291,16,0,125,3,0
4,700,21.000000,10000.000000,1,5,174656916,1291,16,1291,16,0,125,3,0
4,700,21.000000,10000.000000,1,5,174656919,1291,16,1291,16,0,125,3,0
4,700,21.000000,10000.000000,1,5,174656921,1291,16,1291,16,0,125,3,0
4,700,21.000000,10000.000000,1,5,174656924,1291,16,1291,16,0,125,3,0
4,700,21.000000,10000.000000,1,5,174656927,1291,16,1291,16,0,125,3,0
4,700,21.000000,10000.000000,1,5,174656930,1292,16,1292,16,0,125,3,0
4,700,21.000000,10000.000000,1,5,174656933,1293,16,1293,16,0,125,3,0
4,700,21.000000,10000.000000,1,5,174656935,1293,16,1293,16,0,125,3,0
4,700,21.000000,10000.000000,1,5,174656938,1294,16,1294,16,0,125,3,0
4,700,21.000000,10000.000000,1,5,174656941,1295,16,1295,16,0,125,3,0
4,700,21.000000,10000.000000,1,5,174656944,1296,16,1296,16,0,125,3,0
4,700,21.000000,10000.000000,1,5,174656947,1296,15,1296,15,0,125,3,0
4,700,21.000000,10000.000000,1,5,174656949,1297,14,1297,14,0,125,3,0
4,700,21.000000,10000.000000,1,5,174656952,1298,14,1298,14,0,125,3,0
4,700,21.000000,10000.000000,1,5,174656955,1299,14,1299,14,0,125,3,0
4,700,21.000000,10000.000000,1,5,174656958,1300,13,1300,13,0,125,3,0
4,700,21.000000,10000.000000,1,5,174656961,1301,12,1301,12,0,125,3,0
4,700,21.000000,10000.000000,1,5,174656963,1302,12,1302,12,0,125,3,0
4,700,21.000000,10000.000000,1,5,174656966,1302,11,1302,11,0,125,3,0
4,700,21.000000,10000.000000,1,5,174656969,1303,11,1303,11,0,125,3,0
4,700,21.000000,10000.000000,1,5,174656972,1304,11,1304,11,0,125,3,0
4,700,21.000000,10000.000000,1,5,174656974,1305,11,1305,11,0,125,3,0
4,700,21.000000,10000.000000,1,5,174656977,1306,11,1306,11,0,125,3,0
4,700,21.000000,10000.000000,1,5,174656980,1307,10,1307,10,0,125,3,0
4,700,21.000000,10000.000000,1,5,174656983,1308,10,1308,10,0,125,3,0
4,700,21.000000,10000.000000,1,5,174656985,1310,10,1310,10,0,125,3,0
4,700,21.000000,10000.000000,1,5,174656988,1310,10,1310,10,0,125,3,0
4,700,21.000000,10000.000000,1,5,174656991,1311,10,1311,10,0,125,3,0
4,700,21.000000,10000.000000,1,5,174656994,1311,10,1311,10,0,125,3,0
4,700,21.000000,10000.000000,1,5,174656997,1311,10,1311,10,0,125,3,0
4,700,21.000000,10000.000000,1,5,174656999,1312,10,1312,10,0,125,3,0
4,700,21.000000,10000.000000,1,5,174657002,1312,10,1312,10,0,125,3,0
4,700,21.000000,10000.000000,1,5,174657005,1312,10,1312,10,0,125,3,0
4,700,21.000000,10000.000000,1,5,174657007,1312,10,1312,10,0,125,3,0
4,700,21.000000,10000.000000,1,5,174657010,1312,10,1312,10,0,125,3,0
4,700,21.000000,10000.000000,1,5,174657013,1312,10,1312,10,0,125,3,0
4,700,21.000000,10000.000000,1,5,174657016,1312,10,1312,10,0,125,3,0
4,700,21.000000,10000.000000,1,5,174657019,1312,10,1312,10,0,125,3,0
4,700,21.000000,10000.000000,1,5,174657021,1312,10,1312,10,0,125,3,0
4,700,21.000000,10000.000000,1,5,174657024,1312,10,1312,10,0,125,3,0
4,700,21.000000,10000.000000,1,5,174657027,1312,10,1312,10,0,125,3,0
4,700,21.000000,10000.000000,1,5,174657030,1312,10,1312,10,0,125,3,0
4,700,21.000000,10000.000000,1,5,174657033,1312,10,1312,10,0,125,3,0
4,700,21.000000,10000.000000,1,5,174657035,1312,10,1312,10,0,125,3,0
4,700,21.000000,10000.000000,1,5,174657038,1312,10,1312,10,0,125,3,0
4,700,21.000000,10000.000000,1,5,174657041,1312,10,1312,10,0,125,3,0
4,700,21.000000,10000.000000,1,5,174657044,1312,10,1312,10,0,125,3,0
4,700,21.000000,10000.000000,1,5,174657047,1312,10,1312,10,0,125,3,0
4,700,21.000000,10000.000000,1,5,174657050,1312,10,1312,10,0,125,3,0
4,700,21.000000,10000.000000,1,5,174657052,1312,10,1312,10,0,125,3,0
4,700,21.000000,10000.000000,1,5,174657055,1312,10,1312,10,0,125,3,0
4,700,21.000000,10000.000000,1,5,174657057,1312,10,1312,10,0,125,3,0
4,700,21.000000,10000.000000,1,5,174657060,1312,10,1312,10,0,125,3,0
4,700,21.000000,10000.000000,1,5,174657063,1312,10,1312,10,0,125,3,0
4,700,21.000000,10000.000000,1,5,174657066,1312,10,1312,10,0,125,3,0
4,700,21.000000,10000.000000,1,5,174657069,1312,10,1312,10,0,125,3,0
4,700,21.000000,10000.000000,1,5,174657071,1312,10,1312,10,0,125,3,0
4,700,21.000000,10000.000000,1,5,174657074,1312,10,1312,10,0,125,3,0
4,700,21.000000,10000.000000,1,5,174657077,1312,10,1312,10,0,125,3,0
4,700,21.000000,10000.000000,1,5,174657080,1312,10,1312,10,0,125,3,0
4,700,21.000000,10000.000000,1,5,174657083,1312,10,1312,10,0,125,3,0
4,700,21.000000,10000.000000,1,5,174657085,1312,10,1312,10,0,125,3,0
4,700,21.000000,10000.000000,1,5,174657088,1312,10,1312,10,0,125,3,0
4,700,21.000000,10000.000000,1,5,174657091,1312,10,1312,10,0,125,3,0
4,700,21.000000,10000.000000,1,5,174657094,1312,10,1312,10,0,125,3,0
4,700,21.000000,10000.000000,1,5,174657097,1312,10,1312,10,0,125,3,0
4,700,21.000000,10000.000000,1,5,174657099,1312,10,1312,10,0,125,3,0
4,700,21.000000,10000.000000,1,5,174657113,1312,10,1312,10,0,125,3,0
