4,700,21.000000,42.000000,1,0,173044807,611,11,611,11,0,12,3,0
4,700,21.000000,42.000000,1,0,173044808,611,11,611,11,0,12,3,0
4,700,21.000000,42.000000,1,0,173044811,611,11,611,11,0,12,3,0
4,700,21.000000,42.000000,1,0,173044813,611,11,611,11,0,12,3,0
4,700,21.000000,42.000000,1,0,173044816,611,11,611,11,0,12,3,0
4,700,21.000000,42.000000,1,0,173044819,611,11,611,11,0,12,3,0
4,700,21.000000,42.000000,1,0,173044821,611,11,611,11,0,12,3,0
4,700,21.000000,42.000000,1,0,173044824,611,11,611,11,0,12,3,0
4,700,21.000000,42.000000,1,0,173044826,611,11,611,11,0,12,3,0
4,700,21.000000,42.000000,1,0,173044829,611,11,611,11,0,12,3,0
4,700,21.000000,42.000000,1,0,173044832,611,11,611,11,0,12,3,0
4,700,21.000000,42.000000,1,0,173044835,611,11,611,11,0,12,3,0
4,700,21.000000,42.000000,1,0,173044838,611,11,611,11,0,12,3,0
4,700,21.000000,42.000000,1,0,173044840,611,11,611,11,0,12,3,0
4,700,21.000000,42.000000,1,0,173044843,611,11,611,11,0,12,3,0
4,700,21.000000,42.000000,1,0,173044846,611,11,611,11,0,12,3,0
4,700,21.000000,42.000000,1,0,173044849,611,11,611,11,0,12,3,0
4,700,21.000000,42.000000,1,0,173044852,612,11,612,11,0,12,3,0
4,700,21.000000,42.000000,1,0,173044854,613,11,613,11,0,12,3,0
4,700,21.000000,42.000000,1,0,173044857,614,11,614,11,0,12,3,0
4,700,21.000000,42.000000,1,0,173044860,616,11,616,11,0,12,3,0
4,700,21.000000,42.000000,1,0,173044863,618,12,618,12,0,12,3,0
4,700,21.000000,42.000000,1,0,173044866,621,12,621,12,0,12,3,0
4,700,21.000000,42.000000,1,0,173044869,624,13,624,13,0,12,3,0
4,700,21.000000,42.000000,1,0,173044871,627,14,627,14,0,12,3,0
4,700,21.000000,42.000000,1,0,173044874,633,15,633,15,0,12,3,0
4,700,21.000000,42.000000,1,0,173044877,637,17,637,17,0,12,3,0
4,700,21.000000,42.000000,1,0,173044879,639,17,639,17,0,12,3,0
4,700,21.000000,42.000000,1,0,173044882,644,19,644,19,0,12,3,0
4,700,21.000000,42.000000,1,0,173044885,647,19,647,19,0,12,3,0
4,700,21.000000,42.000000,1,0,173044888,653,20,653,20,0,12,3,0
4,700,21.000000,42.000000,1,0,173044891,658,21,658,21,0,12,3,0
4,700,21.000000,42.000000,1,0,173044894,666,22,666,22,0,12,3,0
4,700,21.000000,42.000000,1,0,173044896,673,23,673,23,0,12,3,0
4,700,21.000000,42.000000,1,0,173044899,680,24,680,24,0,12,3,0
4,700,21.000000,42.000000,1,0,173044902,691,26,691,26,0,12,3,0
4,700,21.000000,42.000000,1,0,173044905,694,26,694,26,0,12,3,0
4,700,21.000000,42.000000,1,0,173044907,706,28,706,28,0,12,3,0
4,700,21.000000,42.000000,1,0,173044910,714,30,714,30,0,12,3,0
4,700,21.000000,42.000000,1,0,173044913,722,31,722,31,0,12,3,0
4,700,21.000000,42.000000,1,0,173044916,730,33,730,33,0,12,3,0
4,700,21.000000,42.000000,1,0,173044919,744,35,744,35,0,12,3,0
4,700,21.000000,42.000000,1,0,173044921,752,37,752,37,0,12,3,0
4,700,21.000000,42.000000,1,0,173044924,761,39,761,39,0,12,3,0
4,700,21.000000,42.000000,1,0,173044927,769,40,769,40,0,12,3,0
4,700,21.000000,42.000000,1,0,173044930,778,42,778,42,0,12,3,0
4,700,21.000000,42.000000,1,0,173044933,786,43,786,43,0,12,3,0
4,700,21.000000,42.000000,1,0,173044935,803,46,803,46,0,12,3,0
4,700,21.000000,42.000000,1,0,173044938,813,48,813,48,0,12,3,0
4,700,21.000000,42.000000,1,0,173044940,824,49,824,49,0,12,3,0
4,700,21.000000,42.000000,1,0,173044943,829,50,829,50,0,12,3,0
4,700,21.000000,42.000000,1,0,173044946,843,52,843,52,0,12,3,0
4,700,21.000000,42.000000,1,0,173044949,854,54,854,54,0,12,3,0
4,700,21.000000,42.000000,1,0,173044952,866,56,866,56,0,12,3,0
4,700,21.000000,42.000000,1,0,173044955,877,58,877,58,0,12,3,0
4,700,21.000000,42.000000,1,0,173044958,885,58,885,58,0,12,3,0
4,700,21.000000,42.000000,1,0,173044960,901,60,901,60,0,12,3,0
4,700,21.000000,42.000000,1,0,173044963,908,61,908,61,0,12,3,0
4,700,21.000000,42.000000,1,0,173044966,919,62,919,62,0,12,3,0
4,700,21.000000,42.000000,1,0,173044969,926,64,926,64,0,12,3,0
4,700,21.000000,42.000000,1,0,173044971,937,65,937,65,0,12,3,0
4,700,21.000000,42.000000,1,0,173044974,953,67,953,67,0,12,3,0
4,700,21.000000,42.000000,1,0,173044977,960,68,960,68,0,12,3,0
4,700,21.000000,42.000000,1,0,173044980,971,68,971,68,0,12,3,0
4,700,21.000000,42.000000,1,0,173044983,977,69,977,69,0,12,3,0
4,700,21.000000,42.000000,1,0,173044985,995,69,995,69,0,12,3,0
4,700,21.000000,42.000000,1,0,173044988,1002,70,1002,70,0,12,3,0
4,700,21.000000,42.000000,1,0,173044991,1013,71,1013,71,0,12,3,0
4,700,21.000000,42.000000,1,0,173044995,1031,71,1031,71,0,12,3,0
4,700,21.000000,42.000000,1,0,173044997,1039,71,1039,71,0,12,3,0
4,700,21.000000,42.000000,1,0,173045000,1055,71,1055,71,0,12,3,0
4,700,21.000000,42.000000,1,0,173045003,1061,71,1061,71,0,12,3,0
4,700,21.000000,42.000000,1,0,173045006,1072,71,1072,71,0,12,3,0
4,700,21.000000,42.000000,1,0,173045009,1079,71,1079,71,0,12,3,0
4,700,21.000000,42.000000,1,0,173045012,1090,72,1090,72,0,12,3,0
4,700,21.000000,42.000000,1,0,173045015,1103,72,1103,72,0,12,3,0
4,700,21.000000,42.000000,1,0,173045018,1117,72,1117,72,0,12,3,0
4,700,21.000000,42.000000,1,0,173045022,1125,72,1125,72,0,12,3,0
4,700,21.000000,42.000000,1,0,173045025,1132,72,1132,72,0,12,3,0
4,700,21.000000,42.000000,1,0,173045027,1140,72,1140,72,0,12,3,0
4,700,21.000000,42.000000,1,0,173045030,1149,72,1149,72,0,12,3,0
4,700,21.000000,42.000000,1,0,173045033,1158,72,1158,72,0,12,3,0
4,700,21.000000,42.000000,1,0,173045036,1166,72,1166,72,0,12,3,0
4,700,21.000000,42.000000,1,0,173045039,1171,71,1171,71,0,12,3,0
4,700,21.000000,42.000000,1,0,173045041,1177,71,1177,71,0,12,3,0
4,700,21.000000,42.000000,1,0,173045044,1184,71,1184,71,0,12,3,0
4,700,21.000000,42.000000,1,0,173045047,1190,71,1190,71,0,12,3,0
4,700,21.000000,42.000000,1,0,173045049,1192,71,1192,71,0,12,3,0
4,700,21.000000,42.000000,1,0,173045052,1197,70,1197,70,0,12,3,0
4,700,21.000000,42.000000,1,0,173045055,1202,70,1202,70,0,12,3,0
4,700,21.000000,42.000000,1,0,173045058,1206,70,1206,70,0,12,3,0
4,700,21.000000,42.000000,1,0,173045060,1211,70,1211,70,0,12,3,0
4,700,21.000000,42.000000,1,0,173045063,1217,70,1217,70,0,12,3,0
4,700,21.000000,42.000000,1,0,173045066,1221,70,1221,70,0,12,3,0
4,700,21.000000,42.000000,1,0,173045069,1228,70,1228,70,0,12,3,0
4,700,21.000000,42.000000,1,0,173045072,1233,70,1233,70,0,12,3,0
4,700,21.000000,42.000000,1,0,173045074,1237,69,1237,69,0,12,3,0
4,700,21.000000,42.000000,1,0,173045077,1240,69,1240,69,0,12,3,0
4,700,21.000000,42.000000,1,0,173045079,1243,69,1243,69,0,12,3,0
4,700,21.000000,42.000000,1,0,173045082,1246,69,1246,69,0,12,3,0
4,700,21.000000,42.000000,1,0,173045085,1248,69,1248,69,0,12,3,0
4,700,21.000000,42.000000,1,0,173045088,1250,69,1250,69,0,12,3,0
4,700,21.000000,42.000000,1,0,173045091,1252,69,1252,69,0,12,3,0
4,700,21.000000,42.000000,1,0,173045094,1255,68,1255,68,0,12,3,0
4,700,21.000000,42.000000,1,0,173045096,1256,68,1256,68,0,12,3,0
4,700,21.000000,42.000000,1,0,173045099,1258,67,1258,67,0,12,3,0
4,700,21.000000,42.000000,1,0,173045102,1260,67,1260,67,0,12,3,0
4,700,21.000000,42.000000,1,0,173045105,1261,67,1261,67,0,12,3,0
4,700,21.000000,42.000000,1,0,173045108,1263,66,1263,66,0,12,3,0
4,700,21.000000,42.000000,1,0,173045110,1264,65,1264,65,0,12,3,0
4,700,21.000000,42.000000,1,0,173045113,1266,65,1266,65,0,12,3,0
4,700,21.000000,42.000000,1,0,173045116,1267,65,1267,65,0,12,3,0
4,700,21.000000,42.000000,1,0,173045118,1267,64,1267,64,0,12,3,0
4,700,21.000000,42.000000,1,0,173045121,1268,63,1268,63,0,12,3,0
4,700,21.000000,42.000000,1,0,173045124,1269,63,1269,63,0,12,3,0
4,700,21.000000,42.000000,1,0,173045127,1270,62,1270,62,0,12,3,0
4,700,21.000000,42.000000,1,0,173045130,1271,62,1271,62,0,12,3,0
4,700,21.000000,42.000000,1,0,173045133,1272,62,1272,62,0,12,3,0
4,700,21.000000,42.000000,1,0,173045135,1273,61,1273,61,0,12,3,0
4,700,21.000000,42.000000,1,0,173045138,1274,60,1274,60,0,12,3,0
4,700,21.000000,42.000000,1,0,173045141,1275,60,1275,60,0,12,3,0
4,700,21.000000,42.000000,1,0,173045144,1276,60,1276,60,0,12,3,0
4,700,21.000000,42.000000,1,0,173045147,1276,59,1276,59,0,12,3,0
4,700,21.000000,42.000000,1,0,173045149,1277,59,1277,59,0,12,3,0
4,700,21.000000,42.000000,1,0,173045152,1278,59,1278,59,0,12,3,0
4,700,21.000000,42.000000,1,0,173045155,1279,58,1279,58,0,12,3,0
4,700,21.000000,42.000000,1,0,173045157,1280,58,1280,58,0,12,3,0
4,700,21.000000,42.000000,1,0,173045160,1281,58,1281,58,0,12,3,0
4,700,21.000000,42.000000,1,0,173045163,1282,58,1282,58,0,12,3,0
4,700,21.000000,42.000000,1,0,173045166,1283,58,1283,58,0,12,3,0
4,700,21.000000,42.000000,1,0,173045168,1284,58,1284,58,0,12,3,0
4,700,21.000000,42.000000,1,0,173045171,1285,57,1285,57,0,12,3,0
4,700,21.000000,42.000000,1,0,173045174,1286,57,1286,57,0,12,3,0
4,700,21.000000,42.000000,1,0,173045177,1287,57,1287,57,0,12,3,0
4,700,21.000000,42.000000,1,0,173045180,1288,57,1288,57,0,12,3,0
4,700,21.000000,42.000000,1,0,173045182,1290,57,1290,57,0,12,3,0
4,700,21.000000,42.000000,1,0,173045185,1291,57,1291,57,0,12,3,0
4,700,21.000000,42.000000,1,0,173045188,1292,57,1292,57,0,12,3,0
4,700,21.000000,42.000000,1,0,173045191,1293,56,1293,56,0,12,3,0
4,700,21.000000,42.000000,1,0,173045194,1293,55,1293,55,0,12,3,0
4,700,21.000000,42.000000,1,0,173045196,1294,55,1294,55,0,12,3,0
4,700,21.000000,42.000000,1,0,173045199,1294,54,1294,54,0,12,3,0
4,700,21.000000,42.000000,1,0,173045202,1295,52,1295,52,0,12,3,0
4,700,21.000000,42.000000,1,0,173045205,1295,51,1295,51,0,12,3,0
4,700,21.000000,42.000000,1,0,173045208,1296,51,1296,51,0,12,3,0
4,700,21.000000,42.000000,1,0,173045210,1297,51,1297,51,0,12,3,0
4,700,21.000000,42.000000,1,0,173045213,1297,50,1297,50,0,12,3,0
4,700,21.000000,42.000000,1,0,173045216,1297,49,1297,49,0,12,3,0
4,700,21.000000,42.000000,1,0,173045219,1297,48,1297,48,0,12,3,0
4,700,21.000000,42.000000,1,0,173045221,1297,48,1297,48,0,12,3,0
4,700,21.000000,42.000000,1,0,173045224,1297,47,1297,47,0,12,3,0
4,700,21.000000,42.000000,1,0,173045227,1298,47,1298,47,0,12,3,0
4,700,21.000000,42.000000,1,0,173045230,1298,47,1298,47,0,12,3,0
4,700,21.000000,42.000000,1,0,173045232,1298,47,1298,47,0,12,3,0
4,700,21.000000,42.000000,1,0,173045235,1298,46,1298,46,0,12,3,0
4,700,21.000000,42.000000,1,0,173045238,1298,45,1298,45,0,12,3,0
4,700,21.000000,42.000000,1,0,173045241,1298,45,1298,45,0,12,3,0
4,700,21.000000,42.000000,1,0,173045244,1298,45,1298,45,0,12,3,0
4,700,21.000000,42.000000,1,0,173045247,1298,45,1298,45,0,12,3,0
4,700,21.000000,42.000000,1,0,173045250,1298,45,1298,45,0,12,3,0
4,700,21.000000,42.000000,1,0,173045253,1298,45,1298,45,0,12,3,0
4,700,21.000000,42.000000,1,0,173045256,1298,45,1298,45,0,12,3,0
4,700,21.000000,42.000000,1,0,173045258,1298,45,1298,45,0,12,3,0
4,700,21.000000,42.000000,1,0,173045261,1298,45,1298,45,0,12,3,0
4,700,21.000000,42.000000,1,0,173045264,1299,45,1299,45,0,12,3,0
4,700,21.000000,42.000000,1,0,173045267,1299,44,1299,44,0,12,3,0
4,700,21.000000,42.000000,1,0,173045270,1299,44,1299,44,0,12,3,0
4,700,21.000000,42.000000,1,0,173045272,1300,44,1300,44,0,12,3,0
4,700,21.000000,42.000000,1,0,173045275,1300,43,1300,43,0,12,3,0
4,700,21.000000,42.000000,1,0,173045278,1301,43,1301,43,0,12,3,0
4,700,21.000000,42.000000,1,0,173045280,1301,43,1301,43,0,12,3,0
4,700,21.000000,42.000000,1,0,173045283,1301,42,1301,42,0,12,3,0
4,700,21.000000,42.000000,1,0,173045286,1302,41,1302,41,0,12,3,0
4,700,21.000000,42.000000,1,0,173045288,1302,41,1302,41,0,12,3,0
4,700,21.000000,42.000000,1,0,173045291,1302,40,1302,40,0,12,3,0
4,700,21.000000,42.000000,1,0,173045293,1303,39,1303,39,0,12,3,0
4,700,21.000000,42.000000,1,0,173045296,1304,38,1304,38,0,12,3,0
4,700,21.000000,42.000000,1,0,173045299,1304,38,1304,38,0,12,3,0
4,700,21.000000,42.000000,1,0,173045302,1304,38,1304,38,0,12,3,0
4,700,21.000000,42.000000,1,0,173045305,1304,37,1304,37,0,12,3,0
4,700,21.000000,42.000000,1,0,173045307,1304,37,1304,37,0,12,3,0
4,700,21.000000,42.000000,1,0,173045310,1304,37,1304,37,0,12,3,0
4,700,21.000000,42.000000,1,0,173045313,1304,37,1304,37,0,12,3,0
4,700,21.000000,42.000000,1,0,173045316,1304,36,1304,36,0,12,3,0
4,700,21.000000,42.000000,1,0,173045319,1304,36,1304,36,0,12,3,0
4,700,21.000000,42.000000,1,0,173045321,1304,36,1304,36,0,12,3,0
4,700,21.000000,42.000000,1,0,173045324,1304,36,1304,36,0,12,3,0
4,700,21.000000,42.000000,1,0,173045327,1304,36,1304,36,0,12,3,0
4,700,21.000000,42.000000,1,0,173045330,1304,35,1304,35,0,12,3,0
4,700,21.000000,42.000000,1,0,173045333,1304,34,1304,34,0,12,3,0
4,700,21.000000,42.000000,1,0,173045335,1304,34,1304,34,0,12,3,0
4,700,21.000000,42.000000,1,0,173045338,1304,34,1304,34,0,12,3,0
4,700,21.000000,42.000000,1,0,173045341,1304,34,1304,34,0,12,3,0
4,700,21.000000,42.000000,1,0,173045344,1304,34,1304,34,0,12,3,0
4,700,21.000000,42.000000,1,0,173045347,1304,34,1304,34,0,12,3,0
4,700,21.000000,42.000000,1,0,173045350,1304,34,1304,34,0,12,3,0
4,700,21.000000,42.000000,1,0,173045352,1304,34,1304,34,0,12,3,0
4,700,21.000000,42.000000,1,0,173045355,1304,34,1304,34,0,12,3,0
4,700,21.000000,42.000000,1,0,173045357,1304,34,1304,34,0,12,3,0
4,700,21.000000,42.000000,1,0,173045360,1304,34,1304,34,0,12,3,0
4,700,21.000000,42.000000,1,0,173045363,1304,34,1304,34,0,12,3,0
4,700,21.000000,42.000000,1,0,173045366,1304,34,1304,34,0,12,3,0
4,700,21.000000,42.000000,1,0,173045369,1304,34,1304,34,0,12,3,0
4,700,21.000000,42.000000,1,0,173045371,1304,33,1304,33,0,12,3,0
4,700,21.000000,42.000000,1,0,173045374,1304,32,1304,32,0,12,3,0
4,700,21.000000,42.000000,1,0,173045377,1305,32,1305,32,0,12,3,0
4,700,21.000000,42.000000,1,0,173045380,1305,32,1305,32,0,12,3,0
4,700,21.000000,42.000000,1,0,173045382,1305,32,1305,32,0,12,3,0
4,700,21.000000,42.000000,1,0,173045385,1306,32,1306,32,0,12,3,0
4,700,21.000000,42.000000,1,0,173045388,1307,32,1307,32,0,12,3,0
4,700,21.000000,42.000000,1,0,173045391,1307,32,1307,32,0,12,3,0
4,700,21.000000,42.000000,1,0,173045394,1307,31,1307,31,0,12,3,0
4,700,21.000000,42.000000,1,0,173045396,1307,31,1307,31,0,12,3,0
4,700,21.000000,42.000000,1,0,173045399,1307,30,1307,30,0,12,3,0
4,700,21.000000,42.000000,1,0,173045402,1308,30,1308,30,0,12,3,0
4,700,21.000000,42.000000,1,0,173045405,1308,29,1308,29,0,12,3,0
4,700,21.000000,42.000000,1,0,173045408,1308,28,1308,28,0,12,3,0
4,700,21.000000,42.000000,1,0,173045410,1308,27,1308,27,0,12,3,0
4,700,21.000000,42.000000,1,0,173045413,1308,26,1308,26,0,12,3,0
4,700,21.000000,42.000000,1,0,173045416,1308,25,1308,25,0,12,3,0
4,700,21.000000,42.000000,1,0,173045419,1308,24,1308,24,0,12,3,0
4,700,21.000000,42.000000,1,0,173045422,1308,23,1308,23,0,12,3,0
4,700,21.000000,42.000000,1,0,173045424,1308,23,1308,23,0,12,3,0
4,700,21.000000,42.000000,1,0,173045427,1308,22,1308,22,0,12,3,0
4,700,21.000000,42.000000,1,0,173045430,1308,21,1308,21,0,12,3,0
4,700,21.000000,42.000000,1,0,173045433,1308,20,1308,20,0,12,3,0
4,700,21.000000,42.000000,1,0,173045436,1308,19,1308,19,0,12,3,0
4,700,21.000000,42.000000,1,0,173045438,1308,19,1308,19,0,12,3,0
4,700,21.000000,42.000000,1,0,173045441,1308,19,1308,19,0,12,3,0
4,700,21.000000,42.000000,1,0,173045444,1308,18,1308,18,0,12,3,0
4,700,21.000000,42.000000,1,0,173045447,1308,17,1308,17,0,12,3,0
4,700,21.000000,42.000000,1,0,173045449,1308,17,1308,17,0,12,3,0
4,700,21.000000,42.000000,1,0,173045452,1308,17,1308,17,0,12,3,0
4,700,21.000000,42.000000,1,0,173045455,1308,17,1308,17,0,12,3,0
4,700,21.000000,42.000000,1,0,173045457,1308,17,1308,17,0,12,3,0
4,700,21.000000,42.000000,1,0,173045460,1308,17,1308,17,0,12,3,0
4,700,21.000000,42.000000,1,0,173045463,1308,17,1308,17,0,12,3,0
4,700,21.000000,42.000000,1,0,173045466,1308,17,1308,17,0,12,3,0
4,700,21.000000,42.000000,1,0,173045469,1308,17,1308,17,0,12,3,0
4,700,21.000000,42.000000,1,0,173045471,1308,17,1308,17,0,12,3,0
4,700,21.000000,42.000000,1,0,173045474,1308,17,1308,17,0,12,3,0
4,700,21.000000,42.000000,1,0,173045477,1308,16,1308,16,0,12,3,0
4,700,21.000000,42.000000,1,0,173045480,1308,15,1308,15,0,12,3,0
4,700,21.000000,42.000000,1,0,173045483,1308,15,1308,15,0,12,3,0
4,700,21.000000,42.000000,1,0,173045485,1308,15,1308,15,0,12,3,0
4,700,21.000000,42.000000,1,0,173045488,1308,15,1308,15,0,12,3,0
4,700,21.000000,42.000000,1,0,173045491,1308,15,1308,15,0,12,3,0
4,700,21.000000,42.000000,1,0,173045494,1308,14,1308,14,0,12,3,0
4,700,21.000000,42.000000,1,0,173045497,1308,13,1308,13,0,12,3,0
4,700,21.000000,42.000000,1,0,173045500,1308,13,1308,13,0,12,3,0
4,700,21.000000,42.000000,1,0,173045502,1308,12,1308,12,0,12,3,0
4,700,21.000000,42.000000,1,0,173045505,1309,12,1309,12,0,12,3,0
4,700,21.000000,42.000000,1,0,173045508,1309,12,1309,12,0,12,3,0
4,700,21.000000,42.000000,1,0,173045511,1309,12,1309,12,0,12,3,0
4,700,21.000000,42.000000,1,0,173045513,1309,11,1309,11,0,12,3,0
4,700,21.000000,42.000000,1,0,173045516,1309,11,1309,11,0,12,3,0
4,700,21.000000,42.000000,1,0,173045519,1309,11,1309,11,0,12,3,0
4,700,21.000000,42.000000,1,0,173045522,1309,10,1309,10,0,12,3,0
4,700,21.000000,42.000000,1,0,173045525,1309,9,1309,9,0,12,3,0
4,700,21.000000,42.000000,1,0,173045527,1309,9,1309,9,0,12,3,0
4,700,21.000000,42.000000,1,0,173045530,1309,9,1309,9,0,12,3,0
4,700,21.000000,42.000000,1,0,173045533,1309,8,1309,8,0,12,3,0
4,700,21.000000,42.000000,1,0,173045536,1309,8,1309,8,0,12,3,0
4,700,21.000000,42.000000,1,0,173045538,1309,8,1309,8,0,12,3,0
4,700,21.000000,42.000000,1,0,173045541,1309,8,1309,8,0,12,3,0
4,700,21.000000,42.000000,1,0,173045544,1309,7,1309,7,0,12,3,0
4,700,21.000000,42.000000,1,0,173045547,1309,7,1309,7,0,12,3,0
4,700,21.000000,42.000000,1,0,173045549,1309,7,1309,7,0,12,3,0
4,700,21.000000,42.000000,1,0,173045552,1309,7,1309,7,0,12,3,0
4,700,21.000000,42.000000,1,0,173045555,1309,7,1309,7,0,12,3,0
4,700,21.000000,42.000000,1,0,173045558,1309,7,1309,7,0,12,3,0
4,700,21.000000,42.000000,1,0,173045560,1309,7,1309,7,0,12,3,0
4,700,21.000000,42.000000,1,0,173045563,1309,7,1309,7,0,12,3,0
4,700,21.000000,42.000000,1,0,173045566,1309,7,1309,7,0,12,3,0
4,700,21.000000,42.000000,1,0,173045569,1309,7,1309,7,0,12,3,0
4,700,21.000000,42.000000,1,0,173045572,1309,7,1309,7,0,12,3,0
4,700,21.000000,42.000000,1,0,173045575,1309,7,1309,7,0,12,3,0
4,700,21.000000,42.000000,1,0,173045577,1309,7,1309,7,0,12,3,0
4,700,21.000000,42.000000,1,0,173045580,1309,7,1309,7,0,12,3,0
4,700,21.000000,42.000000,1,0,173045583,1309,7,1309,7,0,12,3,0
4,700,21.000000,42.000000,1,0,173045586,1309,7,1309,7,0,12,3,0
4,700,21.000000,42.000000,1,0,173045588,1309,7,1309,7,0,12,3,0
4,700,21.000000,42.000000,1,0,173045591,1309,7,1309,7,0,12,3,0
4,700,21.000000,42.000000,1,0,173045594,1309,7,1309,7,0,12,3,0
4,700,21.000000,42.000000,1,0,173045597,1309,7,1309,7,0,12,3,0
4,700,21.000000,42.000000,1,0,173045610,1309,7,1309,7,0,12,3,0
