4,350,21.000000,10000.000000,1,5,174658347,784,11,784,11,0,125,4,0
4,350,21.000000,10000.000000,1,5,174658348,784,11,784,11,0,125,4,0
4,350,21.000000,10000.000000,1,5,174658350,784,11,784,11,0,125,4,0
4,350,21.000000,10000.000000,1,5,174658353,784,11,784,11,0,125,4,0
4,350,21.000000,10000.000000,1,5,174658356,784,11,784,11,0,125,4,0
4,350,21.000000,10000.000000,1,5,174658359,784,11,784,11,0,125,4,0
4,350,21.000000,10000.000000,1,5,174658361,784,11,784,11,0,125,4,0
4,350,21.000000,10000.000000,1,5,174658364,784,10,784,10,0,125,4,0
4,350,21.000000,10000.000000,1,5,174658367,784,9,784,9,0,125,4,0
4,350,21.000000,10000.000000,1,5,174658370,784,9,784,9,0,125,4,0
4,350,21.000000,10000.000000,1,5,174658373,784,9,784,9,0,125,4,0
4,350,21.000000,10000.000000,1,5,174658375,784,9,784,9,0,125,4,0
4,350,21.000000,10000.000000,1,5,174658378,785,9,785,9,0,125,4,0
4,350,21.000000,10000.000000,1,5,174658381,786,9,786,9,0,125,4,0
4,350,21.000000,10000.000000,1,5,174658384,788,9,788,9,0,125,4,0
4,350,21.000000,10000.000000,1,5,174658386,790,9,790,9,0,125,4,0
4,350,21.000000,10000.000000,1,5,174658389,793,9,793,9,0,125,4,0
4,350,21.000000,10000.000000,1,5,174658392,798,9,798,9,0,125,4,0
4,350,21.000000,10000.000000,1,5,174658395,803,9,803,9,0,125,4,0
4,350,21.000000,10000.000000,1,5,174658398,806,9,806,9,0,125,4,0
4,350,21.000000,10000.000000,1,5,174658400,817,9,817,9,0,125,4,0
4,350,21.000000,10000.000000,1,5,174658403,826,9,826,9,0,125,4,0
4,350,21.000000,10000.000000,1,5,174658406,835,9,835,9,0,125,4,0
4,350,21.000000,10000.000000,1,5,174658408,854,11,854,11,0,125,4,0
4,350,21.000000,10000.000000,1,5,174658411,864,11,864,11,0,125,4,0
4,350,21.000000,10000.000000,1,5,174658414,873,11,873,11,0,125,4,0
4,350,21.000000,10000.000000,1,5,174658417,881,11,881,11,0,125,4,0
4,350,21.000000,10000.000000,1,5,174658419,889,11,889,11,0,125,4,0
4,350,21.000000,10000.000000,1,5,174658422,908,11,908,11,0,125,4,0
4,350,21.000000,10000.000000,1,5,174658425,927,11,927,11,0,125,4,0
4,350,21.000000,10000.000000,1,5,174658428,949,11,949,11,0,125,4,0
4,350,21.000000,10000.000000,1,5,174658431,972,11,972,11,0,125,4,0
4,350,21.000000,10000.000000,1,5,174658433,986,11,986,11,0,125,4,0
4,350,21.000000,10000.000000,1,5,174658436,1005,11,1005,11,0,125,4,0
4,350,21.000000,10000.000000,1,5,174658439,1022,11,1022,11,0,125,4,0
4,350,21.000000,10000.000000,1,5,174658442,1041,11,1041,11,0,125,4,0
4,350,21.000000,10000.000000,1,5,174658445,1059,11,1059,11,0,125,4,0
4,350,21.000000,10000.000000,1,5,174658447,1071,11,1071,11,0,125,4,0
4,350,21.000000,10000.000000,1,5,174658450,1081,11,1081,11,0,125,4,0
4,350,21.000000,10000.000000,1,5,174658453,1091,11,1091,11,0,125,4,0
4,350,21.000000,10000.000000,1,5,174658456,1103,11,1103,11,0,125,4,0
4,350,21.000000,10000.000000,1,5,174658459,1112,11,1112,11,0,125,4,0
4,350,21.000000,10000.000000,1,5,174658461,1124,11,1124,11,0,125,4,0
4,350,21.000000,10000.000000,1,5,174658464,1132,11,1132,11,0,125,4,0
4,350,21.000000,10000.000000,1,5,174658467,1140,11,1140,11,0,125,4,0
4,350,21.000000,10000.000000,1,5,174658470,1148,11,1148,11,0,125,4,0
4,350,21.000000,10000.000000,1,5,174658473,1157,11,1157,11,0,125,4,0
4,350,21.000000,10000.000000,1,5,174658475,1163,11,1163,11,0,125,4,0
4,350,21.000000,10000.000000,1,5,174658478,1168,11,1168,11,0,125,4,0
4,350,21.000000,10000.000000,1,5,174658481,1175,11,1175,11,0,125,4,0
4,350,21.000000,10000.000000,1,5,174658484,1177,11,1177,11,0,125,4,0
4,350,21.000000,10000.000000,1,5,174658487,1180,11,1180,11,0,125,4,0
4,350,21.000000,10000.000000,1,5,174658489,1181,11,1181,11,0,125,4,0
4,350,21.000000,10000.000000,1,5,174658492,1182,11,1182,11,0,125,4,0
4,350,21.000000,10000.000000,1,5,174658494,1183,11,1183,11,0,125,4,0
4,350,21.000000,10000.000000,1,5,174658497,1184,11,1184,11,0,125,4,0
4,350,21.000000,10000.000000,1,5,174658500,1184,11,1184,11,0,125,4,0
4,350,21.000000,10000.000000,1,5,174658503,1184,11,1184,11,0,125,4,0
4,350,21.000000,10000.000000,1,5,174658506,1184,11,1184,11,0,125,4,0
4,350,21.000000,10000.000000,1,5,174658508,1184,11,1184,11,0,125,4,0
4,350,21.000000,10000.000000,1,5,174658512,1184,11,1184,11,0,125,4,0
4,350,21.000000,10000.000000,1,5,174658514,1184,11,1184,11,0,125,4,0
4,350,21.000000,10000.000000,1,5,174658517,1184,11,1184,11,0,125,4,0
4,350,21.000000,10000.000000,1,5,174658520,1184,11,1184,11,0,125,4,0
4,350,21.000000,10000.000000,1,5,174658522,1184,11,1184,11,0,125,4,0
4,350,21.000000,10000.000000,1,5,174658525,1184,11,1184,11,0,125,4,0
4,350,21.000000,10000.000000,1,5,174658528,1184,11,1184,11,0,125,4,0
4,350,21.000000,10000.000000,1,5,174658531,1184,11,1184,11,0,125,4,0
4,350,21.000000,10000.000000,1,5,174658534,1183,10,1183,10,0,125,4,0
4,350,21.000000,10000.000000,1,5,174658536,1183,10,1183,10,0,125,4,0
4,350,21.000000,10000.000000,1,5,174658539,1183,10,1183,10,0,125,4,0
4,350,21.000000,10000.000000,1,5,174658542,1183,10,1183,10,0,125,4,0
4,350,21.000000,10000.000000,1,5,174658545,1183,10,1183,10,0,125,4,0
4,350,21.000000,10000.000000,1,5,174658548,1183,10,1183,10,0,125,4,0
4,350,21.000000,10000.000000,1,5,174658550,1183,10,1183,10,0,125,4,0
4,350,21.000000,10000.000000,1,5,174658553,1183,10,1183,10,0,125,4,0
4,350,21.000000,10000.000000,1,5,174658556,1183,10,1183,10,0,125,4,0
4,350,21.000000,10000.000000,1,5,174658559,1183,10,1183,10,0,125,4,0
4,350,21.000000,10000.000000,1,5,174658562,1183,10,1183,10,0,125,4,0
4,350,21.000000,10000.000000,1,5,174658564,1183,10,1183,10,0,125,4,0
4,350,21.000000,10000.000000,1,5,174658567,1183,10,1183,10,0,125,4,0
4,350,21.000000,10000.000000,1,5,174658570,1183,10,1183,10,0,125,4,0
4,350,21.000000,10000.000000,1,5,174658573,1183,10,1183,10,0,125,4,0
4,350,21.000000,10000.000000,1,5,174658575,1183,10,1183,10,0,125,4,0
4,350,21.000000,10000.000000,1,5,174658578,1183,10,1183,10,0,125,4,0
4,350,21.000000,10000.000000,1,5,174658581,1183,10,1183,10,0,125,4,0
4,350,21.000000,10000.000000,1,5,174658584,1183,10,1183,10,0,125,4,0
4,350,21.000000,10000.000000,1,5,174658587,1183,10,1183,10,0,125,4,0
4,350,21.000000,10000.000000,1,5,174658589,1183,10,1183,10,0,125,4,0
4,350,21.000000,10000.000000,1,5,174658592,1183,10,1183,10,0,125,4,0
4,350,21.000000,10000.000000,1,5,174658595,1183,10,1183,10,0,125,4,0
4,350,21.000000,10000.000000,1,5,174658597,1183,10,1183,10,0,125,4,0
4,350,21.000000,10000.000000,1,5,174658601,1183,10,1183,10,0,125,4,0
4,350,21.000000,10000.000000,1,5,174658603,1183,10,1183,10,0,125,4,0
4,350,21.000000,10000.000000,1,5,174658606,1183,10,1183,10,0,125,4,0
4,350,21.000000,10000.000000,1,5,174658609,1183,10,1183,10,0,125,4,0
4,350,21.000000,10000.000000,1,5,174658611,1183,10,1183,10,0,125,4,0
4,350,21.000000,10000.000000,1,5,174658614,1183,10,1183,10,0,125,4,0
4,350,21.000000,10000.000000,1,5,174658617,1183,10,1183,10,0,125,4,0
4,350,21.000000,10000.000000,1,5,174658620,1183,10,1183,10,0,125,4,0
4,350,21.000000,10000.000000,1,5,174658623,1183,10,1183,10,0,125,4,0
4,350,21.000000,10000.000000,1,5,174658625,1183,10,1183,10,0,125,4,0
4,350,21.000000,10000.000000,1,5,174658628,1183,10,1183,10,0,125,4,0
4,350,21.000000,10000.000000,1,5,174658631,1183,10,1183,10,0,125,4,0
4,350,21.000000,10000.000000,1,5,174658634,1183,10,1183,10,0,125,4,0
4,350,21.000000,10000.000000,1,5,174658637,1183,10,1183,10,0,125,4,0
4,350,21.000000,10000.000000,1,5,174658639,1183,10,1183,10,0,125,4,0
4,350,21.000000,10000.000000,1,5,174658642,1183,10,1183,10,0,125,4,0
4,350,21.000000,10000.000000,1,5,174658645,1183,10,1183,10,0,125,4,0
4,350,21.000000,10000.000000,1,5,174658647,1183,10,1183,10,0,125,4,0
4,350,21.000000,10000.000000,1,5,174658651,1183,10,1183,10,0,125,4,0
4,350,21.000000,10000.000000,1,5,174658654,1183,10,1183,10,0,125,4,0
4,350,21.000000,10000.000000,1,5,174658657,1183,10,1183,10,0,125,4,0
4,350,21.000000,10000.000000,1,5,174658660,1183,10,1183,10,0,125,4,0
4,350,21.000000,10000.000000,1,5,174658662,1182,10,1182,10,0,125,4,0
4,350,21.000000,10000.000000,1,5,174658665,1182,10,1182,10,0,125,4,0
4,350,21.000000,10000.000000,1,5,174658668,1182,10,1182,10,0,125,4,0
4,350,21.000000,10000.000000,1,5,174658671,1182,10,1182,10,0,125,4,0
4,350,21.000000,10000.000000,1,5,174658674,1182,10,1182,10,0,125,4,0
4,350,21.000000,10000.000000,1,5,174658677,1182,10,1182,10,0,125,4,0
4,350,21.000000,10000.000000,1,5,174658680,1182,10,1182,10,0,125,4,0
4,350,21.000000,10000.000000,1,5,174658684,1182,10,1182,10,0,125,4,0
4,350,21.000000,10000.000000,1,5,174658686,1181,10,1181,10,0,125,4,0
4,350,21.000000,10000.000000,1,5,174658689,1180,10,1180,10,0,125,4,0
4,350,21.000000,10000.000000,1,5,174658692,1179,10,1179,10,0,125,4,0
4,350,21.000000,10000.000000,1,5,174658695,1178,10,1178,10,0,125,4,0
4,350,21.000000,10000.000000,1,5,174658698,1177,10,1177,10,0,125,4,0
4,350,21.000000,10000.000000,1,5,174658701,1176,10,1176,10,0,125,4,0
4,350,21.000000,10000.000000,1,5,174658703,1175,10,1175,10,0,125,4,0
4,350,21.000000,10000.000000,1,5,174658706,1174,10,1174,10,0,125,4,0
4,350,21.000000,10000.000000,1,5,174658709,1173,10,1173,10,0,125,4,0
4,350,21.000000,10000.000000,1,5,174658711,1172,10,1172,10,0,125,4,0
4,350,21.000000,10000.000000,1,5,174658714,1171,10,1171,10,0,125,4,0
4,350,21.000000,10000.000000,1,5,174658717,1170,9,1170,9,0,125,4,0
4,350,21.000000,10000.000000,1,5,174658720,1169,8,1169,8,0,125,4,0
4,350,21.000000,10000.000000,1,5,174658723,1168,8,1168,8,0,125,4,0
4,350,21.000000,10000.000000,1,5,174658725,1168,8,1168,8,0,125,4,0
4,350,21.000000,10000.000000,1,5,174658728,1167,8,1167,8,0,125,4,0
4,350,21.000000,10000.000000,1,5,174658731,1166,8,1166,8,0,125,4,0
4,350,21.000000,10000.000000,1,5,174658734,1165,8,1165,8,0,125,4,0
4,350,21.000000,10000.000000,1,5,174658737,1164,8,1164,8,0,125,4,0
4,350,21.000000,10000.000000,1,5,174658739,1163,8,1163,8,0,125,4,0
4,350,21.000000,10000.000000,1,5,174658742,1162,7,1162,7,0,125,4,0
4,350,21.000000,10000.000000,1,5,174658745,1161,6,1161,6,0,125,4,0
4,350,21.000000,10000.000000,1,5,174658748,1160,6,1160,6,0,125,4,0
4,350,21.000000,10000.000000,1,5,174658751,1159,6,1159,6,0,125,4,0
4,350,21.000000,10000.000000,1,5,174658753,1158,6,1158,6,0,125,4,0
4,350,21.000000,10000.000000,1,5,174658756,1157,6,1157,6,0,125,4,0
4,350,21.000000,10000.000000,1,5,174658759,1157,5,1157,5,0,125,4,0
4,350,21.000000,10000.000000,1,5,174658762,1156,4,1156,4,0,125,4,0
4,350,21.000000,10000.000000,1,5,174658764,1156,4,1156,4,0,125,4,0
4,350,21.000000,10000.000000,1,5,174658767,1155,4,1155,4,0,125,4,0
4,350,21.000000,10000.000000,1,5,174658770,1154,4,1154,4,0,125,4,0
4,350,21.000000,10000.000000,1,5,174658773,1153,4,1153,4,0,125,4,0
4,350,21.000000,10000.000000,1,5,174658776,1152,4,1152,4,0,125,4,0
4,350,21.000000,10000.000000,1,5,174658779,1151,4,1151,4,0,125,4,0
4,350,21.000000,10000.000000,1,5,174658781,1150,4,1150,4,0,125,4,0
4,350,21.000000,10000.000000,1,5,174658784,1149,4,1149,4,0,125,4,0
4,350,21.000000,10000.000000,1,5,174658787,1148,4,1148,4,0,125,4,0
4,350,21.000000,10000.000000,1,5,174658789,1147,4,1147,4,0,125,4,0
4,350,21.000000,10000.000000,1,5,174658792,1146,4,1146,4,0,125,4,0
4,350,21.000000,10000.000000,1,5,174658795,1145,4,1145,4,0,125,4,0
4,350,21.000000,10000.000000,1,5,174658798,1144,4,1144,4,0,125,4,0
4,350,21.000000,10000.000000,1,5,174658800,1144,4,1144,4,0,125,4,0
4,350,21.000000,10000.000000,1,5,174658803,1143,4,1143,4,0,125,4,0
4,350,21.000000,10000.000000,1,5,174658806,1142,4,1142,4,0,125,4,0
4,350,21.000000,10000.000000,1,5,174658809,1142,4,1142,4,0,125,4,0
4,350,21.000000,10000.000000,1,5,174658812,1141,4,1141,4,0,125,4,0
4,350,21.000000,10000.000000,1,5,174658815,1140,4,1140,4,0,125,4,0
4,350,21.000000,10000.000000,1,5,174658817,1140,4,1140,4,0,125,4,0
4,350,21.000000,10000.000000,1,5,174658820,1140,4,1140,4,0,125,4,0
4,350,21.000000,10000.000000,1,5,174658823,1139,4,1139,4,0,125,4,0
4,350,21.000000,10000.000000,1,5,174658826,1139,4,1139,4,0,125,4,0
4,350,21.000000,10000.000000,1,5,174658828,1139,4,1139,4,0,125,4,0
4,350,21.000000,10000.000000,1,5,174658831,1139,3,1139,3,0,125,4,0
4,350,21.000000,10000.000000,1,5,174658834,1139,2,1139,2,0,125,4,0
4,350,21.000000,10000.000000,1,5,174658837,1139,2,1139,2,0,125,4,0
4,350,21.000000,10000.000000,1,5,174658839,1138,2,1138,2,0,125,4,0
4,350,21.000000,10000.000000,1,5,174658842,1137,2,1137,2,0,125,4,0
4,350,21.000000,10000.000000,1,5,174658845,1137,2,1137,2,0,125,4,0
4,350,21.000000,10000.000000,1,5,174658848,1137,2,1137,2,0,125,4,0
4,350,21.000000,10000.000000,1,5,174658851,1137,2,1137,2,0,125,4,0
4,350,21.000000,10000.000000,1,5,174658853,1137,2,1137,2,0,125,4,0
4,350,21.000000,10000.000000,1,5,174658856,1137,2,1137,2,0,125,4,0
4,350,21.000000,10000.000000,1,5,174658859,1137,2,1137,2,0,125,4,0
4,350,21.000000,10000.000000,1,5,174658862,1137,2,1137,2,0,125,4,0
4,350,21.000000,10000.000000,1,5,174658865,1137,2,1137,2,0,125,4,0
4,350,21.000000,10000.000000,1,5,174658867,1136,2,1136,2,0,125,4,0
4,350,21.000000,10000.000000,1,5,174658870,1135,2,1135,2,0,125,4,0
4,350,21.000000,10000.000000,1,5,174658872,1135,2,1135,2,0,125,4,0
4,350,21.000000,10000.000000,1,5,174658876,1135,2,1135,2,0,125,4,0
4,350,21.000000,10000.000000,1,5,174658878,1135,2,1135,2,0,125,4,0
4,350,21.000000,10000.000000,1,5,174658881,1135,2,1135,2,0,125,4,0
4,350,21.000000,10000.000000,1,5,174658884,1135,2,1135,2,0,125,4,0
4,350,21.000000,10000.000000,1,5,174658887,1135,2,1135,2,0,125,4,0
4,350,21.000000,10000.000000,1,5,174658890,1135,2,1135,2,0,125,4,0
4,350,21.000000,10000.000000,1,5,174658892,1135,2,1135,2,0,125,4,0
4,350,21.000000,10000.000000,1,5,174658895,1135,2,1135,2,0,125,4,0
4,350,21.000000,10000.000000,1,5,174658898,1135,2,1135,2,0,125,4,0
4,350,21.000000,10000.000000,1,5,174658900,1135,2,1135,2,0,125,4,0
4,350,21.000000,10000.000000,1,5,174658903,1135,2,1135,2,0,125,4,0
4,350,21.000000,10000.000000,1,5,174658906,1135,2,1135,2,0,125,4,0
4,350,21.000000,10000.000000,1,5,174658909,1135,2,1135,2,0,125,4,0
4,350,21.000000,10000.000000,1,5,174658912,1135,2,1135,2,0,125,4,0
4,350,21.000000,10000.000000,1,5,174658915,1135,2,1135,2,0,125,4,0
4,350,21.000000,10000.000000,1,5,174658917,1135,2,1135,2,0,125,4,0
4,350,21.000000,10000.000000,1,5,174658920,1135,2,1135,2,0,125,4,0
4,350,21.000000,10000.000000,1,5,174658922,1135,2,1135,2,0,125,4,0
4,350,21.000000,10000.000000,1,5,174658925,1135,2,1135,2,0,125,4,0
4,350,21.000000,10000.000000,1,5,174658928,1135,2,1135,2,0,125,4,0
4,350,21.000000,10000.000000,1,5,174658931,1135,2,1135,2,0,125,4,0
4,350,21.000000,10000.000000,1,5,174658934,1135,2,1135,2,0,125,4,0
4,350,21.000000,10000.000000,1,5,174658936,1135,2,1135,2,0,125,4,0
4,350,21.000000,10000.000000,1,5,174658939,1135,2,1135,2,0,125,4,0
4,350,21.000000,10000.000000,1,5,174658942,1135,2,1135,2,0,125,4,0
4,350,21.000000,10000.000000,1,5,174658945,1135,2,1135,2,0,125,4,0
4,350,21.000000,10000.000000,1,5,174658959,1135,2,1135,2,0,125,4,0
