4,700,21.000000,0.000000,1,5,174784507,616,12,616,12,0,136,1,0
4,700,21.000000,0.000000,1,5,174784508,616,12,616,12,0,136,1,0
4,700,21.000000,0.000000,1,5,174784510,616,12,616,12,0,136,1,0
4,700,21.000000,0.000000,1,5,174784513,616,12,616,12,0,136,1,0
4,700,21.000000,0.000000,1,5,174784516,616,12,616,12,0,136,1,0
4,700,21.000000,0.000000,1,5,174784519,616,12,616,12,0,136,1,0
4,700,21.000000,0.000000,1,5,174784522,616,12,616,12,0,136,1,0
4,700,21.000000,0.000000,1,5,174784524,616,12,616,12,0,136,1,0
4,700,21.000000,0.000000,1,5,174784527,616,12,616,12,0,136,1,0
4,700,21.000000,0.000000,1,5,174784530,616,12,616,12,0,136,1,0
4,700,21.000000,0.000000,1,5,174784533,616,12,616,12,0,136,1,0
4,700,21.000000,0.000000,1,5,174784536,616,12,616,12,0,136,1,0
4,700,21.000000,0.000000,1,5,174784538,616,12,616,12,0,136,1,0
4,700,21.000000,0.000000,1,5,174784541,616,12,616,12,0,136,1,0
4,700,21.000000,0.000000,1,5,174784544,616,12,616,12,0,136,1,0
4,700,21.000000,0.000000,1,5,174784547,616,12,616,12,0,136,1,0
4,700,21.000000,0.000000,1,5,174784550,617,12,617,12,0,136,1,0
4,700,21.000000,0.000000,1,5,174784552,618,12,618,12,0,136,1,0
4,700,21.000000,0.000000,1,5,174784555,620,12,620,12,0,136,1,0
4,700,21.000000,0.000000,1,5,174784558,622,12,622,12,0,136,1,0
4,700,21.000000,0.000000,1,5,174784561,624,12,624,12,0,136,1,0
4,700,21.000000,0.000000,1,5,174784563,628,12,628,12,0,136,1,0
4,700,21.000000,0.000000,1,5,174784566,635,12,635,12,0,136,1,0
4,700,21.000000,0.000000,1,5,174784569,641,13,641,13,0,136,1,0
4,700,21.000000,0.000000,1,5,174784572,648,15,648,15,0,136,1,0
4,700,21.000000,0.000000,1,5,174784575,655,16,655,16,0,136,1,0
4,700,21.000000,0.000000,1,5,174784578,660,17,660,17,0,136,1,0
4,700,21.000000,0.000000,1,5,174784580,672,19,672,19,0,136,1,0
4,700,21.000000,0.000000,1,5,174784583,683,20,683,20,0,136,1,0
4,700,21.000000,0.000000,1,5,174784585,695,22,695,22,0,136,1,0
4,700,21.000000,0.000000,1,5,174784588,701,22,701,22,0,136,1,0
4,700,21.000000,0.000000,1,5,174784591,723,25,723,25,0,136,1,0
4,700,21.000000,0.000000,1,5,174784594,736,26,736,26,0,136,1,0
4,700,21.000000,0.000000,1,5,174784597,747,28,747,28,0,136,1,0
4,700,21.000000,0.000000,1,5,174784599,769,31,769,31,0,136,1,0
4,700,21.000000,0.000000,1,5,174784602,786,33,786,33,0,136,1,0
4,700,21.000000,0.000000,1,5,174784605,808,35,808,35,0,136,1,0
4,700,21.000000,0.000000,1,5,174784608,823,36,823,36,0,136,1,0
4,700,21.000000,0.000000,1,5,174784611,845,38,845,38,0,136,1,0
4,700,21.000000,0.000000,1,5,174784613,863,39,863,39,0,136,1,0
4,700,21.000000,0.000000,1,5,174784616,891,43,891,43,0,136,1,0
4,700,21.000000,0.000000,1,5,174784619,912,44,912,44,0,136,1,0
4,700,21.000000,0.000000,1,5,174784622,940,46,940,46,0,136,1,0
4,700,21.000000,0.000000,1,5,174784624,963,47,963,47,0,136,1,0
4,700,21.000000,0.000000,1,5,174784627,979,49,979,49,0,136,1,0
4,700,21.000000,0.000000,1,5,174784630,1000,50,1000,50,0,136,1,0
4,700,21.000000,0.000000,1,5,174784633,1028,51,1028,51,0,136,1,0
4,700,21.000000,0.000000,1,5,174784636,1046,52,1046,52,0,136,1,0
4,700,21.000000,0.000000,1,5,174784639,1072,54,1072,54,0,136,1,0
4,700,21.000000,0.000000,1,5,174784641,1090,56,1090,56,0,136,1,0
4,700,21.000000,0.000000,1,5,174784644,1107,57,1107,57,0,136,1,0
4,700,21.000000,0.000000,1,5,174784647,1119,58,1119,58,0,136,1,0
4,700,21.000000,0.000000,1,5,174784650,1135,60,1135,60,0,136,1,0
4,700,21.000000,0.000000,1,5,174784653,1148,60,1148,60,0,136,1,0
4,700,21.000000,0.000000,1,5,174784655,1159,61,1159,61,0,136,1,0
4,700,21.000000,0.000000,1,5,174784658,1169,61,1169,61,0,136,1,0
4,700,21.000000,0.000000,1,5,174784660,1181,61,1181,61,0,136,1,0
4,700,21.000000,0.000000,1,5,174784663,1192,61,1192,61,0,136,1,0
4,700,21.000000,0.000000,1,5,174784666,1207,61,1207,61,0,136,1,0
4,700,21.000000,0.000000,1,5,174784669,1214,61,1214,61,0,136,1,0
4,700,21.000000,0.000000,1,5,174784672,1220,61,1220,61,0,136,1,0
4,700,21.000000,0.000000,1,5,174784674,1225,61,1225,61,0,136,1,0
4,700,21.000000,0.000000,1,5,174784677,1230,61,1230,61,0,136,1,0
4,700,21.000000,0.000000,1,5,174784680,1232,61,1232,61,0,136,1,0
4,700,21.000000,0.000000,1,5,174784683,1235,61,1235,61,0,136,1,0
4,700,21.000000,0.000000,1,5,174784686,1238,61,1238,61,0,136,1,0
4,700,21.000000,0.000000,1,5,174784688,1240,61,1240,61,0,136,1,0
4,700,21.000000,0.000000,1,5,174784691,1241,61,1241,61,0,136,1,0
4,700,21.000000,0.000000,1,5,174784694,1242,61,1242,61,0,136,1,0
4,700,21.000000,0.000000,1,5,174784697,1243,61,1243,61,0,136,1,0
4,700,21.000000,0.000000,1,5,174784700,1243,61,1243,61,0,136,1,0
4,700,21.000000,0.000000,1,5,174784702,1243,61,1243,61,0,136,1,0
4,700,21.000000,0.000000,1,5,174784705,1243,61,1243,61,0,136,1,0
4,700,21.000000,0.000000,1,5,174784708,1243,61,1243,61,0,136,1,0
4,700,21.000000,0.000000,1,5,174784711,1243,61,1243,61,0,136,1,0
4,700,21.000000,0.000000,1,5,174784714,1243,61,1243,61,0,136,1,0
4,700,21.000000,0.000000,1,5,174784716,1243,61,1243,61,0,136,1,0
4,700,21.000000,0.000000,1,5,174784719,1243,61,1243,61,0,136,1,0
4,700,21.000000,0.000000,1,5,174784722,1243,61,1243,61,0,136,1,0
4,700,21.000000,0.000000,1,5,174784725,1243,61,1243,61,0,136,1,0
4,700,21.000000,0.000000,1,5,174784728,1243,60,1243,60,0,136,1,0
4,700,21.000000,0.000000,1,5,174784730,1242,60,1242,60,0,136,1,0
4,700,21.000000,0.000000,1,5,174784733,1241,60,1241,60,0,136,1,0
4,700,21.000000,0.000000,1,5,174784735,1240,60,1240,60,0,136,1,0
4,700,21.000000,0.000000,1,5,174784738,1239,60,1239,60,0,136,1,0
4,700,21.000000,0.000000,1,5,174784741,1239,59,1239,59,0,136,1,0
4,700,21.000000,0.000000,1,5,174784744,1239,59,1239,59,0,136,1,0
4,700,21.000000,0.000000,1,5,174784747,1239,59,1239,59,0,136,1,0
4,700,21.000000,0.000000,1,5,174784750,1239,59,1239,59,0,136,1,0
4,700,21.000000,0.000000,1,5,174784752,1239,59,1239,59,0,136,1,0
4,700,21.000000,0.000000,1,5,174784755,1239,59,1239,59,0,136,1,0
4,700,21.000000,0.000000,1,5,174784758,1239,59,1239,59,0,136,1,0
4,700,21.000000,0.000000,1,5,174784761,1239,59,1239,59,0,136,1,0
4,700,21.000000,0.000000,1,5,174784764,1239,59,1239,59,0,136,1,0
4,700,21.000000,0.000000,1,5,174784766,1239,59,1239,59,0,136,1,0
4,700,21.000000,0.000000,1,5,174784769,1239,59,1239,59,0,136,1,0
4,700,21.000000,0.000000,1,5,174784772,1239,59,1239,59,0,136,1,0
4,700,21.000000,0.000000,1,5,174784775,1239,59,1239,59,0,136,1,0
4,700,21.000000,0.000000,1,5,174784777,1239,59,1239,59,0,136,1,0
4,700,21.000000,0.000000,1,5,174784780,1239,59,1239,59,0,136,1,0
4,700,21.000000,0.000000,1,5,174784783,1239,59,1239,59,0,136,1,0
4,700,21.000000,0.000000,1,5,174784786,1239,59,1239,59,0,136,1,0
4,700,21.000000,0.000000,1,5,174784789,1239,58,1239,58,0,136,1,0
4,700,21.000000,0.000000,1,5,174784791,1238,57,1238,57,0,136,1,0
4,700,21.000000,0.000000,1,5,174784794,1237,56,1237,56,0,136,1,0
4,700,21.000000,0.000000,1,5,174784797,1237,56,1237,56,0,136,1,0
4,700,21.000000,0.000000,1,5,174784800,1237,55,1237,55,0,136,1,0
4,700,21.000000,0.000000,1,5,174784803,1237,54,1237,54,0,136,1,0
4,700,21.000000,0.000000,1,5,174784805,1237,54,1237,54,0,136,1,0
4,700,21.000000,0.000000,1,5,174784808,1237,53,1237,53,0,136,1,0
4,700,21.000000,0.000000,1,5,174784811,1237,52,1237,52,0,136,1,0
4,700,21.000000,0.000000,1,5,174784814,1237,51,1237,51,0,136,1,0
4,700,21.000000,0.000000,1,5,174784816,1237,50,1237,50,0,136,1,0
4,700,21.000000,0.000000,1,5,174784819,1236,50,1236,50,0,136,1,0
4,700,21.000000,0.000000,1,5,174784822,1236,49,1236,49,0,136,1,0
4,700,21.000000,0.000000,1,5,174784824,1236,48,1236,48,0,136,1,0
4,700,21.000000,0.000000,1,5,174784827,1236,48,1236,48,0,136,1,0
4,700,21.000000,0.000000,1,5,174784830,1236,47,1236,47,0,136,1,0
4,700,21.000000,0.000000,1,5,174784833,1236,46,1236,46,0,136,1,0
4,700,21.000000,0.000000,1,5,174784836,1236,45,1236,45,0,136,1,0
4,700,21.000000,0.000000,1,5,174784839,1236,44,1236,44,0,136,1,0
4,700,21.000000,0.000000,1,5,174784841,1236,43,1236,43,0,136,1,0
4,700,21.000000,0.000000,1,5,174784844,1236,42,1236,42,0,136,1,0
4,700,21.000000,0.000000,1,5,174784847,1236,41,1236,41,0,136,1,0
4,700,21.000000,0.000000,1,5,174784850,1236,40,1236,40,0,136,1,0
4,700,21.000000,0.000000,1,5,174784852,1236,39,1236,39,0,136,1,0
4,700,21.000000,0.000000,1,5,174784855,1237,38,1237,38,0,136,1,0
4,700,21.000000,0.000000,1,5,174784858,1238,37,1238,37,0,136,1,0
4,700,21.000000,0.000000,1,5,174784861,1239,36,1239,36,0,136,1,0
4,700,21.000000,0.000000,1,5,174784864,1240,36,1240,36,0,136,1,0
4,700,21.000000,0.000000,1,5,174784867,1240,35,1240,35,0,136,1,0
4,700,21.000000,0.000000,1,5,174784869,1241,35,1241,35,0,136,1,0
4,700,21.000000,0.000000,1,5,174784872,1242,34,1242,34,0,136,1,0
4,700,21.000000,0.000000,1,5,174784875,1243,33,1243,33,0,136,1,0
4,700,21.000000,0.000000,1,5,174784878,1244,32,1244,32,0,136,1,0
4,700,21.000000,0.000000,1,5,174784880,1245,32,1245,32,0,136,1,0
4,700,21.000000,0.000000,1,5,174784883,1246,31,1246,31,0,136,1,0
4,700,21.000000,0.000000,1,5,174784886,1247,31,1247,31,0,136,1,0
4,700,21.000000,0.000000,1,5,174784888,1247,30,1247,30,0,136,1,0
4,700,21.000000,0.000000,1,5,174784891,1248,30,1248,30,0,136,1,0
4,700,21.000000,0.000000,1,5,174784894,1249,29,1249,29,0,136,1,0
4,700,21.000000,0.000000,1,5,174784897,1251,28,1251,28,0,136,1,0
4,700,21.000000,0.000000,1,5,174784900,1253,27,1253,27,0,136,1,0
4,700,21.000000,0.000000,1,5,174784903,1254,27,1254,27,0,136,1,0
4,700,21.000000,0.000000,1,5,174784905,1255,26,1255,26,0,136,1,0
4,700,21.000000,0.000000,1,5,174784908,1256,25,1256,25,0,136,1,0
4,700,21.000000,0.000000,1,5,174784911,1257,25,1257,25,0,136,1,0
4,700,21.000000,0.000000,1,5,174784914,1258,25,1258,25,0,136,1,0
4,700,21.000000,0.000000,1,5,174784916,1259,25,1259,25,0,136,1,0
4,700,21.000000,0.000000,1,5,174784919,1260,24,1260,24,0,136,1,0
4,700,21.000000,0.000000,1,5,174784922,1261,24,1261,24,0,136,1,0
4,700,21.000000,0.000000,1,5,174784925,1262,24,1262,24,0,136,1,0
4,700,21.000000,0.000000,1,5,174784928,1263,24,1263,24,0,136,1,0
4,700,21.000000,0.000000,1,5,174784930,1264,24,1264,24,0,136,1,0
4,700,21.000000,0.000000,1,5,174784933,1265,24,1265,24,0,136,1,0
4,700,21.000000,0.000000,1,5,174784936,1267,24,1267,24,0,136,1,0
4,700,21.000000,0.000000,1,5,174784939,1268,24,1268,24,0,136,1,0
4,700,21.000000,0.000000,1,5,174784941,1269,24,1269,24,0,136,1,0
4,700,21.000000,0.000000,1,5,174784944,1270,24,1270,24,0,136,1,0
4,700,21.000000,0.000000,1,5,174784947,1270,23,1270,23,0,136,1,0
4,700,21.000000,0.000000,1,5,174784950,1271,22,1271,22,0,136,1,0
4,700,21.000000,0.000000,1,5,174784952,1272,22,1272,22,0,136,1,0
4,700,21.000000,0.000000,1,5,174784955,1274,22,1274,22,0,136,1,0
4,700,21.000000,0.000000,1,5,174784958,1275,22,1275,22,0,136,1,0
4,700,21.000000,0.000000,1,5,174784961,1276,22,1276,22,0,136,1,0
4,700,21.000000,0.000000,1,5,174784964,1277,22,1277,22,0,136,1,0
4,700,21.000000,0.000000,1,5,174784966,1278,22,1278,22,0,136,1,0
4,700,21.000000,0.000000,1,5,174784969,1279,22,1279,22,0,136,1,0
4,700,21.000000,0.000000,1,5,174784972,1281,22,1281,22,0,136,1,0
4,700,21.000000,0.000000,1,5,174784975,1282,22,1282,22,0,136,1,0
4,700,21.000000,0.000000,1,5,174784978,1283,22,1283,22,0,136,1,0
4,700,21.000000,0.000000,1,5,174784980,1284,22,1284,22,0,136,1,0
4,700,21.000000,0.000000,1,5,174784983,1285,22,1285,22,0,136,1,0
4,700,21.000000,0.000000,1,5,174784986,1286,22,1286,22,0,136,1,0
4,700,21.000000,0.000000,1,5,174784989,1287,22,1287,22,0,136,1,0
4,700,21.000000,0.000000,1,5,174784991,1288,22,1288,22,0,136,1,0
4,700,21.000000,0.000000,1,5,174784994,1289,22,1289,22,0,136,1,0
4,700,21.000000,0.000000,1,5,174784997,1290,22,1290,22,0,136,1,0
4,700,21.000000,0.000000,1,5,174785000,1291,22,1291,22,0,136,1,0
4,700,21.000000,0.000000,1,5,174785003,1293,22,1293,22,0,136,1,0
4,700,21.000000,0.000000,1,5,174785005,1293,22,1293,22,0,136,1,0
4,700,21.000000,0.000000,1,5,174785008,1294,22,1294,22,0,136,1,0
4,700,21.000000,0.000000,1,5,174785011,1294,22,1294,22,0,136,1,0
4,700,21.000000,0.000000,1,5,174785014,1294,22,1294,22,0,136,1,0
4,700,21.000000,0.000000,1,5,174785017,1295,22,1295,22,0,136,1,0
4,700,21.000000,0.000000,1,5,174785019,1296,22,1296,22,0,136,1,0
4,700,21.000000,0.000000,1,5,174785022,1296,22,1296,22,0,136,1,0
4,700,21.000000,0.000000,1,5,174785025,1296,22,1296,22,0,136,1,0
4,700,21.000000,0.000000,1,5,174785028,1296,22,1296,22,0,136,1,0
4,700,21.000000,0.000000,1,5,174785031,1296,22,1296,22,0,136,1,0
4,700,21.000000,0.000000,1,5,174785033,1296,22,1296,22,0,136,1,0
4,700,21.000000,0.000000,1,5,174785036,1296,22,1296,22,0,136,1,0
4,700,21.000000,0.000000,1,5,174785038,1296,22,1296,22,0,136,1,0
4,700,21.000000,0.000000,1,5,174785041,1296,22,1296,22,0,136,1,0
4,700,21.000000,0.000000,1,5,174785044,1296,22,1296,22,0,136,1,0
4,700,21.000000,0.000000,1,5,174785047,1296,22,1296,22,0,136,1,0
4,700,21.000000,0.000000,1,5,174785050,1296,22,1296,22,0,136,1,0
4,700,21.000000,0.000000,1,5,174785052,1296,22,1296,22,0,136,1,0
4,700,21.000000,0.000000,1,5,174785055,1296,22,1296,22,0,136,1,0
4,700,21.000000,0.000000,1,5,174785058,1296,22,1296,22,0,136,1,0
4,700,21.000000,0.000000,1,5,174785061,1296,22,1296,22,0,136,1,0
4,700,21.000000,0.000000,1,5,174785064,1297,22,1297,22,0,136,1,0
4,700,21.000000,0.000000,1,5,174785066,1298,22,1298,22,0,136,1,0
4,700,21.000000,0.000000,1,5,174785069,1298,22.600000,1298,21,0,136,1,0
4,700,21.000000,0.000000,1,5,174785072,1299,22.600000,1299,21,0,136,1,0
4,700,21.000000,0.000000,1,5,174785075,1300,22.600000,1300,21,0,136,1,0
4,700,21.000000,0.000000,1,5,174785078,1301,22.600000,1301,21,0,136,1,0
4,700,21.000000,0.000000,1,5,174785081,1302,22.600000,1302,21,0,136,1,0
4,700,21.000000,0.000000,1,5,174785084,1303,22.600000,1303,21,0,136,1,0
4,700,21.000000,0.000000,1,5,174785087,1303,22.600000,1303,21,0,136,1,0
4,700,21.000000,0.000000,1,5,174785089,1304,22.600000,1304,21,0,136,1,0
4,700,21.000000,0.000000,1,5,174785092,1304,22.600000,1304,21,0,136,1,0
4,700,21.000000,0.000000,1,5,174785095,1305,22.600000,1305,21,0,136,1,0
4,700,21.000000,0.000000,1,5,174785097,1305,21.600000,1305,20,0,136,1,0
4,700,21.000000,0.000000,1,5,174785100,1306,20.600000,1306,19,0,136,1,0
4,700,21.000000,0.000000,1,5,174785103,1307,20.600000,1307,19,0,136,1,0
4,700,21.000000,0.000000,1,5,174785106,1308,20.600000,1308,19,0,136,1,0
4,700,21.000000,0.000000,1,5,174785108,1309,20.600000,1309,19,0,136,1,0
4,700,21.000000,0.000000,1,5,174785111,1310,20.600000,1310,19,0,136,1,0
4,700,21.000000,0.000000,1,5,174785113,1310,19.600000,1310,18,0,136,1,0
4,700,21.000000,0.000000,1,5,174785116,1311,19.600000,1311,18,0,136,1,0
4,700,21.000000,0.000000,1,5,174785119,1312,19.600000,1312,18,0,136,1,0
4,700,21.000000,0.000000,1,5,174785122,1313,19.600000,1313,18,0,136,1,0
4,700,21.000000,0.000000,1,5,174785125,1313,19.600000,1313,18,0,136,1,0
4,700,21.000000,0.000000,1,5,174785127,1314,19.600000,1314,18,0,136,1,0
4,700,21.000000,0.000000,1,5,174785131,1315,19.600000,1315,18,0,136,1,0
4,700,21.000000,0.000000,1,5,174785133,1315,19.600000,1315,18,0,136,1,0
4,700,21.000000,0.000000,1,5,174785136,1315,19.600000,1315,18,0,136,1,0
4,700,21.000000,0.000000,1,5,174785139,1315,19.600000,1315,18,0,136,1,0
4,700,21.000000,0.000000,1,5,174785141,1315,19.600000,1315,18,0,136,1,0
4,700,21.000000,0.000000,1,5,174785144,1315,19.600000,1315,18,0,136,1,0
4,700,21.000000,0.000000,1,5,174785147,1315,19.600000,1315,18,0,136,1,0
4,700,21.000000,0.000000,1,5,174785150,1315,19.600000,1315,18,0,136,1,0
4,700,21.000000,0.000000,1,5,174785153,1315,19.600000,1315,18,0,136,1,0
4,700,21.000000,0.000000,1,5,174785155,1315,19.600000,1315,18,0,136,1,0
4,700,21.000000,0.000000,1,5,174785158,1315,19.600000,1315,18,0,136,1,0
4,700,21.000000,0.000000,1,5,174785161,1315,19.600000,1315,18,0,136,1,0
4,700,21.000000,0.000000,1,5,174785164,1315,19.600000,1315,18,0,136,1,0
4,700,21.000000,0.000000,1,5,174785167,1315,19.600000,1315,18,0,136,1,0
4,700,21.000000,0.000000,1,5,174785169,1315,19.600000,1315,18,0,136,1,0
4,700,21.000000,0.000000,1,5,174785172,1315,19.600000,1315,18,0,136,1,0
4,700,21.000000,0.000000,1,5,174785175,1315,19.600000,1315,18,0,136,1,0
4,700,21.000000,0.000000,1,5,174785178,1315,19.600000,1315,18,0,136,1,0
4,700,21.000000,0.000000,1,5,174785181,1315,19.600000,1315,18,0,136,1,0
4,700,21.000000,0.000000,1,5,174785183,1315,19.600000,1315,18,0,136,1,0
4,700,21.000000,0.000000,1,5,174785186,1315,19.600000,1315,18,0,136,1,0
4,700,21.000000,0.000000,1,5,174785188,1315,19.600000,1315,18,0,136,1,0
4,700,21.000000,0.000000,1,5,174785192,1315,19.600000,1315,18,0,136,1,0
4,700,21.000000,0.000000,1,5,174785194,1315,19.600000,1315,18,0,136,1,0
4,700,21.000000,0.000000,1,5,174785197,1315,19.600000,1315,18,0,136,1,0
4,700,21.000000,0.000000,1,5,174785200,1315,18.600000,1315,17,0,136,1,0
4,700,21.000000,0.000000,1,5,174785203,1315,18.600000,1315,17,0,136,1,0
4,700,21.000000,0.000000,1,5,174785206,1315,18.600000,1315,17,0,136,1,0
4,700,21.000000,0.000000,1,5,174785208,1316,18.600000,1316,17,0,136,1,0
4,700,21.000000,0.000000,1,5,174785211,1317,18.600000,1317,17,0,136,1,0
4,700,21.000000,0.000000,1,5,174785214,1317,17.600000,1317,16,0,136,1,0
4,700,21.000000,0.000000,1,5,174785217,1317,16.600000,1317,15,0,136,1,0
4,700,21.000000,0.000000,1,5,174785220,1317,16.600000,1317,15,0,136,1,0
4,700,21.000000,0.000000,1,5,174785222,1317,16.600000,1317,15,0,136,1,0
4,700,21.000000,0.000000,1,5,174785225,1317,15.600000,1317,14,0,136,1,0
4,700,21.000000,0.000000,1,5,174785228,1317,14.600000,1317,13,0,136,1,0
4,700,21.000000,0.000000,1,5,174785230,1317,14.600000,1317,13,0,136,1,0
4,700,21.000000,0.000000,1,5,174785233,1317,14.600000,1317,13,0,136,1,0
4,700,21.000000,0.000000,1,5,174785236,1318,14.600000,1318,13,0,136,1,0
4,700,21.000000,0.000000,1,5,174785239,1318,13.600000,1318,12,0,136,1,0
4,700,21.000000,0.000000,1,5,174785241,1318,12.600000,1318,11,0,136,1,0
4,700,21.000000,0.000000,1,5,174785244,1318,12.600000,1318,11,0,136,1,0
4,700,21.000000,0.000000,1,5,174785247,1318,12.600000,1318,11,0,136,1,0
4,700,21.000000,0.000000,1,5,174785250,1318,12.600000,1318,11,0,136,1,0
4,700,21.000000,0.000000,1,5,174785253,1318,11.600000,1318,10,0,136,1,0
4,700,21.000000,0.000000,1,5,174785255,1318,10.600000,1318,9,0,136,1,0
4,700,21.000000,0.000000,1,5,174785258,1318,10.600000,1318,9,0,136,1,0
4,700,21.000000,0.000000,1,5,174785261,1318,10.600000,1318,9,0,136,1,0
4,700,21.000000,0.000000,1,5,174785264,1318,10.600000,1318,9,0,136,1,0
4,700,21.000000,0.000000,1,5,174785267,1318,10.600000,1318,9,0,136,1,0
4,700,21.000000,0.000000,1,5,174785269,1318,10.600000,1318,9,0,136,1,0
4,700,21.000000,0.000000,1,5,174785272,1318,10.600000,1318,9,0,136,1,0
4,700,21.000000,0.000000,1,5,174785275,1318,10.600000,1318,9,0,136,1,0
4,700,21.000000,0.000000,1,5,174785278,1318,10.600000,1318,9,0,136,1,0
4,700,21.000000,0.000000,1,5,174785281,1318,10.600000,1318,9,0,136,1,0
4,700,21.000000,0.000000,1,5,174785283,1318,10.600000,1318,9,0,136,1,0
4,700,21.000000,0.000000,1,5,174785286,1318,10.600000,1318,9,0,136,1,0
4,700,21.000000,0.000000,1,5,174785289,1318,10.600000,1318,9,0,136,1,0
4,700,21.000000,0.000000,1,5,174785292,1318,10.600000,1318,9,0,136,1,0
4,700,21.000000,0.000000,1,5,174785295,1318,10.600000,1318,9,0,136,1,0
4,700,21.000000,0.000000,1,5,174785297,1318,10.600000,1318,9,0,136,1,0
4,700,21.000000,0.000000,1,5,174785300,1318,10.600000,1318,9,0,136,1,0
4,700,21.000000,0.000000,1,5,174785303,1318,10.600000,1318,9,0,136,1,0
4,700,21.000000,0.000000,1,5,174785306,1318,10.600000,1318,9,0,136,1,0
4,700,21.000000,0.000000,1,5,174785308,1318,10.600000,1318,9,0,136,1,0
4,700,21.000000,0.000000,1,5,174785311,1318,10.600000,1318,9,0,136,1,0
4,700,21.000000,0.000000,1,5,174785314,1318,10.600000,1318,9,0,136,1,0
4,700,21.000000,0.000000,1,5,174785317,1318,10.600000,1318,9,0,136,1,0
4,700,21.000000,0.000000,1,5,174785320,1318,10.600000,1318,9,0,136,1,0
4,700,21.000000,0.000000,1,5,174785322,1318,10.600000,1318,9,0,136,1,0
4,700,21.000000,0.000000,1,5,174785325,1318,10.600000,1318,9,0,136,1,0
4,700,21.000000,0.000000,1,5,174785339,1318,10.600000,1318,9,0,136,1,0
