4,700,21.000000,0.000000,0,5,174935448,613,12,613,12,0,141,3,1
4,700,21.000000,0.000000,0,5,174935449,613,12,613,12,0,141,3,1
4,700,21.000000,0.000000,0,5,174935451,613,12,613,12,0,141,3,1
4,700,21.000000,0.000000,0,5,174935454,613,12,613,12,0,141,3,1
4,700,21.000000,0.000000,0,5,174935457,613,12,613,12,0,141,3,1
4,700,21.000000,0.000000,0,5,174935460,613,12,613,12,0,141,3,1
4,700,21.000000,0.000000,0,5,174935463,613,12,613,12,0,141,3,1
4,700,21.000000,0.000000,0,5,174935465,613,12,613,12,0,141,3,1
4,700,21.000000,0.000000,0,5,174935468,613,12,613,12,0,141,3,1
4,700,21.000000,0.000000,0,5,174935471,613,12,613,12,0,141,3,1
4,700,21.000000,0.000000,0,5,174935474,613,12,613,12,0,141,3,1
4,700,21.000000,0.000000,0,5,174935477,613,12,613,12,0,141,3,1
4,700,21.000000,0.000000,0,5,174935479,613,12,613,12,0,141,3,1
4,700,21.000000,0.000000,0,5,174935482,613,12,613,12,0,141,3,1
4,700,21.000000,0.000000,0,5,174935485,613,12,613,12,0,141,3,1
4,700,21.000000,0.000000,0,5,174935488,613,12,613,12,0,141,3,1
4,700,21.000000,0.000000,0,5,174935491,613,12,613,12,0,141,3,1
4,700,21.000000,0.000000,0,5,174935494,613,12,613,12,0,141,3,1
4,700,21.000000,0.000000,0,5,174935496,613,12,613,12,0,141,3,1
4,700,21.000000,0.000000,0,5,174935499,613,12,613,12,0,141,3,1
4,700,21.000000,0.000000,0,5,174935501,613,12,613,12,0,141,3,1
4,700,21.000000,0.000000,0,5,174935504,613,12,613,12,0,141,3,1
4,700,21.000000,0.000000,0,5,174935507,614,12,614,12,0,141,3,1
4,700,21.000000,0.000000,0,5,174935510,615,12,615,12,0,141,3,1
4,700,21.000000,0.000000,0,5,174935513,616,12,616,12,0,141,3,1
4,700,21.000000,0.000000,0,5,174935515,617,12,617,12,0,141,3,1
4,700,21.000000,0.000000,0,5,174935518,620,12,620,12,0,141,3,1
4,700,21.000000,0.000000,0,5,174935521,621,12,621,12,0,141,3,1
4,700,21.000000,0.000000,0,5,174935524,629,12,629,12,0,141,3,1
4,700,21.000000,0.000000,0,5,174935526,635,12,635,12,0,141,3,1
4,700,21.000000,0.000000,0,5,174935529,641,12,641,12,0,141,3,1
4,700,21.000000,0.000000,0,5,174935532,650,12,650,12,0,141,3,1
4,700,21.000000,0.000000,0,5,174935535,655,12,655,12,0,141,3,1
4,700,21.000000,0.000000,0,5,174935538,668,12,668,12,0,141,3,1
4,700,21.000000,0.000000,0,5,174935541,677,12,677,12,0,141,3,1
4,700,21.000000,0.000000,0,5,174935543,691,11,691,11,0,141,3,1
4,700,21.000000,0.000000,0,5,174935546,701,10,701,10,0,141,3,1
4,700,21.000000,0.000000,0,5,174935549,723,8,723,8,0,141,3,1
4,700,21.000000,0.000000,0,5,174935552,736,7,736,7,0,141,3,1
4,700,21.000000,0.000000,0,5,174935554,746,7,746,7,0,141,3,1
4,700,21.000000,0.000000,0,5,174935557,762,5,762,5,0,141,3,1
4,700,21.000000,0.000000,0,5,174935560,784,3,784,3,0,141,3,1
4,700,21.000000,0.000000,0,5,174935563,802,1,802,1,0,141,3,1
4,700,21.000000,0.000000,0,5,174935566,818,0,818,0,0,141,3,1
4,700,21.000000,0.000000,0,5,174935568,831,0,831,-2,0,141,3,1
4,700,21.000000,0.000000,0,5,174935571,847,0,847,-4,0,141,3,1
4,700,21.000000,0.000000,0,5,174935574,858,0,858,-5,0,141,3,1
4,700,21.000000,0.000000,0,5,174935577,860,0,860,-5,0,141,3,1
4,700,21.000000,0.000000,0,5,174935580,890,0,890,-8,0,141,3,1
4,700,21.000000,0.000000,0,5,174935582,909,0,909,-10,0,141,3,1
4,700,21.000000,0.000000,0,5,174935585,923,0,923,-12,0,141,3,1
4,700,21.000000,0.000000,0,5,174935588,932,0,932,-13,0,141,3,1
4,700,21.000000,0.000000,0,5,174935591,950,0,950,-15,0,141,3,1
4,700,21.000000,0.000000,0,5,174935593,963,0,963,-15,0,141,3,1
4,700,21.000000,0.000000,0,5,174935596,976,0,976,-16,0,141,3,1
4,700,21.000000,0.000000,0,5,174935599,985,0,985,-17,0,141,3,1
4,700,21.000000,0.000000,0,5,174935602,998,0,998,-17,0,141,3,1
4,700,21.000000,0.000000,0,5,174935604,1012,0,1012,-17,0,141,3,1
4,700,21.000000,0.000000,0,5,174935607,1020,0,1020,-17,0,141,3,1
4,700,21.000000,0.000000,0,5,174935610,1028,0,1028,-17,0,141,3,1
4,700,21.000000,0.000000,0,5,174935613,1041,0,1041,-17,0,141,3,1
4,700,21.000000,0.000000,0,5,174935615,1046,0,1046,-17,0,141,3,1
4,700,21.000000,0.000000,0,5,174935618,1054,0,1054,-17,0,141,3,1
4,700,21.000000,0.000000,0,5,174935621,1060,0,1060,-17,0,141,3,1
4,700,21.000000,0.000000,0,5,174935624,1066,0,1066,-17,0,141,3,1
4,700,21.000000,0.000000,0,5,174935627,1070,0,1070,-17,0,141,3,1
4,700,21.000000,0.000000,0,5,174935630,1075,0,1075,-17,0,141,3,1
4,700,21.000000,0.000000,0,5,174935632,1079,0,1079,-18,0,141,3,1
4,700,21.000000,0.000000,0,5,174935635,1082,0,1082,-18,0,141,3,1
4,700,21.000000,0.000000,0,5,174935638,1085,0,1085,-18,0,141,3,1
4,700,21.000000,0.000000,0,5,174935641,1088,0,1088,-18,0,141,3,1
4,700,21.000000,0.000000,0,5,174935643,1089,0,1089,-19,0,141,3,1
4,700,21.000000,0.000000,0,5,174935646,1091,0,1091,-19,0,141,3,1
4,700,21.000000,0.000000,0,5,174935649,1092,0,1092,-19,0,141,3,1
4,700,21.000000,0.000000,0,5,174935652,1093,0,1093,-19,0,141,3,1
4,700,21.000000,0.000000,0,5,174935655,1094,0,1094,-19,0,141,3,1
4,700,21.000000,0.000000,0,5,174935657,1095,0,1095,-19,0,141,3,1
4,700,21.000000,0.000000,0,5,174935660,1096,0,1096,-19,0,141,3,1
4,700,21.000000,0.000000,0,5,174935663,1097,0,1097,-19,0,141,3,1
4,700,21.000000,0.000000,0,5,174935665,1097,0,1097,-19,0,141,3,1
4,700,21.000000,0.000000,0,5,174935668,1098,0,1098,-19,0,141,3,1
4,700,21.000000,0.000000,0,5,174935671,1099,0,1099,-19,0,141,3,1
4,700,21.000000,0.000000,0,5,174935674,1099,0,1099,-19,0,141,3,1
4,700,21.000000,0.000000,0,5,174935677,1099,0,1099,-19,0,141,3,1
4,700,21.000000,0.000000,0,5,174935680,1100,0,1100,-19,0,141,3,1
4,700,21.000000,0.000000,0,5,174935682,1101,0,1101,-19,0,141,3,1
4,700,21.000000,0.000000,0,5,174935685,1101,0,1101,-19,0,141,3,1
4,700,21.000000,0.000000,0,5,174935688,1101,0,1101,-20,0,141,3,1
4,700,21.000000,0.000000,0,5,174935691,1101,0,1101,-20,0,141,3,1
4,700,21.000000,0.000000,0,5,174935693,1101,0,1101,-20,0,141,3,1
4,700,21.000000,0.000000,0,5,174935696,1101,0,1101,-20,0,141,3,1
4,700,21.000000,0.000000,0,5,174935699,1101,0,1101,-20,0,141,3,1
4,700,21.000000,0.000000,0,5,174935702,1101,0,1101,-20,0,141,3,1
4,700,21.000000,0.000000,0,5,174935705,1101,0,1101,-20,0,141,3,1
4,700,21.000000,0.000000,0,5,174935708,1101,0,1101,-20,0,141,3,1
4,700,21.000000,0.000000,0,5,174935710,1101,0,1101,-20,0,141,3,1
4,700,21.000000,0.000000,0,5,174935713,1101,0,1101,-20,0,141,3,1
4,700,21.000000,0.000000,0,5,174935716,1101,0,1101,-20,0,141,3,1
4,700,21.000000,0.000000,0,5,174935718,1101,0,1101,-20,0,141,3,1
4,700,21.000000,0.000000,0,5,174935721,1101,0,1101,-20,0,141,3,1
4,700,21.000000,0.000000,0,5,174935724,1101,0,1101,-20,0,141,3,1
4,700,21.000000,0.000000,0,5,174935727,1101,0,1101,-20,0,141,3,1
4,700,21.000000,0.000000,0,5,174935729,1101,0,1101,-20,0,141,3,1
4,700,21.000000,0.000000,0,5,174935732,1101,0,1101,-20,0,141,3,1
4,700,21.000000,0.000000,0,5,174935735,1101,0,1101,-20,0,141,3,1
4,700,21.000000,0.000000,0,5,174935738,1101,0,1101,-20,0,141,3,1
4,700,21.000000,0.000000,0,5,174935741,1101,0,1101,-20,0,141,3,1
4,700,21.000000,0.000000,0,5,174935743,1101,0,1101,-20,0,141,3,1
4,700,21.000000,0.000000,0,5,174935746,1101,0,1101,-20,0,141,3,1
4,700,21.000000,0.000000,0,5,174935749,1101,0,1101,-20,0,141,3,1
4,700,21.000000,0.000000,0,5,174935752,1101,0,1101,-20,0,141,3,1
4,700,21.000000,0.000000,0,5,174935755,1102,0,1102,-20,0,141,3,1
4,700,21.000000,0.000000,0,5,174935757,1103,0,1103,-20,0,141,3,1
4,700,21.000000,0.000000,0,5,174935760,1103,0,1103,-20,0,141,3,1
4,700,21.000000,0.000000,0,5,174935763,1103,0,1103,-20,0,141,3,1
4,700,21.000000,0.000000,0,5,174935765,1104,0,1104,-20,0,141,3,1
4,700,21.000000,0.000000,0,5,174935768,1105,0,1105,-20,0,141,3,1
4,700,21.000000,0.000000,0,5,174935771,1106,0,1106,-20,0,141,3,1
4,700,21.000000,0.000000,0,5,174935774,1107,0,1107,-20,0,141,3,1
4,700,21.000000,0.000000,0,5,174935777,1108,0,1108,-20,0,141,3,1
4,700,21.000000,0.000000,0,5,174935780,1109,0,1109,-20,0,141,3,1
4,700,21.000000,0.000000,0,5,174935782,1110,0,1110,-20,0,141,3,1
4,700,21.000000,0.000000,0,5,174935785,1111,0,1111,-20,0,141,3,1
4,700,21.000000,0.000000,0,5,174935788,1112,0,1112,-20,0,141,3,1
4,700,21.000000,0.000000,0,5,174935791,1113,0,1113,-20,0,141,3,1
4,700,21.000000,0.000000,0,5,174935794,1115,0,1115,-20,0,141,3,1
4,700,21.000000,0.000000,0,5,174935796,1116,0,1116,-21,0,141,3,1
4,700,21.000000,0.000000,0,5,174935799,1117,0,1117,-21,0,141,3,1
4,700,21.000000,0.000000,0,5,174935802,1118,0,1118,-21,0,141,3,1
4,700,21.000000,0.000000,0,5,174935804,1119,0,1119,-21,0,141,3,1
4,700,21.000000,0.000000,0,5,174935808,1120,0,1120,-21,0,141,3,1
4,700,21.000000,0.000000,0,5,174935810,1122,0,1122,-21,0,141,3,1
4,700,21.000000,0.000000,0,5,174935813,1123,0,1123,-21,0,141,3,1
4,700,21.000000,0.000000,0,5,174935816,1125,0,1125,-21,0,141,3,1
4,700,21.000000,0.000000,0,5,174935818,1126,0,1126,-21,0,141,3,1
4,700,21.000000,0.000000,0,5,174935821,1128,0,1128,-21,0,141,3,1
4,700,21.000000,0.000000,0,5,174935824,1129,0,1129,-22,0,141,3,1
4,700,21.000000,0.000000,0,5,174935827,1130,0,1130,-22,0,141,3,1
4,700,21.000000,0.000000,0,5,174935830,1131,0,1131,-22,0,141,3,1
4,700,21.000000,0.000000,0,5,174935833,1133,0,1133,-22,0,141,3,1
4,700,21.000000,0.000000,0,5,174935836,1135,0,1135,-22,0,141,3,1
4,700,21.000000,0.000000,0,5,174935839,1137,0,1137,-23,0,141,3,1
4,700,21.000000,0.000000,0,5,174935842,1138,0,1138,-23,0,141,3,1
4,700,21.000000,0.000000,0,5,174935845,1140,0,1140,-23,0,141,3,1
4,700,21.000000,0.000000,0,5,174935848,1142,0,1142,-23,0,141,3,1
4,700,21.000000,0.000000,0,5,174935851,1146,0,1146,-23,0,141,3,1
4,700,21.000000,0.000000,0,5,174935854,1149,0,1149,-23,0,141,3,1
4,700,21.000000,0.000000,0,5,174935857,1152,0,1152,-23,0,141,3,1
4,700,21.000000,0.000000,0,5,174935859,1155,0,1155,-23,0,141,3,1
4,700,21.000000,0.000000,0,5,174935862,1156,0,1156,-23,0,141,3,1
4,700,21.000000,0.000000,0,5,174935866,1159,0,1159,-23,0,141,3,1
4,700,21.000000,0.000000,0,5,174935868,1164,0,1164,-24,0,141,3,1
4,700,21.000000,0.000000,0,5,174935871,1167,0,1167,-24,0,141,3,1
4,700,21.000000,0.000000,0,5,174935874,1170,0,1170,-24,0,141,3,1
4,700,21.000000,0.000000,0,5,174935877,1303,0,1174,-24,0,141,3,1
4,700,21.000000,0.000000,0,5,174935880,1306,0,1177,-24,0,141,3,1
4,700,21.000000,0.000000,0,5,174935882,1311,0,1182,-24,0,141,3,1
4,700,21.000000,0.000000,0,5,174935885,1315,0,1186,-24,0,141,3,1
4,700,21.000000,0.000000,0,5,174935888,1320,0,1191,-24,0,141,3,1
4,700,21.000000,0.000000,0,5,174935891,1325,0,1196,-25,0,141,3,1
4,700,21.000000,0.000000,0,5,174935894,1328,0,1199,-25,0,141,3,1
4,700,21.000000,0.000000,0,5,174935896,1332,0,1203,-25,0,141,3,1
4,700,21.000000,0.000000,0,5,174935899,1338,0,1209,-25,0,141,3,1
4,700,21.000000,0.000000,0,5,174935902,1344,0,1215,-25,0,141,3,1
4,700,21.000000,0.000000,0,5,174935905,1350,0,1221,-25,0,141,3,1
4,700,21.000000,0.000000,0,5,174935908,1354,0,1225,-26,0,141,3,1
4,700,21.000000,0.000000,0,5,174935910,1359,0,1230,-26,0,141,3,1
4,700,21.000000,0.000000,0,5,174935913,1363,0,1234,-26,0,141,3,1
4,700,21.000000,0.000000,0,5,174935916,1367,0,1238,-26,0,141,3,1
4,700,21.000000,0.000000,0,5,174935919,1371,0,1242,-27,0,141,3,1
4,700,21.000000,0.000000,0,5,174935921,1374,0,1245,-27,0,141,3,1
4,700,21.000000,0.000000,0,5,174935924,1377,0,1248,-27,0,141,3,1
4,700,21.000000,0.000000,0,5,174935927,1380,0,1251,-28,0,141,3,1
4,700,21.000000,0.000000,0,5,174935929,1382,0,1253,-28,0,141,3,1
4,700,21.000000,0.000000,0,5,174935932,1384,0,1255,-28,0,141,3,1
4,700,21.000000,0.000000,0,5,174935935,1385,0,1256,-28,0,141,3,1
4,700,21.000000,0.000000,0,5,174935938,1386,0,1257,-28,0,141,3,1
4,700,21.000000,0.000000,0,5,174935941,1387,0,1258,-28,0,141,3,1
4,700,21.000000,0.000000,0,5,174935944,1388,0,1259,-28,0,141,3,1
4,700,21.000000,0.000000,0,5,174935947,1389,0,1260,-28,0,141,3,1
4,700,21.000000,0.000000,0,5,174935949,1389,0,1260,-28,0,141,3,1
4,700,21.000000,0.000000,0,5,174935952,1390,0,1261,-28,0,141,3,1
4,700,21.000000,0.000000,0,5,174935955,1391,0,1262,-28,0,141,3,1
4,700,21.000000,0.000000,0,5,174935957,1391,0,1262,-28,0,141,3,1
4,700,21.000000,0.000000,0,5,174935960,1391,0,1262,-28,0,141,3,1
4,700,21.000000,0.000000,0,5,174935963,1391,0,1262,-28,0,141,3,1
4,700,21.000000,0.000000,0,5,174935966,1391,0,1262,-28,0,141,3,1
4,700,21.000000,0.000000,0,5,174935969,1391,0,1262,-28,0,141,3,1
4,700,21.000000,0.000000,0,5,174935972,1391,0,1262,-28,0,141,3,1
4,700,21.000000,0.000000,0,5,174935974,1391,0,1262,-28,0,141,3,1
4,700,21.000000,0.000000,0,5,174935977,1391,0,1262,-28,0,141,3,1
4,700,21.000000,0.000000,0,5,174935980,1391,0,1262,-28,0,141,3,1
4,700,21.000000,0.000000,0,5,174935982,1391,0,1262,-28,0,141,3,1
4,700,21.000000,0.000000,0,5,174935985,1391,0,1262,-28,0,141,3,1
4,700,21.000000,0.000000,0,5,174935988,1391,0,1262,-28,0,141,3,1
4,700,21.000000,0.000000,0,5,174935991,1391,0,1262,-28,0,141,3,1
4,700,21.000000,0.000000,0,5,174935994,1391,0,1262,-28,0,141,3,1
4,700,21.000000,0.000000,0,5,174935996,1391,0,1262,-28,0,141,3,1
4,700,21.000000,0.000000,0,5,174935999,1391,0,1262,-28,0,141,3,1
4,700,21.000000,0.000000,0,5,174936002,1391,0,1262,-28,0,141,3,1
4,700,21.000000,0.000000,0,5,174936005,1391,0,1262,-28,0,141,3,1
4,700,21.000000,0.000000,0,5,174936007,1391,0,1262,-28,0,141,3,1
4,700,21.000000,0.000000,0,5,174936010,1391,0,1262,-28,0,141,3,1
4,700,21.000000,0.000000,0,5,174936013,1391,0,1262,-28,0,141,3,1
4,700,21.000000,0.000000,0,5,174936016,1391,0,1262,-28,0,141,3,1
4,700,21.000000,0.000000,0,5,174936019,1391,0,1262,-28,0,141,3,1
4,700,21.000000,0.000000,0,5,174936022,1391,0,1262,-28,0,141,3,1
4,700,21.000000,0.000000,0,5,174936024,1391,0,1262,-28,0,141,3,1
4,700,21.000000,0.000000,0,5,174936027,1391,0,1262,-28,0,141,3,1
4,700,21.000000,0.000000,0,5,174936030,1391,0,1262,-28,0,141,3,1
4,700,21.000000,0.000000,0,5,174936032,1391,0,1262,-28,0,141,3,1
4,700,21.000000,0.000000,0,5,174936035,1391,0,1262,-28,0,141,3,1
4,700,21.000000,0.000000,0,5,174936038,1391,0,1262,-28,0,141,3,1
4,700,21.000000,0.000000,0,5,174936041,1391,0,1262,-28,0,141,3,1
4,700,21.000000,0.000000,0,5,174936044,1391,0,1262,-28,0,141,3,1
4,700,21.000000,0.000000,0,5,174936046,1391,0,1262,-28,0,141,3,1
4,700,21.000000,0.000000,0,5,174936049,1391,0,1262,-28,0,141,3,1
4,700,21.000000,0.000000,0,5,174936052,1391,0,1262,-28,0,141,3,1
4,700,21.000000,0.000000,0,5,174936055,1391,0,1262,-28,0,141,3,1
4,700,21.000000,0.000000,0,5,174936058,1391,0,1262,-28,0,141,3,1
4,700,21.000000,0.000000,0,5,174936060,1391,0,1262,-28,0,141,3,1
4,700,21.000000,0.000000,0,5,174936063,1391,0,1262,-28,0,141,3,1
4,700,21.000000,0.000000,0,5,174936066,1391,0,1262,-28,0,141,3,1
4,700,21.000000,0.000000,0,5,174936069,1391,0,1262,-28,0,141,3,1
4,700,21.000000,0.000000,0,5,174936072,1391,0,1262,-28,0,141,3,1
4,700,21.000000,0.000000,0,5,174936075,1390,0,1261,-28,0,141,3,1
4,700,21.000000,0.000000,0,5,174936078,1389,0,1260,-28,0,141,3,1
4,700,21.000000,0.000000,0,5,174936081,1389,0,1260,-28,0,141,3,1
4,700,21.000000,0.000000,0,5,174936084,1388,0,1259,-28,0,141,3,1
4,700,21.000000,0.000000,0,5,174936087,1388,0,1259,-28,0,141,3,1
4,700,21.000000,0.000000,0,5,174936090,1386,0,1257,-28,0,141,3,1
4,700,21.000000,0.000000,0,5,174936092,1386,0,1257,-28,0,141,3,1
4,700,21.000000,0.000000,0,5,174936095,1385,0,1256,-28,0,141,3,1
4,700,21.000000,0.000000,0,5,174936098,1384,0,1255,-28,0,141,3,1
4,700,21.000000,0.000000,0,5,174936100,1383,0,1254,-28,0,141,3,1
4,700,21.000000,0.000000,0,5,174936103,1382,1,1253,-27,0,141,3,1
4,700,21.000000,0.000000,0,5,174936106,1381,1,1252,-27,0,141,3,1
4,700,21.000000,0.000000,0,5,174936109,1380,1,1251,-27,0,141,3,1
4,700,21.000000,0.000000,0,5,174936111,1379,2,1250,-26,0,141,3,1
4,700,21.000000,0.000000,0,5,174936114,1377,2,1248,-26,0,141,3,1
4,700,21.000000,0.000000,0,5,174936117,1375,2,1246,-26,0,141,3,1
4,700,21.000000,0.000000,0,5,174936119,1374,2,1245,-26,0,141,3,1
4,700,21.000000,0.000000,0,5,174936122,1373,2,1244,-26,0,141,3,1
4,700,21.000000,0.000000,0,5,174936125,1372,2,1243,-26,0,141,3,1
4,700,21.000000,0.000000,0,5,174936128,1372,2,1243,-26,0,141,3,1
4,700,21.000000,0.000000,0,5,174936130,1371,2,1242,-26,0,141,3,1
4,700,21.000000,0.000000,0,5,174936133,1370,2,1241,-26,0,141,3,1
4,700,21.000000,0.000000,0,5,174936136,1369,2,1240,-26,0,141,3,1
4,700,21.000000,0.000000,0,5,174936139,1368,2,1239,-26,0,141,3,1
4,700,21.000000,0.000000,0,5,174936141,1367,2,1238,-26,0,141,3,1
4,700,21.000000,0.000000,0,5,174936144,1365,2,1236,-26,0,141,3,1
4,700,21.000000,0.000000,0,5,174936147,1364,2,1235,-26,0,141,3,1
4,700,21.000000,0.000000,0,5,174936149,1363,2,1234,-26,0,141,3,1
4,700,21.000000,0.000000,0,5,174936152,1362,2,1233,-26,0,141,3,1
4,700,21.000000,0.000000,0,5,174936155,1361,2,1232,-26,0,141,3,1
4,700,21.000000,0.000000,0,5,174936158,1360,2,1231,-26,0,141,3,1
4,700,21.000000,0.000000,0,5,174936161,1359,2,1230,-26,0,141,3,1
4,700,21.000000,0.000000,0,5,174936163,1359,2,1230,-26,0,141,3,1
4,700,21.000000,0.000000,0,5,174936166,1358,2,1229,-26,0,141,3,1
4,700,21.000000,0.000000,0,5,174936169,1358,2,1229,-26,0,141,3,1
4,700,21.000000,0.000000,0,5,174936171,1358,2,1229,-26,0,141,3,1
4,700,21.000000,0.000000,0,5,174936174,1358,2,1229,-26,0,141,3,1
4,700,21.000000,0.000000,0,5,174936177,1358,2,1229,-26,0,141,3,1
4,700,21.000000,0.000000,0,5,174936180,1358,2,1229,-26,0,141,3,1
4,700,21.000000,0.000000,0,5,174936183,1358,2,1229,-26,0,141,3,1
4,700,21.000000,0.000000,0,5,174936185,1358,2,1229,-26,0,141,3,1
4,700,21.000000,0.000000,0,5,174936188,1358,2,1229,-26,0,141,3,1
4,700,21.000000,0.000000,0,5,174936191,1358,2,1229,-26,0,141,3,1
4,700,21.000000,0.000000,0,5,174936194,1358,2,1229,-26,0,141,3,1
4,700,21.000000,0.000000,0,5,174936196,1358,2,1229,-26,0,141,3,1
4,700,21.000000,0.000000,0,5,174936199,1358,2,1229,-26,0,141,3,1
4,700,21.000000,0.000000,0,5,174936202,1358,2,1229,-26,0,141,3,1
4,700,21.000000,0.000000,0,5,174936205,1358,2,1229,-26,0,141,3,1
4,700,21.000000,0.000000,0,5,174936207,1358,2,1229,-26,0,141,3,1
4,700,21.000000,0.000000,0,5,174936211,1358,2,1229,-26,0,141,3,1
4,700,21.000000,0.000000,0,5,174936213,1358,2,1229,-26,0,141,3,1
4,700,21.000000,0.000000,0,5,174936216,1358,2,1229,-26,0,141,3,1
4,700,21.000000,0.000000,0,5,174936219,1357,2,1228,-26,0,141,3,1
4,700,21.000000,0.000000,0,5,174936221,1356,2,1227,-26,0,141,3,1
4,700,21.000000,0.000000,0,5,174936224,1355,2,1226,-26,0,141,3,1
4,700,21.000000,0.000000,0,5,174936227,1354,2,1225,-26,0,141,3,1
4,700,21.000000,0.000000,0,5,174936230,1353,2,1224,-26,0,141,3,1
4,700,21.000000,0.000000,0,5,174936233,1351,2,1222,-26,0,141,3,1
4,700,21.000000,0.000000,0,5,174936236,1350,2,1221,-26,0,141,3,1
4,700,21.000000,0.000000,0,5,174936238,1349,2,1220,-26,0,141,3,1
4,700,21.000000,0.000000,0,5,174936241,1348,2,1219,-26,0,141,3,1
4,700,21.000000,0.000000,0,5,174936244,1347,2,1218,-26,0,141,3,1
4,700,21.000000,0.000000,0,5,174936246,1346,2,1217,-26,0,141,3,1
4,700,21.000000,0.000000,0,5,174936249,1345,2,1216,-26,0,141,3,1
4,700,21.000000,0.000000,0,5,174936252,1344,2,1215,-26,0,141,3,1
4,700,21.000000,0.000000,0,5,174936255,1343,2,1214,-26,0,141,3,1
4,700,21.000000,0.000000,0,5,174936258,1342,2,1213,-26,0,141,3,1
4,700,21.000000,0.000000,0,5,174936260,1341,2,1212,-26,0,141,3,1
4,700,21.000000,0.000000,0,5,174936263,1340,2,1211,-26,0,141,3,1
4,700,21.000000,0.000000,0,5,174936266,1339,2,1210,-26,0,141,3,1
4,700,21.000000,0.000000,0,5,174936269,1338,2,1209,-26,0,141,3,1
4,700,21.000000,0.000000,0,5,174936272,1337,2,1208,-26,0,141,3,1
4,700,21.000000,0.000000,0,5,174936274,1336,2,1207,-26,0,141,3,1
4,700,21.000000,0.000000,0,5,174936277,1335,2,1206,-26,0,141,3,1
4,700,21.000000,0.000000,0,5,174936280,1334,2,1205,-26,0,141,3,1
4,700,21.000000,0.000000,0,5,174936283,1333,2,1204,-26,0,141,3,1
4,700,21.000000,0.000000,0,5,174936286,1333,2,1204,-26,0,141,3,1
4,700,21.000000,0.000000,0,5,174936288,1332,2,1203,-26,0,141,3,1
4,700,21.000000,0.000000,0,5,174936291,1331,2,1202,-26,0,141,3,1
4,700,21.000000,0.000000,0,5,174936294,1331,2,1202,-26,0,141,3,1
4,700,21.000000,0.000000,0,5,174936297,1330,2,1201,-26,0,141,3,1
4,700,21.000000,0.000000,0,5,174936299,1329,2,1200,-26,0,141,3,1
4,700,21.000000,0.000000,0,5,174936302,1328,2,1199,-26,0,141,3,1
4,700,21.000000,0.000000,0,5,174936305,1327,2,1198,-26,0,141,3,1
4,700,21.000000,0.000000,0,5,174936308,1327,2,1198,-26,0,141,3,1
4,700,21.000000,0.000000,0,5,174936311,1326,2,1197,-26,0,141,3,1
4,700,21.000000,0.000000,0,5,174936313,1325,2,1196,-26,0,141,3,1
4,700,21.000000,0.000000,0,5,174936316,1325,2,1196,-26,0,141,3,1
4,700,21.000000,0.000000,0,5,174936319,1324,2,1195,-26,0,141,3,1
4,700,21.000000,0.000000,0,5,174936321,1323,2,1194,-26,0,141,3,1
4,700,21.000000,0.000000,0,5,174936324,1323,2,1194,-26,0,141,3,1
4,700,21.000000,0.000000,0,5,174936327,1322,2,1193,-26,0,141,3,1
4,700,21.000000,0.000000,0,5,174936330,1321,2,1192,-26,0,141,3,1
4,700,21.000000,0.000000,0,5,174936333,1320,2,1191,-26,0,141,3,1
4,700,21.000000,0.000000,0,5,174936335,1319,2,1190,-26,0,141,3,1
4,700,21.000000,0.000000,0,5,174936338,1318,2,1189,-26,0,141,3,1
4,700,21.000000,0.000000,0,5,174936341,1316,2,1187,-26,0,141,3,1
4,700,21.000000,0.000000,0,5,174936344,1315,2,1186,-26,0,141,3,1
4,700,21.000000,0.000000,0,5,174936347,1314,2,1185,-26,0,141,3,1
4,700,21.000000,0.000000,0,5,174936349,1313,2,1184,-26,0,141,3,1
4,700,21.000000,0.000000,0,5,174936352,1312,2,1183,-26,0,141,3,1
4,700,21.000000,0.000000,0,5,174936355,1310,2,1181,-26,0,141,3,1
4,700,21.000000,0.000000,0,5,174936358,1309,2,1180,-26,0,141,3,1
4,700,21.000000,0.000000,0,5,174936360,1308,2,1179,-26,0,141,3,1
4,700,21.000000,0.000000,0,5,174936363,1307,2,1178,-26,0,141,3,1
4,700,21.000000,0.000000,0,5,174936366,1306,2,1177,-26,0,141,3,1
4,700,21.000000,0.000000,0,5,174936369,1305,2,1176,-26,0,141,3,1
4,700,21.000000,0.000000,0,5,174936372,1304,2,1175,-26,0,141,3,1
4,700,21.000000,0.000000,0,5,174936374,1304,2,1175,-26,0,141,3,1
4,700,21.000000,0.000000,0,5,174936377,1304,2,1175,-26,0,141,3,1
4,700,21.000000,0.000000,0,5,174936380,1304,2,1175,-26,0,141,3,1
4,700,21.000000,0.000000,0,5,174936383,1304,2,1175,-26,0,141,3,1
4,700,21.000000,0.000000,0,5,174936385,1304,2,1175,-26,0,141,3,1
4,700,21.000000,0.000000,0,5,174936388,1304,2,1175,-26,0,141,3,1
4,700,21.000000,0.000000,0,5,174936391,1304,2,1175,-26,0,141,3,1
4,700,21.000000,0.000000,0,5,174936394,1304,2,1175,-26,0,141,3,1
4,700,21.000000,0.000000,0,5,174936397,1304,2,1175,-26,0,141,3,1
4,700,21.000000,0.000000,0,5,174936400,1304,2,1175,-26,0,141,3,1
4,700,21.000000,0.000000,0,5,174936403,1304,2,1175,-26,0,141,3,1
4,700,21.000000,0.000000,0,5,174936405,1304,2,1175,-26,0,141,3,1
4,700,21.000000,0.000000,0,5,174936408,1304,2,1175,-26,0,141,3,1
4,700,21.000000,0.000000,0,5,174936411,1304,2,1175,-26,0,141,3,1
4,700,21.000000,0.000000,0,5,174936414,1304,2,1175,-26,0,141,3,1
4,700,21.000000,0.000000,0,5,174936416,1304,2,1175,-26,0,141,3,1
4,700,21.000000,0.000000,0,5,174936419,1304,2,1175,-26,0,141,3,1
4,700,21.000000,0.000000,0,5,174936422,1304,2,1175,-26,0,141,3,1
4,700,21.000000,0.000000,0,5,174936424,1304,2,1175,-26,0,141,3,1
4,700,21.000000,0.000000,0,5,174936427,1304,2,1175,-26,0,141,3,1
4,700,21.000000,0.000000,0,5,174936430,1304,2,1175,-26,0,141,3,1
4,700,21.000000,0.000000,0,5,174936433,1304,2,1175,-26,0,141,3,1
4,700,21.000000,0.000000,0,5,174936435,1304,2,1175,-26,0,141,3,1
4,700,21.000000,0.000000,0,5,174936439,1304,2,1175,-26,0,141,3,1
4,700,21.000000,0.000000,0,5,174936441,1304,2,1175,-26,0,141,3,1
4,700,21.000000,0.000000,0,5,174936444,1304,2,1175,-26,0,141,3,1
4,700,21.000000,0.000000,0,5,174936447,1303,2,1174,-26,0,141,3,1
4,700,21.000000,0.000000,0,5,174936449,1303,2,1174,-26,0,141,3,1
4,700,21.000000,0.000000,0,5,174936452,1303,2,1174,-26,0,141,3,1
4,700,21.000000,0.000000,0,5,174936455,1303,2,1174,-26,0,141,3,1
4,700,21.000000,0.000000,0,5,174936458,1303,2,1174,-26,0,141,3,1
4,700,21.000000,0.000000,0,5,174936461,1303,2,1174,-26,0,141,3,1
4,700,21.000000,0.000000,0,5,174936463,1303,2,1174,-26,0,141,3,1
4,700,21.000000,0.000000,0,5,174936466,1303,2,1174,-26,0,141,3,1
4,700,21.000000,0.000000,0,5,174936469,1303,2,1174,-26,0,141,3,1
4,700,21.000000,0.000000,0,5,174936472,1303,2,1174,-26,0,141,3,1
4,700,21.000000,0.000000,0,5,174936475,1303,2,1174,-26,0,141,3,1
4,700,21.000000,0.000000,0,5,174936477,1303,2,1174,-26,0,141,3,1
4,700,21.000000,0.000000,0,5,174936480,1303,2,1174,-26,0,141,3,1
4,700,21.000000,0.000000,0,5,174936483,1303,2,1174,-26,0,141,3,1
4,700,21.000000,0.000000,0,5,174936486,1303,2,1174,-26,0,141,3,1
4,700,21.000000,0.000000,0,5,174936488,1303,2,1174,-26,0,141,3,1
4,700,21.000000,0.000000,0,5,174936491,1303,2,1174,-26,0,141,3,1
4,700,21.000000,0.000000,0,5,174936494,1303,2,1174,-26,0,141,3,1
4,700,21.000000,0.000000,0,5,174936497,1303,2,1174,-26,0,141,3,1
4,700,21.000000,0.000000,0,5,174936500,1303,2,1174,-26,0,141,3,1
4,700,21.000000,0.000000,0,5,174936502,1303,2,1174,-26,0,141,3,1
4,700,21.000000,0.000000,0,5,174936505,1303,2,1174,-26,0,141,3,1
4,700,21.000000,0.000000,0,5,174936519,1303,2,1174,-26,0,141,3,1
