4,350,21.000000,0.000000,1,0,173082290,781,5,781,5,0,15,4,0
4,350,21.000000,0.000000,1,0,173082291,781,5,781,5,0,15,4,0
4,350,21.000000,0.000000,1,0,173082294,781,5,781,5,0,15,4,0
4,350,21.000000,0.000000,1,0,173082296,781,5,781,5,0,15,4,0
4,350,21.000000,0.000000,1,0,173082299,781,5,781,5,0,15,4,0
4,350,21.000000,0.000000,1,0,173082302,781,5,781,5,0,15,4,0
4,350,21.000000,0.000000,1,0,173082305,781,5,781,5,0,15,4,0
4,350,21.000000,0.000000,1,0,173082308,781,5,781,5,0,15,4,0
4,350,21.000000,0.000000,1,0,173082310,781,5,781,5,0,15,4,0
4,350,21.000000,0.000000,1,0,173082313,781,5,781,5,0,15,4,0
4,350,21.000000,0.000000,1,0,173082316,781,5,781,5,0,15,4,0
4,350,21.000000,0.000000,1,0,173082319,781,5,781,5,0,15,4,0
4,350,21.000000,0.000000,1,0,173082321,781,5,781,5,0,15,4,0
4,350,21.000000,0.000000,1,0,173082324,781,5,781,5,0,15,4,0
4,350,21.000000,0.000000,1,0,173082327,781,5,781,5,0,15,4,0
4,350,21.000000,0.000000,1,0,173082330,781,5,781,5,0,15,4,0
4,350,21.000000,0.000000,1,0,173082333,781,5,781,5,0,15,4,0
4,350,21.000000,0.000000,1,0,173082335,781,5,781,5,0,15,4,0
4,350,21.000000,0.000000,1,0,173082338,781,5,781,5,0,15,4,0
4,350,21.000000,0.000000,1,0,173082341,781,5,781,5,0,15,4,0
4,350,21.000000,0.000000,1,0,173082343,781,5,781,5,0,15,4,0
4,350,21.000000,0.000000,1,0,173082346,781,5,781,5,0,15,4,0
4,350,21.000000,0.000000,1,0,173082349,781,5,781,5,0,15,4,0
4,350,21.000000,0.000000,1,0,173082352,781,5,781,5,0,15,4,0
4,350,21.000000,0.000000,1,0,173082355,781,5,781,5,0,15,4,0
4,350,21.000000,0.000000,1,0,173082357,781,5,781,5,0,15,4,0
4,350,21.000000,0.000000,1,0,173082360,781,5,781,5,0,15,4,0
4,350,21.000000,0.000000,1,0,173082363,782,5,782,5,0,15,4,0
4,350,21.000000,0.000000,1,0,173082366,783,6,783,6,0,15,4,0
4,350,21.000000,0.000000,1,0,173082369,784,7,784,7,0,15,4,0
4,350,21.000000,0.000000,1,0,173082372,786,8,786,8,0,15,4,0
4,350,21.000000,0.000000,1,0,173082374,788,9,788,9,0,15,4,0
4,350,21.000000,0.000000,1,0,173082377,791,11,791,11,0,15,4,0
4,350,21.000000,0.000000,1,0,173082380,794,13,794,13,0,15,4,0
4,350,21.000000,0.000000,1,0,173082383,798,14,798,14,0,15,4,0
4,350,21.000000,0.000000,1,0,173082386,801,15,801,15,0,15,4,0
4,350,21.000000,0.000000,1,0,173082388,805,17,805,17,0,15,4,0
4,350,21.000000,0.000000,1,0,173082391,809,17,809,17,0,15,4,0
4,350,21.000000,0.000000,1,0,173082394,815,18,815,18,0,15,4,0
4,350,21.000000,0.000000,1,0,173082396,819,19,819,19,0,15,4,0
4,350,21.000000,0.000000,1,0,173082399,826,21,826,21,0,15,4,0
4,350,21.000000,0.000000,1,0,173082402,831,23,831,23,0,15,4,0
4,350,21.000000,0.000000,1,0,173082405,835,23,835,23,0,15,4,0
4,350,21.000000,0.000000,1,0,173082408,845,25,845,25,0,15,4,0
4,350,21.000000,0.000000,1,0,173082411,851,27,851,27,0,15,4,0
4,350,21.000000,0.000000,1,0,173082413,855,27,855,27,0,15,4,0
4,350,21.000000,0.000000,1,0,173082416,865,29,865,29,0,15,4,0
4,350,21.000000,0.000000,1,0,173082419,874,31,874,31,0,15,4,0
4,350,21.000000,0.000000,1,0,173082422,878,31,878,31,0,15,4,0
4,350,21.000000,0.000000,1,0,173082424,885,33,885,33,0,15,4,0
4,350,21.000000,0.000000,1,0,173082427,894,35,894,35,0,15,4,0
4,350,21.000000,0.000000,1,0,173082430,902,36,902,36,0,15,4,0
4,350,21.000000,0.000000,1,0,173082433,913,38,913,38,0,15,4,0
4,350,21.000000,0.000000,1,0,173082436,921,39,921,39,0,15,4,0
4,350,21.000000,0.000000,1,0,173082438,928,39,928,39,0,15,4,0
4,350,21.000000,0.000000,1,0,173082441,933,40,933,40,0,15,4,0
4,350,21.000000,0.000000,1,0,173082444,941,42,941,42,0,15,4,0
4,350,21.000000,0.000000,1,0,173082447,948,42,948,42,0,15,4,0
4,350,21.000000,0.000000,1,0,173082449,956,43,956,43,0,15,4,0
4,350,21.000000,0.000000,1,0,173082452,962,44,962,44,0,15,4,0
4,350,21.000000,0.000000,1,0,173082455,968,45,968,45,0,15,4,0
4,350,21.000000,0.000000,1,0,173082458,973,45,973,45,0,15,4,0
4,350,21.000000,0.000000,1,0,173082461,978,46,978,46,0,15,4,0
4,350,21.000000,0.000000,1,0,173082463,983,46,983,46,0,15,4,0
4,350,21.000000,0.000000,1,0,173082466,988,46,988,46,0,15,4,0
4,350,21.000000,0.000000,1,0,173082469,992,47,992,47,0,15,4,0
4,350,21.000000,0.000000,1,0,173082472,995,47,995,47,0,15,4,0
4,350,21.000000,0.000000,1,0,173082474,999,48,999,48,0,15,4,0
4,350,21.000000,0.000000,1,0,173082477,1003,49,1003,49,0,15,4,0
4,350,21.000000,0.000000,1,0,173082480,1007,49,1007,49,0,15,4,0
4,350,21.000000,0.000000,1,0,173082483,1011,49,1011,49,0,15,4,0
4,350,21.000000,0.000000,1,0,173082485,1013,49,1013,49,0,15,4,0
4,350,21.000000,0.000000,1,0,173082488,1016,50,1016,50,0,15,4,0
4,350,21.000000,0.000000,1,0,173082491,1020,50,1020,50,0,15,4,0
4,350,21.000000,0.000000,1,0,173082494,1023,51,1023,51,0,15,4,0
4,350,21.000000,0.000000,1,0,173082497,1025,51,1025,51,0,15,4,0
4,350,21.000000,0.000000,1,0,173082499,1028,51,1028,51,0,15,4,0
4,350,21.000000,0.000000,1,0,173082502,1031,51,1031,51,0,15,4,0
4,350,21.000000,0.000000,1,0,173082505,1034,51,1034,51,0,15,4,0
4,350,21.000000,0.000000,1,0,173082508,1036,51,1036,51,0,15,4,0
4,350,21.000000,0.000000,1,0,173082511,1039,51,1039,51,0,15,4,0
4,350,21.000000,0.000000,1,0,173082513,1040,51,1040,51,0,15,4,0
4,350,21.000000,0.000000,1,0,173082516,1041,51,1041,51,0,15,4,0
4,350,21.000000,0.000000,1,0,173082519,1043,51,1043,51,0,15,4,0
4,350,21.000000,0.000000,1,0,173082522,1044,51,1044,51,0,15,4,0
4,350,21.000000,0.000000,1,0,173082525,1046,51,1046,51,0,15,4,0
4,350,21.000000,0.000000,1,0,173082527,1047,51,1047,51,0,15,4,0
4,350,21.000000,0.000000,1,0,173082530,1048,51,1048,51,0,15,4,0
4,350,21.000000,0.000000,1,0,173082533,1050,51,1050,51,0,15,4,0
4,350,21.000000,0.000000,1,0,173082536,1052,51,1052,51,0,15,4,0
4,350,21.000000,0.000000,1,0,173082538,1054,51,1054,51,0,15,4,0
4,350,21.000000,0.000000,1,0,173082541,1055,50,1055,50,0,15,4,0
4,350,21.000000,0.000000,1,0,173082544,1057,49,1057,49,0,15,4,0
4,350,21.000000,0.000000,1,0,173082547,1060,48,1060,48,0,15,4,0
4,350,21.000000,0.000000,1,0,173082550,1061,48,1061,48,0,15,4,0
4,350,21.000000,0.000000,1,0,173082552,1062,47,1062,47,0,15,4,0
4,350,21.000000,0.000000,1,0,173082555,1064,46,1064,46,0,15,4,0
4,350,21.000000,0.000000,1,0,173082558,1066,46,1066,46,0,15,4,0
4,350,21.000000,0.000000,1,0,173082561,1068,46,1068,46,0,15,4,0
4,350,21.000000,0.000000,1,0,173082564,1069,45,1069,45,0,15,4,0
4,350,21.000000,0.000000,1,0,173082566,1070,45,1070,45,0,15,4,0
4,350,21.000000,0.000000,1,0,173082569,1071,45,1071,45,0,15,4,0
4,350,21.000000,0.000000,1,0,173082572,1073,44,1073,44,0,15,4,0
4,350,21.000000,0.000000,1,0,173082574,1074,44,1074,44,0,15,4,0
4,350,21.000000,0.000000,1,0,173082577,1075,43,1075,43,0,15,4,0
4,350,21.000000,0.000000,1,0,173082580,1076,42,1076,42,0,15,4,0
4,350,21.000000,0.000000,1,0,173082583,1077,42,1077,42,0,15,4,0
4,350,21.000000,0.000000,1,0,173082586,1077,42,1077,42,0,15,4,0
4,350,21.000000,0.000000,1,0,173082589,1078,41,1078,41,0,15,4,0
4,350,21.000000,0.000000,1,0,173082591,1079,40,1079,40,0,15,4,0
4,350,21.000000,0.000000,1,0,173082594,1079,40,1079,40,0,15,4,0
4,350,21.000000,0.000000,1,0,173082597,1080,40,1080,40,0,15,4,0
4,350,21.000000,0.000000,1,0,173082600,1080,40,1080,40,0,15,4,0
4,350,21.000000,0.000000,1,0,173082603,1080,39,1080,39,0,15,4,0
4,350,21.000000,0.000000,1,0,173082606,1080,39,1080,39,0,15,4,0
4,350,21.000000,0.000000,1,0,173082609,1080,39,1080,39,0,15,4,0
4,350,21.000000,0.000000,1,0,173082611,1080,39,1080,39,0,15,4,0
4,350,21.000000,0.000000,1,0,173082614,1080,39,1080,39,0,15,4,0
4,350,21.000000,0.000000,1,0,173082616,1080,39,1080,39,0,15,4,0
4,350,21.000000,0.000000,1,0,173082619,1080,39,1080,39,0,15,4,0
4,350,21.000000,0.000000,1,0,173082622,1080,39,1080,39,0,15,4,0
4,350,21.000000,0.000000,1,0,173082624,1080,39,1080,39,0,15,4,0
4,350,21.000000,0.000000,1,0,173082627,1080,38,1080,38,0,15,4,0
4,350,21.000000,0.000000,1,0,173082630,1080,37,1080,37,0,15,4,0
4,350,21.000000,0.000000,1,0,173082633,1080,37,1080,37,0,15,4,0
4,350,21.000000,0.000000,1,0,173082635,1080,37,1080,37,0,15,4,0
4,350,21.000000,0.000000,1,0,173082638,1080,37,1080,37,0,15,4,0
4,350,21.000000,0.000000,1,0,173082641,1080,37,1080,37,0,15,4,0
4,350,21.000000,0.000000,1,0,173082644,1080,37,1080,37,0,15,4,0
4,350,21.000000,0.000000,1,0,173082647,1080,37,1080,37,0,15,4,0
4,350,21.000000,0.000000,1,0,173082650,1081,37,1081,37,0,15,4,0
4,350,21.000000,0.000000,1,0,173082652,1081,36,1081,36,0,15,4,0
4,350,21.000000,0.000000,1,0,173082655,1081,35,1081,35,0,15,4,0
4,350,21.000000,0.000000,1,0,173082658,1082,35,1082,35,0,15,4,0
4,350,21.000000,0.000000,1,0,173082660,1082,35,1082,35,0,15,4,0
4,350,21.000000,0.000000,1,0,173082663,1082,35,1082,35,0,15,4,0
4,350,21.000000,0.000000,1,0,173082666,1082,34,1082,34,0,15,4,0
4,350,21.000000,0.000000,1,0,173082669,1083,33,1083,33,0,15,4,0
4,350,21.000000,0.000000,1,0,173082671,1083,33,1083,33,0,15,4,0
4,350,21.000000,0.000000,1,0,173082674,1084,32,1084,32,0,15,4,0
4,350,21.000000,0.000000,1,0,173082677,1085,31,1085,31,0,15,4,0
4,350,21.000000,0.000000,1,0,173082680,1085,31,1085,31,0,15,4,0
4,350,21.000000,0.000000,1,0,173082683,1085,30,1085,30,0,15,4,0
4,350,21.000000,0.000000,1,0,173082686,1086,29,1086,29,0,15,4,0
4,350,21.000000,0.000000,1,0,173082688,1087,28,1087,28,0,15,4,0
4,350,21.000000,0.000000,1,0,173082691,1088,28,1088,28,0,15,4,0
4,350,21.000000,0.000000,1,0,173082694,1088,27,1088,27,0,15,4,0
4,350,21.000000,0.000000,1,0,173082696,1089,26,1089,26,0,15,4,0
4,350,21.000000,0.000000,1,0,173082699,1089,26,1089,26,0,15,4,0
4,350,21.000000,0.000000,1,0,173082702,1089,25,1089,25,0,15,4,0
4,350,21.000000,0.000000,1,0,173082705,1090,24,1090,24,0,15,4,0
4,350,21.000000,0.000000,1,0,173082708,1091,24,1091,24,0,15,4,0
4,350,21.000000,0.000000,1,0,173082710,1091,23,1091,23,0,15,4,0
4,350,21.000000,0.000000,1,0,173082713,1092,23,1092,23,0,15,4,0
4,350,21.000000,0.000000,1,0,173082716,1092,22,1092,22,0,15,4,0
4,350,21.000000,0.000000,1,0,173082719,1093,22,1093,22,0,15,4,0
4,350,21.000000,0.000000,1,0,173082722,1094,22,1094,22,0,15,4,0
4,350,21.000000,0.000000,1,0,173082724,1095,22,1095,22,0,15,4,0
4,350,21.000000,0.000000,1,0,173082727,1095,21,1095,21,0,15,4,0
4,350,21.000000,0.000000,1,0,173082730,1096,21,1096,21,0,15,4,0
4,350,21.000000,0.000000,1,0,173082733,1097,21,1097,21,0,15,4,0
4,350,21.000000,0.000000,1,0,173082736,1098,21,1098,21,0,15,4,0
4,350,21.000000,0.000000,1,0,173082738,1099,21,1099,21,0,15,4,0
4,350,21.000000,0.000000,1,0,173082741,1100,21,1100,21,0,15,4,0
4,350,21.000000,0.000000,1,0,173082745,1101,21,1101,21,0,15,4,0
4,350,21.000000,0.000000,1,0,173082747,1103,21,1103,21,0,15,4,0
4,350,21.000000,0.000000,1,0,173082750,1104,21,1104,21,0,15,4,0
4,350,21.000000,0.000000,1,0,173082753,1105,21,1105,21,0,15,4,0
4,350,21.000000,0.000000,1,0,173082756,1106,21,1106,21,0,15,4,0
4,350,21.000000,0.000000,1,0,173082759,1108,21,1108,21,0,15,4,0
4,350,21.000000,0.000000,1,0,173082761,1109,21,1109,21,0,15,4,0
4,350,21.000000,0.000000,1,0,173082764,1110,21,1110,21,0,15,4,0
4,350,21.000000,0.000000,1,0,173082767,1112,21,1112,21,0,15,4,0
4,350,21.000000,0.000000,1,0,173082770,1115,21,1115,21,0,15,4,0
4,350,21.000000,0.000000,1,0,173082773,1117,21,1117,21,0,15,4,0
4,350,21.000000,0.000000,1,0,173082775,1120,22,1120,22,0,15,4,0
4,350,21.000000,0.000000,1,0,173082778,1122,23,1122,23,0,15,4,0
4,350,21.000000,0.000000,1,0,173082781,1124,23,1124,23,0,15,4,0
4,350,21.000000,0.000000,1,0,173082783,1125,23,1125,23,0,15,4,0
4,350,21.000000,0.000000,1,0,173082786,1128,23,1128,23,0,15,4,0
4,350,21.000000,0.000000,1,0,173082789,1131,23,1131,23,0,15,4,0
4,350,21.000000,0.000000,1,0,173082791,1132,23,1132,23,0,15,4,0
4,350,21.000000,0.000000,1,0,173082794,1134,24,1134,24,0,15,4,0
4,350,21.000000,0.000000,1,0,173082797,1136,25,1136,25,0,15,4,0
4,350,21.000000,0.000000,1,0,173082800,1138,25,1138,25,0,15,4,0
4,350,21.000000,0.000000,1,0,173082802,1140,25,1140,25,0,15,4,0
4,350,21.000000,0.000000,1,0,173082805,1142,26,1142,26,0,15,4,0
4,350,21.000000,0.000000,1,0,173082808,1143,26,1143,26,0,15,4,0
4,350,21.000000,0.000000,1,0,173082811,1144,26,1144,26,0,15,4,0
4,350,21.000000,0.000000,1,0,173082814,1145,27,1145,27,0,15,4,0
4,350,21.000000,0.000000,1,0,173082816,1146,27,1146,27,0,15,4,0
4,350,21.000000,0.000000,1,0,173082819,1147,27,1147,27,0,15,4,0
4,350,21.000000,0.000000,1,0,173082822,1149,28,1149,28,0,15,4,0
4,350,21.000000,0.000000,1,0,173082825,1150,28,1150,28,0,15,4,0
4,350,21.000000,0.000000,1,0,173082828,1151,28,1151,28,0,15,4,0
4,350,21.000000,0.000000,1,0,173082830,1151,28,1151,28,0,15,4,0
4,350,21.000000,0.000000,1,0,173082833,1151,28,1151,28,0,15,4,0
4,350,21.000000,0.000000,1,0,173082836,1151,28,1151,28,0,15,4,0
4,350,21.000000,0.000000,1,0,173082839,1151,28,1151,28,0,15,4,0
4,350,21.000000,0.000000,1,0,173082841,1151,28,1151,28,0,15,4,0
4,350,21.000000,0.000000,1,0,173082844,1151,28,1151,28,0,15,4,0
4,350,21.000000,0.000000,1,0,173082847,1151,28,1151,28,0,15,4,0
4,350,21.000000,0.000000,1,0,173082850,1151,28,1151,28,0,15,4,0
4,350,21.000000,0.000000,1,0,173082852,1151,28,1151,28,0,15,4,0
4,350,21.000000,0.000000,1,0,173082855,1151,28,1151,28,0,15,4,0
4,350,21.000000,0.000000,1,0,173082858,1151,28,1151,28,0,15,4,0
4,350,21.000000,0.000000,1,0,173082861,1151,28,1151,28,0,15,4,0
4,350,21.000000,0.000000,1,0,173082863,1151,28,1151,28,0,15,4,0
4,350,21.000000,0.000000,1,0,173082866,1151,28,1151,28,0,15,4,0
4,350,21.000000,0.000000,1,0,173082869,1151,28,1151,28,0,15,4,0
4,350,21.000000,0.000000,1,0,173082872,1151,28,1151,28,0,15,4,0
4,350,21.000000,0.000000,1,0,173082874,1151,28,1151,28,0,15,4,0
4,350,21.000000,0.000000,1,0,173082879,1151,28,1151,28,0,15,4,0
4,350,21.000000,0.000000,1,0,173082883,1151,28,1151,28,0,15,4,0
4,350,21.000000,0.000000,1,0,173082887,1151,28,1151,28,0,15,4,0
4,350,21.000000,0.000000,1,0,173082891,1151,28,1151,28,0,15,4,0
4,350,21.000000,0.000000,1,0,173082894,1151,28,1151,28,0,15,4,0
4,350,21.000000,0.000000,1,0,173082897,1151,28,1151,28,0,15,4,0
4,350,21.000000,0.000000,1,0,173082900,1151,28,1151,28,0,15,4,0
4,350,21.000000,0.000000,1,0,173082903,1151,28,1151,28,0,15,4,0
4,350,21.000000,0.000000,1,0,173082905,1151,28,1151,28,0,15,4,0
4,350,21.000000,0.000000,1,0,173082908,1151,28,1151,28,0,15,4,0
4,350,21.000000,0.000000,1,0,173082911,1151,28,1151,28,0,15,4,0
4,350,21.000000,0.000000,1,0,173082914,1151,28,1151,28,0,15,4,0
4,350,21.000000,0.000000,1,0,173082917,1151,28,1151,28,0,15,4,0
4,350,21.000000,0.000000,1,0,173082919,1151,28,1151,28,0,15,4,0
4,350,21.000000,0.000000,1,0,173082922,1151,28,1151,28,0,15,4,0
4,350,21.000000,0.000000,1,0,173082925,1151,28,1151,28,0,15,4,0
4,350,21.000000,0.000000,1,0,173082927,1151,28,1151,28,0,15,4,0
4,350,21.000000,0.000000,1,0,173082930,1151,28,1151,28,0,15,4,0
4,350,21.000000,0.000000,1,0,173082933,1151,28,1151,28,0,15,4,0
4,350,21.000000,0.000000,1,0,173082936,1151,27,1151,27,0,15,4,0
4,350,21.000000,0.000000,1,0,173082939,1151,27,1151,27,0,15,4,0
4,350,21.000000,0.000000,1,0,173082941,1151,27,1151,27,0,15,4,0
4,350,21.000000,0.000000,1,0,173082944,1151,27,1151,27,0,15,4,0
4,350,21.000000,0.000000,1,0,173082947,1151,26,1151,26,0,15,4,0
4,350,21.000000,0.000000,1,0,173082950,1151,25,1151,25,0,15,4,0
4,350,21.000000,0.000000,1,0,173082952,1151,25,1151,25,0,15,4,0
4,350,21.000000,0.000000,1,0,173082955,1151,25,1151,25,0,15,4,0
4,350,21.000000,0.000000,1,0,173082958,1151,25,1151,25,0,15,4,0
4,350,21.000000,0.000000,1,0,173082961,1151,24,1151,24,0,15,4,0
4,350,21.000000,0.000000,1,0,173082964,1151,23,1151,23,0,15,4,0
4,350,21.000000,0.000000,1,0,173082967,1151,23,1151,23,0,15,4,0
4,350,21.000000,0.000000,1,0,173082969,1151,23,1151,23,0,15,4,0
4,350,21.000000,0.000000,1,0,173082972,1151,23,1151,23,0,15,4,0
4,350,21.000000,0.000000,1,0,173082975,1151,22,1151,22,0,15,4,0
4,350,21.000000,0.000000,1,0,173082978,1151,22,1151,22,0,15,4,0
4,350,21.000000,0.000000,1,0,173082980,1151,22,1151,22,0,15,4,0
4,350,21.000000,0.000000,1,0,173082983,1151,21,1151,21,0,15,4,0
4,350,21.000000,0.000000,1,0,173082986,1150,21,1150,21,0,15,4,0
4,350,21.000000,0.000000,1,0,173082989,1149,21,1149,21,0,15,4,0
4,350,21.000000,0.000000,1,0,173082992,1149,21,1149,21,0,15,4,0
4,350,21.000000,0.000000,1,0,173082994,1148,20,1148,20,0,15,4,0
4,350,21.000000,0.000000,1,0,173082997,1148,20,1148,20,0,15,4,0
4,350,21.000000,0.000000,1,0,173082999,1148,20,1148,20,0,15,4,0
4,350,21.000000,0.000000,1,0,173083002,1148,20,1148,20,0,15,4,0
4,350,21.000000,0.000000,1,0,173083005,1148,19,1148,19,0,15,4,0
4,350,21.000000,0.000000,1,0,173083008,1147,19,1147,19,0,15,4,0
4,350,21.000000,0.000000,1,0,173083011,1146,19,1146,19,0,15,4,0
4,350,21.000000,0.000000,1,0,173083014,1146,18,1146,18,0,15,4,0
4,350,21.000000,0.000000,1,0,173083017,1146,17,1146,17,0,15,4,0
4,350,21.000000,0.000000,1,0,173083019,1146,16,1146,16,0,15,4,0
4,350,21.000000,0.000000,1,0,173083022,1145,16,1145,16,0,15,4,0
4,350,21.000000,0.000000,1,0,173083025,1144,16,1144,16,0,15,4,0
4,350,21.000000,0.000000,1,0,173083028,1144,16,1144,16,0,15,4,0
4,350,21.000000,0.000000,1,0,173083031,1144,16,1144,16,0,15,4,0
4,350,21.000000,0.000000,1,0,173083033,1144,15,1144,15,0,15,4,0
4,350,21.000000,0.000000,1,0,173083036,1144,14,1144,14,0,15,4,0
4,350,21.000000,0.000000,1,0,173083039,1143,14,1143,14,0,15,4,0
4,350,21.000000,0.000000,1,0,173083041,1142,14,1142,14,0,15,4,0
4,350,21.000000,0.000000,1,0,173083044,1142,14,1142,14,0,15,4,0
4,350,21.000000,0.000000,1,0,173083047,1142,14,1142,14,0,15,4,0
4,350,21.000000,0.000000,1,0,173083050,1141,14,1141,14,0,15,4,0
4,350,21.000000,0.000000,1,0,173083053,1140,14,1140,14,0,15,4,0
4,350,21.000000,0.000000,1,0,173083055,1140,14,1140,14,0,15,4,0
4,350,21.000000,0.000000,1,0,173083058,1140,14,1140,14,0,15,4,0
4,350,21.000000,0.000000,1,0,173083061,1140,14,1140,14,0,15,4,0
4,350,21.000000,0.000000,1,0,173083064,1140,14,1140,14,0,15,4,0
4,350,21.000000,0.000000,1,0,173083066,1140,14,1140,14,0,15,4,0
4,350,21.000000,0.000000,1,0,173083069,1140,14,1140,14,0,15,4,0
4,350,21.000000,0.000000,1,0,173083072,1140,14,1140,14,0,15,4,0
4,350,21.000000,0.000000,1,0,173083075,1140,14,1140,14,0,15,4,0
4,350,21.000000,0.000000,1,0,173083078,1140,14,1140,14,0,15,4,0
4,350,21.000000,0.000000,1,0,173083080,1140,14,1140,14,0,15,4,0
4,350,21.000000,0.000000,1,0,173083083,1140,14,1140,14,0,15,4,0
4,350,21.000000,0.000000,1,0,173083086,1140,14,1140,14,0,15,4,0
4,350,21.000000,0.000000,1,0,173083089,1140,14,1140,14,0,15,4,0
4,350,21.000000,0.000000,1,0,173083092,1140,14,1140,14,0,15,4,0
4,350,21.000000,0.000000,1,0,173083094,1140,14,1140,14,0,15,4,0
4,350,21.000000,0.000000,1,0,173083097,1140,14,1140,14,0,15,4,0
4,350,21.000000,0.000000,1,0,173083100,1140,14,1140,14,0,15,4,0
4,350,21.000000,0.000000,1,0,173083103,1140,14,1140,14,0,15,4,0
4,350,21.000000,0.000000,1,0,173083106,1140,14,1140,14,0,15,4,0
4,350,21.000000,0.000000,1,0,173083108,1140,14,1140,14,0,15,4,0
4,350,21.000000,0.000000,1,0,173083111,1140,14,1140,14,0,15,4,0
4,350,21.000000,0.000000,1,0,173083114,1140,14,1140,14,0,15,4,0
4,350,21.000000,0.000000,1,0,173083116,1140,14,1140,14,0,15,4,0
4,350,21.000000,0.000000,1,0,173083119,1140,14,1140,14,0,15,4,0
4,350,21.000000,0.000000,1,0,173083122,1140,14,1140,14,0,15,4,0
4,350,21.000000,0.000000,1,0,173083125,1140,14,1140,14,0,15,4,0
4,350,21.000000,0.000000,1,0,173083128,1140,14,1140,14,0,15,4,0
4,350,21.000000,0.000000,1,0,173083131,1140,14,1140,14,0,15,4,0
4,350,21.000000,0.000000,1,0,173083133,1140,14,1140,14,0,15,4,0
4,350,21.000000,0.000000,1,0,173083136,1140,14,1140,14,0,15,4,0
4,350,21.000000,0.000000,1,0,173083139,1140,14,1140,14,0,15,4,0
4,350,21.000000,0.000000,1,0,173083141,1140,14,1140,14,0,15,4,0
4,350,21.000000,0.000000,1,0,173083144,1140,14,1140,14,0,15,4,0
4,350,21.000000,0.000000,1,0,173083147,1140,14,1140,14,0,15,4,0
4,350,21.000000,0.000000,1,0,173083150,1140,14,1140,14,0,15,4,0
4,350,21.000000,0.000000,1,0,173083153,1140,14,1140,14,0,15,4,0
4,350,21.000000,0.000000,1,0,173083166,1140,14,1140,14,0,15,4,0
