4,700,21.000000,0.000000,0,5,175192711,608,4,608,4,0,160,2,0
4,700,21.000000,0.000000,0,5,175192712,608,4,608,4,0,160,2,0
4,700,21.000000,0.000000,0,5,175192715,608,4,608,4,0,160,2,0
4,700,21.000000,0.000000,0,5,175192718,608,4,608,4,0,160,2,0
4,700,21.000000,0.000000,0,5,175192720,608,4,608,4,0,160,2,0
4,700,21.000000,0.000000,0,5,175192723,608,4,608,4,0,160,2,0
4,700,21.000000,0.000000,0,5,175192726,608,4,608,4,0,160,2,0
4,700,21.000000,0.000000,0,5,175192729,608,4,608,4,0,160,2,0
4,700,21.000000,0.000000,0,5,175192732,608,4,608,4,0,160,2,0
4,700,21.000000,0.000000,0,5,175192734,608,4,608,4,0,160,2,0
4,700,21.000000,0.000000,0,5,175192737,608,4,608,4,0,160,2,0
4,700,21.000000,0.000000,0,5,175192739,608,4,608,4,0,160,2,0
4,700,21.000000,0.000000,0,5,175192742,608,4,608,4,0,160,2,0
4,700,21.000000,0.000000,0,5,175192745,608,4,608,4,0,160,2,0
4,700,21.000000,0.000000,0,5,175192748,608,4,608,4,0,160,2,0
4,700,21.000000,0.000000,0,5,175192751,608,4,608,4,0,160,2,0
4,700,21.000000,0.000000,0,5,175192753,608,4,608,4,0,160,2,0
4,700,21.000000,0.000000,0,5,175192756,608,4,608,4,0,160,2,0
4,700,21.000000,0.000000,0,5,175192759,608,4,608,4,0,160,2,0
4,700,21.000000,0.000000,0,5,175192762,608,4,608,4,0,160,2,0
4,700,21.000000,0.000000,0,5,175192765,608,4,608,4,0,160,2,0
4,700,21.000000,0.000000,0,5,175192767,608,4,608,4,0,160,2,0
4,700,21.000000,0.000000,0,5,175192770,608,4,608,4,0,160,2,0
4,700,21.000000,0.000000,0,5,175192773,608,4,608,4,0,160,2,0
4,700,21.000000,0.000000,0,5,175192776,608,4,608,4,0,160,2,0
4,700,21.000000,0.000000,0,5,175192779,609,4,609,4,0,160,2,0
4,700,21.000000,0.000000,0,5,175192781,610,4,610,4,0,160,2,0
4,700,21.000000,0.000000,0,5,175192784,611,4,611,4,0,160,2,0
4,700,21.000000,0.000000,0,5,175192787,612,4,612,4,0,160,2,0
4,700,21.000000,0.000000,0,5,175192790,614,4,614,4,0,160,2,0
4,700,21.000000,0.000000,0,5,175192793,616,4,616,4,0,160,2,0
4,700,21.000000,0.000000,0,5,175192795,622,3,622,3,0,160,2,0
4,700,21.000000,0.000000,0,5,175192798,626,3,626,3,0,160,2,0
4,700,21.000000,0.000000,0,5,175192801,631,2,631,2,0,160,2,0
4,700,21.000000,0.000000,0,5,175192804,633,1,633,1,0,160,2,0
4,700,21.000000,0.000000,0,5,175192806,646,0,646,0,0,160,2,0
4,700,21.000000,0.000000,0,5,175192809,653,0,653,-2,0,160,2,0
4,700,21.000000,0.000000,0,5,175192812,665,0,665,-5,0,160,2,0
4,700,21.000000,0.000000,0,5,175192815,672,0,672,-6,0,160,2,0
4,700,21.000000,0.000000,0,5,175192818,683,0,683,-8,0,160,2,0
4,700,21.000000,0.000000,0,5,175192820,697,0,697,-11,0,160,2,0
4,700,21.000000,0.000000,0,5,175192823,707,0,707,-13,0,160,2,0
4,700,21.000000,0.000000,0,5,175192826,720,0,720,-16,0,160,2,0
4,700,21.000000,0.000000,0,5,175192829,732,0,732,-19,0,160,2,0
4,700,21.000000,0.000000,0,5,175192831,753,0,753,-22,0,160,2,0
4,700,21.000000,0.000000,0,5,175192834,765,0,765,-24,0,160,2,0
4,700,21.000000,0.000000,0,5,175192837,775,0,775,-26,0,160,2,0
4,700,21.000000,0.000000,0,5,175192840,796,0,796,-29,0,160,2,0
4,700,21.000000,0.000000,0,5,175192842,808,0,808,-31,0,160,2,0
4,700,21.000000,0.000000,0,5,175192845,829,0,829,-34,0,160,2,0
4,700,21.000000,0.000000,0,5,175192848,842,0,842,-36,0,160,2,0
4,700,21.000000,0.000000,0,5,175192851,862,0,862,-40,0,160,2,0
4,700,21.000000,0.000000,0,5,175192854,874,0,874,-41,0,160,2,0
4,700,21.000000,0.000000,0,5,175192856,887,0,887,-43,0,160,2,0
4,700,21.000000,0.000000,0,5,175192859,902,0,902,-45,0,160,2,0
4,700,21.000000,0.000000,0,5,175192862,913,0,913,-46,0,160,2,0
4,700,21.000000,0.000000,0,5,175192865,922,0,922,-47,0,160,2,0
4,700,21.000000,0.000000,0,5,175192868,930,0,930,-48,0,160,2,0
4,700,21.000000,0.000000,0,5,175192870,939,0,939,-49,0,160,2,0
4,700,21.000000,0.000000,0,5,175192873,946,0,946,-50,0,160,2,0
4,700,21.000000,0.000000,0,5,175192876,956,0,956,-51,0,160,2,0
4,700,21.000000,0.000000,0,5,175192879,962,0,962,-51,0,160,2,0
4,700,21.000000,0.000000,0,5,175192882,967,0,967,-51,0,160,2,0
4,700,21.000000,0.000000,0,5,175192884,971,0,971,-51,0,160,2,0
4,700,21.000000,0.000000,0,5,175192887,975,0,975,-51,0,160,2,0
4,700,21.000000,0.000000,0,5,175192890,978,0,978,-51,0,160,2,0
4,700,21.000000,0.000000,0,5,175192893,981,0,981,-51,0,160,2,0
4,700,21.000000,0.000000,0,5,175192896,983,0,983,-51,0,160,2,0
4,700,21.000000,0.000000,0,5,175192898,984,0,984,-51,0,160,2,0
4,700,21.000000,0.000000,0,5,175192901,985,0,985,-51,0,160,2,0
4,700,21.000000,0.000000,0,5,175192904,986,0,986,-51,0,160,2,0
4,700,21.000000,0.000000,0,5,175192906,987,0,987,-51,0,160,2,0
4,700,21.000000,0.000000,0,5,175192909,987,0,987,-51,0,160,2,0
4,700,21.000000,0.000000,0,5,175192912,987,0,987,-51,0,160,2,0
4,700,21.000000,0.000000,0,5,175192915,987,0,987,-51,0,160,2,0
4,700,21.000000,0.000000,0,5,175192917,987,0,987,-51,0,160,2,0
4,700,21.000000,0.000000,0,5,175192921,987,0,987,-51,0,160,2,0
4,700,21.000000,0.000000,0,5,175192923,987,0,987,-51,0,160,2,0
4,700,21.000000,0.000000,0,5,175192926,987,0,987,-51,0,160,2,0
4,700,21.000000,0.000000,0,5,175192929,987,0,987,-51,0,160,2,0
4,700,21.000000,0.000000,0,5,175192931,987,0,987,-51,0,160,2,0
4,700,21.000000,0.000000,0,5,175192934,987,0,987,-51,0,160,2,0
4,700,21.000000,0.000000,0,5,175192937,987,0,987,-51,0,160,2,0
4,700,21.000000,0.000000,0,5,175192940,987,0,987,-51,0,160,2,0
4,700,21.000000,0.000000,0,5,175192943,987,0,987,-51,0,160,2,0
4,700,21.000000,0.000000,0,5,175192945,987,0,987,-51,0,160,2,0
4,700,21.000000,0.000000,0,5,175192948,987,0,987,-51,0,160,2,0
4,700,21.000000,0.000000,0,5,175192951,987,0,987,-51,0,160,2,0
4,700,21.000000,0.000000,0,5,175192954,987,0,987,-51,0,160,2,0
4,700,21.000000,0.000000,0,5,175192957,987,0,987,-51,0,160,2,0
4,700,21.000000,0.000000,0,5,175192959,987,0,987,-51,0,160,2,0
4,700,21.000000,0.000000,0,5,175192962,987,0,987,-51,0,160,2,0
4,700,21.000000,0.000000,0,5,175192965,987,0,987,-51,0,160,2,0
4,700,21.000000,0.000000,0,5,175192968,987,0,987,-51,0,160,2,0
4,700,21.000000,0.000000,0,5,175192970,987,0,987,-51,0,160,2,0
4,700,21.000000,0.000000,0,5,175192973,987,0,987,-51,0,160,2,0
4,700,21.000000,0.000000,0,5,175192976,987,0,987,-51,0,160,2,0
4,700,21.000000,0.000000,0,5,175192979,987,0,987,-51,0,160,2,0
4,700,21.000000,0.000000,0,5,175192981,987,0,987,-51,0,160,2,0
4,700,21.000000,0.000000,0,5,175192984,987,0,987,-51,0,160,2,0
4,700,21.000000,0.000000,0,5,175192987,987,0,987,-51,0,160,2,0
4,700,21.000000,0.000000,0,5,175192990,987,0,987,-51,0,160,2,0
4,700,21.000000,0.000000,0,5,175192992,987,0,987,-51,0,160,2,0
4,700,21.000000,0.000000,0,5,175192995,987,0,987,-51,0,160,2,0
4,700,21.000000,0.000000,0,5,175192998,987,0,987,-51,0,160,2,0
4,700,21.000000,0.000000,0,5,175193001,987,0,987,-51,0,160,2,0
4,700,21.000000,0.000000,0,5,175193004,987,0,987,-51,0,160,2,0
4,700,21.000000,0.000000,0,5,175193007,987,0,987,-51,0,160,2,0
4,700,21.000000,0.000000,0,5,175193009,987,0,987,-51,0,160,2,0
4,700,21.000000,0.000000,0,5,175193012,987,0,987,-51,0,160,2,0
4,700,21.000000,0.000000,0,5,175193015,987,0,987,-51,0,160,2,0
4,700,21.000000,0.000000,0,5,175193018,987,0,987,-51,0,160,2,0
4,700,21.000000,0.000000,0,5,175193020,987,0,987,-51,0,160,2,0
4,700,21.000000,0.000000,0,5,175193023,987,0,987,-51,0,160,2,0
4,700,21.000000,0.000000,0,5,175193026,987,0,987,-51,0,160,2,0
4,700,21.000000,0.000000,0,5,175193029,987,0,987,-51,0,160,2,0
4,700,21.000000,0.000000,0,5,175193031,987,0,987,-51,0,160,2,0
4,700,21.000000,0.000000,0,5,175193034,987,0,987,-51,0,160,2,0
4,700,21.000000,0.000000,0,5,175193037,987,0,987,-51,0,160,2,0
4,700,21.000000,0.000000,0,5,175193040,987,0,987,-51,0,160,2,0
4,700,21.000000,0.000000,0,5,175193043,987,0,987,-51,0,160,2,0
4,700,21.000000,0.000000,0,5,175193046,987,0,987,-51,0,160,2,0
4,700,21.000000,0.000000,0,5,175193048,987,0,987,-51,0,160,2,0
4,700,21.000000,0.000000,0,5,175193051,987,0,987,-51,0,160,2,0
4,700,21.000000,0.000000,0,5,175193054,988,0,988,-51,0,160,2,0
4,700,21.000000,0.000000,0,5,175193057,988,0,988,-52,0,160,2,0
4,700,21.000000,0.000000,0,5,175193060,989,0,989,-52,0,160,2,0
4,700,21.000000,0.000000,0,5,175193062,990,0,990,-52,0,160,2,0
4,700,21.000000,0.000000,0,5,175193065,991,0,991,-52,0,160,2,0
4,700,21.000000,0.000000,0,5,175193067,992,0,992,-52,0,160,2,0
4,700,21.000000,0.000000,0,5,175193070,993,0,993,-52,0,160,2,0
4,700,21.000000,0.000000,0,5,175193073,994,0,994,-52,0,160,2,0
4,700,21.000000,0.000000,0,5,175193076,995,0,995,-52,0,160,2,0
4,700,21.000000,0.000000,0,5,175193079,996,0,996,-52,0,160,2,0
4,700,21.000000,0.000000,0,5,175193082,997,0,997,-52,0,160,2,0
4,700,21.000000,0.000000,0,5,175193086,999,0,999,-52,0,160,2,0
4,700,21.000000,0.000000,0,5,175193088,1000,0,1000,-52,0,160,2,0
4,700,21.000000,0.000000,0,5,175193091,1001,0,1001,-52,0,160,2,0
4,700,21.000000,0.000000,0,5,175193094,1003,0,1003,-53,0,160,2,0
4,700,21.000000,0.000000,0,5,175193097,1005,0,1005,-53,0,160,2,0
4,700,21.000000,0.000000,0,5,175193099,1007,0,1007,-53,0,160,2,0
4,700,21.000000,0.000000,0,5,175193102,1009,0,1009,-53,0,160,2,0
4,700,21.000000,0.000000,0,5,175193105,1012,0,1012,-53,0,160,2,0
4,700,21.000000,0.000000,0,5,175193107,1016,0,1016,-53,0,160,2,0
4,700,21.000000,0.000000,0,5,175193110,1020,0,1020,-53,0,160,2,0
4,700,21.000000,0.000000,0,5,175193113,1025,0,1025,-54,0,160,2,0
4,700,21.000000,0.000000,0,5,175193116,1030,0,1030,-54,0,160,2,0
4,700,21.000000,0.000000,0,5,175193118,1037,0,1037,-54,0,160,2,0
4,700,21.000000,0.000000,0,5,175193121,1044,0,1044,-54,0,160,2,0
4,700,21.000000,0.000000,0,5,175193124,1050,0,1050,-54,0,160,2,0
4,700,21.000000,0.000000,0,5,175193126,1056,0,1056,-54,0,160,2,0
4,700,21.000000,0.000000,0,5,175193129,1067,0,1067,-54,0,160,2,0
4,700,21.000000,0.000000,0,5,175193132,1073,0,1073,-54,0,160,2,0
4,700,21.000000,0.000000,0,5,175193135,1077,0,1077,-54,0,160,2,0
4,700,21.000000,0.000000,0,5,175193137,1086,0,1086,-54,0,160,2,0
4,700,21.000000,0.000000,0,5,175193140,1092,0,1092,-54,0,160,2,0
4,700,21.000000,0.000000,0,5,175193143,1102,0,1102,-55,0,160,2,0
4,700,21.000000,0.000000,0,5,175193145,1117,0,1117,-55,0,160,2,0
4,700,21.000000,0.000000,0,5,175193148,1125,0,1125,-55,0,160,2,0
4,700,21.000000,0.000000,0,5,175193151,1134,0,1134,-55,0,160,2,0
4,700,21.000000,0.000000,0,5,175193154,1142,0,1142,-55,0,160,2,0
4,700,21.000000,0.000000,0,5,175193156,1150,0,1150,-55,0,160,2,0
4,700,21.000000,0.000000,0,5,175193159,1159,0,1159,-55,0,160,2,0
4,700,21.000000,0.000000,0,5,175193162,1164,0,1164,-55,0,160,2,0
4,700,21.000000,0.000000,0,5,175193165,1300,0,1171,-55,0,160,2,0
4,700,21.000000,0.000000,0,5,175193168,1310,0,1181,-55,0,160,2,0
4,700,21.000000,0.000000,0,5,175193170,1317,0,1188,-55,0,160,2,0
4,700,21.000000,0.000000,0,5,175193173,1323,0,1194,-55,0,160,2,0
4,700,21.000000,0.000000,0,5,175193176,1328,0,1199,-55,0,160,2,0
4,700,21.000000,0.000000,0,5,175193179,1332,0,1203,-55,0,160,2,0
4,700,21.000000,0.000000,0,5,175193182,1337,0,1208,-55,0,160,2,0
4,700,21.000000,0.000000,0,5,175193185,1338,0,1209,-55,0,160,2,0
4,700,21.000000,0.000000,0,5,175193187,1341,0,1212,-55,0,160,2,0
4,700,21.000000,0.000000,0,5,175193190,1344,0,1215,-55,0,160,2,0
4,700,21.000000,0.000000,0,5,175193193,1346,0,1217,-55,0,160,2,0
4,700,21.000000,0.000000,0,5,175193196,1347,0,1218,-55,0,160,2,0
4,700,21.000000,0.000000,0,5,175193198,1348,1,1219,-54,0,160,2,0
4,700,21.000000,0.000000,0,5,175193201,1349,1,1220,-54,0,160,2,0
4,700,21.000000,0.000000,0,5,175193204,1350,1,1221,-54,0,160,2,0
4,700,21.000000,0.000000,0,5,175193207,1350,1,1221,-54,0,160,2,0
4,700,21.000000,0.000000,0,5,175193209,1350,1,1221,-54,0,160,2,0
4,700,21.000000,0.000000,0,5,175193212,1350,1,1221,-54,0,160,2,0
4,700,21.000000,0.000000,0,5,175193215,1350,1,1221,-54,0,160,2,0
4,700,21.000000,0.000000,0,5,175193218,1350,1,1221,-54,0,160,2,0
4,700,21.000000,0.000000,0,5,175193220,1350,1,1221,-54,0,160,2,0
4,700,21.000000,0.000000,0,5,175193224,1350,1,1221,-54,0,160,2,0
4,700,21.000000,0.000000,0,5,175193226,1350,1,1221,-54,0,160,2,0
4,700,21.000000,0.000000,0,5,175193229,1350,1,1221,-54,0,160,2,0
4,700,21.000000,0.000000,0,5,175193232,1350,1,1221,-54,0,160,2,0
4,700,21.000000,0.000000,0,5,175193235,1350,1,1221,-54,0,160,2,0
4,700,21.000000,0.000000,0,5,175193237,1350,1,1221,-54,0,160,2,0
4,700,21.000000,0.000000,0,5,175193240,1350,1,1221,-54,0,160,2,0
4,700,21.000000,0.000000,0,5,175193243,1350,1,1221,-54,0,160,2,0
4,700,21.000000,0.000000,0,5,175193245,1350,1,1221,-54,0,160,2,0
4,700,21.000000,0.000000,0,5,175193248,1350,1,1221,-54,0,160,2,0
4,700,21.000000,0.000000,0,5,175193251,1350,1,1221,-54,0,160,2,0
4,700,21.000000,0.000000,0,5,175193254,1350,1,1221,-54,0,160,2,0
4,700,21.000000,0.000000,0,5,175193257,1350,1,1221,-54,0,160,2,0
4,700,21.000000,0.000000,0,5,175193260,1350,1,1221,-54,0,160,2,0
4,700,21.000000,0.000000,0,5,175193262,1350,1,1221,-54,0,160,2,0
4,700,21.000000,0.000000,0,5,175193265,1350,1,1221,-54,0,160,2,0
4,700,21.000000,0.000000,0,5,175193268,1350,1,1221,-54,0,160,2,0
4,700,21.000000,0.000000,0,5,175193271,1350,1,1221,-54,0,160,2,0
4,700,21.000000,0.000000,0,5,175193274,1350,1,1221,-54,0,160,2,0
4,700,21.000000,0.000000,0,5,175193276,1350,1,1221,-54,0,160,2,0
4,700,21.000000,0.000000,0,5,175193279,1350,1,1221,-54,0,160,2,0
4,700,21.000000,0.000000,0,5,175193282,1350,1,1221,-54,0,160,2,0
4,700,21.000000,0.000000,0,5,175193285,1350,1,1221,-54,0,160,2,0
4,700,21.000000,0.000000,0,5,175193287,1350,1,1221,-54,0,160,2,0
4,700,21.000000,0.000000,0,5,175193290,1350,1,1221,-54,0,160,2,0
4,700,21.000000,0.000000,0,5,175193293,1350,1,1221,-54,0,160,2,0
4,700,21.000000,0.000000,0,5,175193295,1350,1,1221,-54,0,160,2,0
4,700,21.000000,0.000000,0,5,175193298,1350,1,1221,-54,0,160,2,0
4,700,21.000000,0.000000,0,5,175193301,1350,1,1221,-54,0,160,2,0
4,700,21.000000,0.000000,0,5,175193304,1350,1,1221,-54,0,160,2,0
4,700,21.000000,0.000000,0,5,175193307,1350,1,1221,-54,0,160,2,0
4,700,21.000000,0.000000,0,5,175193310,1350,1,1221,-54,0,160,2,0
4,700,21.000000,0.000000,0,5,175193312,1350,1,1221,-54,0,160,2,0
4,700,21.000000,0.000000,0,5,175193315,1350,1,1221,-54,0,160,2,0
4,700,21.000000,0.000000,0,5,175193318,1350,1,1221,-54,0,160,2,0
4,700,21.000000,0.000000,0,5,175193321,1350,1,1221,-54,0,160,2,0
4,700,21.000000,0.000000,0,5,175193323,1350,1,1221,-54,0,160,2,0
4,700,21.000000,0.000000,0,5,175193326,1350,1,1221,-54,0,160,2,0
4,700,21.000000,0.000000,0,5,175193329,1350,1,1221,-54,0,160,2,0
4,700,21.000000,0.000000,0,5,175193332,1350,1,1221,-54,0,160,2,0
4,700,21.000000,0.000000,0,5,175193335,1350,1,1221,-54,0,160,2,0
4,700,21.000000,0.000000,0,5,175193337,1350,1,1221,-54,0,160,2,0
4,700,21.000000,0.000000,0,5,175193340,1350,1,1221,-54,0,160,2,0
4,700,21.000000,0.000000,0,5,175193343,1350,1,1221,-54,0,160,2,0
4,700,21.000000,0.000000,0,5,175193346,1350,1,1221,-54,0,160,2,0
4,700,21.000000,0.000000,0,5,175193349,1350,1,1221,-54,0,160,2,0
4,700,21.000000,0.000000,0,5,175193351,1350,1,1221,-54,0,160,2,0
4,700,21.000000,0.000000,0,5,175193354,1350,1,1221,-54,0,160,2,0
4,700,21.000000,0.000000,0,5,175193357,1350,1,1221,-54,0,160,2,0
4,700,21.000000,0.000000,0,5,175193360,1350,1,1221,-54,0,160,2,0
4,700,21.000000,0.000000,0,5,175193362,1350,1,1221,-54,0,160,2,0
4,700,21.000000,0.000000,0,5,175193365,1350,1,1221,-54,0,160,2,0
4,700,21.000000,0.000000,0,5,175193368,1350,1,1221,-54,0,160,2,0
4,700,21.000000,0.000000,0,5,175193371,1350,1,1221,-54,0,160,2,0
4,700,21.000000,0.000000,0,5,175193373,1350,1,1221,-54,0,160,2,0
4,700,21.000000,0.000000,0,5,175193376,1350,1,1221,-54,0,160,2,0
4,700,21.000000,0.000000,0,5,175193379,1350,1,1221,-54,0,160,2,0
4,700,21.000000,0.000000,0,5,175193382,1350,1,1221,-54,0,160,2,0
4,700,21.000000,0.000000,0,5,175193385,1350,1,1221,-54,0,160,2,0
4,700,21.000000,0.000000,0,5,175193387,1350,1,1221,-54,0,160,2,0
4,700,21.000000,0.000000,0,5,175193390,1350,1,1221,-54,0,160,2,0
4,700,21.000000,0.000000,0,5,175193393,1350,1,1221,-54,0,160,2,0
4,700,21.000000,0.000000,0,5,175193396,1349,1,1220,-54,0,160,2,0
4,700,21.000000,0.000000,0,5,175193399,1348,1,1219,-54,0,160,2,0
4,700,21.000000,0.000000,0,5,175193401,1348,1,1219,-54,0,160,2,0
4,700,21.000000,0.000000,0,5,175193404,1348,1,1219,-54,0,160,2,0
4,700,21.000000,0.000000,0,5,175193407,1348,1,1219,-54,0,160,2,0
4,700,21.000000,0.000000,0,5,175193410,1348,1,1219,-54,0,160,2,0
4,700,21.000000,0.000000,0,5,175193413,1348,1,1219,-54,0,160,2,0
4,700,21.000000,0.000000,0,5,175193415,1348,1,1219,-54,0,160,2,0
4,700,21.000000,0.000000,0,5,175193418,1348,1,1219,-54,0,160,2,0
4,700,21.000000,0.000000,0,5,175193420,1347,1,1218,-54,0,160,2,0
4,700,21.000000,0.000000,0,5,175193423,1346,1,1217,-54,0,160,2,0
4,700,21.000000,0.000000,0,5,175193426,1345,1,1216,-54,0,160,2,0
4,700,21.000000,0.000000,0,5,175193429,1344,1,1215,-54,0,160,2,0
4,700,21.000000,0.000000,0,5,175193432,1343,1,1214,-54,0,160,2,0
4,700,21.000000,0.000000,0,5,175193434,1342,1,1213,-54,0,160,2,0
4,700,21.000000,0.000000,0,5,175193437,1341,2,1212,-53,0,160,2,0
4,700,21.000000,0.000000,0,5,175193440,1339,3,1210,-52,0,160,2,0
4,700,21.000000,0.000000,0,5,175193443,1338,3,1209,-52,0,160,2,0
4,700,21.000000,0.000000,0,5,175193446,1337,3,1208,-52,0,160,2,0
4,700,21.000000,0.000000,0,5,175193448,1335,3,1206,-52,0,160,2,0
4,700,21.000000,0.000000,0,5,175193451,1334,3,1205,-52,0,160,2,0
4,700,21.000000,0.000000,0,5,175193454,1333,3,1204,-52,0,160,2,0
4,700,21.000000,0.000000,0,5,175193457,1332,3,1203,-52,0,160,2,0
4,700,21.000000,0.000000,0,5,175193460,1330,3,1201,-52,0,160,2,0
4,700,21.000000,0.000000,0,5,175193462,1329,3,1200,-52,0,160,2,0
4,700,21.000000,0.000000,0,5,175193465,1328,3,1199,-52,0,160,2,0
4,700,21.000000,0.000000,0,5,175193468,1327,3,1198,-52,0,160,2,0
4,700,21.000000,0.000000,0,5,175193471,1326,3,1197,-52,0,160,2,0
4,700,21.000000,0.000000,0,5,175193474,1325,3,1196,-52,0,160,2,0
4,700,21.000000,0.000000,0,5,175193476,1324,3,1195,-52,0,160,2,0
4,700,21.000000,0.000000,0,5,175193479,1323,3,1194,-52,0,160,2,0
4,700,21.000000,0.000000,0,5,175193482,1322,3,1193,-52,0,160,2,0
4,700,21.000000,0.000000,0,5,175193485,1322,3,1193,-52,0,160,2,0
4,700,21.000000,0.000000,0,5,175193488,1322,3,1193,-52,0,160,2,0
4,700,21.000000,0.000000,0,5,175193490,1322,3,1193,-52,0,160,2,0
4,700,21.000000,0.000000,0,5,175193493,1322,3,1193,-52,0,160,2,0
4,700,21.000000,0.000000,0,5,175193496,1322,3,1193,-52,0,160,2,0
4,700,21.000000,0.000000,0,5,175193499,1322,3,1193,-52,0,160,2,0
4,700,21.000000,0.000000,0,5,175193501,1322,3,1193,-52,0,160,2,0
4,700,21.000000,0.000000,0,5,175193504,1322,3,1193,-52,0,160,2,0
4,700,21.000000,0.000000,0,5,175193507,1322,3,1193,-52,0,160,2,0
4,700,21.000000,0.000000,0,5,175193510,1322,3,1193,-52,0,160,2,0
4,700,21.000000,0.000000,0,5,175193513,1322,3,1193,-52,0,160,2,0
4,700,21.000000,0.000000,0,5,175193515,1322,3,1193,-52,0,160,2,0
4,700,21.000000,0.000000,0,5,175193518,1322,3,1193,-52,0,160,2,0
4,700,21.000000,0.000000,0,5,175193521,1322,3,1193,-52,0,160,2,0
4,700,21.000000,0.000000,0,5,175193523,1322,3,1193,-52,0,160,2,0
4,700,21.000000,0.000000,0,5,175193526,1322,3,1193,-52,0,160,2,0
4,700,21.000000,0.000000,0,5,175193529,1322,3,1193,-52,0,160,2,0
4,700,21.000000,0.000000,0,5,175193532,1322,3,1193,-52,0,160,2,0
4,700,21.000000,0.000000,0,5,175193535,1322,3,1193,-52,0,160,2,0
4,700,21.000000,0.000000,0,5,175193537,1322,3,1193,-52,0,160,2,0
4,700,21.000000,0.000000,0,5,175193540,1322,3,1193,-52,0,160,2,0
4,700,21.000000,0.000000,0,5,175193543,1322,3,1193,-52,0,160,2,0
4,700,21.000000,0.000000,0,5,175193546,1322,3,1193,-52,0,160,2,0
4,700,21.000000,0.000000,0,5,175193548,1322,3,1193,-52,0,160,2,0
4,700,21.000000,0.000000,0,5,175193552,1322,3,1193,-52,0,160,2,0
4,700,21.000000,0.000000,0,5,175193554,1322,3,1193,-52,0,160,2,0
4,700,21.000000,0.000000,0,5,175193557,1322,3,1193,-52,0,160,2,0
4,700,21.000000,0.000000,0,5,175193560,1322,3,1193,-52,0,160,2,0
4,700,21.000000,0.000000,0,5,175193563,1322,3,1193,-52,0,160,2,0
4,700,21.000000,0.000000,0,5,175193565,1322,3,1193,-52,0,160,2,0
4,700,21.000000,0.000000,0,5,175193568,1322,3,1193,-52,0,160,2,0
4,700,21.000000,0.000000,0,5,175193571,1322,3,1193,-52,0,160,2,0
4,700,21.000000,0.000000,0,5,175193574,1322,3,1193,-52,0,160,2,0
4,700,21.000000,0.000000,0,5,175193576,1322,3,1193,-52,0,160,2,0
4,700,21.000000,0.000000,0,5,175193579,1322,3,1193,-52,0,160,2,0
4,700,21.000000,0.000000,0,5,175193582,1322,3,1193,-52,0,160,2,0
4,700,21.000000,0.000000,0,5,175193585,1321,3,1192,-52,0,160,2,0
4,700,21.000000,0.000000,0,5,175193588,1320,3,1191,-52,0,160,2,0
4,700,21.000000,0.000000,0,5,175193590,1320,3,1191,-52,0,160,2,0
4,700,21.000000,0.000000,0,5,175193593,1320,3,1191,-52,0,160,2,0
4,700,21.000000,0.000000,0,5,175193596,1320,3,1191,-52,0,160,2,0
4,700,21.000000,0.000000,0,5,175193599,1320,3,1191,-52,0,160,2,0
4,700,21.000000,0.000000,0,5,175193601,1320,3,1191,-52,0,160,2,0
4,700,21.000000,0.000000,0,5,175193604,1320,3,1191,-52,0,160,2,0
4,700,21.000000,0.000000,0,5,175193607,1320,3,1191,-52,0,160,2,0
4,700,21.000000,0.000000,0,5,175193610,1320,3,1191,-52,0,160,2,0
4,700,21.000000,0.000000,0,5,175193613,1320,3,1191,-52,0,160,2,0
4,700,21.000000,0.000000,0,5,175193615,1319,3,1190,-52,0,160,2,0
4,700,21.000000,0.000000,0,5,175193618,1318,3,1189,-52,0,160,2,0
4,700,21.000000,0.000000,0,5,175193621,1318,3,1189,-52,0,160,2,0
4,700,21.000000,0.000000,0,5,175193624,1318,3,1189,-52,0,160,2,0
4,700,21.000000,0.000000,0,5,175193627,1318,3,1189,-52,0,160,2,0
4,700,21.000000,0.000000,0,5,175193629,1318,3,1189,-52,0,160,2,0
4,700,21.000000,0.000000,0,5,175193632,1318,3,1189,-52,0,160,2,0
4,700,21.000000,0.000000,0,5,175193635,1318,3,1189,-52,0,160,2,0
4,700,21.000000,0.000000,0,5,175193638,1318,3,1189,-52,0,160,2,0
4,700,21.000000,0.000000,0,5,175193640,1318,3,1189,-52,0,160,2,0
4,700,21.000000,0.000000,0,5,175193643,1318,3,1189,-52,0,160,2,0
4,700,21.000000,0.000000,0,5,175193646,1318,3,1189,-52,0,160,2,0
4,700,21.000000,0.000000,0,5,175193649,1318,3,1189,-52,0,160,2,0
4,700,21.000000,0.000000,0,5,175193651,1318,3,1189,-52,0,160,2,0
4,700,21.000000,0.000000,0,5,175193654,1318,3,1189,-52,0,160,2,0
4,700,21.000000,0.000000,0,5,175193657,1318,3,1189,-52,0,160,2,0
4,700,21.000000,0.000000,0,5,175193660,1318,3,1189,-52,0,160,2,0
4,700,21.000000,0.000000,0,5,175193663,1318,3,1189,-52,0,160,2,0
4,700,21.000000,0.000000,0,5,175193665,1318,3,1189,-52,0,160,2,0
4,700,21.000000,0.000000,0,5,175193668,1318,3,1189,-52,0,160,2,0
4,700,21.000000,0.000000,0,5,175193671,1318,3,1189,-52,0,160,2,0
4,700,21.000000,0.000000,0,5,175193674,1318,3,1189,-52,0,160,2,0
4,700,21.000000,0.000000,0,5,175193676,1318,3,1189,-52,0,160,2,0
4,700,21.000000,0.000000,0,5,175193679,1318,3,1189,-52,0,160,2,0
4,700,21.000000,0.000000,0,5,175193682,1318,3,1189,-52,0,160,2,0
4,700,21.000000,0.000000,0,5,175193685,1318,3,1189,-52,0,160,2,0
4,700,21.000000,0.000000,0,5,175193687,1318,3,1189,-52,0,160,2,0
4,700,21.000000,0.000000,0,5,175193690,1318,3,1189,-52,0,160,2,0
4,700,21.000000,0.000000,0,5,175193693,1318,3,1189,-52,0,160,2,0
4,700,21.000000,0.000000,0,5,175193696,1318,3,1189,-52,0,160,2,0
4,700,21.000000,0.000000,0,5,175193699,1318,3,1189,-52,0,160,2,0
4,700,21.000000,0.000000,0,5,175193701,1318,3,1189,-52,0,160,2,0
4,700,21.000000,0.000000,0,5,175193704,1318,3,1189,-52,0,160,2,0
4,700,21.000000,0.000000,0,5,175193707,1318,3,1189,-52,0,160,2,0
4,700,21.000000,0.000000,0,5,175193710,1318,3,1189,-52,0,160,2,0
4,700,21.000000,0.000000,0,5,175193713,1318,3,1189,-52,0,160,2,0
4,700,21.000000,0.000000,0,5,175193715,1318,3,1189,-52,0,160,2,0
4,700,21.000000,0.000000,0,5,175193718,1318,3,1189,-52,0,160,2,0
4,700,21.000000,0.000000,0,5,175193721,1318,3,1189,-52,0,160,2,0
4,700,21.000000,0.000000,0,5,175193724,1318,3,1189,-52,0,160,2,0
4,700,21.000000,0.000000,0,5,175193726,1318,3,1189,-52,0,160,2,0
4,700,21.000000,0.000000,0,5,175193729,1318,3,1189,-52,0,160,2,0
4,700,21.000000,0.000000,0,5,175193732,1318,3,1189,-52,0,160,2,0
4,700,21.000000,0.000000,0,5,175193735,1318,3,1189,-52,0,160,2,0
4,700,21.000000,0.000000,0,5,175193738,1318,3,1189,-52,0,160,2,0
4,700,21.000000,0.000000,0,5,175193740,1318,3,1189,-52,0,160,2,0
4,700,21.000000,0.000000,0,5,175193743,1318,3,1189,-52,0,160,2,0
4,700,21.000000,0.000000,0,5,175193746,1318,3,1189,-52,0,160,2,0
4,700,21.000000,0.000000,0,5,175193749,1318,3,1189,-52,0,160,2,0
4,700,21.000000,0.000000,0,5,175193751,1318,3,1189,-52,0,160,2,0
4,700,21.000000,0.000000,0,5,175193754,1318,3,1189,-52,0,160,2,0
4,700,21.000000,0.000000,0,5,175193757,1318,3,1189,-52,0,160,2,0
4,700,21.000000,0.000000,0,5,175193760,1318,3,1189,-52,0,160,2,0
4,700,21.000000,0.000000,0,5,175193762,1318,3,1189,-52,0,160,2,0
4,700,21.000000,0.000000,0,5,175193766,1318,3,1189,-52,0,160,2,0
4,700,21.000000,0.000000,0,5,175193768,1318,3,1189,-52,0,160,2,0
4,700,21.000000,0.000000,0,5,175193771,1318,3,1189,-52,0,160,2,0
4,700,21.000000,0.000000,0,5,175193774,1318,3,1189,-52,0,160,2,0
4,700,21.000000,0.000000,0,5,175193777,1318,3,1189,-52,0,160,2,0
4,700,21.000000,0.000000,0,5,175193779,1318,3,1189,-52,0,160,2,0
4,700,21.000000,0.000000,0,5,175193782,1318,3,1189,-52,0,160,2,0
4,700,21.000000,0.000000,0,5,175193785,1318,3,1189,-52,0,160,2,0
4,700,21.000000,0.000000,0,5,175193788,1318,3,1189,-52,0,160,2,0
4,700,21.000000,0.000000,0,5,175193791,1318,3,1189,-52,0,160,2,0
4,700,21.000000,0.000000,0,5,175193804,1318,3,1189,-52,0,160,2,0
