4,700,80.500000,0.000000,1,0,76503285,642,10,642,10,0,18,6
4,700,80.500000,0.000000,1,0,76503286,642,10,642,10,0,18,6
4,700,80.500000,0.000000,1,0,76503288,642,10,642,10,0,18,6
4,700,80.500000,0.000000,1,0,76503291,642,10,642,10,0,18,6
4,700,80.500000,0.000000,1,0,76503294,642,10,642,10,0,18,6
4,700,80.500000,0.000000,1,0,76503297,642,10,642,10,0,18,6
4,700,80.500000,0.000000,1,0,76503299,642,10,642,10,0,18,6
4,700,80.500000,0.000000,1,0,76503302,642,10,642,10,0,18,6
4,700,80.500000,0.000000,1,0,76503305,642,10,642,10,0,18,6
4,700,80.500000,0.000000,1,0,76503308,642,10,642,10,0,18,6
4,700,80.500000,0.000000,1,0,76503310,642,10,642,10,0,18,6
4,700,80.500000,0.000000,1,0,76503313,642,10,642,10,0,18,6
4,700,80.500000,0.000000,1,0,76503316,642,10,642,10,0,18,6
4,700,80.500000,0.000000,1,0,76503319,642,10,642,10,0,18,6
4,700,80.500000,0.000000,1,0,76503322,642,10,642,10,0,18,6
4,700,80.500000,0.000000,1,0,76503325,642,10,642,10,0,18,6
4,700,80.500000,0.000000,1,0,76503327,642,10,642,10,0,18,6
4,700,80.500000,0.000000,1,0,76503330,642,10,642,10,0,18,6
4,700,80.500000,0.000000,1,0,76503333,642,10,642,10,0,18,6
4,700,80.500000,0.000000,1,0,76503336,642,10,642,10,0,18,6
4,700,80.500000,0.000000,1,0,76503338,642,10,642,10,0,18,6
4,700,80.500000,0.000000,1,0,76503341,642,10,642,10,0,18,6
4,700,80.500000,0.000000,1,0,76503344,642,10,642,10,0,18,6
4,700,80.500000,0.000000,1,0,76503347,642,10,642,10,0,18,6
4,700,80.500000,0.000000,1,0,76503349,642,10,642,10,0,18,6
4,700,80.500000,0.000000,1,0,76503352,642,10,642,10,0,18,6
4,700,80.500000,0.000000,1,0,76503355,642,10,642,10,0,18,6
4,700,80.500000,0.000000,1,0,76503358,642,10,642,10,0,18,6
4,700,80.500000,0.000000,1,0,76503361,642,10,642,10,0,18,6
4,700,80.500000,0.000000,1,0,76503363,642,10,642,10,0,18,6
4,700,80.500000,0.000000,1,0,76503366,642,10,642,10,0,18,6
4,700,80.500000,0.000000,1,0,76503369,642,10,642,10,0,18,6
4,700,80.500000,0.000000,1,0,76503372,642,10,642,10,0,18,6
4,700,80.500000,0.000000,1,0,76503374,642,10,642,10,0,18,6
4,700,80.500000,0.000000,1,0,76503377,642,10,642,10,0,18,6
4,700,80.500000,0.000000,1,0,76503380,642,10,642,10,0,18,6
4,700,80.500000,0.000000,1,0,76503383,642,10,642,10,0,18,6
4,700,80.500000,0.000000,1,0,76503385,642,10,642,10,0,18,6
4,700,80.500000,0.000000,1,0,76503388,642,10,642,10,0,18,6
4,700,80.500000,0.000000,1,0,76503391,642,10,642,10,0,18,6
4,700,80.500000,0.000000,1,0,76503394,642,10,642,10,0,18,6
4,700,80.500000,0.000000,1,0,76503396,642,10,642,10,0,18,6
4,700,80.500000,0.000000,1,0,76503399,642,10,642,10,0,18,6
4,700,80.500000,0.000000,1,0,76503402,643,10,643,10,0,18,6
4,700,80.500000,0.000000,1,0,76503405,643,10,643,10,0,18,6
4,700,80.500000,0.000000,1,0,76503408,643,10,643,10,0,18,6
4,700,80.500000,0.000000,1,0,76503410,646,12,646,12,0,18,6
4,700,80.500000,0.000000,1,0,76503413,649,14,649,14,0,18,6
4,700,80.500000,0.000000,1,0,76503416,650,14,650,14,0,18,6
4,700,80.500000,0.000000,1,0,76503419,652,15,652,15,0,18,6
4,700,80.500000,0.000000,1,0,76503421,653,15,653,15,0,18,6
4,700,80.500000,0.000000,1,0,76503424,653,16,653,16,0,18,6
4,700,80.500000,0.000000,1,0,76503427,654,16,654,16,0,18,6
4,700,80.500000,0.000000,1,0,76503430,655,16,655,16,0,18,6
4,700,80.500000,0.000000,1,0,76503433,657,16,657,16,0,18,6
4,700,80.500000,0.000000,1,0,76503436,660,17,660,17,0,18,6
4,700,80.500000,0.000000,1,0,76503438,661,18,661,18,0,18,6
4,700,80.500000,0.000000,1,0,76503441,662,20,662,20,0,18,6
4,700,80.500000,0.000000,1,0,76503444,665,20,665,20,0,18,6
4,700,80.500000,0.000000,1,0,76503447,666,20,666,20,0,18,6
4,700,80.500000,0.000000,1,0,76503449,668,21,668,21,0,18,6
4,700,80.500000,0.000000,1,0,76503452,670,22,670,22,0,18,6
4,700,80.500000,0.000000,1,0,76503455,672,23,672,23,0,18,6
4,700,80.500000,0.000000,1,0,76503458,674,23,674,23,0,18,6
4,700,80.500000,0.000000,1,0,76503460,676,24,676,24,0,18,6
4,700,80.500000,0.000000,1,0,76503463,679,24,679,24,0,18,6
4,700,80.500000,0.000000,1,0,76503466,680,25,680,25,0,18,6
4,700,80.500000,0.000000,1,0,76503469,683,25,683,25,0,18,6
4,700,80.500000,0.000000,1,0,76503472,688,26,688,26,0,18,6
4,700,80.500000,0.000000,1,0,76503475,692,29,692,29,0,18,6
4,700,80.500000,0.000000,1,0,76503477,695,29,695,29,0,18,6
4,700,80.500000,0.000000,1,0,76503480,703,31,703,31,0,18,6
4,700,80.500000,0.000000,1,0,76503483,706,33,706,33,0,18,6
4,700,80.500000,0.000000,1,0,76503486,710,34,710,34,0,18,6
4,700,80.500000,0.000000,1,0,76503488,712,35,712,35,0,18,6
4,700,80.500000,0.000000,1,0,76503491,717,36,717,36,0,18,6
4,700,80.500000,0.000000,1,0,76503494,720,38,720,38,0,18,6
4,700,80.500000,0.000000,1,0,76503497,725,39,725,39,0,18,6
4,700,80.500000,0.000000,1,0,76503500,730,40,730,40,0,18,6
4,700,80.500000,0.000000,1,0,76503502,733,40,733,40,0,18,6
4,700,80.500000,0.000000,1,0,76503505,737,42,737,42,0,18,6
4,700,80.500000,0.000000,1,0,76503508,741,42,741,42,0,18,6
4,700,80.500000,0.000000,1,0,76503511,744,43,744,43,0,18,6
4,700,80.500000,0.000000,1,0,76503514,748,44,748,44,0,18,6
4,700,80.500000,0.000000,1,0,76503516,756,46,756,46,0,18,6
4,700,80.500000,0.000000,1,0,76503519,760,47,760,47,0,18,6
4,700,80.500000,0.000000,1,0,76503522,763,47,763,47,0,18,6
4,700,80.500000,0.000000,1,0,76503525,765,47,765,47,0,18,6
4,700,80.500000,0.000000,1,0,76503527,773,48,773,48,0,18,6
4,700,80.500000,0.000000,1,0,76503530,778,48,778,48,0,18,6
4,700,80.500000,0.000000,1,0,76503533,784,50,784,50,0,18,6
4,700,80.500000,0.000000,1,0,76503536,792,52,792,52,0,18,6
4,700,80.500000,0.000000,1,0,76503538,797,53,797,53,0,18,6
4,700,80.500000,0.000000,1,0,76503541,803,54,803,54,0,18,6
4,700,80.500000,0.000000,1,0,76503544,809,57,809,57,0,18,6
4,700,80.500000,0.000000,1,0,76503547,816,58,816,58,0,18,6
4,700,80.500000,0.000000,1,0,76503550,820,58,820,58,0,18,6
4,700,80.500000,0.000000,1,0,76503552,823,58,823,58,0,18,6
4,700,80.500000,0.000000,1,0,76503555,831,61,831,61,0,18,6
4,700,80.500000,0.000000,1,0,76503558,834,61,834,61,0,18,6
4,700,80.500000,0.000000,1,0,76503562,839,63,839,63,0,18,6
4,700,80.500000,0.000000,1,0,76503564,852,65,852,65,0,18,6
4,700,80.500000,0.000000,1,0,76503567,856,65,856,65,0,18,6
4,700,80.500000,0.000000,1,0,76503570,863,65,863,65,0,18,6
4,700,80.500000,0.000000,1,0,76503572,869,65,869,65,0,18,6
4,700,80.500000,0.000000,1,0,76503575,874,65,874,65,0,18,6
4,700,80.500000,0.000000,1,0,76503578,879,65,879,65,0,18,6
4,700,80.500000,0.000000,1,0,76503580,884,65,884,65,0,18,6
4,700,80.500000,0.000000,1,0,76503583,892,65,892,65,0,18,6
4,700,80.500000,0.000000,1,0,76503586,897,65,897,65,0,18,6
4,700,80.500000,0.000000,1,0,76503588,903,66,903,66,0,18,6
4,700,80.500000,0.000000,1,0,76503591,908,66,908,66,0,18,6
4,700,80.500000,0.000000,1,0,76503594,914,66,914,66,0,18,6
4,700,80.500000,0.000000,1,0,76503597,921,66,921,66,0,18,6
4,700,80.500000,0.000000,1,0,76503600,929,67,929,67,0,18,6
4,700,80.500000,0.000000,1,0,76503602,936,67,936,67,0,18,6
4,700,80.500000,0.000000,1,0,76503606,942,67,942,67,0,18,6
4,700,80.500000,0.000000,1,0,76503609,950,67,950,67,0,18,6
4,700,80.500000,0.000000,1,0,76503612,958,67,958,67,0,18,6
4,700,80.500000,0.000000,1,0,76503615,964,68,964,68,0,18,6
4,700,80.500000,0.000000,1,0,76503618,977,68,977,68,0,18,6
4,700,80.500000,0.000000,1,0,76503621,982,68,982,68,0,18,6
4,700,80.500000,0.000000,1,0,76503624,989,68,989,68,0,18,6
4,700,80.500000,0.000000,1,0,76503626,995,68,995,68,0,18,6
4,700,80.500000,0.000000,1,0,76503629,1002,68,1002,68,0,18,6
4,700,80.500000,0.000000,1,0,76503632,1010,68,1010,68,0,18,6
4,700,80.500000,0.000000,1,0,76503634,1015,68,1015,68,0,18,6
4,700,80.500000,0.000000,1,0,76503637,1024,69,1024,69,0,18,6
4,700,80.500000,0.000000,1,0,76503640,1029,69,1029,69,0,18,6
4,700,80.500000,0.000000,1,0,76503642,1036,69,1036,69,0,18,6
4,700,80.500000,0.000000,1,0,76503645,1043,69,1043,69,0,18,6
4,700,80.500000,0.000000,1,0,76503648,1050,69,1050,69,0,18,6
4,700,80.500000,0.000000,1,0,76503650,1058,69,1058,69,0,18,6
4,700,80.500000,0.000000,1,0,76503653,1062,69,1062,69,0,18,6
4,700,80.500000,0.000000,1,0,76503656,1068,70,1068,70,0,18,6
4,700,80.500000,0.000000,1,0,76503659,1072,70,1072,70,0,18,6
4,700,80.500000,0.000000,1,0,76503662,1077,70,1077,70,0,18,6
4,700,80.500000,0.000000,1,0,76503665,1082,70,1082,70,0,18,6
4,700,80.500000,0.000000,1,0,76503668,1085,70,1085,70,0,18,6
4,700,80.500000,0.000000,1,0,76503671,1093,69,1093,69,0,18,6
4,700,80.500000,0.000000,1,0,76503674,1097,69,1097,69,0,18,6
4,700,80.500000,0.000000,1,0,76503677,1103,69,1103,69,0,18,6
4,700,80.500000,0.000000,1,0,76503679,1106,69,1106,69,0,18,6
4,700,80.500000,0.000000,1,0,76503682,1110,69,1110,69,0,18,6
4,700,80.500000,0.000000,1,0,76503685,1115,69,1115,69,0,18,6
4,700,80.500000,0.000000,1,0,76503688,1118,69,1118,69,0,18,6
4,700,80.500000,0.000000,1,0,76503690,1120,69,1120,69,0,18,6
4,700,80.500000,0.000000,1,0,76503693,1124,68,1124,68,0,18,6
4,700,80.500000,0.000000,1,0,76503696,1126,68,1126,68,0,18,6
4,700,80.500000,0.000000,1,0,76503699,1129,68,1129,68,0,18,6
4,700,80.500000,0.000000,1,0,76503701,1131,68,1131,68,0,18,6
4,700,80.500000,0.000000,1,0,76503704,1133,67,1133,67,0,18,6
4,700,80.500000,0.000000,1,0,76503707,1135,67,1135,67,0,18,6
4,700,80.500000,0.000000,1,0,76503709,1137,66,1137,66,0,18,6
4,700,80.500000,0.000000,1,0,76503712,1139,66,1139,66,0,18,6
4,700,80.500000,0.000000,1,0,76503715,1141,65,1141,65,0,18,6
4,700,80.500000,0.000000,1,0,76503717,1142,63,1142,63,0,18,6
4,700,80.500000,0.000000,1,0,76503720,1144,63,1144,63,0,18,6
4,700,80.500000,0.000000,1,0,76503723,1146,62,1146,62,0,18,6
4,700,80.500000,0.000000,1,0,76503725,1147,61,1147,61,0,18,6
4,700,80.500000,0.000000,1,0,76503728,1148,61,1148,61,0,18,6
4,700,80.500000,0.000000,1,0,76503731,1149,61,1149,61,0,18,6
4,700,80.500000,0.000000,1,0,76503734,1151,60,1151,60,0,18,6
4,700,80.500000,0.000000,1,0,76503736,1152,60,1152,60,0,18,6
4,700,80.500000,0.000000,1,0,76503739,1154,59,1154,59,0,18,6
4,700,80.500000,0.000000,1,0,76503741,1156,57,1156,57,0,18,6
4,700,80.500000,0.000000,1,0,76503744,1157,57,1157,57,0,18,6
4,700,80.500000,0.000000,1,0,76503747,1159,55,1159,55,0,18,6
4,700,80.500000,0.000000,1,0,76503750,1161,54,1161,54,0,18,6
4,700,80.500000,0.000000,1,0,76503752,1164,54,1164,54,0,18,6
4,700,80.500000,0.000000,1,0,76503756,1166,53,1166,53,0,18,6
4,700,80.500000,0.000000,1,0,76503758,1170,52,1170,52,0,18,6
4,700,80.500000,0.000000,1,0,76503761,1171,52,1171,52,0,18,6
4,700,80.500000,0.000000,1,0,76503764,1174,50,1174,50,0,18,6
4,700,80.500000,0.000000,1,0,76503766,1176,49,1176,49,0,18,6
4,700,80.500000,0.000000,1,0,76503769,1177,49,1177,49,0,18,6
4,700,80.500000,0.000000,1,0,76503772,1182,49,1182,49,0,18,6
4,700,80.500000,0.000000,1,0,76503775,1186,49,1186,49,0,18,6
4,700,80.500000,0.000000,1,0,76503778,1187,48,1187,48,0,18,6
4,700,80.500000,0.000000,1,0,76503780,1189,48,1189,48,0,18,6
4,700,80.500000,0.000000,1,0,76503783,1191,47,1191,47,0,18,6
4,700,80.500000,0.000000,1,0,76503786,1194,45,1194,45,0,18,6
4,700,80.500000,0.000000,1,0,76503789,1196,45,1196,45,0,18,6
4,700,80.500000,0.000000,1,0,76503791,1198,45,1198,45,0,18,6
4,700,80.500000,0.000000,1,0,76503794,1200,44,1200,44,0,18,6
4,700,80.500000,0.000000,1,0,76503797,1202,44,1202,44,0,18,6
4,700,80.500000,0.000000,1,0,76503800,1204,43,1204,43,0,18,6
4,700,80.500000,0.000000,1,0,76503802,1205,43,1205,43,0,18,6
4,700,80.500000,0.000000,1,0,76503805,1208,42,1208,42,0,18,6
4,700,80.500000,0.000000,1,0,76503808,1208,41,1208,41,0,18,6
4,700,80.500000,0.000000,1,0,76503811,1211,41,1211,41,0,18,6
4,700,80.500000,0.000000,1,0,76503814,1212,40,1212,40,0,18,6
4,700,80.500000,0.000000,1,0,76503816,1216,40,1216,40,0,18,6
4,700,80.500000,0.000000,1,0,76503819,1215,40,1215,40,0,18,6
4,700,80.500000,0.000000,1,0,76503822,1218,39,1218,39,0,18,6
4,700,80.500000,0.000000,1,0,76503825,1224,38,1224,38,0,18,6
4,700,80.500000,0.000000,1,0,76503828,1227,38,1227,38,0,18,6
4,700,80.500000,0.000000,1,0,76503830,1229,38,1229,38,0,18,6
4,700,80.500000,0.000000,1,0,76503833,1230,36,1230,36,0,18,6
4,700,80.500000,0.000000,1,0,76503836,1231,36,1231,36,0,18,6
4,700,80.500000,0.000000,1,0,76503839,1234,35,1234,35,0,18,6
4,700,80.500000,0.000000,1,0,76503841,1237,34,1237,34,0,18,6
4,700,80.500000,0.000000,1,0,76503844,1239,33,1239,33,0,18,6
4,700,80.500000,0.000000,1,0,76503847,1241,33,1241,33,0,18,6
4,700,80.500000,0.000000,1,0,76503850,1242,33,1242,33,0,18,6
4,700,80.500000,0.000000,1,0,76503853,1244,33,1244,33,0,18,6
4,700,80.500000,0.000000,1,0,76503856,1245,33,1245,33,0,18,6
4,700,80.500000,0.000000,1,0,76503859,1247,32,1247,32,0,18,6
4,700,80.500000,0.000000,1,0,76503861,1249,32,1249,32,0,18,6
4,700,80.500000,0.000000,1,0,76503864,1251,32,1251,32,0,18,6
4,700,80.500000,0.000000,1,0,76503867,1252,32,1252,32,0,18,6
4,700,80.500000,0.000000,1,0,76503869,1253,31,1253,31,0,18,6
4,700,80.500000,0.000000,1,0,76503872,1254,31,1254,31,0,18,6
4,700,80.500000,0.000000,1,0,76503875,1257,31,1257,31,0,18,6
4,700,80.500000,0.000000,1,0,76503878,1259,31,1259,31,0,18,6
4,700,80.500000,0.000000,1,0,76503881,1261,31,1261,31,0,18,6
4,700,80.500000,0.000000,1,0,76503883,1262,30,1262,30,0,18,6
4,700,80.500000,0.000000,1,0,76503886,1263,30,1263,30,0,18,6
4,700,80.500000,0.000000,1,0,76503889,1264,29,1264,29,0,18,6
4,700,80.500000,0.000000,1,0,76503892,1266,29,1266,29,0,18,6
4,700,80.500000,0.000000,1,0,76503894,1267,29,1267,29,0,18,6
4,700,80.500000,0.000000,1,0,76503897,1268,29,1268,29,0,18,6
4,700,80.500000,0.000000,1,0,76503900,1271,29,1271,29,0,18,6
4,700,80.500000,0.000000,1,0,76503903,1271,28,1271,28,0,18,6
4,700,80.500000,0.000000,1,0,76503905,1271,27,1271,27,0,18,6
4,700,80.500000,0.000000,1,0,76503908,1271,25,1271,25,0,18,6
4,700,80.500000,0.000000,1,0,76503911,1273,23,1273,23,0,18,6
4,700,80.500000,0.000000,1,0,76503914,1276,23,1276,23,0,18,6
4,700,80.500000,0.000000,1,0,76503917,1277,23,1277,23,0,18,6
4,700,80.500000,0.000000,1,0,76503919,1278,23,1278,23,0,18,6
4,700,80.500000,0.000000,1,0,76503922,1278,22,1278,22,0,18,6
4,700,80.500000,0.000000,1,0,76503925,1279,21,1279,21,0,18,6
4,700,80.500000,0.000000,1,0,76503928,1280,21,1280,21,0,18,6
4,700,80.500000,0.000000,1,0,76503931,1283,21,1283,21,0,18,6
4,700,80.500000,0.000000,1,0,76503933,1284,21,1284,21,0,18,6
4,700,80.500000,0.000000,1,0,76503936,1286,21,1286,21,0,18,6
4,700,80.500000,0.000000,1,0,76503939,1288,21,1288,21,0,18,6
4,700,80.500000,0.000000,1,0,76503942,1290,21,1290,21,0,18,6
4,700,80.500000,0.000000,1,0,76503944,1291,21,1291,21,0,18,6
4,700,80.500000,0.000000,1,0,76503947,1292,21,1292,21,0,18,6
4,700,80.500000,0.000000,1,0,76503950,1292,21,1292,21,0,18,6
4,700,80.500000,0.000000,1,0,76503953,1294,20,1294,20,0,18,6
4,700,80.500000,0.000000,1,0,76503956,1294,20,1294,20,0,18,6
4,700,80.500000,0.000000,1,0,76503958,1295,20,1295,20,0,18,6
4,700,80.500000,0.000000,1,0,76503961,1296,20,1296,20,0,18,6
4,700,80.500000,0.000000,1,0,76503964,1297,20,1297,20,0,18,6
4,700,80.500000,0.000000,1,0,76503967,1298,20,1298,20,0,18,6
4,700,80.500000,0.000000,1,0,76503969,1298,19,1298,19,0,18,6
4,700,80.500000,0.000000,1,0,76503972,1298,18,1298,18,0,18,6
4,700,80.500000,0.000000,1,0,76503975,1298,18,1298,18,0,18,6
4,700,80.500000,0.000000,1,0,76503978,1298,18,1298,18,0,18,6
4,700,80.500000,0.000000,1,0,76503981,1299,18,1299,18,0,18,6
4,700,80.500000,0.000000,1,0,76503983,1299,18,1299,18,0,18,6
4,700,80.500000,0.000000,1,0,76503986,1299,18,1299,18,0,18,6
4,700,80.500000,0.000000,1,0,76503989,1299,18,1299,18,0,18,6
4,700,80.500000,0.000000,1,0,76503992,1299,18,1299,18,0,18,6
4,700,80.500000,0.000000,1,0,76503995,1300,18,1300,18,0,18,6
4,700,80.500000,0.000000,1,0,76503997,1301,18,1301,18,0,18,6
4,700,80.500000,0.000000,1,0,76504000,1301,18,1301,18,0,18,6
4,700,80.500000,0.000000,1,0,76504003,1301,18,1301,18,0,18,6
4,700,80.500000,0.000000,1,0,76504006,1301,18,1301,18,0,18,6
4,700,80.500000,0.000000,1,0,76504009,1301,17,1301,17,0,18,6
4,700,80.500000,0.000000,1,0,76504012,1301,16,1301,16,0,18,6
4,700,80.500000,0.000000,1,0,76504014,1301,16,1301,16,0,18,6
4,700,80.500000,0.000000,1,0,76504017,1301,15,1301,15,0,18,6
4,700,80.500000,0.000000,1,0,76504020,1301,15,1301,15,0,18,6
4,700,80.500000,0.000000,1,0,76504022,1301,15,1301,15,0,18,6
4,700,80.500000,0.000000,1,0,76504025,1301,14,1301,14,0,18,6
4,700,80.500000,0.000000,1,0,76504028,1301,13,1301,13,0,18,6
4,700,80.500000,0.000000,1,0,76504030,1301,13,1301,13,0,18,6
4,700,80.500000,0.000000,1,0,76504034,1301,13,1301,13,0,18,6
4,700,80.500000,0.000000,1,0,76504036,1302,13,1302,13,0,18,6
4,700,80.500000,0.000000,1,0,76504039,1303,13,1303,13,0,18,6
4,700,80.500000,0.000000,1,0,76504042,1303,13,1303,13,0,18,6
4,700,80.500000,0.000000,1,0,76504044,1303,13,1303,13,0,18,6
4,700,80.500000,0.000000,1,0,76504047,1304,13,1304,13,0,18,6
4,700,80.500000,0.000000,1,0,76504050,1304,12,1304,12,0,18,6
4,700,80.500000,0.000000,1,0,76504053,1304,11,1304,11,0,18,6
4,700,80.500000,0.000000,1,0,76504056,1304,10,1304,10,0,18,6
4,700,80.500000,0.000000,1,0,76504058,1304,10,1304,10,0,18,6
4,700,80.500000,0.000000,1,0,76504061,1304,10,1304,10,0,18,6
4,700,80.500000,0.000000,1,0,76504064,1304,10,1304,10,0,18,6
4,700,80.500000,0.000000,1,0,76504067,1305,10,1305,10,0,18,6
4,700,80.500000,0.000000,1,0,76504069,1306,10,1306,10,0,18,6
4,700,80.500000,0.000000,1,0,76504072,1306,10,1306,10,0,18,6
4,700,80.500000,0.000000,1,0,76504075,1306,10,1306,10,0,18,6
4,700,80.500000,0.000000,1,0,76504078,1306,10,1306,10,0,18,6
4,700,80.500000,0.000000,1,0,76504081,1307,10,1307,10,0,18,6
4,700,80.500000,0.000000,1,0,76504083,1308,10,1308,10,0,18,6
4,700,80.500000,0.000000,1,0,76504086,1308,9,1308,9,0,18,6
4,700,80.500000,0.000000,1,0,76504089,1308,8,1308,8,0,18,6
4,700,80.500000,0.000000,1,0,76504092,1308,8,1308,8,0,18,6
4,700,80.500000,0.000000,1,0,76504094,1308,7,1308,7,0,18,6
4,700,80.500000,0.000000,1,0,76504097,1308,6,1308,6,0,18,6
4,700,80.500000,0.000000,1,0,76504100,1308,6,1308,6,0,18,6
4,700,80.500000,0.000000,1,0,76504103,1308,6,1308,6,0,18,6
4,700,80.500000,0.000000,1,0,76504106,1308,6,1308,6,0,18,6
4,700,80.500000,0.000000,1,0,76504108,1308,6,1308,6,0,18,6
4,700,80.500000,0.000000,1,0,76504111,1308,6,1308,6,0,18,6
4,700,80.500000,0.000000,1,0,76504114,1308,6,1308,6,0,18,6
4,700,80.500000,0.000000,1,0,76504117,1308,6,1308,6,0,18,6
4,700,80.500000,0.000000,1,0,76504119,1308,6,1308,6,0,18,6
4,700,80.500000,0.000000,1,0,76504122,1308,5,1308,5,0,18,6
4,700,80.500000,0.000000,1,0,76504125,1308,5,1308,5,0,18,6
4,700,80.500000,0.000000,1,0,76504128,1308,5,1308,5,0,18,6
4,700,80.500000,0.000000,1,0,76504131,1308,5,1308,5,0,18,6
4,700,80.500000,0.000000,1,0,76504133,1308,5,1308,5,0,18,6
4,700,80.500000,0.000000,1,0,76504136,1308,5,1308,5,0,18,6
4,700,80.500000,0.000000,1,0,76504139,1308,5,1308,5,0,18,6
4,700,80.500000,0.000000,1,0,76504142,1308,5,1308,5,0,18,6
4,700,80.500000,0.000000,1,0,76504144,1308,5,1308,5,0,18,6
4,700,80.500000,0.000000,1,0,76504147,1308,5,1308,5,0,18,6
4,700,80.500000,0.000000,1,0,76504150,1308,5,1308,5,0,18,6
4,700,80.500000,0.000000,1,0,76504153,1308,5,1308,5,0,18,6
4,700,80.500000,0.000000,1,0,76504156,1308,5,1308,5,0,18,6
4,700,80.500000,0.000000,1,0,76504159,1308,5,1308,5,0,18,6
4,700,80.500000,0.000000,1,0,76504161,1308,5,1308,5,0,18,6
4,700,80.500000,0.000000,1,0,76504164,1308,5,1308,5,0,18,6
4,700,80.500000,0.000000,1,0,76504167,1308,5,1308,5,0,18,6
4,700,80.500000,0.000000,1,0,76504180,1308,5,1308,5,0,18,6
