4,350,21.000000,0.000000,0,0,76796681,784,0,784,0,0,20,8
4,350,21.000000,0.000000,0,0,76796681,784,0,784,0,0,20,8
4,350,21.000000,0.000000,0,0,76796684,784,0,784,0,0,20,8
4,350,21.000000,0.000000,0,0,76796687,784,0,784,0,0,20,8
4,350,21.000000,0.000000,0,0,76796690,784,0,784,0,0,20,8
4,350,21.000000,0.000000,0,0,76796692,784,0,784,0,0,20,8
4,350,21.000000,0.000000,0,0,76796695,784,0,784,0,0,20,8
4,350,21.000000,0.000000,0,0,76796698,784,0,784,0,0,20,8
4,350,21.000000,0.000000,0,0,76796701,784,0,784,0,0,20,8
4,350,21.000000,0.000000,0,0,76796704,784,0,784,0,0,20,8
4,350,21.000000,0.000000,0,0,76796706,784,0,784,0,0,20,8
4,350,21.000000,0.000000,0,0,76796709,784,0,784,0,0,20,8
4,350,21.000000,0.000000,0,0,76796712,784,0,784,0,0,20,8
4,350,21.000000,0.000000,0,0,76796715,784,0,784,0,0,20,8
4,350,21.000000,0.000000,0,0,76796717,784,0,784,0,0,20,8
4,350,21.000000,0.000000,0,0,76796720,784,0,784,0,0,20,8
4,350,21.000000,0.000000,0,0,76796723,784,0,784,0,0,20,8
4,350,21.000000,0.000000,0,0,76796726,784,0,784,0,0,20,8
4,350,21.000000,0.000000,0,0,76796729,784,0,784,0,0,20,8
4,350,21.000000,0.000000,0,0,76796731,784,0,784,0,0,20,8
4,350,21.000000,0.000000,0,0,76796734,784,0,784,0,0,20,8
4,350,21.000000,0.000000,0,0,76796737,784,0,784,0,0,20,8
4,350,21.000000,0.000000,0,0,76796740,784,0,784,0,0,20,8
4,350,21.000000,0.000000,0,0,76796742,784,0,784,0,0,20,8
4,350,21.000000,0.000000,0,0,76796745,784,0,784,0,0,20,8
4,350,21.000000,0.000000,0,0,76796748,784,0,784,0,0,20,8
4,350,21.000000,0.000000,0,0,76796751,784,0,784,0,0,20,8
4,350,21.000000,0.000000,0,0,76796754,784,0,784,0,0,20,8
4,350,21.000000,0.000000,0,0,76796756,784,0,784,0,0,20,8
4,350,21.000000,0.000000,0,0,76796759,784,0,784,0,0,20,8
4,350,21.000000,0.000000,0,0,76796762,784,0,784,0,0,20,8
4,350,21.000000,0.000000,0,0,76796765,784,0,784,0,0,20,8
4,350,21.000000,0.000000,0,0,76796767,784,0,784,0,0,20,8
4,350,21.000000,0.000000,0,0,76796770,784,0,784,0,0,20,8
4,350,21.000000,0.000000,0,0,76796773,784,0,784,0,0,20,8
4,350,21.000000,0.000000,0,0,76796776,784,0,784,0,0,20,8
4,350,21.000000,0.000000,0,0,76796778,784,0,784,0,0,20,8
4,350,21.000000,0.000000,0,0,76796781,784,0,784,0,0,20,8
4,350,21.000000,0.000000,0,0,76796784,784,0,784,0,0,20,8
4,350,21.000000,0.000000,0,0,76796787,784,0,784,0,0,20,8
4,350,21.000000,0.000000,0,0,76796790,784,0,784,0,0,20,8
4,350,21.000000,0.000000,0,0,76796792,784,0,784,0,0,20,8
4,350,21.000000,0.000000,0,0,76796795,784,0,784,0,0,20,8
4,350,21.000000,0.000000,0,0,76796798,784,0,784,0,0,20,8
4,350,21.000000,0.000000,0,0,76796801,784,0,784,0,0,20,8
4,350,21.000000,0.000000,0,0,76796804,784,0,784,0,0,20,8
4,350,21.000000,0.000000,0,0,76796807,784,0,784,0,0,20,8
4,350,21.000000,0.000000,0,0,76796809,784,0,784,0,0,20,8
4,350,21.000000,0.000000,0,0,76796812,784,0,784,0,0,20,8
4,350,21.000000,0.000000,0,0,76796815,785,0,785,0,0,20,8
4,350,21.000000,0.000000,0,0,76796818,785,0,785,-1,0,20,8
4,350,21.000000,0.000000,0,0,76796821,785,0,785,-2,0,20,8
4,350,21.000000,0.000000,0,0,76796823,785,0,785,-2,0,20,8
4,350,21.000000,0.000000,0,0,76796826,786,0,786,-3,0,20,8
4,350,21.000000,0.000000,0,0,76796829,787,0,787,-3,0,20,8
4,350,21.000000,0.000000,0,0,76796832,788,0,788,-3,0,20,8
4,350,21.000000,0.000000,0,0,76796834,789,0,789,-5,0,20,8
4,350,21.000000,0.000000,0,0,76796837,789,0,789,-5,0,20,8
4,350,21.000000,0.000000,0,0,76796840,791,0,791,-5,0,20,8
4,350,21.000000,0.000000,0,0,76796843,793,0,793,-5,0,20,8
4,350,21.000000,0.000000,0,0,76796845,793,0,793,-5,0,20,8
4,350,21.000000,0.000000,0,0,76796848,795,0,795,-6,0,20,8
4,350,21.000000,0.000000,0,0,76796851,796,0,796,-7,0,20,8
4,350,21.000000,0.000000,0,0,76796854,796,0,796,-8,0,20,8
4,350,21.000000,0.000000,0,0,76796857,797,0,797,-8,0,20,8
4,350,21.000000,0.000000,0,0,76796859,798,0,798,-8,0,20,8
4,350,21.000000,0.000000,0,0,76796862,800,0,800,-10,0,20,8
4,350,21.000000,0.000000,0,0,76796865,802,0,802,-12,0,20,8
4,350,21.000000,0.000000,0,0,76796868,803,0,803,-12,0,20,8
4,350,21.000000,0.000000,0,0,76796870,804,0,804,-12,0,20,8
4,350,21.000000,0.000000,0,0,76796873,806,0,806,-14,0,20,8
4,350,21.000000,0.000000,0,0,76796876,807,0,807,-15,0,20,8
4,350,21.000000,0.000000,0,0,76796879,809,0,809,-15,0,20,8
4,350,21.000000,0.000000,0,0,76796882,810,0,810,-18,0,20,8
4,350,21.000000,0.000000,0,0,76796884,813,0,813,-18,0,20,8
4,350,21.000000,0.000000,0,0,76796887,815,0,815,-20,0,20,8
4,350,21.000000,0.000000,0,0,76796890,817,0,817,-23,0,20,8
4,350,21.000000,0.000000,0,0,76796893,820,0,820,-23,0,20,8
4,350,21.000000,0.000000,0,0,76796895,823,0,823,-25,0,20,8
4,350,21.000000,0.000000,0,0,76796898,824,0,824,-25,0,20,8
4,350,21.000000,0.000000,0,0,76796901,829,0,829,-28,0,20,8
4,350,21.000000,0.000000,0,0,76796904,832,0,832,-29,0,20,8
4,350,21.000000,0.000000,0,0,76796907,835,0,835,-31,0,20,8
4,350,21.000000,0.000000,0,0,76796909,839,0,839,-32,0,20,8
4,350,21.000000,0.000000,0,0,76796912,842,0,842,-33,0,20,8
4,350,21.000000,0.000000,0,0,76796915,847,0,847,-35,0,20,8
4,350,21.000000,0.000000,0,0,76796918,853,0,853,-37,0,20,8
4,350,21.000000,0.000000,0,0,76796921,855,0,855,-38,0,20,8
4,350,21.000000,0.000000,0,0,76796923,860,0,860,-41,0,20,8
4,350,21.000000,0.000000,0,0,76796926,866,0,866,-42,0,20,8
4,350,21.000000,0.000000,0,0,76796929,869,0,869,-43,0,20,8
4,350,21.000000,0.000000,0,0,76796932,875,0,875,-46,0,20,8
4,350,21.000000,0.000000,0,0,76796935,881,0,881,-49,0,20,8
4,350,21.000000,0.000000,0,0,76796937,884,0,884,-50,0,20,8
4,350,21.000000,0.000000,0,0,76796940,887,0,887,-52,0,20,8
4,350,21.000000,0.000000,0,0,76796943,890,0,890,-54,0,20,8
4,350,21.000000,0.000000,0,0,76796946,901,0,901,-59,0,20,8
4,350,21.000000,0.000000,0,0,76796948,905,0,905,-62,0,20,8
4,350,21.000000,0.000000,0,0,76796951,912,0,912,-64,0,20,8
4,350,21.000000,0.000000,0,0,76796953,919,0,919,-66,0,20,8
4,350,21.000000,0.000000,0,0,76796957,924,0,924,-69,0,20,8
4,350,21.000000,0.000000,0,0,76796960,928,0,928,-72,0,20,8
4,350,21.000000,0.000000,0,0,76796962,931,0,931,-74,0,20,8
4,350,21.000000,0.000000,0,0,76796965,938,0,938,-77,0,20,8
4,350,21.000000,0.000000,0,0,76796968,942,0,942,-79,0,20,8
4,350,21.000000,0.000000,0,0,76796971,948,0,948,-80,0,20,8
4,350,21.000000,0.000000,0,0,76796973,954,0,954,-84,0,20,8
4,350,21.000000,0.000000,0,0,76796976,957,0,957,-85,0,20,8
4,350,21.000000,0.000000,0,0,76796979,962,0,962,-88,0,20,8
4,350,21.000000,0.000000,0,0,76796982,968,0,968,-91,0,20,8
4,350,21.000000,0.000000,0,0,76796985,970,0,970,-92,0,20,8
4,350,21.000000,0.000000,0,0,76796987,975,0,975,-95,0,20,8
4,350,21.000000,0.000000,0,0,76796990,978,0,978,-97,0,20,8
4,350,21.000000,0.000000,0,0,76796993,983,0,983,-98,0,20,8
4,350,21.000000,0.000000,0,0,76796996,988,0,988,-99,0,20,8
4,350,21.000000,0.000000,0,0,76796998,992,0,992,-101,0,20,8
4,350,21.000000,0.000000,0,0,76797001,994,0,994,-101,0,20,8
4,350,21.000000,0.000000,0,0,76797004,997,0,997,-103,0,20,8
4,350,21.000000,0.000000,0,0,76797007,1001,0,1001,-105,0,20,8
4,350,21.000000,0.000000,0,0,76797009,1003,0,1003,-105,0,20,8
4,350,21.000000,0.000000,0,0,76797012,1004,0,1004,-107,0,20,8
4,350,21.000000,0.000000,0,0,76797015,1007,0,1007,-107,0,20,8
4,350,21.000000,0.000000,0,0,76797018,1010,0,1010,-107,0,20,8
4,350,21.000000,0.000000,0,0,76797021,1010,0,1010,-109,0,20,8
4,350,21.000000,0.000000,0,0,76797023,1013,0,1013,-110,0,20,8
4,350,21.000000,0.000000,0,0,76797026,1015,0,1015,-112,0,20,8
4,350,21.000000,0.000000,0,0,76797029,1017,0,1017,-112,0,20,8
4,350,21.000000,0.000000,0,0,76797032,1020,0,1020,-113,0,20,8
4,350,21.000000,0.000000,0,0,76797035,1021,0,1021,-113,0,20,8
4,350,21.000000,0.000000,0,0,76797037,1024,0,1024,-114,0,20,8
4,350,21.000000,0.000000,0,0,76797040,1025,0,1025,-114,0,20,8
4,350,21.000000,0.000000,0,0,76797043,1027,0,1027,-114,0,20,8
4,350,21.000000,0.000000,0,0,76797046,1029,0,1029,-116,0,20,8
4,350,21.000000,0.000000,0,0,76797048,1030,0,1030,-116,0,20,8
4,350,21.000000,0.000000,0,0,76797051,1031,0,1031,-117,0,20,8
4,350,21.000000,0.000000,0,0,76797054,1034,0,1034,-119,0,20,8
4,350,21.000000,0.000000,0,0,76797057,1036,0,1036,-119,0,20,8
4,350,21.000000,0.000000,0,0,76797060,1037,0,1037,-120,0,20,8
4,350,21.000000,0.000000,0,0,76797062,1039,0,1039,-121,0,20,8
4,350,21.000000,0.000000,0,0,76797065,1040,0,1040,-121,0,20,8
4,350,21.000000,0.000000,0,0,76797068,1041,0,1041,-121,0,20,8
4,350,21.000000,0.000000,0,0,76797071,1042,0,1042,-121,0,20,8
4,350,21.000000,0.000000,0,0,76797074,1043,0,1043,-121,0,20,8
4,350,21.000000,0.000000,0,0,76797076,1044,0,1044,-121,0,20,8
4,350,21.000000,0.000000,0,0,76797079,1044,0,1044,-122,0,20,8
4,350,21.000000,0.000000,0,0,76797082,1045,0,1045,-123,0,20,8
4,350,21.000000,0.000000,0,0,76797084,1045,0,1045,-123,0,20,8
4,350,21.000000,0.000000,0,0,76797087,1045,0,1045,-123,0,20,8
4,350,21.000000,0.000000,0,0,76797090,1046,0,1046,-124,0,20,8
4,350,21.000000,0.000000,0,0,76797093,1046,0,1046,-124,0,20,8
4,350,21.000000,0.000000,0,0,76797095,1046,0,1046,-124,0,20,8
4,350,21.000000,0.000000,0,0,76797098,1047,0,1047,-124,0,20,8
4,350,21.000000,0.000000,0,0,76797101,1047,0,1047,-124,0,20,8
4,350,21.000000,0.000000,0,0,76797104,1047,0,1047,-124,0,20,8
4,350,21.000000,0.000000,0,0,76797106,1048,0,1048,-124,0,20,8
4,350,21.000000,0.000000,0,0,76797109,1049,0,1049,-124,0,20,8
4,350,21.000000,0.000000,0,0,76797112,1049,0,1049,-124,0,20,8
4,350,21.000000,0.000000,0,0,76797115,1049,0,1049,-124,0,20,8
4,350,21.000000,0.000000,0,0,76797118,1049,0,1049,-124,0,20,8
4,350,21.000000,0.000000,0,0,76797120,1049,0,1049,-124,0,20,8
4,350,21.000000,0.000000,0,0,76797123,1049,0,1049,-124,0,20,8
4,350,21.000000,0.000000,0,0,76797126,1049,0,1049,-124,0,20,8
4,350,21.000000,0.000000,0,0,76797129,1049,0,1049,-124,0,20,8
4,350,21.000000,0.000000,0,0,76797132,1049,0,1049,-124,0,20,8
4,350,21.000000,0.000000,0,0,76797134,1049,0,1049,-124,0,20,8
4,350,21.000000,0.000000,0,0,76797137,1049,0,1049,-124,0,20,8
4,350,21.000000,0.000000,0,0,76797140,1049,0,1049,-124,0,20,8
4,350,21.000000,0.000000,0,0,76797143,1049,0,1049,-124,0,20,8
4,350,21.000000,0.000000,0,0,76797145,1049,0,1049,-124,0,20,8
4,350,21.000000,0.000000,0,0,76797148,1049,0,1049,-124,0,20,8
4,350,21.000000,0.000000,0,0,76797151,1049,0,1049,-124,0,20,8
4,350,21.000000,0.000000,0,0,76797154,1049,0,1049,-124,0,20,8
4,350,21.000000,0.000000,0,0,76797156,1049,0,1049,-124,0,20,8
4,350,21.000000,0.000000,0,0,76797159,1049,0,1049,-124,0,20,8
4,350,21.000000,0.000000,0,0,76797162,1049,0,1049,-124,0,20,8
4,350,21.000000,0.000000,0,0,76797165,1049,0,1049,-124,0,20,8
4,350,21.000000,0.000000,0,0,76797168,1049,0,1049,-124,0,20,8
4,350,21.000000,0.000000,0,0,76797170,1049,0,1049,-124,0,20,8
4,350,21.000000,0.000000,0,0,76797173,1049,0,1049,-124,0,20,8
4,350,21.000000,0.000000,0,0,76797176,1049,0,1049,-124,0,20,8
4,350,21.000000,0.000000,0,0,76797179,1049,0,1049,-124,0,20,8
4,350,21.000000,0.000000,0,0,76797182,1049,0,1049,-124,0,20,8
4,350,21.000000,0.000000,0,0,76797184,1049,0,1049,-124,0,20,8
4,350,21.000000,0.000000,0,0,76797187,1049,0,1049,-124,0,20,8
4,350,21.000000,0.000000,0,0,76797190,1049,0,1049,-124,0,20,8
4,350,21.000000,0.000000,0,0,76797193,1049,0,1049,-124,0,20,8
4,350,21.000000,0.000000,0,0,76797195,1049,0,1049,-125,0,20,8
4,350,21.000000,0.000000,0,0,76797198,1049,0,1049,-126,0,20,8
4,350,21.000000,0.000000,0,0,76797201,1049,0,1049,-126,0,20,8
4,350,21.000000,0.000000,0,0,76797204,1050,0,1050,-126,0,20,8
4,350,21.000000,0.000000,0,0,76797207,1051,0,1051,-126,0,20,8
4,350,21.000000,0.000000,0,0,76797209,1051,0,1051,-126,0,20,8
4,350,21.000000,0.000000,0,0,76797212,1052,0,1052,-126,0,20,8
4,350,21.000000,0.000000,0,0,76797215,1052,0,1052,-126,0,20,8
4,350,21.000000,0.000000,0,0,76797218,1053,0,1053,-127,0,20,8
4,350,21.000000,0.000000,0,0,76797221,1054,0,1054,-127,0,20,8
4,350,21.000000,0.000000,0,0,76797223,1055,0,1055,-127,0,20,8
4,350,21.000000,0.000000,0,0,76797226,1057,0,1057,-127,0,20,8
4,350,21.000000,0.000000,0,0,76797229,1059,0,1059,-127,0,20,8
4,350,21.000000,0.000000,0,0,76797232,1060,0,1060,-127,0,20,8
4,350,21.000000,0.000000,0,0,76797234,1061,0,1061,-127,0,20,8
4,350,21.000000,0.000000,0,0,76797237,1062,0,1062,-128,0,20,8
4,350,21.000000,0.000000,0,0,76797240,1064,0,1064,-129,0,20,8
4,350,21.000000,0.000000,0,0,76797243,1066,0,1066,-130,0,20,8
4,350,21.000000,0.000000,0,0,76797246,1068,0,1068,-130,0,20,8
4,350,21.000000,0.000000,0,0,76797249,1069,0,1069,-130,0,20,8
4,350,21.000000,0.000000,0,0,76797251,1070,0,1070,-131,0,20,8
4,350,21.000000,0.000000,0,0,76797254,1071,0,1071,-131,0,20,8
4,350,21.000000,0.000000,0,0,76797257,1072,0,1072,-132,0,20,8
4,350,21.000000,0.000000,0,0,76797260,1074,0,1074,-133,0,20,8
4,350,21.000000,0.000000,0,0,76797262,1075,0,1075,-133,0,20,8
4,350,21.000000,0.000000,0,0,76797265,1075,0,1075,-134,0,20,8
4,350,21.000000,0.000000,0,0,76797268,1076,0,1076,-134,0,20,8
4,350,21.000000,0.000000,0,0,76797271,1077,0,1077,-134,0,20,8
4,350,21.000000,0.000000,0,0,76797274,1078,0,1078,-134,0,20,8
4,350,21.000000,0.000000,0,0,76797276,1079,0,1079,-135,0,20,8
4,350,21.000000,0.000000,0,0,76797279,1081,0,1081,-135,0,20,8
4,350,21.000000,0.000000,0,0,76797282,1084,0,1084,-135,0,20,8
4,350,21.000000,0.000000,0,0,76797285,1085,0,1085,-136,0,20,8
4,350,21.000000,0.000000,0,0,76797287,1087,0,1087,-137,0,20,8
4,350,21.000000,0.000000,0,0,76797290,1090,0,1090,-138,0,20,8
4,350,21.000000,0.000000,0,0,76797293,1091,0,1091,-139,0,20,8
4,350,21.000000,0.000000,0,0,76797296,1092,0,1092,-139,0,20,8
4,350,21.000000,0.000000,0,0,76797299,1093,0,1093,-139,0,20,8
4,350,21.000000,0.000000,0,0,76797301,1093,0,1093,-139,0,20,8
4,350,21.000000,0.000000,0,0,76797304,1094,0,1094,-139,0,20,8
4,350,21.000000,0.000000,0,0,76797307,1094,0,1094,-139,0,20,8
4,350,21.000000,0.000000,0,0,76797310,1094,0,1094,-139,0,20,8
4,350,21.000000,0.000000,0,0,76797312,1094,0,1094,-139,0,20,8
4,350,21.000000,0.000000,0,0,76797315,1094,0,1094,-139,0,20,8
4,350,21.000000,0.000000,0,0,76797318,1094,0,1094,-140,0,20,8
4,350,21.000000,0.000000,0,0,76797321,1094,0,1094,-141,0,20,8
4,350,21.000000,0.000000,0,0,76797324,1094,0,1094,-141,0,20,8
4,350,21.000000,0.000000,0,0,76797326,1094,0,1094,-141,0,20,8
4,350,21.000000,0.000000,0,0,76797329,1094,0,1094,-141,0,20,8
4,350,21.000000,0.000000,0,0,76797332,1094,0,1094,-141,0,20,8
4,350,21.000000,0.000000,0,0,76797335,1094,0,1094,-141,0,20,8
4,350,21.000000,0.000000,0,0,76797338,1094,0,1094,-141,0,20,8
4,350,21.000000,0.000000,0,0,76797340,1094,0,1094,-141,0,20,8
4,350,21.000000,0.000000,0,0,76797343,1094,0,1094,-141,0,20,8
4,350,21.000000,0.000000,0,0,76797346,1094,0,1094,-141,0,20,8
4,350,21.000000,0.000000,0,0,76797349,1094,0,1094,-141,0,20,8
4,350,21.000000,0.000000,0,0,76797351,1094,0,1094,-141,0,20,8
4,350,21.000000,0.000000,0,0,76797354,1094,0,1094,-141,0,20,8
4,350,21.000000,0.000000,0,0,76797357,1094,0,1094,-141,0,20,8
4,350,21.000000,0.000000,0,0,76797359,1094,0,1094,-141,0,20,8
4,350,21.000000,0.000000,0,0,76797362,1094,0,1094,-141,0,20,8
4,350,21.000000,0.000000,0,0,76797365,1094,0,1094,-141,0,20,8
4,350,21.000000,0.000000,0,0,76797368,1094,0,1094,-141,0,20,8
4,350,21.000000,0.000000,0,0,76797370,1094,0,1094,-141,0,20,8
4,350,21.000000,0.000000,0,0,76797373,1094,0,1094,-141,0,20,8
4,350,21.000000,0.000000,0,0,76797376,1094,0,1094,-141,0,20,8
4,350,21.000000,0.000000,0,0,76797379,1094,0,1094,-141,0,20,8
4,350,21.000000,0.000000,0,0,76797382,1094,0,1094,-141,0,20,8
4,350,21.000000,0.000000,0,0,76797384,1094,0,1094,-141,0,20,8
4,350,21.000000,0.000000,0,0,76797387,1094,0,1094,-141,0,20,8
4,350,21.000000,0.000000,0,0,76797390,1094,0,1094,-141,0,20,8
4,350,21.000000,0.000000,0,0,76797393,1094,0,1094,-141,0,20,8
4,350,21.000000,0.000000,0,0,76797395,1094,0,1094,-141,0,20,8
4,350,21.000000,0.000000,0,0,76797398,1094,0,1094,-141,0,20,8
4,350,21.000000,0.000000,0,0,76797401,1094,0,1094,-141,0,20,8
4,350,21.000000,0.000000,0,0,76797404,1094,0,1094,-141,0,20,8
4,350,21.000000,0.000000,0,0,76797407,1094,0,1094,-141,0,20,8
4,350,21.000000,0.000000,0,0,76797409,1094,0,1094,-141,0,20,8
4,350,21.000000,0.000000,0,0,76797412,1094,0,1094,-141,0,20,8
4,350,21.000000,0.000000,0,0,76797415,1094,0,1094,-141,0,20,8
4,350,21.000000,0.000000,0,0,76797418,1094,0,1094,-141,0,20,8
4,350,21.000000,0.000000,0,0,76797420,1094,0,1094,-141,0,20,8
4,350,21.000000,0.000000,0,0,76797423,1094,0,1094,-141,0,20,8
4,350,21.000000,0.000000,0,0,76797426,1094,0,1094,-141,0,20,8
4,350,21.000000,0.000000,0,0,76797429,1094,0,1094,-141,0,20,8
4,350,21.000000,0.000000,0,0,76797432,1094,0,1094,-141,0,20,8
4,350,21.000000,0.000000,0,0,76797434,1094,0,1094,-141,0,20,8
4,350,21.000000,0.000000,0,0,76797437,1094,0,1094,-141,0,20,8
4,350,21.000000,0.000000,0,0,76797440,1094,0,1094,-141,0,20,8
4,350,21.000000,0.000000,0,0,76797443,1094,0,1094,-141,0,20,8
4,350,21.000000,0.000000,0,0,76797445,1094,0,1094,-141,0,20,8
4,350,21.000000,0.000000,0,0,76797448,1094,0,1094,-141,0,20,8
4,350,21.000000,0.000000,0,0,76797451,1094,0,1094,-141,0,20,8
4,350,21.000000,0.000000,0,0,76797454,1094,0,1094,-141,0,20,8
4,350,21.000000,0.000000,0,0,76797457,1094,0,1094,-141,0,20,8
4,350,21.000000,0.000000,0,0,76797459,1094,0,1094,-141,0,20,8
4,350,21.000000,0.000000,0,0,76797463,1094,0,1094,-141,0,20,8
4,350,21.000000,0.000000,0,0,76797465,1094,0,1094,-141,0,20,8
4,350,21.000000,0.000000,0,0,76797468,1094,0,1094,-141,0,20,8
4,350,21.000000,0.000000,0,0,76797471,1094,0,1094,-141,0,20,8
4,350,21.000000,0.000000,0,0,76797473,1094,0,1094,-141,0,20,8
4,350,21.000000,0.000000,0,0,76797476,1094,0,1094,-141,0,20,8
4,350,21.000000,0.000000,0,0,76797479,1094,0,1094,-141,0,20,8
4,350,21.000000,0.000000,0,0,76797482,1094,0,1094,-141,0,20,8
4,350,21.000000,0.000000,0,0,76797485,1094,0,1094,-141,0,20,8
4,350,21.000000,0.000000,0,0,76797488,1094,0,1094,-141,0,20,8
4,350,21.000000,0.000000,0,0,76797490,1094,0,1094,-141,0,20,8
4,350,21.000000,0.000000,0,0,76797493,1094,0,1094,-141,0,20,8
4,350,21.000000,0.000000,0,0,76797496,1094,0,1094,-141,0,20,8
4,350,21.000000,0.000000,0,0,76797499,1094,0,1094,-141,0,20,8
4,350,21.000000,0.000000,0,0,76797501,1094,0,1094,-141,0,20,8
4,350,21.000000,0.000000,0,0,76797504,1094,0,1094,-141,0,20,8
4,350,21.000000,0.000000,0,0,76797507,1094,0,1094,-141,0,20,8
4,350,21.000000,0.000000,0,0,76797510,1094,0,1094,-141,0,20,8
4,350,21.000000,0.000000,0,0,76797513,1094,0,1094,-141,0,20,8
4,350,21.000000,0.000000,0,0,76797515,1094,0,1094,-141,0,20,8
4,350,21.000000,0.000000,0,0,76797518,1094,0,1094,-141,0,20,8
4,350,21.000000,0.000000,0,0,76797521,1094,0,1094,-141,0,20,8
4,350,21.000000,0.000000,0,0,76797524,1094,0,1094,-141,0,20,8
4,350,21.000000,0.000000,0,0,76797527,1094,0,1094,-141,0,20,8
4,350,21.000000,0.000000,0,0,76797529,1094,0,1094,-141,0,20,8
4,350,21.000000,0.000000,0,0,76797532,1094,0,1094,-141,0,20,8
4,350,21.000000,0.000000,0,0,76797535,1094,0,1094,-141,0,20,8
4,350,21.000000,0.000000,0,0,76797538,1094,0,1094,-141,0,20,8
4,350,21.000000,0.000000,0,0,76797540,1094,0,1094,-141,0,20,8
4,350,21.000000,0.000000,0,0,76797543,1094,0,1094,-141,0,20,8
4,350,21.000000,0.000000,0,0,76797546,1094,0,1094,-141,0,20,8
4,350,21.000000,0.000000,0,0,76797549,1094,0,1094,-141,0,20,8
4,350,21.000000,0.000000,0,0,76797552,1094,0,1094,-141,0,20,8
4,350,21.000000,0.000000,0,0,76797554,1094,0,1094,-141,0,20,8
4,350,21.000000,0.000000,0,0,76797557,1094,0,1094,-141,0,20,8
4,350,21.000000,0.000000,0,0,76797560,1094,0,1094,-141,0,20,8
4,350,21.000000,0.000000,0,0,76797563,1094,0,1094,-141,0,20,8
4,350,21.000000,0.000000,0,0,76797565,1094,0,1094,-141,0,20,8
4,350,21.000000,0.000000,0,0,76797568,1095,0,1095,-142,0,20,8
4,350,21.000000,0.000000,0,0,76797571,1095,0,1095,-143,0,20,8
4,350,21.000000,0.000000,0,0,76797573,1096,0,1096,-144,0,20,8
4,350,21.000000,0.000000,0,0,76797576,1096,0,1096,-144,0,20,8
4,350,21.000000,0.000000,0,0,76797579,1096,0,1096,-144,0,20,8
4,350,21.000000,0.000000,0,0,76797582,1096,0,1096,-145,0,20,8
4,350,21.000000,0.000000,0,0,76797585,1096,0,1096,-146,0,20,8
4,350,21.000000,0.000000,0,0,76797587,1096,0,1096,-146,0,20,8
4,350,21.000000,0.000000,0,0,76797590,1097,0,1097,-147,0,20,8
4,350,21.000000,0.000000,0,0,76797593,1098,0,1098,-148,0,20,8
4,350,21.000000,0.000000,0,0,76797596,1100,0,1100,-148,0,20,8
4,350,21.000000,0.000000,0,0,76797598,1100,0,1100,-148,0,20,8
4,350,21.000000,0.000000,0,0,76797602,1100,0,1100,-148,0,20,8
4,350,21.000000,0.000000,0,0,76797604,1101,0,1101,-148,0,20,8
4,350,21.000000,0.000000,0,0,76797607,1102,0,1102,-148,0,20,8
4,350,21.000000,0.000000,0,0,76797610,1102,0,1102,-149,0,20,8
4,350,21.000000,0.000000,0,0,76797613,1102,0,1102,-149,0,20,8
4,350,21.000000,0.000000,0,0,76797616,1103,0,1103,-149,0,20,8
4,350,21.000000,0.000000,0,0,76797619,1104,0,1104,-150,0,20,8
4,350,21.000000,0.000000,0,0,76797622,1104,0,1104,-150,0,20,8
4,350,21.000000,0.000000,0,0,76797625,1104,0,1104,-150,0,20,8
4,350,21.000000,0.000000,0,0,76797627,1104,0,1104,-150,0,20,8
4,350,21.000000,0.000000,0,0,76797630,1104,0,1104,-150,0,20,8
4,350,21.000000,0.000000,0,0,76797633,1104,0,1104,-150,0,20,8
4,350,21.000000,0.000000,0,0,76797635,1104,0,1104,-150,0,20,8
4,350,21.000000,0.000000,0,0,76797638,1104,0,1104,-150,0,20,8
4,350,21.000000,0.000000,0,0,76797641,1104,0,1104,-150,0,20,8
4,350,21.000000,0.000000,0,0,76797643,1104,0,1104,-150,0,20,8
4,350,21.000000,0.000000,0,0,76797646,1104,0,1104,-150,0,20,8
4,350,21.000000,0.000000,0,0,76797649,1104,0,1104,-150,0,20,8
4,350,21.000000,0.000000,0,0,76797651,1104,0,1104,-150,0,20,8
4,350,21.000000,0.000000,0,0,76797654,1104,0,1104,-150,0,20,8
4,350,21.000000,0.000000,0,0,76797657,1104,0,1104,-150,0,20,8
4,350,21.000000,0.000000,0,0,76797660,1104,0,1104,-150,0,20,8
4,350,21.000000,0.000000,0,0,76797663,1104,0,1104,-150,0,20,8
4,350,21.000000,0.000000,0,0,76797665,1104,0,1104,-150,0,20,8
4,350,21.000000,0.000000,0,0,76797668,1104,0,1104,-150,0,20,8
4,350,21.000000,0.000000,0,0,76797671,1104,0,1104,-150,0,20,8
4,350,21.000000,0.000000,0,0,76797674,1104,0,1104,-150,0,20,8
4,350,21.000000,0.000000,0,0,76797677,1104,0,1104,-150,0,20,8
4,350,21.000000,0.000000,0,0,76797679,1104,0,1104,-150,0,20,8
4,350,21.000000,0.000000,0,0,76797682,1104,0,1104,-150,0,20,8
4,350,21.000000,0.000000,0,0,76797685,1104,0,1104,-150,0,20,8
4,350,21.000000,0.000000,0,0,76797687,1104,0,1104,-150,0,20,8
4,350,21.000000,0.000000,0,0,76797690,1104,0,1104,-150,0,20,8
4,350,21.000000,0.000000,0,0,76797693,1104,0,1104,-150,0,20,8
4,350,21.000000,0.000000,0,0,76797696,1104,0,1104,-150,0,20,8
4,350,21.000000,0.000000,0,0,76797698,1104,0,1104,-150,0,20,8
4,350,21.000000,0.000000,0,0,76797701,1104,0,1104,-150,0,20,8
4,350,21.000000,0.000000,0,0,76797704,1104,0,1104,-150,0,20,8
4,350,21.000000,0.000000,0,0,76797707,1104,0,1104,-150,0,20,8
4,350,21.000000,0.000000,0,0,76797710,1104,0,1104,-150,0,20,8
4,350,21.000000,0.000000,0,0,76797712,1104,0,1104,-150,0,20,8
4,350,21.000000,0.000000,0,0,76797715,1104,0,1104,-150,0,20,8
4,350,21.000000,0.000000,0,0,76797718,1104,0,1104,-150,0,20,8
4,350,21.000000,0.000000,0,0,76797721,1104,0,1104,-150,0,20,8
4,350,21.000000,0.000000,0,0,76797723,1104,0,1104,-150,0,20,8
4,350,21.000000,0.000000,0,0,76797726,1104,0,1104,-150,0,20,8
4,350,21.000000,0.000000,0,0,76797729,1104,0,1104,-150,0,20,8
4,350,21.000000,0.000000,0,0,76797732,1104,0,1104,-150,0,20,8
4,350,21.000000,0.000000,0,0,76797735,1104,0,1104,-151,0,20,8
4,350,21.000000,0.000000,0,0,76797737,1105,0,1105,-152,0,20,8
4,350,21.000000,0.000000,0,0,76797740,1105,0,1105,-152,0,20,8
4,350,21.000000,0.000000,0,0,76797743,1105,0,1105,-152,0,20,8
4,350,21.000000,0.000000,0,0,76797746,1105,0,1105,-152,0,20,8
4,350,21.000000,0.000000,0,0,76797749,1105,0,1105,-152,0,20,8
4,350,21.000000,0.000000,0,0,76797751,1105,0,1105,-153,0,20,8
4,350,21.000000,0.000000,0,0,76797754,1106,0,1106,-153,0,20,8
4,350,21.000000,0.000000,0,0,76797757,1107,0,1107,-153,0,20,8
4,350,21.000000,0.000000,0,0,76797760,1108,0,1108,-153,0,20,8
4,350,21.000000,0.000000,0,0,76797762,1109,0,1109,-153,0,20,8
4,350,21.000000,0.000000,0,0,76797765,1109,0,1109,-153,0,20,8
4,350,21.000000,0.000000,0,0,76797768,1109,0,1109,-153,0,20,8
4,350,21.000000,0.000000,0,0,76797771,1109,0,1109,-153,0,20,8
4,350,21.000000,0.000000,0,0,76797773,1109,0,1109,-153,0,20,8
4,350,21.000000,0.000000,0,0,76797777,1109,0,1109,-153,0,20,8
4,350,21.000000,0.000000,0,0,76797780,1109,0,1109,-153,0,20,8
4,350,21.000000,0.000000,0,0,76797782,1110,0,1110,-153,0,20,8
4,350,21.000000,0.000000,0,0,76797785,1110,0,1110,-154,0,20,8
4,350,21.000000,0.000000,0,0,76797788,1111,0,1111,-154,0,20,8
4,350,21.000000,0.000000,0,0,76797791,1112,0,1112,-154,0,20,8
4,350,21.000000,0.000000,0,0,76797793,1112,0,1112,-154,0,20,8
4,350,21.000000,0.000000,0,0,76797796,1112,0,1112,-154,0,20,8
4,350,21.000000,0.000000,0,0,76797799,1112,0,1112,-155,0,20,8
4,350,21.000000,0.000000,0,0,76797802,1113,0,1113,-155,0,20,8
4,350,21.000000,0.000000,0,0,76797804,1114,0,1114,-155,0,20,8
4,350,21.000000,0.000000,0,0,76797807,1114,0,1114,-155,0,20,8
4,350,21.000000,0.000000,0,0,76797810,1115,0,1115,-155,0,20,8
4,350,21.000000,0.000000,0,0,76797813,1115,0,1115,-156,0,20,8
4,350,21.000000,0.000000,0,0,76797816,1116,0,1116,-156,0,20,8
4,350,21.000000,0.000000,0,0,76797818,1116,0,1116,-157,0,20,8
4,350,21.000000,0.000000,0,0,76797821,1116,0,1116,-158,0,20,8
4,350,21.000000,0.000000,0,0,76797824,1117,0,1117,-158,0,20,8
4,350,21.000000,0.000000,0,0,76797826,1118,0,1118,-158,0,20,8
4,350,21.000000,0.000000,0,0,76797829,1118,0,1118,-158,0,20,8
4,350,21.000000,0.000000,0,0,76797832,1119,0,1119,-159,0,20,8
4,350,21.000000,0.000000,0,0,76797835,1120,0,1120,-160,0,20,8
4,350,21.000000,0.000000,0,0,76797837,1121,0,1121,-161,0,20,8
4,350,21.000000,0.000000,0,0,76797840,1122,0,1122,-161,0,20,8
4,350,21.000000,0.000000,0,0,76797843,1125,0,1125,-161,0,20,8
4,350,21.000000,0.000000,0,0,76797846,1128,0,1128,-162,0,20,8
4,350,21.000000,0.000000,0,0,76797849,1129,0,1129,-162,0,20,8
4,350,21.000000,0.000000,0,0,76797851,1131,0,1131,-164,0,20,8
4,350,21.000000,0.000000,0,0,76797854,1133,0,1133,-166,0,20,8
4,350,21.000000,0.000000,0,0,76797857,1134,0,1134,-166,0,20,8
4,350,21.000000,0.000000,0,0,76797860,1135,0,1135,-167,0,20,8
4,350,21.000000,0.000000,0,0,76797863,1136,0,1136,-167,0,20,8
4,350,21.000000,0.000000,0,0,76797865,1137,0,1137,-167,0,20,8
4,350,21.000000,0.000000,0,0,76797868,1138,0,1138,-167,0,20,8
4,350,21.000000,0.000000,0,0,76797871,1138,0,1138,-168,0,20,8
4,350,21.000000,0.000000,0,0,76797874,1139,0,1139,-169,0,20,8
4,350,21.000000,0.000000,0,0,76797876,1139,0,1139,-169,0,20,8
4,350,21.000000,0.000000,0,0,76797879,1139,0,1139,-169,0,20,8
4,350,21.000000,0.000000,0,0,76797882,1139,0,1139,-169,0,20,8
4,350,21.000000,0.000000,0,0,76797885,1139,0,1139,-169,0,20,8
4,350,21.000000,0.000000,0,0,76797888,1139,0,1139,-170,0,20,8
4,350,21.000000,0.000000,0,0,76797890,1139,0,1139,-171,0,20,8
4,350,21.000000,0.000000,0,0,76797893,1139,0,1139,-171,0,20,8
4,350,21.000000,0.000000,0,0,76797896,1139,0,1139,-171,0,20,8
4,350,21.000000,0.000000,0,0,76797899,1139,0,1139,-171,0,20,8
4,350,21.000000,0.000000,0,0,76797902,1139,0,1139,-171,0,20,8
4,350,21.000000,0.000000,0,0,76797905,1139,0,1139,-171,0,20,8
4,350,21.000000,0.000000,0,0,76797907,1139,0,1139,-171,0,20,8
4,350,21.000000,0.000000,0,0,76797910,1139,0,1139,-171,0,20,8
4,350,21.000000,0.000000,0,0,76797913,1139,0,1139,-171,0,20,8
4,350,21.000000,0.000000,0,0,76797916,1139,0,1139,-171,0,20,8
4,350,21.000000,0.000000,0,0,76797918,1139,0,1139,-171,0,20,8
4,350,21.000000,0.000000,0,0,76797921,1139,0,1139,-171,0,20,8
4,350,21.000000,0.000000,0,0,76797924,1139,0,1139,-171,0,20,8
4,350,21.000000,0.000000,0,0,76797927,1139,0,1139,-171,0,20,8
4,350,21.000000,0.000000,0,0,76797930,1139,0,1139,-171,0,20,8
4,350,21.000000,0.000000,0,0,76797932,1139,0,1139,-171,0,20,8
4,350,21.000000,0.000000,0,0,76797935,1139,0,1139,-171,0,20,8
4,350,21.000000,0.000000,0,0,76797938,1139,0,1139,-171,0,20,8
4,350,21.000000,0.000000,0,0,76797940,1139,0,1139,-171,0,20,8
4,350,21.000000,0.000000,0,0,76797943,1139,0,1139,-171,0,20,8
4,350,21.000000,0.000000,0,0,76797946,1139,0,1139,-171,0,20,8
4,350,21.000000,0.000000,0,0,76797949,1139,0,1139,-171,0,20,8
4,350,21.000000,0.000000,0,0,76797951,1139,0,1139,-171,0,20,8
4,350,21.000000,0.000000,0,0,76797954,1140,0,1140,-171,0,20,8
4,350,21.000000,0.000000,0,0,76797957,1141,0,1141,-171,0,20,8
4,350,21.000000,0.000000,0,0,76797960,1141,0,1141,-171,0,20,8
4,350,21.000000,0.000000,0,0,76797963,1141,0,1141,-171,0,20,8
4,350,21.000000,0.000000,0,0,76797965,1141,0,1141,-171,0,20,8
4,350,21.000000,0.000000,0,0,76797968,1141,0,1141,-171,0,20,8
4,350,21.000000,0.000000,0,0,76797971,1141,0,1141,-171,0,20,8
4,350,21.000000,0.000000,0,0,76797974,1141,0,1141,-171,0,20,8
4,350,21.000000,0.000000,0,0,76797976,1141,0,1141,-171,0,20,8
4,350,21.000000,0.000000,0,0,76797979,1141,0,1141,-171,0,20,8
4,350,21.000000,0.000000,0,0,76797982,1141,0,1141,-171,0,20,8
4,350,21.000000,0.000000,0,0,76797985,1141,0,1141,-171,0,20,8
4,350,21.000000,0.000000,0,0,76797988,1141,0,1141,-171,0,20,8
4,350,21.000000,0.000000,0,0,76797990,1141,0,1141,-171,0,20,8
4,350,21.000000,0.000000,0,0,76797993,1141,0,1141,-171,0,20,8
4,350,21.000000,0.000000,0,0,76797996,1141,0,1141,-171,0,20,8
4,350,21.000000,0.000000,0,0,76797999,1141,0,1141,-171,0,20,8
4,350,21.000000,0.000000,0,0,76798001,1141,0,1141,-171,0,20,8
4,350,21.000000,0.000000,0,0,76798004,1141,0,1141,-171,0,20,8
4,350,21.000000,0.000000,0,0,76798007,1141,0,1141,-171,0,20,8
4,350,21.000000,0.000000,0,0,76798010,1141,0,1141,-171,0,20,8
4,350,21.000000,0.000000,0,0,76798013,1141,0,1141,-171,0,20,8
4,350,21.000000,0.000000,0,0,76798015,1141,0,1141,-171,0,20,8
4,350,21.000000,0.000000,0,0,76798018,1141,0,1141,-171,0,20,8
4,350,21.000000,0.000000,0,0,76798021,1141,0,1141,-171,0,20,8
4,350,21.000000,0.000000,0,0,76798024,1141,0,1141,-171,0,20,8
4,350,21.000000,0.000000,0,0,76798026,1141,0,1141,-171,0,20,8
4,350,21.000000,0.000000,0,0,76798029,1141,0,1141,-171,0,20,8
4,350,21.000000,0.000000,0,0,76798032,1141,0,1141,-171,0,20,8
4,350,21.000000,0.000000,0,0,76798035,1141,0,1141,-171,0,20,8
4,350,21.000000,0.000000,0,0,76798038,1141,0,1141,-171,0,20,8
4,350,21.000000,0.000000,0,0,76798040,1141,0,1141,-171,0,20,8
4,350,21.000000,0.000000,0,0,76798043,1141,0,1141,-171,0,20,8
4,350,21.000000,0.000000,0,0,76798046,1141,0,1141,-171,0,20,8
4,350,21.000000,0.000000,0,0,76798049,1141,0,1141,-171,0,20,8
4,350,21.000000,0.000000,0,0,76798052,1141,0,1141,-171,0,20,8
4,350,21.000000,0.000000,0,0,76798054,1141,0,1141,-171,0,20,8
4,350,21.000000,0.000000,0,0,76798057,1141,0,1141,-171,0,20,8
4,350,21.000000,0.000000,0,0,76798060,1141,0,1141,-171,0,20,8
4,350,21.000000,0.000000,0,0,76798063,1141,0,1141,-171,0,20,8
4,350,21.000000,0.000000,0,0,76798065,1141,0,1141,-171,0,20,8
4,350,21.000000,0.000000,0,0,76798068,1141,0,1141,-171,0,20,8
4,350,21.000000,0.000000,0,0,76798071,1141,0,1141,-171,0,20,8
4,350,21.000000,0.000000,0,0,76798074,1141,0,1141,-171,0,20,8
4,350,21.000000,0.000000,0,0,76798077,1141,0,1141,-171,0,20,8
4,350,21.000000,0.000000,0,0,76798079,1141,0,1141,-171,0,20,8
4,350,21.000000,0.000000,0,0,76798082,1141,0,1141,-171,0,20,8
4,350,21.000000,0.000000,0,0,76798085,1141,0,1141,-171,0,20,8
4,350,21.000000,0.000000,0,0,76798088,1141,0,1141,-171,0,20,8
4,350,21.000000,0.000000,0,0,76798090,1141,0,1141,-171,0,20,8
4,350,21.000000,0.000000,0,0,76798094,1141,0,1141,-171,0,20,8
4,350,21.000000,0.000000,0,0,76798096,1141,0,1141,-171,0,20,8
4,350,21.000000,0.000000,0,0,76798099,1141,0,1141,-171,0,20,8
4,350,21.000000,0.000000,0,0,76798101,1141,0,1141,-171,0,20,8
4,350,21.000000,0.000000,0,0,76798105,1141,0,1141,-171,0,20,8
4,350,21.000000,0.000000,0,0,76798107,1141,0,1141,-171,0,20,8
4,350,21.000000,0.000000,0,0,76798110,1141,0,1141,-171,0,20,8
4,350,21.000000,0.000000,0,0,76798113,1141,0,1141,-171,0,20,8
4,350,21.000000,0.000000,0,0,76798116,1141,0,1141,-171,0,20,8
4,350,21.000000,0.000000,0,0,76798118,1141,0,1141,-171,0,20,8
4,350,21.000000,0.000000,0,0,76798121,1141,0,1141,-171,0,20,8
4,350,21.000000,0.000000,0,0,76798124,1141,0,1141,-171,0,20,8
4,350,21.000000,0.000000,0,0,76798127,1141,0,1141,-171,0,20,8
4,350,21.000000,0.000000,0,0,76798130,1140,0,1140,-171,0,20,8
4,350,21.000000,0.000000,0,0,76798132,1140,0,1140,-171,0,20,8
4,350,21.000000,0.000000,0,0,76798135,1140,0,1140,-171,0,20,8
4,350,21.000000,0.000000,0,0,76798138,1140,0,1140,-171,0,20,8
4,350,21.000000,0.000000,0,0,76798141,1140,0,1140,-171,0,20,8
4,350,21.000000,0.000000,0,0,76798143,1140,0,1140,-171,0,20,8
4,350,21.000000,0.000000,0,0,76798146,1140,0,1140,-171,0,20,8
4,350,21.000000,0.000000,0,0,76798149,1140,0,1140,-171,0,20,8
4,350,21.000000,0.000000,0,0,76798152,1140,0,1140,-171,0,20,8
4,350,21.000000,0.000000,0,0,76798155,1140,0,1140,-171,0,20,8
4,350,21.000000,0.000000,0,0,76798157,1140,0,1140,-171,0,20,8
4,350,21.000000,0.000000,0,0,76798160,1140,0,1140,-171,0,20,8
4,350,21.000000,0.000000,0,0,76798163,1140,0,1140,-171,0,20,8
4,350,21.000000,0.000000,0,0,76798166,1140,0,1140,-171,0,20,8
4,350,21.000000,0.000000,0,0,76798168,1140,0,1140,-171,0,20,8
4,350,21.000000,0.000000,0,0,76798171,1140,0,1140,-171,0,20,8
4,350,21.000000,0.000000,0,0,76798174,1140,0,1140,-171,0,20,8
4,350,21.000000,0.000000,0,0,76798177,1140,0,1140,-171,0,20,8
4,350,21.000000,0.000000,0,0,76798180,1140,0,1140,-171,0,20,8
4,350,21.000000,0.000000,0,0,76798182,1140,0,1140,-171,0,20,8
4,350,21.000000,0.000000,0,0,76798185,1140,0,1140,-171,0,20,8
4,350,21.000000,0.000000,0,0,76798188,1140,0,1140,-171,0,20,8
4,350,21.000000,0.000000,0,0,76798191,1140,0,1140,-171,0,20,8
4,350,21.000000,0.000000,0,0,76798193,1140,0,1140,-171,0,20,8
4,350,21.000000,0.000000,0,0,76798196,1140,0,1140,-171,0,20,8
4,350,21.000000,0.000000,0,0,76798199,1140,0,1140,-171,0,20,8
4,350,21.000000,0.000000,0,0,76798202,1140,0,1140,-171,0,20,8
4,350,21.000000,0.000000,0,0,76798205,1140,0,1140,-171,0,20,8
4,350,21.000000,0.000000,0,0,76798208,1140,0,1140,-171,0,20,8
4,350,21.000000,0.000000,0,0,76798210,1140,0,1140,-171,0,20,8
4,350,21.000000,0.000000,0,0,76798213,1140,0,1140,-171,0,20,8
4,350,21.000000,0.000000,0,0,76798216,1140,0,1140,-171,0,20,8
4,350,21.000000,0.000000,0,0,76798219,1140,0,1140,-171,0,20,8
4,350,21.000000,0.000000,0,0,76798221,1140,0,1140,-171,0,20,8
4,350,21.000000,0.000000,0,0,76798235,1140,0,1140,-171,0,20,8
