4,700,21.000000,42.000000,0,0,173300496,613,9,613,9,0,31,1,1
4,700,21.000000,42.000000,0,0,173300497,613,9,613,9,0,31,1,1
4,700,21.000000,42.000000,0,0,173300500,613,9,613,9,0,31,1,1
4,700,21.000000,42.000000,0,0,173300503,613,9,613,9,0,31,1,1
4,700,21.000000,42.000000,0,0,173300505,613,9,613,9,0,31,1,1
4,700,21.000000,42.000000,0,0,173300508,613,9,613,9,0,31,1,1
4,700,21.000000,42.000000,0,0,173300511,613,9,613,9,0,31,1,1
4,700,21.000000,42.000000,0,0,173300514,613,9,613,9,0,31,1,1
4,700,21.000000,42.000000,0,0,173300517,613,9,613,9,0,31,1,1
4,700,21.000000,42.000000,0,0,173300519,613,9,613,9,0,31,1,1
4,700,21.000000,42.000000,0,0,173300522,613,9,613,9,0,31,1,1
4,700,21.000000,42.000000,0,0,173300525,613,9,613,9,0,31,1,1
4,700,21.000000,42.000000,0,0,173300528,613,9,613,9,0,31,1,1
4,700,21.000000,42.000000,0,0,173300531,613,9,613,9,0,31,1,1
4,700,21.000000,42.000000,0,0,173300533,613,9,613,9,0,31,1,1
4,700,21.000000,42.000000,0,0,173300536,613,9,613,9,0,31,1,1
4,700,21.000000,42.000000,0,0,173300539,613,9,613,9,0,31,1,1
4,700,21.000000,42.000000,0,0,173300542,613,9,613,9,0,31,1,1
4,700,21.000000,42.000000,0,0,173300545,613,9,613,9,0,31,1,1
4,700,21.000000,42.000000,0,0,173300547,613,9,613,9,0,31,1,1
4,700,21.000000,42.000000,0,0,173300550,613,9,613,9,0,31,1,1
4,700,21.000000,42.000000,0,0,173300553,613,9,613,9,0,31,1,1
4,700,21.000000,42.000000,0,0,173300555,613,9,613,9,0,31,1,1
4,700,21.000000,42.000000,0,0,173300558,613,9,613,9,0,31,1,1
4,700,21.000000,42.000000,0,0,173300561,613,9,613,9,0,31,1,1
4,700,21.000000,42.000000,0,0,173300564,613,9,613,9,0,31,1,1
4,700,21.000000,42.000000,0,0,173300566,613,9,613,9,0,31,1,1
4,700,21.000000,42.000000,0,0,173300569,613,9,613,9,0,31,1,1
4,700,21.000000,42.000000,0,0,173300572,613,9,613,9,0,31,1,1
4,700,21.000000,42.000000,0,0,173300575,613,9,613,9,0,31,1,1
4,700,21.000000,42.000000,0,0,173300578,613,9,613,9,0,31,1,1
4,700,21.000000,42.000000,0,0,173300580,613,9,613,9,0,31,1,1
4,700,21.000000,42.000000,0,0,173300583,613,9,613,9,0,31,1,1
4,700,21.000000,42.000000,0,0,173300586,613,9,613,9,0,31,1,1
4,700,21.000000,42.000000,0,0,173300589,613,9,613,9,0,31,1,1
4,700,21.000000,42.000000,0,0,173300592,613,9,613,9,0,31,1,1
4,700,21.000000,42.000000,0,0,173300594,613,9,613,9,0,31,1,1
4,700,21.000000,42.000000,0,0,173300597,613,9,613,9,0,31,1,1
4,700,21.000000,42.000000,0,0,173300600,613,9,613,9,0,31,1,1
4,700,21.000000,42.000000,0,0,173300603,614,9,614,9,0,31,1,1
4,700,21.000000,42.000000,0,0,173300606,616,9,616,9,0,31,1,1
4,700,21.000000,42.000000,0,0,173300609,618,9,618,9,0,31,1,1
4,700,21.000000,42.000000,0,0,173300611,620,9,620,9,0,31,1,1
4,700,21.000000,42.000000,0,0,173300614,622,9,622,9,0,31,1,1
4,700,21.000000,42.000000,0,0,173300617,624,8,624,8,0,31,1,1
4,700,21.000000,42.000000,0,0,173300619,627,8,627,8,0,31,1,1
4,700,21.000000,42.000000,0,0,173300622,631,8,631,8,0,31,1,1
4,700,21.000000,42.000000,0,0,173300625,635,8,635,8,0,31,1,1
4,700,21.000000,42.000000,0,0,173300628,643,8,643,8,0,31,1,1
4,700,21.000000,42.000000,0,0,173300630,647,8,647,8,0,31,1,1
4,700,21.000000,42.000000,0,0,173300633,654,8,654,8,0,31,1,1
4,700,21.000000,42.000000,0,0,173300636,667,8,667,8,0,31,1,1
4,700,21.000000,42.000000,0,0,173300639,676,7,676,7,0,31,1,1
4,700,21.000000,42.000000,0,0,173300642,682,7,682,7,0,31,1,1
4,700,21.000000,42.000000,0,0,173300644,699,7,699,7,0,31,1,1
4,700,21.000000,42.000000,0,0,173300647,713,7,713,7,0,31,1,1
4,700,21.000000,42.000000,0,0,173300650,723,7,723,7,0,31,1,1
4,700,21.000000,42.000000,0,0,173300653,735,7,735,7,0,31,1,1
4,700,21.000000,42.000000,0,0,173300656,748,7,748,7,0,31,1,1
4,700,21.000000,42.000000,0,0,173300658,764,7,764,7,0,31,1,1
4,700,21.000000,42.000000,0,0,173300661,781,7,781,7,0,31,1,1
4,700,21.000000,42.000000,0,0,173300664,796,7,796,7,0,31,1,1
4,700,21.000000,42.000000,0,0,173300667,822,7,822,7,0,31,1,1
4,700,21.000000,42.000000,0,0,173300670,839,7,839,7,0,31,1,1
4,700,21.000000,42.000000,0,0,173300672,865,7,865,7,0,31,1,1
4,700,21.000000,42.000000,0,0,173300675,884,7,884,7,0,31,1,1
4,700,21.000000,42.000000,0,0,173300677,913,8,913,8,0,31,1,1
4,700,21.000000,42.000000,0,0,173300680,932,8,932,8,0,31,1,1
4,700,21.000000,42.000000,0,0,173300683,963,8,963,8,0,31,1,1
4,700,21.000000,42.000000,0,0,173300686,990,9,990,9,0,31,1,1
4,700,21.000000,42.000000,0,0,173300689,1004,9,1004,9,0,31,1,1
4,700,21.000000,42.000000,0,0,173300692,1024,9,1024,9,0,31,1,1
4,700,21.000000,42.000000,0,0,173300695,1042,9,1042,9,0,31,1,1
4,700,21.000000,42.000000,0,0,173300697,1064,9,1064,9,0,31,1,1
4,700,21.000000,42.000000,0,0,173300700,1090,10,1090,10,0,31,1,1
4,700,21.000000,42.000000,0,0,173300703,1107,11,1107,11,0,31,1,1
4,700,21.000000,42.000000,0,0,173300705,1128,11,1128,11,0,31,1,1
4,700,21.000000,42.000000,0,0,173300708,1156,11,1156,11,0,31,1,1
4,700,21.000000,42.000000,0,0,173300711,1173,11,1173,11,0,31,1,1
4,700,21.000000,42.000000,0,0,173300714,1189,11,1189,11,0,31,1,1
4,700,21.000000,42.000000,0,0,173300717,1210,12,1210,12,0,31,1,1
4,700,21.000000,42.000000,0,0,173300719,1227,13,1227,13,0,31,1,1
4,700,21.000000,42.000000,0,0,173300722,1245,14,1245,14,0,31,1,1
4,700,21.000000,42.000000,0,0,173300725,1258,15,1258,15,0,31,1,1
4,700,21.000000,42.000000,0,0,173300728,1271,16,1271,16,0,31,1,1
4,700,21.000000,42.000000,0,0,173300731,1283,16,1283,16,0,31,1,1
4,700,21.000000,42.000000,0,0,173300733,1294,17,1294,17,0,31,1,1
4,700,21.000000,42.000000,0,0,173300736,1307,17,1307,17,0,31,1,1
4,700,21.000000,42.000000,0,0,173300739,1317,17,1317,17,0,31,1,1
4,700,21.000000,42.000000,0,0,173300742,1322,17,1322,17,0,31,1,1
4,700,21.000000,42.000000,0,0,173300744,1331,18,1331,18,0,31,1,1
4,700,21.000000,42.000000,0,0,173300747,1337,18,1337,18,0,31,1,1
4,700,21.000000,42.000000,0,0,173300750,1343,18,1343,18,0,31,1,1
4,700,21.000000,42.000000,0,0,173300753,1348,19,1348,19,0,31,1,1
4,700,21.000000,42.000000,0,0,173300756,1353,19,1353,19,0,31,1,1
4,700,21.000000,42.000000,0,0,173300758,1357,19,1357,19,0,31,1,1
4,700,21.000000,42.000000,0,0,173300761,1362,19,1362,19,0,31,1,1
4,700,21.000000,42.000000,0,0,173300764,1365,19,1365,19,0,31,1,1
4,700,21.000000,42.000000,0,0,173300767,1368,19,1368,19,0,31,1,1
4,700,21.000000,42.000000,0,0,173300769,1370,19,1370,19,0,31,1,1
4,700,21.000000,42.000000,0,0,173300772,1372,19,1372,19,0,31,1,1
4,700,21.000000,42.000000,0,0,173300775,1374,19,1374,19,0,31,1,1
4,700,21.000000,42.000000,0,0,173300778,1376,19,1376,19,0,31,1,1
4,700,21.000000,42.000000,0,0,173300780,1377,19,1377,19,0,31,1,1
4,700,21.000000,42.000000,0,0,173300784,1378,19,1378,19,0,31,1,1
4,700,21.000000,42.000000,0,0,173300786,1379,19,1379,19,0,31,1,1
4,700,21.000000,42.000000,0,0,173300789,1381,19,1381,19,0,31,1,1
4,700,21.000000,42.000000,0,0,173300792,1382,19,1382,19,0,31,1,1
4,700,21.000000,42.000000,0,0,173300795,1383,19,1383,19,0,31,1,1
4,700,21.000000,42.000000,0,0,173300797,1383,19,1383,19,0,31,1,1
4,700,21.000000,42.000000,0,0,173300800,1383,19,1383,19,0,31,1,1
4,700,21.000000,42.000000,0,0,173300803,1383,19,1383,19,0,31,1,1
4,700,21.000000,42.000000,0,0,173300805,1383,19,1383,19,0,31,1,1
4,700,21.000000,42.000000,0,0,173300808,1383,19,1383,19,0,31,1,1
4,700,21.000000,42.000000,0,0,173300811,1383,19,1383,19,0,31,1,1
4,700,21.000000,42.000000,0,0,173300814,1383,19,1383,19,0,31,1,1
4,700,21.000000,42.000000,0,0,173300817,1383,19,1383,19,0,31,1,1
4,700,21.000000,42.000000,0,0,173300819,1383,19,1383,19,0,31,1,1
4,700,21.000000,42.000000,0,0,173300822,1383,19,1383,19,0,31,1,1
4,700,21.000000,42.000000,0,0,173300825,1383,19,1383,19,0,31,1,1
4,700,21.000000,42.000000,0,0,173300828,1383,19,1383,19,0,31,1,1
4,700,21.000000,42.000000,0,0,173300831,1383,19,1383,19,0,31,1,1
4,700,21.000000,42.000000,0,0,173300834,1383,19,1383,19,0,31,1,1
4,700,21.000000,42.000000,0,0,173300836,1383,19,1383,19,0,31,1,1
4,700,21.000000,42.000000,0,0,173300839,1384,19,1384,19,0,31,1,1
4,700,21.000000,42.000000,0,0,173300842,1385,19,1385,19,0,31,1,1
4,700,21.000000,42.000000,0,0,173300844,1385,19,1385,19,0,31,1,1
4,700,21.000000,42.000000,0,0,173300847,1386,19,1386,19,0,31,1,1
4,700,21.000000,42.000000,0,0,173300850,1387,19,1387,19,0,31,1,1
4,700,21.000000,42.000000,0,0,173300853,1388,19,1388,19,0,31,1,1
4,700,21.000000,42.000000,0,0,173300856,1389,19,1389,19,0,31,1,1
4,700,21.000000,42.000000,0,0,173300858,1390,19,1390,19,0,31,1,1
4,700,21.000000,42.000000,0,0,173300861,1391,19,1391,19,0,31,1,1
4,700,21.000000,42.000000,0,0,173300864,1392,19,1392,19,0,31,1,1
4,700,21.000000,42.000000,0,0,173300867,1394,19,1394,19,0,31,1,1
4,700,21.000000,42.000000,0,0,173300870,1396,19,1396,19,0,31,1,1
4,700,21.000000,42.000000,0,0,173300872,1397,19,1397,19,0,31,1,1
4,700,21.000000,42.000000,0,0,173300875,1398,19,1398,19,0,31,1,1
4,700,21.000000,42.000000,0,0,173300878,1399,19,1399,19,0,31,1,1
4,700,21.000000,42.000000,0,0,173300881,1401,19,1401,19,0,31,1,1
4,700,21.000000,42.000000,0,0,173300884,1402,19,1402,19,0,31,1,1
4,700,21.000000,42.000000,0,0,173300886,1403,19,1403,19,0,31,1,1
4,700,21.000000,42.000000,0,0,173300889,1404,19,1404,19,0,31,1,1
4,700,21.000000,42.000000,0,0,173300892,1404,19,1404,19,0,31,1,1
4,700,21.000000,42.000000,0,0,173300894,1404,19,1404,19,0,31,1,1
4,700,21.000000,42.000000,0,0,173300897,1404,19,1404,19,0,31,1,1
4,700,21.000000,42.000000,0,0,173300900,1404,19,1404,19,0,31,1,1
4,700,21.000000,42.000000,0,0,173300903,1404,19,1404,19,0,31,1,1
4,700,21.000000,42.000000,0,0,173300906,1404,19,1404,19,0,31,1,1
4,700,21.000000,42.000000,0,0,173300908,1404,19,1404,19,0,31,1,1
4,700,21.000000,42.000000,0,0,173300911,1404,19,1404,19,0,31,1,1
4,700,21.000000,42.000000,0,0,173300914,1404,19,1404,19,0,31,1,1
4,700,21.000000,42.000000,0,0,173300917,1404,19,1404,19,0,31,1,1
4,700,21.000000,42.000000,0,0,173300919,1404,19,1404,19,0,31,1,1
4,700,21.000000,42.000000,0,0,173300923,1404,19,1404,19,0,31,1,1
4,700,21.000000,42.000000,0,0,173300925,1404,19,1404,19,0,31,1,1
4,700,21.000000,42.000000,0,0,173300928,1404,19,1404,19,0,31,1,1
4,700,21.000000,42.000000,0,0,173300930,1404,19,1404,19,0,31,1,1
4,700,21.000000,42.000000,0,0,173300933,1404,19,1404,19,0,31,1,1
4,700,21.000000,42.000000,0,0,173300936,1404,19,1404,19,0,31,1,1
4,700,21.000000,42.000000,0,0,173300939,1404,19,1404,19,0,31,1,1
4,700,21.000000,42.000000,0,0,173300942,1404,19,1404,19,0,31,1,1
4,700,21.000000,42.000000,0,0,173300944,1404,19,1404,19,0,31,1,1
4,700,21.000000,42.000000,0,0,173300947,1404,19,1404,19,0,31,1,1
4,700,21.000000,42.000000,0,0,173300950,1404,19,1404,19,0,31,1,1
4,700,21.000000,42.000000,0,0,173300953,1404,19,1404,19,0,31,1,1
4,700,21.000000,42.000000,0,0,173300956,1404,19,1404,19,0,31,1,1
4,700,21.000000,42.000000,0,0,173300959,1404,19,1404,19,0,31,1,1
4,700,21.000000,42.000000,0,0,173300961,1403,19,1403,19,0,31,1,1
4,700,21.000000,42.000000,0,0,173300964,1402,19,1402,19,0,31,1,1
4,700,21.000000,42.000000,0,0,173300967,1401,19,1401,19,0,31,1,1
4,700,21.000000,42.000000,0,0,173300970,1400,19,1400,19,0,31,1,1
4,700,21.000000,42.000000,0,0,173300972,1399,19,1399,19,0,31,1,1
4,700,21.000000,42.000000,0,0,173300975,1398,19,1398,19,0,31,1,1
4,700,21.000000,42.000000,0,0,173300978,1396,19,1396,19,0,31,1,1
4,700,21.000000,42.000000,0,0,173300981,1394,19,1394,19,0,31,1,1
4,700,21.000000,42.000000,0,0,173300984,1392,19,1392,19,0,31,1,1
4,700,21.000000,42.000000,0,0,173300986,1390,19,1390,19,0,31,1,1
4,700,21.000000,42.000000,0,0,173300989,1388,18,1388,18,0,31,1,1
4,700,21.000000,42.000000,0,0,173300992,1385,18,1385,18,0,31,1,1
4,700,21.000000,42.000000,0,0,173300995,1382,18,1382,18,0,31,1,1
4,700,21.000000,42.000000,0,0,173300997,1380,17,1380,17,0,31,1,1
4,700,21.000000,42.000000,0,0,173301000,1378,17,1378,17,0,31,1,1
4,700,21.000000,42.000000,0,0,173301003,1375,17,1375,17,0,31,1,1
4,700,21.000000,42.000000,0,0,173301006,1371,16,1371,16,0,31,1,1
4,700,21.000000,42.000000,0,0,173301009,1368,16,1368,16,0,31,1,1
4,700,21.000000,42.000000,0,0,173301011,1365,16,1365,16,0,31,1,1
4,700,21.000000,42.000000,0,0,173301014,1361,15,1361,15,0,31,1,1
4,700,21.000000,42.000000,0,0,173301017,1357,15,1357,15,0,31,1,1
4,700,21.000000,42.000000,0,0,173301020,1355,15,1355,15,0,31,1,1
4,700,21.000000,42.000000,0,0,173301022,1352,14,1352,14,0,31,1,1
4,700,21.000000,42.000000,0,0,173301025,1350,13,1350,13,0,31,1,1
4,700,21.000000,42.000000,0,0,173301028,1347,13,1347,13,0,31,1,1
4,700,21.000000,42.000000,0,0,173301031,1345,13,1345,13,0,31,1,1
4,700,21.000000,42.000000,0,0,173301034,1343,13,1343,13,0,31,1,1
4,700,21.000000,42.000000,0,0,173301037,1342,12,1342,12,0,31,1,1
4,700,21.000000,42.000000,0,0,173301040,1340,12,1340,12,0,31,1,1
4,700,21.000000,42.000000,0,0,173301043,1338,12,1338,12,0,31,1,1
4,700,21.000000,42.000000,0,0,173301046,1337,12,1337,12,0,31,1,1
4,700,21.000000,42.000000,0,0,173301049,1337,11,1337,11,0,31,1,1
4,700,21.000000,42.000000,0,0,173301051,1336,11,1336,11,0,31,1,1
4,700,21.000000,42.000000,0,0,173301054,1335,11,1335,11,0,31,1,1
4,700,21.000000,42.000000,0,0,173301057,1334,11,1334,11,0,31,1,1
4,700,21.000000,42.000000,0,0,173301059,1334,11,1334,11,0,31,1,1
4,700,21.000000,42.000000,0,0,173301062,1334,11,1334,11,0,31,1,1
4,700,21.000000,42.000000,0,0,173301065,1334,11,1334,11,0,31,1,1
4,700,21.000000,42.000000,0,0,173301067,1334,11,1334,11,0,31,1,1
4,700,21.000000,42.000000,0,0,173301070,1334,11,1334,11,0,31,1,1
4,700,21.000000,42.000000,0,0,173301073,1334,11,1334,11,0,31,1,1
4,700,21.000000,42.000000,0,0,173301075,1334,11,1334,11,0,31,1,1
4,700,21.000000,42.000000,0,0,173301078,1334,11,1334,11,0,31,1,1
4,700,21.000000,42.000000,0,0,173301081,1334,11,1334,11,0,31,1,1
4,700,21.000000,42.000000,0,0,173301084,1334,11,1334,11,0,31,1,1
4,700,21.000000,42.000000,0,0,173301086,1334,11,1334,11,0,31,1,1
4,700,21.000000,42.000000,0,0,173301089,1334,11,1334,11,0,31,1,1
4,700,21.000000,42.000000,0,0,173301092,1334,11,1334,11,0,31,1,1
4,700,21.000000,42.000000,0,0,173301094,1334,11,1334,11,0,31,1,1
4,700,21.000000,42.000000,0,0,173301097,1334,11,1334,11,0,31,1,1
4,700,21.000000,42.000000,0,0,173301100,1334,11,1334,11,0,31,1,1
4,700,21.000000,42.000000,0,0,173301103,1334,11,1334,11,0,31,1,1
4,700,21.000000,42.000000,0,0,173301106,1334,11,1334,11,0,31,1,1
4,700,21.000000,42.000000,0,0,173301108,1334,11,1334,11,0,31,1,1
4,700,21.000000,42.000000,0,0,173301111,1334,11,1334,11,0,31,1,1
4,700,21.000000,42.000000,0,0,173301114,1334,11,1334,11,0,31,1,1
4,700,21.000000,42.000000,0,0,173301117,1334,11,1334,11,0,31,1,1
4,700,21.000000,42.000000,0,0,173301120,1334,11,1334,11,0,31,1,1
4,700,21.000000,42.000000,0,0,173301123,1334,11,1334,11,0,31,1,1
4,700,21.000000,42.000000,0,0,173301125,1334,11,1334,11,0,31,1,1
4,700,21.000000,42.000000,0,0,173301128,1334,11,1334,11,0,31,1,1
4,700,21.000000,42.000000,0,0,173301131,1334,11,1334,11,0,31,1,1
4,700,21.000000,42.000000,0,0,173301134,1334,11,1334,11,0,31,1,1
4,700,21.000000,42.000000,0,0,173301137,1334,11,1334,11,0,31,1,1
4,700,21.000000,42.000000,0,0,173301139,1334,11,1334,11,0,31,1,1
4,700,21.000000,42.000000,0,0,173301142,1334,11,1334,11,0,31,1,1
4,700,21.000000,42.000000,0,0,173301144,1334,11,1334,11,0,31,1,1
4,700,21.000000,42.000000,0,0,173301147,1334,11,1334,11,0,31,1,1
4,700,21.000000,42.000000,0,0,173301150,1334,11,1334,11,0,31,1,1
4,700,21.000000,42.000000,0,0,173301153,1334,11,1334,11,0,31,1,1
4,700,21.000000,42.000000,0,0,173301156,1334,11,1334,11,0,31,1,1
4,700,21.000000,42.000000,0,0,173301159,1334,11,1334,11,0,31,1,1
4,700,21.000000,42.000000,0,0,173301162,1334,11,1334,11,0,31,1,1
4,700,21.000000,42.000000,0,0,173301164,1334,11,1334,11,0,31,1,1
4,700,21.000000,42.000000,0,0,173301167,1334,11,1334,11,0,31,1,1
4,700,21.000000,42.000000,0,0,173301170,1334,11,1334,11,0,31,1,1
4,700,21.000000,42.000000,0,0,173301173,1334,11,1334,11,0,31,1,1
4,700,21.000000,42.000000,0,0,173301175,1334,11,1334,11,0,31,1,1
4,700,21.000000,42.000000,0,0,173301178,1334,11,1334,11,0,31,1,1
4,700,21.000000,42.000000,0,0,173301181,1334,11,1334,11,0,31,1,1
4,700,21.000000,42.000000,0,0,173301184,1334,11,1334,11,0,31,1,1
4,700,21.000000,42.000000,0,0,173301186,1334,11,1334,11,0,31,1,1
4,700,21.000000,42.000000,0,0,173301189,1334,11,1334,11,0,31,1,1
4,700,21.000000,42.000000,0,0,173301192,1334,11,1334,11,0,31,1,1
4,700,21.000000,42.000000,0,0,173301195,1334,11,1334,11,0,31,1,1
4,700,21.000000,42.000000,0,0,173301198,1334,11,1334,11,0,31,1,1
4,700,21.000000,42.000000,0,0,173301200,1334,11,1334,11,0,31,1,1
4,700,21.000000,42.000000,0,0,173301203,1334,11,1334,11,0,31,1,1
4,700,21.000000,42.000000,0,0,173301206,1334,11,1334,11,0,31,1,1
4,700,21.000000,42.000000,0,0,173301209,1334,11,1334,11,0,31,1,1
4,700,21.000000,42.000000,0,0,173301211,1334,11,1334,11,0,31,1,1
4,700,21.000000,42.000000,0,0,173301214,1334,11,1334,11,0,31,1,1
4,700,21.000000,42.000000,0,0,173301217,1334,11,1334,11,0,31,1,1
4,700,21.000000,42.000000,0,0,173301220,1334,11,1334,11,0,31,1,1
4,700,21.000000,42.000000,0,0,173301223,1334,11,1334,11,0,31,1,1
4,700,21.000000,42.000000,0,0,173301226,1334,11,1334,11,0,31,1,1
4,700,21.000000,42.000000,0,0,173301228,1334,11,1334,11,0,31,1,1
4,700,21.000000,42.000000,0,0,173301231,1334,11,1334,11,0,31,1,1
4,700,21.000000,42.000000,0,0,173301233,1334,11,1334,11,0,31,1,1
4,700,21.000000,42.000000,0,0,173301236,1334,11,1334,11,0,31,1,1
4,700,21.000000,42.000000,0,0,173301239,1334,11,1334,11,0,31,1,1
4,700,21.000000,42.000000,0,0,173301242,1334,11,1334,11,0,31,1,1
4,700,21.000000,42.000000,0,0,173301245,1334,11,1334,11,0,31,1,1
4,700,21.000000,42.000000,0,0,173301247,1334,11,1334,11,0,31,1,1
4,700,21.000000,42.000000,0,0,173301250,1334,11,1334,11,0,31,1,1
4,700,21.000000,42.000000,0,0,173301253,1334,11,1334,11,0,31,1,1
4,700,21.000000,42.000000,0,0,173301256,1333,11,1333,11,0,31,1,1
4,700,21.000000,42.000000,0,0,173301259,1332,11,1332,11,0,31,1,1
4,700,21.000000,42.000000,0,0,173301261,1332,11,1332,11,0,31,1,1
4,700,21.000000,42.000000,0,0,173301264,1332,11,1332,11,0,31,1,1
4,700,21.000000,42.000000,0,0,173301267,1332,11,1332,11,0,31,1,1
4,700,21.000000,42.000000,0,0,173301270,1332,11,1332,11,0,31,1,1
4,700,21.000000,42.000000,0,0,173301273,1331,11,1331,11,0,31,1,1
4,700,21.000000,42.000000,0,0,173301275,1331,11,1331,11,0,31,1,1
4,700,21.000000,42.000000,0,0,173301278,1331,11,1331,11,0,31,1,1
4,700,21.000000,42.000000,0,0,173301281,1331,11,1331,11,0,31,1,1
4,700,21.000000,42.000000,0,0,173301284,1331,11,1331,11,0,31,1,1
4,700,21.000000,42.000000,0,0,173301287,1331,11,1331,11,0,31,1,1
4,700,21.000000,42.000000,0,0,173301289,1330,11,1330,11,0,31,1,1
4,700,21.000000,42.000000,0,0,173301292,1329,11,1329,11,0,31,1,1
4,700,21.000000,42.000000,0,0,173301295,1329,11,1329,11,0,31,1,1
4,700,21.000000,42.000000,0,0,173301298,1329,11,1329,11,0,31,1,1
4,700,21.000000,42.000000,0,0,173301301,1328,11,1328,11,0,31,1,1
4,700,21.000000,42.000000,0,0,173301303,1327,11,1327,11,0,31,1,1
4,700,21.000000,42.000000,0,0,173301306,1327,11,1327,11,0,31,1,1
4,700,21.000000,42.000000,0,0,173301309,1327,11,1327,11,0,31,1,1
4,700,21.000000,42.000000,0,0,173301312,1327,11,1327,11,0,31,1,1
4,700,21.000000,42.000000,0,0,173301314,1327,11,1327,11,0,31,1,1
4,700,21.000000,42.000000,0,0,173301317,1326,11,1326,11,0,31,1,1
4,700,21.000000,42.000000,0,0,173301320,1326,11,1326,11,0,31,1,1
4,700,21.000000,42.000000,0,0,173301323,1326,11,1326,11,0,31,1,1
4,700,21.000000,42.000000,0,0,173301326,1326,11,1326,11,0,31,1,1
4,700,21.000000,42.000000,0,0,173301328,1326,11,1326,11,0,31,1,1
4,700,21.000000,42.000000,0,0,173301331,1325,11,1325,11,0,31,1,1
4,700,21.000000,42.000000,0,0,173301334,1325,11,1325,11,0,31,1,1
4,700,21.000000,42.000000,0,0,173301337,1325,11,1325,11,0,31,1,1
4,700,21.000000,42.000000,0,0,173301339,1325,11,1325,11,0,31,1,1
4,700,21.000000,42.000000,0,0,173301342,1324,11,1324,11,0,31,1,1
4,700,21.000000,42.000000,0,0,173301345,1323,11,1323,11,0,31,1,1
4,700,21.000000,42.000000,0,0,173301348,1322,11,1322,11,0,31,1,1
4,700,21.000000,42.000000,0,0,173301350,1321,11,1321,11,0,31,1,1
4,700,21.000000,42.000000,0,0,173301353,1321,11,1321,11,0,31,1,1
4,700,21.000000,42.000000,0,0,173301356,1321,11,1321,11,0,31,1,1
4,700,21.000000,42.000000,0,0,173301359,1321,11,1321,11,0,31,1,1
4,700,21.000000,42.000000,0,0,173301362,1321,11,1321,11,0,31,1,1
4,700,21.000000,42.000000,0,0,173301365,1320,11,1320,11,0,31,1,1
4,700,21.000000,42.000000,0,0,173301367,1320,11,1320,11,0,31,1,1
4,700,21.000000,42.000000,0,0,173301370,1320,11,1320,11,0,31,1,1
4,700,21.000000,42.000000,0,0,173301373,1320,11,1320,11,0,31,1,1
4,700,21.000000,42.000000,0,0,173301375,1319,11,1319,11,0,31,1,1
4,700,21.000000,42.000000,0,0,173301378,1318,11,1318,11,0,31,1,1
4,700,21.000000,42.000000,0,0,173301381,1318,11,1318,11,0,31,1,1
4,700,21.000000,42.000000,0,0,173301384,1318,11,1318,11,0,31,1,1
4,700,21.000000,42.000000,0,0,173301387,1318,11,1318,11,0,31,1,1
4,700,21.000000,42.000000,0,0,173301390,1317,11,1317,11,0,31,1,1
4,700,21.000000,42.000000,0,0,173301392,1316,11,1316,11,0,31,1,1
4,700,21.000000,42.000000,0,0,173301395,1315,11,1315,11,0,31,1,1
4,700,21.000000,42.000000,0,0,173301398,1314,11,1314,11,0,31,1,1
4,700,21.000000,42.000000,0,0,173301400,1314,11,1314,11,0,31,1,1
4,700,21.000000,42.000000,0,0,173301403,1314,11,1314,11,0,31,1,1
4,700,21.000000,42.000000,0,0,173301406,1314,11,1314,11,0,31,1,1
4,700,21.000000,42.000000,0,0,173301409,1313,11,1313,11,0,31,1,1
4,700,21.000000,42.000000,0,0,173301411,1312,11,1312,11,0,31,1,1
4,700,21.000000,42.000000,0,0,173301414,1312,11,1312,11,0,31,1,1
4,700,21.000000,42.000000,0,0,173301417,1312,11,1312,11,0,31,1,1
4,700,21.000000,42.000000,0,0,173301420,1312,11,1312,11,0,31,1,1
4,700,21.000000,42.000000,0,0,173301423,1312,11,1312,11,0,31,1,1
4,700,21.000000,42.000000,0,0,173301425,1312,11,1312,11,0,31,1,1
4,700,21.000000,42.000000,0,0,173301428,1311,11,1311,11,0,31,1,1
4,700,21.000000,42.000000,0,0,173301431,1311,11,1311,11,0,31,1,1
4,700,21.000000,42.000000,0,0,173301434,1311,11,1311,11,0,31,1,1
4,700,21.000000,42.000000,0,0,173301437,1311,11,1311,11,0,31,1,1
4,700,21.000000,42.000000,0,0,173301439,1311,11,1311,11,0,31,1,1
4,700,21.000000,42.000000,0,0,173301442,1311,11,1311,11,0,31,1,1
4,700,21.000000,42.000000,0,0,173301445,1311,11,1311,11,0,31,1,1
4,700,21.000000,42.000000,0,0,173301448,1310,11,1310,11,0,31,1,1
4,700,21.000000,42.000000,0,0,173301451,1310,11,1310,11,0,31,1,1
4,700,21.000000,42.000000,0,0,173301453,1310,11,1310,11,0,31,1,1
4,700,21.000000,42.000000,0,0,173301456,1310,11,1310,11,0,31,1,1
4,700,21.000000,42.000000,0,0,173301459,1309,11,1309,11,0,31,1,1
4,700,21.000000,42.000000,0,0,173301462,1308,11,1308,11,0,31,1,1
4,700,21.000000,42.000000,0,0,173301465,1308,11,1308,11,0,31,1,1
4,700,21.000000,42.000000,0,0,173301467,1308,11,1308,11,0,31,1,1
4,700,21.000000,42.000000,0,0,173301470,1308,11,1308,11,0,31,1,1
4,700,21.000000,42.000000,0,0,173301473,1308,11,1308,11,0,31,1,1
4,700,21.000000,42.000000,0,0,173301476,1308,11,1308,11,0,31,1,1
4,700,21.000000,42.000000,0,0,173301478,1308,11,1308,11,0,31,1,1
4,700,21.000000,42.000000,0,0,173301481,1308,11,1308,11,0,31,1,1
4,700,21.000000,42.000000,0,0,173301484,1307,11,1307,11,0,31,1,1
4,700,21.000000,42.000000,0,0,173301487,1307,11,1307,11,0,31,1,1
4,700,21.000000,42.000000,0,0,173301490,1307,11,1307,11,0,31,1,1
4,700,21.000000,42.000000,0,0,173301492,1307,11,1307,11,0,31,1,1
4,700,21.000000,42.000000,0,0,173301495,1307,11,1307,11,0,31,1,1
4,700,21.000000,42.000000,0,0,173301498,1307,11,1307,11,0,31,1,1
4,700,21.000000,42.000000,0,0,173301501,1307,11,1307,11,0,31,1,1
4,700,21.000000,42.000000,0,0,173301503,1307,11,1307,11,0,31,1,1
4,700,21.000000,42.000000,0,0,173301506,1307,11,1307,11,0,31,1,1
4,700,21.000000,42.000000,0,0,173301509,1307,11,1307,11,0,31,1,1
4,700,21.000000,42.000000,0,0,173301511,1307,11,1307,11,0,31,1,1
4,700,21.000000,42.000000,0,0,173301514,1307,11,1307,11,0,31,1,1
4,700,21.000000,42.000000,0,0,173301517,1307,11,1307,11,0,31,1,1
4,700,21.000000,42.000000,0,0,173301520,1307,11,1307,11,0,31,1,1
4,700,21.000000,42.000000,0,0,173301523,1307,11,1307,11,0,31,1,1
4,700,21.000000,42.000000,0,0,173301525,1307,11,1307,11,0,31,1,1
4,700,21.000000,42.000000,0,0,173301528,1307,11,1307,11,0,31,1,1
4,700,21.000000,42.000000,0,0,173301531,1307,11,1307,11,0,31,1,1
4,700,21.000000,42.000000,0,0,173301534,1307,11,1307,11,0,31,1,1
4,700,21.000000,42.000000,0,0,173301537,1307,11,1307,11,0,31,1,1
4,700,21.000000,42.000000,0,0,173301539,1307,11,1307,11,0,31,1,1
4,700,21.000000,42.000000,0,0,173301542,1307,11,1307,11,0,31,1,1
4,700,21.000000,42.000000,0,0,173301545,1307,11,1307,11,0,31,1,1
4,700,21.000000,42.000000,0,0,173301548,1307,11,1307,11,0,31,1,1
4,700,21.000000,42.000000,0,0,173301551,1307,11,1307,11,0,31,1,1
4,700,21.000000,42.000000,0,0,173301553,1307,11,1307,11,0,31,1,1
4,700,21.000000,42.000000,0,0,173301556,1307,11,1307,11,0,31,1,1
4,700,21.000000,42.000000,0,0,173301559,1307,11,1307,11,0,31,1,1
4,700,21.000000,42.000000,0,0,173301562,1307,11,1307,11,0,31,1,1
4,700,21.000000,42.000000,0,0,173301564,1307,11,1307,11,0,31,1,1
4,700,21.000000,42.000000,0,0,173301567,1307,11,1307,11,0,31,1,1
4,700,21.000000,42.000000,0,0,173301570,1307,11,1307,11,0,31,1,1
4,700,21.000000,42.000000,0,0,173301573,1307,11,1307,11,0,31,1,1
4,700,21.000000,42.000000,0,0,173301576,1307,11,1307,11,0,31,1,1
4,700,21.000000,42.000000,0,0,173301578,1307,11,1307,11,0,31,1,1
4,700,21.000000,42.000000,0,0,173301581,1307,11,1307,11,0,31,1,1
4,700,21.000000,42.000000,0,0,173301584,1307,11,1307,11,0,31,1,1
4,700,21.000000,42.000000,0,0,173301587,1307,11,1307,11,0,31,1,1
4,700,21.000000,42.000000,0,0,173301589,1307,11,1307,11,0,31,1,1
4,700,21.000000,42.000000,0,0,173301592,1307,11,1307,11,0,31,1,1
4,700,21.000000,42.000000,0,0,173301595,1307,11,1307,11,0,31,1,1
4,700,21.000000,42.000000,0,0,173301598,1307,11,1307,11,0,31,1,1
4,700,21.000000,42.000000,0,0,173301601,1307,10,1307,10,0,31,1,1
4,700,21.000000,42.000000,0,0,173301604,1307,9,1307,9,0,31,1,1
4,700,21.000000,42.000000,0,0,173301606,1307,9,1307,9,0,31,1,1
4,700,21.000000,42.000000,0,0,173301609,1307,9,1307,9,0,31,1,1
4,700,21.000000,42.000000,0,0,173301612,1307,9,1307,9,0,31,1,1
4,700,21.000000,42.000000,0,0,173301615,1307,9,1307,9,0,31,1,1
4,700,21.000000,42.000000,0,0,173301617,1307,9,1307,9,0,31,1,1
4,700,21.000000,42.000000,0,0,173301620,1307,9,1307,9,0,31,1,1
4,700,21.000000,42.000000,0,0,173301623,1307,9,1307,9,0,31,1,1
4,700,21.000000,42.000000,0,0,173301626,1307,9,1307,9,0,31,1,1
4,700,21.000000,42.000000,0,0,173301639,1307,9,1307,9,0,31,1,1
