4,700,21.000000,42.000000,1,2,173914179,609,15,609,15,0,75,0,0
4,700,21.000000,42.000000,1,2,173914179,609,15,609,15,0,75,0,0
4,700,21.000000,42.000000,1,2,173914182,609,15,609,15,0,75,0,0
4,700,21.000000,42.000000,1,2,173914185,609,15,609,15,0,75,0,0
4,700,21.000000,42.000000,1,2,173914188,609,15,609,15,0,75,0,0
4,700,21.000000,42.000000,1,2,173914190,609,15,609,15,0,75,0,0
4,700,21.000000,42.000000,1,2,173914193,609,15,609,15,0,75,0,0
4,700,21.000000,42.000000,1,2,173914196,609,15,609,15,0,75,0,0
4,700,21.000000,42.000000,1,2,173914199,609,15,609,15,0,75,0,0
4,700,21.000000,42.000000,1,2,173914202,609,15,609,15,0,75,0,0
4,700,21.000000,42.000000,1,2,173914204,609,15,609,15,0,75,0,0
4,700,21.000000,42.000000,1,2,173914207,609,15,609,15,0,75,0,0
4,700,21.000000,42.000000,1,2,173914210,609,15,609,15,0,75,0,0
4,700,21.000000,42.000000,1,2,173914213,609,15,609,15,0,75,0,0
4,700,21.000000,42.000000,1,2,173914215,609,15,609,15,0,75,0,0
4,700,21.000000,42.000000,1,2,173914218,609,15,609,15,0,75,0,0
4,700,21.000000,42.000000,1,2,173914221,609,15,609,15,0,75,0,0
4,700,21.000000,42.000000,1,2,173914224,609,15,609,15,0,75,0,0
4,700,21.000000,42.000000,1,2,173914226,610,15,610,15,0,75,0,0
4,700,21.000000,42.000000,1,2,173914229,611,15,611,15,0,75,0,0
4,700,21.000000,42.000000,1,2,173914232,612,15,612,15,0,75,0,0
4,700,21.000000,42.000000,1,2,173914235,614,15,614,15,0,75,0,0
4,700,21.000000,42.000000,1,2,173914238,616,15,616,15,0,75,0,0
4,700,21.000000,42.000000,1,2,173914240,621,15,621,15,0,75,0,0
4,700,21.000000,42.000000,1,2,173914243,626,15,626,15,0,75,0,0
4,700,21.000000,42.000000,1,2,173914246,635,17,635,17,0,75,0,0
4,700,21.000000,42.000000,1,2,173914249,642,18,642,18,0,75,0,0
4,700,21.000000,42.000000,1,2,173914252,653,20,653,20,0,75,0,0
4,700,21.000000,42.000000,1,2,173914254,665,22,665,22,0,75,0,0
4,700,21.000000,42.000000,1,2,173914257,675,24,675,24,0,75,0,0
4,700,21.000000,42.000000,1,2,173914260,686,26,686,26,0,75,0,0
4,700,21.000000,42.000000,1,2,173914263,701,27,701,27,0,75,0,0
4,700,21.000000,42.000000,1,2,173914266,719,29,719,29,0,75,0,0
4,700,21.000000,42.000000,1,2,173914268,740,33,740,33,0,75,0,0
4,700,21.000000,42.000000,1,2,173914271,768,36,768,36,0,75,0,0
4,700,21.000000,42.000000,1,2,173914274,785,38,785,38,0,75,0,0
4,700,21.000000,42.000000,1,2,173914277,814,42,814,42,0,75,0,0
4,700,21.000000,42.000000,1,2,173914279,834,44,834,44,0,75,0,0
4,700,21.000000,42.000000,1,2,173914282,850,46,850,46,0,75,0,0
4,700,21.000000,42.000000,1,2,173914285,869,49,869,49,0,75,0,0
4,700,21.000000,42.000000,1,2,173914287,888,51,888,51,0,75,0,0
4,700,21.000000,42.000000,1,2,173914290,918,54,918,54,0,75,0,0
4,700,21.000000,42.000000,1,2,173914293,934,56,934,56,0,75,0,0
4,700,21.000000,42.000000,1,2,173914296,963,59,963,59,0,75,0,0
4,700,21.000000,42.000000,1,2,173914299,983,61,983,61,0,75,0,0
4,700,21.000000,42.000000,1,2,173914302,999,63,999,63,0,75,0,0
4,700,21.000000,42.000000,1,2,173914304,1028,65,1028,65,0,75,0,0
4,700,21.000000,42.000000,1,2,173914307,1054,67,1054,67,0,75,0,0
4,700,21.000000,42.000000,1,2,173914310,1081,69,1081,69,0,75,0,0
4,700,21.000000,42.000000,1,2,173914313,1109,71,1109,71,0,75,0,0
4,700,21.000000,42.000000,1,2,173914316,1136,73,1136,73,0,75,0,0
4,700,21.000000,42.000000,1,2,173914318,1151,74,1151,74,0,75,0,0
4,700,21.000000,42.000000,1,2,173914321,1160,75,1160,75,0,75,0,0
4,700,21.000000,42.000000,1,2,173914324,1169,76,1169,76,0,75,0,0
4,700,21.000000,42.000000,1,2,173914327,1179,77,1179,77,0,75,0,0
4,700,21.000000,42.000000,1,2,173914329,1197,77,1197,77,0,75,0,0
4,700,21.000000,42.000000,1,2,173914332,1208,78,1208,78,0,75,0,0
4,700,21.000000,42.000000,1,2,173914335,1219,79,1219,79,0,75,0,0
4,700,21.000000,42.000000,1,2,173914338,1230,80,1230,80,0,75,0,0
4,700,21.000000,42.000000,1,2,173914341,1238,80,1238,80,0,75,0,0
4,700,21.000000,42.000000,1,2,173914343,1245,81,1245,81,0,75,0,0
4,700,21.000000,42.000000,1,2,173914346,1249,81,1249,81,0,75,0,0
4,700,21.000000,42.000000,1,2,173914349,1258,81,1258,81,0,75,0,0
4,700,21.000000,42.000000,1,2,173914352,1262,81,1262,81,0,75,0,0
4,700,21.000000,42.000000,1,2,173914354,1268,81,1268,81,0,75,0,0
4,700,21.000000,42.000000,1,2,173914357,1271,81,1271,81,0,75,0,0
4,700,21.000000,42.000000,1,2,173914360,1274,81,1274,81,0,75,0,0
4,700,21.000000,42.000000,1,2,173914363,1277,81,1277,81,0,75,0,0
4,700,21.000000,42.000000,1,2,173914366,1279,81,1279,81,0,75,0,0
4,700,21.000000,42.000000,1,2,173914368,1280,81,1280,81,0,75,0,0
4,700,21.000000,42.000000,1,2,173914371,1281,81,1281,81,0,75,0,0
4,700,21.000000,42.000000,1,2,173914374,1282,81,1282,81,0,75,0,0
4,700,21.000000,42.000000,1,2,173914377,1283,81,1283,81,0,75,0,0
4,700,21.000000,42.000000,1,2,173914380,1284,81,1284,81,0,75,0,0
4,700,21.000000,42.000000,1,2,173914382,1284,80,1284,80,0,75,0,0
4,700,21.000000,42.000000,1,2,173914385,1285,79,1285,79,0,75,0,0
4,700,21.000000,42.000000,1,2,173914388,1285,79,1285,79,0,75,0,0
4,700,21.000000,42.000000,1,2,173914390,1286,78,1286,78,0,75,0,0
4,700,21.000000,42.000000,1,2,173914393,1287,77,1287,77,0,75,0,0
4,700,21.000000,42.000000,1,2,173914396,1287,76,1287,76,0,75,0,0
4,700,21.000000,42.000000,1,2,173914399,1287,75,1287,75,0,75,0,0
4,700,21.000000,42.000000,1,2,173914401,1287,75,1287,75,0,75,0,0
4,700,21.000000,42.000000,1,2,173914404,1287,74,1287,74,0,75,0,0
4,700,21.000000,42.000000,1,2,173914407,1287,73,1287,73,0,75,0,0
4,700,21.000000,42.000000,1,2,173914410,1287,73,1287,73,0,75,0,0
4,700,21.000000,42.000000,1,2,173914413,1287,72,1287,72,0,75,0,0
4,700,21.000000,42.000000,1,2,173914415,1287,72,1287,72,0,75,0,0
4,700,21.000000,42.000000,1,2,173914418,1288,72,1288,72,0,75,0,0
4,700,21.000000,42.000000,1,2,173914421,1289,71,1289,71,0,75,0,0
4,700,21.000000,42.000000,1,2,173914424,1289,71,1289,71,0,75,0,0
4,700,21.000000,42.000000,1,2,173914427,1289,70,1289,70,0,75,0,0
4,700,21.000000,42.000000,1,2,173914430,1290,70,1290,70,0,75,0,0
4,700,21.000000,42.000000,1,2,173914433,1290,70,1290,70,0,75,0,0
4,700,21.000000,42.000000,1,2,173914437,1290,70,1290,70,0,75,0,0
4,700,21.000000,42.000000,1,2,173914439,1291,70,1291,70,0,75,0,0
4,700,21.000000,42.000000,1,2,173914442,1292,70,1292,70,0,75,0,0
4,700,21.000000,42.000000,1,2,173914445,1292,70,1292,70,0,75,0,0
4,700,21.000000,42.000000,1,2,173914447,1292,70,1292,70,0,75,0,0
4,700,21.000000,42.000000,1,2,173914450,1293,69,1293,69,0,75,0,0
4,700,21.000000,42.000000,1,2,173914453,1293,69,1293,69,0,75,0,0
4,700,21.000000,42.000000,1,2,173914455,1293,69,1293,69,0,75,0,0
4,700,21.000000,42.000000,1,2,173914458,1293,69,1293,69,0,75,0,0
4,700,21.000000,42.000000,1,2,173914461,1293,69,1293,69,0,75,0,0
4,700,21.000000,42.000000,1,2,173914463,1293,69,1293,69,0,75,0,0
4,700,21.000000,42.000000,1,2,173914466,1294,68,1294,68,0,75,0,0
4,700,21.000000,42.000000,1,2,173914468,1295,67,1295,67,0,75,0,0
4,700,21.000000,42.000000,1,2,173914471,1295,67,1295,67,0,75,0,0
4,700,21.000000,42.000000,1,2,173914474,1295,67,1295,67,0,75,0,0
4,700,21.000000,42.000000,1,2,173914477,1295,66,1295,66,0,75,0,0
4,700,21.000000,42.000000,1,2,173914479,1295,66,1295,66,0,75,0,0
4,700,21.000000,42.000000,1,2,173914482,1295,66,1295,66,0,75,0,0
4,700,21.000000,42.000000,1,2,173914485,1295,66,1295,66,0,75,0,0
4,700,21.000000,42.000000,1,2,173914488,1295,65,1295,65,0,75,0,0
4,700,21.000000,42.000000,1,2,173914490,1295,64,1295,64,0,75,0,0
4,700,21.000000,42.000000,1,2,173914493,1295,64,1295,64,0,75,0,0
4,700,21.000000,42.000000,1,2,173914496,1295,64,1295,64,0,75,0,0
4,700,21.000000,42.000000,1,2,173914499,1295,63,1295,63,0,75,0,0
4,700,21.000000,42.000000,1,2,173914502,1295,62,1295,62,0,75,0,0
4,700,21.000000,42.000000,1,2,173914505,1295,62,1295,62,0,75,0,0
4,700,21.000000,42.000000,1,2,173914507,1295,62,1295,62,0,75,0,0
4,700,21.000000,42.000000,1,2,173914510,1295,61,1295,61,0,75,0,0
4,700,21.000000,42.000000,1,2,173914513,1295,61,1295,61,0,75,0,0
4,700,21.000000,42.000000,1,2,173914515,1295,60,1295,60,0,75,0,0
4,700,21.000000,42.000000,1,2,173914518,1295,59,1295,59,0,75,0,0
4,700,21.000000,42.000000,1,2,173914521,1295,59,1295,59,0,75,0,0
4,700,21.000000,42.000000,1,2,173914524,1295,59,1295,59,0,75,0,0
4,700,21.000000,42.000000,1,2,173914527,1295,58,1295,58,0,75,0,0
4,700,21.000000,42.000000,1,2,173914530,1295,57,1295,57,0,75,0,0
4,700,21.000000,42.000000,1,2,173914532,1295,57,1295,57,0,75,0,0
4,700,21.000000,42.000000,1,2,173914535,1295,56,1295,56,0,75,0,0
4,700,21.000000,42.000000,1,2,173914538,1295,55,1295,55,0,75,0,0
4,700,21.000000,42.000000,1,2,173914541,1296,54,1296,54,0,75,0,0
4,700,21.000000,42.000000,1,2,173914543,1297,53,1297,53,0,75,0,0
4,700,21.000000,42.000000,1,2,173914546,1297,52,1297,52,0,75,0,0
4,700,21.000000,42.000000,1,2,173914549,1297,51,1297,51,0,75,0,0
4,700,21.000000,42.000000,1,2,173914552,1297,50,1297,50,0,75,0,0
4,700,21.000000,42.000000,1,2,173914555,1297,49,1297,49,0,75,0,0
4,700,21.000000,42.000000,1,2,173914557,1297,48,1297,48,0,75,0,0
4,700,21.000000,42.000000,1,2,173914560,1298,47,1298,47,0,75,0,0
4,700,21.000000,42.000000,1,2,173914563,1298,46,1298,46,0,75,0,0
4,700,21.000000,42.000000,1,2,173914566,1298,44,1298,44,0,75,0,0
4,700,21.000000,42.000000,1,2,173914569,1298,43,1298,43,0,75,0,0
4,700,21.000000,42.000000,1,2,173914571,1298,41,1298,41,0,75,0,0
4,700,21.000000,42.000000,1,2,173914574,1298,40,1298,40,0,75,0,0
4,700,21.000000,42.000000,1,2,173914577,1298,39,1298,39,0,75,0,0
4,700,21.000000,42.000000,1,2,173914580,1298,38,1298,38,0,75,0,0
4,700,21.000000,42.000000,1,2,173914583,1298,37,1298,37,0,75,0,0
4,700,21.000000,42.000000,1,2,173914585,1298,36,1298,36,0,75,0,0
4,700,21.000000,42.000000,1,2,173914588,1298,35,1298,35,0,75,0,0
4,700,21.000000,42.000000,1,2,173914590,1298,34,1298,34,0,75,0,0
4,700,21.000000,42.000000,1,2,173914593,1298,34,1298,34,0,75,0,0
4,700,21.000000,42.000000,1,2,173914596,1298,33,1298,33,0,75,0,0
4,700,21.000000,42.000000,1,2,173914599,1298,33,1298,33,0,75,0,0
4,700,21.000000,42.000000,1,2,173914602,1298,32,1298,32,0,75,0,0
4,700,21.000000,42.000000,1,2,173914605,1298,31,1298,31,0,75,0,0
4,700,21.000000,42.000000,1,2,173914607,1298,30,1298,30,0,75,0,0
4,700,21.000000,42.000000,1,2,173914610,1298,29,1298,29,0,75,0,0
4,700,21.000000,42.000000,1,2,173914613,1298,28,1298,28,0,75,0,0
4,700,21.000000,42.000000,1,2,173914616,1298,27,1298,27,0,75,0,0
4,700,21.000000,42.000000,1,2,173914619,1298,27,1298,27,0,75,0,0
4,700,21.000000,42.000000,1,2,173914621,1298,26,1298,26,0,75,0,0
4,700,21.000000,42.000000,1,2,173914624,1298,25,1298,25,0,75,0,0
4,700,21.000000,42.000000,1,2,173914627,1298,24,1298,24,0,75,0,0
4,700,21.000000,42.000000,1,2,173914629,1298,23,1298,23,0,75,0,0
4,700,21.000000,42.000000,1,2,173914632,1298,22,1298,22,0,75,0,0
4,700,21.000000,42.000000,1,2,173914635,1298,22,1298,22,0,75,0,0
4,700,21.000000,42.000000,1,2,173914638,1298,21,1298,21,0,75,0,0
4,700,21.000000,42.000000,1,2,173914641,1298,20,1298,20,0,75,0,0
4,700,21.000000,42.000000,1,2,173914643,1298,20,1298,20,0,75,0,0
4,700,21.000000,42.000000,1,2,173914646,1298,19,1298,19,0,75,0,0
4,700,21.000000,42.000000,1,2,173914649,1298,18,1298,18,0,75,0,0
4,700,21.000000,42.000000,1,2,173914652,1298,17,1298,17,0,75,0,0
4,700,21.000000,42.000000,1,2,173914655,1298,17,1298,17,0,75,0,0
4,700,21.000000,42.000000,1,2,173914657,1298,17,1298,17,0,75,0,0
4,700,21.000000,42.000000,1,2,173914660,1298,16,1298,16,0,75,0,0
4,700,21.000000,42.000000,1,2,173914663,1298,15,1298,15,0,75,0,0
4,700,21.000000,42.000000,1,2,173914666,1298,15,1298,15,0,75,0,0
4,700,21.000000,42.000000,1,2,173914669,1298,15,1298,15,0,75,0,0
4,700,21.000000,42.000000,1,2,173914671,1298,14,1298,14,0,75,0,0
4,700,21.000000,42.000000,1,2,173914674,1298,13,1298,13,0,75,0,0
4,700,21.000000,42.000000,1,2,173914677,1298,13,1298,13,0,75,0,0
4,700,21.000000,42.000000,1,2,173914680,1298,13,1298,13,0,75,0,0
4,700,21.000000,42.000000,1,2,173914682,1298,12,1298,12,0,75,0,0
4,700,21.000000,42.000000,1,2,173914685,1298,11,1298,11,0,75,0,0
4,700,21.000000,42.000000,1,2,173914688,1298,10,1298,10,0,75,0,0
4,700,21.000000,42.000000,1,2,173914691,1298,10,1298,10,0,75,0,0
4,700,21.000000,42.000000,1,2,173914693,1298,10,1298,10,0,75,0,0
4,700,21.000000,42.000000,1,2,173914696,1298,10,1298,10,0,75,0,0
4,700,21.000000,42.000000,1,2,173914699,1298,10,1298,10,0,75,0,0
4,700,21.000000,42.000000,1,2,173914702,1298,10,1298,10,0,75,0,0
4,700,21.000000,42.000000,1,2,173914705,1298,9,1298,9,0,75,0,0
4,700,21.000000,42.000000,1,2,173914707,1298,9,1298,9,0,75,0,0
4,700,21.000000,42.000000,1,2,173914710,1298,9,1298,9,0,75,0,0
4,700,21.000000,42.000000,1,2,173914713,1298,9,1298,9,0,75,0,0
4,700,21.000000,42.000000,1,2,173914716,1298,9,1298,9,0,75,0,0
4,700,21.000000,42.000000,1,2,173914719,1298,9,1298,9,0,75,0,0
4,700,21.000000,42.000000,1,2,173914721,1298,9,1298,9,0,75,0,0
4,700,21.000000,42.000000,1,2,173914724,1298,9,1298,9,0,75,0,0
4,700,21.000000,42.000000,1,2,173914727,1298,9,1298,9,0,75,0,0
4,700,21.000000,42.000000,1,2,173914730,1298,9,1298,9,0,75,0,0
4,700,21.000000,42.000000,1,2,173914733,1298,9,1298,9,0,75,0,0
4,700,21.000000,42.000000,1,2,173914735,1298,9,1298,9,0,75,0,0
4,700,21.000000,42.000000,1,2,173914738,1298,9,1298,9,0,75,0,0
4,700,21.000000,42.000000,1,2,173914741,1298,9,1298,9,0,75,0,0
4,700,21.000000,42.000000,1,2,173914744,1298,9,1298,9,0,75,0,0
4,700,21.000000,42.000000,1,2,173914747,1298,9,1298,9,0,75,0,0
4,700,21.000000,42.000000,1,2,173914749,1298,9,1298,9,0,75,0,0
4,700,21.000000,42.000000,1,2,173914752,1298,9,1298,9,0,75,0,0
4,700,21.000000,42.000000,1,2,173914755,1298,8,1298,8,0,75,0,0
4,700,21.000000,42.000000,1,2,173914758,1298,7,1298,7,0,75,0,0
4,700,21.000000,42.000000,1,2,173914760,1298,7,1298,7,0,75,0,0
4,700,21.000000,42.000000,1,2,173914763,1298,7,1298,7,0,75,0,0
4,700,21.000000,42.000000,1,2,173914766,1298,7,1298,7,0,75,0,0
4,700,21.000000,42.000000,1,2,173914769,1298,7,1298,7,0,75,0,0
4,700,21.000000,42.000000,1,2,173914771,1299,7,1299,7,0,75,0,0
4,700,21.000000,42.000000,1,2,173914774,1300,6,1300,6,0,75,0,0
4,700,21.000000,42.000000,1,2,173914777,1300,6,1300,6,0,75,0,0
4,700,21.000000,42.000000,1,2,173914780,1300,5,1300,5,0,75,0,0
4,700,21.000000,42.000000,1,2,173914783,1300,5,1300,5,0,75,0,0
4,700,21.000000,42.000000,1,2,173914785,1301,5,1301,5,0,75,0,0
4,700,21.000000,42.000000,1,2,173914788,1302,5,1302,5,0,75,0,0
4,700,21.000000,42.000000,1,2,173914791,1302,5,1302,5,0,75,0,0
4,700,21.000000,42.000000,1,2,173914794,1302,4,1302,4,0,75,0,0
4,700,21.000000,42.000000,1,2,173914797,1302,3,1302,3,0,75,0,0
4,700,21.000000,42.000000,1,2,173914799,1302,3,1302,3,0,75,0,0
4,700,21.000000,42.000000,1,2,173914802,1302,3,1302,3,0,75,0,0
4,700,21.000000,42.000000,1,2,173914805,1302,3,1302,3,0,75,0,0
4,700,21.000000,42.000000,1,2,173914808,1302,3,1302,3,0,75,0,0
4,700,21.000000,42.000000,1,2,173914810,1303,3,1303,3,0,75,0,0
4,700,21.000000,42.000000,1,2,173914813,1304,3,1304,3,0,75,0,0
4,700,21.000000,42.000000,1,2,173914816,1304,3,1304,3,0,75,0,0
4,700,21.000000,42.000000,1,2,173914819,1304,3,1304,3,0,75,0,0
4,700,21.000000,42.000000,1,2,173914821,1304,3,1304,3,0,75,0,0
4,700,21.000000,42.000000,1,2,173914824,1304,3,1304,3,0,75,0,0
4,700,21.000000,42.000000,1,2,173914827,1304,3,1304,3,0,75,0,0
4,700,21.000000,42.000000,1,2,173914830,1304,3,1304,3,0,75,0,0
4,700,21.000000,42.000000,1,2,173914833,1304,3,1304,3,0,75,0,0
4,700,21.000000,42.000000,1,2,173914836,1304,3,1304,3,0,75,0,0
4,700,21.000000,42.000000,1,2,173914838,1304,3,1304,3,0,75,0,0
4,700,21.000000,42.000000,1,2,173914841,1304,3,1304,3,0,75,0,0
4,700,21.000000,42.000000,1,2,173914844,1304,3,1304,3,0,75,0,0
4,700,21.000000,42.000000,1,2,173914847,1304,3,1304,3,0,75,0,0
4,700,21.000000,42.000000,1,2,173914849,1304,3,1304,3,0,75,0,0
4,700,21.000000,42.000000,1,2,173914852,1304,3,1304,3,0,75,0,0
4,700,21.000000,42.000000,1,2,173914855,1304,3,1304,3,0,75,0,0
4,700,21.000000,42.000000,1,2,173914858,1304,3,1304,3,0,75,0,0
4,700,21.000000,42.000000,1,2,173914860,1304,3,1304,3,0,75,0,0
4,700,21.000000,42.000000,1,2,173914863,1304,3,1304,3,0,75,0,0
4,700,21.000000,42.000000,1,2,173914866,1304,3,1304,3,0,75,0,0
4,700,21.000000,42.000000,1,2,173914869,1304,3,1304,3,0,75,0,0
4,700,21.000000,42.000000,1,2,173914872,1304,3,1304,3,0,75,0,0
4,700,21.000000,42.000000,1,2,173914874,1304,3,1304,3,0,75,0,0
4,700,21.000000,42.000000,1,2,173914877,1304,3,1304,3,0,75,0,0
4,700,21.000000,42.000000,1,2,173914880,1304,3,1304,3,0,75,0,0
4,700,21.000000,42.000000,1,2,173914883,1304,3,1304,3,0,75,0,0
4,700,21.000000,42.000000,1,2,173914886,1304,3,1304,3,0,75,0,0
4,700,21.000000,42.000000,1,2,173914888,1304,3,1304,3,0,75,0,0
4,700,21.000000,42.000000,1,2,173914891,1304,3,1304,3,0,75,0,0
4,700,21.000000,42.000000,1,2,173914894,1304,3,1304,3,0,75,0,0
4,700,21.000000,42.000000,1,2,173914896,1304,3,1304,3,0,75,0,0
4,700,21.000000,42.000000,1,2,173914899,1304,3,1304,3,0,75,0,0
4,700,21.000000,42.000000,1,2,173914902,1304,3,1304,3,0,75,0,0
4,700,21.000000,42.000000,1,2,173914905,1304,3,1304,3,0,75,0,0
4,700,21.000000,42.000000,1,2,173914908,1304,3,1304,3,0,75,0,0
4,700,21.000000,42.000000,1,2,173914910,1304,3,1304,3,0,75,0,0
4,700,21.000000,42.000000,1,2,173914913,1304,3,1304,3,0,75,0,0
4,700,21.000000,42.000000,1,2,173914916,1304,3,1304,3,0,75,0,0
4,700,21.000000,42.000000,1,2,173914919,1304,3,1304,3,0,75,0,0
4,700,21.000000,42.000000,1,2,173914922,1304,3,1304,3,0,75,0,0
4,700,21.000000,42.000000,1,2,173914924,1304,3,1304,3,0,75,0,0
4,700,21.000000,42.000000,1,2,173914927,1304,3,1304,3,0,75,0,0
4,700,21.000000,42.000000,1,2,173914930,1304,3,1304,3,0,75,0,0
4,700,21.000000,42.000000,1,2,173914933,1304,3,1304,3,0,75,0,0
4,700,21.000000,42.000000,1,2,173914935,1304,3,1304,3,0,75,0,0
4,700,21.000000,42.000000,1,2,173914938,1304,3,1304,3,0,75,0,0
4,700,21.000000,42.000000,1,2,173914941,1304,3,1304,3,0,75,0,0
4,700,21.000000,42.000000,1,2,173914944,1304,3,1304,3,0,75,0,0
4,700,21.000000,42.000000,1,2,173914946,1304,3,1304,3,0,75,0,0
4,700,21.000000,42.000000,1,2,173914949,1304,3,1304,3,0,75,0,0
4,700,21.000000,42.000000,1,2,173914952,1304,3,1304,3,0,75,0,0
4,700,21.000000,42.000000,1,2,173914955,1304,3,1304,3,0,75,0,0
4,700,21.000000,42.000000,1,2,173914958,1304,3,1304,3,0,75,0,0
4,700,21.000000,42.000000,1,2,173914960,1304,3,1304,3,0,75,0,0
4,700,21.000000,42.000000,1,2,173914963,1304,3,1304,3,0,75,0,0
4,700,21.000000,42.000000,1,2,173914966,1304,3,1304,3,0,75,0,0
4,700,21.000000,42.000000,1,2,173914969,1304,3,1304,3,0,75,0,0
4,700,21.000000,42.000000,1,2,173914972,1304,3,1304,3,0,75,0,0
4,700,21.000000,42.000000,1,2,173914974,1304,3,1304,3,0,75,0,0
4,700,21.000000,42.000000,1,2,173914977,1304,3,1304,3,0,75,0,0
4,700,21.000000,42.000000,1,2,173914980,1304,3,1304,3,0,75,0,0
4,700,21.000000,42.000000,1,2,173914983,1304,3,1304,3,0,75,0,0
4,700,21.000000,42.000000,1,2,173914986,1304,3,1304,3,0,75,0,0
4,700,21.000000,42.000000,1,2,173914988,1304,3,1304,3,0,75,0,0
4,700,21.000000,42.000000,1,2,173914991,1304,3,1304,3,0,75,0,0
4,700,21.000000,42.000000,1,2,173914994,1304,3,1304,3,0,75,0,0
4,700,21.000000,42.000000,1,2,173914997,1304,3,1304,3,0,75,0,0
4,700,21.000000,42.000000,1,2,173914999,1304,3,1304,3,0,75,0,0
4,700,21.000000,42.000000,1,2,173915002,1304,3,1304,3,0,75,0,0
4,700,21.000000,42.000000,1,2,173915005,1304,3,1304,3,0,75,0,0
4,700,21.000000,42.000000,1,2,173915019,1304,3,1304,3,0,75,0,0
