4,700,21.000000,10000.000000,1,2,173946453,610,10,610,10,0,77,1,0
4,700,21.000000,10000.000000,1,2,173946454,610,10,610,10,0,77,1,0
4,700,21.000000,10000.000000,1,2,173946457,610,10,610,10,0,77,1,0
4,700,21.000000,10000.000000,1,2,173946460,610,10,610,10,0,77,1,0
4,700,21.000000,10000.000000,1,2,173946462,610,10,610,10,0,77,1,0
4,700,21.000000,10000.000000,1,2,173946465,610,10,610,10,0,77,1,0
4,700,21.000000,10000.000000,1,2,173946468,610,10,610,10,0,77,1,0
4,700,21.000000,10000.000000,1,2,173946471,610,10,610,10,0,77,1,0
4,700,21.000000,10000.000000,1,2,173946474,610,10,610,10,0,77,1,0
4,700,21.000000,10000.000000,1,2,173946476,610,10,610,10,0,77,1,0
4,700,21.000000,10000.000000,1,2,173946479,610,10,610,10,0,77,1,0
4,700,21.000000,10000.000000,1,2,173946482,610,10,610,10,0,77,1,0
4,700,21.000000,10000.000000,1,2,173946484,610,10,610,10,0,77,1,0
4,700,21.000000,10000.000000,1,2,173946487,610,10,610,10,0,77,1,0
4,700,21.000000,10000.000000,1,2,173946490,610,10,610,10,0,77,1,0
4,700,21.000000,10000.000000,1,2,173946493,610,10,610,10,0,77,1,0
4,700,21.000000,10000.000000,1,2,173946496,610,10,610,10,0,77,1,0
4,700,21.000000,10000.000000,1,2,173946498,610,10,610,10,0,77,1,0
4,700,21.000000,10000.000000,1,2,173946501,610,10,610,10,0,77,1,0
4,700,21.000000,10000.000000,1,2,173946504,610,10,610,10,0,77,1,0
4,700,21.000000,10000.000000,1,2,173946507,610,10,610,10,0,77,1,0
4,700,21.000000,10000.000000,1,2,173946509,610,10,610,10,0,77,1,0
4,700,21.000000,10000.000000,1,2,173946512,610,10,610,10,0,77,1,0
4,700,21.000000,10000.000000,1,2,173946515,610,10,610,10,0,77,1,0
4,700,21.000000,10000.000000,1,2,173946518,610,10,610,10,0,77,1,0
4,700,21.000000,10000.000000,1,2,173946521,610,10,610,10,0,77,1,0
4,700,21.000000,10000.000000,1,2,173946523,610,10,610,10,0,77,1,0
4,700,21.000000,10000.000000,1,2,173946526,610,10,610,10,0,77,1,0
4,700,21.000000,10000.000000,1,2,173946529,610,10,610,10,0,77,1,0
4,700,21.000000,10000.000000,1,2,173946532,612,11,612,11,0,77,1,0
4,700,21.000000,10000.000000,1,2,173946535,613,11,613,11,0,77,1,0
4,700,21.000000,10000.000000,1,2,173946537,615,11,615,11,0,77,1,0
4,700,21.000000,10000.000000,1,2,173946540,617,12,617,12,0,77,1,0
4,700,21.000000,10000.000000,1,2,173946543,620,13,620,13,0,77,1,0
4,700,21.000000,10000.000000,1,2,173946546,625,15,625,15,0,77,1,0
4,700,21.000000,10000.000000,1,2,173946549,631,16,631,16,0,77,1,0
4,700,21.000000,10000.000000,1,2,173946551,637,17,637,17,0,77,1,0
4,700,21.000000,10000.000000,1,2,173946554,644,19,644,19,0,77,1,0
4,700,21.000000,10000.000000,1,2,173946557,650,20,650,20,0,77,1,0
4,700,21.000000,10000.000000,1,2,173946560,655,22,655,22,0,77,1,0
4,700,21.000000,10000.000000,1,2,173946563,668,23,668,23,0,77,1,0
4,700,21.000000,10000.000000,1,2,173946565,679,25,679,25,0,77,1,0
4,700,21.000000,10000.000000,1,2,173946568,691,27,691,27,0,77,1,0
4,700,21.000000,10000.000000,1,2,173946570,708,29,708,29,0,77,1,0
4,700,21.000000,10000.000000,1,2,173946573,721,31,721,31,0,77,1,0
4,700,21.000000,10000.000000,1,2,173946576,741,34,741,34,0,77,1,0
4,700,21.000000,10000.000000,1,2,173946579,761,37,761,37,0,77,1,0
4,700,21.000000,10000.000000,1,2,173946582,780,41,780,41,0,77,1,0
4,700,21.000000,10000.000000,1,2,173946584,798,43,798,43,0,77,1,0
4,700,21.000000,10000.000000,1,2,173946588,825,46,825,46,0,77,1,0
4,700,21.000000,10000.000000,1,2,173946590,840,48,840,48,0,77,1,0
4,700,21.000000,10000.000000,1,2,173946593,856,50,856,50,0,77,1,0
4,700,21.000000,10000.000000,1,2,173946595,878,52,878,52,0,77,1,0
4,700,21.000000,10000.000000,1,2,173946598,894,54,894,54,0,77,1,0
4,700,21.000000,10000.000000,1,2,173946601,912,56,912,56,0,77,1,0
4,700,21.000000,10000.000000,1,2,173946604,928,57,928,57,0,77,1,0
4,700,21.000000,10000.000000,1,2,173946607,944,58,944,58,0,77,1,0
4,700,21.000000,10000.000000,1,2,173946609,961,59,961,59,0,77,1,0
4,700,21.000000,10000.000000,1,2,173946612,975,61,975,61,0,77,1,0
4,700,21.000000,10000.000000,1,2,173946615,990,63,990,63,0,77,1,0
4,700,21.000000,10000.000000,1,2,173946618,1004,64,1004,64,0,77,1,0
4,700,21.000000,10000.000000,1,2,173946621,1012,64,1012,64,0,77,1,0
4,700,21.000000,10000.000000,1,2,173946623,1029,65,1029,65,0,77,1,0
4,700,21.000000,10000.000000,1,2,173946626,1036,66,1036,66,0,77,1,0
4,700,21.000000,10000.000000,1,2,173946629,1047,66,1047,66,0,77,1,0
4,700,21.000000,10000.000000,1,2,173946632,1056,66,1056,66,0,77,1,0
4,700,21.000000,10000.000000,1,2,173946635,1065,66,1065,66,0,77,1,0
4,700,21.000000,10000.000000,1,2,173946637,1075,67,1075,67,0,77,1,0
4,700,21.000000,10000.000000,1,2,173946640,1081,67,1081,67,0,77,1,0
4,700,21.000000,10000.000000,1,2,173946643,1086,67,1086,67,0,77,1,0
4,700,21.000000,10000.000000,1,2,173946646,1095,67,1095,67,0,77,1,0
4,700,21.000000,10000.000000,1,2,173946649,1101,67,1101,67,0,77,1,0
4,700,21.000000,10000.000000,1,2,173946651,1105,68,1105,68,0,77,1,0
4,700,21.000000,10000.000000,1,2,173946654,1110,68,1110,68,0,77,1,0
4,700,21.000000,10000.000000,1,2,173946657,1114,68,1114,68,0,77,1,0
4,700,21.000000,10000.000000,1,2,173946660,1119,68,1119,68,0,77,1,0
4,700,21.000000,10000.000000,1,2,173946662,1122,68,1122,68,0,77,1,0
4,700,21.000000,10000.000000,1,2,173946665,1126,68,1126,68,0,77,1,0
4,700,21.000000,10000.000000,1,2,173946668,1129,69,1129,69,0,77,1,0
4,700,21.000000,10000.000000,1,2,173946671,1133,69,1133,69,0,77,1,0
4,700,21.000000,10000.000000,1,2,173946674,1135,69,1135,69,0,77,1,0
4,700,21.000000,10000.000000,1,2,173946676,1138,69,1138,69,0,77,1,0
4,700,21.000000,10000.000000,1,2,173946679,1142,69,1142,69,0,77,1,0
4,700,21.000000,10000.000000,1,2,173946682,1144,69,1144,69,0,77,1,0
4,700,21.000000,10000.000000,1,2,173946685,1146,68,1146,68,0,77,1,0
4,700,21.000000,10000.000000,1,2,173946687,1150,68,1150,68,0,77,1,0
4,700,21.000000,10000.000000,1,2,173946690,1153,68,1153,68,0,77,1,0
4,700,21.000000,10000.000000,1,2,173946693,1156,68,1156,68,0,77,1,0
4,700,21.000000,10000.000000,1,2,173946696,1159,67,1159,67,0,77,1,0
4,700,21.000000,10000.000000,1,2,173946699,1163,67,1163,67,0,77,1,0
4,700,21.000000,10000.000000,1,2,173946701,1166,66,1166,66,0,77,1,0
4,700,21.000000,10000.000000,1,2,173946704,1168,66,1168,66,0,77,1,0
4,700,21.000000,10000.000000,1,2,173946707,1169,66,1169,66,0,77,1,0
4,700,21.000000,10000.000000,1,2,173946710,1171,66,1171,66,0,77,1,0
4,700,21.000000,10000.000000,1,2,173946713,1173,65,1173,65,0,77,1,0
4,700,21.000000,10000.000000,1,2,173946715,1175,65,1175,65,0,77,1,0
4,700,21.000000,10000.000000,1,2,173946718,1177,65,1177,65,0,77,1,0
4,700,21.000000,10000.000000,1,2,173946721,1179,65,1179,65,0,77,1,0
4,700,21.000000,10000.000000,1,2,173946723,1182,65,1182,65,0,77,1,0
4,700,21.000000,10000.000000,1,2,173946726,1183,64,1183,64,0,77,1,0
4,700,21.000000,10000.000000,1,2,173946729,1185,63,1185,63,0,77,1,0
4,700,21.000000,10000.000000,1,2,173946732,1186,63,1186,63,0,77,1,0
4,700,21.000000,10000.000000,1,2,173946735,1187,63,1187,63,0,77,1,0
4,700,21.000000,10000.000000,1,2,173946737,1188,63,1188,63,0,77,1,0
4,700,21.000000,10000.000000,1,2,173946740,1189,62,1189,62,0,77,1,0
4,700,21.000000,10000.000000,1,2,173946743,1190,62,1190,62,0,77,1,0
4,700,21.000000,10000.000000,1,2,173946746,1191,62,1191,62,0,77,1,0
4,700,21.000000,10000.000000,1,2,173946749,1193,62,1193,62,0,77,1,0
4,700,21.000000,10000.000000,1,2,173946751,1193,61,1193,61,0,77,1,0
4,700,21.000000,10000.000000,1,2,173946754,1194,60,1194,60,0,77,1,0
4,700,21.000000,10000.000000,1,2,173946757,1195,60,1195,60,0,77,1,0
4,700,21.000000,10000.000000,1,2,173946760,1196,59,1196,59,0,77,1,0
4,700,21.000000,10000.000000,1,2,173946763,1197,59,1197,59,0,77,1,0
4,700,21.000000,10000.000000,1,2,173946765,1198,59,1198,59,0,77,1,0
4,700,21.000000,10000.000000,1,2,173946768,1199,59,1199,59,0,77,1,0
4,700,21.000000,10000.000000,1,2,173946771,1199,58,1199,58,0,77,1,0
4,700,21.000000,10000.000000,1,2,173946773,1199,57,1199,57,0,77,1,0
4,700,21.000000,10000.000000,1,2,173946776,1200,57,1200,57,0,77,1,0
4,700,21.000000,10000.000000,1,2,173946779,1201,57,1201,57,0,77,1,0
4,700,21.000000,10000.000000,1,2,173946782,1201,57,1201,57,0,77,1,0
4,700,21.000000,10000.000000,1,2,173946785,1202,57,1202,57,0,77,1,0
4,700,21.000000,10000.000000,1,2,173946787,1203,57,1203,57,0,77,1,0
4,700,21.000000,10000.000000,1,2,173946790,1204,57,1204,57,0,77,1,0
4,700,21.000000,10000.000000,1,2,173946793,1204,56,1204,56,0,77,1,0
4,700,21.000000,10000.000000,1,2,173946796,1204,55,1204,55,0,77,1,0
4,700,21.000000,10000.000000,1,2,173946799,1205,55,1205,55,0,77,1,0
4,700,21.000000,10000.000000,1,2,173946802,1205,54,1205,54,0,77,1,0
4,700,21.000000,10000.000000,1,2,173946804,1205,53,1205,53,0,77,1,0
4,700,21.000000,10000.000000,1,2,173946807,1205,52,1205,52,0,77,1,0
4,700,21.000000,10000.000000,1,2,173946810,1206,51,1206,51,0,77,1,0
4,700,21.000000,10000.000000,1,2,173946812,1207,51,1207,51,0,77,1,0
4,700,21.000000,10000.000000,1,2,173946815,1208,51,1208,51,0,77,1,0
4,700,21.000000,10000.000000,1,2,173946818,1209,50,1209,50,0,77,1,0
4,700,21.000000,10000.000000,1,2,173946821,1210,49,1210,49,0,77,1,0
4,700,21.000000,10000.000000,1,2,173946824,1211,48,1211,48,0,77,1,0
4,700,21.000000,10000.000000,1,2,173946827,1213,48,1213,48,0,77,1,0
4,700,21.000000,10000.000000,1,2,173946829,1214,47,1214,47,0,77,1,0
4,700,21.000000,10000.000000,1,2,173946832,1216,46,1216,46,0,77,1,0
4,700,21.000000,10000.000000,1,2,173946835,1218,46,1218,46,0,77,1,0
4,700,21.000000,10000.000000,1,2,173946838,1220,45,1220,45,0,77,1,0
4,700,21.000000,10000.000000,1,2,173946840,1222,45,1222,45,0,77,1,0
4,700,21.000000,10000.000000,1,2,173946843,1225,44,1225,44,0,77,1,0
4,700,21.000000,10000.000000,1,2,173946846,1227,43,1227,43,0,77,1,0
4,700,21.000000,10000.000000,1,2,173946849,1229,42,1229,42,0,77,1,0
4,700,21.000000,10000.000000,1,2,173946851,1232,41,1232,41,0,77,1,0
4,700,21.000000,10000.000000,1,2,173946854,1235,40,1235,40,0,77,1,0
4,700,21.000000,10000.000000,1,2,173946857,1239,39,1239,39,0,77,1,0
4,700,21.000000,10000.000000,1,2,173946860,1241,38,1241,38,0,77,1,0
4,700,21.000000,10000.000000,1,2,173946862,1244,38,1244,38,0,77,1,0
4,700,21.000000,10000.000000,1,2,173946865,1246,37,1246,37,0,77,1,0
4,700,21.000000,10000.000000,1,2,173946868,1248,36,1248,36,0,77,1,0
4,700,21.000000,10000.000000,1,2,173946871,1250,36,1250,36,0,77,1,0
4,700,21.000000,10000.000000,1,2,173946874,1252,36,1252,36,0,77,1,0
4,700,21.000000,10000.000000,1,2,173946876,1254,36,1254,36,0,77,1,0
4,700,21.000000,10000.000000,1,2,173946879,1256,35,1256,35,0,77,1,0
4,700,21.000000,10000.000000,1,2,173946882,1258,35,1258,35,0,77,1,0
4,700,21.000000,10000.000000,1,2,173946885,1259,34,1259,34,0,77,1,0
4,700,21.000000,10000.000000,1,2,173946888,1260,34,1260,34,0,77,1,0
4,700,21.000000,10000.000000,1,2,173946891,1261,34,1261,34,0,77,1,0
4,700,21.000000,10000.000000,1,2,173946893,1263,34,1263,34,0,77,1,0
4,700,21.000000,10000.000000,1,2,173946896,1264,34,1264,34,0,77,1,0
4,700,21.000000,10000.000000,1,2,173946899,1265,34,1265,34,0,77,1,0
4,700,21.000000,10000.000000,1,2,173946902,1266,34,1266,34,0,77,1,0
4,700,21.000000,10000.000000,1,2,173946904,1267,33,1267,33,0,77,1,0
4,700,21.000000,10000.000000,1,2,173946907,1268,33,1268,33,0,77,1,0
4,700,21.000000,10000.000000,1,2,173946910,1269,33,1269,33,0,77,1,0
4,700,21.000000,10000.000000,1,2,173946912,1269,33,1269,33,0,77,1,0
4,700,21.000000,10000.000000,1,2,173946915,1269,33,1269,33,0,77,1,0
4,700,21.000000,10000.000000,1,2,173946918,1269,33,1269,33,0,77,1,0
4,700,21.000000,10000.000000,1,2,173946921,1269,33,1269,33,0,77,1,0
4,700,21.000000,10000.000000,1,2,173946924,1269,32,1269,32,0,77,1,0
4,700,21.000000,10000.000000,1,2,173946927,1269,31,1269,31,0,77,1,0
4,700,21.000000,10000.000000,1,2,173946929,1269,31,1269,31,0,77,1,0
4,700,21.000000,10000.000000,1,2,173946932,1269,31,1269,31,0,77,1,0
4,700,21.000000,10000.000000,1,2,173946935,1270,31,1270,31,0,77,1,0
4,700,21.000000,10000.000000,1,2,173946938,1271,31,1271,31,0,77,1,0
4,700,21.000000,10000.000000,1,2,173946941,1271,31,1271,31,0,77,1,0
4,700,21.000000,10000.000000,1,2,173946943,1272,31,1272,31,0,77,1,0
4,700,21.000000,10000.000000,1,2,173946946,1273,30,1273,30,0,77,1,0
4,700,21.000000,10000.000000,1,2,173946948,1274,30,1274,30,0,77,1,0
4,700,21.000000,10000.000000,1,2,173946951,1274,29,1274,29,0,77,1,0
4,700,21.000000,10000.000000,1,2,173946954,1275,29,1275,29,0,77,1,0
4,700,21.000000,10000.000000,1,2,173946957,1276,29,1276,29,0,77,1,0
4,700,21.000000,10000.000000,1,2,173946960,1277,29,1277,29,0,77,1,0
4,700,21.000000,10000.000000,1,2,173946962,1278,28,1278,28,0,77,1,0
4,700,21.000000,10000.000000,1,2,173946965,1279,28,1279,28,0,77,1,0
4,700,21.000000,10000.000000,1,2,173946968,1280,28,1280,28,0,77,1,0
4,700,21.000000,10000.000000,1,2,173946971,1281,28,1281,28,0,77,1,0
4,700,21.000000,10000.000000,1,2,173946974,1282,28,1282,28,0,77,1,0
4,700,21.000000,10000.000000,1,2,173946976,1283,28,1283,28,0,77,1,0
4,700,21.000000,10000.000000,1,2,173946979,1284,28,1284,28,0,77,1,0
4,700,21.000000,10000.000000,1,2,173946982,1285,28,1285,28,0,77,1,0
4,700,21.000000,10000.000000,1,2,173946985,1285,27,1285,27,0,77,1,0
4,700,21.000000,10000.000000,1,2,173946988,1286,27,1286,27,0,77,1,0
4,700,21.000000,10000.000000,1,2,173946990,1286,26,1286,26,0,77,1,0
4,700,21.000000,10000.000000,1,2,173946993,1286,25,1286,25,0,77,1,0
4,700,21.000000,10000.000000,1,2,173946996,1287,25,1287,25,0,77,1,0
4,700,21.000000,10000.000000,1,2,173946999,1287,25,1287,25,0,77,1,0
4,700,21.000000,10000.000000,1,2,173947002,1287,25,1287,25,0,77,1,0
4,700,21.000000,10000.000000,1,2,173947004,1287,25,1287,25,0,77,1,0
4,700,21.000000,10000.000000,1,2,173947007,1288,25,1288,25,0,77,1,0
4,700,21.000000,10000.000000,1,2,173947010,1289,24,1289,24,0,77,1,0
4,700,21.000000,10000.000000,1,2,173947013,1290,23,1290,23,0,77,1,0
4,700,21.000000,10000.000000,1,2,173947015,1290,23,1290,23,0,77,1,0
4,700,21.000000,10000.000000,1,2,173947018,1290,23,1290,23,0,77,1,0
4,700,21.000000,10000.000000,1,2,173947021,1290,23,1290,23,0,77,1,0
4,700,21.000000,10000.000000,1,2,173947024,1290,23,1290,23,0,77,1,0
4,700,21.000000,10000.000000,1,2,173947027,1290,23,1290,23,0,77,1,0
4,700,21.000000,10000.000000,1,2,173947029,1290,23,1290,23,0,77,1,0
4,700,21.000000,10000.000000,1,2,173947032,1290,23,1290,23,0,77,1,0
4,700,21.000000,10000.000000,1,2,173947035,1290,23,1290,23,0,77,1,0
4,700,21.000000,10000.000000,1,2,173947038,1290,23,1290,23,0,77,1,0
4,700,21.000000,10000.000000,1,2,173947041,1290,23,1290,23,0,77,1,0
4,700,21.000000,10000.000000,1,2,173947043,1290,23,1290,23,0,77,1,0
4,700,21.000000,10000.000000,1,2,173947046,1290,23,1290,23,0,77,1,0
4,700,21.000000,10000.000000,1,2,173947049,1291,23,1291,23,0,77,1,0
4,700,21.000000,10000.000000,1,2,173947051,1292,23,1292,23,0,77,1,0
4,700,21.000000,10000.000000,1,2,173947054,1292,23,1292,23,0,77,1,0
4,700,21.000000,10000.000000,1,2,173947057,1293,23,1293,23,0,77,1,0
4,700,21.000000,10000.000000,1,2,173947060,1294,23,1294,23,0,77,1,0
4,700,21.000000,10000.000000,1,2,173947063,1295,23,1295,23,0,77,1,0
4,700,21.000000,10000.000000,1,2,173947065,1296,22,1296,22,0,77,1,0
4,700,21.000000,10000.000000,1,2,173947068,1297,22,1297,22,0,77,1,0
4,700,21.000000,10000.000000,1,2,173947071,1298,21,1298,21,0,77,1,0
4,700,21.000000,10000.000000,1,2,173947074,1299,21,1299,21,0,77,1,0
4,700,21.000000,10000.000000,1,2,173947077,1300,20,1300,20,0,77,1,0
4,700,21.000000,10000.000000,1,2,173947079,1302,19,1302,19,0,77,1,0
4,700,21.000000,10000.000000,1,2,173947083,1303,18,1303,18,0,77,1,0
4,700,21.000000,10000.000000,1,2,173947086,1305,17,1305,17,0,77,1,0
4,700,21.000000,10000.000000,1,2,173947088,1306,16,1306,16,0,77,1,0
4,700,21.000000,10000.000000,1,2,173947092,1307,16,1307,16,0,77,1,0
4,700,21.000000,10000.000000,1,2,173947094,1308,15,1308,15,0,77,1,0
4,700,21.000000,10000.000000,1,2,173947097,1309,15,1309,15,0,77,1,0
4,700,21.000000,10000.000000,1,2,173947099,1309,15,1309,15,0,77,1,0
4,700,21.000000,10000.000000,1,2,173947102,1310,15,1310,15,0,77,1,0
4,700,21.000000,10000.000000,1,2,173947105,1311,14,1311,14,0,77,1,0
4,700,21.000000,10000.000000,1,2,173947107,1312,14,1312,14,0,77,1,0
4,700,21.000000,10000.000000,1,2,173947110,1313,14,1313,14,0,77,1,0
4,700,21.000000,10000.000000,1,2,173947113,1313,14,1313,14,0,77,1,0
4,700,21.000000,10000.000000,1,2,173947115,1313,14,1313,14,0,77,1,0
4,700,21.000000,10000.000000,1,2,173947118,1313,14,1313,14,0,77,1,0
4,700,21.000000,10000.000000,1,2,173947121,1313,14,1313,14,0,77,1,0
4,700,21.000000,10000.000000,1,2,173947124,1313,14,1313,14,0,77,1,0
4,700,21.000000,10000.000000,1,2,173947127,1313,14,1313,14,0,77,1,0
4,700,21.000000,10000.000000,1,2,173947129,1313,14,1313,14,0,77,1,0
4,700,21.000000,10000.000000,1,2,173947132,1313,14,1313,14,0,77,1,0
4,700,21.000000,10000.000000,1,2,173947135,1313,14,1313,14,0,77,1,0
4,700,21.000000,10000.000000,1,2,173947138,1313,14,1313,14,0,77,1,0
4,700,21.000000,10000.000000,1,2,173947141,1313,14,1313,14,0,77,1,0
4,700,21.000000,10000.000000,1,2,173947144,1313,14,1313,14,0,77,1,0
4,700,21.000000,10000.000000,1,2,173947146,1313,14,1313,14,0,77,1,0
4,700,21.000000,10000.000000,1,2,173947149,1313,14,1313,14,0,77,1,0
4,700,21.000000,10000.000000,1,2,173947152,1313,14,1313,14,0,77,1,0
4,700,21.000000,10000.000000,1,2,173947154,1313,14,1313,14,0,77,1,0
4,700,21.000000,10000.000000,1,2,173947157,1314,14,1314,14,0,77,1,0
4,700,21.000000,10000.000000,1,2,173947160,1314,14,1314,14,0,77,1,0
4,700,21.000000,10000.000000,1,2,173947163,1314,14,1314,14,0,77,1,0
4,700,21.000000,10000.000000,1,2,173947165,1314,14,1314,14,0,77,1,0
4,700,21.000000,10000.000000,1,2,173947168,1314,14,1314,14,0,77,1,0
4,700,21.000000,10000.000000,1,2,173947171,1314,14,1314,14,0,77,1,0
4,700,21.000000,10000.000000,1,2,173947174,1314,14,1314,14,0,77,1,0
4,700,21.000000,10000.000000,1,2,173947176,1314,14,1314,14,0,77,1,0
4,700,21.000000,10000.000000,1,2,173947179,1314,14,1314,14,0,77,1,0
4,700,21.000000,10000.000000,1,2,173947182,1314,14,1314,14,0,77,1,0
4,700,21.000000,10000.000000,1,2,173947185,1314,14,1314,14,0,77,1,0
4,700,21.000000,10000.000000,1,2,173947188,1314,14,1314,14,0,77,1,0
4,700,21.000000,10000.000000,1,2,173947190,1314,14,1314,14,0,77,1,0
4,700,21.000000,10000.000000,1,2,173947193,1314,14,1314,14,0,77,1,0
4,700,21.000000,10000.000000,1,2,173947196,1314,14,1314,14,0,77,1,0
4,700,21.000000,10000.000000,1,2,173947199,1314,14,1314,14,0,77,1,0
4,700,21.000000,10000.000000,1,2,173947202,1314,14,1314,14,0,77,1,0
4,700,21.000000,10000.000000,1,2,173947204,1314,14,1314,14,0,77,1,0
4,700,21.000000,10000.000000,1,2,173947207,1314,14,1314,14,0,77,1,0
4,700,21.000000,10000.000000,1,2,173947221,1314,14,1314,14,0,77,1,0
