7,700,21.000000,0.000000,1,2,6363114,607,8,607,8,1,102,4,0
7,700,21.000000,0.000000,1,2,6363115,607,8,607,8,1,102,4,0
7,700,21.000000,0.000000,1,2,6363118,607,8,607,8,1,102,4,0
7,700,21.000000,0.000000,1,2,6363120,607,8,607,8,1,102,4,0
7,700,21.000000,0.000000,1,2,6363123,607,8,607,8,1,102,4,0
7,700,21.000000,0.000000,1,2,6363126,607,8,607,8,1,102,4,0
7,700,21.000000,0.000000,1,2,6363129,607,8,607,8,1,102,4,0
7,700,21.000000,0.000000,1,2,6363131,607,8,607,8,1,102,4,0
7,700,21.000000,0.000000,1,2,6363134,607,8,607,8,1,102,4,0
7,700,21.000000,0.000000,1,2,6363137,607,8,607,8,1,102,4,0
7,700,21.000000,0.000000,1,2,6363140,607,8,607,8,1,102,4,0
7,700,21.000000,0.000000,1,2,6363143,607,8,607,8,1,102,4,0
7,700,21.000000,0.000000,1,2,6363145,607,8,607,8,1,102,4,0
7,700,21.000000,0.000000,1,2,6363148,607,8,607,8,1,102,4,0
7,700,21.000000,0.000000,1,2,6363151,607,8,607,8,1,102,4,0
7,700,21.000000,0.000000,1,2,6363154,607,8,607,8,1,102,4,0
7,700,21.000000,0.000000,1,2,6363156,607,8,607,8,1,102,4,0
7,700,21.000000,0.000000,1,2,6363159,607,8,607,8,1,102,4,0
7,700,21.000000,0.000000,1,2,6363162,607,8,607,8,1,102,4,0
7,700,21.000000,0.000000,1,2,6363165,607,8,607,8,1,102,4,0
7,700,21.000000,0.000000,1,2,6363168,607,8,607,8,1,102,4,0
7,700,21.000000,0.000000,1,2,6363170,607,8,607,8,1,102,4,0
7,700,21.000000,0.000000,1,2,6363173,607,8,607,8,1,102,4,0
7,700,21.000000,0.000000,1,2,6363176,607,8,607,8,1,102,4,0
7,700,21.000000,0.000000,1,2,6363179,607,8,607,8,1,102,4,0
7,700,21.000000,0.000000,1,2,6363182,607,8,607,8,1,102,4,0
7,700,21.000000,0.000000,1,2,6363185,607,8,607,8,1,102,4,0
7,700,21.000000,0.000000,1,2,6363187,607,8,607,8,1,102,4,0
7,700,21.000000,0.000000,1,2,6363190,607,8,607,8,1,102,4,0
7,700,21.000000,0.000000,1,2,6363193,607,8,607,8,1,102,4,0
7,700,21.000000,0.000000,1,2,6363195,607,8,607,8,1,102,4,0
7,700,21.000000,0.000000,1,2,6363198,607,8,607,8,1,102,4,0
7,700,21.000000,0.000000,1,2,6363201,607,8,607,8,1,102,4,0
7,700,21.000000,0.000000,1,2,6363204,608,8,608,8,1,102,4,0
7,700,21.000000,0.000000,1,2,6363206,608,9,608,9,1,102,4,0
7,700,21.000000,0.000000,1,2,6363209,609,10,609,10,1,102,4,0
7,700,21.000000,0.000000,1,2,6363212,609,11,609,11,1,102,4,0
7,700,21.000000,0.000000,1,2,6363215,610,12,610,12,1,102,4,0
7,700,21.000000,0.000000,1,2,6363217,610,14,610,14,1,102,4,0
7,700,21.000000,0.000000,1,2,6363220,611,15,611,15,1,102,4,0
7,700,21.000000,0.000000,1,2,6363223,612,17,612,17,1,102,4,0
7,700,21.000000,0.000000,1,2,6363226,613,18,613,18,1,102,4,0
7,700,21.000000,0.000000,1,2,6363229,615,20,615,20,1,102,4,0
7,700,21.000000,0.000000,1,2,6363231,617,22,617,22,1,102,4,0
7,700,21.000000,0.000000,1,2,6363234,619,24,619,24,1,102,4,0
7,700,21.000000,0.000000,1,2,6363237,621,26,621,26,1,102,4,0
7,700,21.000000,0.000000,1,2,6363240,624,29,624,29,1,102,4,0
7,700,21.000000,0.000000,1,2,6363243,626,31,626,31,1,102,4,0
7,700,21.000000,0.000000,1,2,6363245,627,32,627,32,1,102,4,0
7,700,21.000000,0.000000,1,2,6363248,630,34,630,34,1,102,4,0
7,700,21.000000,0.000000,1,2,6363251,634,38,634,38,1,102,4,0
7,700,21.000000,0.000000,1,2,6363254,637,41,637,41,1,102,4,0
7,700,21.000000,0.000000,1,2,6363257,640,44,640,44,1,102,4,0
7,700,21.000000,0.000000,1,2,6363259,642,46,642,46,1,102,4,0
7,700,21.000000,0.000000,1,2,6363262,647,51,647,51,1,102,4,0
7,700,21.000000,0.000000,1,2,6363265,651,54,651,54,1,102,4,0
7,700,21.000000,0.000000,1,2,6363268,655,56,655,56,1,102,4,0
7,700,21.000000,0.000000,1,2,6363270,659,60,659,60,1,102,4,0
7,700,21.000000,0.000000,1,2,6363273,662,62,662,62,1,102,4,0
7,700,21.000000,0.000000,1,2,6363276,669,67,669,67,1,102,4,0
7,700,21.000000,0.000000,1,2,6363279,673,70,673,70,1,102,4,0
7,700,21.000000,0.000000,1,2,6363281,678,74,678,74,1,102,4,0
7,700,21.000000,0.000000,1,2,6363284,683,78,683,78,1,102,4,0
7,700,21.000000,0.000000,1,2,6363287,688,81,688,81,1,102,4,0
7,700,21.000000,0.000000,1,2,6363290,695,86,695,86,1,102,4,0
7,700,21.000000,0.000000,1,2,6363293,700,90,700,90,1,102,4,0
7,700,21.000000,0.000000,1,2,6363295,705,93,705,93,1,102,4,0
7,700,21.000000,0.000000,1,2,6363298,708,95,708,95,1,102,4,0
7,700,21.000000,0.000000,1,2,6363301,713,99,713,99,1,102,4,0
7,700,21.000000,0.000000,1,2,6363304,718,102,718,102,1,102,4,0
7,700,21.000000,0.000000,1,2,6363307,726,107,726,107,1,102,4,0
7,700,21.000000,0.000000,1,2,6363309,731,110,731,110,1,102,4,0
7,700,21.000000,0.000000,1,2,6363312,737,112,737,112,1,102,4,0
7,700,21.000000,0.000000,1,2,6363315,741,114,741,114,1,102,4,0
7,700,21.000000,0.000000,1,2,6363318,746,116,746,116,1,102,4,0
7,700,21.000000,0.000000,1,2,6363321,752,119,752,119,1,102,4,0
7,700,21.000000,0.000000,1,2,6363323,760,122,760,122,1,102,4,0
7,700,21.000000,0.000000,1,2,6363326,766,124,766,124,1,102,4,0
7,700,21.000000,0.000000,1,2,6363329,769,125,769,125,1,102,4,0
7,700,21.000000,0.000000,1,2,6363332,776,127,776,127,1,102,4,0
7,700,21.000000,0.000000,1,2,6363334,782,130,782,130,1,102,4,0
7,700,21.000000,0.000000,1,2,6363337,788,132,788,132,1,102,4,0
7,700,21.000000,0.000000,1,2,6363340,794,134,794,134,1,102,4,0
7,700,21.000000,0.000000,1,2,6363343,799,136,799,136,1,102,4,0
7,700,21.000000,0.000000,1,2,6363345,804,137,804,137,1,102,4,0
7,700,21.000000,0.000000,1,2,6363348,813,139,813,139,1,102,4,0
7,700,21.000000,0.000000,1,2,6363351,821,140,821,140,1,102,4,0
7,700,21.000000,0.000000,1,2,6363354,828,141,828,141,1,102,4,0
7,700,21.000000,0.000000,1,2,6363357,835,143,835,143,1,102,4,0
7,700,21.000000,0.000000,1,2,6363359,848,144,848,144,1,102,4,0
7,700,21.000000,0.000000,1,2,6363362,855,144,855,144,1,102,4,0
7,700,21.000000,0.000000,1,2,6363365,861,144,861,144,1,102,4,0
7,700,21.000000,0.000000,1,2,6363368,870,145,870,145,1,102,4,0
7,700,21.000000,0.000000,1,2,6363370,879,145,879,145,1,102,4,0
7,700,21.000000,0.000000,1,2,6363374,892,145,892,145,1,102,4,0
7,700,21.000000,0.000000,1,2,6363376,901,145,901,145,1,102,4,0
7,700,21.000000,0.000000,1,2,6363379,911,145,911,145,1,102,4,0
7,700,21.000000,0.000000,1,2,6363382,920,145,920,145,1,102,4,0
7,700,21.000000,0.000000,1,2,6363384,931,145,931,145,1,102,4,0
7,700,21.000000,0.000000,1,2,6363387,944,145,944,145,1,102,4,0
7,700,21.000000,0.000000,1,2,6363390,954,144,954,144,1,102,4,0
7,700,21.000000,0.000000,1,2,6363393,967,143,967,143,1,102,4,0
7,700,21.000000,0.000000,1,2,6363395,976,142,976,142,1,102,4,0
7,700,21.000000,0.000000,1,2,6363398,991,141,991,141,1,102,4,0
7,700,21.000000,0.000000,1,2,6363401,1001,139,1001,139,1,102,4,0
7,700,21.000000,0.000000,1,2,6363404,1018,136,1018,136,1,102,4,0
7,700,21.000000,0.000000,1,2,6363407,1040,133,1040,133,1,102,4,0
7,700,21.000000,0.000000,1,2,6363409,1051,131,1051,131,1,102,4,0
7,700,21.000000,0.000000,1,2,6363412,1067,128,1067,128,1,102,4,0
7,700,21.000000,0.000000,1,2,6363415,1073,127,1073,127,1,102,4,0
7,700,21.000000,0.000000,1,2,6363418,1089,125,1089,125,1,102,4,0
7,700,21.000000,0.000000,1,2,6363420,1103,122,1103,122,1,102,4,0
7,700,21.000000,0.000000,1,2,6363424,1118,119,1118,119,1,102,4,0
7,700,21.000000,0.000000,1,2,6363426,1133,116,1133,116,1,102,4,0
7,700,21.000000,0.000000,1,2,6363429,1143,113,1143,113,1,102,4,0
7,700,21.000000,0.000000,1,2,6363432,1158,110,1158,110,1,102,4,0
7,700,21.000000,0.000000,1,2,6363435,1167,108,1167,108,1,102,4,0
7,700,21.000000,0.000000,1,2,6363437,1176,107,1176,107,1,102,4,0
7,700,21.000000,0.000000,1,2,6363440,1186,104,1186,104,1,102,4,0
7,700,21.000000,0.000000,1,2,6363443,1196,101,1196,101,1,102,4,0
7,700,21.000000,0.000000,1,2,6363446,1202,100,1202,100,1,102,4,0
7,700,21.000000,0.000000,1,2,6363449,1212,97,1212,97,1,102,4,0
7,700,21.000000,0.000000,1,2,6363451,1218,96,1218,96,1,102,4,0
7,700,21.000000,0.000000,1,2,6363454,1224,94,1224,94,1,102,4,0
7,700,21.000000,0.000000,1,2,6363457,1232,92,1232,92,1,102,4,0
7,700,21.000000,0.000000,1,2,6363460,1238,90,1238,90,1,102,4,0
7,700,21.000000,0.000000,1,2,6363462,1240,89,1240,89,1,102,4,0
7,700,21.000000,0.000000,1,2,6363465,1245,87,1245,87,1,102,4,0
7,700,21.000000,0.000000,1,2,6363468,1250,85,1250,85,1,102,4,0
7,700,21.000000,0.000000,1,2,6363471,1256,84,1256,84,1,102,4,0
7,700,21.000000,0.000000,1,2,6363474,1260,83,1260,83,1,102,4,0
7,700,21.000000,0.000000,1,2,6363476,1263,82,1263,82,1,102,4,0
7,700,21.000000,0.000000,1,2,6363479,1266,82,1266,82,1,102,4,0
7,700,21.000000,0.000000,1,2,6363482,1268,81,1268,81,1,102,4,0
7,700,21.000000,0.000000,1,2,6363485,1269,81,1269,81,1,102,4,0
7,700,21.000000,0.000000,1,2,6363487,1271,81,1271,81,1,102,4,0
7,700,21.000000,0.000000,1,2,6363490,1272,80,1272,80,1,102,4,0
7,700,21.000000,0.000000,1,2,6363493,1273,80,1273,80,1,102,4,0
7,700,21.000000,0.000000,1,2,6363496,1275,80,1275,80,1,102,4,0
7,700,21.000000,0.000000,1,2,6363499,1275,79,1275,79,1,102,4,0
7,700,21.000000,0.000000,1,2,6363501,1276,79,1276,79,1,102,4,0
7,700,21.000000,0.000000,1,2,6363504,1276,78,1276,78,1,102,4,0
7,700,21.000000,0.000000,1,2,6363507,1276,77,1276,77,1,102,4,0
7,700,21.000000,0.000000,1,2,6363510,1276,76,1276,76,1,102,4,0
7,700,21.000000,0.000000,1,2,6363512,1277,75,1277,75,1,102,4,0
7,700,21.000000,0.000000,1,2,6363515,1277,74,1277,74,1,102,4,0
7,700,21.000000,0.000000,1,2,6363518,1277,73,1277,73,1,102,4,0
7,700,21.000000,0.000000,1,2,6363521,1277,71,1277,71,1,102,4,0
7,700,21.000000,0.000000,1,2,6363524,1277,70,1277,70,1,102,4,0
7,700,21.000000,0.000000,1,2,6363526,1277,69,1277,69,1,102,4,0
7,700,21.000000,0.000000,1,2,6363529,1277,67,1277,67,1,102,4,0
7,700,21.000000,0.000000,1,2,6363532,1277,65,1277,65,1,102,4,0
7,700,21.000000,0.000000,1,2,6363535,1276,65,1276,65,1,102,4,0
7,700,21.000000,0.000000,1,2,6363537,1276,64,1276,64,1,102,4,0
7,700,21.000000,0.000000,1,2,6363540,1276,63,1276,63,1,102,4,0
7,700,21.000000,0.000000,1,2,6363543,1276,63,1276,63,1,102,4,0
7,700,21.000000,0.000000,1,2,6363546,1276,62,1276,62,1,102,4,0
7,700,21.000000,0.000000,1,2,6363549,1275,61,1275,61,1,102,4,0
7,700,21.000000,0.000000,1,2,6363551,1275,60,1275,60,1,102,4,0
7,700,21.000000,0.000000,1,2,6363554,1275,59,1275,59,1,102,4,0
7,700,21.000000,0.000000,1,2,6363557,1274,59,1274,59,1,102,4,0
7,700,21.000000,0.000000,1,2,6363560,1274,58,1274,58,1,102,4,0
7,700,21.000000,0.000000,1,2,6363563,1274,57,1274,57,1,102,4,0
7,700,21.000000,0.000000,1,2,6363565,1274,56,1274,56,1,102,4,0
7,700,21.000000,0.000000,1,2,6363568,1274,55,1274,55,1,102,4,0
7,700,21.000000,0.000000,1,2,6363571,1274,54,1274,54,1,102,4,0
7,700,21.000000,0.000000,1,2,6363574,1274,54,1274,54,1,102,4,0
7,700,21.000000,0.000000,1,2,6363576,1274,53,1274,53,1,102,4,0
7,700,21.000000,0.000000,1,2,6363579,1274,51,1274,51,1,102,4,0
7,700,21.000000,0.000000,1,2,6363582,1274,51,1274,51,1,102,4,0
7,700,21.000000,0.000000,1,2,6363585,1274,50,1274,50,1,102,4,0
7,700,21.000000,0.000000,1,2,6363588,1274,49,1274,49,1,102,4,0
7,700,21.000000,0.000000,1,2,6363590,1274,48,1274,48,1,102,4,0
7,700,21.000000,0.000000,1,2,6363593,1274,47,1274,47,1,102,4,0
7,700,21.000000,0.000000,1,2,6363596,1274,47,1274,47,1,102,4,0
7,700,21.000000,0.000000,1,2,6363599,1274,46,1274,46,1,102,4,0
7,700,21.000000,0.000000,1,2,6363601,1274,44,1274,44,1,102,4,0
7,700,21.000000,0.000000,1,2,6363604,1274,43,1274,43,1,102,4,0
7,700,21.000000,0.000000,1,2,6363607,1274,42,1274,42,1,102,4,0
7,700,21.000000,0.000000,1,2,6363610,1274,41,1274,41,1,102,4,0
7,700,21.000000,0.000000,1,2,6363613,1275,40,1275,40,1,102,4,0
7,700,21.000000,0.000000,1,2,6363615,1275,39,1275,39,1,102,4,0
7,700,21.000000,0.000000,1,2,6363618,1275,38,1275,38,1,102,4,0
7,700,21.000000,0.000000,1,2,6363621,1275,37,1275,37,1,102,4,0
7,700,21.000000,0.000000,1,2,6363623,1275,36,1275,36,1,102,4,0
7,700,21.000000,0.000000,1,2,6363626,1275,35,1275,35,1,102,4,0
7,700,21.000000,0.000000,1,2,6363629,1275,34,1275,34,1,102,4,0
7,700,21.000000,0.000000,1,2,6363632,1275,33,1275,33,1,102,4,0
7,700,21.000000,0.000000,1,2,6363634,1275,32,1275,32,1,102,4,0
7,700,21.000000,0.000000,1,2,6363637,1275,31,1275,31,1,102,4,0
7,700,21.000000,0.000000,1,2,6363640,1276,31,1276,31,1,102,4,0
7,700,21.000000,0.000000,1,2,6363643,1276,30,1276,30,1,102,4,0
7,700,21.000000,0.000000,1,2,6363646,1277,30,1277,30,1,102,4,0
7,700,21.000000,0.000000,1,2,6363648,1278,30,1278,30,1,102,4,0
7,700,21.000000,0.000000,1,2,6363651,1279,29,1279,29,1,102,4,0
7,700,21.000000,0.000000,1,2,6363654,1280,28,1280,28,1,102,4,0
7,700,21.000000,0.000000,1,2,6363657,1281,27,1281,27,1,102,4,0
7,700,21.000000,0.000000,1,2,6363660,1282,27,1282,27,1,102,4,0
7,700,21.000000,0.000000,1,2,6363662,1283,27,1283,27,1,102,4,0
7,700,21.000000,0.000000,1,2,6363665,1283,26,1283,26,1,102,4,0
7,700,21.000000,0.000000,1,2,6363668,1284,25,1284,25,1,102,4,0
7,700,21.000000,0.000000,1,2,6363671,1285,24,1285,24,1,102,4,0
7,700,21.000000,0.000000,1,2,6363674,1287,23,1287,23,1,102,4,0
7,700,21.000000,0.000000,1,2,6363676,1289,22,1289,22,1,102,4,0
7,700,21.000000,0.000000,1,2,6363679,1290,22,1290,22,1,102,4,0
7,700,21.000000,0.000000,1,2,6363682,1291,22,1291,22,1,102,4,0
7,700,21.000000,0.000000,1,2,6363685,1292,22,1292,22,1,102,4,0
7,700,21.000000,0.000000,1,2,6363688,1294,21,1294,21,1,102,4,0
7,700,21.000000,0.000000,1,2,6363690,1295,21,1295,21,1,102,4,0
7,700,21.000000,0.000000,1,2,6363693,1296,21,1296,21,1,102,4,0
7,700,21.000000,0.000000,1,2,6363696,1297,21,1297,21,1,102,4,0
7,700,21.000000,0.000000,1,2,6363699,1298,21,1298,21,1,102,4,0
7,700,21.000000,0.000000,1,2,6363701,1299,20,1299,20,1,102,4,0
7,700,21.000000,0.000000,1,2,6363704,1300,19,1300,19,1,102,4,0
7,700,21.000000,0.000000,1,2,6363707,1301,19,1301,19,1,102,4,0
7,700,21.000000,0.000000,1,2,6363710,1302,19,1302,19,1,102,4,0
7,700,21.000000,0.000000,1,2,6363713,1303,18,1303,18,1,102,4,0
7,700,21.000000,0.000000,1,2,6363715,1304,17,1304,17,1,102,4,0
7,700,21.000000,0.000000,1,2,6363718,1304,17,1304,17,1,102,4,0
7,700,21.000000,0.000000,1,2,6363721,1304,17,1304,17,1,102,4,0
7,700,21.000000,0.000000,1,2,6363724,1304,17,1304,17,1,102,4,0
7,700,21.000000,0.000000,1,2,6363726,1304,17,1304,17,1,102,4,0
7,700,21.000000,0.000000,1,2,6363729,1304,17,1304,17,1,102,4,0
7,700,21.000000,0.000000,1,2,6363732,1304,17,1304,17,1,102,4,0
7,700,21.000000,0.000000,1,2,6363735,1304,17,1304,17,1,102,4,0
7,700,21.000000,0.000000,1,2,6363737,1304,17,1304,17,1,102,4,0
7,700,21.000000,0.000000,1,2,6363740,1304,17,1304,17,1,102,4,0
7,700,21.000000,0.000000,1,2,6363743,1304,17,1304,17,1,102,4,0
7,700,21.000000,0.000000,1,2,6363746,1304,17,1304,17,1,102,4,0
7,700,21.000000,0.000000,1,2,6363749,1304,17,1304,17,1,102,4,0
7,700,21.000000,0.000000,1,2,6363751,1304,17,1304,17,1,102,4,0
7,700,21.000000,0.000000,1,2,6363754,1304,17,1304,17,1,102,4,0
7,700,21.000000,0.000000,1,2,6363757,1304,17,1304,17,1,102,4,0
7,700,21.000000,0.000000,1,2,6363760,1304,17,1304,17,1,102,4,0
7,700,21.000000,0.000000,1,2,6363762,1304,17,1304,17,1,102,4,0
7,700,21.000000,0.000000,1,2,6363765,1304,17,1304,17,1,102,4,0
7,700,21.000000,0.000000,1,2,6363768,1304,17,1304,17,1,102,4,0
7,700,21.000000,0.000000,1,2,6363771,1304,17,1304,17,1,102,4,0
7,700,21.000000,0.000000,1,2,6363774,1304,17,1304,17,1,102,4,0
7,700,21.000000,0.000000,1,2,6363776,1304,17,1304,17,1,102,4,0
7,700,21.000000,0.000000,1,2,6363779,1304,17,1304,17,1,102,4,0
7,700,21.000000,0.000000,1,2,6363782,1304,17,1304,17,1,102,4,0
7,700,21.000000,0.000000,1,2,6363785,1304,17,1304,17,1,102,4,0
7,700,21.000000,0.000000,1,2,6363787,1304,17,1304,17,1,102,4,0
7,700,21.000000,0.000000,1,2,6363790,1304,17,1304,17,1,102,4,0
7,700,21.000000,0.000000,1,2,6363793,1304,17,1304,17,1,102,4,0
7,700,21.000000,0.000000,1,2,6363796,1304,17,1304,17,1,102,4,0
7,700,21.000000,0.000000,1,2,6363799,1304,17,1304,17,1,102,4,0
7,700,21.000000,0.000000,1,2,6363801,1304,17,1304,17,1,102,4,0
7,700,21.000000,0.000000,1,2,6363804,1304,17,1304,17,1,102,4,0
7,700,21.000000,0.000000,1,2,6363807,1304,17,1304,17,1,102,4,0
7,700,21.000000,0.000000,1,2,6363810,1304,16,1304,16,1,102,4,0
7,700,21.000000,0.000000,1,2,6363812,1304,15,1304,15,1,102,4,0
7,700,21.000000,0.000000,1,2,6363815,1304,15,1304,15,1,102,4,0
7,700,21.000000,0.000000,1,2,6363818,1304,15,1304,15,1,102,4,0
7,700,21.000000,0.000000,1,2,6363821,1304,15,1304,15,1,102,4,0
7,700,21.000000,0.000000,1,2,6363823,1304,15,1304,15,1,102,4,0
7,700,21.000000,0.000000,1,2,6363826,1304,15,1304,15,1,102,4,0
7,700,21.000000,0.000000,1,2,6363829,1304,15,1304,15,1,102,4,0
7,700,21.000000,0.000000,1,2,6363832,1304,15,1304,15,1,102,4,0
7,700,21.000000,0.000000,1,2,6363835,1304,15,1304,15,1,102,4,0
7,700,21.000000,0.000000,1,2,6363838,1304,15,1304,15,1,102,4,0
7,700,21.000000,0.000000,1,2,6363840,1304,15,1304,15,1,102,4,0
7,700,21.000000,0.000000,1,2,6363843,1304,15,1304,15,1,102,4,0
7,700,21.000000,0.000000,1,2,6363846,1304,15,1304,15,1,102,4,0
7,700,21.000000,0.000000,1,2,6363848,1304,15,1304,15,1,102,4,0
7,700,21.000000,0.000000,1,2,6363862,1304,15,1304,15,0,102,4,0
