7,700,21.000000,42.000000,0,5,6658242,614,0,614,0,0,120,3,0
7,700,21.000000,42.000000,0,5,6658243,614,0,614,0,0,120,3,0
7,700,21.000000,42.000000,0,5,6658245,614,0,614,0,0,120,3,0
7,700,21.000000,42.000000,0,5,6658248,614,0,614,0,0,120,3,0
7,700,21.000000,42.000000,0,5,6658251,614,0,614,0,0,120,3,0
7,700,21.000000,42.000000,0,5,6658253,614,0,614,0,0,120,3,0
7,700,21.000000,42.000000,0,5,6658256,614,0,614,0,0,120,3,0
7,700,21.000000,42.000000,0,5,6658259,614,0,614,0,0,120,3,0
7,700,21.000000,42.000000,0,5,6658262,614,0,614,0,0,120,3,0
7,700,21.000000,42.000000,0,5,6658265,614,0,614,0,0,120,3,0
7,700,21.000000,42.000000,0,5,6658267,614,0,614,0,0,120,3,0
7,700,21.000000,42.000000,0,5,6658270,614,0,614,0,0,120,3,0
7,700,21.000000,42.000000,0,5,6658273,614,0,614,0,0,120,3,0
7,700,21.000000,42.000000,0,5,6658276,614,0,614,0,0,120,3,0
7,700,21.000000,42.000000,0,5,6658278,614,0,614,0,0,120,3,0
7,700,21.000000,42.000000,0,5,6658281,614,0,614,0,0,120,3,0
7,700,21.000000,42.000000,0,5,6658284,614,0,614,0,0,120,3,0
7,700,21.000000,42.000000,0,5,6658287,614,0,614,0,0,120,3,0
7,700,21.000000,42.000000,0,5,6658290,614,0,614,0,0,120,3,0
7,700,21.000000,42.000000,0,5,6658293,614,0,614,0,0,120,3,0
7,700,21.000000,42.000000,0,5,6658295,614,0,614,0,0,120,3,0
7,700,21.000000,42.000000,0,5,6658298,614,0,614,0,0,120,3,0
7,700,21.000000,42.000000,0,5,6658301,614,0,614,0,0,120,3,0
7,700,21.000000,42.000000,0,5,6658303,614,0,614,0,0,120,3,0
7,700,21.000000,42.000000,0,5,6658306,614,0,614,0,0,120,3,0
7,700,21.000000,42.000000,0,5,6658309,614,0,614,0,0,120,3,0
7,700,21.000000,42.000000,0,5,6658312,614,0,614,0,0,120,3,0
7,700,21.000000,42.000000,0,5,6658315,614,0,614,0,0,120,3,0
7,700,21.000000,42.000000,0,5,6658317,614,0,614,0,0,120,3,0
7,700,21.000000,42.000000,0,5,6658320,614,0,614,0,0,120,3,0
7,700,21.000000,42.000000,0,5,6658323,614,0,614,0,0,120,3,0
7,700,21.000000,42.000000,0,5,6658327,614,0,614,0,0,120,3,0
7,700,21.000000,42.000000,0,5,6658330,614,0,614,0,0,120,3,0
7,700,21.000000,42.000000,0,5,6658332,614,0,614,0,0,120,3,0
7,700,21.000000,42.000000,0,5,6658335,614,0,614,0,0,120,3,0
7,700,21.000000,42.000000,0,5,6658338,614,0,614,0,0,120,3,0
7,700,21.000000,42.000000,0,5,6658340,614,0,614,0,0,120,3,0
7,700,21.000000,42.000000,0,5,6658343,614,0,614,0,0,120,3,0
7,700,21.000000,42.000000,0,5,6658346,614,0,614,-1,0,120,3,0
7,700,21.000000,42.000000,0,5,6658348,614,0,614,-1,0,120,3,0
7,700,21.000000,42.000000,0,5,6658351,614,0,614,-1,0,120,3,0
7,700,21.000000,42.000000,0,5,6658354,614,0,614,-1,0,120,3,0
7,700,21.000000,42.000000,0,5,6658356,614,0,614,-1,0,120,3,0
7,700,21.000000,42.000000,0,5,6658359,614,0,614,-1,0,120,3,0
7,700,21.000000,42.000000,0,5,6658362,614,0,614,-1,0,120,3,0
7,700,21.000000,42.000000,0,5,6658365,615,0,615,-2,0,120,3,0
7,700,21.000000,42.000000,0,5,6658368,616,0,616,-3,0,120,3,0
7,700,21.000000,42.000000,0,5,6658370,617,0,617,-3,0,120,3,0
7,700,21.000000,42.000000,0,5,6658373,618,0,618,-3,0,120,3,0
7,700,21.000000,42.000000,0,5,6658376,619,0,619,-4,0,120,3,0
7,700,21.000000,42.000000,0,5,6658378,620,0,620,-4,0,120,3,0
7,700,21.000000,42.000000,0,5,6658381,621,0,621,-4,0,120,3,0
7,700,21.000000,42.000000,0,5,6658384,623,0,623,-4,0,120,3,0
7,700,21.000000,42.000000,0,5,6658387,624,0,624,-5,0,120,3,0
7,700,21.000000,42.000000,0,5,6658390,626,0,626,-5,0,120,3,0
7,700,21.000000,42.000000,0,5,6658392,629,0,629,-6,0,120,3,0
7,700,21.000000,42.000000,0,5,6658396,631,0,631,-7,0,120,3,0
7,700,21.000000,42.000000,0,5,6658398,635,0,635,-8,0,120,3,0
7,700,21.000000,42.000000,0,5,6658401,638,0,638,-8,0,120,3,0
7,700,21.000000,42.000000,0,5,6658404,641,0,641,-9,0,120,3,0
7,700,21.000000,42.000000,0,5,6658407,646,0,646,-10,0,120,3,0
7,700,21.000000,42.000000,0,5,6658409,650,0,650,-11,0,120,3,0
7,700,21.000000,42.000000,0,5,6658412,655,0,655,-12,0,120,3,0
7,700,21.000000,42.000000,0,5,6658415,658,0,658,-12,0,120,3,0
7,700,21.000000,42.000000,0,5,6658418,666,0,666,-14,0,120,3,0
7,700,21.000000,42.000000,0,5,6658420,670,0,670,-14,0,120,3,0
7,700,21.000000,42.000000,0,5,6658423,684,0,684,-16,0,120,3,0
7,700,21.000000,42.000000,0,5,6658426,693,0,693,-18,0,120,3,0
7,700,21.000000,42.000000,0,5,6658429,703,0,703,-19,0,120,3,0
7,700,21.000000,42.000000,0,5,6658432,713,0,713,-20,0,120,3,0
7,700,21.000000,42.000000,0,5,6658434,727,0,727,-22,0,120,3,0
7,700,21.000000,42.000000,0,5,6658437,737,0,737,-24,0,120,3,0
7,700,21.000000,42.000000,0,5,6658440,749,0,749,-25,0,120,3,0
7,700,21.000000,42.000000,0,5,6658443,761,0,761,-27,0,120,3,0
7,700,21.000000,42.000000,0,5,6658445,772,0,772,-29,0,120,3,0
7,700,21.000000,42.000000,0,5,6658448,784,0,784,-31,0,120,3,0
7,700,21.000000,42.000000,0,5,6658451,795,0,795,-32,0,120,3,0
7,700,21.000000,42.000000,0,5,6658454,806,0,806,-34,0,120,3,0
7,700,21.000000,42.000000,0,5,6658457,814,0,814,-35,0,120,3,0
7,700,21.000000,42.000000,0,5,6658459,822,0,822,-36,0,120,3,0
7,700,21.000000,42.000000,0,5,6658462,837,0,837,-38,0,120,3,0
7,700,21.000000,42.000000,0,5,6658465,846,0,846,-40,0,120,3,0
7,700,21.000000,42.000000,0,5,6658468,860,0,860,-41,0,120,3,0
7,700,21.000000,42.000000,0,5,6658470,869,0,869,-42,0,120,3,0
7,700,21.000000,42.000000,0,5,6658473,876,0,876,-43,0,120,3,0
7,700,21.000000,42.000000,0,5,6658476,886,0,886,-44,0,120,3,0
7,700,21.000000,42.000000,0,5,6658479,895,0,895,-46,0,120,3,0
7,700,21.000000,42.000000,0,5,6658481,902,0,902,-48,0,120,3,0
7,700,21.000000,42.000000,0,5,6658484,908,0,908,-48,0,120,3,0
7,700,21.000000,42.000000,0,5,6658487,916,0,916,-49,0,120,3,0
7,700,21.000000,42.000000,0,5,6658490,922,0,922,-50,0,120,3,0
7,700,21.000000,42.000000,0,5,6658493,930,0,930,-51,0,120,3,0
7,700,21.000000,42.000000,0,5,6658495,936,0,936,-53,0,120,3,0
7,700,21.000000,42.000000,0,5,6658498,944,0,944,-55,0,120,3,0
7,700,21.000000,42.000000,0,5,6658501,949,0,949,-55,0,120,3,0
7,700,21.000000,42.000000,0,5,6658504,952,0,952,-55,0,120,3,0
7,700,21.000000,42.000000,0,5,6658506,956,0,956,-55,0,120,3,0
7,700,21.000000,42.000000,0,5,6658509,961,0,961,-56,0,120,3,0
7,700,21.000000,42.000000,0,5,6658512,964,0,964,-57,0,120,3,0
7,700,21.000000,42.000000,0,5,6658515,966,0,966,-57,0,120,3,0
7,700,21.000000,42.000000,0,5,6658518,970,0,970,-59,0,120,3,0
7,700,21.000000,42.000000,0,5,6658521,972,0,972,-59,0,120,3,0
7,700,21.000000,42.000000,0,5,6658523,975,0,975,-59,0,120,3,0
7,700,21.000000,42.000000,0,5,6658526,978,0,978,-59,0,120,3,0
7,700,21.000000,42.000000,0,5,6658529,979,0,979,-60,0,120,3,0
7,700,21.000000,42.000000,0,5,6658532,982,0,982,-60,0,120,3,0
7,700,21.000000,42.000000,0,5,6658534,984,0,984,-61,0,120,3,0
7,700,21.000000,42.000000,0,5,6658537,986,0,986,-62,0,120,3,0
7,700,21.000000,42.000000,0,5,6658540,987,0,987,-62,0,120,3,0
7,700,21.000000,42.000000,0,5,6658543,989,0,989,-62,0,120,3,0
7,700,21.000000,42.000000,0,5,6658545,990,0,990,-63,0,120,3,0
7,700,21.000000,42.000000,0,5,6658548,991,0,991,-63,0,120,3,0
7,700,21.000000,42.000000,0,5,6658551,993,0,993,-63,0,120,3,0
7,700,21.000000,42.000000,0,5,6658554,994,0,994,-63,0,120,3,0
7,700,21.000000,42.000000,0,5,6658557,996,0,996,-63,0,120,3,0
7,700,21.000000,42.000000,0,5,6658559,997,0,997,-63,0,120,3,0
7,700,21.000000,42.000000,0,5,6658562,998,0,998,-63,0,120,3,0
7,700,21.000000,42.000000,0,5,6658565,999,0,999,-63,0,120,3,0
7,700,21.000000,42.000000,0,5,6658568,1001,0,1001,-64,0,120,3,0
7,700,21.000000,42.000000,0,5,6658571,1002,0,1002,-64,0,120,3,0
7,700,21.000000,42.000000,0,5,6658573,1004,0,1004,-64,0,120,3,0
7,700,21.000000,42.000000,0,5,6658576,1005,0,1005,-65,0,120,3,0
7,700,21.000000,42.000000,0,5,6658579,1007,0,1007,-66,0,120,3,0
7,700,21.000000,42.000000,0,5,6658582,1009,0,1009,-66,0,120,3,0
7,700,21.000000,42.000000,0,5,6658584,1011,0,1011,-66,0,120,3,0
7,700,21.000000,42.000000,0,5,6658587,1013,0,1013,-66,0,120,3,0
7,700,21.000000,42.000000,0,5,6658590,1014,0,1014,-66,0,120,3,0
7,700,21.000000,42.000000,0,5,6658593,1016,0,1016,-66,0,120,3,0
7,700,21.000000,42.000000,0,5,6658595,1018,0,1018,-66,0,120,3,0
7,700,21.000000,42.000000,0,5,6658598,1019,0,1019,-66,0,120,3,0
7,700,21.000000,42.000000,0,5,6658601,1021,0,1021,-67,0,120,3,0
7,700,21.000000,42.000000,0,5,6658604,1023,0,1023,-67,0,120,3,0
7,700,21.000000,42.000000,0,5,6658607,1026,0,1026,-67,0,120,3,0
7,700,21.000000,42.000000,0,5,6658610,1029,0,1029,-68,0,120,3,0
7,700,21.000000,42.000000,0,5,6658612,1033,0,1033,-68,0,120,3,0
7,700,21.000000,42.000000,0,5,6658615,1035,0,1035,-69,0,120,3,0
7,700,21.000000,42.000000,0,5,6658618,1038,0,1038,-70,0,120,3,0
7,700,21.000000,42.000000,0,5,6658621,1042,0,1042,-70,0,120,3,0
7,700,21.000000,42.000000,0,5,6658623,1045,0,1045,-70,0,120,3,0
7,700,21.000000,42.000000,0,5,6658626,1047,0,1047,-71,0,120,3,0
7,700,21.000000,42.000000,0,5,6658629,1049,0,1049,-71,0,120,3,0
7,700,21.000000,42.000000,0,5,6658632,1052,0,1052,-71,0,120,3,0
7,700,21.000000,42.000000,0,5,6658634,1054,0,1054,-72,0,120,3,0
7,700,21.000000,42.000000,0,5,6658637,1056,0,1056,-72,0,120,3,0
7,700,21.000000,42.000000,0,5,6658640,1058,0,1058,-72,0,120,3,0
7,700,21.000000,42.000000,0,5,6658643,1060,0,1060,-72,0,120,3,0
7,700,21.000000,42.000000,0,5,6658645,1063,0,1063,-72,0,120,3,0
7,700,21.000000,42.000000,0,5,6658648,1065,0,1065,-72,0,120,3,0
7,700,21.000000,42.000000,0,5,6658651,1066,0,1066,-72,0,120,3,0
7,700,21.000000,42.000000,0,5,6658654,1068,0,1068,-72,0,120,3,0
7,700,21.000000,42.000000,0,5,6658657,1069,0,1069,-72,0,120,3,0
7,700,21.000000,42.000000,0,5,6658659,1070,0,1070,-72,0,120,3,0
7,700,21.000000,42.000000,0,5,6658662,1072,0,1072,-72,0,120,3,0
7,700,21.000000,42.000000,0,5,6658665,1074,0,1074,-72,0,120,3,0
7,700,21.000000,42.000000,0,5,6658668,1075,0,1075,-72,0,120,3,0
7,700,21.000000,42.000000,0,5,6658671,1076,0,1076,-72,0,120,3,0
7,700,21.000000,42.000000,0,5,6658673,1078,0,1078,-72,0,120,3,0
7,700,21.000000,42.000000,0,5,6658676,1079,0,1079,-72,0,120,3,0
7,700,21.000000,42.000000,0,5,6658679,1080,0,1080,-72,0,120,3,0
7,700,21.000000,42.000000,0,5,6658682,1081,0,1081,-72,0,120,3,0
7,700,21.000000,42.000000,0,5,6658684,1082,0,1082,-72,0,120,3,0
7,700,21.000000,42.000000,0,5,6658687,1084,0,1084,-72,0,120,3,0
7,700,21.000000,42.000000,0,5,6658690,1086,0,1086,-73,0,120,3,0
7,700,21.000000,42.000000,0,5,6658693,1088,0,1088,-73,0,120,3,0
7,700,21.000000,42.000000,0,5,6658696,1089,0,1089,-73,0,120,3,0
7,700,21.000000,42.000000,0,5,6658698,1090,0,1090,-73,0,120,3,0
7,700,21.000000,42.000000,0,5,6658701,1092,0,1092,-73,0,120,3,0
7,700,21.000000,42.000000,0,5,6658704,1094,0,1094,-73,0,120,3,0
7,700,21.000000,42.000000,0,5,6658707,1095,0,1095,-73,0,120,3,0
7,700,21.000000,42.000000,0,5,6658709,1096,0,1096,-73,0,120,3,0
7,700,21.000000,42.000000,0,5,6658712,1097,0,1097,-73,0,120,3,0
7,700,21.000000,42.000000,0,5,6658715,1098,0,1098,-73,0,120,3,0
7,700,21.000000,42.000000,0,5,6658718,1101,0,1101,-74,0,120,3,0
7,700,21.000000,42.000000,0,5,6658720,1103,0,1103,-74,0,120,3,0
7,700,21.000000,42.000000,0,5,6658724,1105,0,1105,-74,0,120,3,0
7,700,21.000000,42.000000,0,5,6658726,1107,0,1107,-74,0,120,3,0
7,700,21.000000,42.000000,0,5,6658729,1108,0,1108,-74,0,120,3,0
7,700,21.000000,42.000000,0,5,6658732,1112,0,1112,-74,0,120,3,0
7,700,21.000000,42.000000,0,5,6658734,1115,0,1115,-74,0,120,3,0
7,700,21.000000,42.000000,0,5,6658737,1118,0,1118,-74,0,120,3,0
7,700,21.000000,42.000000,0,5,6658740,1120,0,1120,-75,0,120,3,0
7,700,21.000000,42.000000,0,5,6658743,1124,0,1124,-75,0,120,3,0
7,700,21.000000,42.000000,0,5,6658745,1127,0,1127,-76,0,120,3,0
7,700,21.000000,42.000000,0,5,6658748,1260,0,1131,-76,0,120,3,0
7,700,21.000000,42.000000,0,5,6658751,1264,0,1135,-76,0,120,3,0
7,700,21.000000,42.000000,0,5,6658754,1269,0,1140,-77,0,120,3,0
7,700,21.000000,42.000000,0,5,6658757,1272,0,1143,-78,0,120,3,0
7,700,21.000000,42.000000,0,5,6658759,1274,0,1145,-78,0,120,3,0
7,700,21.000000,42.000000,0,5,6658762,1278,0,1149,-78,0,120,3,0
7,700,21.000000,42.000000,0,5,6658765,1282,0,1153,-78,0,120,3,0
7,700,21.000000,42.000000,0,5,6658768,1286,0,1157,-78,0,120,3,0
7,700,21.000000,42.000000,0,5,6658770,1290,0,1161,-79,0,120,3,0
7,700,21.000000,42.000000,0,5,6658773,1294,0,1165,-79,0,120,3,0
7,700,21.000000,42.000000,0,5,6658776,1298,0,1169,-80,0,120,3,0
7,700,21.000000,42.000000,0,5,6658779,1303,0,1174,-81,0,120,3,0
7,700,21.000000,42.000000,0,5,6658782,1308,0,1179,-81,0,120,3,0
7,700,21.000000,42.000000,0,5,6658784,1312,0,1183,-81,0,120,3,0
7,700,21.000000,42.000000,0,5,6658787,1316,0,1187,-82,0,120,3,0
7,700,21.000000,42.000000,0,5,6658790,1321,0,1192,-83,0,120,3,0
7,700,21.000000,42.000000,0,5,6658793,1325,0,1196,-83,0,120,3,0
7,700,21.000000,42.000000,0,5,6658795,1330,0,1201,-84,0,120,3,0
7,700,21.000000,42.000000,0,5,6658798,1334,0,1205,-85,0,120,3,0
7,700,21.000000,42.000000,0,5,6658801,1336,0,1207,-85,0,120,3,0
7,700,21.000000,42.000000,0,5,6658804,1338,0,1209,-86,0,120,3,0
7,700,21.000000,42.000000,0,5,6658807,1342,0,1213,-87,0,120,3,0
7,700,21.000000,42.000000,0,5,6658809,1344,0,1215,-87,0,120,3,0
7,700,21.000000,42.000000,0,5,6658812,1346,0,1217,-88,0,120,3,0
7,700,21.000000,42.000000,0,5,6658815,1347,0,1218,-89,0,120,3,0
7,700,21.000000,42.000000,0,5,6658818,1349,0,1220,-89,0,120,3,0
7,700,21.000000,42.000000,0,5,6658821,1350,0,1221,-89,0,120,3,0
7,700,21.000000,42.000000,0,5,6658823,1352,0,1223,-89,0,120,3,0
7,700,21.000000,42.000000,0,5,6658826,1353,0,1224,-90,0,120,3,0
7,700,21.000000,42.000000,0,5,6658829,1354,0,1225,-90,0,120,3,0
7,700,21.000000,42.000000,0,5,6658832,1355,0,1226,-90,0,120,3,0
7,700,21.000000,42.000000,0,5,6658834,1356,0,1227,-90,0,120,3,0
7,700,21.000000,42.000000,0,5,6658837,1357,0,1228,-90,0,120,3,0
7,700,21.000000,42.000000,0,5,6658840,1358,0,1229,-90,0,120,3,0
7,700,21.000000,42.000000,0,5,6658843,1358,0,1229,-91,0,120,3,0
7,700,21.000000,42.000000,0,5,6658845,1358,0,1229,-91,0,120,3,0
7,700,21.000000,42.000000,0,5,6658848,1358,0,1229,-91,0,120,3,0
7,700,21.000000,42.000000,0,5,6658851,1358,0,1229,-91,0,120,3,0
7,700,21.000000,42.000000,0,5,6658854,1359,0,1230,-91,0,120,3,0
7,700,21.000000,42.000000,0,5,6658856,1359,0,1230,-91,0,120,3,0
7,700,21.000000,42.000000,0,5,6658859,1359,0,1230,-91,0,120,3,0
7,700,21.000000,42.000000,0,5,6658862,1359,0,1230,-91,0,120,3,0
7,700,21.000000,42.000000,0,5,6658865,1359,0,1230,-91,0,120,3,0
7,700,21.000000,42.000000,0,5,6658868,1360,0,1231,-91,0,120,3,0
7,700,21.000000,42.000000,0,5,6658870,1361,0,1232,-91,0,120,3,0
7,700,21.000000,42.000000,0,5,6658873,1361,0,1232,-91,0,120,3,0
7,700,21.000000,42.000000,0,5,6658876,1362,0,1233,-91,0,120,3,0
7,700,21.000000,42.000000,0,5,6658879,1362,0,1233,-92,0,120,3,0
7,700,21.000000,42.000000,0,5,6658882,1362,0,1233,-93,0,120,3,0
7,700,21.000000,42.000000,0,5,6658884,1363,0,1234,-93,0,120,3,0
7,700,21.000000,42.000000,0,5,6658887,1364,0,1235,-93,0,120,3,0
7,700,21.000000,42.000000,0,5,6658890,1365,0,1236,-93,0,120,3,0
7,700,21.000000,42.000000,0,5,6658893,1366,0,1237,-93,0,120,3,0
7,700,21.000000,42.000000,0,5,6658896,1367,0,1238,-93,0,120,3,0
7,700,21.000000,42.000000,0,5,6658898,1368,0,1239,-93,0,120,3,0
7,700,21.000000,42.000000,0,5,6658901,1370,0,1241,-93,0,120,3,0
7,700,21.000000,42.000000,0,5,6658904,1372,0,1243,-93,0,120,3,0
7,700,21.000000,42.000000,0,5,6658907,1373,0,1244,-93,0,120,3,0
7,700,21.000000,42.000000,0,5,6658909,1374,0,1245,-93,0,120,3,0
7,700,21.000000,42.000000,0,5,6658912,1375,0,1246,-93,0,120,3,0
7,700,21.000000,42.000000,0,5,6658915,1376,0,1247,-93,0,120,3,0
7,700,21.000000,42.000000,0,5,6658918,1377,0,1248,-93,0,120,3,0
7,700,21.000000,42.000000,0,5,6658920,1378,0,1249,-93,0,120,3,0
7,700,21.000000,42.000000,0,5,6658923,1379,0,1250,-93,0,120,3,0
7,700,21.000000,42.000000,0,5,6658926,1380,0,1251,-93,0,120,3,0
7,700,21.000000,42.000000,0,5,6658929,1381,0,1252,-93,0,120,3,0
7,700,21.000000,42.000000,0,5,6658932,1382,0,1253,-93,0,120,3,0
7,700,21.000000,42.000000,0,5,6658935,1383,0,1254,-94,0,120,3,0
7,700,21.000000,42.000000,0,5,6658937,1384,0,1255,-94,0,120,3,0
7,700,21.000000,42.000000,0,5,6658940,1385,0,1256,-94,0,120,3,0
7,700,21.000000,42.000000,0,5,6658943,1386,0,1257,-94,0,120,3,0
7,700,21.000000,42.000000,0,5,6658945,1387,0,1258,-94,0,120,3,0
7,700,21.000000,42.000000,0,5,6658948,1388,0,1259,-94,0,120,3,0
7,700,21.000000,42.000000,0,5,6658951,1389,0,1260,-94,0,120,3,0
7,700,21.000000,42.000000,0,5,6658954,1390,0,1261,-94,0,120,3,0
7,700,21.000000,42.000000,0,5,6658957,1391,0,1262,-94,0,120,3,0
7,700,21.000000,42.000000,0,5,6658959,1392,0,1263,-95,0,120,3,0
7,700,21.000000,42.000000,0,5,6658962,1393,0,1264,-95,0,120,3,0
7,700,21.000000,42.000000,0,5,6658965,1394,0,1265,-95,0,120,3,0
7,700,21.000000,42.000000,0,5,6658968,1395,0,1266,-96,0,120,3,0
7,700,21.000000,42.000000,0,5,6658971,1396,0,1267,-97,0,120,3,0
7,700,21.000000,42.000000,0,5,6658974,1397,0,1268,-97,0,120,3,0
7,700,21.000000,42.000000,0,5,6658976,1398,0,1269,-97,0,120,3,0
7,700,21.000000,42.000000,0,5,6658979,1398,0,1269,-97,0,120,3,0
7,700,21.000000,42.000000,0,5,6658982,1398,0,1269,-97,0,120,3,0
7,700,21.000000,42.000000,0,5,6658984,1398,0,1269,-97,0,120,3,0
7,700,21.000000,42.000000,0,5,6658987,1398,0,1269,-97,0,120,3,0
7,700,21.000000,42.000000,0,5,6658990,1398,0,1269,-97,0,120,3,0
7,700,21.000000,42.000000,0,5,6658993,1398,0,1269,-97,0,120,3,0
7,700,21.000000,42.000000,0,5,6658996,1398,0,1269,-97,0,120,3,0
7,700,21.000000,42.000000,0,5,6658999,1398,0,1269,-97,0,120,3,0
7,700,21.000000,42.000000,0,5,6659001,1398,0,1269,-97,0,120,3,0
7,700,21.000000,42.000000,0,5,6659004,1398,0,1269,-97,0,120,3,0
7,700,21.000000,42.000000,0,5,6659007,1398,0,1269,-97,0,120,3,0
7,700,21.000000,42.000000,0,5,6659010,1398,0,1269,-97,0,120,3,0
7,700,21.000000,42.000000,0,5,6659012,1398,0,1269,-97,0,120,3,0
7,700,21.000000,42.000000,0,5,6659015,1398,0,1269,-97,0,120,3,0
7,700,21.000000,42.000000,0,5,6659018,1398,0,1269,-97,0,120,3,0
7,700,21.000000,42.000000,0,5,6659020,1398,0,1269,-97,0,120,3,0
7,700,21.000000,42.000000,0,5,6659023,1398,0,1269,-97,0,120,3,0
7,700,21.000000,42.000000,0,5,6659026,1398,0,1269,-97,0,120,3,0
7,700,21.000000,42.000000,0,5,6659029,1398,0,1269,-97,0,120,3,0
7,700,21.000000,42.000000,0,5,6659032,1398,0,1269,-97,0,120,3,0
7,700,21.000000,42.000000,0,5,6659034,1398,0,1269,-97,0,120,3,0
7,700,21.000000,42.000000,0,5,6659037,1398,0,1269,-97,0,120,3,0
7,700,21.000000,42.000000,0,5,6659040,1398,0,1269,-97,0,120,3,0
7,700,21.000000,42.000000,0,5,6659043,1398,0,1269,-97,0,120,3,0
7,700,21.000000,42.000000,0,5,6659045,1398,0,1269,-97,0,120,3,0
7,700,21.000000,42.000000,0,5,6659048,1398,0,1269,-97,0,120,3,0
7,700,21.000000,42.000000,0,5,6659052,1398,0,1269,-97,0,120,3,0
7,700,21.000000,42.000000,0,5,6659054,1398,0,1269,-97,0,120,3,0
7,700,21.000000,42.000000,0,5,6659057,1398,0,1269,-97,0,120,3,0
7,700,21.000000,42.000000,0,5,6659060,1398,0,1269,-97,0,120,3,0
7,700,21.000000,42.000000,0,5,6659063,1398,0,1269,-97,0,120,3,0
7,700,21.000000,42.000000,0,5,6659065,1398,0,1269,-97,0,120,3,0
7,700,21.000000,42.000000,0,5,6659068,1398,0,1269,-97,0,120,3,0
7,700,21.000000,42.000000,0,5,6659071,1398,0,1269,-97,0,120,3,0
7,700,21.000000,42.000000,0,5,6659074,1398,0,1269,-97,0,120,3,0
7,700,21.000000,42.000000,0,5,6659077,1398,0,1269,-97,0,120,3,0
7,700,21.000000,42.000000,0,5,6659079,1398,0,1269,-97,0,120,3,0
7,700,21.000000,42.000000,0,5,6659082,1398,0,1269,-97,0,120,3,0
7,700,21.000000,42.000000,0,5,6659085,1398,0,1269,-97,0,120,3,0
7,700,21.000000,42.000000,0,5,6659087,1398,0,1269,-97,0,120,3,0
7,700,21.000000,42.000000,0,5,6659090,1398,0,1269,-97,0,120,3,0
7,700,21.000000,42.000000,0,5,6659093,1398,0,1269,-97,0,120,3,0
7,700,21.000000,42.000000,0,5,6659096,1398,0,1269,-97,0,120,3,0
7,700,21.000000,42.000000,0,5,6659098,1398,0,1269,-97,0,120,3,0
7,700,21.000000,42.000000,0,5,6659101,1397,0,1268,-98,0,120,3,0
7,700,21.000000,42.000000,0,5,6659104,1396,0,1267,-99,0,120,3,0
7,700,21.000000,42.000000,0,5,6659107,1395,0,1266,-99,0,120,3,0
7,700,21.000000,42.000000,0,5,6659109,1394,0,1265,-99,0,120,3,0
7,700,21.000000,42.000000,0,5,6659112,1393,0,1264,-99,0,120,3,0
7,700,21.000000,42.000000,0,5,6659115,1392,0,1263,-99,0,120,3,0
7,700,21.000000,42.000000,0,5,6659118,1391,0,1262,-99,0,120,3,0
7,700,21.000000,42.000000,0,5,6659121,1390,0,1261,-100,0,120,3,0
7,700,21.000000,42.000000,0,5,6659123,1389,0,1260,-100,0,120,3,0
7,700,21.000000,42.000000,0,5,6659126,1388,0,1259,-100,0,120,3,0
7,700,21.000000,42.000000,0,5,6659129,1387,0,1258,-100,0,120,3,0
7,700,21.000000,42.000000,0,5,6659132,1385,0,1256,-101,0,120,3,0
7,700,21.000000,42.000000,0,5,6659135,1383,0,1254,-102,0,120,3,0
7,700,21.000000,42.000000,0,5,6659137,1382,0,1253,-102,0,120,3,0
7,700,21.000000,42.000000,0,5,6659140,1381,0,1252,-102,0,120,3,0
7,700,21.000000,42.000000,0,5,6659143,1380,0,1251,-102,0,120,3,0
7,700,21.000000,42.000000,0,5,6659146,1379,0,1250,-102,0,120,3,0
7,700,21.000000,42.000000,0,5,6659148,1378,0,1249,-102,0,120,3,0
7,700,21.000000,42.000000,0,5,6659151,1377,0,1248,-102,0,120,3,0
7,700,21.000000,42.000000,0,5,6659154,1376,0,1247,-102,0,120,3,0
7,700,21.000000,42.000000,0,5,6659157,1376,0,1247,-103,0,120,3,0
7,700,21.000000,42.000000,0,5,6659160,1375,0,1246,-103,0,120,3,0
7,700,21.000000,42.000000,0,5,6659162,1374,0,1245,-103,0,120,3,0
7,700,21.000000,42.000000,0,5,6659165,1373,0,1244,-103,0,120,3,0
7,700,21.000000,42.000000,0,5,6659168,1372,0,1243,-103,0,120,3,0
7,700,21.000000,42.000000,0,5,6659171,1371,0,1242,-103,0,120,3,0
7,700,21.000000,42.000000,0,5,6659173,1370,0,1241,-103,0,120,3,0
7,700,21.000000,42.000000,0,5,6659177,1369,0,1240,-103,0,120,3,0
7,700,21.000000,42.000000,0,5,6659179,1369,0,1240,-104,0,120,3,0
7,700,21.000000,42.000000,0,5,6659182,1368,0,1239,-105,0,120,3,0
7,700,21.000000,42.000000,0,5,6659184,1368,0,1239,-105,0,120,3,0
7,700,21.000000,42.000000,0,5,6659188,1367,0,1238,-105,0,120,3,0
7,700,21.000000,42.000000,0,5,6659190,1366,0,1237,-105,0,120,3,0
7,700,21.000000,42.000000,0,5,6659193,1365,0,1236,-105,0,120,3,0
7,700,21.000000,42.000000,0,5,6659196,1364,0,1235,-105,0,120,3,0
7,700,21.000000,42.000000,0,5,6659199,1363,0,1234,-105,0,120,3,0
7,700,21.000000,42.000000,0,5,6659201,1362,0,1233,-106,0,120,3,0
7,700,21.000000,42.000000,0,5,6659204,1361,0,1232,-106,0,120,3,0
7,700,21.000000,42.000000,0,5,6659207,1359,0,1230,-106,0,120,3,0
7,700,21.000000,42.000000,0,5,6659210,1358,0,1229,-106,0,120,3,0
7,700,21.000000,42.000000,0,5,6659213,1357,0,1228,-106,0,120,3,0
7,700,21.000000,42.000000,0,5,6659216,1356,0,1227,-106,0,120,3,0
7,700,21.000000,42.000000,0,5,6659218,1355,0,1226,-107,0,120,3,0
7,700,21.000000,42.000000,0,5,6659221,1354,0,1225,-107,0,120,3,0
7,700,21.000000,42.000000,0,5,6659224,1353,0,1224,-108,0,120,3,0
7,700,21.000000,42.000000,0,5,6659227,1352,0,1223,-108,0,120,3,0
7,700,21.000000,42.000000,0,5,6659229,1351,0,1222,-108,0,120,3,0
7,700,21.000000,42.000000,0,5,6659232,1350,0,1221,-108,0,120,3,0
7,700,21.000000,42.000000,0,5,6659235,1349,0,1220,-109,0,120,3,0
7,700,21.000000,42.000000,0,5,6659238,1348,0,1219,-109,0,120,3,0
7,700,21.000000,42.000000,0,5,6659240,1347,0,1218,-109,0,120,3,0
7,700,21.000000,42.000000,0,5,6659243,1346,0,1217,-109,0,120,3,0
7,700,21.000000,42.000000,0,5,6659246,1345,0,1216,-109,0,120,3,0
7,700,21.000000,42.000000,0,5,6659249,1344,0,1215,-109,0,120,3,0
7,700,21.000000,42.000000,0,5,6659251,1342,0,1213,-109,0,120,3,0
7,700,21.000000,42.000000,0,5,6659254,1341,0,1212,-110,0,120,3,0
7,700,21.000000,42.000000,0,5,6659257,1340,0,1211,-110,0,120,3,0
7,700,21.000000,42.000000,0,5,6659260,1339,0,1210,-110,0,120,3,0
7,700,21.000000,42.000000,0,5,6659263,1339,0,1210,-110,0,120,3,0
7,700,21.000000,42.000000,0,5,6659265,1338,0,1209,-110,0,120,3,0
7,700,21.000000,42.000000,0,5,6659268,1337,0,1208,-110,0,120,3,0
7,700,21.000000,42.000000,0,5,6659271,1336,0,1207,-110,0,120,3,0
7,700,21.000000,42.000000,0,5,6659274,1336,0,1207,-110,0,120,3,0
7,700,21.000000,42.000000,0,5,6659276,1335,0,1206,-110,0,120,3,0
7,700,21.000000,42.000000,0,5,6659279,1334,0,1205,-110,0,120,3,0
7,700,21.000000,42.000000,0,5,6659282,1334,0,1205,-111,0,120,3,0
7,700,21.000000,42.000000,0,5,6659285,1334,0,1205,-112,0,120,3,0
7,700,21.000000,42.000000,0,5,6659288,1333,0,1204,-112,0,120,3,0
7,700,21.000000,42.000000,0,5,6659291,1332,0,1203,-112,0,120,3,0
7,700,21.000000,42.000000,0,5,6659293,1332,0,1203,-112,0,120,3,0
7,700,21.000000,42.000000,0,5,6659296,1332,0,1203,-112,0,120,3,0
7,700,21.000000,42.000000,0,5,6659299,1331,0,1202,-112,0,120,3,0
7,700,21.000000,42.000000,0,5,6659302,1330,0,1201,-113,0,120,3,0
7,700,21.000000,42.000000,0,5,6659304,1329,0,1200,-114,0,120,3,0
7,700,21.000000,42.000000,0,5,6659307,1329,0,1200,-114,0,120,3,0
7,700,21.000000,42.000000,0,5,6659310,1328,0,1199,-114,0,120,3,0
7,700,21.000000,42.000000,0,5,6659313,1327,0,1198,-114,0,120,3,0
7,700,21.000000,42.000000,0,5,6659316,1326,0,1197,-114,0,120,3,0
7,700,21.000000,42.000000,0,5,6659318,1325,0,1196,-114,0,120,3,0
7,700,21.000000,42.000000,0,5,6659321,1324,0,1195,-115,0,120,3,0
7,700,21.000000,42.000000,0,5,6659324,1323,0,1194,-116,0,120,3,0
7,700,21.000000,42.000000,0,5,6659327,1322,0,1193,-116,0,120,3,0
7,700,21.000000,42.000000,0,5,6659329,1321,0,1192,-116,0,120,3,0
7,700,21.000000,42.000000,0,5,6659332,1320,0,1191,-116,0,120,3,0
7,700,21.000000,42.000000,0,5,6659335,1319,0,1190,-116,0,120,3,0
7,700,21.000000,42.000000,0,5,6659338,1318,0,1189,-116,0,120,3,0
7,700,21.000000,42.000000,0,5,6659341,1317,0,1188,-116,0,120,3,0
7,700,21.000000,42.000000,0,5,6659343,1315,0,1186,-116,0,120,3,0
7,700,21.000000,42.000000,0,5,6659346,1315,0,1186,-116,0,120,3,0
7,700,21.000000,42.000000,0,5,6659349,1314,0,1185,-116,0,120,3,0
7,700,21.000000,42.000000,0,5,6659352,1314,0,1185,-117,0,120,3,0
7,700,21.000000,42.000000,0,5,6659354,1314,0,1185,-118,0,120,3,0
7,700,21.000000,42.000000,0,5,6659357,1313,0,1184,-118,0,120,3,0
7,700,21.000000,42.000000,0,5,6659360,1313,0,1184,-118,0,120,3,0
7,700,21.000000,42.000000,0,5,6659363,1313,0,1184,-118,0,120,3,0
7,700,21.000000,42.000000,0,5,6659365,1313,0,1184,-118,0,120,3,0
7,700,21.000000,42.000000,0,5,6659368,1313,0,1184,-119,0,120,3,0
7,700,21.000000,42.000000,0,5,6659371,1313,0,1184,-120,0,120,3,0
7,700,21.000000,42.000000,0,5,6659374,1313,0,1184,-120,0,120,3,0
7,700,21.000000,42.000000,0,5,6659377,1313,0,1184,-120,0,120,3,0
7,700,21.000000,42.000000,0,5,6659379,1313,0,1184,-120,0,120,3,0
7,700,21.000000,42.000000,0,5,6659382,1313,0,1184,-120,0,120,3,0
7,700,21.000000,42.000000,0,5,6659385,1313,0,1184,-120,0,120,3,0
7,700,21.000000,42.000000,0,5,6659388,1313,0,1184,-120,0,120,3,0
7,700,21.000000,42.000000,0,5,6659390,1313,0,1184,-120,0,120,3,0
7,700,21.000000,42.000000,0,5,6659393,1313,0,1184,-120,0,120,3,0
7,700,21.000000,42.000000,0,5,6659396,1313,0,1184,-120,0,120,3,0
7,700,21.000000,42.000000,0,5,6659399,1313,0,1184,-120,0,120,3,0
7,700,21.000000,42.000000,0,5,6659402,1313,0,1184,-120,0,120,3,0
7,700,21.000000,42.000000,0,5,6659404,1313,0,1184,-120,0,120,3,0
7,700,21.000000,42.000000,0,5,6659407,1313,0,1184,-120,0,120,3,0
7,700,21.000000,42.000000,0,5,6659410,1313,0,1184,-120,0,120,3,0
7,700,21.000000,42.000000,0,5,6659413,1313,0,1184,-120,0,120,3,0
7,700,21.000000,42.000000,0,5,6659415,1313,0,1184,-120,0,120,3,0
7,700,21.000000,42.000000,0,5,6659418,1313,0,1184,-120,0,120,3,0
7,700,21.000000,42.000000,0,5,6659421,1313,0,1184,-120,0,120,3,0
7,700,21.000000,42.000000,0,5,6659424,1313,0,1184,-120,0,120,3,0
7,700,21.000000,42.000000,0,5,6659426,1313,0,1184,-120,0,120,3,0
7,700,21.000000,42.000000,0,5,6659429,1313,0,1184,-120,0,120,3,0
7,700,21.000000,42.000000,0,5,6659432,1313,0,1184,-120,0,120,3,0
7,700,21.000000,42.000000,0,5,6659435,1313,0,1184,-120,0,120,3,0
7,700,21.000000,42.000000,0,5,6659438,1313,0,1184,-120,0,120,3,0
7,700,21.000000,42.000000,0,5,6659440,1313,0,1184,-120,0,120,3,0
7,700,21.000000,42.000000,0,5,6659443,1313,0,1184,-120,0,120,3,0
7,700,21.000000,42.000000,0,5,6659446,1313,0,1184,-120,0,120,3,0
7,700,21.000000,42.000000,0,5,6659449,1313,0,1184,-120,0,120,3,0
7,700,21.000000,42.000000,0,5,6659451,1313,0,1184,-120,0,120,3,0
7,700,21.000000,42.000000,0,5,6659454,1313,0,1184,-120,0,120,3,0
7,700,21.000000,42.000000,0,5,6659457,1313,0,1184,-120,0,120,3,0
7,700,21.000000,42.000000,0,5,6659460,1313,0,1184,-120,0,120,3,0
7,700,21.000000,42.000000,0,5,6659463,1313,0,1184,-120,0,120,3,0
7,700,21.000000,42.000000,0,5,6659466,1313,0,1184,-120,0,120,3,0
7,700,21.000000,42.000000,0,5,6659469,1313,0,1184,-120,0,120,3,0
7,700,21.000000,42.000000,0,5,6659471,1313,0,1184,-120,0,120,3,0
7,700,21.000000,42.000000,0,5,6659474,1313,0,1184,-120,0,120,3,0
7,700,21.000000,42.000000,0,5,6659477,1313,0,1184,-120,0,120,3,0
7,700,21.000000,42.000000,0,5,6659479,1313,0,1184,-120,0,120,3,0
7,700,21.000000,42.000000,0,5,6659482,1313,0,1184,-120,0,120,3,0
7,700,21.000000,42.000000,0,5,6659485,1313,0,1184,-120,0,120,3,0
7,700,21.000000,42.000000,0,5,6659488,1313,0,1184,-120,0,120,3,0
7,700,21.000000,42.000000,0,5,6659501,1313,0,1184,-120,0,120,3,0
