7,700,21.000000,42.000000,0,5,6723147,619,0,619,0,0,125,3,0
7,700,21.000000,42.000000,0,5,6723148,619,0,619,0,0,125,3,0
7,700,21.000000,42.000000,0,5,6723150,620,0,620,0,0,125,3,0
7,700,21.000000,42.000000,0,5,6723153,620,0,620,-1,0,125,3,0
7,700,21.000000,42.000000,0,5,6723156,620,0,620,-1,0,125,3,0
7,700,21.000000,42.000000,0,5,6723159,620,0,620,-1,0,125,3,0
7,700,21.000000,42.000000,0,5,6723161,620,0,620,-1,0,125,3,0
7,700,21.000000,42.000000,0,5,6723164,620,0,620,-1,0,125,3,0
7,700,21.000000,42.000000,0,5,6723167,620,0,620,-1,0,125,3,0
7,700,21.000000,42.000000,0,5,6723170,620,0,620,-1,0,125,3,0
7,700,21.000000,42.000000,0,5,6723173,620,0,620,-1,0,125,3,0
7,700,21.000000,42.000000,0,5,6723175,620,0,620,-1,0,125,3,0
7,700,21.000000,42.000000,0,5,6723178,620,0,620,-1,0,125,3,0
7,700,21.000000,42.000000,0,5,6723181,620,0,620,-1,0,125,3,0
7,700,21.000000,42.000000,0,5,6723184,620,0,620,-1,0,125,3,0
7,700,21.000000,42.000000,0,5,6723186,620,0,620,-1,0,125,3,0
7,700,21.000000,42.000000,0,5,6723189,620,0,620,-2,0,125,3,0
7,700,21.000000,42.000000,0,5,6723192,620,0,620,-3,0,125,3,0
7,700,21.000000,42.000000,0,5,6723195,620,0,620,-3,0,125,3,0
7,700,21.000000,42.000000,0,5,6723198,620,0,620,-3,0,125,3,0
7,700,21.000000,42.000000,0,5,6723200,620,0,620,-3,0,125,3,0
7,700,21.000000,42.000000,0,5,6723203,620,0,620,-3,0,125,3,0
7,700,21.000000,42.000000,0,5,6723206,620,0,620,-3,0,125,3,0
7,700,21.000000,42.000000,0,5,6723209,620,0,620,-3,0,125,3,0
7,700,21.000000,42.000000,0,5,6723211,620,0,620,-3,0,125,3,0
7,700,21.000000,42.000000,0,5,6723214,620,0,620,-3,0,125,3,0
7,700,21.000000,42.000000,0,5,6723217,620,0,620,-3,0,125,3,0
7,700,21.000000,42.000000,0,5,6723220,620,0,620,-3,0,125,3,0
7,700,21.000000,42.000000,0,5,6723223,620,0,620,-3,0,125,3,0
7,700,21.000000,42.000000,0,5,6723225,620,0,620,-3,0,125,3,0
7,700,21.000000,42.000000,0,5,6723228,620,0,620,-3,0,125,3,0
7,700,21.000000,42.000000,0,5,6723231,620,0,620,-3,0,125,3,0
7,700,21.000000,42.000000,0,5,6723234,621,0,621,-3,0,125,3,0
7,700,21.000000,42.000000,0,5,6723236,621,0,621,-3,0,125,3,0
7,700,21.000000,42.000000,0,5,6723239,621,0,621,-4,0,125,3,0
7,700,21.000000,42.000000,0,5,6723242,621,0,621,-5,0,125,3,0
7,700,21.000000,42.000000,0,5,6723245,621,0,621,-5,0,125,3,0
7,700,21.000000,42.000000,0,5,6723248,621,0,621,-5,0,125,3,0
7,700,21.000000,42.000000,0,5,6723250,622,0,622,-5,0,125,3,0
7,700,21.000000,42.000000,0,5,6723253,623,0,623,-5,0,125,3,0
7,700,21.000000,42.000000,0,5,6723256,624,0,624,-5,0,125,3,0
7,700,21.000000,42.000000,0,5,6723259,624,0,624,-6,0,125,3,0
7,700,21.000000,42.000000,0,5,6723261,625,0,625,-6,0,125,3,0
7,700,21.000000,42.000000,0,5,6723264,626,0,626,-6,0,125,3,0
7,700,21.000000,42.000000,0,5,6723267,627,0,627,-6,0,125,3,0
7,700,21.000000,42.000000,0,5,6723270,628,0,628,-7,0,125,3,0
7,700,21.000000,42.000000,0,5,6723273,629,0,629,-7,0,125,3,0
7,700,21.000000,42.000000,0,5,6723275,630,0,630,-7,0,125,3,0
7,700,21.000000,42.000000,0,5,6723278,631,0,631,-8,0,125,3,0
7,700,21.000000,42.000000,0,5,6723281,632,0,632,-8,0,125,3,0
7,700,21.000000,42.000000,0,5,6723284,634,0,634,-8,0,125,3,0
7,700,21.000000,42.000000,0,5,6723286,636,0,636,-8,0,125,3,0
7,700,21.000000,42.000000,0,5,6723289,638,0,638,-8,0,125,3,0
7,700,21.000000,42.000000,0,5,6723292,640,0,640,-9,0,125,3,0
7,700,21.000000,42.000000,0,5,6723295,641,0,641,-10,0,125,3,0
7,700,21.000000,42.000000,0,5,6723298,644,0,644,-10,0,125,3,0
7,700,21.000000,42.000000,0,5,6723300,646,0,646,-11,0,125,3,0
7,700,21.000000,42.000000,0,5,6723303,649,0,649,-12,0,125,3,0
7,700,21.000000,42.000000,0,5,6723306,654,0,654,-12,0,125,3,0
7,700,21.000000,42.000000,0,5,6723309,657,0,657,-13,0,125,3,0
7,700,21.000000,42.000000,0,5,6723312,661,0,661,-13,0,125,3,0
7,700,21.000000,42.000000,0,5,6723315,664,0,664,-14,0,125,3,0
7,700,21.000000,42.000000,0,5,6723317,668,0,668,-15,0,125,3,0
7,700,21.000000,42.000000,0,5,6723320,671,0,671,-15,0,125,3,0
7,700,21.000000,42.000000,0,5,6723323,676,0,676,-16,0,125,3,0
7,700,21.000000,42.000000,0,5,6723326,681,0,681,-17,0,125,3,0
7,700,21.000000,42.000000,0,5,6723328,686,0,686,-17,0,125,3,0
7,700,21.000000,42.000000,0,5,6723331,692,0,692,-18,0,125,3,0
7,700,21.000000,42.000000,0,5,6723334,696,0,696,-18,0,125,3,0
7,700,21.000000,42.000000,0,5,6723337,701,0,701,-19,0,125,3,0
7,700,21.000000,42.000000,0,5,6723339,707,0,707,-20,0,125,3,0
7,700,21.000000,42.000000,0,5,6723342,713,0,713,-20,0,125,3,0
7,700,21.000000,42.000000,0,5,6723345,720,0,720,-22,0,125,3,0
7,700,21.000000,42.000000,0,5,6723348,726,0,726,-23,0,125,3,0
7,700,21.000000,42.000000,0,5,6723351,732,0,732,-24,0,125,3,0
7,700,21.000000,42.000000,0,5,6723354,743,0,743,-26,0,125,3,0
7,700,21.000000,42.000000,0,5,6723357,749,0,749,-27,0,125,3,0
7,700,21.000000,42.000000,0,5,6723360,756,0,756,-28,0,125,3,0
7,700,21.000000,42.000000,0,5,6723362,766,0,766,-30,0,125,3,0
7,700,21.000000,42.000000,0,5,6723365,774,0,774,-32,0,125,3,0
7,700,21.000000,42.000000,0,5,6723368,780,0,780,-32,0,125,3,0
7,700,21.000000,42.000000,0,5,6723370,788,0,788,-33,0,125,3,0
7,700,21.000000,42.000000,0,5,6723373,800,0,800,-35,0,125,3,0
7,700,21.000000,42.000000,0,5,6723376,810,0,810,-36,0,125,3,0
7,700,21.000000,42.000000,0,5,6723378,819,0,819,-37,0,125,3,0
7,700,21.000000,42.000000,0,5,6723381,829,0,829,-38,0,125,3,0
7,700,21.000000,42.000000,0,5,6723384,839,0,839,-39,0,125,3,0
7,700,21.000000,42.000000,0,5,6723387,848,0,848,-40,0,125,3,0
7,700,21.000000,42.000000,0,5,6723389,855,0,855,-41,0,125,3,0
7,700,21.000000,42.000000,0,5,6723392,860,0,860,-42,0,125,3,0
7,700,21.000000,42.000000,0,5,6723395,872,0,872,-44,0,125,3,0
7,700,21.000000,42.000000,0,5,6723398,881,0,881,-45,0,125,3,0
7,700,21.000000,42.000000,0,5,6723401,887,0,887,-46,0,125,3,0
7,700,21.000000,42.000000,0,5,6723403,893,0,893,-47,0,125,3,0
7,700,21.000000,42.000000,0,5,6723406,905,0,905,-48,0,125,3,0
7,700,21.000000,42.000000,0,5,6723409,913,0,913,-49,0,125,3,0
7,700,21.000000,42.000000,0,5,6723411,920,0,920,-50,0,125,3,0
7,700,21.000000,42.000000,0,5,6723414,924,0,924,-50,0,125,3,0
7,700,21.000000,42.000000,0,5,6723417,931,0,931,-51,0,125,3,0
7,700,21.000000,42.000000,0,5,6723420,938,0,938,-52,0,125,3,0
7,700,21.000000,42.000000,0,5,6723423,951,0,951,-54,0,125,3,0
7,700,21.000000,42.000000,0,5,6723425,957,0,957,-54,0,125,3,0
7,700,21.000000,42.000000,0,5,6723428,964,0,964,-56,0,125,3,0
7,700,21.000000,42.000000,0,5,6723431,970,0,970,-57,0,125,3,0
7,700,21.000000,42.000000,0,5,6723434,972,0,972,-58,0,125,3,0
7,700,21.000000,42.000000,0,5,6723437,981,0,981,-58,0,125,3,0
7,700,21.000000,42.000000,0,5,6723440,985,0,985,-58,0,125,3,0
7,700,21.000000,42.000000,0,5,6723442,990,0,990,-59,0,125,3,0
7,700,21.000000,42.000000,0,5,6723445,995,0,995,-60,0,125,3,0
7,700,21.000000,42.000000,0,5,6723448,997,0,997,-60,0,125,3,0
7,700,21.000000,42.000000,0,5,6723451,1002,0,1002,-60,0,125,3,0
7,700,21.000000,42.000000,0,5,6723453,1005,0,1005,-61,0,125,3,0
7,700,21.000000,42.000000,0,5,6723456,1010,0,1010,-62,0,125,3,0
7,700,21.000000,42.000000,0,5,6723459,1015,0,1015,-62,0,125,3,0
7,700,21.000000,42.000000,0,5,6723462,1022,0,1022,-63,0,125,3,0
7,700,21.000000,42.000000,0,5,6723465,1030,0,1030,-64,0,125,3,0
7,700,21.000000,42.000000,0,5,6723467,1035,0,1035,-65,0,125,3,0
7,700,21.000000,42.000000,0,5,6723470,1042,0,1042,-66,0,125,3,0
7,700,21.000000,42.000000,0,5,6723473,1048,0,1048,-67,0,125,3,0
7,700,21.000000,42.000000,0,5,6723476,1052,0,1052,-68,0,125,3,0
7,700,21.000000,42.000000,0,5,6723479,1056,0,1056,-68,0,125,3,0
7,700,21.000000,42.000000,0,5,6723481,1060,0,1060,-69,0,125,3,0
7,700,21.000000,42.000000,0,5,6723484,1066,0,1066,-70,0,125,3,0
7,700,21.000000,42.000000,0,5,6723487,1068,0,1068,-70,0,125,3,0
7,700,21.000000,42.000000,0,5,6723490,1071,0,1071,-71,0,125,3,0
7,700,21.000000,42.000000,0,5,6723492,1075,0,1075,-71,0,125,3,0
7,700,21.000000,42.000000,0,5,6723495,1081,0,1081,-73,0,125,3,0
7,700,21.000000,42.000000,0,5,6723498,1086,0,1086,-73,0,125,3,0
7,700,21.000000,42.000000,0,5,6723501,1089,0,1089,-73,0,125,3,0
7,700,21.000000,42.000000,0,5,6723503,1094,0,1094,-74,0,125,3,0
7,700,21.000000,42.000000,0,5,6723506,1097,0,1097,-75,0,125,3,0
7,700,21.000000,42.000000,0,5,6723509,1101,0,1101,-76,0,125,3,0
7,700,21.000000,42.000000,0,5,6723512,1105,0,1105,-77,0,125,3,0
7,700,21.000000,42.000000,0,5,6723515,1109,0,1109,-78,0,125,3,0
7,700,21.000000,42.000000,0,5,6723517,1113,0,1113,-79,0,125,3,0
7,700,21.000000,42.000000,0,5,6723520,1116,0,1116,-79,0,125,3,0
7,700,21.000000,42.000000,0,5,6723523,1120,0,1120,-80,0,125,3,0
7,700,21.000000,42.000000,0,5,6723526,1124,0,1124,-82,0,125,3,0
7,700,21.000000,42.000000,0,5,6723529,1258,0,1129,-83,0,125,3,0
7,700,21.000000,42.000000,0,5,6723531,1260,0,1131,-84,0,125,3,0
7,700,21.000000,42.000000,0,5,6723534,1264,0,1135,-85,0,125,3,0
7,700,21.000000,42.000000,0,5,6723537,1270,0,1141,-88,0,125,3,0
7,700,21.000000,42.000000,0,5,6723540,1274,0,1145,-89,0,125,3,0
7,700,21.000000,42.000000,0,5,6723542,1277,0,1148,-90,0,125,3,0
7,700,21.000000,42.000000,0,5,6723545,1282,0,1153,-91,0,125,3,0
7,700,21.000000,42.000000,0,5,6723548,1287,0,1158,-91,0,125,3,0
7,700,21.000000,42.000000,0,5,6723551,1292,0,1163,-93,0,125,3,0
7,700,21.000000,42.000000,0,5,6723554,1297,0,1168,-94,0,125,3,0
7,700,21.000000,42.000000,0,5,6723556,1303,0,1174,-94,0,125,3,0
7,700,21.000000,42.000000,0,5,6723559,1308,0,1179,-96,0,125,3,0
7,700,21.000000,42.000000,0,5,6723562,1311,0,1182,-96,0,125,3,0
7,700,21.000000,42.000000,0,5,6723565,1316,0,1187,-97,0,125,3,0
7,700,21.000000,42.000000,0,5,6723567,1323,0,1194,-98,0,125,3,0
7,700,21.000000,42.000000,0,5,6723570,1327,0,1198,-100,0,125,3,0
7,700,21.000000,42.000000,0,5,6723573,1332,0,1203,-100,0,125,3,0
7,700,21.000000,42.000000,0,5,6723576,1338,0,1209,-102,0,125,3,0
7,700,21.000000,42.000000,0,5,6723579,1342,0,1213,-102,0,125,3,0
7,700,21.000000,42.000000,0,5,6723581,1346,0,1217,-103,0,125,3,0
7,700,21.000000,42.000000,0,5,6723584,1349,0,1220,-104,0,125,3,0
7,700,21.000000,42.000000,0,5,6723587,1350,0,1221,-104,0,125,3,0
7,700,21.000000,42.000000,0,5,6723589,1353,0,1224,-104,0,125,3,0
7,700,21.000000,42.000000,0,5,6723592,1356,0,1227,-105,0,125,3,0
7,700,21.000000,42.000000,0,5,6723595,1358,0,1229,-105,0,125,3,0
7,700,21.000000,42.000000,0,5,6723598,1361,0,1232,-105,0,125,3,0
7,700,21.000000,42.000000,0,5,6723600,1362,0,1233,-106,0,125,3,0
7,700,21.000000,42.000000,0,5,6723603,1364,0,1235,-106,0,125,3,0
7,700,21.000000,42.000000,0,5,6723606,1366,0,1237,-106,0,125,3,0
7,700,21.000000,42.000000,0,5,6723609,1367,0,1238,-106,0,125,3,0
7,700,21.000000,42.000000,0,5,6723612,1369,0,1240,-106,0,125,3,0
7,700,21.000000,42.000000,0,5,6723614,1370,0,1241,-106,0,125,3,0
7,700,21.000000,42.000000,0,5,6723617,1371,0,1242,-107,0,125,3,0
7,700,21.000000,42.000000,0,5,6723620,1372,0,1243,-107,0,125,3,0
7,700,21.000000,42.000000,0,5,6723623,1373,0,1244,-108,0,125,3,0
7,700,21.000000,42.000000,0,5,6723625,1374,0,1245,-108,0,125,3,0
7,700,21.000000,42.000000,0,5,6723628,1375,0,1246,-108,0,125,3,0
7,700,21.000000,42.000000,0,5,6723631,1375,0,1246,-108,0,125,3,0
7,700,21.000000,42.000000,0,5,6723634,1375,0,1246,-108,0,125,3,0
7,700,21.000000,42.000000,0,5,6723637,1376,0,1247,-108,0,125,3,0
7,700,21.000000,42.000000,0,5,6723639,1376,0,1247,-108,0,125,3,0
7,700,21.000000,42.000000,0,5,6723642,1376,0,1247,-108,0,125,3,0
7,700,21.000000,42.000000,0,5,6723645,1376,0,1247,-108,0,125,3,0
7,700,21.000000,42.000000,0,5,6723648,1376,0,1247,-108,0,125,3,0
7,700,21.000000,42.000000,0,5,6723650,1376,0,1247,-108,0,125,3,0
7,700,21.000000,42.000000,0,5,6723653,1376,0,1247,-108,0,125,3,0
7,700,21.000000,42.000000,0,5,6723656,1376,0,1247,-108,0,125,3,0
7,700,21.000000,42.000000,0,5,6723659,1376,0,1247,-108,0,125,3,0
7,700,21.000000,42.000000,0,5,6723661,1376,0,1247,-108,0,125,3,0
7,700,21.000000,42.000000,0,5,6723664,1376,0,1247,-108,0,125,3,0
7,700,21.000000,42.000000,0,5,6723668,1376,0,1247,-108,0,125,3,0
7,700,21.000000,42.000000,0,5,6723670,1376,0,1247,-108,0,125,3,0
7,700,21.000000,42.000000,0,5,6723673,1376,0,1247,-108,0,125,3,0
7,700,21.000000,42.000000,0,5,6723676,1376,0,1247,-108,0,125,3,0
7,700,21.000000,42.000000,0,5,6723679,1376,0,1247,-108,0,125,3,0
7,700,21.000000,42.000000,0,5,6723682,1376,0,1247,-108,0,125,3,0
7,700,21.000000,42.000000,0,5,6723684,1376,0,1247,-108,0,125,3,0
7,700,21.000000,42.000000,0,5,6723687,1376,0,1247,-108,0,125,3,0
7,700,21.000000,42.000000,0,5,6723690,1376,0,1247,-108,0,125,3,0
7,700,21.000000,42.000000,0,5,6723693,1376,0,1247,-108,0,125,3,0
7,700,21.000000,42.000000,0,5,6723695,1376,0,1247,-108,0,125,3,0
7,700,21.000000,42.000000,0,5,6723698,1376,0,1247,-108,0,125,3,0
7,700,21.000000,42.000000,0,5,6723701,1376,0,1247,-108,0,125,3,0
7,700,21.000000,42.000000,0,5,6723704,1376,0,1247,-108,0,125,3,0
7,700,21.000000,42.000000,0,5,6723706,1376,0,1247,-108,0,125,3,0
7,700,21.000000,42.000000,0,5,6723709,1376,0,1247,-108,0,125,3,0
7,700,21.000000,42.000000,0,5,6723712,1376,0,1247,-108,0,125,3,0
7,700,21.000000,42.000000,0,5,6723715,1376,0,1247,-108,0,125,3,0
7,700,21.000000,42.000000,0,5,6723717,1376,0,1247,-108,0,125,3,0
7,700,21.000000,42.000000,0,5,6723720,1376,0,1247,-108,0,125,3,0
7,700,21.000000,42.000000,0,5,6723723,1376,0,1247,-108,0,125,3,0
7,700,21.000000,42.000000,0,5,6723726,1376,0,1247,-108,0,125,3,0
7,700,21.000000,42.000000,0,5,6723729,1376,0,1247,-108,0,125,3,0
7,700,21.000000,42.000000,0,5,6723731,1376,0,1247,-108,0,125,3,0
7,700,21.000000,42.000000,0,5,6723734,1376,0,1247,-108,0,125,3,0
7,700,21.000000,42.000000,0,5,6723737,1376,0,1247,-108,0,125,3,0
7,700,21.000000,42.000000,0,5,6723740,1376,0,1247,-108,0,125,3,0
7,700,21.000000,42.000000,0,5,6723743,1376,0,1247,-108,0,125,3,0
7,700,21.000000,42.000000,0,5,6723745,1376,0,1247,-108,0,125,3,0
7,700,21.000000,42.000000,0,5,6723748,1376,0,1247,-108,0,125,3,0
7,700,21.000000,42.000000,0,5,6723751,1376,0,1247,-108,0,125,3,0
7,700,21.000000,42.000000,0,5,6723754,1376,0,1247,-108,0,125,3,0
7,700,21.000000,42.000000,0,5,6723756,1376,0,1247,-108,0,125,3,0
7,700,21.000000,42.000000,0,5,6723759,1376,0,1247,-108,0,125,3,0
7,700,21.000000,42.000000,0,5,6723762,1376,0,1247,-108,0,125,3,0
7,700,21.000000,42.000000,0,5,6723765,1376,0,1247,-108,0,125,3,0
7,700,21.000000,42.000000,0,5,6723768,1376,0,1247,-108,0,125,3,0
7,700,21.000000,42.000000,0,5,6723770,1376,0,1247,-108,0,125,3,0
7,700,21.000000,42.000000,0,5,6723773,1376,0,1247,-108,0,125,3,0
7,700,21.000000,42.000000,0,5,6723776,1376,0,1247,-108,0,125,3,0
7,700,21.000000,42.000000,0,5,6723779,1376,0,1247,-108,0,125,3,0
7,700,21.000000,42.000000,0,5,6723782,1376,0,1247,-108,0,125,3,0
7,700,21.000000,42.000000,0,5,6723784,1375,0,1246,-108,0,125,3,0
7,700,21.000000,42.000000,0,5,6723787,1374,0,1245,-108,0,125,3,0
7,700,21.000000,42.000000,0,5,6723790,1373,0,1244,-108,0,125,3,0
7,700,21.000000,42.000000,0,5,6723793,1372,0,1243,-108,0,125,3,0
7,700,21.000000,42.000000,0,5,6723795,1371,0,1242,-108,0,125,3,0
7,700,21.000000,42.000000,0,5,6723798,1370,0,1241,-108,0,125,3,0
7,700,21.000000,42.000000,0,5,6723801,1369,0,1240,-108,0,125,3,0
7,700,21.000000,42.000000,0,5,6723804,1368,0,1239,-109,0,125,3,0
7,700,21.000000,42.000000,0,5,6723807,1366,0,1237,-110,0,125,3,0
7,700,21.000000,42.000000,0,5,6723809,1365,0,1236,-110,0,125,3,0
7,700,21.000000,42.000000,0,5,6723812,1364,0,1235,-110,0,125,3,0
7,700,21.000000,42.000000,0,5,6723815,1363,0,1234,-110,0,125,3,0
7,700,21.000000,42.000000,0,5,6723818,1362,0,1233,-110,0,125,3,0
7,700,21.000000,42.000000,0,5,6723820,1361,0,1232,-110,0,125,3,0
7,700,21.000000,42.000000,0,5,6723823,1359,0,1230,-110,0,125,3,0
7,700,21.000000,42.000000,0,5,6723826,1357,0,1228,-110,0,125,3,0
7,700,21.000000,42.000000,0,5,6723829,1356,0,1227,-110,0,125,3,0
7,700,21.000000,42.000000,0,5,6723832,1355,0,1226,-110,0,125,3,0
7,700,21.000000,42.000000,0,5,6723834,1354,0,1225,-110,0,125,3,0
7,700,21.000000,42.000000,0,5,6723837,1352,0,1223,-110,0,125,3,0
7,700,21.000000,42.000000,0,5,6723840,1351,0,1222,-111,0,125,3,0
7,700,21.000000,42.000000,0,5,6723843,1349,0,1220,-111,0,125,3,0
7,700,21.000000,42.000000,0,5,6723845,1347,0,1218,-111,0,125,3,0
7,700,21.000000,42.000000,0,5,6723848,1346,0,1217,-111,0,125,3,0
7,700,21.000000,42.000000,0,5,6723851,1345,0,1216,-111,0,125,3,0
7,700,21.000000,42.000000,0,5,6723854,1344,0,1215,-111,0,125,3,0
7,700,21.000000,42.000000,0,5,6723856,1343,0,1214,-111,0,125,3,0
7,700,21.000000,42.000000,0,5,6723859,1342,0,1213,-111,0,125,3,0
7,700,21.000000,42.000000,0,5,6723862,1341,0,1212,-111,0,125,3,0
7,700,21.000000,42.000000,0,5,6723865,1339,0,1210,-111,0,125,3,0
7,700,21.000000,42.000000,0,5,6723868,1337,0,1208,-111,0,125,3,0
7,700,21.000000,42.000000,0,5,6723870,1336,0,1207,-111,0,125,3,0
7,700,21.000000,42.000000,0,5,6723873,1335,0,1206,-111,0,125,3,0
7,700,21.000000,42.000000,0,5,6723876,1334,0,1205,-112,0,125,3,0
7,700,21.000000,42.000000,0,5,6723879,1333,0,1204,-113,0,125,3,0
7,700,21.000000,42.000000,0,5,6723881,1331,0,1202,-113,0,125,3,0
7,700,21.000000,42.000000,0,5,6723884,1330,0,1201,-113,0,125,3,0
7,700,21.000000,42.000000,0,5,6723887,1328,0,1199,-113,0,125,3,0
7,700,21.000000,42.000000,0,5,6723890,1327,0,1198,-113,0,125,3,0
7,700,21.000000,42.000000,0,5,6723892,1327,0,1198,-114,0,125,3,0
7,700,21.000000,42.000000,0,5,6723895,1326,0,1197,-114,0,125,3,0
7,700,21.000000,42.000000,0,5,6723898,1325,0,1196,-114,0,125,3,0
7,700,21.000000,42.000000,0,5,6723901,1324,0,1195,-114,0,125,3,0
7,700,21.000000,42.000000,0,5,6723903,1323,0,1194,-114,0,125,3,0
7,700,21.000000,42.000000,0,5,6723906,1322,0,1193,-114,0,125,3,0
7,700,21.000000,42.000000,0,5,6723909,1321,0,1192,-114,0,125,3,0
7,700,21.000000,42.000000,0,5,6723912,1320,0,1191,-114,0,125,3,0
7,700,21.000000,42.000000,0,5,6723915,1319,0,1190,-114,0,125,3,0
7,700,21.000000,42.000000,0,5,6723917,1319,0,1190,-114,0,125,3,0
7,700,21.000000,42.000000,0,5,6723920,1319,0,1190,-114,0,125,3,0
7,700,21.000000,42.000000,0,5,6723923,1319,0,1190,-114,0,125,3,0
7,700,21.000000,42.000000,0,5,6723926,1319,0,1190,-114,0,125,3,0
7,700,21.000000,42.000000,0,5,6723928,1319,0,1190,-114,0,125,3,0
7,700,21.000000,42.000000,0,5,6723931,1319,0,1190,-114,0,125,3,0
7,700,21.000000,42.000000,0,5,6723934,1319,0,1190,-114,0,125,3,0
7,700,21.000000,42.000000,0,5,6723937,1319,0,1190,-114,0,125,3,0
7,700,21.000000,42.000000,0,5,6723940,1319,0,1190,-114,0,125,3,0
7,700,21.000000,42.000000,0,5,6723942,1319,0,1190,-114,0,125,3,0
7,700,21.000000,42.000000,0,5,6723945,1319,0,1190,-114,0,125,3,0
7,700,21.000000,42.000000,0,5,6723948,1319,0,1190,-114,0,125,3,0
7,700,21.000000,42.000000,0,5,6723951,1319,0,1190,-114,0,125,3,0
7,700,21.000000,42.000000,0,5,6723954,1319,0,1190,-114,0,125,3,0
7,700,21.000000,42.000000,0,5,6723956,1319,0,1190,-114,0,125,3,0
7,700,21.000000,42.000000,0,5,6723959,1319,0,1190,-114,0,125,3,0
7,700,21.000000,42.000000,0,5,6723962,1319,0,1190,-114,0,125,3,0
7,700,21.000000,42.000000,0,5,6723965,1319,0,1190,-114,0,125,3,0
7,700,21.000000,42.000000,0,5,6723967,1319,0,1190,-114,0,125,3,0
7,700,21.000000,42.000000,0,5,6723970,1319,0,1190,-114,0,125,3,0
7,700,21.000000,42.000000,0,5,6723973,1319,0,1190,-114,0,125,3,0
7,700,21.000000,42.000000,0,5,6723976,1319,0,1190,-114,0,125,3,0
7,700,21.000000,42.000000,0,5,6723979,1319,0,1190,-114,0,125,3,0
7,700,21.000000,42.000000,0,5,6723981,1319,0,1190,-114,0,125,3,0
7,700,21.000000,42.000000,0,5,6723984,1319,0,1190,-114,0,125,3,0
7,700,21.000000,42.000000,0,5,6723987,1319,0,1190,-114,0,125,3,0
7,700,21.000000,42.000000,0,5,6723990,1319,0,1190,-114,0,125,3,0
7,700,21.000000,42.000000,0,5,6723992,1319,0,1190,-114,0,125,3,0
7,700,21.000000,42.000000,0,5,6723995,1319,0,1190,-114,0,125,3,0
7,700,21.000000,42.000000,0,5,6723998,1319,0,1190,-114,0,125,3,0
7,700,21.000000,42.000000,0,5,6724001,1319,0,1190,-114,0,125,3,0
7,700,21.000000,42.000000,0,5,6724004,1319,0,1190,-114,0,125,3,0
7,700,21.000000,42.000000,0,5,6724006,1319,0,1190,-114,0,125,3,0
7,700,21.000000,42.000000,0,5,6724009,1319,0,1190,-114,0,125,3,0
7,700,21.000000,42.000000,0,5,6724012,1319,0,1190,-114,0,125,3,0
7,700,21.000000,42.000000,0,5,6724015,1319,0,1190,-114,0,125,3,0
7,700,21.000000,42.000000,0,5,6724017,1319,0,1190,-114,0,125,3,0
7,700,21.000000,42.000000,0,5,6724020,1319,0,1190,-114,0,125,3,0
7,700,21.000000,42.000000,0,5,6724023,1319,0,1190,-114,0,125,3,0
7,700,21.000000,42.000000,0,5,6724026,1319,0,1190,-114,0,125,3,0
7,700,21.000000,42.000000,0,5,6724029,1319,0,1190,-114,0,125,3,0
7,700,21.000000,42.000000,0,5,6724031,1319,0,1190,-114,0,125,3,0
7,700,21.000000,42.000000,0,5,6724034,1319,0,1190,-114,0,125,3,0
7,700,21.000000,42.000000,0,5,6724037,1319,0,1190,-114,0,125,3,0
7,700,21.000000,42.000000,0,5,6724040,1319,0,1190,-114,0,125,3,0
7,700,21.000000,42.000000,0,5,6724043,1319,0,1190,-114,0,125,3,0
7,700,21.000000,42.000000,0,5,6724046,1319,0,1190,-114,0,125,3,0
7,700,21.000000,42.000000,0,5,6724048,1319,0,1190,-114,0,125,3,0
7,700,21.000000,42.000000,0,5,6724051,1319,0,1190,-114,0,125,3,0
7,700,21.000000,42.000000,0,5,6724054,1319,0,1190,-114,0,125,3,0
7,700,21.000000,42.000000,0,5,6724057,1319,0,1190,-114,0,125,3,0
7,700,21.000000,42.000000,0,5,6724059,1319,0,1190,-114,0,125,3,0
7,700,21.000000,42.000000,0,5,6724062,1319,0,1190,-114,0,125,3,0
7,700,21.000000,42.000000,0,5,6724065,1319,0,1190,-114,0,125,3,0
7,700,21.000000,42.000000,0,5,6724068,1319,0,1190,-114,0,125,3,0
7,700,21.000000,42.000000,0,5,6724071,1319,0,1190,-114,0,125,3,0
7,700,21.000000,42.000000,0,5,6724073,1319,0,1190,-114,0,125,3,0
7,700,21.000000,42.000000,0,5,6724076,1319,0,1190,-114,0,125,3,0
7,700,21.000000,42.000000,0,5,6724079,1319,0,1190,-114,0,125,3,0
7,700,21.000000,42.000000,0,5,6724082,1319,0,1190,-114,0,125,3,0
7,700,21.000000,42.000000,0,5,6724084,1319,0,1190,-114,0,125,3,0
7,700,21.000000,42.000000,0,5,6724098,1319,0,1190,-114,0,125,3,0
