7,350,21.000000,0.000000,0,5,6851725,792,0,792,0,0,134,1,0
7,350,21.000000,0.000000,0,5,6851726,792,0,792,0,0,134,1,0
7,350,21.000000,0.000000,0,5,6851729,792,0,792,0,0,134,1,0
7,350,21.000000,0.000000,0,5,6851732,792,0,792,0,0,134,1,0
7,350,21.000000,0.000000,0,5,6851735,792,0,792,0,0,134,1,0
7,350,21.000000,0.000000,0,5,6851737,792,0,792,0,0,134,1,0
7,350,21.000000,0.000000,0,5,6851740,792,0,792,0,0,134,1,0
7,350,21.000000,0.000000,0,5,6851743,792,0,792,0,0,134,1,0
7,350,21.000000,0.000000,0,5,6851746,792,0,792,0,0,134,1,0
7,350,21.000000,0.000000,0,5,6851748,792,0,792,0,0,134,1,0
7,350,21.000000,0.000000,0,5,6851751,792,0,792,0,0,134,1,0
7,350,21.000000,0.000000,0,5,6851754,792,0,792,0,0,134,1,0
7,350,21.000000,0.000000,0,5,6851757,792,0,792,0,0,134,1,0
7,350,21.000000,0.000000,0,5,6851760,792,0,792,0,0,134,1,0
7,350,21.000000,0.000000,0,5,6851763,792,0,792,0,0,134,1,0
7,350,21.000000,0.000000,0,5,6851765,792,0,792,0,0,134,1,0
7,350,21.000000,0.000000,0,5,6851768,792,0,792,0,0,134,1,0
7,350,21.000000,0.000000,0,5,6851771,792,0,792,0,0,134,1,0
7,350,21.000000,0.000000,0,5,6851773,792,0,792,0,0,134,1,0
7,350,21.000000,0.000000,0,5,6851776,792,0,792,0,0,134,1,0
7,350,21.000000,0.000000,0,5,6851779,792,0,792,0,0,134,1,0
7,350,21.000000,0.000000,0,5,6851782,792,0,792,0,0,134,1,0
7,350,21.000000,0.000000,0,5,6851785,792,0,792,0,0,134,1,0
7,350,21.000000,0.000000,0,5,6851787,792,0,792,0,0,134,1,0
7,350,21.000000,0.000000,0,5,6851790,792,0,792,0,0,134,1,0
7,350,21.000000,0.000000,0,5,6851793,792,0,792,0,0,134,1,0
7,350,21.000000,0.000000,0,5,6851796,792,0,792,0,0,134,1,0
7,350,21.000000,0.000000,0,5,6851798,792,0,792,0,0,134,1,0
7,350,21.000000,0.000000,0,5,6851802,792,0,792,0,0,134,1,0
7,350,21.000000,0.000000,0,5,6851804,792,0,792,0,0,134,1,0
7,350,21.000000,0.000000,0,5,6851807,792,0,792,0,0,134,1,0
7,350,21.000000,0.000000,0,5,6851810,792,0,792,0,0,134,1,0
7,350,21.000000,0.000000,0,5,6851813,792,0,792,0,0,134,1,0
7,350,21.000000,0.000000,0,5,6851815,792,0,792,0,0,134,1,0
7,350,21.000000,0.000000,0,5,6851818,792,0,792,0,0,134,1,0
7,350,21.000000,0.000000,0,5,6851821,792,0,792,0,0,134,1,0
7,350,21.000000,0.000000,0,5,6851824,792,0,792,0,0,134,1,0
7,350,21.000000,0.000000,0,5,6851827,792,0,792,0,0,134,1,0
7,350,21.000000,0.000000,0,5,6851829,792,0,792,0,0,134,1,0
7,350,21.000000,0.000000,0,5,6851832,792,0,792,0,0,134,1,0
7,350,21.000000,0.000000,0,5,6851835,792,0,792,0,0,134,1,0
7,350,21.000000,0.000000,0,5,6851838,792,0,792,0,0,134,1,0
7,350,21.000000,0.000000,0,5,6851840,792,0,792,0,0,134,1,0
7,350,21.000000,0.000000,0,5,6851843,792,0,792,0,0,134,1,0
7,350,21.000000,0.000000,0,5,6851846,792,0,792,0,0,134,1,0
7,350,21.000000,0.000000,0,5,6851849,792,0,792,0,0,134,1,0
7,350,21.000000,0.000000,0,5,6851851,792,0,792,0,0,134,1,0
7,350,21.000000,0.000000,0,5,6851854,792,0,792,0,0,134,1,0
7,350,21.000000,0.000000,0,5,6851857,792,0,792,0,0,134,1,0
7,350,21.000000,0.000000,0,5,6851860,792,0,792,0,0,134,1,0
7,350,21.000000,0.000000,0,5,6851862,792,0,792,0,0,134,1,0
7,350,21.000000,0.000000,0,5,6851865,792,0,792,0,0,134,1,0
7,350,21.000000,0.000000,0,5,6851868,792,0,792,0,0,134,1,0
7,350,21.000000,0.000000,0,5,6851870,792,0,792,0,0,134,1,0
7,350,21.000000,0.000000,0,5,6851873,792,0,792,0,0,134,1,0
7,350,21.000000,0.000000,0,5,6851876,792,0,792,0,0,134,1,0
7,350,21.000000,0.000000,0,5,6851879,792,0,792,0,0,134,1,0
7,350,21.000000,0.000000,0,5,6851882,792,0,792,0,0,134,1,0
7,350,21.000000,0.000000,0,5,6851884,792,0,792,0,0,134,1,0
7,350,21.000000,0.000000,0,5,6851888,792,0,792,0,0,134,1,0
7,350,21.000000,0.000000,0,5,6851890,792,0,792,0,0,134,1,0
7,350,21.000000,0.000000,0,5,6851893,792,0,792,0,0,134,1,0
7,350,21.000000,0.000000,0,5,6851896,792,0,792,0,0,134,1,0
7,350,21.000000,0.000000,0,5,6851899,792,0,792,0,0,134,1,0
7,350,21.000000,0.000000,0,5,6851901,792,0,792,0,0,134,1,0
7,350,21.000000,0.000000,0,5,6851904,792,0,792,0,0,134,1,0
7,350,21.000000,0.000000,0,5,6851907,792,0,792,0,0,134,1,0
7,350,21.000000,0.000000,0,5,6851910,792,0,792,0,0,134,1,0
7,350,21.000000,0.000000,0,5,6851913,793,0,793,0,0,134,1,0
7,350,21.000000,0.000000,0,5,6851915,794,0,794,0,0,134,1,0
7,350,21.000000,0.000000,0,5,6851918,794,0,794,0,0,134,1,0
7,350,21.000000,0.000000,0,5,6851921,795,0,795,0,0,134,1,0
7,350,21.000000,0.000000,0,5,6851924,796,0,796,0,0,134,1,0
7,350,21.000000,0.000000,0,5,6851926,797,0,797,0,0,134,1,0
7,350,21.000000,0.000000,0,5,6851929,798,0,798,0,0,134,1,0
7,350,21.000000,0.000000,0,5,6851932,800,0,800,-1,0,134,1,0
7,350,21.000000,0.000000,0,5,6851935,801,0,801,-1,0,134,1,0
7,350,21.000000,0.000000,0,5,6851937,803,0,803,-1,0,134,1,0
7,350,21.000000,0.000000,0,5,6851940,804,0,804,-2,0,134,1,0
7,350,21.000000,0.000000,0,5,6851943,806,0,806,-2,0,134,1,0
7,350,21.000000,0.000000,0,5,6851946,809,0,809,-2,0,134,1,0
7,350,21.000000,0.000000,0,5,6851949,812,0,812,-3,0,134,1,0
7,350,21.000000,0.000000,0,5,6851951,815,0,815,-4,0,134,1,0
7,350,21.000000,0.000000,0,5,6851954,818,0,818,-5,0,134,1,0
7,350,21.000000,0.000000,0,5,6851957,822,0,822,-5,0,134,1,0
7,350,21.000000,0.000000,0,5,6851960,826,0,826,-7,0,134,1,0
7,350,21.000000,0.000000,0,5,6851963,831,0,831,-8,0,134,1,0
7,350,21.000000,0.000000,0,5,6851965,835,0,835,-9,0,134,1,0
7,350,21.000000,0.000000,0,5,6851968,841,0,841,-10,0,134,1,0
7,350,21.000000,0.000000,0,5,6851971,848,0,848,-11,0,134,1,0
7,350,21.000000,0.000000,0,5,6851974,852,0,852,-12,0,134,1,0
7,350,21.000000,0.000000,0,5,6851976,858,0,858,-13,0,134,1,0
7,350,21.000000,0.000000,0,5,6851979,873,0,873,-16,0,134,1,0
7,350,21.000000,0.000000,0,5,6851982,882,0,882,-18,0,134,1,0
7,350,21.000000,0.000000,0,5,6851985,890,0,890,-19,0,134,1,0
7,350,21.000000,0.000000,0,5,6851987,893,0,893,-20,0,134,1,0
7,350,21.000000,0.000000,0,5,6851990,905,0,905,-23,0,134,1,0
7,350,21.000000,0.000000,0,5,6851993,913,0,913,-24,0,134,1,0
7,350,21.000000,0.000000,0,5,6851996,918,0,918,-25,0,134,1,0
7,350,21.000000,0.000000,0,5,6851999,926,0,926,-27,0,134,1,0
7,350,21.000000,0.000000,0,5,6852001,933,0,933,-29,0,134,1,0
7,350,21.000000,0.000000,0,5,6852004,942,0,942,-30,0,134,1,0
7,350,21.000000,0.000000,0,5,6852007,949,0,949,-32,0,134,1,0
7,350,21.000000,0.000000,0,5,6852010,956,0,956,-33,0,134,1,0
7,350,21.000000,0.000000,0,5,6852012,961,0,961,-34,0,134,1,0
7,350,21.000000,0.000000,0,5,6852015,969,0,969,-36,0,134,1,0
7,350,21.000000,0.000000,0,5,6852018,974,0,974,-37,0,134,1,0
7,350,21.000000,0.000000,0,5,6852021,980,0,980,-38,0,134,1,0
7,350,21.000000,0.000000,0,5,6852024,986,0,986,-38,0,134,1,0
7,350,21.000000,0.000000,0,5,6852027,993,0,993,-40,0,134,1,0
7,350,21.000000,0.000000,0,5,6852029,1127,0,998,-40,0,134,1,0
7,350,21.000000,0.000000,0,5,6852032,1132,0,1003,-41,0,134,1,0
7,350,21.000000,0.000000,0,5,6852035,1137,0,1008,-42,0,134,1,0
7,350,21.000000,0.000000,0,5,6852038,1141,0,1012,-42,0,134,1,0
7,350,21.000000,0.000000,0,5,6852040,1146,0,1017,-43,0,134,1,0
7,350,21.000000,0.000000,0,5,6852043,1149,0,1020,-44,0,134,1,0
7,350,21.000000,0.000000,0,5,6852046,1153,0,1024,-44,0,134,1,0
7,350,21.000000,0.000000,0,5,6852049,1156,0,1027,-45,0,134,1,0
7,350,21.000000,0.000000,0,5,6852051,1158,0,1029,-46,0,134,1,0
7,350,21.000000,0.000000,0,5,6852054,1159,0,1030,-46,0,134,1,0
7,350,21.000000,0.000000,0,5,6852057,1161,0,1032,-47,0,134,1,0
7,350,21.000000,0.000000,0,5,6852060,1163,0,1034,-47,0,134,1,0
7,350,21.000000,0.000000,0,5,6852062,1164,0,1035,-47,0,134,1,0
7,350,21.000000,0.000000,0,5,6852065,1165,0,1036,-48,0,134,1,0
7,350,21.000000,0.000000,0,5,6852068,1166,0,1037,-49,0,134,1,0
7,350,21.000000,0.000000,0,5,6852071,1167,0,1038,-49,0,134,1,0
7,350,21.000000,0.000000,0,5,6852074,1168,0,1039,-49,0,134,1,0
7,350,21.000000,0.000000,0,5,6852076,1168,0,1039,-49,0,134,1,0
7,350,21.000000,0.000000,0,5,6852079,1168,0,1039,-49,0,134,1,0
7,350,21.000000,0.000000,0,5,6852082,1168,0,1039,-49,0,134,1,0
7,350,21.000000,0.000000,0,5,6852085,1168,0,1039,-49,0,134,1,0
7,350,21.000000,0.000000,0,5,6852088,1168,0,1039,-49,0,134,1,0
7,350,21.000000,0.000000,0,5,6852090,1168,0,1039,-49,0,134,1,0
7,350,21.000000,0.000000,0,5,6852093,1168,0,1039,-49,0,134,1,0
7,350,21.000000,0.000000,0,5,6852096,1168,0,1039,-49,0,134,1,0
7,350,21.000000,0.000000,0,5,6852099,1168,0,1039,-49,0,134,1,0
7,350,21.000000,0.000000,0,5,6852101,1168,0,1039,-49,0,134,1,0
7,350,21.000000,0.000000,0,5,6852104,1168,0,1039,-49,0,134,1,0
7,350,21.000000,0.000000,0,5,6852107,1168,0,1039,-49,0,134,1,0
7,350,21.000000,0.000000,0,5,6852110,1168,0,1039,-49,0,134,1,0
7,350,21.000000,0.000000,0,5,6852113,1168,0,1039,-49,0,134,1,0
7,350,21.000000,0.000000,0,5,6852115,1168,0,1039,-49,0,134,1,0
7,350,21.000000,0.000000,0,5,6852118,1168,0,1039,-49,0,134,1,0
7,350,21.000000,0.000000,0,5,6852121,1168,0,1039,-49,0,134,1,0
7,350,21.000000,0.000000,0,5,6852124,1168,0,1039,-49,0,134,1,0
7,350,21.000000,0.000000,0,5,6852126,1168,0,1039,-49,0,134,1,0
7,350,21.000000,0.000000,0,5,6852130,1168,0,1039,-50,0,134,1,0
7,350,21.000000,0.000000,0,5,6852132,1168,0,1039,-51,0,134,1,0
7,350,21.000000,0.000000,0,5,6852135,1168,0,1039,-51,0,134,1,0
7,350,21.000000,0.000000,0,5,6852138,1168,0,1039,-51,0,134,1,0
7,350,21.000000,0.000000,0,5,6852141,1168,0,1039,-51,0,134,1,0
7,350,21.000000,0.000000,0,5,6852144,1168,0,1039,-51,0,134,1,0
7,350,21.000000,0.000000,0,5,6852146,1168,0,1039,-52,0,134,1,0
7,350,21.000000,0.000000,0,5,6852149,1168,0,1039,-52,0,134,1,0
7,350,21.000000,0.000000,0,5,6852152,1168,0,1039,-52,0,134,1,0
7,350,21.000000,0.000000,0,5,6852154,1168,0,1039,-52,0,134,1,0
7,350,21.000000,0.000000,0,5,6852157,1168,0,1039,-52,0,134,1,0
7,350,21.000000,0.000000,0,5,6852160,1168,0,1039,-53,0,134,1,0
7,350,21.000000,0.000000,0,5,6852163,1168,0,1039,-54,0,134,1,0
7,350,21.000000,0.000000,0,5,6852166,1168,0,1039,-55,0,134,1,0
7,350,21.000000,0.000000,0,5,6852168,1169,0,1040,-56,0,134,1,0
7,350,21.000000,0.000000,0,5,6852171,1169,0,1040,-56,0,134,1,0
7,350,21.000000,0.000000,0,5,6852174,1169,0,1040,-56,0,134,1,0
7,350,21.000000,0.000000,0,5,6852177,1169,0,1040,-56,0,134,1,0
7,350,21.000000,0.000000,0,5,6852180,1169,0,1040,-57,0,134,1,0
7,350,21.000000,0.000000,0,5,6852182,1169,0,1040,-58,0,134,1,0
7,350,21.000000,0.000000,0,5,6852185,1169,0,1040,-58,0,134,1,0
7,350,21.000000,0.000000,0,5,6852188,1169,0,1040,-58,0,134,1,0
7,350,21.000000,0.000000,0,5,6852191,1169,0,1040,-58,0,134,1,0
7,350,21.000000,0.000000,0,5,6852193,1169,0,1040,-59,0,134,1,0
7,350,21.000000,0.000000,0,5,6852196,1169,0,1040,-60,0,134,1,0
7,350,21.000000,0.000000,0,5,6852199,1170,0,1041,-60,0,134,1,0
7,350,21.000000,0.000000,0,5,6852202,1170,0,1041,-61,0,134,1,0
7,350,21.000000,0.000000,0,5,6852205,1170,0,1041,-62,0,134,1,0
7,350,21.000000,0.000000,0,5,6852207,1170,0,1041,-63,0,134,1,0
7,350,21.000000,0.000000,0,5,6852210,1170,0,1041,-63,0,134,1,0
7,350,21.000000,0.000000,0,5,6852213,1170,0,1041,-64,0,134,1,0
7,350,21.000000,0.000000,0,5,6852216,1170,0,1041,-65,0,134,1,0
7,350,21.000000,0.000000,0,5,6852218,1170,0,1041,-65,0,134,1,0
7,350,21.000000,0.000000,0,5,6852221,1170,0,1041,-65,0,134,1,0
7,350,21.000000,0.000000,0,5,6852224,1170,0,1041,-66,0,134,1,0
7,350,21.000000,0.000000,0,5,6852227,1170,0,1041,-66,0,134,1,0
7,350,21.000000,0.000000,0,5,6852230,1170,0,1041,-66,0,134,1,0
7,350,21.000000,0.000000,0,5,6852232,1170,0,1041,-67,0,134,1,0
7,350,21.000000,0.000000,0,5,6852235,1170,0,1041,-68,0,134,1,0
7,350,21.000000,0.000000,0,5,6852238,1170,0,1041,-68,0,134,1,0
7,350,21.000000,0.000000,0,5,6852241,1170,0,1041,-68,0,134,1,0
7,350,21.000000,0.000000,0,5,6852243,1170,0,1041,-68,0,134,1,0
7,350,21.000000,0.000000,0,5,6852246,1170,0,1041,-69,0,134,1,0
7,350,21.000000,0.000000,0,5,6852249,1170,0,1041,-70,0,134,1,0
7,350,21.000000,0.000000,0,5,6852252,1170,0,1041,-71,0,134,1,0
7,350,21.000000,0.000000,0,5,6852255,1170,0,1041,-72,0,134,1,0
7,350,21.000000,0.000000,0,5,6852257,1170,0,1041,-72,0,134,1,0
7,350,21.000000,0.000000,0,5,6852260,1170,0,1041,-73,0,134,1,0
7,350,21.000000,0.000000,0,5,6852263,1170,0,1041,-74,0,134,1,0
7,350,21.000000,0.000000,0,5,6852266,1170,0,1041,-74,0,134,1,0
7,350,21.000000,0.000000,0,5,6852268,1170,0,1041,-75,0,134,1,0
7,350,21.000000,0.000000,0,5,6852271,1170,0,1041,-76,0,134,1,0
7,350,21.000000,0.000000,0,5,6852274,1169,0,1040,-76,0,134,1,0
7,350,21.000000,0.000000,0,5,6852277,1168,0,1039,-76,0,134,1,0
7,350,21.000000,0.000000,0,5,6852279,1167,0,1038,-77,0,134,1,0
7,350,21.000000,0.000000,0,5,6852282,1167,0,1038,-78,0,134,1,0
7,350,21.000000,0.000000,0,5,6852285,1166,0,1037,-78,0,134,1,0
7,350,21.000000,0.000000,0,5,6852288,1165,0,1036,-78,0,134,1,0
7,350,21.000000,0.000000,0,5,6852290,1164,0,1035,-78,0,134,1,0
7,350,21.000000,0.000000,0,5,6852293,1163,0,1034,-78,0,134,1,0
7,350,21.000000,0.000000,0,5,6852296,1162,0,1033,-78,0,134,1,0
7,350,21.000000,0.000000,0,5,6852299,1161,0,1032,-78,0,134,1,0
7,350,21.000000,0.000000,0,5,6852302,1161,0,1032,-79,0,134,1,0
7,350,21.000000,0.000000,0,5,6852305,1160,0,1031,-79,0,134,1,0
7,350,21.000000,0.000000,0,5,6852307,1159,0,1030,-79,0,134,1,0
7,350,21.000000,0.000000,0,5,6852310,1158,0,1029,-79,0,134,1,0
7,350,21.000000,0.000000,0,5,6852313,1157,0,1028,-79,0,134,1,0
7,350,21.000000,0.000000,0,5,6852316,1156,0,1027,-79,0,134,1,0
7,350,21.000000,0.000000,0,5,6852319,1155,0,1026,-79,0,134,1,0
7,350,21.000000,0.000000,0,5,6852321,1155,0,1026,-79,0,134,1,0
7,350,21.000000,0.000000,0,5,6852324,1154,0,1025,-80,0,134,1,0
7,350,21.000000,0.000000,0,5,6852327,1153,0,1024,-81,0,134,1,0
7,350,21.000000,0.000000,0,5,6852330,1152,0,1023,-81,0,134,1,0
7,350,21.000000,0.000000,0,5,6852332,1151,0,1022,-81,0,134,1,0
7,350,21.000000,0.000000,0,5,6852335,1151,0,1022,-82,0,134,1,0
7,350,21.000000,0.000000,0,5,6852338,1150,0,1021,-82,0,134,1,0
7,350,21.000000,0.000000,0,5,6852341,1149,0,1020,-82,0,134,1,0
7,350,21.000000,0.000000,0,5,6852343,1148,0,1019,-82,0,134,1,0
7,350,21.000000,0.000000,0,5,6852346,1148,0,1019,-82,0,134,1,0
7,350,21.000000,0.000000,0,5,6852349,1148,0,1019,-82,0,134,1,0
7,350,21.000000,0.000000,0,5,6852352,1147,0,1018,-82,0,134,1,0
7,350,21.000000,0.000000,0,5,6852355,1147,0,1018,-82,0,134,1,0
7,350,21.000000,0.000000,0,5,6852357,1147,0,1018,-82,0,134,1,0
7,350,21.000000,0.000000,0,5,6852360,1146,0,1017,-82,0,134,1,0
7,350,21.000000,0.000000,0,5,6852363,1145,0,1016,-82,0,134,1,0
7,350,21.000000,0.000000,0,5,6852366,1145,0,1016,-82,0,134,1,0
7,350,21.000000,0.000000,0,5,6852369,1145,0,1016,-82,0,134,1,0
7,350,21.000000,0.000000,0,5,6852371,1145,0,1016,-83,0,134,1,0
7,350,21.000000,0.000000,0,5,6852374,1145,0,1016,-83,0,134,1,0
7,350,21.000000,0.000000,0,5,6852377,1144,0,1015,-83,0,134,1,0
7,350,21.000000,0.000000,0,5,6852380,1143,0,1014,-83,0,134,1,0
7,350,21.000000,0.000000,0,5,6852382,1143,0,1014,-83,0,134,1,0
7,350,21.000000,0.000000,0,5,6852385,1143,0,1014,-83,0,134,1,0
7,350,21.000000,0.000000,0,5,6852388,1143,0,1014,-83,0,134,1,0
7,350,21.000000,0.000000,0,5,6852391,1143,0,1014,-83,0,134,1,0
7,350,21.000000,0.000000,0,5,6852394,1143,0,1014,-83,0,134,1,0
7,350,21.000000,0.000000,0,5,6852396,1143,0,1014,-83,0,134,1,0
7,350,21.000000,0.000000,0,5,6852399,1143,0,1014,-83,0,134,1,0
7,350,21.000000,0.000000,0,5,6852402,1143,0,1014,-83,0,134,1,0
7,350,21.000000,0.000000,0,5,6852405,1143,0,1014,-83,0,134,1,0
7,350,21.000000,0.000000,0,5,6852408,1143,0,1014,-83,0,134,1,0
7,350,21.000000,0.000000,0,5,6852410,1143,0,1014,-83,0,134,1,0
7,350,21.000000,0.000000,0,5,6852413,1143,0,1014,-83,0,134,1,0
7,350,21.000000,0.000000,0,5,6852416,1143,0,1014,-83,0,134,1,0
7,350,21.000000,0.000000,0,5,6852419,1143,0,1014,-83,0,134,1,0
7,350,21.000000,0.000000,0,5,6852421,1143,0,1014,-83,0,134,1,0
7,350,21.000000,0.000000,0,5,6852424,1143,0,1014,-83,0,134,1,0
7,350,21.000000,0.000000,0,5,6852427,1143,0,1014,-83,0,134,1,0
7,350,21.000000,0.000000,0,5,6852429,1143,0,1014,-83,0,134,1,0
7,350,21.000000,0.000000,0,5,6852432,1143,0,1014,-83,0,134,1,0
7,350,21.000000,0.000000,0,5,6852435,1143,0,1014,-83,0,134,1,0
7,350,21.000000,0.000000,0,5,6852438,1143,0,1014,-83,0,134,1,0
7,350,21.000000,0.000000,0,5,6852440,1143,0,1014,-83,0,134,1,0
7,350,21.000000,0.000000,0,5,6852444,1143,0,1014,-83,0,134,1,0
7,350,21.000000,0.000000,0,5,6852446,1143,0,1014,-83,0,134,1,0
7,350,21.000000,0.000000,0,5,6852449,1143,0,1014,-83,0,134,1,0
7,350,21.000000,0.000000,0,5,6852452,1143,0,1014,-83,0,134,1,0
7,350,21.000000,0.000000,0,5,6852455,1143,0,1014,-83,0,134,1,0
7,350,21.000000,0.000000,0,5,6852457,1143,0,1014,-83,0,134,1,0
7,350,21.000000,0.000000,0,5,6852460,1143,0,1014,-83,0,134,1,0
7,350,21.000000,0.000000,0,5,6852463,1143,0,1014,-83,0,134,1,0
7,350,21.000000,0.000000,0,5,6852466,1143,0,1014,-83,0,134,1,0
7,350,21.000000,0.000000,0,5,6852469,1143,0,1014,-83,0,134,1,0
7,350,21.000000,0.000000,0,5,6852471,1143,0,1014,-83,0,134,1,0
7,350,21.000000,0.000000,0,5,6852474,1143,0,1014,-83,0,134,1,0
7,350,21.000000,0.000000,0,5,6852477,1143,0,1014,-83,0,134,1,0
7,350,21.000000,0.000000,0,5,6852480,1143,0,1014,-83,0,134,1,0
7,350,21.000000,0.000000,0,5,6852482,1143,0,1014,-83,0,134,1,0
7,350,21.000000,0.000000,0,5,6852485,1143,0,1014,-83,0,134,1,0
7,350,21.000000,0.000000,0,5,6852499,1143,0,1014,-83,0,134,1,0
