7,700,21.000000,0.000000,0,0,5205166,606,0,606,0,0,19,3,0
7,700,21.000000,0.000000,0,0,5205167,606,0,606,0,0,19,3,0
7,700,21.000000,0.000000,0,0,5205170,606,0,606,0,0,19,3,0
7,700,21.000000,0.000000,0,0,5205173,606,0,606,0,0,19,3,0
7,700,21.000000,0.000000,0,0,5205175,606,0,606,0,0,19,3,0
7,700,21.000000,0.000000,0,0,5205178,606,0,606,0,0,19,3,0
7,700,21.000000,0.000000,0,0,5205181,606,0,606,0,0,19,3,0
7,700,21.000000,0.000000,0,0,5205184,606,0,606,0,0,19,3,0
7,700,21.000000,0.000000,0,0,5205187,606,0,606,0,0,19,3,0
7,700,21.000000,0.000000,0,0,5205189,606,0,606,0,0,19,3,0
7,700,21.000000,0.000000,0,0,5205192,606,0,606,0,0,19,3,0
7,700,21.000000,0.000000,0,0,5205195,606,0,606,0,0,19,3,0
7,700,21.000000,0.000000,0,0,5205198,606,0,606,0,0,19,3,0
7,700,21.000000,0.000000,0,0,5205200,606,0,606,0,0,19,3,0
7,700,21.000000,0.000000,0,0,5205203,606,0,606,0,0,19,3,0
7,700,21.000000,0.000000,0,0,5205206,606,0,606,0,0,19,3,0
7,700,21.000000,0.000000,0,0,5205209,606,0,606,-1,0,19,3,0
7,700,21.000000,0.000000,0,0,5205211,606,0,606,-1,0,19,3,0
7,700,21.000000,0.000000,0,0,5205214,606,0,606,-1,0,19,3,0
7,700,21.000000,0.000000,0,0,5205217,606,0,606,-1,0,19,3,0
7,700,21.000000,0.000000,0,0,5205220,606,0,606,-2,0,19,3,0
7,700,21.000000,0.000000,0,0,5205223,607,0,607,-2,0,19,3,0
7,700,21.000000,0.000000,0,0,5205225,608,0,608,-2,0,19,3,0
7,700,21.000000,0.000000,0,0,5205228,609,0,609,-2,0,19,3,0
7,700,21.000000,0.000000,0,0,5205231,609,0,609,-3,0,19,3,0
7,700,21.000000,0.000000,0,0,5205234,609,0,609,-4,0,19,3,0
7,700,21.000000,0.000000,0,0,5205236,610,0,610,-4,0,19,3,0
7,700,21.000000,0.000000,0,0,5205239,610,0,610,-5,0,19,3,0
7,700,21.000000,0.000000,0,0,5205242,611,0,611,-5,0,19,3,0
7,700,21.000000,0.000000,0,0,5205245,612,0,612,-6,0,19,3,0
7,700,21.000000,0.000000,0,0,5205248,613,0,613,-7,0,19,3,0
7,700,21.000000,0.000000,0,0,5205250,614,0,614,-8,0,19,3,0
7,700,21.000000,0.000000,0,0,5205253,615,0,615,-10,0,19,3,0
7,700,21.000000,0.000000,0,0,5205256,616,0,616,-11,0,19,3,0
7,700,21.000000,0.000000,0,0,5205259,617,0,617,-11,0,19,3,0
7,700,21.000000,0.000000,0,0,5205261,618,0,618,-13,0,19,3,0
7,700,21.000000,0.000000,0,0,5205264,618,0,618,-14,0,19,3,0
7,700,21.000000,0.000000,0,0,5205267,618,0,618,-16,0,19,3,0
7,700,21.000000,0.000000,0,0,5205270,619,0,619,-17,0,19,3,0
7,700,21.000000,0.000000,0,0,5205273,620,0,620,-18,0,19,3,0
7,700,21.000000,0.000000,0,0,5205276,621,0,621,-19,0,19,3,0
7,700,21.000000,0.000000,0,0,5205278,622,0,622,-20,0,19,3,0
7,700,21.000000,0.000000,0,0,5205281,623,0,623,-21,0,19,3,0
7,700,21.000000,0.000000,0,0,5205284,623,0,623,-22,0,19,3,0
7,700,21.000000,0.000000,0,0,5205287,624,0,624,-22,0,19,3,0
7,700,21.000000,0.000000,0,0,5205289,626,0,626,-24,0,19,3,0
7,700,21.000000,0.000000,0,0,5205292,627,0,627,-25,0,19,3,0
7,700,21.000000,0.000000,0,0,5205295,629,0,629,-27,0,19,3,0
7,700,21.000000,0.000000,0,0,5205298,631,0,631,-28,0,19,3,0
7,700,21.000000,0.000000,0,0,5205300,633,0,633,-29,0,19,3,0
7,700,21.000000,0.000000,0,0,5205303,635,0,635,-30,0,19,3,0
7,700,21.000000,0.000000,0,0,5205306,636,0,636,-31,0,19,3,0
7,700,21.000000,0.000000,0,0,5205309,638,0,638,-33,0,19,3,0
7,700,21.000000,0.000000,0,0,5205311,640,0,640,-35,0,19,3,0
7,700,21.000000,0.000000,0,0,5205314,643,0,643,-36,0,19,3,0
7,700,21.000000,0.000000,0,0,5205317,645,0,645,-37,0,19,3,0
7,700,21.000000,0.000000,0,0,5205320,647,0,647,-38,0,19,3,0
7,700,21.000000,0.000000,0,0,5205322,650,0,650,-40,0,19,3,0
7,700,21.000000,0.000000,0,0,5205325,653,0,653,-41,0,19,3,0
7,700,21.000000,0.000000,0,0,5205328,657,0,657,-41,0,19,3,0
7,700,21.000000,0.000000,0,0,5205331,661,0,661,-43,0,19,3,0
7,700,21.000000,0.000000,0,0,5205333,666,0,666,-45,0,19,3,0
7,700,21.000000,0.000000,0,0,5205336,670,0,670,-46,0,19,3,0
7,700,21.000000,0.000000,0,0,5205339,673,0,673,-47,0,19,3,0
7,700,21.000000,0.000000,0,0,5205342,681,0,681,-49,0,19,3,0
7,700,21.000000,0.000000,0,0,5205345,687,0,687,-50,0,19,3,0
7,700,21.000000,0.000000,0,0,5205348,692,0,692,-51,0,19,3,0
7,700,21.000000,0.000000,0,0,5205350,698,0,698,-52,0,19,3,0
7,700,21.000000,0.000000,0,0,5205353,704,0,704,-53,0,19,3,0
7,700,21.000000,0.000000,0,0,5205356,707,0,707,-53,0,19,3,0
7,700,21.000000,0.000000,0,0,5205359,713,0,713,-55,0,19,3,0
7,700,21.000000,0.000000,0,0,5205361,719,0,719,-56,0,19,3,0
7,700,21.000000,0.000000,0,0,5205364,726,0,726,-56,0,19,3,0
7,700,21.000000,0.000000,0,0,5205367,734,0,734,-57,0,19,3,0
7,700,21.000000,0.000000,0,0,5205370,742,0,742,-58,0,19,3,0
7,700,21.000000,0.000000,0,0,5205373,752,0,752,-60,0,19,3,0
7,700,21.000000,0.000000,0,0,5205375,759,0,759,-61,0,19,3,0
7,700,21.000000,0.000000,0,0,5205378,769,0,769,-63,0,19,3,0
7,700,21.000000,0.000000,0,0,5205381,777,0,777,-64,0,19,3,0
7,700,21.000000,0.000000,0,0,5205384,787,0,787,-65,0,19,3,0
7,700,21.000000,0.000000,0,0,5205387,796,0,796,-66,0,19,3,0
7,700,21.000000,0.000000,0,0,5205389,808,0,808,-68,0,19,3,0
7,700,21.000000,0.000000,0,0,5205392,819,0,819,-70,0,19,3,0
7,700,21.000000,0.000000,0,0,5205395,825,0,825,-71,0,19,3,0
7,700,21.000000,0.000000,0,0,5205397,837,0,837,-73,0,19,3,0
7,700,21.000000,0.000000,0,0,5205400,849,0,849,-73,0,19,3,0
7,700,21.000000,0.000000,0,0,5205403,859,0,859,-75,0,19,3,0
7,700,21.000000,0.000000,0,0,5205406,873,0,873,-76,0,19,3,0
7,700,21.000000,0.000000,0,0,5205408,890,0,890,-77,0,19,3,0
7,700,21.000000,0.000000,0,0,5205411,900,0,900,-78,0,19,3,0
7,700,21.000000,0.000000,0,0,5205414,910,0,910,-79,0,19,3,0
7,700,21.000000,0.000000,0,0,5205417,921,0,921,-80,0,19,3,0
7,700,21.000000,0.000000,0,0,5205420,930,0,930,-81,0,19,3,0
7,700,21.000000,0.000000,0,0,5205423,948,0,948,-82,0,19,3,0
7,700,21.000000,0.000000,0,0,5205425,961,0,961,-83,0,19,3,0
7,700,21.000000,0.000000,0,0,5205428,979,0,979,-85,0,19,3,0
7,700,21.000000,0.000000,0,0,5205431,994,0,994,-86,0,19,3,0
7,700,21.000000,0.000000,0,0,5205434,1012,0,1012,-87,0,19,3,0
7,700,21.000000,0.000000,0,0,5205437,1021,0,1021,-88,0,19,3,0
7,700,21.000000,0.000000,0,0,5205439,1033,0,1033,-88,0,19,3,0
7,700,21.000000,0.000000,0,0,5205442,1045,0,1045,-89,0,19,3,0
7,700,21.000000,0.000000,0,0,5205445,1065,0,1065,-90,0,19,3,0
7,700,21.000000,0.000000,0,0,5205448,1077,0,1077,-91,0,19,3,0
7,700,21.000000,0.000000,0,0,5205450,1089,0,1089,-92,0,19,3,0
7,700,21.000000,0.000000,0,0,5205453,1100,0,1100,-93,0,19,3,0
7,700,21.000000,0.000000,0,0,5205456,1113,0,1113,-94,0,19,3,0
7,700,21.000000,0.000000,0,0,5205459,1121,0,1121,-94,0,19,3,0
7,700,21.000000,0.000000,0,0,5205461,1130,0,1130,-95,0,19,3,0
7,700,21.000000,0.000000,0,0,5205464,1143,0,1143,-96,0,19,3,0
7,700,21.000000,0.000000,0,0,5205467,1153,0,1153,-97,0,19,3,0
7,700,21.000000,0.000000,0,0,5205470,1167,0,1167,-98,0,19,3,0
7,700,21.000000,0.000000,0,0,5205472,1176,0,1176,-99,0,19,3,0
7,700,21.000000,0.000000,0,0,5205475,1191,0,1191,-100,0,19,3,0
7,700,21.000000,0.000000,0,0,5205478,1207,0,1207,-101,0,19,3,0
7,700,21.000000,0.000000,0,0,5205481,1213,0,1213,-101,0,19,3,0
7,700,21.000000,0.000000,0,0,5205484,1226,0,1226,-102,0,19,3,0
7,700,21.000000,0.000000,0,0,5205487,1232,0,1232,-102,0,19,3,0
7,700,21.000000,0.000000,0,0,5205489,1241,0,1241,-103,0,19,3,0
7,700,21.000000,0.000000,0,0,5205492,1254,0,1254,-103,0,19,3,0
7,700,21.000000,0.000000,0,0,5205495,1262,0,1262,-103,0,19,3,0
7,700,21.000000,0.000000,0,0,5205498,1269,0,1269,-103,0,19,3,0
7,700,21.000000,0.000000,0,0,5205500,1281,0,1281,-104,0,19,3,0
7,700,21.000000,0.000000,0,0,5205503,1284,0,1284,-104,0,19,3,0
7,700,21.000000,0.000000,0,0,5205506,1292,0,1292,-105,0,19,3,0
7,700,21.000000,0.000000,0,0,5205509,1299,0,1299,-105,0,19,3,0
7,700,21.000000,0.000000,0,0,5205512,1306,0,1306,-106,0,19,3,0
7,700,21.000000,0.000000,0,0,5205514,1314,0,1314,-107,0,19,3,0
7,700,21.000000,0.000000,0,0,5205517,1320,0,1320,-108,0,19,3,0
7,700,21.000000,0.000000,0,0,5205520,1325,0,1325,-108,0,19,3,0
7,700,21.000000,0.000000,0,0,5205523,1330,0,1330,-109,0,19,3,0
7,700,21.000000,0.000000,0,0,5205525,1335,0,1335,-110,0,19,3,0
7,700,21.000000,0.000000,0,0,5205528,1341,0,1341,-111,0,19,3,0
7,700,21.000000,0.000000,0,0,5205531,1346,0,1346,-112,0,19,3,0
7,700,21.000000,0.000000,0,0,5205534,1350,0,1350,-113,0,19,3,0
7,700,21.000000,0.000000,0,0,5205536,1352,0,1352,-114,0,19,3,0
7,700,21.000000,0.000000,0,0,5205539,1356,0,1356,-114,0,19,3,0
7,700,21.000000,0.000000,0,0,5205542,1359,0,1359,-115,0,19,3,0
7,700,21.000000,0.000000,0,0,5205545,1361,0,1361,-115,0,19,3,0
7,700,21.000000,0.000000,0,0,5205548,1362,0,1362,-116,0,19,3,0
7,700,21.000000,0.000000,0,0,5205550,1363,0,1363,-116,0,19,3,0
7,700,21.000000,0.000000,0,0,5205553,1364,0,1364,-117,0,19,3,0
7,700,21.000000,0.000000,0,0,5205556,1366,0,1366,-118,0,19,3,0
7,700,21.000000,0.000000,0,0,5205559,1367,0,1367,-118,0,19,3,0
7,700,21.000000,0.000000,0,0,5205562,1368,0,1368,-118,0,19,3,0
7,700,21.000000,0.000000,0,0,5205564,1368,0,1368,-118,0,19,3,0
7,700,21.000000,0.000000,0,0,5205567,1368,0,1368,-118,0,19,3,0
7,700,21.000000,0.000000,0,0,5205570,1368,0,1368,-118,0,19,3,0
7,700,21.000000,0.000000,0,0,5205573,1368,0,1368,-118,0,19,3,0
7,700,21.000000,0.000000,0,0,5205575,1368,0,1368,-118,0,19,3,0
7,700,21.000000,0.000000,0,0,5205578,1368,0,1368,-118,0,19,3,0
7,700,21.000000,0.000000,0,0,5205581,1368,0,1368,-118,0,19,3,0
7,700,21.000000,0.000000,0,0,5205584,1368,0,1368,-118,0,19,3,0
7,700,21.000000,0.000000,0,0,5205587,1368,0,1368,-118,0,19,3,0
7,700,21.000000,0.000000,0,0,5205589,1368,0,1368,-118,0,19,3,0
7,700,21.000000,0.000000,0,0,5205592,1368,0,1368,-118,0,19,3,0
7,700,21.000000,0.000000,0,0,5205595,1368,0,1368,-118,0,19,3,0
7,700,21.000000,0.000000,0,0,5205598,1368,0,1368,-118,0,19,3,0
7,700,21.000000,0.000000,0,0,5205600,1368,0,1368,-118,0,19,3,0
7,700,21.000000,0.000000,0,0,5205603,1368,0,1368,-118,0,19,3,0
7,700,21.000000,0.000000,0,0,5205606,1368,0,1368,-118,0,19,3,0
7,700,21.000000,0.000000,0,0,5205609,1368,0,1368,-118,0,19,3,0
7,700,21.000000,0.000000,0,0,5205612,1368,0,1368,-118,0,19,3,0
7,700,21.000000,0.000000,0,0,5205614,1368,0,1368,-118,0,19,3,0
7,700,21.000000,0.000000,0,0,5205617,1368,0,1368,-118,0,19,3,0
7,700,21.000000,0.000000,0,0,5205620,1368,0,1368,-118,0,19,3,0
7,700,21.000000,0.000000,0,0,5205623,1368,0,1368,-118,0,19,3,0
7,700,21.000000,0.000000,0,0,5205625,1368,0,1368,-118,0,19,3,0
7,700,21.000000,0.000000,0,0,5205628,1368,0,1368,-118,0,19,3,0
7,700,21.000000,0.000000,0,0,5205631,1368,0,1368,-118,0,19,3,0
7,700,21.000000,0.000000,0,0,5205634,1368,0,1368,-118,0,19,3,0
7,700,21.000000,0.000000,0,0,5205637,1368,0,1368,-118,0,19,3,0
7,700,21.000000,0.000000,0,0,5205639,1368,0,1368,-118,0,19,3,0
7,700,21.000000,0.000000,0,0,5205642,1368,0,1368,-118,0,19,3,0
7,700,21.000000,0.000000,0,0,5205645,1368,0,1368,-118,0,19,3,0
7,700,21.000000,0.000000,0,0,5205648,1368,0,1368,-118,0,19,3,0
7,700,21.000000,0.000000,0,0,5205651,1368,0,1368,-118,0,19,3,0
7,700,21.000000,0.000000,0,0,5205653,1368,0,1368,-118,0,19,3,0
7,700,21.000000,0.000000,0,0,5205656,1368,0,1368,-118,0,19,3,0
7,700,21.000000,0.000000,0,0,5205659,1368,0,1368,-118,0,19,3,0
7,700,21.000000,0.000000,0,0,5205662,1368,0,1368,-118,0,19,3,0
7,700,21.000000,0.000000,0,0,5205664,1368,0,1368,-118,0,19,3,0
7,700,21.000000,0.000000,0,0,5205667,1368,0,1368,-118,0,19,3,0
7,700,21.000000,0.000000,0,0,5205670,1368,0,1368,-118,0,19,3,0
7,700,21.000000,0.000000,0,0,5205673,1368,0,1368,-118,0,19,3,0
7,700,21.000000,0.000000,0,0,5205676,1368,0,1368,-118,0,19,3,0
7,700,21.000000,0.000000,0,0,5205679,1368,0,1368,-118,0,19,3,0
7,700,21.000000,0.000000,0,0,5205681,1368,0,1368,-118,0,19,3,0
7,700,21.000000,0.000000,0,0,5205684,1368,0,1368,-118,0,19,3,0
7,700,21.000000,0.000000,0,0,5205687,1368,0,1368,-118,0,19,3,0
7,700,21.000000,0.000000,0,0,5205690,1368,0,1368,-119,0,19,3,0
7,700,21.000000,0.000000,0,0,5205692,1368,0,1368,-119,0,19,3,0
7,700,21.000000,0.000000,0,0,5205695,1367,0,1367,-119,0,19,3,0
7,700,21.000000,0.000000,0,0,5205698,1367,0,1367,-119,0,19,3,0
7,700,21.000000,0.000000,0,0,5205701,1366,0,1366,-119,0,19,3,0
7,700,21.000000,0.000000,0,0,5205704,1365,0,1365,-119,0,19,3,0
7,700,21.000000,0.000000,0,0,5205706,1364,0,1364,-119,0,19,3,0
7,700,21.000000,0.000000,0,0,5205709,1362,0,1362,-119,0,19,3,0
7,700,21.000000,0.000000,0,0,5205712,1361,0,1361,-120,0,19,3,0
7,700,21.000000,0.000000,0,0,5205714,1360,0,1360,-120,0,19,3,0
7,700,21.000000,0.000000,0,0,5205717,1359,0,1359,-120,0,19,3,0
7,700,21.000000,0.000000,0,0,5205720,1358,0,1358,-120,0,19,3,0
7,700,21.000000,0.000000,0,0,5205723,1357,0,1357,-120,0,19,3,0
7,700,21.000000,0.000000,0,0,5205725,1356,0,1356,-120,0,19,3,0
7,700,21.000000,0.000000,0,0,5205728,1355,0,1355,-120,0,19,3,0
7,700,21.000000,0.000000,0,0,5205731,1354,0,1354,-121,0,19,3,0
7,700,21.000000,0.000000,0,0,5205734,1353,0,1353,-121,0,19,3,0
7,700,21.000000,0.000000,0,0,5205736,1352,0,1352,-121,0,19,3,0
7,700,21.000000,0.000000,0,0,5205739,1351,0,1351,-121,0,19,3,0
7,700,21.000000,0.000000,0,0,5205743,1350,0,1350,-121,0,19,3,0
7,700,21.000000,0.000000,0,0,5205745,1349,0,1349,-121,0,19,3,0
7,700,21.000000,0.000000,0,0,5205748,1348,0,1348,-121,0,19,3,0
7,700,21.000000,0.000000,0,0,5205751,1347,0,1347,-122,0,19,3,0
7,700,21.000000,0.000000,0,0,5205754,1347,0,1347,-122,0,19,3,0
7,700,21.000000,0.000000,0,0,5205756,1345,0,1345,-122,0,19,3,0
7,700,21.000000,0.000000,0,0,5205759,1344,0,1344,-122,0,19,3,0
7,700,21.000000,0.000000,0,0,5205762,1342,0,1342,-122,0,19,3,0
7,700,21.000000,0.000000,0,0,5205765,1341,0,1341,-122,0,19,3,0
7,700,21.000000,0.000000,0,0,5205767,1340,0,1340,-122,0,19,3,0
7,700,21.000000,0.000000,0,0,5205770,1339,0,1339,-122,0,19,3,0
7,700,21.000000,0.000000,0,0,5205773,1338,0,1338,-122,0,19,3,0
7,700,21.000000,0.000000,0,0,5205776,1337,0,1337,-122,0,19,3,0
7,700,21.000000,0.000000,0,0,5205779,1336,0,1336,-123,0,19,3,0
7,700,21.000000,0.000000,0,0,5205781,1335,0,1335,-123,0,19,3,0
7,700,21.000000,0.000000,0,0,5205784,1334,0,1334,-123,0,19,3,0
7,700,21.000000,0.000000,0,0,5205787,1333,0,1333,-123,0,19,3,0
7,700,21.000000,0.000000,0,0,5205790,1332,0,1332,-123,0,19,3,0
7,700,21.000000,0.000000,0,0,5205793,1331,0,1331,-123,0,19,3,0
7,700,21.000000,0.000000,0,0,5205795,1330,0,1330,-123,0,19,3,0
7,700,21.000000,0.000000,0,0,5205798,1329,0,1329,-123,0,19,3,0
7,700,21.000000,0.000000,0,0,5205801,1329,0,1329,-123,0,19,3,0
7,700,21.000000,0.000000,0,0,5205804,1328,0,1328,-123,0,19,3,0
7,700,21.000000,0.000000,0,0,5205806,1327,0,1327,-123,0,19,3,0
7,700,21.000000,0.000000,0,0,5205809,1327,0,1327,-123,0,19,3,0
7,700,21.000000,0.000000,0,0,5205812,1327,0,1327,-123,0,19,3,0
7,700,21.000000,0.000000,0,0,5205815,1327,0,1327,-123,0,19,3,0
7,700,21.000000,0.000000,0,0,5205818,1327,0,1327,-123,0,19,3,0
7,700,21.000000,0.000000,0,0,5205820,1327,0,1327,-123,0,19,3,0
7,700,21.000000,0.000000,0,0,5205823,1326,0,1326,-123,0,19,3,0
7,700,21.000000,0.000000,0,0,5205826,1325,0,1325,-123,0,19,3,0
7,700,21.000000,0.000000,0,0,5205829,1325,0,1325,-123,0,19,3,0
7,700,21.000000,0.000000,0,0,5205831,1325,0,1325,-123,0,19,3,0
7,700,21.000000,0.000000,0,0,5205834,1325,0,1325,-123,0,19,3,0
7,700,21.000000,0.000000,0,0,5205837,1325,0,1325,-123,0,19,3,0
7,700,21.000000,0.000000,0,0,5205840,1325,0,1325,-123,0,19,3,0
7,700,21.000000,0.000000,0,0,5205843,1325,0,1325,-123,0,19,3,0
7,700,21.000000,0.000000,0,0,5205845,1324,0,1324,-123,0,19,3,0
7,700,21.000000,0.000000,0,0,5205848,1324,0,1324,-123,0,19,3,0
7,700,21.000000,0.000000,0,0,5205851,1323,0,1323,-123,0,19,3,0
7,700,21.000000,0.000000,0,0,5205853,1322,0,1322,-123,0,19,3,0
7,700,21.000000,0.000000,0,0,5205856,1322,0,1322,-123,0,19,3,0
7,700,21.000000,0.000000,0,0,5205859,1321,0,1321,-123,0,19,3,0
7,700,21.000000,0.000000,0,0,5205862,1320,0,1320,-123,0,19,3,0
7,700,21.000000,0.000000,0,0,5205864,1319,0,1319,-123,0,19,3,0
7,700,21.000000,0.000000,0,0,5205867,1319,0,1319,-123,0,19,3,0
7,700,21.000000,0.000000,0,0,5205870,1319,0,1319,-123,0,19,3,0
7,700,21.000000,0.000000,0,0,5205873,1318,0,1318,-123,0,19,3,0
7,700,21.000000,0.000000,0,0,5205876,1317,0,1317,-123,0,19,3,0
7,700,21.000000,0.000000,0,0,5205878,1317,0,1317,-123,0,19,3,0
7,700,21.000000,0.000000,0,0,5205881,1317,0,1317,-123,0,19,3,0
7,700,21.000000,0.000000,0,0,5205884,1317,0,1317,-123,0,19,3,0
7,700,21.000000,0.000000,0,0,5205887,1317,0,1317,-123,0,19,3,0
7,700,21.000000,0.000000,0,0,5205889,1317,0,1317,-123,0,19,3,0
7,700,21.000000,0.000000,0,0,5205892,1317,0,1317,-123,0,19,3,0
7,700,21.000000,0.000000,0,0,5205895,1317,0,1317,-123,0,19,3,0
7,700,21.000000,0.000000,0,0,5205898,1317,0,1317,-123,0,19,3,0
7,700,21.000000,0.000000,0,0,5205901,1317,0,1317,-123,0,19,3,0
7,700,21.000000,0.000000,0,0,5205903,1317,0,1317,-123,0,19,3,0
7,700,21.000000,0.000000,0,0,5205906,1317,0,1317,-123,0,19,3,0
7,700,21.000000,0.000000,0,0,5205909,1317,0,1317,-123,0,19,3,0
7,700,21.000000,0.000000,0,0,5205912,1317,0,1317,-123,0,19,3,0
7,700,21.000000,0.000000,0,0,5205915,1317,0,1317,-123,0,19,3,0
7,700,21.000000,0.000000,0,0,5205917,1317,0,1317,-123,0,19,3,0
7,700,21.000000,0.000000,0,0,5205920,1317,0,1317,-123,0,19,3,0
7,700,21.000000,0.000000,0,0,5205923,1317,0,1317,-123,0,19,3,0
7,700,21.000000,0.000000,0,0,5205926,1317,0,1317,-123,0,19,3,0
7,700,21.000000,0.000000,0,0,5205928,1317,0,1317,-123,0,19,3,0
7,700,21.000000,0.000000,0,0,5205931,1317,0,1317,-123,0,19,3,0
7,700,21.000000,0.000000,0,0,5205934,1317,0,1317,-123,0,19,3,0
7,700,21.000000,0.000000,0,0,5205937,1317,0,1317,-123,0,19,3,0
7,700,21.000000,0.000000,0,0,5205939,1317,0,1317,-123,0,19,3,0
7,700,21.000000,0.000000,0,0,5205942,1317,0,1317,-123,0,19,3,0
7,700,21.000000,0.000000,0,0,5205945,1317,0,1317,-123,0,19,3,0
7,700,21.000000,0.000000,0,0,5205948,1317,0,1317,-123,0,19,3,0
7,700,21.000000,0.000000,0,0,5205951,1317,0,1317,-123,0,19,3,0
7,700,21.000000,0.000000,0,0,5205953,1317,0,1317,-123,0,19,3,0
7,700,21.000000,0.000000,0,0,5205956,1317,0,1317,-123,0,19,3,0
7,700,21.000000,0.000000,0,0,5205959,1317,0,1317,-123,0,19,3,0
7,700,21.000000,0.000000,0,0,5205962,1317,0,1317,-123,0,19,3,0
7,700,21.000000,0.000000,0,0,5205965,1317,0,1317,-123,0,19,3,0
7,700,21.000000,0.000000,0,0,5205967,1317,0,1317,-123,0,19,3,0
7,700,21.000000,0.000000,0,0,5205970,1317,0,1317,-123,0,19,3,0
7,700,21.000000,0.000000,0,0,5205973,1317,0,1317,-123,0,19,3,0
7,700,21.000000,0.000000,0,0,5205976,1317,0,1317,-123,0,19,3,0
7,700,21.000000,0.000000,0,0,5205978,1317,0,1317,-123,0,19,3,0
7,700,21.000000,0.000000,0,0,5205981,1317,0,1317,-123,0,19,3,0
7,700,21.000000,0.000000,0,0,5205984,1317,0,1317,-123,0,19,3,0
7,700,21.000000,0.000000,0,0,5205987,1317,0,1317,-123,0,19,3,0
7,700,21.000000,0.000000,0,0,5205989,1317,0,1317,-123,0,19,3,0
7,700,21.000000,0.000000,0,0,5205992,1317,0,1317,-123,0,19,3,0
7,700,21.000000,0.000000,0,0,5205995,1317,0,1317,-123,0,19,3,0
7,700,21.000000,0.000000,0,0,5205998,1317,0,1317,-123,0,19,3,0
7,700,21.000000,0.000000,0,0,5206001,1317,0,1317,-123,0,19,3,0
7,700,21.000000,0.000000,0,0,5206004,1317,0,1317,-123,0,19,3,0
7,700,21.000000,0.000000,0,0,5206006,1317,0,1317,-123,0,19,3,0
7,700,21.000000,0.000000,0,0,5206009,1317,0,1317,-123,0,19,3,0
7,700,21.000000,0.000000,0,0,5206012,1317,0,1317,-123,0,19,3,0
7,700,21.000000,0.000000,0,0,5206015,1317,0,1317,-123,0,19,3,0
7,700,21.000000,0.000000,0,0,5206017,1317,0,1317,-123,0,19,3,0
7,700,21.000000,0.000000,0,0,5206020,1317,0,1317,-123,0,19,3,0
7,700,21.000000,0.000000,0,0,5206023,1317,0,1317,-123,0,19,3,0
7,700,21.000000,0.000000,0,0,5206026,1317,0,1317,-123,0,19,3,0
7,700,21.000000,0.000000,0,0,5206029,1317,0,1317,-124,0,19,3,0
7,700,21.000000,0.000000,0,0,5206031,1317,0,1317,-124,0,19,3,0
7,700,21.000000,0.000000,0,0,5206045,1317,0,1317,-124,0,19,3,0
