7,700,21.000000,42.000000,0,0,4936368,616,0,616,0,0,1,1,1
7,700,21.000000,42.000000,0,0,4936369,616,0,616,0,0,1,1,1
7,700,21.000000,42.000000,0,0,4936371,616,0,616,0,0,1,1,1
7,700,21.000000,42.000000,0,0,4936374,616,0,616,0,0,1,1,1
7,700,21.000000,42.000000,0,0,4936377,616,0,616,0,0,1,1,1
7,700,21.000000,42.000000,0,0,4936379,616,0,616,0,0,1,1,1
7,700,21.000000,42.000000,0,0,4936382,616,0,616,0,0,1,1,1
7,700,21.000000,42.000000,0,0,4936385,616,0,616,0,0,1,1,1
7,700,21.000000,42.000000,0,0,4936388,616,0,616,0,0,1,1,1
7,700,21.000000,42.000000,0,0,4936391,616,0,616,0,0,1,1,1
7,700,21.000000,42.000000,0,0,4936393,616,0,616,0,0,1,1,1
7,700,21.000000,42.000000,0,0,4936396,616,0,616,0,0,1,1,1
7,700,21.000000,42.000000,0,0,4936399,616,0,616,0,0,1,1,1
7,700,21.000000,42.000000,0,0,4936402,616,0,616,0,0,1,1,1
7,700,21.000000,42.000000,0,0,4936404,616,0,616,0,0,1,1,1
7,700,21.000000,42.000000,0,0,4936407,616,0,616,0,0,1,1,1
7,700,21.000000,42.000000,0,0,4936410,616,0,616,0,0,1,1,1
7,700,21.000000,42.000000,0,0,4936413,616,0,616,0,0,1,1,1
7,700,21.000000,42.000000,0,0,4936415,616,0,616,0,0,1,1,1
7,700,21.000000,42.000000,0,0,4936418,616,0,616,0,0,1,1,1
7,700,21.000000,42.000000,0,0,4936421,616,0,616,0,0,1,1,1
7,700,21.000000,42.000000,0,0,4936424,616,0,616,0,0,1,1,1
7,700,21.000000,42.000000,0,0,4936427,616,0,616,0,0,1,1,1
7,700,21.000000,42.000000,0,0,4936429,616,0,616,0,0,1,1,1
7,700,21.000000,42.000000,0,0,4936432,616,0,616,0,0,1,1,1
7,700,21.000000,42.000000,0,0,4936435,616,0,616,0,0,1,1,1
7,700,21.000000,42.000000,0,0,4936438,616,0,616,0,0,1,1,1
7,700,21.000000,42.000000,0,0,4936441,616,0,616,0,0,1,1,1
7,700,21.000000,42.000000,0,0,4936443,616,0,616,0,0,1,1,1
7,700,21.000000,42.000000,0,0,4936446,616,0,616,0,0,1,1,1
7,700,21.000000,42.000000,0,0,4936449,616,0,616,0,0,1,1,1
7,700,21.000000,42.000000,0,0,4936452,616,0,616,0,0,1,1,1
7,700,21.000000,42.000000,0,0,4936454,616,0,616,0,0,1,1,1
7,700,21.000000,42.000000,0,0,4936457,616,0,616,0,0,1,1,1
7,700,21.000000,42.000000,0,0,4936460,616,0,616,-1,0,1,1,1
7,700,21.000000,42.000000,0,0,4936463,616,0,616,-1,0,1,1,1
7,700,21.000000,42.000000,0,0,4936466,616,0,616,-1,0,1,1,1
7,700,21.000000,42.000000,0,0,4936468,616,0,616,-1,0,1,1,1
7,700,21.000000,42.000000,0,0,4936471,616,0,616,-2,0,1,1,1
7,700,21.000000,42.000000,0,0,4936474,616,0,616,-2,0,1,1,1
7,700,21.000000,42.000000,0,0,4936477,616,0,616,-2,0,1,1,1
7,700,21.000000,42.000000,0,0,4936479,616,0,616,-2,0,1,1,1
7,700,21.000000,42.000000,0,0,4936482,616,0,616,-2,0,1,1,1
7,700,21.000000,42.000000,0,0,4936485,616,0,616,-3,0,1,1,1
7,700,21.000000,42.000000,0,0,4936488,617,0,617,-3,0,1,1,1
7,700,21.000000,42.000000,0,0,4936490,618,0,618,-3,0,1,1,1
7,700,21.000000,42.000000,0,0,4936493,619,0,619,-3,0,1,1,1
7,700,21.000000,42.000000,0,0,4936496,620,0,620,-3,0,1,1,1
7,700,21.000000,42.000000,0,0,4936499,620,0,620,-4,0,1,1,1
7,700,21.000000,42.000000,0,0,4936502,621,0,621,-4,0,1,1,1
7,700,21.000000,42.000000,0,0,4936505,622,0,622,-4,0,1,1,1
7,700,21.000000,42.000000,0,0,4936507,623,0,623,-4,0,1,1,1
7,700,21.000000,42.000000,0,0,4936510,624,0,624,-5,0,1,1,1
7,700,21.000000,42.000000,0,0,4936513,625,0,625,-5,0,1,1,1
7,700,21.000000,42.000000,0,0,4936516,627,0,627,-5,0,1,1,1
7,700,21.000000,42.000000,0,0,4936518,628,0,628,-5,0,1,1,1
7,700,21.000000,42.000000,0,0,4936521,629,0,629,-5,0,1,1,1
7,700,21.000000,42.000000,0,0,4936524,631,0,631,-5,0,1,1,1
7,700,21.000000,42.000000,0,0,4936527,634,0,634,-5,0,1,1,1
7,700,21.000000,42.000000,0,0,4936530,635,0,635,-6,0,1,1,1
7,700,21.000000,42.000000,0,0,4936533,639,0,639,-6,0,1,1,1
7,700,21.000000,42.000000,0,0,4936536,640,0,640,-7,0,1,1,1
7,700,21.000000,42.000000,0,0,4936539,642,0,642,-8,0,1,1,1
7,700,21.000000,42.000000,0,0,4936542,645,0,645,-9,0,1,1,1
7,700,21.000000,42.000000,0,0,4936545,648,0,648,-9,0,1,1,1
7,700,21.000000,42.000000,0,0,4936548,651,0,651,-11,0,1,1,1
7,700,21.000000,42.000000,0,0,4936551,653,0,653,-11,0,1,1,1
7,700,21.000000,42.000000,0,0,4936554,655,0,655,-12,0,1,1,1
7,700,21.000000,42.000000,0,0,4936556,657,0,657,-12,0,1,1,1
7,700,21.000000,42.000000,0,0,4936559,661,0,661,-13,0,1,1,1
7,700,21.000000,42.000000,0,0,4936562,665,0,665,-14,0,1,1,1
7,700,21.000000,42.000000,0,0,4936565,668,0,668,-15,0,1,1,1
7,700,21.000000,42.000000,0,0,4936567,670,0,670,-16,0,1,1,1
7,700,21.000000,42.000000,0,0,4936570,674,0,674,-17,0,1,1,1
7,700,21.000000,42.000000,0,0,4936573,675,0,675,-17,0,1,1,1
7,700,21.000000,42.000000,0,0,4936575,679,0,679,-17,0,1,1,1
7,700,21.000000,42.000000,0,0,4936578,684,0,684,-19,0,1,1,1
7,700,21.000000,42.000000,0,0,4936581,688,0,688,-20,0,1,1,1
7,700,21.000000,42.000000,0,0,4936583,692,0,692,-21,0,1,1,1
7,700,21.000000,42.000000,0,0,4936586,694,0,694,-22,0,1,1,1
7,700,21.000000,42.000000,0,0,4936589,699,0,699,-23,0,1,1,1
7,700,21.000000,42.000000,0,0,4936592,706,0,706,-25,0,1,1,1
7,700,21.000000,42.000000,0,0,4936595,710,0,710,-26,0,1,1,1
7,700,21.000000,42.000000,0,0,4936597,713,0,713,-26,0,1,1,1
7,700,21.000000,42.000000,0,0,4936600,718,0,718,-27,0,1,1,1
7,700,21.000000,42.000000,0,0,4936603,725,0,725,-27,0,1,1,1
7,700,21.000000,42.000000,0,0,4936605,729,0,729,-28,0,1,1,1
7,700,21.000000,42.000000,0,0,4936608,734,0,734,-29,0,1,1,1
7,700,21.000000,42.000000,0,0,4936611,742,0,742,-29,0,1,1,1
7,700,21.000000,42.000000,0,0,4936613,747,0,747,-30,0,1,1,1
7,700,21.000000,42.000000,0,0,4936616,751,0,751,-30,0,1,1,1
7,700,21.000000,42.000000,0,0,4936619,756,0,756,-30,0,1,1,1
7,700,21.000000,42.000000,0,0,4936621,761,0,761,-31,0,1,1,1
7,700,21.000000,42.000000,0,0,4936624,766,0,766,-32,0,1,1,1
7,700,21.000000,42.000000,0,0,4936627,773,0,773,-33,0,1,1,1
7,700,21.000000,42.000000,0,0,4936630,779,0,779,-33,0,1,1,1
7,700,21.000000,42.000000,0,0,4936632,781,0,781,-33,0,1,1,1
7,700,21.000000,42.000000,0,0,4936635,784,0,784,-34,0,1,1,1
7,700,21.000000,42.000000,0,0,4936638,790,0,790,-35,0,1,1,1
7,700,21.000000,42.000000,0,0,4936641,794,0,794,-35,0,1,1,1
7,700,21.000000,42.000000,0,0,4936644,797,0,797,-35,0,1,1,1
7,700,21.000000,42.000000,0,0,4936646,801,0,801,-36,0,1,1,1
7,700,21.000000,42.000000,0,0,4936649,805,0,805,-37,0,1,1,1
7,700,21.000000,42.000000,0,0,4936652,809,0,809,-37,0,1,1,1
7,700,21.000000,42.000000,0,0,4936655,814,0,814,-37,0,1,1,1
7,700,21.000000,42.000000,0,0,4936657,818,0,818,-38,0,1,1,1
7,700,21.000000,42.000000,0,0,4936660,820,0,820,-38,0,1,1,1
7,700,21.000000,42.000000,0,0,4936663,824,0,824,-38,0,1,1,1
7,700,21.000000,42.000000,0,0,4936666,827,0,827,-39,0,1,1,1
7,700,21.000000,42.000000,0,0,4936669,831,0,831,-39,0,1,1,1
7,700,21.000000,42.000000,0,0,4936671,835,0,835,-39,0,1,1,1
7,700,21.000000,42.000000,0,0,4936674,840,0,840,-39,0,1,1,1
7,700,21.000000,42.000000,0,0,4936677,844,0,844,-39,0,1,1,1
7,700,21.000000,42.000000,0,0,4936680,848,0,848,-40,0,1,1,1
7,700,21.000000,42.000000,0,0,4936682,851,0,851,-40,0,1,1,1
7,700,21.000000,42.000000,0,0,4936685,856,0,856,-40,0,1,1,1
7,700,21.000000,42.000000,0,0,4936688,860,0,860,-41,0,1,1,1
7,700,21.000000,42.000000,0,0,4936691,863,0,863,-41,0,1,1,1
7,700,21.000000,42.000000,0,0,4936694,867,0,867,-41,0,1,1,1
7,700,21.000000,42.000000,0,0,4936696,872,0,872,-41,0,1,1,1
7,700,21.000000,42.000000,0,0,4936699,876,0,876,-41,0,1,1,1
7,700,21.000000,42.000000,0,0,4936702,880,0,880,-42,0,1,1,1
7,700,21.000000,42.000000,0,0,4936705,883,0,883,-43,0,1,1,1
7,700,21.000000,42.000000,0,0,4936708,889,0,889,-43,0,1,1,1
7,700,21.000000,42.000000,0,0,4936710,892,0,892,-43,0,1,1,1
7,700,21.000000,42.000000,0,0,4936713,896,0,896,-43,0,1,1,1
7,700,21.000000,42.000000,0,0,4936716,900,0,900,-43,0,1,1,1
7,700,21.000000,42.000000,0,0,4936719,902,0,902,-43,0,1,1,1
7,700,21.000000,42.000000,0,0,4936721,907,0,907,-44,0,1,1,1
7,700,21.000000,42.000000,0,0,4936724,910,0,910,-44,0,1,1,1
7,700,21.000000,42.000000,0,0,4936727,914,0,914,-44,0,1,1,1
7,700,21.000000,42.000000,0,0,4936730,918,0,918,-44,0,1,1,1
7,700,21.000000,42.000000,0,0,4936732,920,0,920,-44,0,1,1,1
7,700,21.000000,42.000000,0,0,4936735,924,0,924,-45,0,1,1,1
7,700,21.000000,42.000000,0,0,4936738,928,0,928,-45,0,1,1,1
7,700,21.000000,42.000000,0,0,4936741,932,0,932,-45,0,1,1,1
7,700,21.000000,42.000000,0,0,4936744,936,0,936,-46,0,1,1,1
7,700,21.000000,42.000000,0,0,4936746,939,0,939,-46,0,1,1,1
7,700,21.000000,42.000000,0,0,4936749,943,0,943,-46,0,1,1,1
7,700,21.000000,42.000000,0,0,4936752,949,0,949,-47,0,1,1,1
7,700,21.000000,42.000000,0,0,4936755,954,0,954,-48,0,1,1,1
7,700,21.000000,42.000000,0,0,4936757,959,0,959,-48,0,1,1,1
7,700,21.000000,42.000000,0,0,4936760,963,0,963,-49,0,1,1,1
7,700,21.000000,42.000000,0,0,4936763,967,0,967,-49,0,1,1,1
7,700,21.000000,42.000000,0,0,4936766,972,0,972,-49,0,1,1,1
7,700,21.000000,42.000000,0,0,4936769,977,0,977,-50,0,1,1,1
7,700,21.000000,42.000000,0,0,4936772,982,0,982,-51,0,1,1,1
7,700,21.000000,42.000000,0,0,4936774,987,0,987,-51,0,1,1,1
7,700,21.000000,42.000000,0,0,4936777,992,0,992,-51,0,1,1,1
7,700,21.000000,42.000000,0,0,4936780,997,0,997,-52,0,1,1,1
7,700,21.000000,42.000000,0,0,4936783,1001,0,1001,-52,0,1,1,1
7,700,21.000000,42.000000,0,0,4936785,1005,0,1005,-53,0,1,1,1
7,700,21.000000,42.000000,0,0,4936788,1009,0,1009,-53,0,1,1,1
7,700,21.000000,42.000000,0,0,4936791,1013,0,1013,-53,0,1,1,1
7,700,21.000000,42.000000,0,0,4936794,1018,0,1018,-53,0,1,1,1
7,700,21.000000,42.000000,0,0,4936796,1023,0,1023,-54,0,1,1,1
7,700,21.000000,42.000000,0,0,4936799,1027,0,1027,-55,0,1,1,1
7,700,21.000000,42.000000,0,0,4936802,1032,0,1032,-55,0,1,1,1
7,700,21.000000,42.000000,0,0,4936805,1035,0,1035,-55,0,1,1,1
7,700,21.000000,42.000000,0,0,4936807,1039,0,1039,-56,0,1,1,1
7,700,21.000000,42.000000,0,0,4936810,1043,0,1043,-56,0,1,1,1
7,700,21.000000,42.000000,0,0,4936813,1048,0,1048,-57,0,1,1,1
7,700,21.000000,42.000000,0,0,4936816,1051,0,1051,-57,0,1,1,1
7,700,21.000000,42.000000,0,0,4936819,1057,0,1057,-57,0,1,1,1
7,700,21.000000,42.000000,0,0,4936822,1061,0,1061,-57,0,1,1,1
7,700,21.000000,42.000000,0,0,4936824,1065,0,1065,-57,0,1,1,1
7,700,21.000000,42.000000,0,0,4936827,1068,0,1068,-57,0,1,1,1
7,700,21.000000,42.000000,0,0,4936830,1071,0,1071,-57,0,1,1,1
7,700,21.000000,42.000000,0,0,4936833,1074,0,1074,-57,0,1,1,1
7,700,21.000000,42.000000,0,0,4936835,1077,0,1077,-57,0,1,1,1
7,700,21.000000,42.000000,0,0,4936838,1079,0,1079,-58,0,1,1,1
7,700,21.000000,42.000000,0,0,4936841,1082,0,1082,-58,0,1,1,1
7,700,21.000000,42.000000,0,0,4936844,1085,0,1085,-59,0,1,1,1
7,700,21.000000,42.000000,0,0,4936847,1086,0,1086,-59,0,1,1,1
7,700,21.000000,42.000000,0,0,4936849,1088,0,1088,-59,0,1,1,1
7,700,21.000000,42.000000,0,0,4936852,1090,0,1090,-59,0,1,1,1
7,700,21.000000,42.000000,0,0,4936855,1092,0,1092,-59,0,1,1,1
7,700,21.000000,42.000000,0,0,4936858,1094,0,1094,-60,0,1,1,1
7,700,21.000000,42.000000,0,0,4936860,1097,0,1097,-60,0,1,1,1
7,700,21.000000,42.000000,0,0,4936863,1099,0,1099,-60,0,1,1,1
7,700,21.000000,42.000000,0,0,4936866,1101,0,1101,-61,0,1,1,1
7,700,21.000000,42.000000,0,0,4936869,1103,0,1103,-61,0,1,1,1
7,700,21.000000,42.000000,0,0,4936872,1105,0,1105,-61,0,1,1,1
7,700,21.000000,42.000000,0,0,4936874,1106,0,1106,-61,0,1,1,1
7,700,21.000000,42.000000,0,0,4936877,1108,0,1108,-61,0,1,1,1
7,700,21.000000,42.000000,0,0,4936880,1110,0,1110,-61,0,1,1,1
7,700,21.000000,42.000000,0,0,4936883,1112,0,1112,-61,0,1,1,1
7,700,21.000000,42.000000,0,0,4936886,1113,0,1113,-61,0,1,1,1
7,700,21.000000,42.000000,0,0,4936888,1114,0,1114,-62,0,1,1,1
7,700,21.000000,42.000000,0,0,4936891,1116,0,1116,-62,0,1,1,1
7,700,21.000000,42.000000,0,0,4936894,1118,0,1118,-62,0,1,1,1
7,700,21.000000,42.000000,0,0,4936897,1120,0,1120,-62,0,1,1,1
7,700,21.000000,42.000000,0,0,4936900,1122,0,1122,-62,0,1,1,1
7,700,21.000000,42.000000,0,0,4936902,1124,0,1124,-62,0,1,1,1
7,700,21.000000,42.000000,0,0,4936905,1126,0,1126,-62,0,1,1,1
7,700,21.000000,42.000000,0,0,4936908,1130,0,1130,-63,0,1,1,1
7,700,21.000000,42.000000,0,0,4936911,1132,0,1132,-63,0,1,1,1
7,700,21.000000,42.000000,0,0,4936913,1134,0,1134,-63,0,1,1,1
7,700,21.000000,42.000000,0,0,4936916,1136,0,1136,-63,0,1,1,1
7,700,21.000000,42.000000,0,0,4936919,1138,0,1138,-63,0,1,1,1
7,700,21.000000,42.000000,0,0,4936921,1141,0,1141,-64,0,1,1,1
7,700,21.000000,42.000000,0,0,4936924,1143,0,1143,-64,0,1,1,1
7,700,21.000000,42.000000,0,0,4936927,1146,0,1146,-64,0,1,1,1
7,700,21.000000,42.000000,0,0,4936930,1149,0,1149,-64,0,1,1,1
7,700,21.000000,42.000000,0,0,4936932,1151,0,1151,-64,0,1,1,1
7,700,21.000000,42.000000,0,0,4936935,1154,0,1154,-64,0,1,1,1
7,700,21.000000,42.000000,0,0,4936938,1156,0,1156,-64,0,1,1,1
7,700,21.000000,42.000000,0,0,4936941,1158,0,1158,-64,0,1,1,1
7,700,21.000000,42.000000,0,0,4936944,1160,0,1160,-64,0,1,1,1
7,700,21.000000,42.000000,0,0,4936946,1162,0,1162,-64,0,1,1,1
7,700,21.000000,42.000000,0,0,4936949,1164,0,1164,-64,0,1,1,1
7,700,21.000000,42.000000,0,0,4936952,1165,0,1165,-64,0,1,1,1
7,700,21.000000,42.000000,0,0,4936955,1166,0,1166,-65,0,1,1,1
7,700,21.000000,42.000000,0,0,4936957,1168,0,1168,-65,0,1,1,1
7,700,21.000000,42.000000,0,0,4936960,1170,0,1170,-65,0,1,1,1
7,700,21.000000,42.000000,0,0,4936963,1172,0,1172,-65,0,1,1,1
7,700,21.000000,42.000000,0,0,4936966,1173,0,1173,-65,0,1,1,1
7,700,21.000000,42.000000,0,0,4936969,1175,0,1175,-65,0,1,1,1
7,700,21.000000,42.000000,0,0,4936971,1177,0,1177,-65,0,1,1,1
7,700,21.000000,42.000000,0,0,4936974,1179,0,1179,-65,0,1,1,1
7,700,21.000000,42.000000,0,0,4936977,1181,0,1181,-65,0,1,1,1
7,700,21.000000,42.000000,0,0,4936980,1183,0,1183,-65,0,1,1,1
7,700,21.000000,42.000000,0,0,4936983,1185,0,1185,-65,0,1,1,1
7,700,21.000000,42.000000,0,0,4936985,1186,0,1186,-66,0,1,1,1
7,700,21.000000,42.000000,0,0,4936988,1187,0,1187,-66,0,1,1,1
7,700,21.000000,42.000000,0,0,4936991,1189,0,1189,-66,0,1,1,1
7,700,21.000000,42.000000,0,0,4936994,1192,0,1192,-66,0,1,1,1
7,700,21.000000,42.000000,0,0,4936996,1194,0,1194,-66,0,1,1,1
7,700,21.000000,42.000000,0,0,4936999,1196,0,1196,-66,0,1,1,1
7,700,21.000000,42.000000,0,0,4937002,1198,0,1198,-66,0,1,1,1
7,700,21.000000,42.000000,0,0,4937005,1201,0,1201,-66,0,1,1,1
7,700,21.000000,42.000000,0,0,4937008,1204,0,1204,-66,0,1,1,1
7,700,21.000000,42.000000,0,0,4937010,1205,0,1205,-66,0,1,1,1
7,700,21.000000,42.000000,0,0,4937013,1207,0,1207,-67,0,1,1,1
7,700,21.000000,42.000000,0,0,4937016,1208,0,1208,-67,0,1,1,1
7,700,21.000000,42.000000,0,0,4937019,1210,0,1210,-67,0,1,1,1
7,700,21.000000,42.000000,0,0,4937021,1212,0,1212,-67,0,1,1,1
7,700,21.000000,42.000000,0,0,4937024,1215,0,1215,-68,0,1,1,1
7,700,21.000000,42.000000,0,0,4937027,1218,0,1218,-68,0,1,1,1
7,700,21.000000,42.000000,0,0,4937030,1221,0,1221,-68,0,1,1,1
7,700,21.000000,42.000000,0,0,4937033,1224,0,1224,-68,0,1,1,1
7,700,21.000000,42.000000,0,0,4937035,1227,0,1227,-69,0,1,1,1
7,700,21.000000,42.000000,0,0,4937038,1229,0,1229,-69,0,1,1,1
7,700,21.000000,42.000000,0,0,4937041,1231,0,1231,-70,0,1,1,1
7,700,21.000000,42.000000,0,0,4937044,1234,0,1234,-70,0,1,1,1
7,700,21.000000,42.000000,0,0,4937046,1237,0,1237,-70,0,1,1,1
7,700,21.000000,42.000000,0,0,4937050,1239,0,1239,-70,0,1,1,1
7,700,21.000000,42.000000,0,0,4937052,1241,0,1241,-70,0,1,1,1
7,700,21.000000,42.000000,0,0,4937055,1243,0,1243,-71,0,1,1,1
7,700,21.000000,42.000000,0,0,4937058,1244,0,1244,-71,0,1,1,1
7,700,21.000000,42.000000,0,0,4937060,1246,0,1246,-71,0,1,1,1
7,700,21.000000,42.000000,0,0,4937064,1248,0,1248,-72,0,1,1,1
7,700,21.000000,42.000000,0,0,4937066,1250,0,1250,-72,0,1,1,1
7,700,21.000000,42.000000,0,0,4937069,1252,0,1252,-72,0,1,1,1
7,700,21.000000,42.000000,0,0,4937072,1254,0,1254,-72,0,1,1,1
7,700,21.000000,42.000000,0,0,4937075,1255,0,1255,-72,0,1,1,1
7,700,21.000000,42.000000,0,0,4937077,1256,0,1256,-72,0,1,1,1
7,700,21.000000,42.000000,0,0,4937080,1258,0,1258,-72,0,1,1,1
7,700,21.000000,42.000000,0,0,4937083,1259,0,1259,-72,0,1,1,1
7,700,21.000000,42.000000,0,0,4937086,1261,0,1261,-72,0,1,1,1
7,700,21.000000,42.000000,0,0,4937089,1262,0,1262,-72,0,1,1,1
7,700,21.000000,42.000000,0,0,4937091,1263,0,1263,-72,0,1,1,1
7,700,21.000000,42.000000,0,0,4937094,1264,0,1264,-72,0,1,1,1
7,700,21.000000,42.000000,0,0,4937097,1265,0,1265,-72,0,1,1,1
7,700,21.000000,42.000000,0,0,4937100,1266,0,1266,-72,0,1,1,1
7,700,21.000000,42.000000,0,0,4937102,1267,0,1267,-72,0,1,1,1
7,700,21.000000,42.000000,0,0,4937105,1268,0,1268,-72,0,1,1,1
7,700,21.000000,42.000000,0,0,4937108,1269,0,1269,-72,0,1,1,1
7,700,21.000000,42.000000,0,0,4937111,1269,0,1269,-72,0,1,1,1
7,700,21.000000,42.000000,0,0,4937114,1270,0,1270,-72,0,1,1,1
7,700,21.000000,42.000000,0,0,4937116,1271,0,1271,-72,0,1,1,1
7,700,21.000000,42.000000,0,0,4937119,1272,0,1272,-72,0,1,1,1
7,700,21.000000,42.000000,0,0,4937121,1272,0,1272,-73,0,1,1,1
7,700,21.000000,42.000000,0,0,4937124,1273,0,1273,-73,0,1,1,1
7,700,21.000000,42.000000,0,0,4937127,1274,0,1274,-73,0,1,1,1
7,700,21.000000,42.000000,0,0,4937130,1275,0,1275,-73,0,1,1,1
7,700,21.000000,42.000000,0,0,4937133,1276,0,1276,-73,0,1,1,1
7,700,21.000000,42.000000,0,0,4937136,1277,0,1277,-73,0,1,1,1
7,700,21.000000,42.000000,0,0,4937138,1278,0,1278,-73,0,1,1,1
7,700,21.000000,42.000000,0,0,4937141,1279,0,1279,-73,0,1,1,1
7,700,21.000000,42.000000,0,0,4937144,1280,0,1280,-73,0,1,1,1
7,700,21.000000,42.000000,0,0,4937147,1281,0,1281,-73,0,1,1,1
7,700,21.000000,42.000000,0,0,4937150,1282,0,1282,-73,0,1,1,1
7,700,21.000000,42.000000,0,0,4937152,1283,0,1283,-73,0,1,1,1
7,700,21.000000,42.000000,0,0,4937155,1284,0,1284,-73,0,1,1,1
7,700,21.000000,42.000000,0,0,4937158,1285,0,1285,-73,0,1,1,1
7,700,21.000000,42.000000,0,0,4937161,1286,0,1286,-74,0,1,1,1
7,700,21.000000,42.000000,0,0,4937164,1287,0,1287,-75,0,1,1,1
7,700,21.000000,42.000000,0,0,4937166,1288,0,1288,-75,0,1,1,1
7,700,21.000000,42.000000,0,0,4937169,1289,0,1289,-75,0,1,1,1
7,700,21.000000,42.000000,0,0,4937172,1290,0,1290,-75,0,1,1,1
7,700,21.000000,42.000000,0,0,4937175,1291,0,1291,-75,0,1,1,1
7,700,21.000000,42.000000,0,0,4937177,1292,0,1292,-75,0,1,1,1
7,700,21.000000,42.000000,0,0,4937180,1293,0,1293,-75,0,1,1,1
7,700,21.000000,42.000000,0,0,4937183,1294,0,1294,-76,0,1,1,1
7,700,21.000000,42.000000,0,0,4937186,1295,0,1295,-76,0,1,1,1
7,700,21.000000,42.000000,0,0,4937188,1296,0,1296,-76,0,1,1,1
7,700,21.000000,42.000000,0,0,4937191,1297,0,1297,-76,0,1,1,1
7,700,21.000000,42.000000,0,0,4937194,1298,0,1298,-76,0,1,1,1
7,700,21.000000,42.000000,0,0,4937197,1299,0,1299,-76,0,1,1,1
7,700,21.000000,42.000000,0,0,4937200,1300,0,1300,-76,0,1,1,1
7,700,21.000000,42.000000,0,0,4937202,1301,0,1301,-76,0,1,1,1
7,700,21.000000,42.000000,0,0,4937205,1302,0,1302,-76,0,1,1,1
7,700,21.000000,42.000000,0,0,4937208,1303,0,1303,-76,0,1,1,1
7,700,21.000000,42.000000,0,0,4937211,1304,0,1304,-77,0,1,1,1
7,700,21.000000,42.000000,0,0,4937213,1305,0,1305,-77,0,1,1,1
7,700,21.000000,42.000000,0,0,4937216,1306,0,1306,-77,0,1,1,1
7,700,21.000000,42.000000,0,0,4937219,1307,0,1307,-77,0,1,1,1
7,700,21.000000,42.000000,0,0,4937222,1309,0,1309,-77,0,1,1,1
7,700,21.000000,42.000000,0,0,4937225,1312,0,1312,-77,0,1,1,1
7,700,21.000000,42.000000,0,0,4937227,1314,0,1314,-77,0,1,1,1
7,700,21.000000,42.000000,0,0,4937230,1316,0,1316,-77,0,1,1,1
7,700,21.000000,42.000000,0,0,4937233,1318,0,1318,-78,0,1,1,1
7,700,21.000000,42.000000,0,0,4937236,1320,0,1320,-78,0,1,1,1
7,700,21.000000,42.000000,0,0,4937238,1322,0,1322,-78,0,1,1,1
7,700,21.000000,42.000000,0,0,4937241,1324,0,1324,-78,0,1,1,1
7,700,21.000000,42.000000,0,0,4937244,1325,0,1325,-78,0,1,1,1
7,700,21.000000,42.000000,0,0,4937247,1326,0,1326,-78,0,1,1,1
7,700,21.000000,42.000000,0,0,4937250,1329,0,1329,-78,0,1,1,1
7,700,21.000000,42.000000,0,0,4937252,1332,0,1332,-79,0,1,1,1
7,700,21.000000,42.000000,0,0,4937255,1335,0,1335,-79,0,1,1,1
7,700,21.000000,42.000000,0,0,4937258,1337,0,1337,-80,0,1,1,1
7,700,21.000000,42.000000,0,0,4937261,1339,0,1339,-80,0,1,1,1
7,700,21.000000,42.000000,0,0,4937263,1340,0,1340,-80,0,1,1,1
7,700,21.000000,42.000000,0,0,4937266,1341,0,1341,-80,0,1,1,1
7,700,21.000000,42.000000,0,0,4937269,1342,0,1342,-80,0,1,1,1
7,700,21.000000,42.000000,0,0,4937272,1344,0,1344,-80,0,1,1,1
7,700,21.000000,42.000000,0,0,4937274,1345,0,1345,-80,0,1,1,1
7,700,21.000000,42.000000,0,0,4937277,1345,0,1345,-80,0,1,1,1
7,700,21.000000,42.000000,0,0,4937280,1345,0,1345,-80,0,1,1,1
7,700,21.000000,42.000000,0,0,4937283,1345,0,1345,-80,0,1,1,1
7,700,21.000000,42.000000,0,0,4937285,1345,0,1345,-80,0,1,1,1
7,700,21.000000,42.000000,0,0,4937288,1345,0,1345,-80,0,1,1,1
7,700,21.000000,42.000000,0,0,4937291,1345,0,1345,-80,0,1,1,1
7,700,21.000000,42.000000,0,0,4937294,1345,0,1345,-80,0,1,1,1
7,700,21.000000,42.000000,0,0,4937297,1345,0,1345,-80,0,1,1,1
7,700,21.000000,42.000000,0,0,4937299,1345,0,1345,-80,0,1,1,1
7,700,21.000000,42.000000,0,0,4937302,1345,0,1345,-80,0,1,1,1
7,700,21.000000,42.000000,0,0,4937305,1345,0,1345,-80,0,1,1,1
7,700,21.000000,42.000000,0,0,4937308,1345,0,1345,-80,0,1,1,1
7,700,21.000000,42.000000,0,0,4937311,1345,0,1345,-80,0,1,1,1
7,700,21.000000,42.000000,0,0,4937313,1345,0,1345,-80,0,1,1,1
7,700,21.000000,42.000000,0,0,4937316,1345,0,1345,-80,0,1,1,1
7,700,21.000000,42.000000,0,0,4937319,1345,0,1345,-80,0,1,1,1
7,700,21.000000,42.000000,0,0,4937322,1345,0,1345,-80,0,1,1,1
7,700,21.000000,42.000000,0,0,4937325,1345,0,1345,-80,0,1,1,1
7,700,21.000000,42.000000,0,0,4937327,1345,0,1345,-80,0,1,1,1
7,700,21.000000,42.000000,0,0,4937330,1345,0,1345,-80,0,1,1,1
7,700,21.000000,42.000000,0,0,4937333,1345,0,1345,-80,0,1,1,1
7,700,21.000000,42.000000,0,0,4937336,1345,0,1345,-80,0,1,1,1
7,700,21.000000,42.000000,0,0,4937338,1345,0,1345,-80,0,1,1,1
7,700,21.000000,42.000000,0,0,4937341,1345,0,1345,-80,0,1,1,1
7,700,21.000000,42.000000,0,0,4937344,1345,0,1345,-80,0,1,1,1
7,700,21.000000,42.000000,0,0,4937347,1345,0,1345,-80,0,1,1,1
7,700,21.000000,42.000000,0,0,4937349,1345,0,1345,-80,0,1,1,1
7,700,21.000000,42.000000,0,0,4937352,1345,0,1345,-80,0,1,1,1
7,700,21.000000,42.000000,0,0,4937355,1345,0,1345,-80,0,1,1,1
7,700,21.000000,42.000000,0,0,4937358,1345,0,1345,-80,0,1,1,1
7,700,21.000000,42.000000,0,0,4937361,1345,0,1345,-80,0,1,1,1
7,700,21.000000,42.000000,0,0,4937363,1345,0,1345,-80,0,1,1,1
7,700,21.000000,42.000000,0,0,4937366,1345,0,1345,-80,0,1,1,1
7,700,21.000000,42.000000,0,0,4937369,1345,0,1345,-80,0,1,1,1
7,700,21.000000,42.000000,0,0,4937372,1345,0,1345,-80,0,1,1,1
7,700,21.000000,42.000000,0,0,4937375,1345,0,1345,-80,0,1,1,1
7,700,21.000000,42.000000,0,0,4937378,1345,0,1345,-80,0,1,1,1
7,700,21.000000,42.000000,0,0,4937380,1345,0,1345,-80,0,1,1,1
7,700,21.000000,42.000000,0,0,4937383,1345,0,1345,-80,0,1,1,1
7,700,21.000000,42.000000,0,0,4937386,1345,0,1345,-80,0,1,1,1
7,700,21.000000,42.000000,0,0,4937388,1345,0,1345,-80,0,1,1,1
7,700,21.000000,42.000000,0,0,4937391,1345,0,1345,-80,0,1,1,1
7,700,21.000000,42.000000,0,0,4937394,1345,0,1345,-80,0,1,1,1
7,700,21.000000,42.000000,0,0,4937397,1345,0,1345,-80,0,1,1,1
7,700,21.000000,42.000000,0,0,4937400,1345,0,1345,-80,0,1,1,1
7,700,21.000000,42.000000,0,0,4937402,1345,0,1345,-80,0,1,1,1
7,700,21.000000,42.000000,0,0,4937405,1345,0,1345,-80,0,1,1,1
7,700,21.000000,42.000000,0,0,4937408,1344,0,1344,-80,0,1,1,1
7,700,21.000000,42.000000,0,0,4937411,1343,0,1343,-80,0,1,1,1
7,700,21.000000,42.000000,0,0,4937414,1342,0,1342,-80,0,1,1,1
7,700,21.000000,42.000000,0,0,4937417,1341,0,1341,-80,0,1,1,1
7,700,21.000000,42.000000,0,0,4937419,1340,0,1340,-80,0,1,1,1
7,700,21.000000,42.000000,0,0,4937422,1339,0,1339,-80,0,1,1,1
7,700,21.000000,42.000000,0,0,4937425,1338,0,1338,-80,0,1,1,1
7,700,21.000000,42.000000,0,0,4937428,1337,0,1337,-80,0,1,1,1
7,700,21.000000,42.000000,0,0,4937430,1336,0,1336,-80,0,1,1,1
7,700,21.000000,42.000000,0,0,4937433,1335,0,1335,-80,0,1,1,1
7,700,21.000000,42.000000,0,0,4937436,1334,0,1334,-80,0,1,1,1
7,700,21.000000,42.000000,0,0,4937439,1334,0,1334,-80,0,1,1,1
7,700,21.000000,42.000000,0,0,4937442,1333,0,1333,-80,0,1,1,1
7,700,21.000000,42.000000,0,0,4937444,1332,0,1332,-80,0,1,1,1
7,700,21.000000,42.000000,0,0,4937447,1331,0,1331,-80,0,1,1,1
7,700,21.000000,42.000000,0,0,4937450,1329,0,1329,-80,0,1,1,1
7,700,21.000000,42.000000,0,0,4937453,1328,0,1328,-80,0,1,1,1
7,700,21.000000,42.000000,0,0,4937455,1327,0,1327,-80,0,1,1,1
7,700,21.000000,42.000000,0,0,4937458,1326,0,1326,-80,0,1,1,1
7,700,21.000000,42.000000,0,0,4937461,1325,0,1325,-80,0,1,1,1
7,700,21.000000,42.000000,0,0,4937464,1324,0,1324,-80,0,1,1,1
7,700,21.000000,42.000000,0,0,4937466,1323,0,1323,-80,0,1,1,1
7,700,21.000000,42.000000,0,0,4937469,1322,0,1322,-80,0,1,1,1
7,700,21.000000,42.000000,0,0,4937472,1320,0,1320,-80,0,1,1,1
7,700,21.000000,42.000000,0,0,4937475,1319,0,1319,-80,0,1,1,1
7,700,21.000000,42.000000,0,0,4937478,1318,0,1318,-80,0,1,1,1
7,700,21.000000,42.000000,0,0,4937480,1317,0,1317,-80,0,1,1,1
7,700,21.000000,42.000000,0,0,4937483,1316,0,1316,-80,0,1,1,1
7,700,21.000000,42.000000,0,0,4937486,1315,0,1315,-80,0,1,1,1
7,700,21.000000,42.000000,0,0,4937489,1313,0,1313,-80,0,1,1,1
7,700,21.000000,42.000000,0,0,4937491,1312,1,1312,-79,0,1,1,1
7,700,21.000000,42.000000,0,0,4937494,1310,1,1310,-79,0,1,1,1
7,700,21.000000,42.000000,0,0,4937497,1309,1,1309,-79,0,1,1,1
7,700,21.000000,42.000000,0,0,4937500,1308,1,1308,-79,0,1,1,1
7,700,21.000000,42.000000,0,0,4937503,1306,1,1306,-79,0,1,1,1
7,700,21.000000,42.000000,0,0,4937506,1305,1,1305,-79,0,1,1,1
7,700,21.000000,42.000000,0,0,4937508,1303,1,1303,-79,0,1,1,1
7,700,21.000000,42.000000,0,0,4937511,1302,1,1302,-79,0,1,1,1
7,700,21.000000,42.000000,0,0,4937514,1301,1,1301,-79,0,1,1,1
7,700,21.000000,42.000000,0,0,4937517,1300,1,1300,-79,0,1,1,1
7,700,21.000000,42.000000,0,0,4937519,1299,1,1299,-79,0,1,1,1
7,700,21.000000,42.000000,0,0,4937522,1299,2,1299,-78,0,1,1,1
7,700,21.000000,42.000000,0,0,4937525,1298,3,1298,-77,0,1,1,1
7,700,21.000000,42.000000,0,0,4937528,1298,3,1298,-77,0,1,1,1
7,700,21.000000,42.000000,0,0,4937530,1298,3,1298,-77,0,1,1,1
7,700,21.000000,42.000000,0,0,4937533,1298,3,1298,-77,0,1,1,1
7,700,21.000000,42.000000,0,0,4937536,1298,3,1298,-77,0,1,1,1
7,700,21.000000,42.000000,0,0,4937539,1298,3,1298,-77,0,1,1,1
7,700,21.000000,42.000000,0,0,4937542,1298,3,1298,-77,0,1,1,1
7,700,21.000000,42.000000,0,0,4937544,1298,3,1298,-77,0,1,1,1
7,700,21.000000,42.000000,0,0,4937547,1298,3,1298,-77,0,1,1,1
7,700,21.000000,42.000000,0,0,4937550,1298,3,1298,-77,0,1,1,1
7,700,21.000000,42.000000,0,0,4937553,1298,3,1298,-77,0,1,1,1
7,700,21.000000,42.000000,0,0,4937555,1298,3,1298,-77,0,1,1,1
7,700,21.000000,42.000000,0,0,4937558,1298,3,1298,-77,0,1,1,1
7,700,21.000000,42.000000,0,0,4937561,1298,3,1298,-77,0,1,1,1
7,700,21.000000,42.000000,0,0,4937564,1298,3,1298,-77,0,1,1,1
7,700,21.000000,42.000000,0,0,4937567,1298,3,1298,-77,0,1,1,1
7,700,21.000000,42.000000,0,0,4937569,1298,3,1298,-77,0,1,1,1
7,700,21.000000,42.000000,0,0,4937572,1298,3,1298,-77,0,1,1,1
7,700,21.000000,42.000000,0,0,4937575,1298,3,1298,-77,0,1,1,1
7,700,21.000000,42.000000,0,0,4937578,1298,3,1298,-77,0,1,1,1
7,700,21.000000,42.000000,0,0,4937580,1298,3,1298,-77,0,1,1,1
7,700,21.000000,42.000000,0,0,4937583,1298,3,1298,-77,0,1,1,1
7,700,21.000000,42.000000,0,0,4937586,1298,3,1298,-77,0,1,1,1
7,700,21.000000,42.000000,0,0,4937589,1298,3,1298,-77,0,1,1,1
7,700,21.000000,42.000000,0,0,4937591,1298,3,1298,-77,0,1,1,1
7,700,21.000000,42.000000,0,0,4937594,1298,3,1298,-77,0,1,1,1
7,700,21.000000,42.000000,0,0,4937597,1298,3,1298,-77,0,1,1,1
7,700,21.000000,42.000000,0,0,4937600,1298,3,1298,-77,0,1,1,1
7,700,21.000000,42.000000,0,0,4937603,1298,3,1298,-77,0,1,1,1
7,700,21.000000,42.000000,0,0,4937605,1298,3,1298,-77,0,1,1,1
7,700,21.000000,42.000000,0,0,4937608,1298,3,1298,-77,0,1,1,1
7,700,21.000000,42.000000,0,0,4937611,1298,3,1298,-77,0,1,1,1
7,700,21.000000,42.000000,0,0,4937614,1298,3,1298,-77,0,1,1,1
7,700,21.000000,42.000000,0,0,4937616,1298,3,1298,-77,0,1,1,1
7,700,21.000000,42.000000,0,0,4937619,1298,3,1298,-77,0,1,1,1
7,700,21.000000,42.000000,0,0,4937622,1298,3,1298,-77,0,1,1,1
7,700,21.000000,42.000000,0,0,4937625,1298,3,1298,-77,0,1,1,1
7,700,21.000000,42.000000,0,0,4937628,1298,3,1298,-77,0,1,1,1
7,700,21.000000,42.000000,0,0,4937631,1298,3,1298,-77,0,1,1,1
7,700,21.000000,42.000000,0,0,4937633,1298,3,1298,-77,0,1,1,1
7,700,21.000000,42.000000,0,0,4937636,1298,3,1298,-77,0,1,1,1
7,700,21.000000,42.000000,0,0,4937639,1298,3,1298,-77,0,1,1,1
7,700,21.000000,42.000000,0,0,4937642,1298,3,1298,-77,0,1,1,1
7,700,21.000000,42.000000,0,0,4937644,1298,3,1298,-77,0,1,1,1
7,700,21.000000,42.000000,0,0,4937647,1298,3,1298,-77,0,1,1,1
7,700,21.000000,42.000000,0,0,4937650,1298,3,1298,-77,0,1,1,1
7,700,21.000000,42.000000,0,0,4937653,1298,3,1298,-77,0,1,1,1
7,700,21.000000,42.000000,0,0,4937656,1298,3,1298,-77,0,1,1,1
7,700,21.000000,42.000000,0,0,4937658,1298,3,1298,-77,0,1,1,1
7,700,21.000000,42.000000,0,0,4937661,1299,3,1299,-77,0,1,1,1
7,700,21.000000,42.000000,0,0,4937664,1300,3,1300,-77,0,1,1,1
7,700,21.000000,42.000000,0,0,4937667,1300,3,1300,-77,0,1,1,1
7,700,21.000000,42.000000,0,0,4937669,1301,3,1301,-77,0,1,1,1
7,700,21.000000,42.000000,0,0,4937672,1302,3,1302,-77,0,1,1,1
7,700,21.000000,42.000000,0,0,4937675,1303,3,1303,-77,0,1,1,1
7,700,21.000000,42.000000,0,0,4937678,1304,3,1304,-77,0,1,1,1
7,700,21.000000,42.000000,0,0,4937681,1305,2,1305,-78,0,1,1,1
7,700,21.000000,42.000000,0,0,4937683,1306,1,1306,-79,0,1,1,1
7,700,21.000000,42.000000,0,0,4937686,1307,1,1307,-79,0,1,1,1
7,700,21.000000,42.000000,0,0,4937689,1308,1,1308,-79,0,1,1,1
7,700,21.000000,42.000000,0,0,4937692,1309,1,1309,-79,0,1,1,1
7,700,21.000000,42.000000,0,0,4937694,1310,1,1310,-79,0,1,1,1
7,700,21.000000,42.000000,0,0,4937697,1311,1,1311,-79,0,1,1,1
7,700,21.000000,42.000000,0,0,4937700,1312,1,1312,-79,0,1,1,1
7,700,21.000000,42.000000,0,0,4937703,1312,0,1312,-80,0,1,1,1
7,700,21.000000,42.000000,0,0,4937706,1313,0,1313,-80,0,1,1,1
7,700,21.000000,42.000000,0,0,4937708,1314,0,1314,-80,0,1,1,1
7,700,21.000000,42.000000,0,0,4937711,1314,0,1314,-80,0,1,1,1
7,700,21.000000,42.000000,0,0,4937714,1315,0,1315,-80,0,1,1,1
7,700,21.000000,42.000000,0,0,4937716,1315,0,1315,-80,0,1,1,1
7,700,21.000000,42.000000,0,0,4937719,1316,0,1316,-80,0,1,1,1
7,700,21.000000,42.000000,0,0,4937722,1316,0,1316,-80,0,1,1,1
7,700,21.000000,42.000000,0,0,4937725,1316,0,1316,-80,0,1,1,1
7,700,21.000000,42.000000,0,0,4937727,1316,0,1316,-80,0,1,1,1
7,700,21.000000,42.000000,0,0,4937730,1316,0,1316,-80,0,1,1,1
7,700,21.000000,42.000000,0,0,4937733,1316,0,1316,-80,0,1,1,1
7,700,21.000000,42.000000,0,0,4937736,1316,0,1316,-80,0,1,1,1
7,700,21.000000,42.000000,0,0,4937739,1316,0,1316,-80,0,1,1,1
7,700,21.000000,42.000000,0,0,4937741,1316,0,1316,-80,0,1,1,1
7,700,21.000000,42.000000,0,0,4937744,1316,0,1316,-80,0,1,1,1
7,700,21.000000,42.000000,0,0,4937747,1316,0,1316,-80,0,1,1,1
7,700,21.000000,42.000000,0,0,4937750,1316,0,1316,-80,0,1,1,1
7,700,21.000000,42.000000,0,0,4937752,1316,0,1316,-80,0,1,1,1
7,700,21.000000,42.000000,0,0,4937755,1316,0,1316,-80,0,1,1,1
7,700,21.000000,42.000000,0,0,4937758,1316,0,1316,-80,0,1,1,1
7,700,21.000000,42.000000,0,0,4937761,1316,0,1316,-80,0,1,1,1
7,700,21.000000,42.000000,0,0,4937764,1316,0,1316,-80,0,1,1,1
7,700,21.000000,42.000000,0,0,4937766,1316,0,1316,-80,0,1,1,1
7,700,21.000000,42.000000,0,0,4937769,1316,0,1316,-80,0,1,1,1
7,700,21.000000,42.000000,0,0,4937772,1316,0,1316,-80,0,1,1,1
7,700,21.000000,42.000000,0,0,4937775,1316,0,1316,-80,0,1,1,1
7,700,21.000000,42.000000,0,0,4937778,1316,0,1316,-80,0,1,1,1
7,700,21.000000,42.000000,0,0,4937781,1316,0,1316,-80,0,1,1,1
7,700,21.000000,42.000000,0,0,4937783,1316,0,1316,-80,0,1,1,1
7,700,21.000000,42.000000,0,0,4937786,1316,0,1316,-80,0,1,1,1
7,700,21.000000,42.000000,0,0,4937789,1316,0,1316,-80,0,1,1,1
7,700,21.000000,42.000000,0,0,4937792,1316,0,1316,-80,0,1,1,1
7,700,21.000000,42.000000,0,0,4937794,1316,0,1316,-80,0,1,1,1
7,700,21.000000,42.000000,0,0,4937797,1316,0,1316,-80,0,1,1,1
7,700,21.000000,42.000000,0,0,4937800,1316,0,1316,-80,0,1,1,1
7,700,21.000000,42.000000,0,0,4937803,1316,0,1316,-80,0,1,1,1
7,700,21.000000,42.000000,0,0,4937806,1316,0,1316,-80,0,1,1,1
7,700,21.000000,42.000000,0,0,4937808,1316,0,1316,-80,0,1,1,1
7,700,21.000000,42.000000,0,0,4937811,1316,0,1316,-80,0,1,1,1
7,700,21.000000,42.000000,0,0,4937814,1316,0,1316,-80,0,1,1,1
7,700,21.000000,42.000000,0,0,4937817,1316,0,1316,-80,0,1,1,1
7,700,21.000000,42.000000,0,0,4937819,1316,0,1316,-80,0,1,1,1
7,700,21.000000,42.000000,0,0,4937822,1316,0,1316,-80,0,1,1,1
7,700,21.000000,42.000000,0,0,4937825,1316,0,1316,-80,0,1,1,1
7,700,21.000000,42.000000,0,0,4937828,1316,0,1316,-80,0,1,1,1
7,700,21.000000,42.000000,0,0,4937831,1316,0,1316,-80,0,1,1,1
7,700,21.000000,42.000000,0,0,4937833,1316,0,1316,-80,0,1,1,1
7,700,21.000000,42.000000,0,0,4937836,1316,0,1316,-80,0,1,1,1
7,700,21.000000,42.000000,0,0,4937839,1316,0,1316,-80,0,1,1,1
7,700,21.000000,42.000000,0,0,4937842,1316,0,1316,-80,0,1,1,1
7,700,21.000000,42.000000,0,0,4937844,1316,0,1316,-80,0,1,1,1
7,700,21.000000,42.000000,0,0,4937847,1316,0,1316,-80,0,1,1,1
7,700,21.000000,42.000000,0,0,4937850,1316,0,1316,-80,0,1,1,1
7,700,21.000000,42.000000,0,0,4937853,1316,0,1316,-80,0,1,1,1
7,700,21.000000,42.000000,0,0,4937856,1316,0,1316,-80,0,1,1,1
7,700,21.000000,42.000000,0,0,4937858,1316,0,1316,-80,0,1,1,1
7,700,21.000000,42.000000,0,0,4937861,1316,0,1316,-80,0,1,1,1
7,700,21.000000,42.000000,0,0,4937864,1316,0,1316,-80,0,1,1,1
7,700,21.000000,42.000000,0,0,4937867,1316,0,1316,-80,0,1,1,1
7,700,21.000000,42.000000,0,0,4937870,1316,0,1316,-80,0,1,1,1
7,700,21.000000,42.000000,0,0,4937873,1316,0,1316,-80,0,1,1,1
7,700,21.000000,42.000000,0,0,4937875,1316,0,1316,-80,0,1,1,1
7,700,21.000000,42.000000,0,0,4937878,1316,0,1316,-80,0,1,1,1
7,700,21.000000,42.000000,0,0,4937881,1316,0,1316,-80,0,1,1,1
7,700,21.000000,42.000000,0,0,4937883,1316,0,1316,-80,0,1,1,1
7,700,21.000000,42.000000,0,0,4937886,1316,0,1316,-80,0,1,1,1
7,700,21.000000,42.000000,0,0,4937889,1316,0,1316,-80,0,1,1,1
7,700,21.000000,42.000000,0,0,4937891,1316,0,1316,-80,0,1,1,1
7,700,21.000000,42.000000,0,0,4937894,1316,0,1316,-80,0,1,1,1
7,700,21.000000,42.000000,0,0,4937897,1316,0,1316,-80,0,1,1,1
7,700,21.000000,42.000000,0,0,4937900,1316,0,1316,-80,0,1,1,1
7,700,21.000000,42.000000,0,0,4937903,1316,0,1316,-80,0,1,1,1
7,700,21.000000,42.000000,0,0,4937905,1316,0,1316,-80,0,1,1,1
7,700,21.000000,42.000000,0,0,4937908,1316,0,1316,-80,0,1,1,1
7,700,21.000000,42.000000,0,0,4937911,1316,0,1316,-80,0,1,1,1
7,700,21.000000,42.000000,0,0,4937914,1316,0,1316,-80,0,1,1,1
7,700,21.000000,42.000000,0,0,4937917,1316,0,1316,-80,0,1,1,1
7,700,21.000000,42.000000,0,0,4937919,1316,0,1316,-80,0,1,1,1
7,700,21.000000,42.000000,0,0,4937922,1316,0,1316,-80,0,1,1,1
7,700,21.000000,42.000000,0,0,4937925,1316,0,1316,-80,0,1,1,1
7,700,21.000000,42.000000,0,0,4937928,1316,0,1316,-80,0,1,1,1
7,700,21.000000,42.000000,0,0,4937930,1316,0,1316,-80,0,1,1,1
7,700,21.000000,42.000000,0,0,4937944,1316,0,1316,-80,0,1,1,1
