7,700,21.000000,42.000000,0,0,5309651,615,0,615,0,0,26,5,0
7,700,21.000000,42.000000,0,0,5309652,615,0,615,0,0,26,5,0
7,700,21.000000,42.000000,0,0,5309655,615,0,615,0,0,26,5,0
7,700,21.000000,42.000000,0,0,5309657,615,0,615,0,0,26,5,0
7,700,21.000000,42.000000,0,0,5309660,615,0,615,0,0,26,5,0
7,700,21.000000,42.000000,0,0,5309663,615,0,615,0,0,26,5,0
7,700,21.000000,42.000000,0,0,5309666,615,0,615,0,0,26,5,0
7,700,21.000000,42.000000,0,0,5309668,615,0,615,0,0,26,5,0
7,700,21.000000,42.000000,0,0,5309671,615,0,615,0,0,26,5,0
7,700,21.000000,42.000000,0,0,5309674,615,0,615,0,0,26,5,0
7,700,21.000000,42.000000,0,0,5309677,615,0,615,0,0,26,5,0
7,700,21.000000,42.000000,0,0,5309679,615,0,615,0,0,26,5,0
7,700,21.000000,42.000000,0,0,5309682,615,0,615,0,0,26,5,0
7,700,21.000000,42.000000,0,0,5309685,615,0,615,0,0,26,5,0
7,700,21.000000,42.000000,0,0,5309688,615,0,615,0,0,26,5,0
7,700,21.000000,42.000000,0,0,5309690,615,0,615,0,0,26,5,0
7,700,21.000000,42.000000,0,0,5309693,615,0,615,0,0,26,5,0
7,700,21.000000,42.000000,0,0,5309696,615,0,615,0,0,26,5,0
7,700,21.000000,42.000000,0,0,5309699,615,0,615,0,0,26,5,0
7,700,21.000000,42.000000,0,0,5309702,615,0,615,-1,0,26,5,0
7,700,21.000000,42.000000,0,0,5309704,615,0,615,-2,0,26,5,0
7,700,21.000000,42.000000,0,0,5309707,615,0,615,-2,0,26,5,0
7,700,21.000000,42.000000,0,0,5309710,615,0,615,-3,0,26,5,0
7,700,21.000000,42.000000,0,0,5309713,615,0,615,-4,0,26,5,0
7,700,21.000000,42.000000,0,0,5309715,615,0,615,-4,0,26,5,0
7,700,21.000000,42.000000,0,0,5309718,615,0,615,-4,0,26,5,0
7,700,21.000000,42.000000,0,0,5309721,615,0,615,-5,0,26,5,0
7,700,21.000000,42.000000,0,0,5309724,615,0,615,-6,0,26,5,0
7,700,21.000000,42.000000,0,0,5309727,615,0,615,-6,0,26,5,0
7,700,21.000000,42.000000,0,0,5309730,615,0,615,-6,0,26,5,0
7,700,21.000000,42.000000,0,0,5309732,615,0,615,-6,0,26,5,0
7,700,21.000000,42.000000,0,0,5309735,615,0,615,-7,0,26,5,0
7,700,21.000000,42.000000,0,0,5309738,615,0,615,-7,0,26,5,0
7,700,21.000000,42.000000,0,0,5309741,615,0,615,-7,0,26,5,0
7,700,21.000000,42.000000,0,0,5309744,615,0,615,-7,0,26,5,0
7,700,21.000000,42.000000,0,0,5309747,615,0,615,-8,0,26,5,0
7,700,21.000000,42.000000,0,0,5309750,615,0,615,-9,0,26,5,0
7,700,21.000000,42.000000,0,0,5309753,615,0,615,-9,0,26,5,0
7,700,21.000000,42.000000,0,0,5309756,615,0,615,-9,0,26,5,0
7,700,21.000000,42.000000,0,0,5309758,615,0,615,-9,0,26,5,0
7,700,21.000000,42.000000,0,0,5309761,615,0,615,-9,0,26,5,0
7,700,21.000000,42.000000,0,0,5309764,615,0,615,-9,0,26,5,0
7,700,21.000000,42.000000,0,0,5309766,615,0,615,-9,0,26,5,0
7,700,21.000000,42.000000,0,0,5309769,615,0,615,-9,0,26,5,0
7,700,21.000000,42.000000,0,0,5309772,615,0,615,-9,0,26,5,0
7,700,21.000000,42.000000,0,0,5309774,615,0,615,-9,0,26,5,0
7,700,21.000000,42.000000,0,0,5309777,615,0,615,-9,0,26,5,0
7,700,21.000000,42.000000,0,0,5309780,615,0,615,-10,0,26,5,0
7,700,21.000000,42.000000,0,0,5309782,615,0,615,-10,0,26,5,0
7,700,21.000000,42.000000,0,0,5309785,615,0,615,-10,0,26,5,0
7,700,21.000000,42.000000,0,0,5309788,615,0,615,-11,0,26,5,0
7,700,21.000000,42.000000,0,0,5309791,616,0,616,-12,0,26,5,0
7,700,21.000000,42.000000,0,0,5309793,617,0,617,-13,0,26,5,0
7,700,21.000000,42.000000,0,0,5309796,618,0,618,-13,0,26,5,0
7,700,21.000000,42.000000,0,0,5309799,618,0,618,-14,0,26,5,0
7,700,21.000000,42.000000,0,0,5309802,619,0,619,-14,0,26,5,0
7,700,21.000000,42.000000,0,0,5309804,619,0,619,-14,0,26,5,0
7,700,21.000000,42.000000,0,0,5309807,620,0,620,-14,0,26,5,0
7,700,21.000000,42.000000,0,0,5309810,621,0,621,-15,0,26,5,0
7,700,21.000000,42.000000,0,0,5309813,621,0,621,-16,0,26,5,0
7,700,21.000000,42.000000,0,0,5309816,622,0,622,-16,0,26,5,0
7,700,21.000000,42.000000,0,0,5309818,623,0,623,-17,0,26,5,0
7,700,21.000000,42.000000,0,0,5309821,624,0,624,-18,0,26,5,0
7,700,21.000000,42.000000,0,0,5309824,625,0,625,-19,0,26,5,0
7,700,21.000000,42.000000,0,0,5309827,626,0,626,-20,0,26,5,0
7,700,21.000000,42.000000,0,0,5309830,627,0,627,-21,0,26,5,0
7,700,21.000000,42.000000,0,0,5309832,629,0,629,-21,0,26,5,0
7,700,21.000000,42.000000,0,0,5309835,631,0,631,-22,0,26,5,0
7,700,21.000000,42.000000,0,0,5309838,633,0,633,-24,0,26,5,0
7,700,21.000000,42.000000,0,0,5309840,635,0,635,-25,0,26,5,0
7,700,21.000000,42.000000,0,0,5309844,638,0,638,-26,0,26,5,0
7,700,21.000000,42.000000,0,0,5309846,641,0,641,-27,0,26,5,0
7,700,21.000000,42.000000,0,0,5309849,646,0,646,-29,0,26,5,0
7,700,21.000000,42.000000,0,0,5309852,650,0,650,-30,0,26,5,0
7,700,21.000000,42.000000,0,0,5309855,654,0,654,-30,0,26,5,0
7,700,21.000000,42.000000,0,0,5309858,658,0,658,-32,0,26,5,0
7,700,21.000000,42.000000,0,0,5309860,662,0,662,-32,0,26,5,0
7,700,21.000000,42.000000,0,0,5309863,665,0,665,-33,0,26,5,0
7,700,21.000000,42.000000,0,0,5309866,670,0,670,-35,0,26,5,0
7,700,21.000000,42.000000,0,0,5309869,675,0,675,-36,0,26,5,0
7,700,21.000000,42.000000,0,0,5309871,681,0,681,-38,0,26,5,0
7,700,21.000000,42.000000,0,0,5309874,686,0,686,-39,0,26,5,0
7,700,21.000000,42.000000,0,0,5309877,692,0,692,-41,0,26,5,0
7,700,21.000000,42.000000,0,0,5309880,697,0,697,-42,0,26,5,0
7,700,21.000000,42.000000,0,0,5309882,705,0,705,-45,0,26,5,0
7,700,21.000000,42.000000,0,0,5309885,708,0,708,-46,0,26,5,0
7,700,21.000000,42.000000,0,0,5309888,715,0,715,-48,0,26,5,0
7,700,21.000000,42.000000,0,0,5309891,722,0,722,-49,0,26,5,0
7,700,21.000000,42.000000,0,0,5309894,728,0,728,-50,0,26,5,0
7,700,21.000000,42.000000,0,0,5309897,739,0,739,-54,0,26,5,0
7,700,21.000000,42.000000,0,0,5309899,747,0,747,-55,0,26,5,0
7,700,21.000000,42.000000,0,0,5309902,753,0,753,-57,0,26,5,0
7,700,21.000000,42.000000,0,0,5309905,762,0,762,-59,0,26,5,0
7,700,21.000000,42.000000,0,0,5309908,769,0,769,-61,0,26,5,0
7,700,21.000000,42.000000,0,0,5309910,776,0,776,-64,0,26,5,0
7,700,21.000000,42.000000,0,0,5309913,781,0,781,-65,0,26,5,0
7,700,21.000000,42.000000,0,0,5309916,789,0,789,-67,0,26,5,0
7,700,21.000000,42.000000,0,0,5309919,796,0,796,-69,0,26,5,0
7,700,21.000000,42.000000,0,0,5309921,802,0,802,-70,0,26,5,0
7,700,21.000000,42.000000,0,0,5309924,809,0,809,-71,0,26,5,0
7,700,21.000000,42.000000,0,0,5309927,821,0,821,-74,0,26,5,0
7,700,21.000000,42.000000,0,0,5309930,827,0,827,-75,0,26,5,0
7,700,21.000000,42.000000,0,0,5309933,830,0,830,-76,0,26,5,0
7,700,21.000000,42.000000,0,0,5309935,836,0,836,-77,0,26,5,0
7,700,21.000000,42.000000,0,0,5309938,842,0,842,-79,0,26,5,0
7,700,21.000000,42.000000,0,0,5309941,848,0,848,-79,0,26,5,0
7,700,21.000000,42.000000,0,0,5309944,853,0,853,-81,0,26,5,0
7,700,21.000000,42.000000,0,0,5309946,857,0,857,-81,0,26,5,0
7,700,21.000000,42.000000,0,0,5309949,862,0,862,-82,0,26,5,0
7,700,21.000000,42.000000,0,0,5309952,868,0,868,-83,0,26,5,0
7,700,21.000000,42.000000,0,0,5309955,873,0,873,-84,0,26,5,0
7,700,21.000000,42.000000,0,0,5309957,878,0,878,-85,0,26,5,0
7,700,21.000000,42.000000,0,0,5309960,883,0,883,-87,0,26,5,0
7,700,21.000000,42.000000,0,0,5309963,889,0,889,-88,0,26,5,0
7,700,21.000000,42.000000,0,0,5309966,894,0,894,-90,0,26,5,0
7,700,21.000000,42.000000,0,0,5309969,899,0,899,-91,0,26,5,0
7,700,21.000000,42.000000,0,0,5309971,904,0,904,-92,0,26,5,0
7,700,21.000000,42.000000,0,0,5309974,908,0,908,-92,0,26,5,0
7,700,21.000000,42.000000,0,0,5309977,913,0,913,-93,0,26,5,0
7,700,21.000000,42.000000,0,0,5309980,918,0,918,-94,0,26,5,0
7,700,21.000000,42.000000,0,0,5309982,923,0,923,-95,0,26,5,0
7,700,21.000000,42.000000,0,0,5309985,927,0,927,-95,0,26,5,0
7,700,21.000000,42.000000,0,0,5309988,930,0,930,-96,0,26,5,0
7,700,21.000000,42.000000,0,0,5309991,936,0,936,-98,0,26,5,0
7,700,21.000000,42.000000,0,0,5309994,941,0,941,-98,0,26,5,0
7,700,21.000000,42.000000,0,0,5309996,946,0,946,-99,0,26,5,0
7,700,21.000000,42.000000,0,0,5309999,951,0,951,-99,0,26,5,0
7,700,21.000000,42.000000,0,0,5310002,955,0,955,-100,0,26,5,0
7,700,21.000000,42.000000,0,0,5310005,959,0,959,-101,0,26,5,0
7,700,21.000000,42.000000,0,0,5310007,964,0,964,-101,0,26,5,0
7,700,21.000000,42.000000,0,0,5310010,966,0,966,-102,0,26,5,0
7,700,21.000000,42.000000,0,0,5310013,970,0,970,-103,0,26,5,0
7,700,21.000000,42.000000,0,0,5310016,973,0,973,-104,0,26,5,0
7,700,21.000000,42.000000,0,0,5310019,978,0,978,-105,0,26,5,0
7,700,21.000000,42.000000,0,0,5310021,981,0,981,-105,0,26,5,0
7,700,21.000000,42.000000,0,0,5310024,986,0,986,-106,0,26,5,0
7,700,21.000000,42.000000,0,0,5310027,989,0,989,-106,0,26,5,0
7,700,21.000000,42.000000,0,0,5310030,992,0,992,-107,0,26,5,0
7,700,21.000000,42.000000,0,0,5310033,996,0,996,-107,0,26,5,0
7,700,21.000000,42.000000,0,0,5310035,1000,0,1000,-108,0,26,5,0
7,700,21.000000,42.000000,0,0,5310038,1004,0,1004,-109,0,26,5,0
7,700,21.000000,42.000000,0,0,5310041,1006,0,1006,-109,0,26,5,0
7,700,21.000000,42.000000,0,0,5310044,1009,0,1009,-110,0,26,5,0
7,700,21.000000,42.000000,0,0,5310046,1013,0,1013,-111,0,26,5,0
7,700,21.000000,42.000000,0,0,5310049,1016,0,1016,-111,0,26,5,0
7,700,21.000000,42.000000,0,0,5310052,1020,0,1020,-112,0,26,5,0
7,700,21.000000,42.000000,0,0,5310055,1024,0,1024,-113,0,26,5,0
7,700,21.000000,42.000000,0,0,5310058,1027,0,1027,-114,0,26,5,0
7,700,21.000000,42.000000,0,0,5310060,1030,0,1030,-115,0,26,5,0
7,700,21.000000,42.000000,0,0,5310063,1032,0,1032,-115,0,26,5,0
7,700,21.000000,42.000000,0,0,5310066,1037,0,1037,-117,0,26,5,0
7,700,21.000000,42.000000,0,0,5310069,1039,0,1039,-118,0,26,5,0
7,700,21.000000,42.000000,0,0,5310071,1042,0,1042,-118,0,26,5,0
7,700,21.000000,42.000000,0,0,5310074,1044,0,1044,-119,0,26,5,0
7,700,21.000000,42.000000,0,0,5310077,1046,0,1046,-119,0,26,5,0
7,700,21.000000,42.000000,0,0,5310080,1049,0,1049,-120,0,26,5,0
7,700,21.000000,42.000000,0,0,5310083,1052,0,1052,-121,0,26,5,0
7,700,21.000000,42.000000,0,0,5310085,1054,0,1054,-121,0,26,5,0
7,700,21.000000,42.000000,0,0,5310088,1056,0,1056,-122,0,26,5,0
7,700,21.000000,42.000000,0,0,5310090,1059,0,1059,-122,0,26,5,0
7,700,21.000000,42.000000,0,0,5310093,1063,0,1063,-122,0,26,5,0
7,700,21.000000,42.000000,0,0,5310096,1067,0,1067,-124,0,26,5,0
7,700,21.000000,42.000000,0,0,5310099,1069,0,1069,-124,0,26,5,0
7,700,21.000000,42.000000,0,0,5310102,1072,0,1072,-125,0,26,5,0
7,700,21.000000,42.000000,0,0,5310104,1074,0,1074,-125,0,26,5,0
7,700,21.000000,42.000000,0,0,5310107,1076,0,1076,-126,0,26,5,0
7,700,21.000000,42.000000,0,0,5310110,1079,0,1079,-126,0,26,5,0
7,700,21.000000,42.000000,0,0,5310113,1081,0,1081,-126,0,26,5,0
7,700,21.000000,42.000000,0,0,5310116,1083,0,1083,-127,0,26,5,0
7,700,21.000000,42.000000,0,0,5310119,1086,0,1086,-128,0,26,5,0
7,700,21.000000,42.000000,0,0,5310121,1089,0,1089,-128,0,26,5,0
7,700,21.000000,42.000000,0,0,5310124,1092,0,1092,-129,0,26,5,0
7,700,21.000000,42.000000,0,0,5310127,1095,0,1095,-130,0,26,5,0
7,700,21.000000,42.000000,0,0,5310130,1098,0,1098,-130,0,26,5,0
7,700,21.000000,42.000000,0,0,5310133,1101,0,1101,-131,0,26,5,0
7,700,21.000000,42.000000,0,0,5310135,1104,0,1104,-132,0,26,5,0
7,700,21.000000,42.000000,0,0,5310138,1108,0,1108,-133,0,26,5,0
7,700,21.000000,42.000000,0,0,5310141,1111,0,1111,-133,0,26,5,0
7,700,21.000000,42.000000,0,0,5310144,1115,0,1115,-134,0,26,5,0
7,700,21.000000,42.000000,0,0,5310146,1118,0,1118,-135,0,26,5,0
7,700,21.000000,42.000000,0,0,5310149,1121,0,1121,-135,0,26,5,0
7,700,21.000000,42.000000,0,0,5310152,1125,0,1125,-136,0,26,5,0
7,700,21.000000,42.000000,0,0,5310155,1128,0,1128,-137,0,26,5,0
7,700,21.000000,42.000000,0,0,5310158,1131,0,1131,-137,0,26,5,0
7,700,21.000000,42.000000,0,0,5310160,1134,0,1134,-137,0,26,5,0
7,700,21.000000,42.000000,0,0,5310163,1138,0,1138,-138,0,26,5,0
7,700,21.000000,42.000000,0,0,5310166,1141,0,1141,-138,0,26,5,0
7,700,21.000000,42.000000,0,0,5310169,1144,0,1144,-138,0,26,5,0
7,700,21.000000,42.000000,0,0,5310171,1146,0,1146,-138,0,26,5,0
7,700,21.000000,42.000000,0,0,5310174,1148,0,1148,-139,0,26,5,0
7,700,21.000000,42.000000,0,0,5310177,1149,0,1149,-139,0,26,5,0
7,700,21.000000,42.000000,0,0,5310180,1150,0,1150,-139,0,26,5,0
7,700,21.000000,42.000000,0,0,5310183,1151,0,1151,-139,0,26,5,0
7,700,21.000000,42.000000,0,0,5310185,1153,0,1153,-139,0,26,5,0
7,700,21.000000,42.000000,0,0,5310188,1155,0,1155,-140,0,26,5,0
7,700,21.000000,42.000000,0,0,5310191,1159,0,1159,-141,0,26,5,0
7,700,21.000000,42.000000,0,0,5310194,1163,0,1163,-142,0,26,5,0
7,700,21.000000,42.000000,0,0,5310197,1165,0,1165,-142,0,26,5,0
7,700,21.000000,42.000000,0,0,5310199,1166,0,1166,-142,0,26,5,0
7,700,21.000000,42.000000,0,0,5310202,1167,0,1167,-142,0,26,5,0
7,700,21.000000,42.000000,0,0,5310205,1169,0,1169,-142,0,26,5,0
7,700,21.000000,42.000000,0,0,5310208,1170,0,1170,-142,0,26,5,0
7,700,21.000000,42.000000,0,0,5310210,1171,0,1171,-143,0,26,5,0
7,700,21.000000,42.000000,0,0,5310213,1172,0,1172,-143,0,26,5,0
7,700,21.000000,42.000000,0,0,5310216,1173,0,1173,-143,0,26,5,0
7,700,21.000000,42.000000,0,0,5310219,1176,0,1176,-143,0,26,5,0
7,700,21.000000,42.000000,0,0,5310222,1178,0,1178,-143,0,26,5,0
7,700,21.000000,42.000000,0,0,5310224,1179,0,1179,-143,0,26,5,0
7,700,21.000000,42.000000,0,0,5310227,1181,0,1181,-143,0,26,5,0
7,700,21.000000,42.000000,0,0,5310230,1182,0,1182,-143,0,26,5,0
7,700,21.000000,42.000000,0,0,5310233,1184,0,1184,-143,0,26,5,0
7,700,21.000000,42.000000,0,0,5310235,1186,0,1186,-143,0,26,5,0
7,700,21.000000,42.000000,0,0,5310238,1188,0,1188,-143,0,26,5,0
7,700,21.000000,42.000000,0,0,5310241,1189,0,1189,-143,0,26,5,0
7,700,21.000000,42.000000,0,0,5310244,1191,0,1191,-143,0,26,5,0
7,700,21.000000,42.000000,0,0,5310247,1194,0,1194,-143,0,26,5,0
7,700,21.000000,42.000000,0,0,5310249,1195,0,1195,-143,0,26,5,0
7,700,21.000000,42.000000,0,0,5310252,1197,0,1197,-143,0,26,5,0
7,700,21.000000,42.000000,0,0,5310255,1200,0,1200,-143,0,26,5,0
7,700,21.000000,42.000000,0,0,5310258,1203,0,1203,-143,0,26,5,0
7,700,21.000000,42.000000,0,0,5310261,1204,0,1204,-143,0,26,5,0
7,700,21.000000,42.000000,0,0,5310263,1206,0,1206,-143,0,26,5,0
7,700,21.000000,42.000000,0,0,5310266,1208,0,1208,-143,0,26,5,0
7,700,21.000000,42.000000,0,0,5310269,1209,0,1209,-143,0,26,5,0
7,700,21.000000,42.000000,0,0,5310272,1211,0,1211,-143,0,26,5,0
7,700,21.000000,42.000000,0,0,5310274,1213,0,1213,-143,0,26,5,0
7,700,21.000000,42.000000,0,0,5310277,1216,0,1216,-143,0,26,5,0
7,700,21.000000,42.000000,0,0,5310280,1219,0,1219,-144,0,26,5,0
7,700,21.000000,42.000000,0,0,5310283,1222,0,1222,-144,0,26,5,0
7,700,21.000000,42.000000,0,0,5310285,1223,0,1223,-144,0,26,5,0
7,700,21.000000,42.000000,0,0,5310288,1226,0,1226,-144,0,26,5,0
7,700,21.000000,42.000000,0,0,5310291,1229,0,1229,-144,0,26,5,0
7,700,21.000000,42.000000,0,0,5310294,1232,0,1232,-144,0,26,5,0
7,700,21.000000,42.000000,0,0,5310297,1233,0,1233,-144,0,26,5,0
7,700,21.000000,42.000000,0,0,5310299,1236,0,1236,-145,0,26,5,0
7,700,21.000000,42.000000,0,0,5310302,1239,0,1239,-145,0,26,5,0
7,700,21.000000,42.000000,0,0,5310305,1242,0,1242,-145,0,26,5,0
7,700,21.000000,42.000000,0,0,5310308,1245,0,1245,-145,0,26,5,0
7,700,21.000000,42.000000,0,0,5310310,1247,0,1247,-145,0,26,5,0
7,700,21.000000,42.000000,0,0,5310313,1250,0,1250,-145,0,26,5,0
7,700,21.000000,42.000000,0,0,5310316,1253,0,1253,-145,0,26,5,0
7,700,21.000000,42.000000,0,0,5310319,1256,0,1256,-145,0,26,5,0
7,700,21.000000,42.000000,0,0,5310322,1258,0,1258,-146,0,26,5,0
7,700,21.000000,42.000000,0,0,5310324,1261,0,1261,-146,0,26,5,0
7,700,21.000000,42.000000,0,0,5310327,1264,0,1264,-146,0,26,5,0
7,700,21.000000,42.000000,0,0,5310330,1267,0,1267,-146,0,26,5,0
7,700,21.000000,42.000000,0,0,5310332,1270,0,1270,-146,0,26,5,0
7,700,21.000000,42.000000,0,0,5310335,1271,0,1271,-146,0,26,5,0
7,700,21.000000,42.000000,0,0,5310338,1275,0,1275,-146,0,26,5,0
7,700,21.000000,42.000000,0,0,5310341,1277,0,1277,-146,0,26,5,0
7,700,21.000000,42.000000,0,0,5310343,1280,0,1280,-146,0,26,5,0
7,700,21.000000,42.000000,0,0,5310346,1284,0,1284,-147,0,26,5,0
7,700,21.000000,42.000000,0,0,5310349,1286,0,1286,-147,0,26,5,0
7,700,21.000000,42.000000,0,0,5310352,1288,0,1288,-147,0,26,5,0
7,700,21.000000,42.000000,0,0,5310355,1291,0,1291,-148,0,26,5,0
7,700,21.000000,42.000000,0,0,5310357,1296,0,1296,-148,0,26,5,0
7,700,21.000000,42.000000,0,0,5310361,1297,0,1297,-148,0,26,5,0
7,700,21.000000,42.000000,0,0,5310363,1298,0,1298,-148,0,26,5,0
7,700,21.000000,42.000000,0,0,5310366,1300,0,1300,-148,0,26,5,0
7,700,21.000000,42.000000,0,0,5310369,1301,0,1301,-148,0,26,5,0
7,700,21.000000,42.000000,0,0,5310372,1302,0,1302,-148,0,26,5,0
7,700,21.000000,42.000000,0,0,5310374,1304,0,1304,-149,0,26,5,0
7,700,21.000000,42.000000,0,0,5310377,1305,0,1305,-149,0,26,5,0
7,700,21.000000,42.000000,0,0,5310380,1306,0,1306,-149,0,26,5,0
7,700,21.000000,42.000000,0,0,5310382,1307,0,1307,-149,0,26,5,0
7,700,21.000000,42.000000,0,0,5310385,1308,0,1308,-149,0,26,5,0
7,700,21.000000,42.000000,0,0,5310388,1309,0,1309,-149,0,26,5,0
7,700,21.000000,42.000000,0,0,5310391,1310,0,1310,-149,0,26,5,0
7,700,21.000000,42.000000,0,0,5310394,1311,0,1311,-149,0,26,5,0
7,700,21.000000,42.000000,0,0,5310396,1311,0,1311,-149,0,26,5,0
7,700,21.000000,42.000000,0,0,5310399,1311,0,1311,-149,0,26,5,0
7,700,21.000000,42.000000,0,0,5310402,1311,0,1311,-149,0,26,5,0
7,700,21.000000,42.000000,0,0,5310405,1311,0,1311,-149,0,26,5,0
7,700,21.000000,42.000000,0,0,5310407,1311,0,1311,-149,0,26,5,0
7,700,21.000000,42.000000,0,0,5310410,1311,0,1311,-149,0,26,5,0
7,700,21.000000,42.000000,0,0,5310413,1311,0,1311,-149,0,26,5,0
7,700,21.000000,42.000000,0,0,5310416,1311,0,1311,-149,0,26,5,0
7,700,21.000000,42.000000,0,0,5310419,1311,0,1311,-149,0,26,5,0
7,700,21.000000,42.000000,0,0,5310421,1311,0,1311,-149,0,26,5,0
7,700,21.000000,42.000000,0,0,5310424,1311,0,1311,-149,0,26,5,0
7,700,21.000000,42.000000,0,0,5310427,1311,0,1311,-149,0,26,5,0
7,700,21.000000,42.000000,0,0,5310430,1311,0,1311,-149,0,26,5,0
7,700,21.000000,42.000000,0,0,5310432,1311,0,1311,-149,0,26,5,0
7,700,21.000000,42.000000,0,0,5310435,1311,0,1311,-149,0,26,5,0
7,700,21.000000,42.000000,0,0,5310438,1311,0,1311,-149,0,26,5,0
7,700,21.000000,42.000000,0,0,5310441,1311,0,1311,-149,0,26,5,0
7,700,21.000000,42.000000,0,0,5310443,1311,0,1311,-149,0,26,5,0
7,700,21.000000,42.000000,0,0,5310447,1311,0,1311,-149,0,26,5,0
7,700,21.000000,42.000000,0,0,5310449,1311,0,1311,-149,0,26,5,0
7,700,21.000000,42.000000,0,0,5310452,1311,0,1311,-149,0,26,5,0
7,700,21.000000,42.000000,0,0,5310455,1311,0,1311,-149,0,26,5,0
7,700,21.000000,42.000000,0,0,5310458,1311,0,1311,-149,0,26,5,0
7,700,21.000000,42.000000,0,0,5310460,1311,0,1311,-149,0,26,5,0
7,700,21.000000,42.000000,0,0,5310463,1311,0,1311,-149,0,26,5,0
7,700,21.000000,42.000000,0,0,5310466,1311,0,1311,-149,0,26,5,0
7,700,21.000000,42.000000,0,0,5310469,1311,0,1311,-149,0,26,5,0
7,700,21.000000,42.000000,0,0,5310471,1311,0,1311,-149,0,26,5,0
7,700,21.000000,42.000000,0,0,5310474,1311,0,1311,-149,0,26,5,0
7,700,21.000000,42.000000,0,0,5310477,1311,0,1311,-149,0,26,5,0
7,700,21.000000,42.000000,0,0,5310480,1311,0,1311,-149,0,26,5,0
7,700,21.000000,42.000000,0,0,5310482,1311,0,1311,-149,0,26,5,0
7,700,21.000000,42.000000,0,0,5310485,1311,0,1311,-149,0,26,5,0
7,700,21.000000,42.000000,0,0,5310488,1311,0,1311,-149,0,26,5,0
7,700,21.000000,42.000000,0,0,5310491,1311,0,1311,-149,0,26,5,0
7,700,21.000000,42.000000,0,0,5310494,1311,0,1311,-149,0,26,5,0
7,700,21.000000,42.000000,0,0,5310496,1311,0,1311,-149,0,26,5,0
7,700,21.000000,42.000000,0,0,5310499,1311,0,1311,-149,0,26,5,0
7,700,21.000000,42.000000,0,0,5310502,1311,0,1311,-149,0,26,5,0
7,700,21.000000,42.000000,0,0,5310505,1311,0,1311,-149,0,26,5,0
7,700,21.000000,42.000000,0,0,5310507,1311,0,1311,-149,0,26,5,0
7,700,21.000000,42.000000,0,0,5310510,1311,0,1311,-149,0,26,5,0
7,700,21.000000,42.000000,0,0,5310513,1311,0,1311,-149,0,26,5,0
7,700,21.000000,42.000000,0,0,5310516,1311,0,1311,-149,0,26,5,0
7,700,21.000000,42.000000,0,0,5310519,1311,0,1311,-149,0,26,5,0
7,700,21.000000,42.000000,0,0,5310521,1311,0,1311,-149,0,26,5,0
7,700,21.000000,42.000000,0,0,5310524,1311,0,1311,-149,0,26,5,0
7,700,21.000000,42.000000,0,0,5310527,1311,0,1311,-149,0,26,5,0
7,700,21.000000,42.000000,0,0,5310530,1311,0,1311,-149,0,26,5,0
7,700,21.000000,42.000000,0,0,5310533,1311,0,1311,-149,0,26,5,0
7,700,21.000000,42.000000,0,0,5310535,1311,0,1311,-149,0,26,5,0
7,700,21.000000,42.000000,0,0,5310538,1311,0,1311,-149,0,26,5,0
7,700,21.000000,42.000000,0,0,5310541,1311,0,1311,-149,0,26,5,0
7,700,21.000000,42.000000,0,0,5310544,1311,0,1311,-149,0,26,5,0
7,700,21.000000,42.000000,0,0,5310546,1311,0,1311,-149,0,26,5,0
7,700,21.000000,42.000000,0,0,5310549,1311,0,1311,-149,0,26,5,0
7,700,21.000000,42.000000,0,0,5310552,1311,0,1311,-149,0,26,5,0
7,700,21.000000,42.000000,0,0,5310555,1311,0,1311,-149,0,26,5,0
7,700,21.000000,42.000000,0,0,5310558,1311,0,1311,-149,0,26,5,0
7,700,21.000000,42.000000,0,0,5310561,1311,0,1311,-149,0,26,5,0
7,700,21.000000,42.000000,0,0,5310563,1311,0,1311,-149,0,26,5,0
7,700,21.000000,42.000000,0,0,5310566,1311,0,1311,-149,0,26,5,0
7,700,21.000000,42.000000,0,0,5310569,1311,0,1311,-149,0,26,5,0
7,700,21.000000,42.000000,0,0,5310571,1311,0,1311,-149,0,26,5,0
7,700,21.000000,42.000000,0,0,5310574,1311,0,1311,-149,0,26,5,0
7,700,21.000000,42.000000,0,0,5310577,1311,0,1311,-149,0,26,5,0
7,700,21.000000,42.000000,0,0,5310580,1311,0,1311,-149,0,26,5,0
7,700,21.000000,42.000000,0,0,5310582,1311,0,1311,-149,0,26,5,0
7,700,21.000000,42.000000,0,0,5310585,1311,0,1311,-149,0,26,5,0
7,700,21.000000,42.000000,0,0,5310588,1311,0,1311,-149,0,26,5,0
7,700,21.000000,42.000000,0,0,5310591,1311,0,1311,-149,0,26,5,0
7,700,21.000000,42.000000,0,0,5310594,1311,0,1311,-149,0,26,5,0
7,700,21.000000,42.000000,0,0,5310596,1311,0,1311,-149,0,26,5,0
7,700,21.000000,42.000000,0,0,5310599,1311,0,1311,-149,0,26,5,0
7,700,21.000000,42.000000,0,0,5310602,1311,0,1311,-149,0,26,5,0
7,700,21.000000,42.000000,0,0,5310605,1311,0,1311,-149,0,26,5,0
7,700,21.000000,42.000000,0,0,5310607,1311,0,1311,-149,0,26,5,0
7,700,21.000000,42.000000,0,0,5310610,1311,0,1311,-149,0,26,5,0
7,700,21.000000,42.000000,0,0,5310613,1311,0,1311,-149,0,26,5,0
7,700,21.000000,42.000000,0,0,5310616,1311,0,1311,-149,0,26,5,0
7,700,21.000000,42.000000,0,0,5310619,1311,0,1311,-149,0,26,5,0
7,700,21.000000,42.000000,0,0,5310621,1311,0,1311,-149,0,26,5,0
7,700,21.000000,42.000000,0,0,5310624,1311,0,1311,-149,0,26,5,0
7,700,21.000000,42.000000,0,0,5310627,1311,0,1311,-149,0,26,5,0
7,700,21.000000,42.000000,0,0,5310630,1311,0,1311,-149,0,26,5,0
7,700,21.000000,42.000000,0,0,5310633,1311,0,1311,-149,0,26,5,0
7,700,21.000000,42.000000,0,0,5310636,1311,0,1311,-149,0,26,5,0
7,700,21.000000,42.000000,0,0,5310638,1311,0,1311,-149,0,26,5,0
7,700,21.000000,42.000000,0,0,5310641,1311,0,1311,-149,0,26,5,0
7,700,21.000000,42.000000,0,0,5310655,1311,0,1311,-149,0,26,5,0
