7,700,21.000000,10000.000000,1,0,5530464,617,7,617,7,0,38,0,0
7,700,21.000000,10000.000000,1,0,5530465,617,7,617,7,0,38,0,0
7,700,21.000000,10000.000000,1,0,5530468,617,7,617,7,0,38,0,0
7,700,21.000000,10000.000000,1,0,5530471,617,7,617,7,0,38,0,0
7,700,21.000000,10000.000000,1,0,5530473,617,7,617,7,0,38,0,0
7,700,21.000000,10000.000000,1,0,5530476,617,7,617,7,0,38,0,0
7,700,21.000000,10000.000000,1,0,5530479,617,7,617,7,0,38,0,0
7,700,21.000000,10000.000000,1,0,5530482,617,7,617,7,0,38,0,0
7,700,21.000000,10000.000000,1,0,5530484,617,7,617,7,0,38,0,0
7,700,21.000000,10000.000000,1,0,5530487,617,7,617,7,0,38,0,0
7,700,21.000000,10000.000000,1,0,5530490,617,7,617,7,0,38,0,0
7,700,21.000000,10000.000000,1,0,5530493,617,7,617,7,0,38,0,0
7,700,21.000000,10000.000000,1,0,5530495,617,7,617,7,0,38,0,0
7,700,21.000000,10000.000000,1,0,5530498,617,7,617,7,0,38,0,0
7,700,21.000000,10000.000000,1,0,5530501,617,7,617,7,0,38,0,0
7,700,21.000000,10000.000000,1,0,5530504,617,7,617,7,0,38,0,0
7,700,21.000000,10000.000000,1,0,5530506,617,7,617,7,0,38,0,0
7,700,21.000000,10000.000000,1,0,5530509,617,7,617,7,0,38,0,0
7,700,21.000000,10000.000000,1,0,5530512,617,7,617,7,0,38,0,0
7,700,21.000000,10000.000000,1,0,5530515,617,7,617,7,0,38,0,0
7,700,21.000000,10000.000000,1,0,5530518,617,7,617,7,0,38,0,0
7,700,21.000000,10000.000000,1,0,5530520,617,7,617,7,0,38,0,0
7,700,21.000000,10000.000000,1,0,5530523,617,7,617,7,0,38,0,0
7,700,21.000000,10000.000000,1,0,5530526,617,7,617,7,0,38,0,0
7,700,21.000000,10000.000000,1,0,5530529,617,7,617,7,0,38,0,0
7,700,21.000000,10000.000000,1,0,5530532,617,7,617,7,0,38,0,0
7,700,21.000000,10000.000000,1,0,5530534,617,7,617,7,0,38,0,0
7,700,21.000000,10000.000000,1,0,5530537,617,8,617,8,0,38,0,0
7,700,21.000000,10000.000000,1,0,5530540,617,9,617,9,0,38,0,0
7,700,21.000000,10000.000000,1,0,5530543,617,9,617,9,0,38,0,0
7,700,21.000000,10000.000000,1,0,5530545,617,9,617,9,0,38,0,0
7,700,21.000000,10000.000000,1,0,5530548,617,9,617,9,0,38,0,0
7,700,21.000000,10000.000000,1,0,5530551,617,9,617,9,0,38,0,0
7,700,21.000000,10000.000000,1,0,5530554,617,10,617,10,0,38,0,0
7,700,21.000000,10000.000000,1,0,5530557,617,11,617,11,0,38,0,0
7,700,21.000000,10000.000000,1,0,5530559,618,12,618,12,0,38,0,0
7,700,21.000000,10000.000000,1,0,5530562,619,13,619,13,0,38,0,0
7,700,21.000000,10000.000000,1,0,5530565,619,14,619,14,0,38,0,0
7,700,21.000000,10000.000000,1,0,5530568,620,15,620,15,0,38,0,0
7,700,21.000000,10000.000000,1,0,5530570,620,16,620,16,0,38,0,0
7,700,21.000000,10000.000000,1,0,5530573,621,17,621,17,0,38,0,0
7,700,21.000000,10000.000000,1,0,5530576,622,18,622,18,0,38,0,0
7,700,21.000000,10000.000000,1,0,5530579,623,20,623,20,0,38,0,0
7,700,21.000000,10000.000000,1,0,5530582,624,22,624,22,0,38,0,0
7,700,21.000000,10000.000000,1,0,5530584,625,24,625,24,0,38,0,0
7,700,21.000000,10000.000000,1,0,5530587,626,25,626,25,0,38,0,0
7,700,21.000000,10000.000000,1,0,5530590,627,27,627,27,0,38,0,0
7,700,21.000000,10000.000000,1,0,5530593,628,29,628,29,0,38,0,0
7,700,21.000000,10000.000000,1,0,5530596,631,32,631,32,0,38,0,0
7,700,21.000000,10000.000000,1,0,5530599,633,35,633,35,0,38,0,0
7,700,21.000000,10000.000000,1,0,5530601,635,37,635,37,0,38,0,0
7,700,21.000000,10000.000000,1,0,5530604,637,39,637,39,0,38,0,0
7,700,21.000000,10000.000000,1,0,5530607,639,42,639,42,0,38,0,0
7,700,21.000000,10000.000000,1,0,5530610,641,44,641,44,0,38,0,0
7,700,21.000000,10000.000000,1,0,5530612,644,47,644,47,0,38,0,0
7,700,21.000000,10000.000000,1,0,5530615,647,49,647,49,0,38,0,0
7,700,21.000000,10000.000000,1,0,5530618,650,52,650,52,0,38,0,0
7,700,21.000000,10000.000000,1,0,5530621,652,55,652,55,0,38,0,0
7,700,21.000000,10000.000000,1,0,5530623,655,58,655,58,0,38,0,0
7,700,21.000000,10000.000000,1,0,5530626,659,62,659,62,0,38,0,0
7,700,21.000000,10000.000000,1,0,5530629,663,66,663,66,0,38,0,0
7,700,21.000000,10000.000000,1,0,5530632,667,70,667,70,0,38,0,0
7,700,21.000000,10000.000000,1,0,5530634,671,74,671,74,0,38,0,0
7,700,21.000000,10000.000000,1,0,5530637,675,77,675,77,0,38,0,0
7,700,21.000000,10000.000000,1,0,5530640,677,79,677,79,0,38,0,0
7,700,21.000000,10000.000000,1,0,5530643,686,85,686,85,0,38,0,0
7,700,21.000000,10000.000000,1,0,5530645,692,89,692,89,0,38,0,0
7,700,21.000000,10000.000000,1,0,5530648,696,92,696,92,0,38,0,0
7,700,21.000000,10000.000000,1,0,5530651,703,96,703,96,0,38,0,0
7,700,21.000000,10000.000000,1,0,5530654,710,99,710,99,0,38,0,0
7,700,21.000000,10000.000000,1,0,5530657,715,101,715,101,0,38,0,0
7,700,21.000000,10000.000000,1,0,5530660,726,106,726,106,0,38,0,0
7,700,21.000000,10000.000000,1,0,5530662,732,108,732,108,0,38,0,0
7,700,21.000000,10000.000000,1,0,5530665,740,111,740,111,0,38,0,0
7,700,21.000000,10000.000000,1,0,5530668,744,112,744,112,0,38,0,0
7,700,21.000000,10000.000000,1,0,5530671,747,113,747,113,0,38,0,0
7,700,21.000000,10000.000000,1,0,5530673,755,116,755,116,0,38,0,0
7,700,21.000000,10000.000000,1,0,5530676,760,117,760,117,0,38,0,0
7,700,21.000000,10000.000000,1,0,5530679,769,118,769,118,0,38,0,0
7,700,21.000000,10000.000000,1,0,5530682,778,120,778,120,0,38,0,0
7,700,21.000000,10000.000000,1,0,5530685,790,122,790,122,0,38,0,0
7,700,21.000000,10000.000000,1,0,5530687,800,123,800,123,0,38,0,0
7,700,21.000000,10000.000000,1,0,5530690,810,123,810,123,0,38,0,0
7,700,21.000000,10000.000000,1,0,5530693,828,125,828,125,0,38,0,0
7,700,21.000000,10000.000000,1,0,5530696,841,126,841,126,0,38,0,0
7,700,21.000000,10000.000000,1,0,5530699,853,126,853,126,0,38,0,0
7,700,21.000000,10000.000000,1,0,5530701,872,127,872,127,0,38,0,0
7,700,21.000000,10000.000000,1,0,5530704,884,127,884,127,0,38,0,0
7,700,21.000000,10000.000000,1,0,5530707,902,127,902,127,0,38,0,0
7,700,21.000000,10000.000000,1,0,5530709,925,127,925,127,0,38,0,0
7,700,21.000000,10000.000000,1,0,5530712,945,128,945,128,0,38,0,0
7,700,21.000000,10000.000000,1,0,5530715,956,128,956,128,0,38,0,0
7,700,21.000000,10000.000000,1,0,5530718,967,128,967,128,0,38,0,0
7,700,21.000000,10000.000000,1,0,5530721,979,128,979,128,0,38,0,0
7,700,21.000000,10000.000000,1,0,5530724,992,128,992,128,0,38,0,0
7,700,21.000000,10000.000000,1,0,5530726,1016,128,1016,128,0,38,0,0
7,700,21.000000,10000.000000,1,0,5530729,1037,127,1037,127,0,38,0,0
7,700,21.000000,10000.000000,1,0,5530732,1040,127,1040,127,0,38,0,0
7,700,21.000000,10000.000000,1,0,5530735,1068,125,1068,125,0,38,0,0
7,700,21.000000,10000.000000,1,0,5530737,1085,124,1085,124,0,38,0,0
7,700,21.000000,10000.000000,1,0,5530740,1101,123,1101,123,0,38,0,0
7,700,21.000000,10000.000000,1,0,5530743,1118,121,1118,121,0,38,0,0
7,700,21.000000,10000.000000,1,0,5530746,1134,119,1134,119,0,38,0,0
7,700,21.000000,10000.000000,1,0,5530749,1151,117,1151,117,0,38,0,0
7,700,21.000000,10000.000000,1,0,5530751,1165,116,1165,116,0,38,0,0
7,700,21.000000,10000.000000,1,0,5530754,1184,112,1184,112,0,38,0,0
7,700,21.000000,10000.000000,1,0,5530757,1203,109,1203,109,0,38,0,0
7,700,21.000000,10000.000000,1,0,5530760,1212,108,1212,108,0,38,0,0
7,700,21.000000,10000.000000,1,0,5530762,1228,104,1228,104,0,38,0,0
7,700,21.000000,10000.000000,1,0,5530765,1241,102,1241,102,0,38,0,0
7,700,21.000000,10000.000000,1,0,5530768,1245,100,1245,100,0,38,0,0
7,700,21.000000,10000.000000,1,0,5530771,1260,96,1260,96,0,38,0,0
7,700,21.000000,10000.000000,1,0,5530774,1272,93,1272,93,0,38,0,0
7,700,21.000000,10000.000000,1,0,5530776,1281,90,1281,90,0,38,0,0
7,700,21.000000,10000.000000,1,0,5530779,1288,89,1288,89,0,38,0,0
7,700,21.000000,10000.000000,1,0,5530782,1296,86,1296,86,0,38,0,0
7,700,21.000000,10000.000000,1,0,5530785,1303,84,1303,84,0,38,0,0
7,700,21.000000,10000.000000,1,0,5530787,1310,81,1310,81,0,38,0,0
7,700,21.000000,10000.000000,1,0,5530790,1313,80,1313,80,0,38,0,0
7,700,21.000000,10000.000000,1,0,5530793,1318,79,1318,79,0,38,0,0
7,700,21.000000,10000.000000,1,0,5530796,1324,77,1324,77,0,38,0,0
7,700,21.000000,10000.000000,1,0,5530798,1329,75,1329,75,0,38,0,0
7,700,21.000000,10000.000000,1,0,5530801,1333,74,1333,74,0,38,0,0
7,700,21.000000,10000.000000,1,0,5530804,1337,72,1337,72,0,38,0,0
7,700,21.000000,10000.000000,1,0,5530807,1341,70,1341,70,0,38,0,0
7,700,21.000000,10000.000000,1,0,5530809,1345,68,1345,68,0,38,0,0
7,700,21.000000,10000.000000,1,0,5530813,1348,67,1348,67,0,38,0,0
7,700,21.000000,10000.000000,1,0,5530815,1350,66,1350,66,0,38,0,0
7,700,21.000000,10000.000000,1,0,5530818,1352,65,1352,65,0,38,0,0
7,700,21.000000,10000.000000,1,0,5530821,1353,65,1353,65,0,38,0,0
7,700,21.000000,10000.000000,1,0,5530824,1355,63,1355,63,0,38,0,0
7,700,21.000000,10000.000000,1,0,5530826,1356,62,1356,62,0,38,0,0
7,700,21.000000,10000.000000,1,0,5530829,1357,61,1357,61,0,38,0,0
7,700,21.000000,10000.000000,1,0,5530832,1358,59,1358,59,0,38,0,0
7,700,21.000000,10000.000000,1,0,5530835,1358,57,1358,57,0,38,0,0
7,700,21.000000,10000.000000,1,0,5530837,1359,56,1359,56,0,38,0,0
7,700,21.000000,10000.000000,1,0,5530840,1359,55,1359,55,0,38,0,0
7,700,21.000000,10000.000000,1,0,5530843,1359,54,1359,54,0,38,0,0
7,700,21.000000,10000.000000,1,0,5530846,1359,52,1359,52,0,38,0,0
7,700,21.000000,10000.000000,1,0,5530849,1359,50,1359,50,0,38,0,0
7,700,21.000000,10000.000000,1,0,5530851,1359,48,1359,48,0,38,0,0
7,700,21.000000,10000.000000,1,0,5530854,1358,47,1358,47,0,38,0,0
7,700,21.000000,10000.000000,1,0,5530857,1358,45,1358,45,0,38,0,0
7,700,21.000000,10000.000000,1,0,5530860,1358,44,1358,44,0,38,0,0
7,700,21.000000,10000.000000,1,0,5530862,1358,43,1358,43,0,38,0,0
7,700,21.000000,10000.000000,1,0,5530865,1357,41,1357,41,0,38,0,0
7,700,21.000000,10000.000000,1,0,5530868,1356,39,1356,39,0,38,0,0
7,700,21.000000,10000.000000,1,0,5530871,1356,38,1356,38,0,38,0,0
7,700,21.000000,10000.000000,1,0,5530874,1355,37,1355,37,0,38,0,0
7,700,21.000000,10000.000000,1,0,5530876,1355,36,1355,36,0,38,0,0
7,700,21.000000,10000.000000,1,0,5530879,1354,35,1354,35,0,38,0,0
7,700,21.000000,10000.000000,1,0,5530882,1353,33,1353,33,0,38,0,0
7,700,21.000000,10000.000000,1,0,5530885,1352,33,1352,33,0,38,0,0
7,700,21.000000,10000.000000,1,0,5530887,1351,33,1351,33,0,38,0,0
7,700,21.000000,10000.000000,1,0,5530890,1350,32,1350,32,0,38,0,0
7,700,21.000000,10000.000000,1,0,5530893,1349,31,1349,31,0,38,0,0
7,700,21.000000,10000.000000,1,0,5530896,1349,30,1349,30,0,38,0,0
7,700,21.000000,10000.000000,1,0,5530898,1349,29,1349,29,0,38,0,0
7,700,21.000000,10000.000000,1,0,5530901,1348,28,1348,28,0,38,0,0
7,700,21.000000,10000.000000,1,0,5530904,1347,28,1347,28,0,38,0,0
7,700,21.000000,10000.000000,1,0,5530907,1345,27,1345,27,0,38,0,0
7,700,21.000000,10000.000000,1,0,5530910,1344,26,1344,26,0,38,0,0
7,700,21.000000,10000.000000,1,0,5530912,1342,25,1342,25,0,38,0,0
7,700,21.000000,10000.000000,1,0,5530915,1341,25,1341,25,0,38,0,0
7,700,21.000000,10000.000000,1,0,5530918,1340,24,1340,24,0,38,0,0
7,700,21.000000,10000.000000,1,0,5530921,1340,23,1340,23,0,38,0,0
7,700,21.000000,10000.000000,1,0,5530923,1339,22,1339,22,0,38,0,0
7,700,21.000000,10000.000000,1,0,5530926,1338,21,1338,21,0,38,0,0
7,700,21.000000,10000.000000,1,0,5530929,1337,20,1337,20,0,38,0,0
7,700,21.000000,10000.000000,1,0,5530932,1336,20,1336,20,0,38,0,0
7,700,21.000000,10000.000000,1,0,5530935,1335,19,1335,19,0,38,0,0
7,700,21.000000,10000.000000,1,0,5530938,1334,18,1334,18,0,38,0,0
7,700,21.000000,10000.000000,1,0,5530940,1333,18,1333,18,0,38,0,0
7,700,21.000000,10000.000000,1,0,5530943,1333,17,1333,17,0,38,0,0
7,700,21.000000,10000.000000,1,0,5530946,1332,17,1332,17,0,38,0,0
7,700,21.000000,10000.000000,1,0,5530949,1332,16,1332,16,0,38,0,0
7,700,21.000000,10000.000000,1,0,5530951,1331,16,1331,16,0,38,0,0
7,700,21.000000,10000.000000,1,0,5530954,1331,15,1331,15,0,38,0,0
7,700,21.000000,10000.000000,1,0,5530957,1331,14,1331,14,0,38,0,0
7,700,21.000000,10000.000000,1,0,5530960,1331,13,1331,13,0,38,0,0
7,700,21.000000,10000.000000,1,0,5530963,1330,13,1330,13,0,38,0,0
7,700,21.000000,10000.000000,1,0,5530965,1330,12,1330,12,0,38,0,0
7,700,21.000000,10000.000000,1,0,5530968,1330,11,1330,11,0,38,0,0
7,700,21.000000,10000.000000,1,0,5530971,1329,11,1329,11,0,38,0,0
7,700,21.000000,10000.000000,1,0,5530974,1328,11,1328,11,0,38,0,0
7,700,21.000000,10000.000000,1,0,5530976,1327,11,1327,11,0,38,0,0
7,700,21.000000,10000.000000,1,0,5530979,1326,10,1326,10,0,38,0,0
7,700,21.000000,10000.000000,1,0,5530982,1325,10,1325,10,0,38,0,0
7,700,21.000000,10000.000000,1,0,5530985,1325,9,1325,9,0,38,0,0
7,700,21.000000,10000.000000,1,0,5530988,1324,9,1324,9,0,38,0,0
7,700,21.000000,10000.000000,1,0,5530990,1324,8,1324,8,0,38,0,0
7,700,21.000000,10000.000000,1,0,5530993,1323,8,1323,8,0,38,0,0
7,700,21.000000,10000.000000,1,0,5530996,1322,8,1322,8,0,38,0,0
7,700,21.000000,10000.000000,1,0,5530999,1321,7,1321,7,0,38,0,0
7,700,21.000000,10000.000000,1,0,5531001,1320,7,1320,7,0,38,0,0
7,700,21.000000,10000.000000,1,0,5531004,1319,7,1319,7,0,38,0,0
7,700,21.000000,10000.000000,1,0,5531007,1319,6,1319,6,0,38,0,0
7,700,21.000000,10000.000000,1,0,5531010,1318,6,1318,6,0,38,0,0
7,700,21.000000,10000.000000,1,0,5531013,1318,5,1318,5,0,38,0,0
7,700,21.000000,10000.000000,1,0,5531015,1317,4,1317,4,0,38,0,0
7,700,21.000000,10000.000000,1,0,5531018,1317,4,1317,4,0,38,0,0
7,700,21.000000,10000.000000,1,0,5531021,1316,4,1316,4,0,38,0,0
7,700,21.000000,10000.000000,1,0,5531024,1315,4,1315,4,0,38,0,0
7,700,21.000000,10000.000000,1,0,5531027,1314,4,1314,4,0,38,0,0
7,700,21.000000,10000.000000,1,0,5531029,1313,3,1313,3,0,38,0,0
7,700,21.000000,10000.000000,1,0,5531032,1312,2,1312,2,0,38,0,0
7,700,21.000000,10000.000000,1,0,5531035,1312,2,1312,2,0,38,0,0
7,700,21.000000,10000.000000,1,0,5531038,1312,2,1312,2,0,38,0,0
7,700,21.000000,10000.000000,1,0,5531040,1311,2,1311,2,0,38,0,0
7,700,21.000000,10000.000000,1,0,5531043,1310,2,1310,2,0,38,0,0
7,700,21.000000,10000.000000,1,0,5531046,1310,2,1310,2,0,38,0,0
7,700,21.000000,10000.000000,1,0,5531049,1310,2,1310,2,0,38,0,0
7,700,21.000000,10000.000000,1,0,5531051,1310,2,1310,2,0,38,0,0
7,700,21.000000,10000.000000,1,0,5531054,1310,2,1310,2,0,38,0,0
7,700,21.000000,10000.000000,1,0,5531057,1310,2,1310,2,0,38,0,0
7,700,21.000000,10000.000000,1,0,5531060,1310,2,1310,2,0,38,0,0
7,700,21.000000,10000.000000,1,0,5531063,1310,2,1310,2,0,38,0,0
7,700,21.000000,10000.000000,1,0,5531065,1310,2,1310,2,0,38,0,0
7,700,21.000000,10000.000000,1,0,5531068,1310,2,1310,2,0,38,0,0
7,700,21.000000,10000.000000,1,0,5531071,1310,2,1310,2,0,38,0,0
7,700,21.000000,10000.000000,1,0,5531074,1310,2,1310,2,0,38,0,0
7,700,21.000000,10000.000000,1,0,5531076,1310,2,1310,2,0,38,0,0
7,700,21.000000,10000.000000,1,0,5531079,1310,2,1310,2,0,38,0,0
7,700,21.000000,10000.000000,1,0,5531082,1310,2,1310,2,0,38,0,0
7,700,21.000000,10000.000000,1,0,5531085,1310,2,1310,2,0,38,0,0
7,700,21.000000,10000.000000,1,0,5531088,1310,2,1310,2,0,38,0,0
7,700,21.000000,10000.000000,1,0,5531090,1310,2,1310,2,0,38,0,0
7,700,21.000000,10000.000000,1,0,5531093,1310,2,1310,2,0,38,0,0
7,700,21.000000,10000.000000,1,0,5531096,1310,2,1310,2,0,38,0,0
7,700,21.000000,10000.000000,1,0,5531098,1310,2,1310,2,0,38,0,0
7,700,21.000000,10000.000000,1,0,5531101,1310,2,1310,2,0,38,0,0
7,700,21.000000,10000.000000,1,0,5531104,1310,2,1310,2,0,38,0,0
7,700,21.000000,10000.000000,1,0,5531107,1310,2,1310,2,0,38,0,0
7,700,21.000000,10000.000000,1,0,5531110,1310,2,1310,2,0,38,0,0
7,700,21.000000,10000.000000,1,0,5531112,1310,2,1310,2,0,38,0,0
7,700,21.000000,10000.000000,1,0,5531115,1310,2,1310,2,0,38,0,0
7,700,21.000000,10000.000000,1,0,5531118,1310,2,1310,2,0,38,0,0
7,700,21.000000,10000.000000,1,0,5531121,1310,2,1310,2,0,38,0,0
7,700,21.000000,10000.000000,1,0,5531124,1310,2,1310,2,0,38,0,0
7,700,21.000000,10000.000000,1,0,5531126,1310,2,1310,2,0,38,0,0
7,700,21.000000,10000.000000,1,0,5531129,1310,2,1310,2,0,38,0,0
7,700,21.000000,10000.000000,1,0,5531132,1310,2,1310,2,0,38,0,0
7,700,21.000000,10000.000000,1,0,5531135,1310,2,1310,2,0,38,0,0
7,700,21.000000,10000.000000,1,0,5531137,1310,2,1310,2,0,38,0,0
7,700,21.000000,10000.000000,1,0,5531141,1310,2,1310,2,0,38,0,0
7,700,21.000000,10000.000000,1,0,5531143,1310,2,1310,2,0,38,0,0
7,700,21.000000,10000.000000,1,0,5531146,1310,2,1310,2,0,38,0,0
7,700,21.000000,10000.000000,1,0,5531149,1310,2,1310,2,0,38,0,0
7,700,21.000000,10000.000000,1,0,5531151,1310,2,1310,2,0,38,0,0
7,700,21.000000,10000.000000,1,0,5531154,1310,2,1310,2,0,38,0,0
7,700,21.000000,10000.000000,1,0,5531157,1310,2,1310,2,0,38,0,0
7,700,21.000000,10000.000000,1,0,5531160,1310,2,1310,2,0,38,0,0
7,700,21.000000,10000.000000,1,0,5531163,1310,2,1310,2,0,38,0,0
7,700,21.000000,10000.000000,1,0,5531166,1310,2,1310,2,0,38,0,0
7,700,21.000000,10000.000000,1,0,5531168,1310,2,1310,2,0,38,0,0
7,700,21.000000,10000.000000,1,0,5531171,1310,2,1310,2,0,38,0,0
7,700,21.000000,10000.000000,1,0,5531174,1310,2,1310,2,0,38,0,0
7,700,21.000000,10000.000000,1,0,5531177,1310,2,1310,2,0,38,0,0
7,700,21.000000,10000.000000,1,0,5531179,1310,2,1310,2,0,38,0,0
7,700,21.000000,10000.000000,1,0,5531182,1310,2,1310,2,0,38,0,0
7,700,21.000000,10000.000000,1,0,5531185,1310,2,1310,2,0,38,0,0
7,700,21.000000,10000.000000,1,0,5531187,1310,2,1310,2,0,38,0,0
7,700,21.000000,10000.000000,1,0,5531190,1310,2,1310,2,0,38,0,0
7,700,21.000000,10000.000000,1,0,5531193,1310,2,1310,2,0,38,0,0
7,700,21.000000,10000.000000,1,0,5531196,1310,2,1310,2,0,38,0,0
7,700,21.000000,10000.000000,1,0,5531199,1310,2,1310,2,0,38,0,0
7,700,21.000000,10000.000000,1,0,5531201,1310,2,1310,2,0,38,0,0
7,700,21.000000,10000.000000,1,0,5531204,1310,2,1310,2,0,38,0,0
7,700,21.000000,10000.000000,1,0,5531207,1310,2,1310,2,0,38,0,0
7,700,21.000000,10000.000000,1,0,5531210,1310,2,1310,2,0,38,0,0
7,700,21.000000,10000.000000,1,0,5531213,1310,2,1310,2,0,38,0,0
7,700,21.000000,10000.000000,1,0,5531215,1310,2,1310,2,0,38,0,0
7,700,21.000000,10000.000000,1,0,5531218,1310,2,1310,2,0,38,0,0
7,700,21.000000,10000.000000,1,0,5531221,1310,2,1310,2,0,38,0,0
7,700,21.000000,10000.000000,1,0,5531224,1310,2,1310,2,0,38,0,0
7,700,21.000000,10000.000000,1,0,5531227,1310,2,1310,2,0,38,0,0
7,700,21.000000,10000.000000,1,0,5531229,1310,2,1310,2,0,38,0,0
7,700,21.000000,10000.000000,1,0,5531243,1310,2,1310,2,0,38,0,0
