7,700,21.000000,0.000000,2,0,1572579492,609,0,609,0,0,44,4
7,700,21.000000,0.000000,2,0,1572579492,609,0,609,0,0,44,4
7,700,21.000000,0.000000,2,0,1572579495,609,0,609,0,0,44,4
7,700,21.000000,0.000000,2,0,1572579498,609,0,609,0,0,44,4
7,700,21.000000,0.000000,2,0,1572579501,609,0,609,0,0,44,4
7,700,21.000000,0.000000,2,0,1572579503,609,0,609,0,0,44,4
7,700,21.000000,0.000000,2,0,1572579506,609,0,609,0,0,44,4
7,700,21.000000,0.000000,2,0,1572579509,609,0,609,0,0,44,4
7,700,21.000000,0.000000,2,0,1572579512,609,0,609,0,0,44,4
7,700,21.000000,0.000000,2,0,1572579515,609,0,609,0,0,44,4
7,700,21.000000,0.000000,2,0,1572579518,609,0,609,0,0,44,4
7,700,21.000000,0.000000,2,0,1572579521,609,0,609,0,0,44,4
7,700,21.000000,0.000000,2,0,1572579524,609,0,609,0,0,44,4
7,700,21.000000,0.000000,2,0,1572579526,609,0,609,0,0,44,4
7,700,21.000000,0.000000,2,0,1572579530,609,0,609,0,0,44,4
7,700,21.000000,0.000000,2,0,1572579533,609,0,609,0,0,44,4
7,700,21.000000,0.000000,2,0,1572579536,609,0,609,0,0,44,4
7,700,21.000000,0.000000,2,0,1572579538,609,0,609,0,0,44,4
7,700,21.000000,0.000000,2,0,1572579541,609,0,609,0,0,44,4
7,700,21.000000,0.000000,2,0,1572579544,609,0,609,0,0,44,4
7,700,21.000000,0.000000,2,0,1572579547,609,0,609,0,0,44,4
7,700,21.000000,0.000000,2,0,1572579549,609,0,609,0,0,44,4
7,700,21.000000,0.000000,2,0,1572579552,609,0,609,0,0,44,4
7,700,21.000000,0.000000,2,0,1572579555,609,0,609,0,0,44,4
7,700,21.000000,0.000000,2,0,1572579557,609,0,609,0,0,44,4
7,700,21.000000,0.000000,2,0,1572579561,609,0,609,0,0,44,4
7,700,21.000000,0.000000,2,0,1572579564,609,0,609,0,0,44,4
7,700,21.000000,0.000000,2,0,1572579566,609,0,609,0,0,44,4
7,700,21.000000,0.000000,2,0,1572579569,609,0,609,0,0,44,4
7,700,21.000000,0.000000,2,0,1572579572,609,0,609,0,0,44,4
7,700,21.000000,0.000000,2,0,1572579575,609,0,609,0,0,44,4
7,700,21.000000,0.000000,2,0,1572579578,609,0,609,0,0,44,4
7,700,21.000000,0.000000,2,0,1572579580,609,0,609,0,0,44,4
7,700,21.000000,0.000000,2,0,1572579583,609,0,609,0,0,44,4
7,700,21.000000,0.000000,2,0,1572579586,609,0,609,0,0,44,4
7,700,21.000000,0.000000,2,0,1572579588,609,0,609,0,0,44,4
7,700,21.000000,0.000000,2,0,1572579591,609,0,609,0,0,44,4
7,700,21.000000,0.000000,2,0,1572579594,609,0,609,0,0,44,4
7,700,21.000000,0.000000,2,0,1572579597,609,0,609,0,0,44,4
7,700,21.000000,0.000000,2,0,1572579599,609,0,609,0,0,44,4
7,700,21.000000,0.000000,2,0,1572579602,609,0,609,0,0,44,4
7,700,21.000000,0.000000,2,0,1572579605,610,0,610,0,0,44,4
7,700,21.000000,0.000000,2,0,1572579608,610,0,610,0,0,44,4
7,700,21.000000,0.000000,2,0,1572579611,612,0,612,0,0,44,4
7,700,21.000000,0.000000,2,0,1572579614,613,2,613,2,0,44,4
7,700,21.000000,0.000000,2,0,1572579616,613,3,613,3,0,44,4
7,700,21.000000,0.000000,2,0,1572579619,613,3,613,3,0,44,4
7,700,21.000000,0.000000,2,0,1572579622,614,6,614,6,0,44,4
7,700,21.000000,0.000000,2,0,1572579625,617,9,617,9,0,44,4
7,700,21.000000,0.000000,2,0,1572579628,620,14,620,14,0,44,4
7,700,21.000000,0.000000,2,0,1572579630,622,18,622,18,0,44,4
7,700,21.000000,0.000000,2,0,1572579632,629,24,629,24,0,44,4
7,700,21.000000,0.000000,2,0,1572579635,633,29,633,29,0,44,4
7,700,21.000000,0.000000,2,0,1572579638,639,38,639,38,0,44,4
7,700,21.000000,0.000000,2,0,1572579641,644,43,644,43,0,44,4
7,700,21.000000,0.000000,2,0,1572579644,653,53,653,53,0,44,4
7,700,21.000000,0.000000,2,0,1572579646,658,59,658,59,0,44,4
7,700,21.000000,0.000000,2,0,1572579649,666,69,666,69,0,44,4
7,700,21.000000,0.000000,2,0,1572579652,673,77,673,77,0,44,4
7,700,21.000000,0.000000,2,0,1572579655,681,86,681,86,0,44,4
7,700,21.000000,0.000000,2,0,1572579658,691,96,691,96,0,44,4
7,700,21.000000,0.000000,2,0,1572579660,699,103,699,103,0,44,4
7,700,21.000000,0.000000,2,0,1572579663,709,111,709,111,0,44,4
7,700,21.000000,0.000000,2,0,1572579666,720,118,720,118,0,44,4
7,700,21.000000,0.000000,2,0,1572579669,733,126,733,126,0,44,4
7,700,21.000000,0.000000,2,0,1572579672,754,140,754,140,0,44,4
7,700,21.000000,0.000000,2,0,1572579674,767,147,767,147,0,44,4
7,700,21.000000,0.000000,2,0,1572579677,767,147,767,147,0,44,4
7,700,21.000000,0.000000,2,0,1572579680,790,156,790,156,0,44,4
7,700,21.000000,0.000000,2,0,1572579683,812,164,812,164,0,44,4
7,700,21.000000,0.000000,2,0,1572579686,837,171,837,171,0,44,4
7,700,21.000000,0.000000,2,0,1572579689,856,178,856,178,0,44,4
7,700,21.000000,0.000000,2,0,1572579691,884,186,884,186,0,44,4
7,700,21.000000,0.000000,2,0,1572579694,908,192,908,192,0,44,4
7,700,21.000000,0.000000,2,0,1572579697,931,196,931,196,0,44,4
7,700,21.000000,0.000000,2,0,1572579700,970,209,970,209,0,44,4
7,700,21.000000,0.000000,2,0,1572579703,998,212,998,212,0,44,4
7,700,21.000000,0.000000,2,0,1572579705,1021,214,1021,214,0,44,4
7,700,21.000000,0.000000,2,0,1572579708,1052,218,1052,218,0,44,4
7,700,21.000000,0.000000,2,0,1572579710,1075,219,1075,219,0,44,4
7,700,21.000000,0.000000,2,0,1572579713,1098,218,1098,218,0,44,4
7,700,21.000000,0.000000,2,0,1572579716,1124,220,1124,220,0,44,4
7,700,21.000000,0.000000,2,0,1572579719,1167,220,1167,220,0,44,4
7,700,21.000000,0.000000,2,0,1572579722,1189,220,1189,220,0,44,4
7,700,21.000000,0.000000,2,0,1572579725,1216,220,1216,220,0,44,4
7,700,21.000000,0.000000,2,0,1572579728,1238,219,1238,219,0,44,4
7,700,21.000000,0.000000,2,0,1572579730,1260,219,1260,219,0,44,4
7,700,21.000000,0.000000,2,0,1572579733,1279,216,1279,216,0,44,4
7,700,21.000000,0.000000,2,0,1572579736,1297,212,1297,212,0,44,4
7,700,21.000000,0.000000,2,0,1572579738,1312,207,1312,207,0,44,4
7,700,21.000000,0.000000,2,0,1572579741,1325,204,1325,204,0,44,4
7,700,21.000000,0.000000,2,0,1572579744,1340,194,1340,194,0,44,4
7,700,21.000000,0.000000,2,0,1572579747,1355,188,1355,188,0,44,4
7,700,21.000000,0.000000,2,0,1572579750,1367,183,1367,183,0,44,4
7,700,21.000000,0.000000,2,0,1572579753,1379,175,1379,175,0,44,4
7,700,21.000000,0.000000,2,0,1572579755,1387,167,1387,167,0,44,4
7,700,21.000000,0.000000,2,0,1572579758,1395,160,1395,160,0,44,4
7,700,21.000000,0.000000,2,0,1572579761,1404,152,1404,152,0,44,4
7,700,21.000000,0.000000,2,0,1572579764,1410,143,1410,143,0,44,4
7,700,21.000000,0.000000,2,0,1572579766,1415,132,1415,132,0,44,4
7,700,21.000000,0.000000,2,0,1572579769,1415,132,1415,132,0,44,4
7,700,21.000000,0.000000,2,0,1572579772,1420,122,1420,122,0,44,4
7,700,21.000000,0.000000,2,0,1572579775,1424,111,1424,111,0,44,4
7,700,21.000000,0.000000,2,0,1572579778,1426,96,1426,96,0,44,4
7,700,21.000000,0.000000,2,0,1572579780,1428,85,1428,85,0,44,4
7,700,21.000000,0.000000,2,0,1572579783,1429,62,1429,62,0,44,4
7,700,21.000000,0.000000,2,0,1572579786,1429,50,1429,50,0,44,4
7,700,21.000000,0.000000,2,0,1572579788,1429,40,1429,40,0,44,4
7,700,21.000000,0.000000,2,0,1572579791,1426,29,1426,29,0,44,4
7,700,21.000000,0.000000,2,0,1572579794,1426,17,1426,17,0,44,4
7,700,21.000000,0.000000,2,0,1572579797,1424,8,1424,8,0,44,4
7,700,21.000000,0.000000,2,0,1572579800,1420,0,1420,-3,0,44,4
7,700,21.000000,0.000000,2,0,1572579802,1416,0,1416,-14,0,44,4
7,700,21.000000,0.000000,2,0,1572579805,1410,0,1410,-26,0,44,4
7,700,21.000000,0.000000,2,0,1572579808,1407,0,1407,-35,0,44,4
7,700,21.000000,0.000000,2,0,1572579811,1404,0,1404,-47,0,44,4
7,700,21.000000,0.000000,2,0,1572579813,1398,0,1398,-56,0,44,4
7,700,21.000000,0.000000,2,0,1572579816,1396,0,1396,-67,0,44,4
7,700,21.000000,0.000000,2,0,1572579819,1390,0,1390,-78,0,44,4
7,700,21.000000,0.000000,2,0,1572579822,1383,0,1383,-88,0,44,4
7,700,21.000000,0.000000,2,0,1572579824,1378,0,1378,-98,0,44,4
7,700,21.000000,0.000000,2,0,1572579827,1373,0,1373,-108,0,44,4
7,700,21.000000,0.000000,2,0,1572579830,1367,0,1367,-116,0,44,4
7,700,21.000000,0.000000,2,0,1572579833,1360,0,1360,-124,0,44,4
7,700,21.000000,0.000000,2,0,1572579835,1352,0,1352,-131,0,44,4
7,700,21.000000,0.000000,2,0,1572579838,1343,0,1343,-141,0,44,4
7,700,21.000000,0.000000,2,0,1572579841,1333,0,1333,-150,0,44,4
7,700,21.000000,0.000000,2,0,1572579844,1322,0,1322,-162,0,44,4
7,700,21.000000,0.000000,2,0,1572579847,1312,0,1312,-170,0,44,4
7,700,21.000000,0.000000,2,0,1572579849,1304,0,1304,-179,0,44,4
7,700,21.000000,0.000000,2,0,1572579852,1301,0,1292,-185,0,44,4
7,700,21.000000,0.000000,2,0,1572579855,1301,0,1282,-192,0,44,4
7,700,21.000000,0.000000,2,0,1572579858,1301,0,1271,-200,0,44,4
7,700,21.000000,0.000000,2,0,1572579861,1301,0,1250,-213,0,44,4
7,700,21.000000,0.000000,2,0,1572579864,1301,0,1240,-220,0,44,4
7,700,21.000000,0.000000,2,0,1572579867,1301,0,1227,-227,0,44,4
7,700,21.000000,0.000000,2,0,1572579870,1301,0,1218,-232,0,44,4
7,700,21.000000,0.000000,2,0,1572579873,1301,0,1196,-244,0,44,4
7,700,21.000000,0.000000,2,0,1572579876,1301,0,1185,-251,0,44,4
7,700,21.000000,0.000000,2,0,1572579879,1301,0,1175,-255,0,44,4
7,700,21.000000,0.000000,2,0,1572579882,1301,0,1165,-259,0,44,4
7,700,21.000000,0.000000,2,0,1572579884,1301,0,1151,-266,0,44,4
7,700,21.000000,0.000000,2,0,1572579887,1301,0,1143,-271,0,44,4
7,700,21.000000,0.000000,2,0,1572579890,1301,0,1132,-277,0,44,4
7,700,21.000000,0.000000,2,0,1572579893,1301,0,1123,-280,0,44,4
7,700,21.000000,0.000000,2,0,1572579896,1301,0,1115,-282,0,44,4
7,700,21.000000,0.000000,2,0,1572579899,1301,0,1108,-285,0,44,4
7,700,21.000000,0.000000,2,0,1572579901,1301,0,1104,-286,0,44,4
7,700,21.000000,0.000000,2,0,1572579904,1301,0,1094,-290,0,44,4
7,700,21.000000,0.000000,2,0,1572579918,1301,0,1090,-291,0,44,4
