7,350,21.000000,0.000000,2,0,1572793339,777,0,777,0,0,53,7
7,350,21.000000,0.000000,2,0,1572793340,777,0,777,0,0,53,7
7,350,21.000000,0.000000,2,0,1572793343,777,0,777,0,0,53,7
7,350,21.000000,0.000000,2,0,1572793346,777,0,777,0,0,53,7
7,350,21.000000,0.000000,2,0,1572793349,777,0,777,0,0,53,7
7,350,21.000000,0.000000,2,0,1572793351,777,0,777,0,0,53,7
7,350,21.000000,0.000000,2,0,1572793354,777,0,777,0,0,53,7
7,350,21.000000,0.000000,2,0,1572793357,777,0,777,0,0,53,7
7,350,21.000000,0.000000,2,0,1572793359,777,0,777,0,0,53,7
7,350,21.000000,0.000000,2,0,1572793363,777,0,777,0,0,53,7
7,350,21.000000,0.000000,2,0,1572793366,777,0,777,0,0,53,7
7,350,21.000000,0.000000,2,0,1572793369,777,0,777,0,0,53,7
7,350,21.000000,0.000000,2,0,1572793371,777,0,777,0,0,53,7
7,350,21.000000,0.000000,2,0,1572793374,777,0,777,0,0,53,7
7,350,21.000000,0.000000,2,0,1572793377,777,0,777,0,0,53,7
7,350,21.000000,0.000000,2,0,1572793380,777,0,777,0,0,53,7
7,350,21.000000,0.000000,2,0,1572793383,777,0,777,0,0,53,7
7,350,21.000000,0.000000,2,0,1572793385,777,0,777,0,0,53,7
7,350,21.000000,0.000000,2,0,1572793388,777,0,777,0,0,53,7
7,350,21.000000,0.000000,2,0,1572793390,777,0,777,0,0,53,7
7,350,21.000000,0.000000,2,0,1572793393,777,0,777,0,0,53,7
7,350,21.000000,0.000000,2,0,1572793396,777,0,777,0,0,53,7
7,350,21.000000,0.000000,2,0,1572793398,777,0,777,0,0,53,7
7,350,21.000000,0.000000,2,0,1572793401,777,1,777,1,0,53,7
7,350,21.000000,0.000000,2,0,1572793404,777,2,777,2,0,53,7
7,350,21.000000,0.000000,2,0,1572793407,778,3,778,3,0,53,7
7,350,21.000000,0.000000,2,0,1572793409,779,5,779,5,0,53,7
7,350,21.000000,0.000000,2,0,1572793412,780,7,780,7,0,53,7
7,350,21.000000,0.000000,2,0,1572793415,781,7,781,7,0,53,7
7,350,21.000000,0.000000,2,0,1572793418,782,9,782,9,0,53,7
7,350,21.000000,0.000000,2,0,1572793421,783,13,783,13,0,53,7
7,350,21.000000,0.000000,2,0,1572793423,785,17,785,17,0,53,7
7,350,21.000000,0.000000,2,0,1572793426,786,19,786,19,0,53,7
7,350,21.000000,0.000000,2,0,1572793429,787,23,787,23,0,53,7
7,350,21.000000,0.000000,2,0,1572793432,788,26,788,26,0,53,7
7,350,21.000000,0.000000,2,0,1572793435,792,29,792,29,0,53,7
7,350,21.000000,0.000000,2,0,1572793437,793,31,793,31,0,53,7
7,350,21.000000,0.000000,2,0,1572793440,796,36,796,36,0,53,7
7,350,21.000000,0.000000,2,0,1572793443,801,41,801,41,0,53,7
7,350,21.000000,0.000000,2,0,1572793446,804,45,804,45,0,53,7
7,350,21.000000,0.000000,2,0,1572793449,812,54,812,54,0,53,7
7,350,21.000000,0.000000,2,0,1572793451,818,61,818,61,0,53,7
7,350,21.000000,0.000000,2,0,1572793454,823,66,823,66,0,53,7
7,350,21.000000,0.000000,2,0,1572793457,828,71,828,71,0,53,7
7,350,21.000000,0.000000,2,0,1572793459,836,78,836,78,0,53,7
7,350,21.000000,0.000000,2,0,1572793462,842,83,842,83,0,53,7
7,350,21.000000,0.000000,2,0,1572793465,848,88,848,88,0,53,7
7,350,21.000000,0.000000,2,0,1572793468,859,92,859,92,0,53,7
7,350,21.000000,0.000000,2,0,1572793470,869,98,869,98,0,53,7
7,350,21.000000,0.000000,2,0,1572793473,879,105,879,105,0,53,7
7,350,21.000000,0.000000,2,0,1572793476,891,108,891,108,0,53,7
7,350,21.000000,0.000000,2,0,1572793479,903,114,903,114,0,53,7
7,350,21.000000,0.000000,2,0,1572793482,917,119,917,119,0,53,7
7,350,21.000000,0.000000,2,0,1572793485,928,122,928,122,0,53,7
7,350,21.000000,0.000000,2,0,1572793487,939,128,939,128,0,53,7
7,350,21.000000,0.000000,2,0,1572793490,951,130,951,130,0,53,7
7,350,21.000000,0.000000,2,0,1572793493,967,135,967,135,0,53,7
7,350,21.000000,0.000000,2,0,1572793496,983,137,983,137,0,53,7
7,350,21.000000,0.000000,2,0,1572793498,996,140,996,140,0,53,7
7,350,21.000000,0.000000,2,0,1572793502,1008,142,1008,142,0,53,7
7,350,21.000000,0.000000,2,0,1572793504,1025,145,1025,145,0,53,7
7,350,21.000000,0.000000,2,0,1572793507,1041,146,1041,146,0,53,7
7,350,21.000000,0.000000,2,0,1572793510,1058,146,1058,146,0,53,7
7,350,21.000000,0.000000,2,0,1572793513,1069,149,1069,149,0,53,7
7,350,21.000000,0.000000,2,0,1572793516,1081,150,1081,150,0,53,7
7,350,21.000000,0.000000,2,0,1572793519,1096,150,1096,150,0,53,7
7,350,21.000000,0.000000,2,0,1572793521,1111,151,1111,151,0,53,7
7,350,21.000000,0.000000,2,0,1572793524,1123,151,1123,151,0,53,7
7,350,21.000000,0.000000,2,0,1572793527,1135,151,1135,151,0,53,7
7,350,21.000000,0.000000,2,0,1572793530,1148,151,1148,151,0,53,7
7,350,21.000000,0.000000,2,0,1572793533,1158,151,1158,151,0,53,7
7,350,21.000000,0.000000,2,0,1572793535,1169,150,1169,150,0,53,7
7,350,21.000000,0.000000,2,0,1572793538,1177,148,1177,148,0,53,7
7,350,21.000000,0.000000,2,0,1572793541,1188,147,1188,147,0,53,7
7,350,21.000000,0.000000,2,0,1572793543,1199,147,1199,147,0,53,7
7,350,21.000000,0.000000,2,0,1572793546,1206,146,1206,146,0,53,7
7,350,21.000000,0.000000,2,0,1572793549,1221,141,1221,141,0,53,7
7,350,21.000000,0.000000,2,0,1572793552,1229,139,1229,139,0,53,7
7,350,21.000000,0.000000,2,0,1572793554,1235,137,1235,137,0,53,7
7,350,21.000000,0.000000,2,0,1572793557,1240,136,1240,136,0,53,7
7,350,21.000000,0.000000,2,0,1572793560,1243,132,1243,132,0,53,7
7,350,21.000000,0.000000,2,0,1572793563,1248,130,1248,130,0,53,7
7,350,21.000000,0.000000,2,0,1572793566,1253,126,1253,126,0,53,7
7,350,21.000000,0.000000,2,0,1572793568,1255,123,1255,123,0,53,7
7,350,21.000000,0.000000,2,0,1572793571,1256,121,1256,121,0,53,7
7,350,21.000000,0.000000,2,0,1572793574,1257,115,1257,115,0,53,7
7,350,21.000000,0.000000,2,0,1572793577,1258,109,1258,109,0,53,7
7,350,21.000000,0.000000,2,0,1572793579,1259,104,1259,104,0,53,7
7,350,21.000000,0.000000,2,0,1572793582,1259,98,1259,98,0,53,7
7,350,21.000000,0.000000,2,0,1572793585,1259,90,1259,90,0,53,7
7,350,21.000000,0.000000,2,0,1572793588,1257,80,1257,80,0,53,7
7,350,21.000000,0.000000,2,0,1572793591,1253,73,1253,73,0,53,7
7,350,21.000000,0.000000,2,0,1572793594,1251,67,1251,67,0,53,7
7,350,21.000000,0.000000,2,0,1572793597,1248,59,1248,59,0,53,7
7,350,21.000000,0.000000,2,0,1572793599,1245,49,1245,49,0,53,7
7,350,21.000000,0.000000,2,0,1572793602,1241,39,1241,39,0,53,7
7,350,21.000000,0.000000,2,0,1572793605,1235,32,1235,32,0,53,7
7,350,21.000000,0.000000,2,0,1572793608,1229,22,1229,22,0,53,7
7,350,21.000000,0.000000,2,0,1572793611,1222,12,1222,12,0,53,7
7,350,21.000000,0.000000,2,0,1572793614,1214,2,1214,2,0,53,7
7,350,21.000000,0.000000,2,0,1572793616,1209,0,1209,-4,0,53,7
7,350,21.000000,0.000000,2,0,1572793619,1201,0,1201,-15,0,53,7
7,350,21.000000,0.000000,2,0,1572793622,1196,0,1196,-21,0,53,7
7,350,21.000000,0.000000,2,0,1572793625,1188,0,1188,-31,0,53,7
7,350,21.000000,0.000000,2,0,1572793627,1179,0,1179,-39,0,53,7
7,350,21.000000,0.000000,2,0,1572793630,1172,0,1172,-46,0,53,7
7,350,21.000000,0.000000,2,0,1572793633,1164,0,1164,-54,0,53,7
7,350,21.000000,0.000000,2,0,1572793635,1157,0,1157,-61,0,53,7
7,350,21.000000,0.000000,2,0,1572793639,1149,0,1149,-68,0,53,7
7,350,21.000000,0.000000,2,0,1572793641,1141,0,1141,-71,0,53,7
7,350,21.000000,0.000000,2,0,1572793644,1134,0,1134,-76,0,53,7
7,350,21.000000,0.000000,2,0,1572793647,1134,0,1134,-76,0,53,7
7,350,21.000000,0.000000,2,0,1572793650,1126,0,1125,-80,0,53,7
7,350,21.000000,0.000000,2,0,1572793653,1126,0,1114,-88,0,53,7
7,350,21.000000,0.000000,2,0,1572793656,1126,0,1105,-94,0,53,7
7,350,21.000000,0.000000,2,0,1572793658,1126,0,1095,-99,0,53,7
7,350,21.000000,0.000000,2,0,1572793661,1126,0,1087,-103,0,53,7
7,350,21.000000,0.000000,2,0,1572793664,1126,0,1077,-108,0,53,7
7,350,21.000000,0.000000,2,0,1572793667,1126,0,1055,-118,0,53,7
7,350,21.000000,0.000000,2,0,1572793671,1126,0,1043,-123,0,53,7
7,350,21.000000,0.000000,2,0,1572793674,1126,0,1019,-131,0,53,7
7,350,21.000000,0.000000,2,0,1572793676,1126,0,1005,-137,0,53,7
7,350,21.000000,0.000000,2,0,1572793679,1126,0,995,-141,0,53,7
7,350,21.000000,0.000000,2,0,1572793682,1126,0,981,-147,0,53,7
7,350,21.000000,0.000000,2,0,1572793685,1126,0,973,-148,0,53,7
7,350,21.000000,0.000000,2,0,1572793688,1126,0,958,-150,0,53,7
7,350,21.000000,0.000000,2,0,1572793691,1126,0,946,-152,0,53,7
7,350,21.000000,0.000000,2,0,1572793693,1126,0,932,-154,0,53,7
7,350,21.000000,0.000000,2,0,1572793696,1126,0,919,-159,0,53,7
7,350,21.000000,0.000000,2,0,1572793698,1126,0,908,-159,0,53,7
7,350,21.000000,0.000000,2,0,1572793701,1126,0,897,-161,0,53,7
7,350,21.000000,0.000000,2,0,1572793704,1126,0,888,-162,0,53,7
7,350,21.000000,0.000000,2,0,1572793707,1126,0,880,-162,0,53,7
7,350,21.000000,0.000000,2,0,1572793710,1126,0,872,-163,0,53,7
7,350,21.000000,0.000000,2,0,1572793713,1126,0,864,-163,0,53,7
7,350,21.000000,0.000000,2,0,1572793716,1126,0,856,-164,0,53,7
7,350,21.000000,0.000000,2,0,1572793719,1126,0,852,-164,0,53,7
7,350,21.000000,0.000000,2,0,1572793722,1126,0,848,-164,0,53,7
7,350,21.000000,0.000000,2,0,1572793724,1126,0,841,-165,0,53,7
7,350,21.000000,0.000000,2,0,1572793727,1126,0,838,-165,0,53,7
7,350,21.000000,0.000000,2,0,1572793729,1126,0,835,-166,0,53,7
7,350,21.000000,0.000000,2,0,1572793732,1126,0,833,-166,0,53,7
7,350,21.000000,0.000000,2,0,1572793735,1126,0,831,-166,0,53,7
7,350,21.000000,0.000000,2,0,1572793738,1126,0,828,-166,0,53,7
7,350,21.000000,0.000000,2,0,1572793741,1126,0,827,-166,0,53,7
7,350,21.000000,0.000000,2,0,1572793743,1126,0,826,-166,0,53,7
7,350,21.000000,0.000000,2,0,1572793755,1126,0,825,-166,0,53,7
