7,700,21.000000,0.000000,0,2,5821167,609,0,609,0,0,58,0,1
7,700,21.000000,0.000000,0,2,5821168,609,0,609,0,0,58,0,1
7,700,21.000000,0.000000,0,2,5821171,609,0,609,0,0,58,0,1
7,700,21.000000,0.000000,0,2,5821174,609,0,609,0,0,58,0,1
7,700,21.000000,0.000000,0,2,5821176,609,0,609,0,0,58,0,1
7,700,21.000000,0.000000,0,2,5821179,609,0,609,0,0,58,0,1
7,700,21.000000,0.000000,0,2,5821181,609,0,609,0,0,58,0,1
7,700,21.000000,0.000000,0,2,5821184,609,0,609,0,0,58,0,1
7,700,21.000000,0.000000,0,2,5821187,609,0,609,0,0,58,0,1
7,700,21.000000,0.000000,0,2,5821189,609,0,609,0,0,58,0,1
7,700,21.000000,0.000000,0,2,5821192,609,0,609,0,0,58,0,1
7,700,21.000000,0.000000,0,2,5821195,609,0,609,0,0,58,0,1
7,700,21.000000,0.000000,0,2,5821198,609,0,609,0,0,58,0,1
7,700,21.000000,0.000000,0,2,5821201,609,0,609,0,0,58,0,1
7,700,21.000000,0.000000,0,2,5821204,609,0,609,0,0,58,0,1
7,700,21.000000,0.000000,0,2,5821206,609,0,609,0,0,58,0,1
7,700,21.000000,0.000000,0,2,5821209,609,0,609,0,0,58,0,1
7,700,21.000000,0.000000,0,2,5821212,609,0,609,0,0,58,0,1
7,700,21.000000,0.000000,0,2,5821215,609,0,609,0,0,58,0,1
7,700,21.000000,0.000000,0,2,5821218,609,0,609,0,0,58,0,1
7,700,21.000000,0.000000,0,2,5821220,609,0,609,0,0,58,0,1
7,700,21.000000,0.000000,0,2,5821223,609,0,609,0,0,58,0,1
7,700,21.000000,0.000000,0,2,5821226,609,0,609,0,0,58,0,1
7,700,21.000000,0.000000,0,2,5821229,609,0,609,0,0,58,0,1
7,700,21.000000,0.000000,0,2,5821231,609,0,609,0,0,58,0,1
7,700,21.000000,0.000000,0,2,5821234,609,0,609,0,0,58,0,1
7,700,21.000000,0.000000,0,2,5821237,609,0,609,0,0,58,0,1
7,700,21.000000,0.000000,0,2,5821240,609,0,609,0,0,58,0,1
7,700,21.000000,0.000000,0,2,5821243,609,0,609,0,0,58,0,1
7,700,21.000000,0.000000,0,2,5821245,609,0,609,0,0,58,0,1
7,700,21.000000,0.000000,0,2,5821248,609,0,609,0,0,58,0,1
7,700,21.000000,0.000000,0,2,5821251,609,0,609,0,0,58,0,1
7,700,21.000000,0.000000,0,2,5821254,609,0,609,0,0,58,0,1
7,700,21.000000,0.000000,0,2,5821256,609,0,609,0,0,58,0,1
7,700,21.000000,0.000000,0,2,5821259,609,0,609,0,0,58,0,1
7,700,21.000000,0.000000,0,2,5821262,609,0,609,0,0,58,0,1
7,700,21.000000,0.000000,0,2,5821265,610,0,610,0,0,58,0,1
7,700,21.000000,0.000000,0,2,5821268,611,0,611,0,0,58,0,1
7,700,21.000000,0.000000,0,2,5821270,611,0,611,0,0,58,0,1
7,700,21.000000,0.000000,0,2,5821273,612,0,612,0,0,58,0,1
7,700,21.000000,0.000000,0,2,5821276,612,0,612,-1,0,58,0,1
7,700,21.000000,0.000000,0,2,5821279,613,0,613,-2,0,58,0,1
7,700,21.000000,0.000000,0,2,5821281,614,0,614,-2,0,58,0,1
7,700,21.000000,0.000000,0,2,5821284,616,0,616,-2,0,58,0,1
7,700,21.000000,0.000000,0,2,5821287,618,0,618,-2,0,58,0,1
7,700,21.000000,0.000000,0,2,5821290,620,0,620,-2,0,58,0,1
7,700,21.000000,0.000000,0,2,5821293,621,0,621,-2,0,58,0,1
7,700,21.000000,0.000000,0,2,5821296,622,0,622,-2,0,58,0,1
7,700,21.000000,0.000000,0,2,5821298,624,0,624,-2,0,58,0,1
7,700,21.000000,0.000000,0,2,5821301,626,0,626,-3,0,58,0,1
7,700,21.000000,0.000000,0,2,5821304,629,0,629,-3,0,58,0,1
7,700,21.000000,0.000000,0,2,5821307,632,0,632,-3,0,58,0,1
7,700,21.000000,0.000000,0,2,5821309,635,0,635,-4,0,58,0,1
7,700,21.000000,0.000000,0,2,5821312,638,0,638,-4,0,58,0,1
7,700,21.000000,0.000000,0,2,5821315,640,0,640,-5,0,58,0,1
7,700,21.000000,0.000000,0,2,5821318,646,0,646,-5,0,58,0,1
7,700,21.000000,0.000000,0,2,5821321,650,0,650,-5,0,58,0,1
7,700,21.000000,0.000000,0,2,5821323,654,0,654,-6,0,58,0,1
7,700,21.000000,0.000000,0,2,5821326,658,0,658,-6,0,58,0,1
7,700,21.000000,0.000000,0,2,5821329,662,0,662,-6,0,58,0,1
7,700,21.000000,0.000000,0,2,5821332,668,0,668,-6,0,58,0,1
7,700,21.000000,0.000000,0,2,5821334,673,0,673,-8,0,58,0,1
7,700,21.000000,0.000000,0,2,5821337,679,0,679,-8,0,58,0,1
7,700,21.000000,0.000000,0,2,5821340,685,0,685,-8,0,58,0,1
7,700,21.000000,0.000000,0,2,5821343,691,0,691,-9,0,58,0,1
7,700,21.000000,0.000000,0,2,5821346,699,0,699,-10,0,58,0,1
7,700,21.000000,0.000000,0,2,5821348,703,0,703,-11,0,58,0,1
7,700,21.000000,0.000000,0,2,5821351,710,0,710,-11,0,58,0,1
7,700,21.000000,0.000000,0,2,5821354,717,0,717,-12,0,58,0,1
7,700,21.000000,0.000000,0,2,5821357,729,0,729,-14,0,58,0,1
7,700,21.000000,0.000000,0,2,5821359,735,0,735,-14,0,58,0,1
7,700,21.000000,0.000000,0,2,5821362,747,0,747,-16,0,58,0,1
7,700,21.000000,0.000000,0,2,5821365,756,0,756,-17,0,58,0,1
7,700,21.000000,0.000000,0,2,5821368,766,0,766,-18,0,58,0,1
7,700,21.000000,0.000000,0,2,5821371,781,0,781,-20,0,58,0,1
7,700,21.000000,0.000000,0,2,5821373,789,0,789,-21,0,58,0,1
7,700,21.000000,0.000000,0,2,5821376,800,0,800,-22,0,58,0,1
7,700,21.000000,0.000000,0,2,5821379,809,0,809,-23,0,58,0,1
7,700,21.000000,0.000000,0,2,5821382,824,0,824,-24,0,58,0,1
7,700,21.000000,0.000000,0,2,5821384,832,0,832,-25,0,58,0,1
7,700,21.000000,0.000000,0,2,5821387,838,0,838,-25,0,58,0,1
7,700,21.000000,0.000000,0,2,5821390,854,0,854,-27,0,58,0,1
7,700,21.000000,0.000000,0,2,5821393,861,0,861,-28,0,58,0,1
7,700,21.000000,0.000000,0,2,5821396,878,0,878,-29,0,58,0,1
7,700,21.000000,0.000000,0,2,5821398,886,0,886,-30,0,58,0,1
7,700,21.000000,0.000000,0,2,5821401,900,0,900,-31,0,58,0,1
7,700,21.000000,0.000000,0,2,5821404,908,0,908,-31,0,58,0,1
7,700,21.000000,0.000000,0,2,5821407,914,0,914,-31,0,58,0,1
7,700,21.000000,0.000000,0,2,5821410,925,0,925,-32,0,58,0,1
7,700,21.000000,0.000000,0,2,5821412,942,0,942,-32,0,58,0,1
7,700,21.000000,0.000000,0,2,5821415,951,0,951,-33,0,58,0,1
7,700,21.000000,0.000000,0,2,5821418,957,0,957,-34,0,58,0,1
7,700,21.000000,0.000000,0,2,5821421,969,0,969,-35,0,58,0,1
7,700,21.000000,0.000000,0,2,5821423,980,0,980,-36,0,58,0,1
7,700,21.000000,0.000000,0,2,5821426,986,0,986,-36,0,58,0,1
7,700,21.000000,0.000000,0,2,5821429,1001,0,1001,-36,0,58,0,1
7,700,21.000000,0.000000,0,2,5821432,1009,0,1009,-36,0,58,0,1
7,700,21.000000,0.000000,0,2,5821434,1018,0,1018,-37,0,58,0,1
7,700,21.000000,0.000000,0,2,5821437,1022,0,1022,-37,0,58,0,1
7,700,21.000000,0.000000,0,2,5821440,1028,0,1028,-37,0,58,0,1
7,700,21.000000,0.000000,0,2,5821443,1034,0,1034,-38,0,58,0,1
7,700,21.000000,0.000000,0,2,5821446,1039,0,1039,-38,0,58,0,1
7,700,21.000000,0.000000,0,2,5821448,1048,0,1048,-39,0,58,0,1
7,700,21.000000,0.000000,0,2,5821451,1055,0,1055,-39,0,58,0,1
7,700,21.000000,0.000000,0,2,5821454,1059,0,1059,-39,0,58,0,1
7,700,21.000000,0.000000,0,2,5821457,1064,0,1064,-39,0,58,0,1
7,700,21.000000,0.000000,0,2,5821460,1069,0,1069,-39,0,58,0,1
7,700,21.000000,0.000000,0,2,5821462,1075,0,1075,-39,0,58,0,1
7,700,21.000000,0.000000,0,2,5821465,1080,0,1080,-39,0,58,0,1
7,700,21.000000,0.000000,0,2,5821468,1086,0,1086,-40,0,58,0,1
7,700,21.000000,0.000000,0,2,5821471,1090,0,1090,-40,0,58,0,1
7,700,21.000000,0.000000,0,2,5821473,1094,0,1094,-40,0,58,0,1
7,700,21.000000,0.000000,0,2,5821476,1098,0,1098,-40,0,58,0,1
7,700,21.000000,0.000000,0,2,5821479,1103,0,1103,-40,0,58,0,1
7,700,21.000000,0.000000,0,2,5821482,1105,0,1105,-40,0,58,0,1
7,700,21.000000,0.000000,0,2,5821485,1111,0,1111,-41,0,58,0,1
7,700,21.000000,0.000000,0,2,5821487,1115,0,1115,-41,0,58,0,1
7,700,21.000000,0.000000,0,2,5821490,1117,0,1117,-41,0,58,0,1
7,700,21.000000,0.000000,0,2,5821493,1120,0,1120,-41,0,58,0,1
7,700,21.000000,0.000000,0,2,5821496,1122,0,1122,-41,0,58,0,1
7,700,21.000000,0.000000,0,2,5821498,1123,0,1123,-41,0,58,0,1
7,700,21.000000,0.000000,0,2,5821501,1127,0,1127,-41,0,58,0,1
7,700,21.000000,0.000000,0,2,5821504,1129,0,1129,-41,0,58,0,1
7,700,21.000000,0.000000,0,2,5821507,1130,0,1130,-41,0,58,0,1
7,700,21.000000,0.000000,0,2,5821510,1132,0,1132,-41,0,58,0,1
7,700,21.000000,0.000000,0,2,5821512,1134,0,1134,-41,0,58,0,1
7,700,21.000000,0.000000,0,2,5821515,1135,0,1135,-41,0,58,0,1
7,700,21.000000,0.000000,0,2,5821518,1137,0,1137,-41,0,58,0,1
7,700,21.000000,0.000000,0,2,5821521,1138,0,1138,-42,0,58,0,1
7,700,21.000000,0.000000,0,2,5821524,1139,0,1139,-42,0,58,0,1
7,700,21.000000,0.000000,0,2,5821526,1140,0,1140,-42,0,58,0,1
7,700,21.000000,0.000000,0,2,5821529,1142,0,1142,-43,0,58,0,1
7,700,21.000000,0.000000,0,2,5821532,1144,0,1144,-43,0,58,0,1
7,700,21.000000,0.000000,0,2,5821534,1146,0,1146,-43,0,58,0,1
7,700,21.000000,0.000000,0,2,5821537,1147,0,1147,-43,0,58,0,1
7,700,21.000000,0.000000,0,2,5821540,1148,0,1148,-44,0,58,0,1
7,700,21.000000,0.000000,0,2,5821543,1149,0,1149,-44,0,58,0,1
7,700,21.000000,0.000000,0,2,5821546,1151,0,1151,-44,0,58,0,1
7,700,21.000000,0.000000,0,2,5821548,1152,0,1152,-44,0,58,0,1
7,700,21.000000,0.000000,0,2,5821551,1153,0,1153,-44,0,58,0,1
7,700,21.000000,0.000000,0,2,5821554,1154,0,1154,-44,0,58,0,1
7,700,21.000000,0.000000,0,2,5821557,1156,0,1156,-44,0,58,0,1
7,700,21.000000,0.000000,0,2,5821559,1157,0,1157,-44,0,58,0,1
7,700,21.000000,0.000000,0,2,5821562,1158,0,1158,-44,0,58,0,1
7,700,21.000000,0.000000,0,2,5821565,1159,0,1159,-44,0,58,0,1
7,700,21.000000,0.000000,0,2,5821568,1160,0,1160,-44,0,58,0,1
7,700,21.000000,0.000000,0,2,5821571,1161,0,1161,-44,0,58,0,1
7,700,21.000000,0.000000,0,2,5821573,1162,0,1162,-44,0,58,0,1
7,700,21.000000,0.000000,0,2,5821576,1163,0,1163,-44,0,58,0,1
7,700,21.000000,0.000000,0,2,5821579,1164,0,1164,-45,0,58,0,1
7,700,21.000000,0.000000,0,2,5821582,1165,0,1165,-45,0,58,0,1
7,700,21.000000,0.000000,0,2,5821585,1166,0,1166,-45,0,58,0,1
7,700,21.000000,0.000000,0,2,5821587,1167,0,1167,-45,0,58,0,1
7,700,21.000000,0.000000,0,2,5821590,1168,0,1168,-45,0,58,0,1
7,700,21.000000,0.000000,0,2,5821593,1169,0,1169,-45,0,58,0,1
7,700,21.000000,0.000000,0,2,5821596,1171,0,1171,-45,0,58,0,1
7,700,21.000000,0.000000,0,2,5821599,1173,0,1173,-46,0,58,0,1
7,700,21.000000,0.000000,0,2,5821601,1175,0,1175,-46,0,58,0,1
7,700,21.000000,0.000000,0,2,5821604,1176,0,1176,-46,0,58,0,1
7,700,21.000000,0.000000,0,2,5821607,1177,0,1177,-46,0,58,0,1
7,700,21.000000,0.000000,0,2,5821610,1178,0,1178,-46,0,58,0,1
7,700,21.000000,0.000000,0,2,5821612,1180,0,1180,-46,0,58,0,1
7,700,21.000000,0.000000,0,2,5821615,1183,0,1183,-47,0,58,0,1
7,700,21.000000,0.000000,0,2,5821618,1185,0,1185,-47,0,58,0,1
7,700,21.000000,0.000000,0,2,5821621,1187,0,1187,-47,0,58,0,1
7,700,21.000000,0.000000,0,2,5821624,1188,0,1188,-48,0,58,0,1
7,700,21.000000,0.000000,0,2,5821626,1190,0,1190,-49,0,58,0,1
7,700,21.000000,0.000000,0,2,5821629,1193,0,1193,-49,0,58,0,1
7,700,21.000000,0.000000,0,2,5821632,1196,0,1196,-49,0,58,0,1
7,700,21.000000,0.000000,0,2,5821635,1198,0,1198,-50,0,58,0,1
7,700,21.000000,0.000000,0,2,5821637,1201,0,1201,-51,0,58,0,1
7,700,21.000000,0.000000,0,2,5821640,1203,0,1203,-51,0,58,0,1
7,700,21.000000,0.000000,0,2,5821643,1205,0,1205,-51,0,58,0,1
7,700,21.000000,0.000000,0,2,5821646,1206,0,1206,-51,0,58,0,1
7,700,21.000000,0.000000,0,2,5821648,1208,0,1208,-52,0,58,0,1
7,700,21.000000,0.000000,0,2,5821651,1209,0,1209,-52,0,58,0,1
7,700,21.000000,0.000000,0,2,5821654,1211,0,1211,-52,0,58,0,1
7,700,21.000000,0.000000,0,2,5821657,1212,0,1212,-53,0,58,0,1
7,700,21.000000,0.000000,0,2,5821659,1213,0,1213,-53,0,58,0,1
7,700,21.000000,0.000000,0,2,5821662,1214,0,1214,-53,0,58,0,1
7,700,21.000000,0.000000,0,2,5821665,1215,0,1215,-53,0,58,0,1
7,700,21.000000,0.000000,0,2,5821668,1216,0,1216,-53,0,58,0,1
7,700,21.000000,0.000000,0,2,5821671,1217,0,1217,-53,0,58,0,1
7,700,21.000000,0.000000,0,2,5821674,1218,0,1218,-53,0,58,0,1
7,700,21.000000,0.000000,0,2,5821676,1219,0,1219,-53,0,58,0,1
7,700,21.000000,0.000000,0,2,5821679,1220,0,1220,-53,0,58,0,1
7,700,21.000000,0.000000,0,2,5821682,1222,0,1222,-54,0,58,0,1
7,700,21.000000,0.000000,0,2,5821684,1223,0,1223,-54,0,58,0,1
7,700,21.000000,0.000000,0,2,5821687,1225,0,1225,-54,0,58,0,1
7,700,21.000000,0.000000,0,2,5821690,1227,0,1227,-55,0,58,0,1
7,700,21.000000,0.000000,0,2,5821693,1229,0,1229,-55,0,58,0,1
7,700,21.000000,0.000000,0,2,5821695,1232,0,1232,-55,0,58,0,1
7,700,21.000000,0.000000,0,2,5821698,1233,0,1233,-55,0,58,0,1
7,700,21.000000,0.000000,0,2,5821701,1236,0,1236,-56,0,58,0,1
7,700,21.000000,0.000000,0,2,5821704,1238,0,1238,-56,0,58,0,1
7,700,21.000000,0.000000,0,2,5821707,1242,0,1242,-57,0,58,0,1
7,700,21.000000,0.000000,0,2,5821709,1245,0,1245,-57,0,58,0,1
7,700,21.000000,0.000000,0,2,5821712,1247,0,1247,-57,0,58,0,1
7,700,21.000000,0.000000,0,2,5821715,1251,0,1251,-57,0,58,0,1
7,700,21.000000,0.000000,0,2,5821718,1254,0,1254,-58,0,58,0,1
7,700,21.000000,0.000000,0,2,5821720,1257,0,1257,-59,0,58,0,1
7,700,21.000000,0.000000,0,2,5821723,1258,0,1258,-59,0,58,0,1
7,700,21.000000,0.000000,0,2,5821726,1260,0,1260,-59,0,58,0,1
7,700,21.000000,0.000000,0,2,5821729,1264,0,1264,-60,0,58,0,1
7,700,21.000000,0.000000,0,2,5821732,1267,0,1267,-61,0,58,0,1
7,700,21.000000,0.000000,0,2,5821734,1270,0,1270,-62,0,58,0,1
7,700,21.000000,0.000000,0,2,5821737,1272,0,1272,-62,0,58,0,1
7,700,21.000000,0.000000,0,2,5821740,1275,0,1275,-62,0,58,0,1
7,700,21.000000,0.000000,0,2,5821743,1277,0,1277,-62,0,58,0,1
7,700,21.000000,0.000000,0,2,5821745,1279,0,1279,-62,0,58,0,1
7,700,21.000000,0.000000,0,2,5821748,1280,0,1280,-62,0,58,0,1
7,700,21.000000,0.000000,0,2,5821751,1281,0,1281,-62,0,58,0,1
7,700,21.000000,0.000000,0,2,5821754,1283,0,1283,-63,0,58,0,1
7,700,21.000000,0.000000,0,2,5821757,1284,0,1284,-63,0,58,0,1
7,700,21.000000,0.000000,0,2,5821759,1287,0,1287,-63,0,58,0,1
7,700,21.000000,0.000000,0,2,5821762,1288,0,1288,-63,0,58,0,1
7,700,21.000000,0.000000,0,2,5821765,1289,0,1289,-64,0,58,0,1
7,700,21.000000,0.000000,0,2,5821768,1290,0,1290,-65,0,58,0,1
7,700,21.000000,0.000000,0,2,5821770,1291,0,1291,-65,0,58,0,1
7,700,21.000000,0.000000,0,2,5821773,1291,0,1291,-66,0,58,0,1
7,700,21.000000,0.000000,0,2,5821776,1292,0,1292,-67,0,58,0,1
7,700,21.000000,0.000000,0,2,5821779,1292,0,1292,-67,0,58,0,1
7,700,21.000000,0.000000,0,2,5821782,1292,0,1292,-67,0,58,0,1
7,700,21.000000,0.000000,0,2,5821784,1292,0,1292,-67,0,58,0,1
7,700,21.000000,0.000000,0,2,5821787,1292,0,1292,-67,0,58,0,1
7,700,21.000000,0.000000,0,2,5821790,1292,0,1292,-67,0,58,0,1
7,700,21.000000,0.000000,0,2,5821793,1292,0,1292,-67,0,58,0,1
7,700,21.000000,0.000000,0,2,5821795,1292,0,1292,-67,0,58,0,1
7,700,21.000000,0.000000,0,2,5821798,1292,0,1292,-67,0,58,0,1
7,700,21.000000,0.000000,0,2,5821801,1292,0,1292,-67,0,58,0,1
7,700,21.000000,0.000000,0,2,5821804,1292,0,1292,-67,0,58,0,1
7,700,21.000000,0.000000,0,2,5821807,1292,0,1292,-67,0,58,0,1
7,700,21.000000,0.000000,0,2,5821810,1292,0,1292,-67,0,58,0,1
7,700,21.000000,0.000000,0,2,5821813,1292,0,1292,-67,0,58,0,1
7,700,21.000000,0.000000,0,2,5821815,1292,0,1292,-67,0,58,0,1
7,700,21.000000,0.000000,0,2,5821818,1292,0,1292,-67,0,58,0,1
7,700,21.000000,0.000000,0,2,5821821,1292,0,1292,-67,0,58,0,1
7,700,21.000000,0.000000,0,2,5821824,1292,0,1292,-67,0,58,0,1
7,700,21.000000,0.000000,0,2,5821826,1292,0,1292,-67,0,58,0,1
7,700,21.000000,0.000000,0,2,5821829,1292,0,1292,-67,0,58,0,1
7,700,21.000000,0.000000,0,2,5821832,1292,0,1292,-67,0,58,0,1
7,700,21.000000,0.000000,0,2,5821835,1292,0,1292,-67,0,58,0,1
7,700,21.000000,0.000000,0,2,5821837,1292,0,1292,-67,0,58,0,1
7,700,21.000000,0.000000,0,2,5821840,1292,0,1292,-67,0,58,0,1
7,700,21.000000,0.000000,0,2,5821843,1292,0,1292,-67,0,58,0,1
7,700,21.000000,0.000000,0,2,5821846,1292,0,1292,-67,0,58,0,1
7,700,21.000000,0.000000,0,2,5821848,1292,0,1292,-67,0,58,0,1
7,700,21.000000,0.000000,0,2,5821851,1292,0,1292,-67,0,58,0,1
7,700,21.000000,0.000000,0,2,5821854,1292,0,1292,-67,0,58,0,1
7,700,21.000000,0.000000,0,2,5821857,1293,0,1293,-67,0,58,0,1
7,700,21.000000,0.000000,0,2,5821860,1294,0,1294,-67,0,58,0,1
7,700,21.000000,0.000000,0,2,5821862,1295,0,1295,-67,0,58,0,1
7,700,21.000000,0.000000,0,2,5821865,1295,0,1295,-67,0,58,0,1
7,700,21.000000,0.000000,0,2,5821868,1296,0,1296,-67,0,58,0,1
7,700,21.000000,0.000000,0,2,5821871,1296,0,1296,-68,0,58,0,1
7,700,21.000000,0.000000,0,2,5821873,1297,0,1297,-68,0,58,0,1
7,700,21.000000,0.000000,0,2,5821877,1298,0,1298,-68,0,58,0,1
7,700,21.000000,0.000000,0,2,5821879,1299,0,1299,-68,0,58,0,1
7,700,21.000000,0.000000,0,2,5821882,1300,0,1300,-68,0,58,0,1
7,700,21.000000,0.000000,0,2,5821885,1300,0,1300,-68,0,58,0,1
7,700,21.000000,0.000000,0,2,5821887,1301,0,1301,-68,0,58,0,1
7,700,21.000000,0.000000,0,2,5821890,1301,0,1301,-68,0,58,0,1
7,700,21.000000,0.000000,0,2,5821893,1301,0,1301,-68,0,58,0,1
7,700,21.000000,0.000000,0,2,5821896,1301,0,1301,-68,0,58,0,1
7,700,21.000000,0.000000,0,2,5821899,1301,0,1301,-68,0,58,0,1
7,700,21.000000,0.000000,0,2,5821901,1301,0,1301,-68,0,58,0,1
7,700,21.000000,0.000000,0,2,5821904,1301,0,1301,-68,0,58,0,1
7,700,21.000000,0.000000,0,2,5821907,1301,0,1301,-68,0,58,0,1
7,700,21.000000,0.000000,0,2,5821910,1301,0,1301,-68,0,58,0,1
7,700,21.000000,0.000000,0,2,5821913,1301,0,1301,-68,0,58,0,1
7,700,21.000000,0.000000,0,2,5821915,1301,0,1301,-68,0,58,0,1
7,700,21.000000,0.000000,0,2,5821918,1301,0,1301,-68,0,58,0,1
7,700,21.000000,0.000000,0,2,5821921,1301,0,1301,-68,0,58,0,1
7,700,21.000000,0.000000,0,2,5821923,1301,0,1301,-68,0,58,0,1
7,700,21.000000,0.000000,0,2,5821926,1301,0,1301,-68,0,58,0,1
7,700,21.000000,0.000000,0,2,5821929,1301,0,1301,-68,0,58,0,1
7,700,21.000000,0.000000,0,2,5821932,1301,0,1301,-68,0,58,0,1
7,700,21.000000,0.000000,0,2,5821934,1301,0,1301,-68,0,58,0,1
7,700,21.000000,0.000000,0,2,5821937,1301,0,1301,-68,0,58,0,1
7,700,21.000000,0.000000,0,2,5821940,1301,0,1301,-68,0,58,0,1
7,700,21.000000,0.000000,0,2,5821943,1301,0,1301,-68,0,58,0,1
7,700,21.000000,0.000000,0,2,5821946,1301,0,1301,-68,0,58,0,1
7,700,21.000000,0.000000,0,2,5821949,1301,0,1301,-68,0,58,0,1
7,700,21.000000,0.000000,0,2,5821952,1301,0,1301,-68,0,58,0,1
7,700,21.000000,0.000000,0,2,5821954,1301,0,1301,-68,0,58,0,1
7,700,21.000000,0.000000,0,2,5821957,1301,0,1301,-68,0,58,0,1
7,700,21.000000,0.000000,0,2,5821960,1301,0,1301,-68,0,58,0,1
7,700,21.000000,0.000000,0,2,5821962,1301,0,1301,-68,0,58,0,1
7,700,21.000000,0.000000,0,2,5821965,1301,0,1301,-68,0,58,0,1
7,700,21.000000,0.000000,0,2,5821968,1301,0,1301,-68,0,58,0,1
7,700,21.000000,0.000000,0,2,5821971,1301,0,1301,-68,0,58,0,1
7,700,21.000000,0.000000,0,2,5821974,1301,0,1301,-68,0,58,0,1
7,700,21.000000,0.000000,0,2,5821976,1301,0,1301,-68,0,58,0,1
7,700,21.000000,0.000000,0,2,5821979,1301,0,1301,-68,0,58,0,1
7,700,21.000000,0.000000,0,2,5821982,1301,0,1301,-68,0,58,0,1
7,700,21.000000,0.000000,0,2,5821985,1301,0,1301,-68,0,58,0,1
7,700,21.000000,0.000000,0,2,5821987,1301,0,1301,-68,0,58,0,1
7,700,21.000000,0.000000,0,2,5821990,1301,0,1301,-68,0,58,0,1
7,700,21.000000,0.000000,0,2,5821993,1301,0,1301,-68,0,58,0,1
7,700,21.000000,0.000000,0,2,5821996,1301,0,1301,-68,0,58,0,1
7,700,21.000000,0.000000,0,2,5821999,1301,0,1301,-68,0,58,0,1
7,700,21.000000,0.000000,0,2,5822001,1301,0,1301,-68,0,58,0,1
7,700,21.000000,0.000000,0,2,5822004,1301,0,1301,-68,0,58,0,1
7,700,21.000000,0.000000,0,2,5822007,1301,0,1301,-68,0,58,0,1
7,700,21.000000,0.000000,0,2,5822010,1301,0,1301,-68,0,58,0,1
7,700,21.000000,0.000000,0,2,5822012,1301,0,1301,-68,0,58,0,1
7,700,21.000000,0.000000,0,2,5822015,1301,0,1301,-68,0,58,0,1
7,700,21.000000,0.000000,0,2,5822018,1301,0,1301,-68,0,58,0,1
7,700,21.000000,0.000000,0,2,5822021,1301,0,1301,-68,0,58,0,1
7,700,21.000000,0.000000,0,2,5822024,1301,0,1301,-68,0,58,0,1
7,700,21.000000,0.000000,0,2,5822026,1301,0,1301,-68,0,58,0,1
7,700,21.000000,0.000000,0,2,5822029,1301,0,1301,-68,0,58,0,1
7,700,21.000000,0.000000,0,2,5822032,1301,0,1301,-68,0,58,0,1
7,700,21.000000,0.000000,0,2,5822035,1301,0,1301,-68,0,58,0,1
7,700,21.000000,0.000000,0,2,5822038,1301,0,1301,-68,0,58,0,1
7,700,21.000000,0.000000,0,2,5822040,1301,0,1301,-68,0,58,0,1
7,700,21.000000,0.000000,0,2,5822043,1301,0,1301,-68,0,58,0,1
7,700,21.000000,0.000000,0,2,5822046,1301,0,1301,-68,0,58,0,1
7,700,21.000000,0.000000,0,2,5822049,1301,0,1301,-68,0,58,0,1
7,700,21.000000,0.000000,0,2,5822051,1301,0,1301,-68,0,58,0,1
7,700,21.000000,0.000000,0,2,5822054,1301,0,1301,-69,0,58,0,1
7,700,21.000000,0.000000,0,2,5822057,1301,0,1301,-69,0,58,0,1
7,700,21.000000,0.000000,0,2,5822060,1301,0,1301,-69,0,58,0,1
7,700,21.000000,0.000000,0,2,5822062,1301,0,1301,-69,0,58,0,1
7,700,21.000000,0.000000,0,2,5822065,1301,0,1301,-69,0,58,0,1
7,700,21.000000,0.000000,0,2,5822068,1301,0,1301,-69,0,58,0,1
7,700,21.000000,0.000000,0,2,5822071,1301,0,1301,-69,0,58,0,1
7,700,21.000000,0.000000,0,2,5822073,1301,0,1301,-69,0,58,0,1
7,700,21.000000,0.000000,0,2,5822076,1301,0,1301,-69,0,58,0,1
7,700,21.000000,0.000000,0,2,5822079,1301,0,1301,-69,0,58,0,1
7,700,21.000000,0.000000,0,2,5822082,1301,0,1301,-69,0,58,0,1
7,700,21.000000,0.000000,0,2,5822085,1301,0,1301,-69,0,58,0,1
7,700,21.000000,0.000000,0,2,5822088,1301,0,1301,-69,0,58,0,1
7,700,21.000000,0.000000,0,2,5822101,1301,0,1301,-69,0,58,0,1
