7,700,21.000000,10000.000000,0,2,5922263,613,0,613,0,0,65,4,0
7,700,21.000000,10000.000000,0,2,5922264,613,0,613,0,0,65,4,0
7,700,21.000000,10000.000000,0,2,5922266,613,0,613,0,0,65,4,0
7,700,21.000000,10000.000000,0,2,5922269,613,0,613,0,0,65,4,0
7,700,21.000000,10000.000000,0,2,5922272,613,0,613,0,0,65,4,0
7,700,21.000000,10000.000000,0,2,5922275,613,0,613,0,0,65,4,0
7,700,21.000000,10000.000000,0,2,5922278,613,0,613,0,0,65,4,0
7,700,21.000000,10000.000000,0,2,5922281,613,0,613,0,0,65,4,0
7,700,21.000000,10000.000000,0,2,5922283,613,0,613,0,0,65,4,0
7,700,21.000000,10000.000000,0,2,5922286,613,0,613,0,0,65,4,0
7,700,21.000000,10000.000000,0,2,5922289,613,0,613,0,0,65,4,0
7,700,21.000000,10000.000000,0,2,5922292,613,0,613,0,0,65,4,0
7,700,21.000000,10000.000000,0,2,5922294,613,0,613,0,0,65,4,0
7,700,21.000000,10000.000000,0,2,5922297,613,0,613,0,0,65,4,0
7,700,21.000000,10000.000000,0,2,5922300,613,0,613,0,0,65,4,0
7,700,21.000000,10000.000000,0,2,5922303,613,0,613,0,0,65,4,0
7,700,21.000000,10000.000000,0,2,5922306,613,0,613,-1,0,65,4,0
7,700,21.000000,10000.000000,0,2,5922308,613,0,613,-2,0,65,4,0
7,700,21.000000,10000.000000,0,2,5922311,613,0,613,-2,0,65,4,0
7,700,21.000000,10000.000000,0,2,5922314,614,0,614,-2,0,65,4,0
7,700,21.000000,10000.000000,0,2,5922317,615,0,615,-2,0,65,4,0
7,700,21.000000,10000.000000,0,2,5922320,616,0,616,-2,0,65,4,0
7,700,21.000000,10000.000000,0,2,5922322,617,0,617,-2,0,65,4,0
7,700,21.000000,10000.000000,0,2,5922325,617,0,617,-3,0,65,4,0
7,700,21.000000,10000.000000,0,2,5922328,618,0,618,-3,0,65,4,0
7,700,21.000000,10000.000000,0,2,5922331,619,0,619,-3,0,65,4,0
7,700,21.000000,10000.000000,0,2,5922333,620,0,620,-4,0,65,4,0
7,700,21.000000,10000.000000,0,2,5922336,621,0,621,-5,0,65,4,0
7,700,21.000000,10000.000000,0,2,5922339,621,0,621,-6,0,65,4,0
7,700,21.000000,10000.000000,0,2,5922342,622,0,622,-7,0,65,4,0
7,700,21.000000,10000.000000,0,2,5922344,623,0,623,-7,0,65,4,0
7,700,21.000000,10000.000000,0,2,5922347,624,0,624,-8,0,65,4,0
7,700,21.000000,10000.000000,0,2,5922350,625,0,625,-9,0,65,4,0
7,700,21.000000,10000.000000,0,2,5922352,627,0,627,-9,0,65,4,0
7,700,21.000000,10000.000000,0,2,5922356,627,0,627,-10,0,65,4,0
7,700,21.000000,10000.000000,0,2,5922359,628,0,628,-11,0,65,4,0
7,700,21.000000,10000.000000,0,2,5922361,629,0,629,-12,0,65,4,0
7,700,21.000000,10000.000000,0,2,5922364,630,0,630,-12,0,65,4,0
7,700,21.000000,10000.000000,0,2,5922367,631,0,631,-13,0,65,4,0
7,700,21.000000,10000.000000,0,2,5922370,632,0,632,-13,0,65,4,0
7,700,21.000000,10000.000000,0,2,5922373,633,0,633,-13,0,65,4,0
7,700,21.000000,10000.000000,0,2,5922375,634,0,634,-14,0,65,4,0
7,700,21.000000,10000.000000,0,2,5922378,635,0,635,-14,0,65,4,0
7,700,21.000000,10000.000000,0,2,5922381,636,0,636,-14,0,65,4,0
7,700,21.000000,10000.000000,0,2,5922384,637,0,637,-14,0,65,4,0
7,700,21.000000,10000.000000,0,2,5922386,638,0,638,-14,0,65,4,0
7,700,21.000000,10000.000000,0,2,5922389,639,0,639,-15,0,65,4,0
7,700,21.000000,10000.000000,0,2,5922392,640,0,640,-15,0,65,4,0
7,700,21.000000,10000.000000,0,2,5922395,642,0,642,-16,0,65,4,0
7,700,21.000000,10000.000000,0,2,5922397,644,0,644,-16,0,65,4,0
7,700,21.000000,10000.000000,0,2,5922400,646,0,646,-16,0,65,4,0
7,700,21.000000,10000.000000,0,2,5922403,647,0,647,-17,0,65,4,0
7,700,21.000000,10000.000000,0,2,5922406,648,0,648,-17,0,65,4,0
7,700,21.000000,10000.000000,0,2,5922408,651,0,651,-17,0,65,4,0
7,700,21.000000,10000.000000,0,2,5922411,654,0,654,-18,0,65,4,0
7,700,21.000000,10000.000000,0,2,5922414,659,0,659,-19,0,65,4,0
7,700,21.000000,10000.000000,0,2,5922417,662,0,662,-19,0,65,4,0
7,700,21.000000,10000.000000,0,2,5922420,666,0,666,-19,0,65,4,0
7,700,21.000000,10000.000000,0,2,5922422,671,0,671,-20,0,65,4,0
7,700,21.000000,10000.000000,0,2,5922425,678,0,678,-21,0,65,4,0
7,700,21.000000,10000.000000,0,2,5922428,683,0,683,-21,0,65,4,0
7,700,21.000000,10000.000000,0,2,5922431,689,0,689,-21,0,65,4,0
7,700,21.000000,10000.000000,0,2,5922433,695,0,695,-22,0,65,4,0
7,700,21.000000,10000.000000,0,2,5922436,702,0,702,-23,0,65,4,0
7,700,21.000000,10000.000000,0,2,5922439,707,0,707,-23,0,65,4,0
7,700,21.000000,10000.000000,0,2,5922442,714,0,714,-24,0,65,4,0
7,700,21.000000,10000.000000,0,2,5922444,715,0,715,-24,0,65,4,0
7,700,21.000000,10000.000000,0,2,5922447,724,0,724,-25,0,65,4,0
7,700,21.000000,10000.000000,0,2,5922450,731,0,731,-25,0,65,4,0
7,700,21.000000,10000.000000,0,2,5922453,738,0,738,-26,0,65,4,0
7,700,21.000000,10000.000000,0,2,5922456,749,0,749,-27,0,65,4,0
7,700,21.000000,10000.000000,0,2,5922459,754,0,754,-27,0,65,4,0
7,700,21.000000,10000.000000,0,2,5922461,765,0,765,-29,0,65,4,0
7,700,21.000000,10000.000000,0,2,5922464,778,0,778,-30,0,65,4,0
7,700,21.000000,10000.000000,0,2,5922467,788,0,788,-31,0,65,4,0
7,700,21.000000,10000.000000,0,2,5922469,797,0,797,-32,0,65,4,0
7,700,21.000000,10000.000000,0,2,5922472,809,0,809,-33,0,65,4,0
7,700,21.000000,10000.000000,0,2,5922475,815,0,815,-34,0,65,4,0
7,700,21.000000,10000.000000,0,2,5922478,824,0,824,-35,0,65,4,0
7,700,21.000000,10000.000000,0,2,5922481,834,0,834,-36,0,65,4,0
7,700,21.000000,10000.000000,0,2,5922484,839,0,839,-36,0,65,4,0
7,700,21.000000,10000.000000,0,2,5922486,859,0,859,-38,0,65,4,0
7,700,21.000000,10000.000000,0,2,5922489,870,0,870,-40,0,65,4,0
7,700,21.000000,10000.000000,0,2,5922492,880,0,880,-42,0,65,4,0
7,700,21.000000,10000.000000,0,2,5922495,889,0,889,-43,0,65,4,0
7,700,21.000000,10000.000000,0,2,5922497,899,0,899,-44,0,65,4,0
7,700,21.000000,10000.000000,0,2,5922500,916,0,916,-46,0,65,4,0
7,700,21.000000,10000.000000,0,2,5922503,934,0,934,-49,0,65,4,0
7,700,21.000000,10000.000000,0,2,5922506,940,0,940,-50,0,65,4,0
7,700,21.000000,10000.000000,0,2,5922508,951,0,951,-52,0,65,4,0
7,700,21.000000,10000.000000,0,2,5922511,959,0,959,-54,0,65,4,0
7,700,21.000000,10000.000000,0,2,5922514,969,0,969,-55,0,65,4,0
7,700,21.000000,10000.000000,0,2,5922517,980,0,980,-57,0,65,4,0
7,700,21.000000,10000.000000,0,2,5922519,988,0,988,-58,0,65,4,0
7,700,21.000000,10000.000000,0,2,5922522,996,0,996,-59,0,65,4,0
7,700,21.000000,10000.000000,0,2,5922525,1003,0,1003,-61,0,65,4,0
7,700,21.000000,10000.000000,0,2,5922528,1014,0,1014,-63,0,65,4,0
7,700,21.000000,10000.000000,0,2,5922531,1020,0,1020,-63,0,65,4,0
7,700,21.000000,10000.000000,0,2,5922534,1031,0,1031,-64,0,65,4,0
7,700,21.000000,10000.000000,0,2,5922536,1037,0,1037,-66,0,65,4,0
7,700,21.000000,10000.000000,0,2,5922539,1049,0,1049,-67,0,65,4,0
7,700,21.000000,10000.000000,0,2,5922542,1056,0,1056,-68,0,65,4,0
7,700,21.000000,10000.000000,0,2,5922544,1065,0,1065,-69,0,65,4,0
7,700,21.000000,10000.000000,0,2,5922547,1074,0,1074,-70,0,65,4,0
7,700,21.000000,10000.000000,0,2,5922550,1080,0,1080,-70,0,65,4,0
7,700,21.000000,10000.000000,0,2,5922553,1084,0,1084,-70,0,65,4,0
7,700,21.000000,10000.000000,0,2,5922555,1091,0,1091,-72,0,65,4,0
7,700,21.000000,10000.000000,0,2,5922558,1098,0,1098,-73,0,65,4,0
7,700,21.000000,10000.000000,0,2,5922561,1104,0,1104,-73,0,65,4,0
7,700,21.000000,10000.000000,0,2,5922564,1111,0,1111,-74,0,65,4,0
7,700,21.000000,10000.000000,0,2,5922567,1117,0,1117,-75,0,65,4,0
7,700,21.000000,10000.000000,0,2,5922569,1123,0,1123,-76,0,65,4,0
7,700,21.000000,10000.000000,0,2,5922572,1130,0,1130,-77,0,65,4,0
7,700,21.000000,10000.000000,0,2,5922575,1137,0,1137,-77,0,65,4,0
7,700,21.000000,10000.000000,0,2,5922578,1145,0,1145,-79,0,65,4,0
7,700,21.000000,10000.000000,0,2,5922581,1150,0,1150,-80,0,65,4,0
7,700,21.000000,10000.000000,0,2,5922583,1156,0,1156,-80,0,65,4,0
7,700,21.000000,10000.000000,0,2,5922586,1160,0,1160,-81,0,65,4,0
7,700,21.000000,10000.000000,0,2,5922589,1165,0,1165,-82,0,65,4,0
7,700,21.000000,10000.000000,0,2,5922592,1170,0,1170,-82,0,65,4,0
7,700,21.000000,10000.000000,0,2,5922594,1175,0,1175,-84,0,65,4,0
7,700,21.000000,10000.000000,0,2,5922597,1180,0,1180,-85,0,65,4,0
7,700,21.000000,10000.000000,0,2,5922600,1183,0,1183,-85,0,65,4,0
7,700,21.000000,10000.000000,0,2,5922603,1188,0,1188,-86,0,65,4,0
7,700,21.000000,10000.000000,0,2,5922606,1193,0,1193,-87,0,65,4,0
7,700,21.000000,10000.000000,0,2,5922608,1196,0,1196,-88,0,65,4,0
7,700,21.000000,10000.000000,0,2,5922611,1202,0,1202,-88,0,65,4,0
7,700,21.000000,10000.000000,0,2,5922614,1205,0,1205,-89,0,65,4,0
7,700,21.000000,10000.000000,0,2,5922617,1208,0,1208,-90,0,65,4,0
7,700,21.000000,10000.000000,0,2,5922620,1212,0,1212,-90,0,65,4,0
7,700,21.000000,10000.000000,0,2,5922623,1215,0,1215,-91,0,65,4,0
7,700,21.000000,10000.000000,0,2,5922625,1218,0,1218,-91,0,65,4,0
7,700,21.000000,10000.000000,0,2,5922628,1222,0,1222,-91,0,65,4,0
7,700,21.000000,10000.000000,0,2,5922631,1224,0,1224,-91,0,65,4,0
7,700,21.000000,10000.000000,0,2,5922634,1226,0,1226,-92,0,65,4,0
7,700,21.000000,10000.000000,0,2,5922636,1228,0,1228,-92,0,65,4,0
7,700,21.000000,10000.000000,0,2,5922639,1231,0,1231,-93,0,65,4,0
7,700,21.000000,10000.000000,0,2,5922642,1234,0,1234,-93,0,65,4,0
7,700,21.000000,10000.000000,0,2,5922645,1237,0,1237,-94,0,65,4,0
7,700,21.000000,10000.000000,0,2,5922648,1240,0,1240,-95,0,65,4,0
7,700,21.000000,10000.000000,0,2,5922651,1241,0,1241,-95,0,65,4,0
7,700,21.000000,10000.000000,0,2,5922653,1243,0,1243,-95,0,65,4,0
7,700,21.000000,10000.000000,0,2,5922656,1247,0,1247,-96,0,65,4,0
7,700,21.000000,10000.000000,0,2,5922659,1249,0,1249,-97,0,65,4,0
7,700,21.000000,10000.000000,0,2,5922661,1250,0,1250,-97,0,65,4,0
7,700,21.000000,10000.000000,0,2,5922664,1252,0,1252,-98,0,65,4,0
7,700,21.000000,10000.000000,0,2,5922667,1253,0,1253,-98,0,65,4,0
7,700,21.000000,10000.000000,0,2,5922670,1255,0,1255,-98,0,65,4,0
7,700,21.000000,10000.000000,0,2,5922673,1256,0,1256,-99,0,65,4,0
7,700,21.000000,10000.000000,0,2,5922675,1257,0,1257,-99,0,65,4,0
7,700,21.000000,10000.000000,0,2,5922678,1258,0,1258,-100,0,65,4,0
7,700,21.000000,10000.000000,0,2,5922681,1259,0,1259,-100,0,65,4,0
7,700,21.000000,10000.000000,0,2,5922684,1260,0,1260,-100,0,65,4,0
7,700,21.000000,10000.000000,0,2,5922687,1261,0,1261,-101,0,65,4,0
7,700,21.000000,10000.000000,0,2,5922689,1261,0,1261,-101,0,65,4,0
7,700,21.000000,10000.000000,0,2,5922692,1262,0,1262,-101,0,65,4,0
7,700,21.000000,10000.000000,0,2,5922695,1263,0,1263,-101,0,65,4,0
7,700,21.000000,10000.000000,0,2,5922698,1264,0,1264,-102,0,65,4,0
7,700,21.000000,10000.000000,0,2,5922700,1264,0,1264,-102,0,65,4,0
7,700,21.000000,10000.000000,0,2,5922703,1265,0,1265,-102,0,65,4,0
7,700,21.000000,10000.000000,0,2,5922706,1266,0,1266,-102,0,65,4,0
7,700,21.000000,10000.000000,0,2,5922709,1267,0,1267,-102,0,65,4,0
7,700,21.000000,10000.000000,0,2,5922712,1267,0,1267,-102,0,65,4,0
7,700,21.000000,10000.000000,0,2,5922714,1267,0,1267,-102,0,65,4,0
7,700,21.000000,10000.000000,0,2,5922717,1267,0,1267,-102,0,65,4,0
7,700,21.000000,10000.000000,0,2,5922720,1267,0,1267,-102,0,65,4,0
7,700,21.000000,10000.000000,0,2,5922723,1267,0,1267,-102,0,65,4,0
7,700,21.000000,10000.000000,0,2,5922725,1267,0,1267,-102,0,65,4,0
7,700,21.000000,10000.000000,0,2,5922728,1267,0,1267,-102,0,65,4,0
7,700,21.000000,10000.000000,0,2,5922731,1267,0,1267,-102,0,65,4,0
7,700,21.000000,10000.000000,0,2,5922733,1267,0,1267,-102,0,65,4,0
7,700,21.000000,10000.000000,0,2,5922736,1267,0,1267,-102,0,65,4,0
7,700,21.000000,10000.000000,0,2,5922739,1267,0,1267,-102,0,65,4,0
7,700,21.000000,10000.000000,0,2,5922742,1267,0,1267,-102,0,65,4,0
7,700,21.000000,10000.000000,0,2,5922745,1267,0,1267,-102,0,65,4,0
7,700,21.000000,10000.000000,0,2,5922747,1267,0,1267,-102,0,65,4,0
7,700,21.000000,10000.000000,0,2,5922750,1267,0,1267,-102,0,65,4,0
7,700,21.000000,10000.000000,0,2,5922753,1267,0,1267,-102,0,65,4,0
7,700,21.000000,10000.000000,0,2,5922755,1267,0,1267,-102,0,65,4,0
7,700,21.000000,10000.000000,0,2,5922758,1267,0,1267,-102,0,65,4,0
7,700,21.000000,10000.000000,0,2,5922761,1267,0,1267,-102,0,65,4,0
7,700,21.000000,10000.000000,0,2,5922764,1267,0,1267,-102,0,65,4,0
7,700,21.000000,10000.000000,0,2,5922767,1267,0,1267,-102,0,65,4,0
7,700,21.000000,10000.000000,0,2,5922769,1267,0,1267,-102,0,65,4,0
7,700,21.000000,10000.000000,0,2,5922772,1267,0,1267,-102,0,65,4,0
7,700,21.000000,10000.000000,0,2,5922775,1267,0,1267,-102,0,65,4,0
7,700,21.000000,10000.000000,0,2,5922778,1267,0,1267,-102,0,65,4,0
7,700,21.000000,10000.000000,0,2,5922781,1267,0,1267,-102,0,65,4,0
7,700,21.000000,10000.000000,0,2,5922783,1267,0,1267,-102,0,65,4,0
7,700,21.000000,10000.000000,0,2,5922786,1267,0,1267,-102,0,65,4,0
7,700,21.000000,10000.000000,0,2,5922789,1267,0,1267,-102,0,65,4,0
7,700,21.000000,10000.000000,0,2,5922792,1267,0,1267,-102,0,65,4,0
7,700,21.000000,10000.000000,0,2,5922794,1267,0,1267,-102,0,65,4,0
7,700,21.000000,10000.000000,0,2,5922797,1267,0,1267,-103,0,65,4,0
7,700,21.000000,10000.000000,0,2,5922800,1268,0,1268,-104,0,65,4,0
7,700,21.000000,10000.000000,0,2,5922803,1268,0,1268,-104,0,65,4,0
7,700,21.000000,10000.000000,0,2,5922806,1268,0,1268,-105,0,65,4,0
7,700,21.000000,10000.000000,0,2,5922808,1269,0,1269,-105,0,65,4,0
7,700,21.000000,10000.000000,0,2,5922811,1270,0,1270,-105,0,65,4,0
7,700,21.000000,10000.000000,0,2,5922814,1271,0,1271,-105,0,65,4,0
7,700,21.000000,10000.000000,0,2,5922817,1272,0,1272,-105,0,65,4,0
7,700,21.000000,10000.000000,0,2,5922819,1273,0,1273,-106,0,65,4,0
7,700,21.000000,10000.000000,0,2,5922822,1274,0,1274,-106,0,65,4,0
7,700,21.000000,10000.000000,0,2,5922825,1275,0,1275,-107,0,65,4,0
7,700,21.000000,10000.000000,0,2,5922828,1276,0,1276,-108,0,65,4,0
7,700,21.000000,10000.000000,0,2,5922831,1277,0,1277,-108,0,65,4,0
7,700,21.000000,10000.000000,0,2,5922833,1278,0,1278,-108,0,65,4,0
7,700,21.000000,10000.000000,0,2,5922836,1279,0,1279,-108,0,65,4,0
7,700,21.000000,10000.000000,0,2,5922839,1280,0,1280,-108,0,65,4,0
7,700,21.000000,10000.000000,0,2,5922842,1280,0,1280,-109,0,65,4,0
7,700,21.000000,10000.000000,0,2,5922844,1281,0,1281,-110,0,65,4,0
7,700,21.000000,10000.000000,0,2,5922847,1281,0,1281,-110,0,65,4,0
7,700,21.000000,10000.000000,0,2,5922850,1281,0,1281,-110,0,65,4,0
7,700,21.000000,10000.000000,0,2,5922853,1281,0,1281,-110,0,65,4,0
7,700,21.000000,10000.000000,0,2,5922856,1281,0,1281,-110,0,65,4,0
7,700,21.000000,10000.000000,0,2,5922858,1281,0,1281,-110,0,65,4,0
7,700,21.000000,10000.000000,0,2,5922862,1281,0,1281,-110,0,65,4,0
7,700,21.000000,10000.000000,0,2,5922864,1281,0,1281,-110,0,65,4,0
7,700,21.000000,10000.000000,0,2,5922867,1281,0,1281,-110,0,65,4,0
7,700,21.000000,10000.000000,0,2,5922870,1281,0,1281,-110,0,65,4,0
7,700,21.000000,10000.000000,0,2,5922872,1281,0,1281,-110,0,65,4,0
7,700,21.000000,10000.000000,0,2,5922875,1281,0,1281,-110,0,65,4,0
7,700,21.000000,10000.000000,0,2,5922878,1281,0,1281,-111,0,65,4,0
7,700,21.000000,10000.000000,0,2,5922881,1281,0,1281,-112,0,65,4,0
7,700,21.000000,10000.000000,0,2,5922884,1281,0,1281,-112,0,65,4,0
7,700,21.000000,10000.000000,0,2,5922886,1282,0,1282,-112,0,65,4,0
7,700,21.000000,10000.000000,0,2,5922889,1282,0,1282,-112,0,65,4,0
7,700,21.000000,10000.000000,0,2,5922892,1282,0,1282,-112,0,65,4,0
7,700,21.000000,10000.000000,0,2,5922895,1282,0,1282,-112,0,65,4,0
7,700,21.000000,10000.000000,0,2,5922897,1282,0,1282,-112,0,65,4,0
7,700,21.000000,10000.000000,0,2,5922900,1283,0,1283,-112,0,65,4,0
7,700,21.000000,10000.000000,0,2,5922903,1284,0,1284,-112,0,65,4,0
7,700,21.000000,10000.000000,0,2,5922906,1284,0,1284,-112,0,65,4,0
7,700,21.000000,10000.000000,0,2,5922908,1285,0,1285,-112,0,65,4,0
7,700,21.000000,10000.000000,0,2,5922911,1286,0,1286,-113,0,65,4,0
7,700,21.000000,10000.000000,0,2,5922914,1287,0,1287,-114,0,65,4,0
7,700,21.000000,10000.000000,0,2,5922917,1287,0,1287,-115,0,65,4,0
7,700,21.000000,10000.000000,0,2,5922920,1288,0,1288,-115,0,65,4,0
7,700,21.000000,10000.000000,0,2,5922922,1289,0,1289,-115,0,65,4,0
7,700,21.000000,10000.000000,0,2,5922925,1289,0,1289,-115,0,65,4,0
7,700,21.000000,10000.000000,0,2,5922928,1290,0,1290,-115,0,65,4,0
7,700,21.000000,10000.000000,0,2,5922931,1291,0,1291,-115,0,65,4,0
7,700,21.000000,10000.000000,0,2,5922933,1291,0,1291,-115,0,65,4,0
7,700,21.000000,10000.000000,0,2,5922936,1291,0,1291,-116,0,65,4,0
7,700,21.000000,10000.000000,0,2,5922939,1291,0,1291,-116,0,65,4,0
7,700,21.000000,10000.000000,0,2,5922942,1291,0,1291,-116,0,65,4,0
7,700,21.000000,10000.000000,0,2,5922945,1291,0,1291,-116,0,65,4,0
7,700,21.000000,10000.000000,0,2,5922947,1291,0,1291,-116,0,65,4,0
7,700,21.000000,10000.000000,0,2,5922950,1291,0,1291,-116,0,65,4,0
7,700,21.000000,10000.000000,0,2,5922953,1291,0,1291,-116,0,65,4,0
7,700,21.000000,10000.000000,0,2,5922956,1291,0,1291,-116,0,65,4,0
7,700,21.000000,10000.000000,0,2,5922958,1291,0,1291,-116,0,65,4,0
7,700,21.000000,10000.000000,0,2,5922962,1291,0,1291,-116,0,65,4,0
7,700,21.000000,10000.000000,0,2,5922964,1291,0,1291,-116,0,65,4,0
7,700,21.000000,10000.000000,0,2,5922967,1291,0,1291,-116,0,65,4,0
7,700,21.000000,10000.000000,0,2,5922970,1291,0,1291,-116,0,65,4,0
7,700,21.000000,10000.000000,0,2,5922973,1291,0,1291,-116,0,65,4,0
7,700,21.000000,10000.000000,0,2,5922976,1291,0,1291,-116,0,65,4,0
7,700,21.000000,10000.000000,0,2,5922978,1291,0,1291,-116,0,65,4,0
7,700,21.000000,10000.000000,0,2,5922981,1291,0,1291,-116,0,65,4,0
7,700,21.000000,10000.000000,0,2,5922984,1291,0,1291,-116,0,65,4,0
7,700,21.000000,10000.000000,0,2,5922987,1292,0,1292,-116,0,65,4,0
7,700,21.000000,10000.000000,0,2,5922989,1293,0,1293,-116,0,65,4,0
7,700,21.000000,10000.000000,0,2,5922992,1293,0,1293,-116,0,65,4,0
7,700,21.000000,10000.000000,0,2,5922995,1293,0,1293,-116,0,65,4,0
7,700,21.000000,10000.000000,0,2,5922997,1293,0,1293,-116,0,65,4,0
7,700,21.000000,10000.000000,0,2,5923001,1294,0,1294,-116,0,65,4,0
7,700,21.000000,10000.000000,0,2,5923003,1295,0,1295,-116,0,65,4,0
7,700,21.000000,10000.000000,0,2,5923006,1295,0,1295,-116,0,65,4,0
7,700,21.000000,10000.000000,0,2,5923009,1295,0,1295,-116,0,65,4,0
7,700,21.000000,10000.000000,0,2,5923011,1295,0,1295,-116,0,65,4,0
7,700,21.000000,10000.000000,0,2,5923014,1295,0,1295,-117,0,65,4,0
7,700,21.000000,10000.000000,0,2,5923017,1295,0,1295,-118,0,65,4,0
7,700,21.000000,10000.000000,0,2,5923020,1295,0,1295,-118,0,65,4,0
7,700,21.000000,10000.000000,0,2,5923022,1296,0,1296,-118,0,65,4,0
7,700,21.000000,10000.000000,0,2,5923025,1296,0,1296,-118,0,65,4,0
7,700,21.000000,10000.000000,0,2,5923028,1296,0,1296,-118,0,65,4,0
7,700,21.000000,10000.000000,0,2,5923031,1296,0,1296,-118,0,65,4,0
7,700,21.000000,10000.000000,0,2,5923034,1297,0,1297,-118,0,65,4,0
7,700,21.000000,10000.000000,0,2,5923036,1297,0,1297,-119,0,65,4,0
7,700,21.000000,10000.000000,0,2,5923039,1297,0,1297,-120,0,65,4,0
7,700,21.000000,10000.000000,0,2,5923042,1297,0,1297,-120,0,65,4,0
7,700,21.000000,10000.000000,0,2,5923045,1297,0,1297,-121,0,65,4,0
7,700,21.000000,10000.000000,0,2,5923047,1298,0,1298,-122,0,65,4,0
7,700,21.000000,10000.000000,0,2,5923050,1298,0,1298,-122,0,65,4,0
7,700,21.000000,10000.000000,0,2,5923053,1298,0,1298,-122,0,65,4,0
7,700,21.000000,10000.000000,0,2,5923056,1299,0,1299,-122,0,65,4,0
7,700,21.000000,10000.000000,0,2,5923059,1300,0,1300,-122,0,65,4,0
7,700,21.000000,10000.000000,0,2,5923061,1300,0,1300,-122,0,65,4,0
7,700,21.000000,10000.000000,0,2,5923064,1300,0,1300,-123,0,65,4,0
7,700,21.000000,10000.000000,0,2,5923067,1300,0,1300,-124,0,65,4,0
7,700,21.000000,10000.000000,0,2,5923070,1300,0,1300,-124,0,65,4,0
7,700,21.000000,10000.000000,0,2,5923073,1300,0,1300,-124,0,65,4,0
7,700,21.000000,10000.000000,0,2,5923075,1300,0,1300,-124,0,65,4,0
7,700,21.000000,10000.000000,0,2,5923078,1300,0,1300,-124,0,65,4,0
7,700,21.000000,10000.000000,0,2,5923081,1300,0,1300,-124,0,65,4,0
7,700,21.000000,10000.000000,0,2,5923084,1300,0,1300,-124,0,65,4,0
7,700,21.000000,10000.000000,0,2,5923086,1300,0,1300,-124,0,65,4,0
7,700,21.000000,10000.000000,0,2,5923089,1300,0,1300,-124,0,65,4,0
7,700,21.000000,10000.000000,0,2,5923092,1300,0,1300,-124,0,65,4,0
7,700,21.000000,10000.000000,0,2,5923095,1300,0,1300,-124,0,65,4,0
7,700,21.000000,10000.000000,0,2,5923098,1300,0,1300,-124,0,65,4,0
7,700,21.000000,10000.000000,0,2,5923100,1300,0,1300,-124,0,65,4,0
7,700,21.000000,10000.000000,0,2,5923103,1300,0,1300,-124,0,65,4,0
7,700,21.000000,10000.000000,0,2,5923106,1300,0,1300,-124,0,65,4,0
7,700,21.000000,10000.000000,0,2,5923109,1300,0,1300,-124,0,65,4,0
7,700,21.000000,10000.000000,0,2,5923111,1300,0,1300,-124,0,65,4,0
7,700,21.000000,10000.000000,0,2,5923114,1300,0,1300,-124,0,65,4,0
7,700,21.000000,10000.000000,0,2,5923117,1300,0,1300,-124,0,65,4,0
7,700,21.000000,10000.000000,0,2,5923120,1300,0,1300,-124,0,65,4,0
7,700,21.000000,10000.000000,0,2,5923123,1300,0,1300,-124,0,65,4,0
7,700,21.000000,10000.000000,0,2,5923125,1300,0,1300,-124,0,65,4,0
7,700,21.000000,10000.000000,0,2,5923128,1301,0,1301,-124,0,65,4,0
7,700,21.000000,10000.000000,0,2,5923131,1302,0,1302,-124,0,65,4,0
7,700,21.000000,10000.000000,0,2,5923134,1302,0,1302,-124,0,65,4,0
7,700,21.000000,10000.000000,0,2,5923136,1302,0,1302,-124,0,65,4,0
7,700,21.000000,10000.000000,0,2,5923139,1302,0,1302,-124,0,65,4,0
7,700,21.000000,10000.000000,0,2,5923142,1302,0,1302,-124,0,65,4,0
7,700,21.000000,10000.000000,0,2,5923145,1302,0,1302,-124,0,65,4,0
7,700,21.000000,10000.000000,0,2,5923148,1302,0,1302,-124,0,65,4,0
7,700,21.000000,10000.000000,0,2,5923150,1302,0,1302,-124,0,65,4,0
7,700,21.000000,10000.000000,0,2,5923153,1302,0,1302,-124,0,65,4,0
7,700,21.000000,10000.000000,0,2,5923156,1302,0,1302,-125,0,65,4,0
7,700,21.000000,10000.000000,0,2,5923159,1302,0,1302,-126,0,65,4,0
7,700,21.000000,10000.000000,0,2,5923162,1302,0,1302,-126,0,65,4,0
7,700,21.000000,10000.000000,0,2,5923164,1302,0,1302,-126,0,65,4,0
7,700,21.000000,10000.000000,0,2,5923167,1302,0,1302,-126,0,65,4,0
7,700,21.000000,10000.000000,0,2,5923170,1302,0,1302,-126,0,65,4,0
7,700,21.000000,10000.000000,0,2,5923173,1303,0,1303,-126,0,65,4,0
7,700,21.000000,10000.000000,0,2,5923176,1304,0,1304,-126,0,65,4,0
7,700,21.000000,10000.000000,0,2,5923178,1304,0,1304,-126,0,65,4,0
7,700,21.000000,10000.000000,0,2,5923181,1304,0,1304,-126,0,65,4,0
7,700,21.000000,10000.000000,0,2,5923184,1304,0,1304,-126,0,65,4,0
7,700,21.000000,10000.000000,0,2,5923186,1304,0,1304,-126,0,65,4,0
7,700,21.000000,10000.000000,0,2,5923189,1304,0,1304,-126,0,65,4,0
7,700,21.000000,10000.000000,0,2,5923192,1304,0,1304,-126,0,65,4,0
7,700,21.000000,10000.000000,0,2,5923195,1304,0,1304,-126,0,65,4,0
7,700,21.000000,10000.000000,0,2,5923198,1304,0,1304,-126,0,65,4,0
7,700,21.000000,10000.000000,0,2,5923200,1304,0,1304,-126,0,65,4,0
7,700,21.000000,10000.000000,0,2,5923203,1304,0,1304,-126,0,65,4,0
7,700,21.000000,10000.000000,0,2,5923206,1304,0,1304,-126,0,65,4,0
7,700,21.000000,10000.000000,0,2,5923209,1304,0,1304,-126,0,65,4,0
7,700,21.000000,10000.000000,0,2,5923211,1304,0,1304,-126,0,65,4,0
7,700,21.000000,10000.000000,0,2,5923215,1304,0,1304,-126,0,65,4,0
7,700,21.000000,10000.000000,0,2,5923217,1304,0,1304,-126,0,65,4,0
7,700,21.000000,10000.000000,0,2,5923220,1304,0,1304,-126,0,65,4,0
7,700,21.000000,10000.000000,0,2,5923233,1304,0,1304,-126,0,65,4,0
