7,700,21.000000,0.000000,0,2,6010615,604,0,604,0,0,73,0,0
7,700,21.000000,0.000000,0,2,6010615,604,0,604,0,0,73,0,0
7,700,21.000000,0.000000,0,2,6010618,604,0,604,0,0,73,0,0
7,700,21.000000,0.000000,0,2,6010621,604,0,604,0,0,73,0,0
7,700,21.000000,0.000000,0,2,6010624,604,0,604,0,0,73,0,0
7,700,21.000000,0.000000,0,2,6010627,604,0,604,0,0,73,0,0
7,700,21.000000,0.000000,0,2,6010629,604,0,604,0,0,73,0,0
7,700,21.000000,0.000000,0,2,6010632,604,0,604,0,0,73,0,0
7,700,21.000000,0.000000,0,2,6010635,604,0,604,0,0,73,0,0
7,700,21.000000,0.000000,0,2,6010638,604,0,604,0,0,73,0,0
7,700,21.000000,0.000000,0,2,6010640,604,0,604,0,0,73,0,0
7,700,21.000000,0.000000,0,2,6010643,604,0,604,0,0,73,0,0
7,700,21.000000,0.000000,0,2,6010646,604,0,604,0,0,73,0,0
7,700,21.000000,0.000000,0,2,6010649,604,0,604,0,0,73,0,0
7,700,21.000000,0.000000,0,2,6010652,604,0,604,0,0,73,0,0
7,700,21.000000,0.000000,0,2,6010654,604,0,604,0,0,73,0,0
7,700,21.000000,0.000000,0,2,6010657,604,0,604,0,0,73,0,0
7,700,21.000000,0.000000,0,2,6010660,604,0,604,0,0,73,0,0
7,700,21.000000,0.000000,0,2,6010663,604,0,604,0,0,73,0,0
7,700,21.000000,0.000000,0,2,6010665,604,0,604,0,0,73,0,0
7,700,21.000000,0.000000,0,2,6010668,604,0,604,0,0,73,0,0
7,700,21.000000,0.000000,0,2,6010671,604,0,604,0,0,73,0,0
7,700,21.000000,0.000000,0,2,6010674,604,0,604,0,0,73,0,0
7,700,21.000000,0.000000,0,2,6010677,604,0,604,0,0,73,0,0
7,700,21.000000,0.000000,0,2,6010679,604,0,604,0,0,73,0,0
7,700,21.000000,0.000000,0,2,6010682,604,0,604,0,0,73,0,0
7,700,21.000000,0.000000,0,2,6010685,604,0,604,0,0,73,0,0
7,700,21.000000,0.000000,0,2,6010688,604,0,604,0,0,73,0,0
7,700,21.000000,0.000000,0,2,6010690,604,0,604,0,0,73,0,0
7,700,21.000000,0.000000,0,2,6010693,604,0,604,0,0,73,0,0
7,700,21.000000,0.000000,0,2,6010696,604,0,604,0,0,73,0,0
7,700,21.000000,0.000000,0,2,6010699,604,0,604,0,0,73,0,0
7,700,21.000000,0.000000,0,2,6010702,604,0,604,0,0,73,0,0
7,700,21.000000,0.000000,0,2,6010704,604,0,604,0,0,73,0,0
7,700,21.000000,0.000000,0,2,6010707,604,0,604,0,0,73,0,0
7,700,21.000000,0.000000,0,2,6010710,604,0,604,0,0,73,0,0
7,700,21.000000,0.000000,0,2,6010713,604,0,604,0,0,73,0,0
7,700,21.000000,0.000000,0,2,6010715,604,0,604,0,0,73,0,0
7,700,21.000000,0.000000,0,2,6010718,604,0,604,0,0,73,0,0
7,700,21.000000,0.000000,0,2,6010721,604,0,604,0,0,73,0,0
7,700,21.000000,0.000000,0,2,6010724,604,0,604,0,0,73,0,0
7,700,21.000000,0.000000,0,2,6010727,604,0,604,0,0,73,0,0
7,700,21.000000,0.000000,0,2,6010729,604,0,604,0,0,73,0,0
7,700,21.000000,0.000000,0,2,6010732,604,0,604,0,0,73,0,0
7,700,21.000000,0.000000,0,2,6010735,605,0,605,0,0,73,0,0
7,700,21.000000,0.000000,0,2,6010738,606,0,606,0,0,73,0,0
7,700,21.000000,0.000000,0,2,6010741,607,0,607,0,0,73,0,0
7,700,21.000000,0.000000,0,2,6010743,608,0,608,-1,0,73,0,0
7,700,21.000000,0.000000,0,2,6010746,609,0,609,-1,0,73,0,0
7,700,21.000000,0.000000,0,2,6010749,610,0,610,-1,0,73,0,0
7,700,21.000000,0.000000,0,2,6010752,613,0,613,-2,0,73,0,0
7,700,21.000000,0.000000,0,2,6010754,616,0,616,-3,0,73,0,0
7,700,21.000000,0.000000,0,2,6010757,619,0,619,-3,0,73,0,0
7,700,21.000000,0.000000,0,2,6010760,623,0,623,-4,0,73,0,0
7,700,21.000000,0.000000,0,2,6010763,626,0,626,-5,0,73,0,0
7,700,21.000000,0.000000,0,2,6010766,627,0,627,-5,0,73,0,0
7,700,21.000000,0.000000,0,2,6010768,636,0,636,-6,0,73,0,0
7,700,21.000000,0.000000,0,2,6010771,640,0,640,-7,0,73,0,0
7,700,21.000000,0.000000,0,2,6010774,648,0,648,-8,0,73,0,0
7,700,21.000000,0.000000,0,2,6010777,654,0,654,-9,0,73,0,0
7,700,21.000000,0.000000,0,2,6010779,660,0,660,-10,0,73,0,0
7,700,21.000000,0.000000,0,2,6010782,667,0,667,-12,0,73,0,0
7,700,21.000000,0.000000,0,2,6010785,672,0,672,-12,0,73,0,0
7,700,21.000000,0.000000,0,2,6010788,684,0,684,-15,0,73,0,0
7,700,21.000000,0.000000,0,2,6010790,693,0,693,-16,0,73,0,0
7,700,21.000000,0.000000,0,2,6010793,702,0,702,-18,0,73,0,0
7,700,21.000000,0.000000,0,2,6010796,707,0,707,-19,0,73,0,0
7,700,21.000000,0.000000,0,2,6010798,728,0,728,-23,0,73,0,0
7,700,21.000000,0.000000,0,2,6010801,739,0,739,-25,0,73,0,0
7,700,21.000000,0.000000,0,2,6010804,751,0,751,-27,0,73,0,0
7,700,21.000000,0.000000,0,2,6010807,776,0,776,-31,0,73,0,0
7,700,21.000000,0.000000,0,2,6010810,783,0,783,-33,0,73,0,0
7,700,21.000000,0.000000,0,2,6010812,795,0,795,-35,0,73,0,0
7,700,21.000000,0.000000,0,2,6010815,811,0,811,-38,0,73,0,0
7,700,21.000000,0.000000,0,2,6010818,818,0,818,-39,0,73,0,0
7,700,21.000000,0.000000,0,2,6010821,835,0,835,-42,0,73,0,0
7,700,21.000000,0.000000,0,2,6010824,840,0,840,-43,0,73,0,0
7,700,21.000000,0.000000,0,2,6010826,867,0,867,-49,0,73,0,0
7,700,21.000000,0.000000,0,2,6010829,887,0,887,-52,0,73,0,0
7,700,21.000000,0.000000,0,2,6010832,894,0,894,-54,0,73,0,0
7,700,21.000000,0.000000,0,2,6010835,910,0,910,-57,0,73,0,0
7,700,21.000000,0.000000,0,2,6010837,917,0,917,-58,0,73,0,0
7,700,21.000000,0.000000,0,2,6010840,934,0,934,-61,0,73,0,0
7,700,21.000000,0.000000,0,2,6010843,940,0,940,-62,0,73,0,0
7,700,21.000000,0.000000,0,2,6010846,950,0,950,-64,0,73,0,0
7,700,21.000000,0.000000,0,2,6010848,962,0,962,-66,0,73,0,0
7,700,21.000000,0.000000,0,2,6010851,972,0,972,-68,0,73,0,0
7,700,21.000000,0.000000,0,2,6010854,976,0,976,-68,0,73,0,0
7,700,21.000000,0.000000,0,2,6010857,990,0,990,-70,0,73,0,0
7,700,21.000000,0.000000,0,2,6010860,999,0,999,-72,0,73,0,0
7,700,21.000000,0.000000,0,2,6010862,1008,0,1008,-73,0,73,0,0
7,700,21.000000,0.000000,0,2,6010865,1016,0,1016,-73,0,73,0,0
7,700,21.000000,0.000000,0,2,6010868,1023,0,1023,-75,0,73,0,0
7,700,21.000000,0.000000,0,2,6010871,1028,0,1028,-75,0,73,0,0
7,700,21.000000,0.000000,0,2,6010874,1036,0,1036,-76,0,73,0,0
7,700,21.000000,0.000000,0,2,6010876,1049,0,1049,-78,0,73,0,0
7,700,21.000000,0.000000,0,2,6010880,1054,0,1054,-78,0,73,0,0
7,700,21.000000,0.000000,0,2,6010882,1059,0,1059,-78,0,73,0,0
7,700,21.000000,0.000000,0,2,6010885,1062,0,1062,-78,0,73,0,0
7,700,21.000000,0.000000,0,2,6010887,1064,0,1064,-79,0,73,0,0
7,700,21.000000,0.000000,0,2,6010890,1071,0,1071,-79,0,73,0,0
7,700,21.000000,0.000000,0,2,6010893,1076,0,1076,-79,0,73,0,0
7,700,21.000000,0.000000,0,2,6010896,1080,0,1080,-79,0,73,0,0
7,700,21.000000,0.000000,0,2,6010899,1084,0,1084,-79,0,73,0,0
7,700,21.000000,0.000000,0,2,6010901,1088,0,1088,-80,0,73,0,0
7,700,21.000000,0.000000,0,2,6010904,1093,0,1093,-81,0,73,0,0
7,700,21.000000,0.000000,0,2,6010907,1095,0,1095,-81,0,73,0,0
7,700,21.000000,0.000000,0,2,6010910,1097,0,1097,-81,0,73,0,0
7,700,21.000000,0.000000,0,2,6010913,1100,0,1100,-81,0,73,0,0
7,700,21.000000,0.000000,0,2,6010916,1103,0,1103,-81,0,73,0,0
7,700,21.000000,0.000000,0,2,6010918,1105,0,1105,-82,0,73,0,0
7,700,21.000000,0.000000,0,2,6010921,1107,0,1107,-82,0,73,0,0
7,700,21.000000,0.000000,0,2,6010924,1109,0,1109,-83,0,73,0,0
7,700,21.000000,0.000000,0,2,6010927,1111,0,1111,-83,0,73,0,0
7,700,21.000000,0.000000,0,2,6010929,1113,0,1113,-83,0,73,0,0
7,700,21.000000,0.000000,0,2,6010932,1114,0,1114,-83,0,73,0,0
7,700,21.000000,0.000000,0,2,6010935,1116,0,1116,-84,0,73,0,0
7,700,21.000000,0.000000,0,2,6010937,1118,0,1118,-84,0,73,0,0
7,700,21.000000,0.000000,0,2,6010941,1120,0,1120,-85,0,73,0,0
7,700,21.000000,0.000000,0,2,6010943,1122,0,1122,-85,0,73,0,0
7,700,21.000000,0.000000,0,2,6010946,1123,0,1123,-85,0,73,0,0
7,700,21.000000,0.000000,0,2,6010949,1124,0,1124,-85,0,73,0,0
7,700,21.000000,0.000000,0,2,6010951,1125,0,1125,-85,0,73,0,0
7,700,21.000000,0.000000,0,2,6010954,1127,0,1127,-86,0,73,0,0
7,700,21.000000,0.000000,0,2,6010957,1128,0,1128,-86,0,73,0,0
7,700,21.000000,0.000000,0,2,6010960,1129,0,1129,-86,0,73,0,0
7,700,21.000000,0.000000,0,2,6010963,1131,0,1131,-86,0,73,0,0
7,700,21.000000,0.000000,0,2,6010965,1132,0,1132,-86,0,73,0,0
7,700,21.000000,0.000000,0,2,6010968,1133,0,1133,-86,0,73,0,0
7,700,21.000000,0.000000,0,2,6010971,1135,0,1135,-86,0,73,0,0
7,700,21.000000,0.000000,0,2,6010974,1136,0,1136,-86,0,73,0,0
7,700,21.000000,0.000000,0,2,6010976,1139,0,1139,-86,0,73,0,0
7,700,21.000000,0.000000,0,2,6010979,1140,0,1140,-86,0,73,0,0
7,700,21.000000,0.000000,0,2,6010982,1141,0,1141,-86,0,73,0,0
7,700,21.000000,0.000000,0,2,6010985,1143,0,1143,-87,0,73,0,0
7,700,21.000000,0.000000,0,2,6010988,1145,0,1145,-87,0,73,0,0
7,700,21.000000,0.000000,0,2,6010990,1147,0,1147,-88,0,73,0,0
7,700,21.000000,0.000000,0,2,6010993,1150,0,1150,-88,0,73,0,0
7,700,21.000000,0.000000,0,2,6010996,1153,0,1153,-88,0,73,0,0
7,700,21.000000,0.000000,0,2,6010999,1155,0,1155,-89,0,73,0,0
7,700,21.000000,0.000000,0,2,6011001,1157,0,1157,-90,0,73,0,0
7,700,21.000000,0.000000,0,2,6011005,1159,0,1159,-90,0,73,0,0
7,700,21.000000,0.000000,0,2,6011007,1161,0,1161,-90,0,73,0,0
7,700,21.000000,0.000000,0,2,6011010,1164,0,1164,-91,0,73,0,0
7,700,21.000000,0.000000,0,2,6011013,1167,0,1167,-92,0,73,0,0
7,700,21.000000,0.000000,0,2,6011016,1170,0,1170,-92,0,73,0,0
7,700,21.000000,0.000000,0,2,6011018,1172,0,1172,-93,0,73,0,0
7,700,21.000000,0.000000,0,2,6011021,1174,0,1174,-93,0,73,0,0
7,700,21.000000,0.000000,0,2,6011024,1176,0,1176,-93,0,73,0,0
7,700,21.000000,0.000000,0,2,6011027,1177,0,1177,-93,0,73,0,0
7,700,21.000000,0.000000,0,2,6011029,1179,0,1179,-93,0,73,0,0
7,700,21.000000,0.000000,0,2,6011032,1181,0,1181,-93,0,73,0,0
7,700,21.000000,0.000000,0,2,6011035,1183,0,1183,-93,0,73,0,0
7,700,21.000000,0.000000,0,2,6011038,1185,0,1185,-94,0,73,0,0
7,700,21.000000,0.000000,0,2,6011041,1187,0,1187,-95,0,73,0,0
7,700,21.000000,0.000000,0,2,6011043,1188,0,1188,-95,0,73,0,0
7,700,21.000000,0.000000,0,2,6011046,1190,0,1190,-95,0,73,0,0
7,700,21.000000,0.000000,0,2,6011049,1191,0,1191,-95,0,73,0,0
7,700,21.000000,0.000000,0,2,6011052,1193,0,1193,-96,0,73,0,0
7,700,21.000000,0.000000,0,2,6011054,1194,0,1194,-96,0,73,0,0
7,700,21.000000,0.000000,0,2,6011057,1196,0,1196,-96,0,73,0,0
7,700,21.000000,0.000000,0,2,6011060,1197,0,1197,-96,0,73,0,0
7,700,21.000000,0.000000,0,2,6011063,1198,0,1198,-97,0,73,0,0
7,700,21.000000,0.000000,0,2,6011066,1199,0,1199,-98,0,73,0,0
7,700,21.000000,0.000000,0,2,6011068,1200,0,1200,-98,0,73,0,0
7,700,21.000000,0.000000,0,2,6011071,1202,0,1202,-98,0,73,0,0
7,700,21.000000,0.000000,0,2,6011074,1203,0,1203,-98,0,73,0,0
7,700,21.000000,0.000000,0,2,6011077,1206,0,1206,-98,0,73,0,0
7,700,21.000000,0.000000,0,2,6011079,1207,0,1207,-98,0,73,0,0
7,700,21.000000,0.000000,0,2,6011082,1208,0,1208,-99,0,73,0,0
7,700,21.000000,0.000000,0,2,6011085,1209,0,1209,-99,0,73,0,0
7,700,21.000000,0.000000,0,2,6011088,1211,0,1211,-99,0,73,0,0
7,700,21.000000,0.000000,0,2,6011091,1213,0,1213,-99,0,73,0,0
7,700,21.000000,0.000000,0,2,6011093,1215,0,1215,-99,0,73,0,0
7,700,21.000000,0.000000,0,2,6011096,1219,0,1219,-99,0,73,0,0
7,700,21.000000,0.000000,0,2,6011099,1221,0,1221,-100,0,73,0,0
7,700,21.000000,0.000000,0,2,6011102,1222,0,1222,-100,0,73,0,0
7,700,21.000000,0.000000,0,2,6011105,1225,0,1225,-101,0,73,0,0
7,700,21.000000,0.000000,0,2,6011107,1227,0,1227,-101,0,73,0,0
7,700,21.000000,0.000000,0,2,6011110,1229,0,1229,-101,0,73,0,0
7,700,21.000000,0.000000,0,2,6011113,1231,0,1231,-101,0,73,0,0
7,700,21.000000,0.000000,0,2,6011116,1233,0,1233,-102,0,73,0,0
7,700,21.000000,0.000000,0,2,6011119,1235,0,1235,-102,0,73,0,0
7,700,21.000000,0.000000,0,2,6011121,1237,0,1237,-102,0,73,0,0
7,700,21.000000,0.000000,0,2,6011124,1238,0,1238,-102,0,73,0,0
7,700,21.000000,0.000000,0,2,6011127,1240,0,1240,-102,0,73,0,0
7,700,21.000000,0.000000,0,2,6011130,1242,0,1242,-102,0,73,0,0
7,700,21.000000,0.000000,0,2,6011132,1244,0,1244,-103,0,73,0,0
7,700,21.000000,0.000000,0,2,6011135,1247,0,1247,-103,0,73,0,0
7,700,21.000000,0.000000,0,2,6011138,1249,0,1249,-104,0,73,0,0
7,700,21.000000,0.000000,0,2,6011141,1251,0,1251,-104,0,73,0,0
7,700,21.000000,0.000000,0,2,6011144,1253,0,1253,-104,0,73,0,0
7,700,21.000000,0.000000,0,2,6011146,1257,0,1257,-105,0,73,0,0
7,700,21.000000,0.000000,0,2,6011149,1259,0,1259,-106,0,73,0,0
7,700,21.000000,0.000000,0,2,6011152,1261,0,1261,-106,0,73,0,0
7,700,21.000000,0.000000,0,2,6011155,1263,0,1263,-107,0,73,0,0
7,700,21.000000,0.000000,0,2,6011157,1266,0,1266,-108,0,73,0,0
7,700,21.000000,0.000000,0,2,6011160,1268,0,1268,-108,0,73,0,0
7,700,21.000000,0.000000,0,2,6011163,1271,0,1271,-109,0,73,0,0
7,700,21.000000,0.000000,0,2,6011166,1273,0,1273,-110,0,73,0,0
7,700,21.000000,0.000000,0,2,6011169,1277,0,1277,-110,0,73,0,0
7,700,21.000000,0.000000,0,2,6011171,1279,0,1279,-111,0,73,0,0
7,700,21.000000,0.000000,0,2,6011174,1280,0,1280,-111,0,73,0,0
7,700,21.000000,0.000000,0,2,6011177,1281,0,1281,-112,0,73,0,0
7,700,21.000000,0.000000,0,2,6011180,1289,0,1289,-112,0,73,0,0
7,700,21.000000,0.000000,0,2,6011182,1291,0,1291,-112,0,73,0,0
7,700,21.000000,0.000000,0,2,6011185,1293,0,1293,-112,0,73,0,0
7,700,21.000000,0.000000,0,2,6011188,1295,0,1295,-112,0,73,0,0
7,700,21.000000,0.000000,0,2,6011191,1297,0,1297,-113,0,73,0,0
7,700,21.000000,0.000000,0,2,6011194,1299,0,1299,-114,0,73,0,0
7,700,21.000000,0.000000,0,2,6011196,1301,0,1301,-114,0,73,0,0
7,700,21.000000,0.000000,0,2,6011199,1302,0,1302,-114,0,73,0,0
7,700,21.000000,0.000000,0,2,6011202,1304,0,1304,-114,0,73,0,0
7,700,21.000000,0.000000,0,2,6011205,1305,0,1305,-114,0,73,0,0
7,700,21.000000,0.000000,0,2,6011208,1306,0,1306,-114,0,73,0,0
7,700,21.000000,0.000000,0,2,6011210,1307,0,1307,-115,0,73,0,0
7,700,21.000000,0.000000,0,2,6011213,1308,0,1308,-116,0,73,0,0
7,700,21.000000,0.000000,0,2,6011216,1308,0,1308,-116,0,73,0,0
7,700,21.000000,0.000000,0,2,6011218,1309,0,1309,-116,0,73,0,0
7,700,21.000000,0.000000,0,2,6011221,1310,0,1310,-116,0,73,0,0
7,700,21.000000,0.000000,0,2,6011224,1310,0,1310,-116,0,73,0,0
7,700,21.000000,0.000000,0,2,6011227,1310,0,1310,-116,0,73,0,0
7,700,21.000000,0.000000,0,2,6011230,1310,0,1310,-116,0,73,0,0
7,700,21.000000,0.000000,0,2,6011232,1310,0,1310,-116,0,73,0,0
7,700,21.000000,0.000000,0,2,6011235,1310,0,1310,-116,0,73,0,0
7,700,21.000000,0.000000,0,2,6011238,1310,0,1310,-116,0,73,0,0
7,700,21.000000,0.000000,0,2,6011241,1310,0,1310,-116,0,73,0,0
7,700,21.000000,0.000000,0,2,6011243,1310,0,1310,-116,0,73,0,0
7,700,21.000000,0.000000,0,2,6011246,1310,0,1310,-116,0,73,0,0
7,700,21.000000,0.000000,0,2,6011249,1310,0,1310,-116,0,73,0,0
7,700,21.000000,0.000000,0,2,6011252,1310,0,1310,-116,0,73,0,0
7,700,21.000000,0.000000,0,2,6011254,1310,0,1310,-116,0,73,0,0
7,700,21.000000,0.000000,0,2,6011257,1310,0,1310,-116,0,73,0,0
7,700,21.000000,0.000000,0,2,6011260,1310,0,1310,-116,0,73,0,0
7,700,21.000000,0.000000,0,2,6011263,1310,0,1310,-116,0,73,0,0
7,700,21.000000,0.000000,0,2,6011266,1310,0,1310,-116,0,73,0,0
7,700,21.000000,0.000000,0,2,6011268,1310,0,1310,-116,0,73,0,0
7,700,21.000000,0.000000,0,2,6011271,1310,0,1310,-116,0,73,0,0
7,700,21.000000,0.000000,0,2,6011274,1310,0,1310,-116,0,73,0,0
7,700,21.000000,0.000000,0,2,6011277,1310,0,1310,-116,0,73,0,0
7,700,21.000000,0.000000,0,2,6011279,1310,0,1310,-116,0,73,0,0
7,700,21.000000,0.000000,0,2,6011282,1310,0,1310,-116,0,73,0,0
7,700,21.000000,0.000000,0,2,6011285,1310,0,1310,-116,0,73,0,0
7,700,21.000000,0.000000,0,2,6011288,1310,0,1310,-116,0,73,0,0
7,700,21.000000,0.000000,0,2,6011291,1310,0,1310,-116,0,73,0,0
7,700,21.000000,0.000000,0,2,6011293,1310,0,1310,-116,0,73,0,0
7,700,21.000000,0.000000,0,2,6011296,1310,0,1310,-116,0,73,0,0
7,700,21.000000,0.000000,0,2,6011299,1310,0,1310,-116,0,73,0,0
7,700,21.000000,0.000000,0,2,6011302,1310,0,1310,-116,0,73,0,0
7,700,21.000000,0.000000,0,2,6011304,1310,0,1310,-116,0,73,0,0
7,700,21.000000,0.000000,0,2,6011307,1310,0,1310,-116,0,73,0,0
7,700,21.000000,0.000000,0,2,6011310,1310,0,1310,-116,0,73,0,0
7,700,21.000000,0.000000,0,2,6011313,1310,0,1310,-116,0,73,0,0
7,700,21.000000,0.000000,0,2,6011315,1310,0,1310,-116,0,73,0,0
7,700,21.000000,0.000000,0,2,6011318,1310,0,1310,-116,0,73,0,0
7,700,21.000000,0.000000,0,2,6011322,1310,0,1310,-116,0,73,0,0
7,700,21.000000,0.000000,0,2,6011324,1310,0,1310,-116,0,73,0,0
7,700,21.000000,0.000000,0,2,6011327,1310,0,1310,-116,0,73,0,0
7,700,21.000000,0.000000,0,2,6011330,1310,0,1310,-116,0,73,0,0
7,700,21.000000,0.000000,0,2,6011332,1310,0,1310,-116,0,73,0,0
7,700,21.000000,0.000000,0,2,6011335,1310,0,1310,-116,0,73,0,0
7,700,21.000000,0.000000,0,2,6011338,1310,0,1310,-116,0,73,0,0
7,700,21.000000,0.000000,0,2,6011341,1310,0,1310,-116,0,73,0,0
7,700,21.000000,0.000000,0,2,6011344,1310,0,1310,-116,0,73,0,0
7,700,21.000000,0.000000,0,2,6011346,1310,0,1310,-116,0,73,0,0
7,700,21.000000,0.000000,0,2,6011349,1310,0,1310,-116,0,73,0,0
7,700,21.000000,0.000000,0,2,6011352,1310,0,1310,-116,0,73,0,0
7,700,21.000000,0.000000,0,2,6011355,1310,0,1310,-116,0,73,0,0
7,700,21.000000,0.000000,0,2,6011357,1310,0,1310,-116,0,73,0,0
7,700,21.000000,0.000000,0,2,6011360,1310,0,1310,-116,0,73,0,0
7,700,21.000000,0.000000,0,2,6011363,1310,0,1310,-116,0,73,0,0
7,700,21.000000,0.000000,0,2,6011366,1310,0,1310,-116,0,73,0,0
7,700,21.000000,0.000000,0,2,6011369,1310,0,1310,-116,0,73,0,0
7,700,21.000000,0.000000,0,2,6011371,1310,0,1310,-116,0,73,0,0
7,700,21.000000,0.000000,0,2,6011374,1310,0,1310,-116,0,73,0,0
7,700,21.000000,0.000000,0,2,6011377,1310,0,1310,-116,0,73,0,0
7,700,21.000000,0.000000,0,2,6011380,1310,0,1310,-116,0,73,0,0
7,700,21.000000,0.000000,0,2,6011382,1310,0,1310,-116,0,73,0,0
7,700,21.000000,0.000000,0,2,6011385,1310,0,1310,-116,0,73,0,0
7,700,21.000000,0.000000,0,2,6011388,1310,0,1310,-116,0,73,0,0
7,700,21.000000,0.000000,0,2,6011391,1310,0,1310,-116,0,73,0,0
7,700,21.000000,0.000000,0,2,6011404,1310,0,1310,-116,0,73,0,0
