7,350,21.000000,10000.000000,0,0,5059345,793,0,793,0,0,8,3,0
7,350,21.000000,10000.000000,0,0,5059346,793,0,793,0,0,8,3,0
7,350,21.000000,10000.000000,0,0,5059349,793,0,793,0,0,8,3,0
7,350,21.000000,10000.000000,0,0,5059351,793,0,793,0,0,8,3,0
7,350,21.000000,10000.000000,0,0,5059354,793,0,793,0,0,8,3,0
7,350,21.000000,10000.000000,0,0,5059357,793,0,793,0,0,8,3,0
7,350,21.000000,10000.000000,0,0,5059360,793,0,793,0,0,8,3,0
7,350,21.000000,10000.000000,0,0,5059362,793,0,793,0,0,8,3,0
7,350,21.000000,10000.000000,0,0,5059365,793,0,793,0,0,8,3,0
7,350,21.000000,10000.000000,0,0,5059368,793,0,793,0,0,8,3,0
7,350,21.000000,10000.000000,0,0,5059371,793,0,793,0,0,8,3,0
7,350,21.000000,10000.000000,0,0,5059374,793,0,793,0,0,8,3,0
7,350,21.000000,10000.000000,0,0,5059377,793,0,793,0,0,8,3,0
7,350,21.000000,10000.000000,0,0,5059379,793,0,793,0,0,8,3,0
7,350,21.000000,10000.000000,0,0,5059382,793,0,793,0,0,8,3,0
7,350,21.000000,10000.000000,0,0,5059385,793,0,793,0,0,8,3,0
7,350,21.000000,10000.000000,0,0,5059388,793,0,793,0,0,8,3,0
7,350,21.000000,10000.000000,0,0,5059390,793,0,793,0,0,8,3,0
7,350,21.000000,10000.000000,0,0,5059393,793,0,793,0,0,8,3,0
7,350,21.000000,10000.000000,0,0,5059396,793,0,793,0,0,8,3,0
7,350,21.000000,10000.000000,0,0,5059399,793,0,793,0,0,8,3,0
7,350,21.000000,10000.000000,0,0,5059402,793,0,793,0,0,8,3,0
7,350,21.000000,10000.000000,0,0,5059405,793,0,793,0,0,8,3,0
7,350,21.000000,10000.000000,0,0,5059407,793,0,793,0,0,8,3,0
7,350,21.000000,10000.000000,0,0,5059410,793,0,793,0,0,8,3,0
7,350,21.000000,10000.000000,0,0,5059413,793,0,793,0,0,8,3,0
7,350,21.000000,10000.000000,0,0,5059415,793,0,793,0,0,8,3,0
7,350,21.000000,10000.000000,0,0,5059418,793,0,793,0,0,8,3,0
7,350,21.000000,10000.000000,0,0,5059421,793,0,793,0,0,8,3,0
7,350,21.000000,10000.000000,0,0,5059424,793,0,793,0,0,8,3,0
7,350,21.000000,10000.000000,0,0,5059427,793,0,793,0,0,8,3,0
7,350,21.000000,10000.000000,0,0,5059430,793,0,793,0,0,8,3,0
7,350,21.000000,10000.000000,0,0,5059433,793,0,793,0,0,8,3,0
7,350,21.000000,10000.000000,0,0,5059435,793,0,793,0,0,8,3,0
7,350,21.000000,10000.000000,0,0,5059438,793,0,793,0,0,8,3,0
7,350,21.000000,10000.000000,0,0,5059441,793,0,793,0,0,8,3,0
7,350,21.000000,10000.000000,0,0,5059443,793,0,793,0,0,8,3,0
7,350,21.000000,10000.000000,0,0,5059446,793,0,793,0,0,8,3,0
7,350,21.000000,10000.000000,0,0,5059449,793,0,793,0,0,8,3,0
7,350,21.000000,10000.000000,0,0,5059451,793,0,793,0,0,8,3,0
7,350,21.000000,10000.000000,0,0,5059454,793,0,793,0,0,8,3,0
7,350,21.000000,10000.000000,0,0,5059457,793,0,793,0,0,8,3,0
7,350,21.000000,10000.000000,0,0,5059460,793,0,793,0,0,8,3,0
7,350,21.000000,10000.000000,0,0,5059463,793,0,793,0,0,8,3,0
7,350,21.000000,10000.000000,0,0,5059465,793,0,793,0,0,8,3,0
7,350,21.000000,10000.000000,0,0,5059468,793,0,793,0,0,8,3,0
7,350,21.000000,10000.000000,0,0,5059471,793,0,793,0,0,8,3,0
7,350,21.000000,10000.000000,0,0,5059474,793,0,793,0,0,8,3,0
7,350,21.000000,10000.000000,0,0,5059477,793,0,793,0,0,8,3,0
7,350,21.000000,10000.000000,0,0,5059479,793,0,793,0,0,8,3,0
7,350,21.000000,10000.000000,0,0,5059482,793,0,793,0,0,8,3,0
7,350,21.000000,10000.000000,0,0,5059485,793,0,793,0,0,8,3,0
7,350,21.000000,10000.000000,0,0,5059488,793,0,793,-1,0,8,3,0
7,350,21.000000,10000.000000,0,0,5059491,793,0,793,-2,0,8,3,0
7,350,21.000000,10000.000000,0,0,5059493,794,0,794,-2,0,8,3,0
7,350,21.000000,10000.000000,0,0,5059496,794,0,794,-3,0,8,3,0
7,350,21.000000,10000.000000,0,0,5059499,795,0,795,-4,0,8,3,0
7,350,21.000000,10000.000000,0,0,5059502,796,0,796,-5,0,8,3,0
7,350,21.000000,10000.000000,0,0,5059505,796,0,796,-5,0,8,3,0
7,350,21.000000,10000.000000,0,0,5059507,797,0,797,-6,0,8,3,0
7,350,21.000000,10000.000000,0,0,5059510,799,0,799,-7,0,8,3,0
7,350,21.000000,10000.000000,0,0,5059513,800,0,800,-8,0,8,3,0
7,350,21.000000,10000.000000,0,0,5059516,802,0,802,-9,0,8,3,0
7,350,21.000000,10000.000000,0,0,5059518,803,0,803,-9,0,8,3,0
7,350,21.000000,10000.000000,0,0,5059521,804,0,804,-9,0,8,3,0
7,350,21.000000,10000.000000,0,0,5059524,806,0,806,-11,0,8,3,0
7,350,21.000000,10000.000000,0,0,5059527,808,0,808,-12,0,8,3,0
7,350,21.000000,10000.000000,0,0,5059529,810,0,810,-13,0,8,3,0
7,350,21.000000,10000.000000,0,0,5059532,813,0,813,-14,0,8,3,0
7,350,21.000000,10000.000000,0,0,5059535,815,0,815,-15,0,8,3,0
7,350,21.000000,10000.000000,0,0,5059538,817,0,817,-16,0,8,3,0
7,350,21.000000,10000.000000,0,0,5059540,819,0,819,-17,0,8,3,0
7,350,21.000000,10000.000000,0,0,5059543,822,0,822,-18,0,8,3,0
7,350,21.000000,10000.000000,0,0,5059546,825,0,825,-20,0,8,3,0
7,350,21.000000,10000.000000,0,0,5059549,827,0,827,-21,0,8,3,0
7,350,21.000000,10000.000000,0,0,5059552,830,0,830,-21,0,8,3,0
7,350,21.000000,10000.000000,0,0,5059554,835,0,835,-23,0,8,3,0
7,350,21.000000,10000.000000,0,0,5059557,838,0,838,-24,0,8,3,0
7,350,21.000000,10000.000000,0,0,5059560,842,0,842,-25,0,8,3,0
7,350,21.000000,10000.000000,0,0,5059563,846,0,846,-27,0,8,3,0
7,350,21.000000,10000.000000,0,0,5059566,850,0,850,-28,0,8,3,0
7,350,21.000000,10000.000000,0,0,5059568,853,0,853,-29,0,8,3,0
7,350,21.000000,10000.000000,0,0,5059571,859,0,859,-30,0,8,3,0
7,350,21.000000,10000.000000,0,0,5059574,863,0,863,-32,0,8,3,0
7,350,21.000000,10000.000000,0,0,5059577,867,0,867,-32,0,8,3,0
7,350,21.000000,10000.000000,0,0,5059579,871,0,871,-34,0,8,3,0
7,350,21.000000,10000.000000,0,0,5059582,877,0,877,-34,0,8,3,0
7,350,21.000000,10000.000000,0,0,5059585,881,0,881,-36,0,8,3,0
7,350,21.000000,10000.000000,0,0,5059588,887,0,887,-37,0,8,3,0
7,350,21.000000,10000.000000,0,0,5059591,891,0,891,-38,0,8,3,0
7,350,21.000000,10000.000000,0,0,5059593,896,0,896,-38,0,8,3,0
7,350,21.000000,10000.000000,0,0,5059596,901,0,901,-39,0,8,3,0
7,350,21.000000,10000.000000,0,0,5059599,904,0,904,-40,0,8,3,0
7,350,21.000000,10000.000000,0,0,5059602,908,0,908,-41,0,8,3,0
7,350,21.000000,10000.000000,0,0,5059604,912,0,912,-42,0,8,3,0
7,350,21.000000,10000.000000,0,0,5059607,915,0,915,-43,0,8,3,0
7,350,21.000000,10000.000000,0,0,5059610,920,0,920,-43,0,8,3,0
7,350,21.000000,10000.000000,0,0,5059613,923,0,923,-44,0,8,3,0
7,350,21.000000,10000.000000,0,0,5059616,925,0,925,-45,0,8,3,0
7,350,21.000000,10000.000000,0,0,5059619,928,0,928,-45,0,8,3,0
7,350,21.000000,10000.000000,0,0,5059621,931,0,931,-46,0,8,3,0
7,350,21.000000,10000.000000,0,0,5059624,934,0,934,-47,0,8,3,0
7,350,21.000000,10000.000000,0,0,5059627,936,0,936,-47,0,8,3,0
7,350,21.000000,10000.000000,0,0,5059630,939,0,939,-48,0,8,3,0
7,350,21.000000,10000.000000,0,0,5059632,941,0,941,-48,0,8,3,0
7,350,21.000000,10000.000000,0,0,5059635,943,0,943,-49,0,8,3,0
7,350,21.000000,10000.000000,0,0,5059638,945,0,945,-49,0,8,3,0
7,350,21.000000,10000.000000,0,0,5059641,947,0,947,-50,0,8,3,0
7,350,21.000000,10000.000000,0,0,5059644,948,0,948,-50,0,8,3,0
7,350,21.000000,10000.000000,0,0,5059646,949,0,949,-50,0,8,3,0
7,350,21.000000,10000.000000,0,0,5059649,951,0,951,-51,0,8,3,0
7,350,21.000000,10000.000000,0,0,5059652,952,0,952,-52,0,8,3,0
7,350,21.000000,10000.000000,0,0,5059655,953,0,953,-52,0,8,3,0
7,350,21.000000,10000.000000,0,0,5059657,954,0,954,-52,0,8,3,0
7,350,21.000000,10000.000000,0,0,5059660,955,0,955,-52,0,8,3,0
7,350,21.000000,10000.000000,0,0,5059663,957,0,957,-53,0,8,3,0
7,350,21.000000,10000.000000,0,0,5059666,959,0,959,-53,0,8,3,0
7,350,21.000000,10000.000000,0,0,5059668,961,0,961,-53,0,8,3,0
7,350,21.000000,10000.000000,0,0,5059671,962,0,962,-53,0,8,3,0
7,350,21.000000,10000.000000,0,0,5059674,963,0,963,-53,0,8,3,0
7,350,21.000000,10000.000000,0,0,5059677,964,0,964,-53,0,8,3,0
7,350,21.000000,10000.000000,0,0,5059680,965,0,965,-53,0,8,3,0
7,350,21.000000,10000.000000,0,0,5059683,966,0,966,-53,0,8,3,0
7,350,21.000000,10000.000000,0,0,5059685,968,0,968,-53,0,8,3,0
7,350,21.000000,10000.000000,0,0,5059688,969,0,969,-53,0,8,3,0
7,350,21.000000,10000.000000,0,0,5059691,971,0,971,-54,0,8,3,0
7,350,21.000000,10000.000000,0,0,5059694,973,0,973,-54,0,8,3,0
7,350,21.000000,10000.000000,0,0,5059696,974,0,974,-54,0,8,3,0
7,350,21.000000,10000.000000,0,0,5059699,975,0,975,-54,0,8,3,0
7,350,21.000000,10000.000000,0,0,5059702,976,0,976,-55,0,8,3,0
7,350,21.000000,10000.000000,0,0,5059705,977,0,977,-55,0,8,3,0
7,350,21.000000,10000.000000,0,0,5059708,978,0,978,-55,0,8,3,0
7,350,21.000000,10000.000000,0,0,5059710,980,0,980,-55,0,8,3,0
7,350,21.000000,10000.000000,0,0,5059713,981,0,981,-55,0,8,3,0
7,350,21.000000,10000.000000,0,0,5059716,982,0,982,-55,0,8,3,0
7,350,21.000000,10000.000000,0,0,5059719,983,0,983,-55,0,8,3,0
7,350,21.000000,10000.000000,0,0,5059722,985,0,985,-56,0,8,3,0
7,350,21.000000,10000.000000,0,0,5059725,986,0,986,-56,0,8,3,0
7,350,21.000000,10000.000000,0,0,5059727,987,0,987,-56,0,8,3,0
7,350,21.000000,10000.000000,0,0,5059730,989,0,989,-56,0,8,3,0
7,350,21.000000,10000.000000,0,0,5059733,991,0,991,-56,0,8,3,0
7,350,21.000000,10000.000000,0,0,5059735,992,0,992,-56,0,8,3,0
7,350,21.000000,10000.000000,0,0,5059738,994,0,994,-56,0,8,3,0
7,350,21.000000,10000.000000,0,0,5059741,996,0,996,-56,0,8,3,0
7,350,21.000000,10000.000000,0,0,5059744,999,0,999,-56,0,8,3,0
7,350,21.000000,10000.000000,0,0,5059746,1000,0,1000,-56,0,8,3,0
7,350,21.000000,10000.000000,0,0,5059749,1002,0,1002,-56,0,8,3,0
7,350,21.000000,10000.000000,0,0,5059752,1005,0,1005,-57,0,8,3,0
7,350,21.000000,10000.000000,0,0,5059755,1007,0,1007,-57,0,8,3,0
7,350,21.000000,10000.000000,0,0,5059757,1009,0,1009,-57,0,8,3,0
7,350,21.000000,10000.000000,0,0,5059760,1012,0,1012,-57,0,8,3,0
7,350,21.000000,10000.000000,0,0,5059763,1014,0,1014,-57,0,8,3,0
7,350,21.000000,10000.000000,0,0,5059766,1016,0,1016,-58,0,8,3,0
7,350,21.000000,10000.000000,0,0,5059769,1018,0,1018,-58,0,8,3,0
7,350,21.000000,10000.000000,0,0,5059771,1019,0,1019,-58,0,8,3,0
7,350,21.000000,10000.000000,0,0,5059774,1021,0,1021,-58,0,8,3,0
7,350,21.000000,10000.000000,0,0,5059777,1022,0,1022,-58,0,8,3,0
7,350,21.000000,10000.000000,0,0,5059780,1023,0,1023,-58,0,8,3,0
7,350,21.000000,10000.000000,0,0,5059782,1024,0,1024,-58,0,8,3,0
7,350,21.000000,10000.000000,0,0,5059785,1025,0,1025,-58,0,8,3,0
7,350,21.000000,10000.000000,0,0,5059788,1025,0,1025,-59,0,8,3,0
7,350,21.000000,10000.000000,0,0,5059791,1026,0,1026,-59,0,8,3,0
7,350,21.000000,10000.000000,0,0,5059793,1027,0,1027,-59,0,8,3,0
7,350,21.000000,10000.000000,0,0,5059796,1028,0,1028,-59,0,8,3,0
7,350,21.000000,10000.000000,0,0,5059799,1028,0,1028,-59,0,8,3,0
7,350,21.000000,10000.000000,0,0,5059802,1029,0,1029,-59,0,8,3,0
7,350,21.000000,10000.000000,0,0,5059805,1030,0,1030,-59,0,8,3,0
7,350,21.000000,10000.000000,0,0,5059807,1031,0,1031,-59,0,8,3,0
7,350,21.000000,10000.000000,0,0,5059810,1032,0,1032,-60,0,8,3,0
7,350,21.000000,10000.000000,0,0,5059813,1033,0,1033,-61,0,8,3,0
7,350,21.000000,10000.000000,0,0,5059816,1033,0,1033,-61,0,8,3,0
7,350,21.000000,10000.000000,0,0,5059818,1034,0,1034,-61,0,8,3,0
7,350,21.000000,10000.000000,0,0,5059822,1035,0,1035,-61,0,8,3,0
7,350,21.000000,10000.000000,0,0,5059824,1036,0,1036,-61,0,8,3,0
7,350,21.000000,10000.000000,0,0,5059827,1036,0,1036,-62,0,8,3,0
7,350,21.000000,10000.000000,0,0,5059830,1037,0,1037,-63,0,8,3,0
7,350,21.000000,10000.000000,0,0,5059833,1038,0,1038,-63,0,8,3,0
7,350,21.000000,10000.000000,0,0,5059835,1039,0,1039,-63,0,8,3,0
7,350,21.000000,10000.000000,0,0,5059838,1040,0,1040,-63,0,8,3,0
7,350,21.000000,10000.000000,0,0,5059841,1042,0,1042,-63,0,8,3,0
7,350,21.000000,10000.000000,0,0,5059844,1043,0,1043,-64,0,8,3,0
7,350,21.000000,10000.000000,0,0,5059847,1044,0,1044,-64,0,8,3,0
7,350,21.000000,10000.000000,0,0,5059849,1045,0,1045,-64,0,8,3,0
7,350,21.000000,10000.000000,0,0,5059852,1046,0,1046,-64,0,8,3,0
7,350,21.000000,10000.000000,0,0,5059855,1047,0,1047,-65,0,8,3,0
7,350,21.000000,10000.000000,0,0,5059858,1049,0,1049,-65,0,8,3,0
7,350,21.000000,10000.000000,0,0,5059860,1050,0,1050,-65,0,8,3,0
7,350,21.000000,10000.000000,0,0,5059863,1051,0,1051,-65,0,8,3,0
7,350,21.000000,10000.000000,0,0,5059866,1053,0,1053,-65,0,8,3,0
7,350,21.000000,10000.000000,0,0,5059869,1055,0,1055,-66,0,8,3,0
7,350,21.000000,10000.000000,0,0,5059872,1058,0,1058,-66,0,8,3,0
7,350,21.000000,10000.000000,0,0,5059874,1059,0,1059,-66,0,8,3,0
7,350,21.000000,10000.000000,0,0,5059877,1060,0,1060,-66,0,8,3,0
7,350,21.000000,10000.000000,0,0,5059880,1062,0,1062,-67,0,8,3,0
7,350,21.000000,10000.000000,0,0,5059883,1065,0,1065,-68,0,8,3,0
7,350,21.000000,10000.000000,0,0,5059885,1067,0,1067,-68,0,8,3,0
7,350,21.000000,10000.000000,0,0,5059888,1069,0,1069,-68,0,8,3,0
7,350,21.000000,10000.000000,0,0,5059891,1072,0,1072,-68,0,8,3,0
7,350,21.000000,10000.000000,0,0,5059894,1075,0,1075,-69,0,8,3,0
7,350,21.000000,10000.000000,0,0,5059897,1077,0,1077,-69,0,8,3,0
7,350,21.000000,10000.000000,0,0,5059899,1080,0,1080,-69,0,8,3,0
7,350,21.000000,10000.000000,0,0,5059902,1082,0,1082,-69,0,8,3,0
7,350,21.000000,10000.000000,0,0,5059905,1083,0,1083,-69,0,8,3,0
7,350,21.000000,10000.000000,0,0,5059908,1085,0,1085,-70,0,8,3,0
7,350,21.000000,10000.000000,0,0,5059911,1088,0,1088,-70,0,8,3,0
7,350,21.000000,10000.000000,0,0,5059913,1091,0,1091,-70,0,8,3,0
7,350,21.000000,10000.000000,0,0,5059916,1093,0,1093,-70,0,8,3,0
7,350,21.000000,10000.000000,0,0,5059919,1096,0,1096,-70,0,8,3,0
7,350,21.000000,10000.000000,0,0,5059922,1101,0,1101,-71,0,8,3,0
7,350,21.000000,10000.000000,0,0,5059925,1103,0,1103,-71,0,8,3,0
7,350,21.000000,10000.000000,0,0,5059927,1104,0,1104,-71,0,8,3,0
7,350,21.000000,10000.000000,0,0,5059930,1105,0,1105,-71,0,8,3,0
7,350,21.000000,10000.000000,0,0,5059933,1106,0,1106,-71,0,8,3,0
7,350,21.000000,10000.000000,0,0,5059935,1108,0,1108,-71,0,8,3,0
7,350,21.000000,10000.000000,0,0,5059938,1110,0,1110,-71,0,8,3,0
7,350,21.000000,10000.000000,0,0,5059941,1110,0,1110,-72,0,8,3,0
7,350,21.000000,10000.000000,0,0,5059945,1110,0,1110,-73,0,8,3,0
7,350,21.000000,10000.000000,0,0,5059949,1110,0,1110,-73,0,8,3,0
7,350,21.000000,10000.000000,0,0,5059953,1110,0,1110,-73,0,8,3,0
7,350,21.000000,10000.000000,0,0,5059957,1110,0,1110,-73,0,8,3,0
7,350,21.000000,10000.000000,0,0,5059961,1110,0,1110,-73,0,8,3,0
7,350,21.000000,10000.000000,0,0,5059963,1110,0,1110,-73,0,8,3,0
7,350,21.000000,10000.000000,0,0,5059966,1110,0,1110,-73,0,8,3,0
7,350,21.000000,10000.000000,0,0,5059969,1110,0,1110,-73,0,8,3,0
7,350,21.000000,10000.000000,0,0,5059972,1110,0,1110,-73,0,8,3,0
7,350,21.000000,10000.000000,0,0,5059974,1110,0,1110,-73,0,8,3,0
7,350,21.000000,10000.000000,0,0,5059977,1110,0,1110,-73,0,8,3,0
7,350,21.000000,10000.000000,0,0,5059980,1110,0,1110,-73,0,8,3,0
7,350,21.000000,10000.000000,0,0,5059983,1110,0,1110,-73,0,8,3,0
7,350,21.000000,10000.000000,0,0,5059986,1110,0,1110,-73,0,8,3,0
7,350,21.000000,10000.000000,0,0,5059988,1110,0,1110,-73,0,8,3,0
7,350,21.000000,10000.000000,0,0,5059991,1110,0,1110,-73,0,8,3,0
7,350,21.000000,10000.000000,0,0,5059994,1110,0,1110,-73,0,8,3,0
7,350,21.000000,10000.000000,0,0,5059996,1110,0,1110,-73,0,8,3,0
7,350,21.000000,10000.000000,0,0,5059999,1110,0,1110,-73,0,8,3,0
7,350,21.000000,10000.000000,0,0,5060002,1110,0,1110,-73,0,8,3,0
7,350,21.000000,10000.000000,0,0,5060005,1110,0,1110,-73,0,8,3,0
7,350,21.000000,10000.000000,0,0,5060007,1111,0,1111,-73,0,8,3,0
7,350,21.000000,10000.000000,0,0,5060010,1112,0,1112,-73,0,8,3,0
7,350,21.000000,10000.000000,0,0,5060013,1112,0,1112,-73,0,8,3,0
7,350,21.000000,10000.000000,0,0,5060016,1113,0,1113,-73,0,8,3,0
7,350,21.000000,10000.000000,0,0,5060019,1114,0,1114,-73,0,8,3,0
7,350,21.000000,10000.000000,0,0,5060021,1115,0,1115,-73,0,8,3,0
7,350,21.000000,10000.000000,0,0,5060024,1115,0,1115,-74,0,8,3,0
7,350,21.000000,10000.000000,0,0,5060027,1116,0,1116,-75,0,8,3,0
7,350,21.000000,10000.000000,0,0,5060030,1116,0,1116,-75,0,8,3,0
7,350,21.000000,10000.000000,0,0,5060033,1116,0,1116,-75,0,8,3,0
7,350,21.000000,10000.000000,0,0,5060035,1116,0,1116,-75,0,8,3,0
7,350,21.000000,10000.000000,0,0,5060038,1116,0,1116,-75,0,8,3,0
7,350,21.000000,10000.000000,0,0,5060041,1116,0,1116,-75,0,8,3,0
7,350,21.000000,10000.000000,0,0,5060044,1116,0,1116,-75,0,8,3,0
7,350,21.000000,10000.000000,0,0,5060046,1116,0,1116,-75,0,8,3,0
7,350,21.000000,10000.000000,0,0,5060049,1116,0,1116,-75,0,8,3,0
7,350,21.000000,10000.000000,0,0,5060052,1116,0,1116,-75,0,8,3,0
7,350,21.000000,10000.000000,0,0,5060055,1116,0,1116,-75,0,8,3,0
7,350,21.000000,10000.000000,0,0,5060057,1116,0,1116,-75,0,8,3,0
7,350,21.000000,10000.000000,0,0,5060060,1116,0,1116,-75,0,8,3,0
7,350,21.000000,10000.000000,0,0,5060063,1116,0,1116,-75,0,8,3,0
7,350,21.000000,10000.000000,0,0,5060066,1116,0,1116,-75,0,8,3,0
7,350,21.000000,10000.000000,0,0,5060069,1116,0,1116,-75,0,8,3,0
7,350,21.000000,10000.000000,0,0,5060071,1116,0,1116,-75,0,8,3,0
7,350,21.000000,10000.000000,0,0,5060074,1116,0,1116,-75,0,8,3,0
7,350,21.000000,10000.000000,0,0,5060077,1116,0,1116,-75,0,8,3,0
7,350,21.000000,10000.000000,0,0,5060080,1116,0,1116,-75,0,8,3,0
7,350,21.000000,10000.000000,0,0,5060082,1116,0,1116,-75,0,8,3,0
7,350,21.000000,10000.000000,0,0,5060085,1116,0,1116,-75,0,8,3,0
7,350,21.000000,10000.000000,0,0,5060088,1116,0,1116,-75,0,8,3,0
7,350,21.000000,10000.000000,0,0,5060091,1116,0,1116,-75,0,8,3,0
7,350,21.000000,10000.000000,0,0,5060094,1116,0,1116,-75,0,8,3,0
7,350,21.000000,10000.000000,0,0,5060097,1116,0,1116,-75,0,8,3,0
7,350,21.000000,10000.000000,0,0,5060100,1116,0,1116,-75,0,8,3,0
7,350,21.000000,10000.000000,0,0,5060102,1116,0,1116,-75,0,8,3,0
7,350,21.000000,10000.000000,0,0,5060105,1116,0,1116,-75,0,8,3,0
7,350,21.000000,10000.000000,0,0,5060108,1116,0,1116,-75,0,8,3,0
7,350,21.000000,10000.000000,0,0,5060110,1116,0,1116,-75,0,8,3,0
7,350,21.000000,10000.000000,0,0,5060113,1116,0,1116,-75,0,8,3,0
7,350,21.000000,10000.000000,0,0,5060116,1116,0,1116,-75,0,8,3,0
7,350,21.000000,10000.000000,0,0,5060119,1116,0,1116,-75,0,8,3,0
7,350,21.000000,10000.000000,0,0,5060122,1116,0,1116,-75,0,8,3,0
7,350,21.000000,10000.000000,0,0,5060124,1116,0,1116,-75,0,8,3,0
7,350,21.000000,10000.000000,0,0,5060127,1116,0,1116,-75,0,8,3,0
7,350,21.000000,10000.000000,0,0,5060130,1116,0,1116,-75,0,8,3,0
7,350,21.000000,10000.000000,0,0,5060133,1116,0,1116,-75,0,8,3,0
7,350,21.000000,10000.000000,0,0,5060135,1116,0,1116,-75,0,8,3,0
7,350,21.000000,10000.000000,0,0,5060138,1116,0,1116,-75,0,8,3,0
7,350,21.000000,10000.000000,0,0,5060141,1116,0,1116,-75,0,8,3,0
7,350,21.000000,10000.000000,0,0,5060144,1117,0,1117,-75,0,8,3,0
7,350,21.000000,10000.000000,0,0,5060147,1117,0,1117,-76,0,8,3,0
7,350,21.000000,10000.000000,0,0,5060149,1117,0,1117,-77,0,8,3,0
7,350,21.000000,10000.000000,0,0,5060152,1118,0,1118,-77,0,8,3,0
7,350,21.000000,10000.000000,0,0,5060155,1119,0,1119,-77,0,8,3,0
7,350,21.000000,10000.000000,0,0,5060158,1120,0,1120,-77,0,8,3,0
7,350,21.000000,10000.000000,0,0,5060160,1121,0,1121,-77,0,8,3,0
7,350,21.000000,10000.000000,0,0,5060163,1122,0,1122,-77,0,8,3,0
7,350,21.000000,10000.000000,0,0,5060166,1123,0,1123,-78,0,8,3,0
7,350,21.000000,10000.000000,0,0,5060169,1124,0,1124,-78,0,8,3,0
7,350,21.000000,10000.000000,0,0,5060172,1125,0,1125,-78,0,8,3,0
7,350,21.000000,10000.000000,0,0,5060174,1126,0,1126,-78,0,8,3,0
7,350,21.000000,10000.000000,0,0,5060177,1127,0,1127,-78,0,8,3,0
7,350,21.000000,10000.000000,0,0,5060180,1127,0,1127,-79,0,8,3,0
7,350,21.000000,10000.000000,0,0,5060183,1128,0,1128,-79,0,8,3,0
7,350,21.000000,10000.000000,0,0,5060185,1129,0,1129,-79,0,8,3,0
7,350,21.000000,10000.000000,0,0,5060188,1130,0,1130,-79,0,8,3,0
7,350,21.000000,10000.000000,0,0,5060191,1130,0,1130,-79,0,8,3,0
7,350,21.000000,10000.000000,0,0,5060194,1131,0,1131,-79,0,8,3,0
7,350,21.000000,10000.000000,0,0,5060197,1132,0,1132,-79,0,8,3,0
7,350,21.000000,10000.000000,0,0,5060199,1132,0,1132,-80,0,8,3,0
7,350,21.000000,10000.000000,0,0,5060202,1133,0,1133,-81,0,8,3,0
7,350,21.000000,10000.000000,0,0,5060205,1133,0,1133,-81,0,8,3,0
7,350,21.000000,10000.000000,0,0,5060208,1133,0,1133,-81,0,8,3,0
7,350,21.000000,10000.000000,0,0,5060210,1134,0,1134,-82,0,8,3,0
7,350,21.000000,10000.000000,0,0,5060213,1135,0,1135,-82,0,8,3,0
7,350,21.000000,10000.000000,0,0,5060216,1136,0,1136,-82,0,8,3,0
7,350,21.000000,10000.000000,0,0,5060219,1137,0,1137,-82,0,8,3,0
7,350,21.000000,10000.000000,0,0,5060222,1138,0,1138,-82,0,8,3,0
7,350,21.000000,10000.000000,0,0,5060224,1138,0,1138,-82,0,8,3,0
7,350,21.000000,10000.000000,0,0,5060227,1138,0,1138,-83,0,8,3,0
7,350,21.000000,10000.000000,0,0,5060230,1139,0,1139,-83,0,8,3,0
7,350,21.000000,10000.000000,0,0,5060233,1140,0,1140,-83,0,8,3,0
7,350,21.000000,10000.000000,0,0,5060236,1141,0,1141,-83,0,8,3,0
7,350,21.000000,10000.000000,0,0,5060238,1142,0,1142,-83,0,8,3,0
7,350,21.000000,10000.000000,0,0,5060241,1142,0,1142,-83,0,8,3,0
7,350,21.000000,10000.000000,0,0,5060244,1142,0,1142,-84,0,8,3,0
7,350,21.000000,10000.000000,0,0,5060246,1142,0,1142,-85,0,8,3,0
7,350,21.000000,10000.000000,0,0,5060249,1143,0,1143,-85,0,8,3,0
7,350,21.000000,10000.000000,0,0,5060252,1144,0,1144,-85,0,8,3,0
7,350,21.000000,10000.000000,0,0,5060255,1145,0,1145,-85,0,8,3,0
7,350,21.000000,10000.000000,0,0,5060258,1145,0,1145,-85,0,8,3,0
7,350,21.000000,10000.000000,0,0,5060260,1146,0,1146,-85,0,8,3,0
7,350,21.000000,10000.000000,0,0,5060263,1147,0,1147,-85,0,8,3,0
7,350,21.000000,10000.000000,0,0,5060266,1147,0,1147,-85,0,8,3,0
7,350,21.000000,10000.000000,0,0,5060269,1147,0,1147,-86,0,8,3,0
7,350,21.000000,10000.000000,0,0,5060271,1148,0,1148,-86,0,8,3,0
7,350,21.000000,10000.000000,0,0,5060274,1149,0,1149,-86,0,8,3,0
7,350,21.000000,10000.000000,0,0,5060277,1149,0,1149,-86,0,8,3,0
7,350,21.000000,10000.000000,0,0,5060280,1149,0,1149,-86,0,8,3,0
7,350,21.000000,10000.000000,0,0,5060283,1149,0,1149,-86,0,8,3,0
7,350,21.000000,10000.000000,0,0,5060285,1149,0,1149,-86,0,8,3,0
7,350,21.000000,10000.000000,0,0,5060288,1149,0,1149,-86,0,8,3,0
7,350,21.000000,10000.000000,0,0,5060291,1149,0,1149,-86,0,8,3,0
7,350,21.000000,10000.000000,0,0,5060294,1149,0,1149,-86,0,8,3,0
7,350,21.000000,10000.000000,0,0,5060296,1149,0,1149,-86,0,8,3,0
7,350,21.000000,10000.000000,0,0,5060299,1149,0,1149,-86,0,8,3,0
7,350,21.000000,10000.000000,0,0,5060302,1149,0,1149,-86,0,8,3,0
7,350,21.000000,10000.000000,0,0,5060305,1149,0,1149,-86,0,8,3,0
7,350,21.000000,10000.000000,0,0,5060308,1149,0,1149,-86,0,8,3,0
7,350,21.000000,10000.000000,0,0,5060310,1149,0,1149,-86,0,8,3,0
7,350,21.000000,10000.000000,0,0,5060313,1149,0,1149,-86,0,8,3,0
7,350,21.000000,10000.000000,0,0,5060316,1149,0,1149,-86,0,8,3,0
7,350,21.000000,10000.000000,0,0,5060319,1149,0,1149,-86,0,8,3,0
7,350,21.000000,10000.000000,0,0,5060332,1149,0,1149,-86,1,8,3,0
