7,700,80.500000,42.000000,1,0,23059232,647,4,647,4,0,18,10
7,700,80.500000,42.000000,1,0,23059233,647,4,647,4,0,18,10
7,700,80.500000,42.000000,1,0,23059236,647,4,647,4,0,18,10
7,700,80.500000,42.000000,1,0,23059239,647,4,647,4,0,18,10
7,700,80.500000,42.000000,1,0,23059241,647,4,647,4,0,18,10
7,700,80.500000,42.000000,1,0,23059244,647,4,647,4,0,18,10
7,700,80.500000,42.000000,1,0,23059247,647,4,647,4,0,18,10
7,700,80.500000,42.000000,1,0,23059250,647,4,647,4,0,18,10
7,700,80.500000,42.000000,1,0,23059253,647,4,647,4,0,18,10
7,700,80.500000,42.000000,1,0,23059256,647,4,647,4,0,18,10
7,700,80.500000,42.000000,1,0,23059258,647,4,647,4,0,18,10
7,700,80.500000,42.000000,1,0,23059261,647,4,647,4,0,18,10
7,700,80.500000,42.000000,1,0,23059264,647,4,647,4,0,18,10
7,700,80.500000,42.000000,1,0,23059267,647,4,647,4,0,18,10
7,700,80.500000,42.000000,1,0,23059269,647,4,647,4,0,18,10
7,700,80.500000,42.000000,1,0,23059272,647,4,647,4,0,18,10
7,700,80.500000,42.000000,1,0,23059275,647,4,647,4,0,18,10
7,700,80.500000,42.000000,1,0,23059278,647,4,647,4,0,18,10
7,700,80.500000,42.000000,1,0,23059281,647,4,647,4,0,18,10
7,700,80.500000,42.000000,1,0,23059283,647,4,647,4,0,18,10
7,700,80.500000,42.000000,1,0,23059286,647,4,647,4,0,18,10
7,700,80.500000,42.000000,1,0,23059288,647,4,647,4,0,18,10
7,700,80.500000,42.000000,1,0,23059291,647,4,647,4,0,18,10
7,700,80.500000,42.000000,1,0,23059294,647,4,647,4,0,18,10
7,700,80.500000,42.000000,1,0,23059297,647,4,647,4,0,18,10
7,700,80.500000,42.000000,1,0,23059300,647,4,647,4,0,18,10
7,700,80.500000,42.000000,1,0,23059302,647,4,647,4,0,18,10
7,700,80.500000,42.000000,1,0,23059305,647,4,647,4,0,18,10
7,700,80.500000,42.000000,1,0,23059308,647,4,647,4,0,18,10
7,700,80.500000,42.000000,1,0,23059311,647,4,647,4,0,18,10
7,700,80.500000,42.000000,1,0,23059314,647,4,647,4,0,18,10
7,700,80.500000,42.000000,1,0,23059316,647,4,647,4,0,18,10
7,700,80.500000,42.000000,1,0,23059319,647,4,647,4,0,18,10
7,700,80.500000,42.000000,1,0,23059322,647,4,647,4,0,18,10
7,700,80.500000,42.000000,1,0,23059325,647,4,647,4,0,18,10
7,700,80.500000,42.000000,1,0,23059328,647,4,647,4,0,18,10
7,700,80.500000,42.000000,1,0,23059331,647,4,647,4,0,18,10
7,700,80.500000,42.000000,1,0,23059333,647,4,647,4,0,18,10
7,700,80.500000,42.000000,1,0,23059336,647,4,647,4,0,18,10
7,700,80.500000,42.000000,1,0,23059339,647,4,647,4,0,18,10
7,700,80.500000,42.000000,1,0,23059342,647,4,647,4,0,18,10
7,700,80.500000,42.000000,1,0,23059344,647,4,647,4,0,18,10
7,700,80.500000,42.000000,1,0,23059347,647,4,647,4,0,18,10
7,700,80.500000,42.000000,1,0,23059350,647,4,647,4,0,18,10
7,700,80.500000,42.000000,1,0,23059353,647,4,647,4,0,18,10
7,700,80.500000,42.000000,1,0,23059355,647,4,647,4,0,18,10
7,700,80.500000,42.000000,1,0,23059358,647,4,647,4,0,18,10
7,700,80.500000,42.000000,1,0,23059361,647,4,647,4,0,18,10
7,700,80.500000,42.000000,1,0,23059364,647,4,647,4,0,18,10
7,700,80.500000,42.000000,1,0,23059367,647,4,647,4,0,18,10
7,700,80.500000,42.000000,1,0,23059370,647,4,647,4,0,18,10
7,700,80.500000,42.000000,1,0,23059372,647,5,647,5,0,18,10
7,700,80.500000,42.000000,1,0,23059375,647,5,647,5,0,18,10
7,700,80.500000,42.000000,1,0,23059378,647,5,647,5,0,18,10
7,700,80.500000,42.000000,1,0,23059380,647,5,647,5,0,18,10
7,700,80.500000,42.000000,1,0,23059383,647,5,647,5,0,18,10
7,700,80.500000,42.000000,1,0,23059386,647,6,647,6,0,18,10
7,700,80.500000,42.000000,1,0,23059389,647,7,647,7,0,18,10
7,700,80.500000,42.000000,1,0,23059392,647,8,647,8,0,18,10
7,700,80.500000,42.000000,1,0,23059394,647,9,647,9,0,18,10
7,700,80.500000,42.000000,1,0,23059397,647,9,647,9,0,18,10
7,700,80.500000,42.000000,1,0,23059400,647,10,647,10,0,18,10
7,700,80.500000,42.000000,1,0,23059403,647,11,647,11,0,18,10
7,700,80.500000,42.000000,1,0,23059406,647,12,647,12,0,18,10
7,700,80.500000,42.000000,1,0,23059408,647,12,647,12,0,18,10
7,700,80.500000,42.000000,1,0,23059411,647,14,647,14,0,18,10
7,700,80.500000,42.000000,1,0,23059414,648,14,648,14,0,18,10
7,700,80.500000,42.000000,1,0,23059417,649,16,649,16,0,18,10
7,700,80.500000,42.000000,1,0,23059420,649,17,649,17,0,18,10
7,700,80.500000,42.000000,1,0,23059422,650,18,650,18,0,18,10
7,700,80.500000,42.000000,1,0,23059425,651,19,651,19,0,18,10
7,700,80.500000,42.000000,1,0,23059428,651,20,651,20,0,18,10
7,700,80.500000,42.000000,1,0,23059430,653,21,653,21,0,18,10
7,700,80.500000,42.000000,1,0,23059433,653,22,653,22,0,18,10
7,700,80.500000,42.000000,1,0,23059436,654,23,654,23,0,18,10
7,700,80.500000,42.000000,1,0,23059439,655,25,655,25,0,18,10
7,700,80.500000,42.000000,1,0,23059441,656,27,656,27,0,18,10
7,700,80.500000,42.000000,1,0,23059445,658,27,658,27,0,18,10
7,700,80.500000,42.000000,1,0,23059447,659,29,659,29,0,18,10
7,700,80.500000,42.000000,1,0,23059450,660,30,660,30,0,18,10
7,700,80.500000,42.000000,1,0,23059453,662,31,662,31,0,18,10
7,700,80.500000,42.000000,1,0,23059456,664,33,664,33,0,18,10
7,700,80.500000,42.000000,1,0,23059458,666,35,666,35,0,18,10
7,700,80.500000,42.000000,1,0,23059461,668,37,668,37,0,18,10
7,700,80.500000,42.000000,1,0,23059464,670,38,670,38,0,18,10
7,700,80.500000,42.000000,1,0,23059467,674,40,674,40,0,18,10
7,700,80.500000,42.000000,1,0,23059469,679,42,679,42,0,18,10
7,700,80.500000,42.000000,1,0,23059472,683,45,683,45,0,18,10
7,700,80.500000,42.000000,1,0,23059475,687,47,687,47,0,18,10
7,700,80.500000,42.000000,1,0,23059478,694,51,694,51,0,18,10
7,700,80.500000,42.000000,1,0,23059481,697,53,697,53,0,18,10
7,700,80.500000,42.000000,1,0,23059484,703,56,703,56,0,18,10
7,700,80.500000,42.000000,1,0,23059486,707,59,707,59,0,18,10
7,700,80.500000,42.000000,1,0,23059489,714,62,714,62,0,18,10
7,700,80.500000,42.000000,1,0,23059492,720,66,720,66,0,18,10
7,700,80.500000,42.000000,1,0,23059495,728,69,728,69,0,18,10
7,700,80.500000,42.000000,1,0,23059497,733,69,733,69,0,18,10
7,700,80.500000,42.000000,1,0,23059500,742,72,742,72,0,18,10
7,700,80.500000,42.000000,1,0,23059503,750,75,750,75,0,18,10
7,700,80.500000,42.000000,1,0,23059505,759,78,759,78,0,18,10
7,700,80.500000,42.000000,1,0,23059508,763,79,763,79,0,18,10
7,700,80.500000,42.000000,1,0,23059511,772,83,772,83,0,18,10
7,700,80.500000,42.000000,1,0,23059514,780,84,780,84,0,18,10
7,700,80.500000,42.000000,1,0,23059517,787,85,787,85,0,18,10
7,700,80.500000,42.000000,1,0,23059519,794,88,794,88,0,18,10
7,700,80.500000,42.000000,1,0,23059522,801,90,801,90,0,18,10
7,700,80.500000,42.000000,1,0,23059525,810,91,810,91,0,18,10
7,700,80.500000,42.000000,1,0,23059528,816,94,816,94,0,18,10
7,700,80.500000,42.000000,1,0,23059531,826,96,826,96,0,18,10
7,700,80.500000,42.000000,1,0,23059533,832,99,832,99,0,18,10
7,700,80.500000,42.000000,1,0,23059536,839,99,839,99,0,18,10
7,700,80.500000,42.000000,1,0,23059539,847,101,847,101,0,18,10
7,700,80.500000,42.000000,1,0,23059542,855,102,855,102,0,18,10
7,700,80.500000,42.000000,1,0,23059545,863,102,863,102,0,18,10
7,700,80.500000,42.000000,1,0,23059547,870,104,870,104,0,18,10
7,700,80.500000,42.000000,1,0,23059550,879,105,879,105,0,18,10
7,700,80.500000,42.000000,1,0,23059553,889,106,889,106,0,18,10
7,700,80.500000,42.000000,1,0,23059556,896,107,896,107,0,18,10
7,700,80.500000,42.000000,1,0,23059559,905,107,905,107,0,18,10
7,700,80.500000,42.000000,1,0,23059561,911,107,911,107,0,18,10
7,700,80.500000,42.000000,1,0,23059564,918,109,918,109,0,18,10
7,700,80.500000,42.000000,1,0,23059567,925,109,925,109,0,18,10
7,700,80.500000,42.000000,1,0,23059570,933,110,933,110,0,18,10
7,700,80.500000,42.000000,1,0,23059572,941,111,941,111,0,18,10
7,700,80.500000,42.000000,1,0,23059575,947,111,947,111,0,18,10
7,700,80.500000,42.000000,1,0,23059578,955,112,955,112,0,18,10
7,700,80.500000,42.000000,1,0,23059581,963,112,963,112,0,18,10
7,700,80.500000,42.000000,1,0,23059584,981,113,981,113,0,18,10
7,700,80.500000,42.000000,1,0,23059586,991,113,991,113,0,18,10
7,700,80.500000,42.000000,1,0,23059589,999,113,999,113,0,18,10
7,700,80.500000,42.000000,1,0,23059592,1007,113,1007,113,0,18,10
7,700,80.500000,42.000000,1,0,23059594,1017,114,1017,114,0,18,10
7,700,80.500000,42.000000,1,0,23059597,1027,115,1027,115,0,18,10
7,700,80.500000,42.000000,1,0,23059600,1035,115,1035,115,0,18,10
7,700,80.500000,42.000000,1,0,23059603,1044,115,1044,115,0,18,10
7,700,80.500000,42.000000,1,0,23059606,1050,115,1050,115,0,18,10
7,700,80.500000,42.000000,1,0,23059608,1060,115,1060,115,0,18,10
7,700,80.500000,42.000000,1,0,23059611,1069,115,1069,115,0,18,10
7,700,80.500000,42.000000,1,0,23059614,1077,115,1077,115,0,18,10
7,700,80.500000,42.000000,1,0,23059617,1087,115,1087,115,0,18,10
7,700,80.500000,42.000000,1,0,23059619,1098,115,1098,115,0,18,10
7,700,80.500000,42.000000,1,0,23059622,1107,115,1107,115,0,18,10
7,700,80.500000,42.000000,1,0,23059625,1115,115,1115,115,0,18,10
7,700,80.500000,42.000000,1,0,23059628,1123,115,1123,115,0,18,10
7,700,80.500000,42.000000,1,0,23059631,1132,115,1132,115,0,18,10
7,700,80.500000,42.000000,1,0,23059633,1139,115,1139,115,0,18,10
7,700,80.500000,42.000000,1,0,23059636,1148,115,1148,115,0,18,10
7,700,80.500000,42.000000,1,0,23059639,1157,115,1157,115,0,18,10
7,700,80.500000,42.000000,1,0,23059642,1162,115,1162,115,0,18,10
7,700,80.500000,42.000000,1,0,23059645,1171,115,1171,115,0,18,10
7,700,80.500000,42.000000,1,0,23059647,1179,115,1179,115,0,18,10
7,700,80.500000,42.000000,1,0,23059650,1186,114,1186,114,0,18,10
7,700,80.500000,42.000000,1,0,23059653,1192,114,1192,114,0,18,10
7,700,80.500000,42.000000,1,0,23059656,1199,114,1199,114,0,18,10
7,700,80.500000,42.000000,1,0,23059658,1204,114,1204,114,0,18,10
7,700,80.500000,42.000000,1,0,23059661,1209,114,1209,114,0,18,10
7,700,80.500000,42.000000,1,0,23059664,1213,114,1213,114,0,18,10
7,700,80.500000,42.000000,1,0,23059667,1220,114,1220,114,0,18,10
7,700,80.500000,42.000000,1,0,23059670,1226,113,1226,113,0,18,10
7,700,80.500000,42.000000,1,0,23059673,1230,112,1230,112,0,18,10
7,700,80.500000,42.000000,1,0,23059675,1235,111,1235,111,0,18,10
7,700,80.500000,42.000000,1,0,23059678,1238,110,1238,110,0,18,10
7,700,80.500000,42.000000,1,0,23059681,1240,110,1240,110,0,18,10
7,700,80.500000,42.000000,1,0,23059684,1243,110,1243,110,0,18,10
7,700,80.500000,42.000000,1,0,23059686,1244,109,1244,109,0,18,10
7,700,80.500000,42.000000,1,0,23059689,1247,108,1247,108,0,18,10
7,700,80.500000,42.000000,1,0,23059692,1250,108,1250,108,0,18,10
7,700,80.500000,42.000000,1,0,23059694,1252,108,1252,108,0,18,10
7,700,80.500000,42.000000,1,0,23059697,1253,106,1253,106,0,18,10
7,700,80.500000,42.000000,1,0,23059700,1254,106,1254,106,0,18,10
7,700,80.500000,42.000000,1,0,23059703,1257,104,1257,104,0,18,10
7,700,80.500000,42.000000,1,0,23059706,1257,103,1257,103,0,18,10
7,700,80.500000,42.000000,1,0,23059708,1259,102,1259,102,0,18,10
7,700,80.500000,42.000000,1,0,23059711,1260,102,1260,102,0,18,10
7,700,80.500000,42.000000,1,0,23059714,1263,99,1263,99,0,18,10
7,700,80.500000,42.000000,1,0,23059717,1265,99,1265,99,0,18,10
7,700,80.500000,42.000000,1,0,23059719,1266,98,1266,98,0,18,10
7,700,80.500000,42.000000,1,0,23059722,1268,98,1268,98,0,18,10
7,700,80.500000,42.000000,1,0,23059725,1270,96,1270,96,0,18,10
7,700,80.500000,42.000000,1,0,23059728,1272,96,1272,96,0,18,10
7,700,80.500000,42.000000,1,0,23059731,1274,94,1274,94,0,18,10
7,700,80.500000,42.000000,1,0,23059733,1274,93,1274,93,0,18,10
7,700,80.500000,42.000000,1,0,23059736,1276,91,1276,91,0,18,10
7,700,80.500000,42.000000,1,0,23059739,1277,91,1277,91,0,18,10
7,700,80.500000,42.000000,1,0,23059742,1279,89,1279,89,0,18,10
7,700,80.500000,42.000000,1,0,23059745,1280,88,1280,88,0,18,10
7,700,80.500000,42.000000,1,0,23059748,1282,85,1282,85,0,18,10
7,700,80.500000,42.000000,1,0,23059750,1285,83,1285,83,0,18,10
7,700,80.500000,42.000000,1,0,23059753,1286,82,1286,82,0,18,10
7,700,80.500000,42.000000,1,0,23059756,1291,79,1291,79,0,18,10
7,700,80.500000,42.000000,1,0,23059759,1292,78,1292,78,0,18,10
7,700,80.500000,42.000000,1,0,23059761,1294,77,1294,77,0,18,10
7,700,80.500000,42.000000,1,0,23059764,1297,76,1297,76,0,18,10
7,700,80.500000,42.000000,1,0,23059767,1299,73,1299,73,0,18,10
7,700,80.500000,42.000000,1,0,23059770,1301,72,1301,72,0,18,10
7,700,80.500000,42.000000,1,0,23059773,1302,71,1302,71,0,18,10
7,700,80.500000,42.000000,1,0,23059775,1305,69,1305,69,0,18,10
7,700,80.500000,42.000000,1,0,23059778,1307,67,1307,67,0,18,10
7,700,80.500000,42.000000,1,0,23059781,1309,66,1309,66,0,18,10
7,700,80.500000,42.000000,1,0,23059783,1312,65,1312,65,0,18,10
7,700,80.500000,42.000000,1,0,23059786,1313,64,1313,64,0,18,10
7,700,80.500000,42.000000,1,0,23059789,1314,64,1314,64,0,18,10
7,700,80.500000,42.000000,1,0,23059792,1314,63,1314,63,0,18,10
7,700,80.500000,42.000000,1,0,23059795,1316,62,1316,62,0,18,10
7,700,80.500000,42.000000,1,0,23059797,1316,61,1316,61,0,18,10
7,700,80.500000,42.000000,1,0,23059800,1319,60,1319,60,0,18,10
7,700,80.500000,42.000000,1,0,23059803,1319,59,1319,59,0,18,10
7,700,80.500000,42.000000,1,0,23059806,1320,59,1320,59,0,18,10
7,700,80.500000,42.000000,1,0,23059808,1321,58,1321,58,0,18,10
7,700,80.500000,42.000000,1,0,23059811,1322,57,1322,57,0,18,10
7,700,80.500000,42.000000,1,0,23059814,1323,55,1323,55,0,18,10
7,700,80.500000,42.000000,1,0,23059817,1324,53,1324,53,0,18,10
7,700,80.500000,42.000000,1,0,23059820,1325,51,1325,51,0,18,10
7,700,80.500000,42.000000,1,0,23059822,1326,49,1326,49,0,18,10
7,700,80.500000,42.000000,1,0,23059825,1326,48,1326,48,0,18,10
7,700,80.500000,42.000000,1,0,23059828,1327,48,1327,48,0,18,10
7,700,80.500000,42.000000,1,0,23059831,1327,46,1327,46,0,18,10
7,700,80.500000,42.000000,1,0,23059834,1327,45,1327,45,0,18,10
7,700,80.500000,42.000000,1,0,23059836,1327,44,1327,44,0,18,10
7,700,80.500000,42.000000,1,0,23059839,1327,44,1327,44,0,18,10
7,700,80.500000,42.000000,1,0,23059842,1327,43,1327,43,0,18,10
7,700,80.500000,42.000000,1,0,23059845,1327,42,1327,42,0,18,10
7,700,80.500000,42.000000,1,0,23059848,1328,42,1328,42,0,18,10
7,700,80.500000,42.000000,1,0,23059850,1329,42,1329,42,0,18,10
7,700,80.500000,42.000000,1,0,23059853,1329,41,1329,41,0,18,10
7,700,80.500000,42.000000,1,0,23059856,1329,40,1329,40,0,18,10
7,700,80.500000,42.000000,1,0,23059858,1329,39,1329,39,0,18,10
7,700,80.500000,42.000000,1,0,23059861,1329,38,1329,38,0,18,10
7,700,80.500000,42.000000,1,0,23059864,1330,36,1330,36,0,18,10
7,700,80.500000,42.000000,1,0,23059867,1330,36,1330,36,0,18,10
7,700,80.500000,42.000000,1,0,23059870,1330,35,1330,35,0,18,10
7,700,80.500000,42.000000,1,0,23059873,1331,35,1331,35,0,18,10
7,700,80.500000,42.000000,1,0,23059875,1332,35,1332,35,0,18,10
7,700,80.500000,42.000000,1,0,23059878,1332,34,1332,34,0,18,10
7,700,80.500000,42.000000,1,0,23059881,1332,33,1332,33,0,18,10
7,700,80.500000,42.000000,1,0,23059883,1332,32,1332,32,0,18,10
7,700,80.500000,42.000000,1,0,23059886,1332,31,1332,31,0,18,10
7,700,80.500000,42.000000,1,0,23059889,1332,30,1332,30,0,18,10
7,700,80.500000,42.000000,1,0,23059892,1332,29,1332,29,0,18,10
7,700,80.500000,42.000000,1,0,23059895,1332,28,1332,28,0,18,10
7,700,80.500000,42.000000,1,0,23059898,1332,27,1332,27,0,18,10
7,700,80.500000,42.000000,1,0,23059900,1332,26,1332,26,0,18,10
7,700,80.500000,42.000000,1,0,23059903,1332,25,1332,25,0,18,10
7,700,80.500000,42.000000,1,0,23059906,1332,23,1332,23,0,18,10
7,700,80.500000,42.000000,1,0,23059909,1332,22,1332,22,0,18,10
7,700,80.500000,42.000000,1,0,23059911,1332,22,1332,22,0,18,10
7,700,80.500000,42.000000,1,0,23059914,1332,21,1332,21,0,18,10
7,700,80.500000,42.000000,1,0,23059917,1332,20,1332,20,0,18,10
7,700,80.500000,42.000000,1,0,23059920,1332,18,1332,18,0,18,10
7,700,80.500000,42.000000,1,0,23059922,1332,16,1332,16,0,18,10
7,700,80.500000,42.000000,1,0,23059925,1332,16,1332,16,0,18,10
7,700,80.500000,42.000000,1,0,23059928,1332,15,1332,15,0,18,10
7,700,80.500000,42.000000,1,0,23059931,1331,15,1331,15,0,18,10
7,700,80.500000,42.000000,1,0,23059934,1331,14,1331,14,0,18,10
7,700,80.500000,42.000000,1,0,23059936,1331,13,1331,13,0,18,10
7,700,80.500000,42.000000,1,0,23059939,1331,12,1331,12,0,18,10
7,700,80.500000,42.000000,1,0,23059942,1331,11,1331,11,0,18,10
7,700,80.500000,42.000000,1,0,23059945,1330,9,1330,9,0,18,10
7,700,80.500000,42.000000,1,0,23059948,1330,8,1330,8,0,18,10
7,700,80.500000,42.000000,1,0,23059951,1330,7,1330,7,0,18,10
7,700,80.500000,42.000000,1,0,23059953,1330,7,1330,7,0,18,10
7,700,80.500000,42.000000,1,0,23059956,1330,6,1330,6,0,18,10
7,700,80.500000,42.000000,1,0,23059958,1330,6,1330,6,0,18,10
7,700,80.500000,42.000000,1,0,23059962,1330,5,1330,5,0,18,10
7,700,80.500000,42.000000,1,0,23059965,1330,4,1330,4,0,18,10
7,700,80.500000,42.000000,1,0,23059967,1330,3,1330,3,0,18,10
7,700,80.500000,42.000000,1,0,23059970,1330,2,1330,2,0,18,10
7,700,80.500000,42.000000,1,0,23059973,1330,2,1330,2,0,18,10
7,700,80.500000,42.000000,1,0,23059976,1330,2,1330,2,0,18,10
7,700,80.500000,42.000000,1,0,23059978,1330,1,1330,1,0,18,10
7,700,80.500000,42.000000,1,0,23059981,1330,0,1330,0,0,18,10
7,700,80.500000,42.000000,1,0,23059984,1330,0,1330,0,0,18,10
7,700,80.500000,42.000000,1,0,23059987,1330,0,1330,0,0,18,10
7,700,80.500000,42.000000,1,0,23059989,1330,0,1330,0,0,18,10
7,700,80.500000,42.000000,1,0,23059992,1330,0,1330,-1,0,18,10
7,700,80.500000,42.000000,1,0,23059995,1330,0,1330,-1,0,18,10
7,700,80.500000,42.000000,1,0,23059998,1330,0,1330,-2,0,18,10
7,700,80.500000,42.000000,1,0,23060000,1329,0,1329,-2,0,18,10
7,700,80.500000,42.000000,1,0,23060003,1328,0,1328,-2,0,18,10
7,700,80.500000,42.000000,1,0,23060006,1328,0,1328,-2,0,18,10
7,700,80.500000,42.000000,1,0,23060009,1328,0,1328,-2,0,18,10
7,700,80.500000,42.000000,1,0,23060011,1328,0,1328,-2,0,18,10
7,700,80.500000,42.000000,1,0,23060014,1328,0,1328,-2,0,18,10
7,700,80.500000,42.000000,1,0,23060017,1328,0,1328,-2,0,18,10
7,700,80.500000,42.000000,1,0,23060020,1328,0,1328,-2,0,18,10
7,700,80.500000,42.000000,1,0,23060033,1328,0,1328,-2,0,18,10
