7,700,21.000000,10000.000000,0,0,23540783,615,0,615,0,0,30,3
7,700,21.000000,10000.000000,0,0,23540784,615,0,615,0,0,30,3
7,700,21.000000,10000.000000,0,0,23540786,615,0,615,0,0,30,3
7,700,21.000000,10000.000000,0,0,23540789,615,0,615,0,0,30,3
7,700,21.000000,10000.000000,0,0,23540792,615,0,615,0,0,30,3
7,700,21.000000,10000.000000,0,0,23540795,615,0,615,0,0,30,3
7,700,21.000000,10000.000000,0,0,23540797,615,0,615,0,0,30,3
7,700,21.000000,10000.000000,0,0,23540800,615,0,615,0,0,30,3
7,700,21.000000,10000.000000,0,0,23540803,615,0,615,0,0,30,3
7,700,21.000000,10000.000000,0,0,23540806,615,0,615,0,0,30,3
7,700,21.000000,10000.000000,0,0,23540809,615,0,615,0,0,30,3
7,700,21.000000,10000.000000,0,0,23540812,615,0,615,0,0,30,3
7,700,21.000000,10000.000000,0,0,23540814,615,0,615,0,0,30,3
7,700,21.000000,10000.000000,0,0,23540817,615,0,615,0,0,30,3
7,700,21.000000,10000.000000,0,0,23540820,615,0,615,0,0,30,3
7,700,21.000000,10000.000000,0,0,23540823,615,0,615,0,0,30,3
7,700,21.000000,10000.000000,0,0,23540826,615,0,615,0,0,30,3
7,700,21.000000,10000.000000,0,0,23540828,615,0,615,0,0,30,3
7,700,21.000000,10000.000000,0,0,23540831,615,0,615,0,0,30,3
7,700,21.000000,10000.000000,0,0,23540834,615,0,615,0,0,30,3
7,700,21.000000,10000.000000,0,0,23540836,615,0,615,0,0,30,3
7,700,21.000000,10000.000000,0,0,23540839,615,0,615,0,0,30,3
7,700,21.000000,10000.000000,0,0,23540842,615,0,615,0,0,30,3
7,700,21.000000,10000.000000,0,0,23540845,615,0,615,0,0,30,3
7,700,21.000000,10000.000000,0,0,23540848,615,0,615,0,0,30,3
7,700,21.000000,10000.000000,0,0,23540851,615,0,615,0,0,30,3
7,700,21.000000,10000.000000,0,0,23540853,615,0,615,0,0,30,3
7,700,21.000000,10000.000000,0,0,23540856,615,0,615,0,0,30,3
7,700,21.000000,10000.000000,0,0,23540859,616,0,616,0,0,30,3
7,700,21.000000,10000.000000,0,0,23540862,617,0,617,0,0,30,3
7,700,21.000000,10000.000000,0,0,23540865,618,0,618,0,0,30,3
7,700,21.000000,10000.000000,0,0,23540867,618,0,618,-1,0,30,3
7,700,21.000000,10000.000000,0,0,23540870,620,0,620,-2,0,30,3
7,700,21.000000,10000.000000,0,0,23540872,622,0,622,-2,0,30,3
7,700,21.000000,10000.000000,0,0,23540875,623,0,623,-3,0,30,3
7,700,21.000000,10000.000000,0,0,23540878,626,0,626,-3,0,30,3
7,700,21.000000,10000.000000,0,0,23540881,627,0,627,-4,0,30,3
7,700,21.000000,10000.000000,0,0,23540884,629,0,629,-6,0,30,3
7,700,21.000000,10000.000000,0,0,23540886,632,0,632,-7,0,30,3
7,700,21.000000,10000.000000,0,0,23540889,637,0,637,-8,0,30,3
7,700,21.000000,10000.000000,0,0,23540892,640,0,640,-10,0,30,3
7,700,21.000000,10000.000000,0,0,23540895,645,0,645,-11,0,30,3
7,700,21.000000,10000.000000,0,0,23540898,652,0,652,-14,0,30,3
7,700,21.000000,10000.000000,0,0,23540901,659,0,659,-16,0,30,3
7,700,21.000000,10000.000000,0,0,23540903,665,0,665,-17,0,30,3
7,700,21.000000,10000.000000,0,0,23540906,674,0,674,-18,0,30,3
7,700,21.000000,10000.000000,0,0,23540909,682,0,682,-19,0,30,3
7,700,21.000000,10000.000000,0,0,23540912,689,0,689,-21,0,30,3
7,700,21.000000,10000.000000,0,0,23540915,697,0,697,-22,0,30,3
7,700,21.000000,10000.000000,0,0,23540917,708,0,708,-23,0,30,3
7,700,21.000000,10000.000000,0,0,23540920,718,0,718,-25,0,30,3
7,700,21.000000,10000.000000,0,0,23540923,728,0,728,-27,0,30,3
7,700,21.000000,10000.000000,0,0,23540926,743,0,743,-28,0,30,3
7,700,21.000000,10000.000000,0,0,23540928,754,0,754,-29,0,30,3
7,700,21.000000,10000.000000,0,0,23540931,766,0,766,-31,0,30,3
7,700,21.000000,10000.000000,0,0,23540934,775,0,775,-33,0,30,3
7,700,21.000000,10000.000000,0,0,23540937,790,0,790,-36,0,30,3
7,700,21.000000,10000.000000,0,0,23540940,804,0,804,-39,0,30,3
7,700,21.000000,10000.000000,0,0,23540942,819,0,819,-41,0,30,3
7,700,21.000000,10000.000000,0,0,23540945,832,0,832,-43,0,30,3
7,700,21.000000,10000.000000,0,0,23540948,843,0,843,-46,0,30,3
7,700,21.000000,10000.000000,0,0,23540950,855,0,855,-48,0,30,3
7,700,21.000000,10000.000000,0,0,23540953,870,0,870,-52,0,30,3
7,700,21.000000,10000.000000,0,0,23540956,885,0,885,-56,0,30,3
7,700,21.000000,10000.000000,0,0,23540959,904,0,904,-60,0,30,3
7,700,21.000000,10000.000000,0,0,23540961,919,0,919,-61,0,30,3
7,700,21.000000,10000.000000,0,0,23540965,933,0,933,-64,0,30,3
7,700,21.000000,10000.000000,0,0,23540967,948,0,948,-67,0,30,3
7,700,21.000000,10000.000000,0,0,23540970,968,0,968,-69,0,30,3
7,700,21.000000,10000.000000,0,0,23540973,982,0,982,-73,0,30,3
7,700,21.000000,10000.000000,0,0,23540975,996,0,996,-77,0,30,3
7,700,21.000000,10000.000000,0,0,23540978,1019,0,1019,-82,0,30,3
7,700,21.000000,10000.000000,0,0,23540981,1032,0,1032,-86,0,30,3
7,700,21.000000,10000.000000,0,0,23540984,1050,0,1050,-89,0,30,3
7,700,21.000000,10000.000000,0,0,23540987,1070,0,1070,-96,0,30,3
7,700,21.000000,10000.000000,0,0,23540989,1084,0,1084,-98,0,30,3
7,700,21.000000,10000.000000,0,0,23540992,1098,0,1098,-102,0,30,3
7,700,21.000000,10000.000000,0,0,23540995,1113,0,1113,-105,0,30,3
7,700,21.000000,10000.000000,0,0,23540998,1125,0,1125,-106,0,30,3
7,700,21.000000,10000.000000,0,0,23541001,1141,0,1141,-110,0,30,3
7,700,21.000000,10000.000000,0,0,23541004,1150,0,1150,-113,0,30,3
7,700,21.000000,10000.000000,0,0,23541006,1162,0,1162,-114,0,30,3
7,700,21.000000,10000.000000,0,0,23541009,1174,0,1174,-116,0,30,3
7,700,21.000000,10000.000000,0,0,23541011,1184,0,1184,-120,0,30,3
7,700,21.000000,10000.000000,0,0,23541014,1195,0,1195,-123,0,30,3
7,700,21.000000,10000.000000,0,0,23541017,1205,0,1205,-123,0,30,3
7,700,21.000000,10000.000000,0,0,23541020,1214,0,1214,-125,0,30,3
7,700,21.000000,10000.000000,0,0,23541023,1221,0,1221,-128,0,30,3
7,700,21.000000,10000.000000,0,0,23541025,1227,0,1227,-130,0,30,3
7,700,21.000000,10000.000000,0,0,23541028,1234,0,1234,-133,0,30,3
7,700,21.000000,10000.000000,0,0,23541031,1241,0,1241,-136,0,30,3
7,700,21.000000,10000.000000,0,0,23541034,1246,0,1246,-137,0,30,3
7,700,21.000000,10000.000000,0,0,23541037,1253,0,1253,-138,0,30,3
7,700,21.000000,10000.000000,0,0,23541039,1257,0,1257,-139,0,30,3
7,700,21.000000,10000.000000,0,0,23541042,1263,0,1263,-140,0,30,3
7,700,21.000000,10000.000000,0,0,23541045,1264,0,1264,-141,0,30,3
7,700,21.000000,10000.000000,0,0,23541048,1266,0,1266,-143,0,30,3
7,700,21.000000,10000.000000,0,0,23541051,1269,0,1269,-143,0,30,3
7,700,21.000000,10000.000000,0,0,23541053,1272,0,1272,-143,0,30,3
7,700,21.000000,10000.000000,0,0,23541056,1274,0,1274,-143,0,30,3
7,700,21.000000,10000.000000,0,0,23541059,1276,0,1276,-143,0,30,3
7,700,21.000000,10000.000000,0,0,23541061,1278,0,1278,-144,0,30,3
7,700,21.000000,10000.000000,0,0,23541064,1278,0,1278,-145,0,30,3
7,700,21.000000,10000.000000,0,0,23541067,1280,0,1280,-145,0,30,3
7,700,21.000000,10000.000000,0,0,23541070,1282,0,1282,-145,0,30,3
7,700,21.000000,10000.000000,0,0,23541073,1283,0,1283,-145,0,30,3
7,700,21.000000,10000.000000,0,0,23541076,1284,0,1284,-145,0,30,3
7,700,21.000000,10000.000000,0,0,23541078,1286,0,1286,-145,0,30,3
7,700,21.000000,10000.000000,0,0,23541081,1286,0,1286,-145,0,30,3
7,700,21.000000,10000.000000,0,0,23541084,1286,0,1286,-145,0,30,3
7,700,21.000000,10000.000000,0,0,23541087,1286,0,1286,-145,0,30,3
7,700,21.000000,10000.000000,0,0,23541090,1286,0,1286,-145,0,30,3
7,700,21.000000,10000.000000,0,0,23541092,1286,0,1286,-145,0,30,3
7,700,21.000000,10000.000000,0,0,23541095,1286,0,1286,-145,0,30,3
7,700,21.000000,10000.000000,0,0,23541098,1286,0,1286,-145,0,30,3
7,700,21.000000,10000.000000,0,0,23541101,1286,0,1286,-145,0,30,3
7,700,21.000000,10000.000000,0,0,23541104,1286,0,1286,-145,0,30,3
7,700,21.000000,10000.000000,0,0,23541106,1286,0,1286,-145,0,30,3
7,700,21.000000,10000.000000,0,0,23541109,1286,0,1286,-145,0,30,3
7,700,21.000000,10000.000000,0,0,23541112,1286,0,1286,-145,0,30,3
7,700,21.000000,10000.000000,0,0,23541115,1286,0,1286,-145,0,30,3
7,700,21.000000,10000.000000,0,0,23541118,1286,0,1286,-145,0,30,3
7,700,21.000000,10000.000000,0,0,23541120,1286,0,1286,-145,0,30,3
7,700,21.000000,10000.000000,0,0,23541123,1286,0,1286,-145,0,30,3
7,700,21.000000,10000.000000,0,0,23541126,1286,0,1286,-145,0,30,3
7,700,21.000000,10000.000000,0,0,23541128,1286,0,1286,-145,0,30,3
7,700,21.000000,10000.000000,0,0,23541131,1286,0,1286,-145,0,30,3
7,700,21.000000,10000.000000,0,0,23541134,1286,0,1286,-145,0,30,3
7,700,21.000000,10000.000000,0,0,23541137,1286,0,1286,-145,0,30,3
7,700,21.000000,10000.000000,0,0,23541140,1287,0,1287,-145,0,30,3
7,700,21.000000,10000.000000,0,0,23541142,1288,0,1288,-145,0,30,3
7,700,21.000000,10000.000000,0,0,23541145,1288,0,1288,-145,0,30,3
7,700,21.000000,10000.000000,0,0,23541148,1288,0,1288,-145,0,30,3
7,700,21.000000,10000.000000,0,0,23541151,1288,0,1288,-146,0,30,3
7,700,21.000000,10000.000000,0,0,23541154,1288,0,1288,-147,0,30,3
7,700,21.000000,10000.000000,0,0,23541156,1288,0,1288,-147,0,30,3
7,700,21.000000,10000.000000,0,0,23541159,1288,0,1288,-147,0,30,3
7,700,21.000000,10000.000000,0,0,23541162,1288,0,1288,-147,0,30,3
7,700,21.000000,10000.000000,0,0,23541165,1288,0,1288,-147,0,30,3
7,700,21.000000,10000.000000,0,0,23541168,1288,0,1288,-147,0,30,3
7,700,21.000000,10000.000000,0,0,23541170,1289,0,1289,-148,0,30,3
7,700,21.000000,10000.000000,0,0,23541173,1289,0,1289,-148,0,30,3
7,700,21.000000,10000.000000,0,0,23541175,1289,0,1289,-148,0,30,3
7,700,21.000000,10000.000000,0,0,23541178,1289,0,1289,-148,0,30,3
7,700,21.000000,10000.000000,0,0,23541181,1289,0,1289,-148,0,30,3
7,700,21.000000,10000.000000,0,0,23541184,1289,0,1289,-148,0,30,3
7,700,21.000000,10000.000000,0,0,23541187,1289,0,1289,-148,0,30,3
7,700,21.000000,10000.000000,0,0,23541189,1290,0,1290,-148,0,30,3
7,700,21.000000,10000.000000,0,0,23541192,1291,0,1291,-148,0,30,3
7,700,21.000000,10000.000000,0,0,23541195,1291,0,1291,-148,0,30,3
7,700,21.000000,10000.000000,0,0,23541198,1291,0,1291,-148,0,30,3
7,700,21.000000,10000.000000,0,0,23541201,1291,0,1291,-148,0,30,3
7,700,21.000000,10000.000000,0,0,23541204,1291,0,1291,-148,0,30,3
7,700,21.000000,10000.000000,0,0,23541206,1291,0,1291,-148,0,30,3
7,700,21.000000,10000.000000,0,0,23541209,1291,0,1291,-148,0,30,3
7,700,21.000000,10000.000000,0,0,23541212,1291,0,1291,-149,0,30,3
7,700,21.000000,10000.000000,0,0,23541215,1291,0,1291,-149,0,30,3
7,700,21.000000,10000.000000,0,0,23541218,1291,0,1291,-149,0,30,3
7,700,21.000000,10000.000000,0,0,23541220,1291,0,1291,-149,0,30,3
7,700,21.000000,10000.000000,0,0,23541223,1291,0,1291,-149,0,30,3
7,700,21.000000,10000.000000,0,0,23541226,1291,0,1291,-149,0,30,3
7,700,21.000000,10000.000000,0,0,23541228,1291,0,1291,-149,0,30,3
7,700,21.000000,10000.000000,0,0,23541231,1291,0,1291,-149,0,30,3
7,700,21.000000,10000.000000,0,0,23541234,1291,0,1291,-149,0,30,3
7,700,21.000000,10000.000000,0,0,23541237,1291,0,1291,-149,0,30,3
7,700,21.000000,10000.000000,0,0,23541240,1291,0,1291,-149,0,30,3
7,700,21.000000,10000.000000,0,0,23541242,1291,0,1291,-149,0,30,3
7,700,21.000000,10000.000000,0,0,23541245,1291,0,1291,-149,0,30,3
7,700,21.000000,10000.000000,0,0,23541248,1291,0,1291,-149,0,30,3
7,700,21.000000,10000.000000,0,0,23541251,1291,0,1291,-149,0,30,3
7,700,21.000000,10000.000000,0,0,23541254,1291,0,1291,-149,0,30,3
7,700,21.000000,10000.000000,0,0,23541256,1291,0,1291,-149,0,30,3
7,700,21.000000,10000.000000,0,0,23541259,1291,0,1291,-149,0,30,3
7,700,21.000000,10000.000000,0,0,23541262,1291,0,1291,-149,0,30,3
7,700,21.000000,10000.000000,0,0,23541265,1291,0,1291,-149,0,30,3
7,700,21.000000,10000.000000,0,0,23541267,1291,0,1291,-149,0,30,3
7,700,21.000000,10000.000000,0,0,23541270,1291,0,1291,-149,0,30,3
7,700,21.000000,10000.000000,0,0,23541273,1291,0,1291,-149,0,30,3
7,700,21.000000,10000.000000,0,0,23541276,1291,0,1291,-149,0,30,3
7,700,21.000000,10000.000000,0,0,23541279,1291,0,1291,-149,0,30,3
7,700,21.000000,10000.000000,0,0,23541281,1291,0,1291,-149,0,30,3
7,700,21.000000,10000.000000,0,0,23541284,1291,0,1291,-149,0,30,3
7,700,21.000000,10000.000000,0,0,23541287,1291,0,1291,-149,0,30,3
7,700,21.000000,10000.000000,0,0,23541289,1291,0,1291,-149,0,30,3
7,700,21.000000,10000.000000,0,0,23541292,1291,0,1291,-149,0,30,3
7,700,21.000000,10000.000000,0,0,23541295,1291,0,1291,-149,0,30,3
7,700,21.000000,10000.000000,0,0,23541298,1291,0,1291,-149,0,30,3
7,700,21.000000,10000.000000,0,0,23541301,1291,0,1291,-149,0,30,3
7,700,21.000000,10000.000000,0,0,23541303,1291,0,1291,-149,0,30,3
7,700,21.000000,10000.000000,0,0,23541306,1291,0,1291,-149,0,30,3
7,700,21.000000,10000.000000,0,0,23541309,1291,0,1291,-149,0,30,3
7,700,21.000000,10000.000000,0,0,23541312,1291,0,1291,-149,0,30,3
7,700,21.000000,10000.000000,0,0,23541315,1291,0,1291,-149,0,30,3
7,700,21.000000,10000.000000,0,0,23541318,1291,0,1291,-149,0,30,3
7,700,21.000000,10000.000000,0,0,23541320,1291,0,1291,-149,0,30,3
7,700,21.000000,10000.000000,0,0,23541323,1291,0,1291,-149,0,30,3
7,700,21.000000,10000.000000,0,0,23541326,1291,0,1291,-149,0,30,3
7,700,21.000000,10000.000000,0,0,23541329,1291,0,1291,-149,0,30,3
7,700,21.000000,10000.000000,0,0,23541331,1291,0,1291,-149,0,30,3
7,700,21.000000,10000.000000,0,0,23541334,1291,0,1291,-149,0,30,3
7,700,21.000000,10000.000000,0,0,23541337,1291,0,1291,-149,0,30,3
7,700,21.000000,10000.000000,0,0,23541340,1291,0,1291,-149,0,30,3
7,700,21.000000,10000.000000,0,0,23541343,1291,0,1291,-149,0,30,3
7,700,21.000000,10000.000000,0,0,23541345,1291,0,1291,-149,0,30,3
7,700,21.000000,10000.000000,0,0,23541348,1291,0,1291,-149,0,30,3
7,700,21.000000,10000.000000,0,0,23541351,1291,0,1291,-149,0,30,3
7,700,21.000000,10000.000000,0,0,23541354,1291,0,1291,-149,0,30,3
7,700,21.000000,10000.000000,0,0,23541357,1291,0,1291,-149,0,30,3
7,700,21.000000,10000.000000,0,0,23541359,1291,0,1291,-149,0,30,3
7,700,21.000000,10000.000000,0,0,23541362,1291,0,1291,-149,0,30,3
7,700,21.000000,10000.000000,0,0,23541365,1291,0,1291,-149,0,30,3
7,700,21.000000,10000.000000,0,0,23541367,1291,0,1291,-149,0,30,3
7,700,21.000000,10000.000000,0,0,23541370,1291,0,1291,-149,0,30,3
7,700,21.000000,10000.000000,0,0,23541373,1291,0,1291,-149,0,30,3
7,700,21.000000,10000.000000,0,0,23541376,1291,0,1291,-149,0,30,3
7,700,21.000000,10000.000000,0,0,23541379,1291,0,1291,-149,0,30,3
7,700,21.000000,10000.000000,0,0,23541381,1291,0,1291,-149,0,30,3
7,700,21.000000,10000.000000,0,0,23541384,1291,0,1291,-149,0,30,3
7,700,21.000000,10000.000000,0,0,23541387,1292,0,1292,-149,0,30,3
7,700,21.000000,10000.000000,0,0,23541390,1293,0,1293,-149,0,30,3
7,700,21.000000,10000.000000,0,0,23541392,1293,0,1293,-149,0,30,3
7,700,21.000000,10000.000000,0,0,23541395,1293,0,1293,-149,0,30,3
7,700,21.000000,10000.000000,0,0,23541398,1294,0,1294,-149,0,30,3
7,700,21.000000,10000.000000,0,0,23541401,1294,0,1294,-150,0,30,3
7,700,21.000000,10000.000000,0,0,23541404,1294,0,1294,-151,0,30,3
7,700,21.000000,10000.000000,0,0,23541406,1294,0,1294,-151,0,30,3
7,700,21.000000,10000.000000,0,0,23541409,1294,0,1294,-151,0,30,3
7,700,21.000000,10000.000000,0,0,23541412,1294,0,1294,-151,0,30,3
7,700,21.000000,10000.000000,0,0,23541415,1295,0,1295,-152,0,30,3
7,700,21.000000,10000.000000,0,0,23541418,1296,0,1296,-153,0,30,3
7,700,21.000000,10000.000000,0,0,23541420,1296,0,1296,-153,0,30,3
7,700,21.000000,10000.000000,0,0,23541423,1297,0,1297,-153,0,30,3
7,700,21.000000,10000.000000,0,0,23541426,1298,0,1298,-153,0,30,3
7,700,21.000000,10000.000000,0,0,23541428,1298,0,1298,-153,0,30,3
7,700,21.000000,10000.000000,0,0,23541431,1298,0,1298,-153,0,30,3
7,700,21.000000,10000.000000,0,0,23541434,1299,0,1299,-153,0,30,3
7,700,21.000000,10000.000000,0,0,23541437,1300,0,1300,-153,0,30,3
7,700,21.000000,10000.000000,0,0,23541440,1300,0,1300,-153,0,30,3
7,700,21.000000,10000.000000,0,0,23541442,1301,0,1301,-153,0,30,3
7,700,21.000000,10000.000000,0,0,23541445,1301,0,1301,-154,0,30,3
7,700,21.000000,10000.000000,0,0,23541448,1302,0,1302,-154,0,30,3
7,700,21.000000,10000.000000,0,0,23541451,1303,0,1303,-154,0,30,3
7,700,21.000000,10000.000000,0,0,23541454,1304,0,1304,-155,0,30,3
7,700,21.000000,10000.000000,0,0,23541456,1305,0,1305,-156,0,30,3
7,700,21.000000,10000.000000,0,0,23541459,1305,0,1305,-156,0,30,3
7,700,21.000000,10000.000000,0,0,23541462,1307,0,1307,-156,0,30,3
7,700,21.000000,10000.000000,0,0,23541465,1307,0,1307,-157,0,30,3
7,700,21.000000,10000.000000,0,0,23541468,1307,0,1307,-158,0,30,3
7,700,21.000000,10000.000000,0,0,23541470,1307,0,1307,-158,0,30,3
7,700,21.000000,10000.000000,0,0,23541473,1307,0,1307,-158,0,30,3
7,700,21.000000,10000.000000,0,0,23541476,1307,0,1307,-158,0,30,3
7,700,21.000000,10000.000000,0,0,23541479,1307,0,1307,-158,0,30,3
7,700,21.000000,10000.000000,0,0,23541482,1307,0,1307,-158,0,30,3
7,700,21.000000,10000.000000,0,0,23541484,1307,0,1307,-158,0,30,3
7,700,21.000000,10000.000000,0,0,23541487,1307,0,1307,-158,0,30,3
7,700,21.000000,10000.000000,0,0,23541490,1307,0,1307,-158,0,30,3
7,700,21.000000,10000.000000,0,0,23541493,1307,0,1307,-158,0,30,3
7,700,21.000000,10000.000000,0,0,23541495,1307,0,1307,-158,0,30,3
7,700,21.000000,10000.000000,0,0,23541498,1307,0,1307,-158,0,30,3
7,700,21.000000,10000.000000,0,0,23541501,1307,0,1307,-158,0,30,3
7,700,21.000000,10000.000000,0,0,23541504,1307,0,1307,-158,0,30,3
7,700,21.000000,10000.000000,0,0,23541507,1307,0,1307,-158,0,30,3
7,700,21.000000,10000.000000,0,0,23541509,1307,0,1307,-158,0,30,3
7,700,21.000000,10000.000000,0,0,23541512,1307,0,1307,-158,0,30,3
7,700,21.000000,10000.000000,0,0,23541515,1307,0,1307,-158,0,30,3
7,700,21.000000,10000.000000,0,0,23541518,1307,0,1307,-158,0,30,3
7,700,21.000000,10000.000000,0,0,23541521,1307,0,1307,-158,0,30,3
7,700,21.000000,10000.000000,0,0,23541523,1307,0,1307,-158,0,30,3
7,700,21.000000,10000.000000,0,0,23541526,1307,0,1307,-158,0,30,3
7,700,21.000000,10000.000000,0,0,23541529,1307,0,1307,-158,0,30,3
7,700,21.000000,10000.000000,0,0,23541532,1307,0,1307,-158,0,30,3
7,700,21.000000,10000.000000,0,0,23541534,1307,0,1307,-158,0,30,3
7,700,21.000000,10000.000000,0,0,23541537,1307,0,1307,-158,0,30,3
7,700,21.000000,10000.000000,0,0,23541540,1307,0,1307,-158,0,30,3
7,700,21.000000,10000.000000,0,0,23541542,1307,0,1307,-158,0,30,3
7,700,21.000000,10000.000000,0,0,23541545,1307,0,1307,-158,0,30,3
7,700,21.000000,10000.000000,0,0,23541548,1307,0,1307,-158,0,30,3
7,700,21.000000,10000.000000,0,0,23541551,1307,0,1307,-158,0,30,3
7,700,21.000000,10000.000000,0,0,23541554,1307,0,1307,-158,0,30,3
7,700,21.000000,10000.000000,0,0,23541557,1307,0,1307,-158,0,30,3
7,700,21.000000,10000.000000,0,0,23541559,1307,0,1307,-158,0,30,3
7,700,21.000000,10000.000000,0,0,23541562,1307,0,1307,-158,0,30,3
7,700,21.000000,10000.000000,0,0,23541565,1307,0,1307,-158,0,30,3
7,700,21.000000,10000.000000,0,0,23541568,1307,0,1307,-158,0,30,3
7,700,21.000000,10000.000000,0,0,23541571,1307,0,1307,-158,0,30,3
7,700,21.000000,10000.000000,0,0,23541573,1307,0,1307,-158,0,30,3
7,700,21.000000,10000.000000,0,0,23541576,1307,0,1307,-158,0,30,3
7,700,21.000000,10000.000000,0,0,23541579,1307,0,1307,-158,0,30,3
7,700,21.000000,10000.000000,0,0,23541581,1307,0,1307,-158,0,30,3
7,700,21.000000,10000.000000,0,0,23541593,1307,0,1307,-158,0,30,3
