7,700,21.000000,0.000000,2,0,24035575,603,4,603,4,0,42,8
7,700,21.000000,0.000000,2,0,24035576,603,4,603,4,0,42,8
7,700,21.000000,0.000000,2,0,24035578,603,4,603,4,0,42,8
7,700,21.000000,0.000000,2,0,24035581,603,4,603,4,0,42,8
7,700,21.000000,0.000000,2,0,24035584,603,4,603,4,0,42,8
7,700,21.000000,0.000000,2,0,24035587,603,4,603,4,0,42,8
7,700,21.000000,0.000000,2,0,24035590,603,4,603,4,0,42,8
7,700,21.000000,0.000000,2,0,24035592,603,4,603,4,0,42,8
7,700,21.000000,0.000000,2,0,24035595,603,4,603,4,0,42,8
7,700,21.000000,0.000000,2,0,24035598,603,4,603,4,0,42,8
7,700,21.000000,0.000000,2,0,24035601,603,4,603,4,0,42,8
7,700,21.000000,0.000000,2,0,24035604,603,4,603,4,0,42,8
7,700,21.000000,0.000000,2,0,24035606,603,4,603,4,0,42,8
7,700,21.000000,0.000000,2,0,24035609,603,4,603,4,0,42,8
7,700,21.000000,0.000000,2,0,24035612,603,4,603,4,0,42,8
7,700,21.000000,0.000000,2,0,24035615,603,4,603,4,0,42,8
7,700,21.000000,0.000000,2,0,24035617,603,4,603,4,0,42,8
7,700,21.000000,0.000000,2,0,24035620,603,4,603,4,0,42,8
7,700,21.000000,0.000000,2,0,24035623,603,4,603,4,0,42,8
7,700,21.000000,0.000000,2,0,24035625,603,4,603,4,0,42,8
7,700,21.000000,0.000000,2,0,24035628,603,4,603,4,0,42,8
7,700,21.000000,0.000000,2,0,24035631,603,4,603,4,0,42,8
7,700,21.000000,0.000000,2,0,24035634,603,4,603,4,0,42,8
7,700,21.000000,0.000000,2,0,24035637,603,4,603,4,0,42,8
7,700,21.000000,0.000000,2,0,24035639,603,4,603,4,0,42,8
7,700,21.000000,0.000000,2,0,24035642,603,4,603,4,0,42,8
7,700,21.000000,0.000000,2,0,24035645,603,4,603,4,0,42,8
7,700,21.000000,0.000000,2,0,24035648,603,4,603,4,0,42,8
7,700,21.000000,0.000000,2,0,24035651,603,4,603,4,0,42,8
7,700,21.000000,0.000000,2,0,24035654,603,5,603,5,0,42,8
7,700,21.000000,0.000000,2,0,24035656,604,5,604,5,0,42,8
7,700,21.000000,0.000000,2,0,24035659,605,5,605,5,0,42,8
7,700,21.000000,0.000000,2,0,24035661,606,6,606,6,0,42,8
7,700,21.000000,0.000000,2,0,24035664,608,7,608,7,0,42,8
7,700,21.000000,0.000000,2,0,24035667,610,7,610,7,0,42,8
7,700,21.000000,0.000000,2,0,24035670,612,7,612,7,0,42,8
7,700,21.000000,0.000000,2,0,24035673,614,8,614,8,0,42,8
7,700,21.000000,0.000000,2,0,24035675,617,9,617,9,0,42,8
7,700,21.000000,0.000000,2,0,24035679,618,9,618,9,0,42,8
7,700,21.000000,0.000000,2,0,24035681,621,10,621,10,0,42,8
7,700,21.000000,0.000000,2,0,24035684,623,11,623,11,0,42,8
7,700,21.000000,0.000000,2,0,24035687,627,13,627,13,0,42,8
7,700,21.000000,0.000000,2,0,24035690,629,15,629,15,0,42,8
7,700,21.000000,0.000000,2,0,24035693,634,17,634,17,0,42,8
7,700,21.000000,0.000000,2,0,24035695,639,19,639,19,0,42,8
7,700,21.000000,0.000000,2,0,24035698,643,21,643,21,0,42,8
7,700,21.000000,0.000000,2,0,24035700,651,25,651,25,0,42,8
7,700,21.000000,0.000000,2,0,24035703,656,27,656,27,0,42,8
7,700,21.000000,0.000000,2,0,24035706,666,31,666,31,0,42,8
7,700,21.000000,0.000000,2,0,24035709,671,34,671,34,0,42,8
7,700,21.000000,0.000000,2,0,24035712,681,39,681,39,0,42,8
7,700,21.000000,0.000000,2,0,24035714,692,40,692,40,0,42,8
7,700,21.000000,0.000000,2,0,24035717,702,43,702,43,0,42,8
7,700,21.000000,0.000000,2,0,24035720,709,45,709,45,0,42,8
7,700,21.000000,0.000000,2,0,24035723,721,48,721,48,0,42,8
7,700,21.000000,0.000000,2,0,24035726,734,50,734,50,0,42,8
7,700,21.000000,0.000000,2,0,24035728,746,53,746,53,0,42,8
7,700,21.000000,0.000000,2,0,24035731,759,55,759,55,0,42,8
7,700,21.000000,0.000000,2,0,24035734,770,57,770,57,0,42,8
7,700,21.000000,0.000000,2,0,24035737,783,60,783,60,0,42,8
7,700,21.000000,0.000000,2,0,24035740,799,64,799,64,0,42,8
7,700,21.000000,0.000000,2,0,24035742,812,67,812,67,0,42,8
7,700,21.000000,0.000000,2,0,24035745,825,69,825,69,0,42,8
7,700,21.000000,0.000000,2,0,24035748,838,71,838,71,0,42,8
7,700,21.000000,0.000000,2,0,24035751,852,71,852,71,0,42,8
7,700,21.000000,0.000000,2,0,24035754,867,73,867,73,0,42,8
7,700,21.000000,0.000000,2,0,24035756,884,75,884,75,0,42,8
7,700,21.000000,0.000000,2,0,24035759,900,78,900,78,0,42,8
7,700,21.000000,0.000000,2,0,24035762,920,81,920,81,0,42,8
7,700,21.000000,0.000000,2,0,24035765,934,82,934,82,0,42,8
7,700,21.000000,0.000000,2,0,24035767,952,83,952,83,0,42,8
7,700,21.000000,0.000000,2,0,24035770,966,83,966,83,0,42,8
7,700,21.000000,0.000000,2,0,24035773,982,83,982,83,0,42,8
7,700,21.000000,0.000000,2,0,24035776,996,84,996,84,0,42,8
7,700,21.000000,0.000000,2,0,24035779,1010,84,1010,84,0,42,8
7,700,21.000000,0.000000,2,0,24035781,1030,87,1030,87,0,42,8
7,700,21.000000,0.000000,2,0,24035784,1044,87,1044,87,0,42,8
7,700,21.000000,0.000000,2,0,24035787,1060,87,1060,87,0,42,8
7,700,21.000000,0.000000,2,0,24035790,1074,87,1074,87,0,42,8
7,700,21.000000,0.000000,2,0,24035792,1088,87,1088,87,0,42,8
7,700,21.000000,0.000000,2,0,24035795,1105,87,1105,87,0,42,8
7,700,21.000000,0.000000,2,0,24035798,1121,87,1121,87,0,42,8
7,700,21.000000,0.000000,2,0,24035801,1134,87,1134,87,0,42,8
7,700,21.000000,0.000000,2,0,24035803,1150,87,1150,87,0,42,8
7,700,21.000000,0.000000,2,0,24035806,1164,87,1164,87,0,42,8
7,700,21.000000,0.000000,2,0,24035809,1177,87,1177,87,0,42,8
7,700,21.000000,0.000000,2,0,24035812,1189,87,1189,87,0,42,8
7,700,21.000000,0.000000,2,0,24035815,1204,87,1204,87,0,42,8
7,700,21.000000,0.000000,2,0,24035817,1216,86,1216,86,0,42,8
7,700,21.000000,0.000000,2,0,24035820,1229,86,1229,86,0,42,8
7,700,21.000000,0.000000,2,0,24035823,1241,85,1241,85,0,42,8
7,700,21.000000,0.000000,2,0,24035826,1250,82,1250,82,0,42,8
7,700,21.000000,0.000000,2,0,24035829,1264,81,1264,81,0,42,8
7,700,21.000000,0.000000,2,0,24035831,1273,78,1273,78,0,42,8
7,700,21.000000,0.000000,2,0,24035834,1282,77,1282,77,0,42,8
7,700,21.000000,0.000000,2,0,24035837,1294,76,1294,76,0,42,8
7,700,21.000000,0.000000,2,0,24035840,1303,74,1303,74,0,42,8
7,700,21.000000,0.000000,2,0,24035843,1309,71,1309,71,0,42,8
7,700,21.000000,0.000000,2,0,24035845,1313,70,1313,70,0,42,8
7,700,21.000000,0.000000,2,0,24035848,1320,67,1320,67,0,42,8
7,700,21.000000,0.000000,2,0,24035851,1326,63,1326,63,0,42,8
7,700,21.000000,0.000000,2,0,24035854,1332,60,1332,60,0,42,8
7,700,21.000000,0.000000,2,0,24035856,1337,58,1337,58,0,42,8
7,700,21.000000,0.000000,2,0,24035859,1342,57,1342,57,0,42,8
7,700,21.000000,0.000000,2,0,24035862,1343,55,1343,55,0,42,8
7,700,21.000000,0.000000,2,0,24035864,1346,52,1346,52,0,42,8
7,700,21.000000,0.000000,2,0,24035867,1347,51,1347,51,0,42,8
7,700,21.000000,0.000000,2,0,24035870,1347,50,1347,50,0,42,8
7,700,21.000000,0.000000,2,0,24035873,1350,49,1350,49,0,42,8
7,700,21.000000,0.000000,2,0,24035876,1351,45,1351,45,0,42,8
7,700,21.000000,0.000000,2,0,24035878,1353,43,1353,43,0,42,8
7,700,21.000000,0.000000,2,0,24035881,1354,41,1354,41,0,42,8
7,700,21.000000,0.000000,2,0,24035884,1354,39,1354,39,0,42,8
7,700,21.000000,0.000000,2,0,24035887,1354,37,1354,37,0,42,8
7,700,21.000000,0.000000,2,0,24035889,1354,35,1354,35,0,42,8
7,700,21.000000,0.000000,2,0,24035893,1354,33,1354,33,0,42,8
7,700,21.000000,0.000000,2,0,24035895,1354,32,1354,32,0,42,8
7,700,21.000000,0.000000,2,0,24035898,1354,30,1354,30,0,42,8
7,700,21.000000,0.000000,2,0,24035901,1354,26,1354,26,0,42,8
7,700,21.000000,0.000000,2,0,24035904,1354,25,1354,25,0,42,8
7,700,21.000000,0.000000,2,0,24035907,1354,22,1354,22,0,42,8
7,700,21.000000,0.000000,2,0,24035909,1353,21,1353,21,0,42,8
7,700,21.000000,0.000000,2,0,24035912,1352,18,1352,18,0,42,8
7,700,21.000000,0.000000,2,0,24035915,1350,14,1350,14,0,42,8
7,700,21.000000,0.000000,2,0,24035917,1346,12,1346,12,0,42,8
7,700,21.000000,0.000000,2,0,24035920,1345,9,1345,9,0,42,8
7,700,21.000000,0.000000,2,0,24035923,1344,6,1344,6,0,42,8
7,700,21.000000,0.000000,2,0,24035926,1344,1,1344,1,0,42,8
7,700,21.000000,0.000000,2,0,24035928,1342,0,1342,-1,0,42,8
7,700,21.000000,0.000000,2,0,24035931,1340,0,1340,-2,0,42,8
7,700,21.000000,0.000000,2,0,24035934,1338,0,1338,-4,0,42,8
7,700,21.000000,0.000000,2,0,24035937,1336,0,1336,-5,0,42,8
7,700,21.000000,0.000000,2,0,24035939,1335,0,1335,-7,0,42,8
7,700,21.000000,0.000000,2,0,24035942,1334,0,1334,-8,0,42,8
7,700,21.000000,0.000000,2,0,24035945,1331,0,1331,-8,0,42,8
7,700,21.000000,0.000000,2,0,24035948,1328,0,1328,-11,0,42,8
7,700,21.000000,0.000000,2,0,24035951,1327,0,1327,-11,0,42,8
7,700,21.000000,0.000000,2,0,24035953,1324,0,1324,-13,0,42,8
7,700,21.000000,0.000000,2,0,24035957,1320,0,1320,-16,0,42,8
7,700,21.000000,0.000000,2,0,24035959,1317,0,1317,-18,0,42,8
7,700,21.000000,0.000000,2,0,24035962,1316,0,1316,-19,0,42,8
7,700,21.000000,0.000000,2,0,24035965,1312,0,1312,-19,0,42,8
7,700,21.000000,0.000000,2,0,24035967,1310,0,1310,-20,0,42,8
7,700,21.000000,0.000000,2,0,24035970,1306,0,1306,-20,0,42,8
7,700,21.000000,0.000000,2,0,24035973,1302,0,1302,-23,0,42,8
7,700,21.000000,0.000000,2,0,24035976,1301,0,1298,-24,0,42,8
7,700,21.000000,0.000000,2,0,24035979,1301,0,1294,-25,0,42,8
7,700,21.000000,0.000000,2,0,24035981,1301,0,1292,-26,0,42,8
7,700,21.000000,0.000000,2,0,24035984,1301,0,1288,-27,0,42,8
7,700,21.000000,0.000000,2,0,24035987,1301,0,1285,-27,0,42,8
7,700,21.000000,0.000000,2,0,24035989,1301,0,1282,-28,0,42,8
7,700,21.000000,0.000000,2,0,24035992,1301,0,1281,-29,0,42,8
7,700,21.000000,0.000000,2,0,24035995,1301,0,1278,-30,0,42,8
7,700,21.000000,0.000000,2,0,24035998,1301,0,1275,-30,0,42,8
7,700,21.000000,0.000000,2,0,24036001,1301,0,1273,-30,0,42,8
7,700,21.000000,0.000000,2,0,24036003,1301,0,1272,-30,0,42,8
7,700,21.000000,0.000000,2,0,24036006,1301,0,1270,-31,0,42,8
7,700,21.000000,0.000000,2,0,24036009,1301,0,1268,-31,0,42,8
7,700,21.000000,0.000000,2,0,24036012,1301,0,1265,-31,0,42,8
7,700,21.000000,0.000000,2,0,24036015,1301,0,1263,-32,0,42,8
7,700,21.000000,0.000000,2,0,24036017,1301,0,1261,-32,0,42,8
7,700,21.000000,0.000000,2,0,24036020,1301,0,1260,-33,0,42,8
7,700,21.000000,0.000000,2,0,24036023,1301,0,1256,-33,0,42,8
7,700,21.000000,0.000000,2,0,24036026,1301,0,1254,-33,0,42,8
7,700,21.000000,0.000000,2,0,24036028,1301,0,1252,-33,0,42,8
7,700,21.000000,0.000000,2,0,24036031,1301,0,1247,-33,0,42,8
7,700,21.000000,0.000000,2,0,24036034,1301,0,1246,-33,0,42,8
7,700,21.000000,0.000000,2,0,24036037,1301,0,1245,-33,0,42,8
7,700,21.000000,0.000000,2,0,24036040,1301,0,1244,-33,0,42,8
7,700,21.000000,0.000000,2,0,24036042,1301,0,1243,-33,0,42,8
7,700,21.000000,0.000000,2,0,24036045,1301,0,1241,-33,0,42,8
7,700,21.000000,0.000000,2,0,24036048,1301,0,1239,-33,0,42,8
7,700,21.000000,0.000000,2,0,24036051,1301,0,1239,-33,0,42,8
7,700,21.000000,0.000000,2,0,24036054,1301,0,1239,-33,0,42,8
7,700,21.000000,0.000000,2,0,24036056,1301,0,1239,-33,0,42,8
7,700,21.000000,0.000000,2,0,24036059,1301,0,1239,-33,0,42,8
7,700,21.000000,0.000000,2,0,24036062,1301,0,1239,-33,0,42,8
7,700,21.000000,0.000000,2,0,24036064,1301,0,1239,-33,0,42,8
7,700,21.000000,0.000000,2,0,24036068,1301,0,1239,-33,0,42,8
7,700,21.000000,0.000000,2,0,24036070,1301,0,1239,-33,0,42,8
7,700,21.000000,0.000000,2,0,24036073,1301,0,1239,-33,0,42,8
7,700,21.000000,0.000000,2,0,24036076,1301,0,1239,-33,0,42,8
7,700,21.000000,0.000000,2,0,24036078,1301,0,1239,-33,0,42,8
7,700,21.000000,0.000000,2,0,24036081,1301,0,1239,-33,0,42,8
7,700,21.000000,0.000000,2,0,24036084,1301,0,1239,-33,0,42,8
7,700,21.000000,0.000000,2,0,24036087,1301,0,1239,-33,0,42,8
7,700,21.000000,0.000000,2,0,24036090,1301,0,1239,-33,0,42,8
7,700,21.000000,0.000000,2,0,24036092,1301,0,1239,-33,0,42,8
7,700,21.000000,0.000000,2,0,24036095,1301,0,1239,-33,0,42,8
7,700,21.000000,0.000000,2,0,24036098,1301,0,1239,-33,0,42,8
7,700,21.000000,0.000000,2,0,24036101,1301,0,1239,-33,0,42,8
7,700,21.000000,0.000000,2,0,24036104,1301,0,1239,-33,0,42,8
7,700,21.000000,0.000000,2,0,24036107,1301,0,1239,-33,0,42,8
7,700,21.000000,0.000000,2,0,24036109,1301,0,1239,-33,0,42,8
7,700,21.000000,0.000000,2,0,24036112,1301,0,1239,-33,0,42,8
7,700,21.000000,0.000000,2,0,24036115,1301,0,1239,-33,0,42,8
7,700,21.000000,0.000000,2,0,24036118,1301,0,1239,-33,0,42,8
7,700,21.000000,0.000000,2,0,24036120,1301,0,1239,-33,0,42,8
7,700,21.000000,0.000000,2,0,24036123,1301,0,1239,-33,0,42,8
7,700,21.000000,0.000000,2,0,24036126,1301,0,1239,-33,0,42,8
7,700,21.000000,0.000000,2,0,24036128,1301,0,1239,-33,0,42,8
7,700,21.000000,0.000000,2,0,24036131,1301,0,1239,-33,0,42,8
7,700,21.000000,0.000000,2,0,24036134,1301,0,1239,-33,0,42,8
7,700,21.000000,0.000000,2,0,24036137,1301,0,1239,-33,0,42,8
7,700,21.000000,0.000000,2,0,24036140,1301,0,1239,-33,0,42,8
7,700,21.000000,0.000000,2,0,24036142,1301,0,1239,-33,0,42,8
7,700,21.000000,0.000000,2,0,24036145,1301,0,1239,-33,0,42,8
7,700,21.000000,0.000000,2,0,24036156,1301,0,1239,-33,0,42,8
