7,350,21.000000,42.000000,2,0,24241286,789,2,789,2,0,52,5
7,350,21.000000,42.000000,2,0,24241287,789,2,789,2,0,52,5
7,350,21.000000,42.000000,2,0,24241290,789,2,789,2,0,52,5
7,350,21.000000,42.000000,2,0,24241292,789,2,789,2,0,52,5
7,350,21.000000,42.000000,2,0,24241295,789,2,789,2,0,52,5
7,350,21.000000,42.000000,2,0,24241298,789,2,789,2,0,52,5
7,350,21.000000,42.000000,2,0,24241301,789,2,789,2,0,52,5
7,350,21.000000,42.000000,2,0,24241304,789,2,789,2,0,52,5
7,350,21.000000,42.000000,2,0,24241306,789,2,789,2,0,52,5
7,350,21.000000,42.000000,2,0,24241309,789,2,789,2,0,52,5
7,350,21.000000,42.000000,2,0,24241312,789,2,789,2,0,52,5
7,350,21.000000,42.000000,2,0,24241314,789,2,789,2,0,52,5
7,350,21.000000,42.000000,2,0,24241317,789,2,789,2,0,52,5
7,350,21.000000,42.000000,2,0,24241320,789,2,789,2,0,52,5
7,350,21.000000,42.000000,2,0,24241323,789,2,789,2,0,52,5
7,350,21.000000,42.000000,2,0,24241326,789,2,789,2,0,52,5
7,350,21.000000,42.000000,2,0,24241328,789,2,789,2,0,52,5
7,350,21.000000,42.000000,2,0,24241331,789,2,789,2,0,52,5
7,350,21.000000,42.000000,2,0,24241334,789,2,789,2,0,52,5
7,350,21.000000,42.000000,2,0,24241337,789,2,789,2,0,52,5
7,350,21.000000,42.000000,2,0,24241340,789,2,789,2,0,52,5
7,350,21.000000,42.000000,2,0,24241342,789,2,789,2,0,52,5
7,350,21.000000,42.000000,2,0,24241345,789,2,789,2,0,52,5
7,350,21.000000,42.000000,2,0,24241348,789,2,789,2,0,52,5
7,350,21.000000,42.000000,2,0,24241351,789,2,789,2,0,52,5
7,350,21.000000,42.000000,2,0,24241353,789,2,789,2,0,52,5
7,350,21.000000,42.000000,2,0,24241356,789,2,789,2,0,52,5
7,350,21.000000,42.000000,2,0,24241359,789,2,789,2,0,52,5
7,350,21.000000,42.000000,2,0,24241362,789,2,789,2,0,52,5
7,350,21.000000,42.000000,2,0,24241365,789,2,789,2,0,52,5
7,350,21.000000,42.000000,2,0,24241368,789,2,789,2,0,52,5
7,350,21.000000,42.000000,2,0,24241370,789,2,789,2,0,52,5
7,350,21.000000,42.000000,2,0,24241373,789,2,789,2,0,52,5
7,350,21.000000,42.000000,2,0,24241376,789,2,789,2,0,52,5
7,350,21.000000,42.000000,2,0,24241379,789,3,789,3,0,52,5
7,350,21.000000,42.000000,2,0,24241381,789,5,789,5,0,52,5
7,350,21.000000,42.000000,2,0,24241384,789,7,789,7,0,52,5
7,350,21.000000,42.000000,2,0,24241387,790,9,790,9,0,52,5
7,350,21.000000,42.000000,2,0,24241390,790,10,790,10,0,52,5
7,350,21.000000,42.000000,2,0,24241393,790,11,790,11,0,52,5
7,350,21.000000,42.000000,2,0,24241395,791,11,791,11,0,52,5
7,350,21.000000,42.000000,2,0,24241398,792,14,792,14,0,52,5
7,350,21.000000,42.000000,2,0,24241400,793,14,793,14,0,52,5
7,350,21.000000,42.000000,2,0,24241403,794,16,794,16,0,52,5
7,350,21.000000,42.000000,2,0,24241406,797,19,797,19,0,52,5
7,350,21.000000,42.000000,2,0,24241409,798,20,798,20,0,52,5
7,350,21.000000,42.000000,2,0,24241412,801,23,801,23,0,52,5
7,350,21.000000,42.000000,2,0,24241414,802,25,802,25,0,52,5
7,350,21.000000,42.000000,2,0,24241417,805,29,805,29,0,52,5
7,350,21.000000,42.000000,2,0,24241420,807,30,807,30,0,52,5
7,350,21.000000,42.000000,2,0,24241423,809,31,809,31,0,52,5
7,350,21.000000,42.000000,2,0,24241426,811,33,811,33,0,52,5
7,350,21.000000,42.000000,2,0,24241428,815,36,815,36,0,52,5
7,350,21.000000,42.000000,2,0,24241431,818,39,818,39,0,52,5
7,350,21.000000,42.000000,2,0,24241434,823,42,823,42,0,52,5
7,350,21.000000,42.000000,2,0,24241437,828,47,828,47,0,52,5
7,350,21.000000,42.000000,2,0,24241440,833,48,833,48,0,52,5
7,350,21.000000,42.000000,2,0,24241442,836,51,836,51,0,52,5
7,350,21.000000,42.000000,2,0,24241445,844,54,844,54,0,52,5
7,350,21.000000,42.000000,2,0,24241448,850,57,850,57,0,52,5
7,350,21.000000,42.000000,2,0,24241451,856,60,856,60,0,52,5
7,350,21.000000,42.000000,2,0,24241454,864,63,864,63,0,52,5
7,350,21.000000,42.000000,2,0,24241456,870,67,870,67,0,52,5
7,350,21.000000,42.000000,2,0,24241459,878,68,878,68,0,52,5
7,350,21.000000,42.000000,2,0,24241462,886,71,886,71,0,52,5
7,350,21.000000,42.000000,2,0,24241465,892,72,892,72,0,52,5
7,350,21.000000,42.000000,2,0,24241468,900,75,900,75,0,52,5
7,350,21.000000,42.000000,2,0,24241470,909,77,909,77,0,52,5
7,350,21.000000,42.000000,2,0,24241473,917,79,917,79,0,52,5
7,350,21.000000,42.000000,2,0,24241476,923,81,923,81,0,52,5
7,350,21.000000,42.000000,2,0,24241479,932,83,932,83,0,52,5
7,350,21.000000,42.000000,2,0,24241481,941,84,941,84,0,52,5
7,350,21.000000,42.000000,2,0,24241484,949,86,949,86,0,52,5
7,350,21.000000,42.000000,2,0,24241487,956,88,956,88,0,52,5
7,350,21.000000,42.000000,2,0,24241490,964,88,964,88,0,52,5
7,350,21.000000,42.000000,2,0,24241492,974,90,974,90,0,52,5
7,350,21.000000,42.000000,2,0,24241495,983,91,983,91,0,52,5
7,350,21.000000,42.000000,2,0,24241498,989,92,989,92,0,52,5
7,350,21.000000,42.000000,2,0,24241501,1003,93,1003,93,0,52,5
7,350,21.000000,42.000000,2,0,24241503,1009,93,1009,93,0,52,5
7,350,21.000000,42.000000,2,0,24241506,1018,94,1018,94,0,52,5
7,350,21.000000,42.000000,2,0,24241509,1024,94,1024,94,0,52,5
7,350,21.000000,42.000000,2,0,24241512,1032,94,1032,94,0,52,5
7,350,21.000000,42.000000,2,0,24241515,1036,94,1036,94,0,52,5
7,350,21.000000,42.000000,2,0,24241517,1044,94,1044,94,0,52,5
7,350,21.000000,42.000000,2,0,24241520,1050,94,1050,94,0,52,5
7,350,21.000000,42.000000,2,0,24241523,1056,94,1056,94,0,52,5
7,350,21.000000,42.000000,2,0,24241526,1061,94,1061,94,0,52,5
7,350,21.000000,42.000000,2,0,24241529,1067,94,1067,94,0,52,5
7,350,21.000000,42.000000,2,0,24241531,1072,94,1072,94,0,52,5
7,350,21.000000,42.000000,2,0,24241534,1074,94,1074,94,0,52,5
7,350,21.000000,42.000000,2,0,24241537,1080,94,1080,94,0,52,5
7,350,21.000000,42.000000,2,0,24241540,1083,94,1083,94,0,52,5
7,350,21.000000,42.000000,2,0,24241543,1088,94,1088,94,0,52,5
7,350,21.000000,42.000000,2,0,24241545,1091,93,1091,93,0,52,5
7,350,21.000000,42.000000,2,0,24241548,1094,91,1094,91,0,52,5
7,350,21.000000,42.000000,2,0,24241551,1096,89,1096,89,0,52,5
7,350,21.000000,42.000000,2,0,24241554,1099,88,1099,88,0,52,5
7,350,21.000000,42.000000,2,0,24241556,1100,88,1100,88,0,52,5
7,350,21.000000,42.000000,2,0,24241559,1102,86,1102,86,0,52,5
7,350,21.000000,42.000000,2,0,24241562,1104,85,1104,85,0,52,5
7,350,21.000000,42.000000,2,0,24241565,1106,84,1106,84,0,52,5
7,350,21.000000,42.000000,2,0,24241568,1107,84,1107,84,0,52,5
7,350,21.000000,42.000000,2,0,24241571,1108,83,1108,83,0,52,5
7,350,21.000000,42.000000,2,0,24241573,1109,82,1109,82,0,52,5
7,350,21.000000,42.000000,2,0,24241576,1110,81,1110,81,0,52,5
7,350,21.000000,42.000000,2,0,24241579,1110,80,1110,80,0,52,5
7,350,21.000000,42.000000,2,0,24241581,1111,80,1111,80,0,52,5
7,350,21.000000,42.000000,2,0,24241584,1111,78,1111,78,0,52,5
7,350,21.000000,42.000000,2,0,24241587,1111,76,1111,76,0,52,5
7,350,21.000000,42.000000,2,0,24241590,1112,75,1112,75,0,52,5
7,350,21.000000,42.000000,2,0,24241592,1112,74,1112,74,0,52,5
7,350,21.000000,42.000000,2,0,24241595,1112,73,1112,73,0,52,5
7,350,21.000000,42.000000,2,0,24241598,1112,72,1112,72,0,52,5
7,350,21.000000,42.000000,2,0,24241601,1112,71,1112,71,0,52,5
7,350,21.000000,42.000000,2,0,24241604,1113,69,1113,69,0,52,5
7,350,21.000000,42.000000,2,0,24241606,1113,68,1113,68,0,52,5
7,350,21.000000,42.000000,2,0,24241609,1113,67,1113,67,0,52,5
7,350,21.000000,42.000000,2,0,24241612,1113,66,1113,66,0,52,5
7,350,21.000000,42.000000,2,0,24241615,1113,64,1113,64,0,52,5
7,350,21.000000,42.000000,2,0,24241617,1114,63,1114,63,0,52,5
7,350,21.000000,42.000000,2,0,24241621,1114,61,1114,61,0,52,5
7,350,21.000000,42.000000,2,0,24241623,1114,60,1114,60,0,52,5
7,350,21.000000,42.000000,2,0,24241626,1115,58,1115,58,0,52,5
7,350,21.000000,42.000000,2,0,24241629,1115,57,1115,57,0,52,5
7,350,21.000000,42.000000,2,0,24241631,1115,55,1115,55,0,52,5
7,350,21.000000,42.000000,2,0,24241634,1115,53,1115,53,0,52,5
7,350,21.000000,42.000000,2,0,24241637,1115,52,1115,52,0,52,5
7,350,21.000000,42.000000,2,0,24241640,1116,50,1116,50,0,52,5
7,350,21.000000,42.000000,2,0,24241643,1117,49,1117,49,0,52,5
7,350,21.000000,42.000000,2,0,24241645,1117,48,1117,48,0,52,5
7,350,21.000000,42.000000,2,0,24241648,1117,46,1117,46,0,52,5
7,350,21.000000,42.000000,2,0,24241651,1118,45,1118,45,0,52,5
7,350,21.000000,42.000000,2,0,24241654,1118,42,1118,42,0,52,5
7,350,21.000000,42.000000,2,0,24241656,1118,41,1118,41,0,52,5
7,350,21.000000,42.000000,2,0,24241659,1118,39,1118,39,0,52,5
7,350,21.000000,42.000000,2,0,24241662,1118,38,1118,38,0,52,5
7,350,21.000000,42.000000,2,0,24241665,1118,35,1118,35,0,52,5
7,350,21.000000,42.000000,2,0,24241668,1119,34,1119,34,0,52,5
7,350,21.000000,42.000000,2,0,24241670,1119,31,1119,31,0,52,5
7,350,21.000000,42.000000,2,0,24241673,1120,28,1120,28,0,52,5
7,350,21.000000,42.000000,2,0,24241676,1120,27,1120,27,0,52,5
7,350,21.000000,42.000000,2,0,24241679,1120,26,1120,26,0,52,5
7,350,21.000000,42.000000,2,0,24241681,1120,24,1120,24,0,52,5
7,350,21.000000,42.000000,2,0,24241684,1120,22,1120,22,0,52,5
7,350,21.000000,42.000000,2,0,24241687,1120,21,1120,21,0,52,5
7,350,21.000000,42.000000,2,0,24241690,1120,19,1120,19,0,52,5
7,350,21.000000,42.000000,2,0,24241692,1120,18,1120,18,0,52,5
7,350,21.000000,42.000000,2,0,24241695,1120,17,1120,17,0,52,5
7,350,21.000000,42.000000,2,0,24241698,1120,16,1120,16,0,52,5
7,350,21.000000,42.000000,2,0,24241701,1121,14,1121,14,0,52,5
7,350,21.000000,42.000000,2,0,24241704,1121,12,1121,12,0,52,5
7,350,21.000000,42.000000,2,0,24241706,1121,10,1121,10,0,52,5
7,350,21.000000,42.000000,2,0,24241709,1121,8,1121,8,0,52,5
7,350,21.000000,42.000000,2,0,24241712,1121,6,1121,6,0,52,5
7,350,21.000000,42.000000,2,0,24241715,1121,4,1121,4,0,52,5
7,350,21.000000,42.000000,2,0,24241718,1121,3,1121,3,0,52,5
7,350,21.000000,42.000000,2,0,24241720,1121,2,1121,2,0,52,5
7,350,21.000000,42.000000,2,0,24241723,1121,1,1121,1,0,52,5
7,350,21.000000,42.000000,2,0,24241726,1121,0,1121,0,0,52,5
7,350,21.000000,42.000000,2,0,24241729,1121,0,1121,-1,0,52,5
7,350,21.000000,42.000000,2,0,24241732,1121,0,1121,-3,0,52,5
7,350,21.000000,42.000000,2,0,24241734,1121,0,1121,-4,0,52,5
7,350,21.000000,42.000000,2,0,24241737,1121,0,1121,-6,0,52,5
7,350,21.000000,42.000000,2,0,24241740,1121,0,1121,-8,0,52,5
7,350,21.000000,42.000000,2,0,24241743,1121,0,1121,-8,0,52,5
7,350,21.000000,42.000000,2,0,24241745,1121,0,1121,-10,0,52,5
7,350,21.000000,42.000000,2,0,24241748,1121,0,1121,-11,0,52,5
7,350,21.000000,42.000000,2,0,24241751,1121,0,1121,-12,0,52,5
7,350,21.000000,42.000000,2,0,24241754,1121,0,1121,-12,0,52,5
7,350,21.000000,42.000000,2,0,24241756,1121,0,1121,-12,0,52,5
7,350,21.000000,42.000000,2,0,24241759,1121,0,1121,-13,0,52,5
7,350,21.000000,42.000000,2,0,24241762,1121,0,1121,-14,0,52,5
7,350,21.000000,42.000000,2,0,24241765,1121,0,1121,-15,0,52,5
7,350,21.000000,42.000000,2,0,24241768,1121,0,1121,-16,0,52,5
7,350,21.000000,42.000000,2,0,24241770,1121,0,1121,-16,0,52,5
7,350,21.000000,42.000000,2,0,24241773,1121,0,1121,-17,0,52,5
7,350,21.000000,42.000000,2,0,24241776,1121,0,1121,-17,0,52,5
7,350,21.000000,42.000000,2,0,24241779,1121,0,1121,-17,0,52,5
7,350,21.000000,42.000000,2,0,24241782,1121,0,1121,-17,0,52,5
7,350,21.000000,42.000000,2,0,24241784,1121,0,1121,-18,0,52,5
7,350,21.000000,42.000000,2,0,24241787,1121,0,1121,-19,0,52,5
7,350,21.000000,42.000000,2,0,24241790,1121,0,1121,-19,0,52,5
7,350,21.000000,42.000000,2,0,24241793,1121,0,1121,-19,0,52,5
7,350,21.000000,42.000000,2,0,24241796,1121,0,1121,-19,0,52,5
7,350,21.000000,42.000000,2,0,24241798,1121,0,1121,-19,0,52,5
7,350,21.000000,42.000000,2,0,24241801,1121,0,1121,-19,0,52,5
7,350,21.000000,42.000000,2,0,24241804,1121,0,1121,-19,0,52,5
7,350,21.000000,42.000000,2,0,24241807,1121,0,1121,-19,0,52,5
7,350,21.000000,42.000000,2,0,24241810,1121,0,1121,-19,0,52,5
7,350,21.000000,42.000000,2,0,24241812,1121,0,1121,-19,0,52,5
7,350,21.000000,42.000000,2,0,24241815,1121,0,1121,-19,0,52,5
7,350,21.000000,42.000000,2,0,24241817,1121,0,1121,-19,0,52,5
7,350,21.000000,42.000000,2,0,24241820,1121,0,1121,-19,0,52,5
7,350,21.000000,42.000000,2,0,24241823,1121,0,1121,-19,0,52,5
7,350,21.000000,42.000000,2,0,24241826,1121,0,1121,-19,0,52,5
7,350,21.000000,42.000000,2,0,24241829,1121,0,1121,-19,0,52,5
7,350,21.000000,42.000000,2,0,24241831,1121,0,1121,-19,0,52,5
7,350,21.000000,42.000000,2,0,24241834,1121,0,1121,-19,0,52,5
7,350,21.000000,42.000000,2,0,24241837,1121,0,1121,-19,0,52,5
7,350,21.000000,42.000000,2,0,24241840,1121,0,1121,-19,0,52,5
7,350,21.000000,42.000000,2,0,24241843,1121,0,1121,-19,0,52,5
7,350,21.000000,42.000000,2,0,24241845,1121,0,1121,-19,0,52,5
7,350,21.000000,42.000000,2,0,24241848,1121,0,1121,-19,0,52,5
7,350,21.000000,42.000000,2,0,24241851,1121,0,1121,-19,0,52,5
7,350,21.000000,42.000000,2,0,24241854,1121,0,1121,-19,0,52,5
7,350,21.000000,42.000000,2,0,24241857,1121,0,1121,-19,0,52,5
7,350,21.000000,42.000000,2,0,24241859,1121,0,1121,-19,0,52,5
7,350,21.000000,42.000000,2,0,24241862,1121,0,1121,-19,0,52,5
7,350,21.000000,42.000000,2,0,24241865,1121,0,1121,-19,0,52,5
7,350,21.000000,42.000000,2,0,24241868,1121,0,1121,-19,0,52,5
7,350,21.000000,42.000000,2,0,24241871,1121,0,1121,-19,0,52,5
7,350,21.000000,42.000000,2,0,24241873,1121,0,1121,-19,0,52,5
7,350,21.000000,42.000000,2,0,24241876,1121,0,1121,-19,0,52,5
7,350,21.000000,42.000000,2,0,24241879,1121,0,1121,-19,0,52,5
7,350,21.000000,42.000000,2,0,24241882,1121,0,1121,-19,0,52,5
7,350,21.000000,42.000000,2,0,24241885,1121,0,1121,-19,0,52,5
7,350,21.000000,42.000000,2,0,24241887,1121,0,1121,-19,0,52,5
7,350,21.000000,42.000000,2,0,24241890,1121,0,1121,-19,0,52,5
7,350,21.000000,42.000000,2,0,24241892,1121,0,1121,-19,0,52,5
7,350,21.000000,42.000000,2,0,24241895,1121,0,1121,-19,0,52,5
7,350,21.000000,42.000000,2,0,24241898,1121,0,1121,-19,0,52,5
7,350,21.000000,42.000000,2,0,24241901,1121,0,1121,-19,0,52,5
7,350,21.000000,42.000000,2,0,24241904,1121,0,1121,-19,0,52,5
7,350,21.000000,42.000000,2,0,24241907,1121,0,1121,-19,0,52,5
7,350,21.000000,42.000000,2,0,24241910,1121,0,1121,-19,0,52,5
7,350,21.000000,42.000000,2,0,24241912,1121,0,1121,-19,0,52,5
7,350,21.000000,42.000000,2,0,24241915,1121,0,1121,-19,0,52,5
7,350,21.000000,42.000000,2,0,24241918,1121,0,1121,-19,0,52,5
7,350,21.000000,42.000000,2,0,24241921,1121,0,1121,-19,0,52,5
7,350,21.000000,42.000000,2,0,24241923,1121,0,1121,-19,0,52,5
7,350,21.000000,42.000000,2,0,24241926,1121,0,1121,-19,0,52,5
7,350,21.000000,42.000000,2,0,24241929,1121,0,1121,-19,0,52,5
7,350,21.000000,42.000000,2,0,24241932,1121,0,1121,-19,0,52,5
7,350,21.000000,42.000000,2,0,24241934,1121,0,1121,-19,0,52,5
7,350,21.000000,42.000000,2,0,24241937,1121,0,1121,-19,0,52,5
7,350,21.000000,42.000000,2,0,24241940,1122,0,1122,-19,0,52,5
7,350,21.000000,42.000000,2,0,24241942,1123,0,1123,-19,0,52,5
7,350,21.000000,42.000000,2,0,24241945,1123,0,1123,-19,0,52,5
7,350,21.000000,42.000000,2,0,24241948,1123,0,1123,-19,0,52,5
7,350,21.000000,42.000000,2,0,24241951,1124,0,1124,-19,0,52,5
7,350,21.000000,42.000000,2,0,24241954,1124,0,1124,-20,0,52,5
7,350,21.000000,42.000000,2,0,24241957,1124,0,1124,-21,0,52,5
7,350,21.000000,42.000000,2,0,24241959,1124,0,1124,-21,0,52,5
7,350,21.000000,42.000000,2,0,24241962,1124,0,1124,-21,0,52,5
7,350,21.000000,42.000000,2,0,24241965,1125,0,1125,-21,0,52,5
7,350,21.000000,42.000000,2,0,24241968,1126,0,1126,-21,0,52,5
7,350,21.000000,42.000000,2,0,24241970,1126,0,1126,-21,0,52,5
7,350,21.000000,42.000000,2,0,24241973,1127,0,1127,-22,0,52,5
7,350,21.000000,42.000000,2,0,24241976,1127,0,1127,-22,0,52,5
7,350,21.000000,42.000000,2,0,24241979,1127,0,1127,-22,0,52,5
7,350,21.000000,42.000000,2,0,24241982,1128,0,1128,-22,0,52,5
7,350,21.000000,42.000000,2,0,24241984,1129,0,1129,-22,0,52,5
7,350,21.000000,42.000000,2,0,24241987,1129,0,1129,-22,0,52,5
7,350,21.000000,42.000000,2,0,24241990,1129,0,1129,-22,0,52,5
7,350,21.000000,42.000000,2,0,24241993,1129,0,1129,-22,0,52,5
7,350,21.000000,42.000000,2,0,24241996,1129,0,1129,-22,0,52,5
7,350,21.000000,42.000000,2,0,24241998,1129,0,1129,-22,0,52,5
7,350,21.000000,42.000000,2,0,24242001,1129,0,1129,-23,0,52,5
7,350,21.000000,42.000000,2,0,24242004,1129,0,1129,-24,0,52,5
7,350,21.000000,42.000000,2,0,24242007,1129,0,1129,-24,0,52,5
7,350,21.000000,42.000000,2,0,24242010,1129,0,1129,-24,0,52,5
7,350,21.000000,42.000000,2,0,24242012,1129,0,1129,-24,0,52,5
7,350,21.000000,42.000000,2,0,24242015,1129,0,1129,-24,0,52,5
7,350,21.000000,42.000000,2,0,24242018,1129,0,1129,-24,0,52,5
7,350,21.000000,42.000000,2,0,24242021,1129,0,1129,-24,0,52,5
7,350,21.000000,42.000000,2,0,24242023,1129,0,1129,-25,0,52,5
7,350,21.000000,42.000000,2,0,24242026,1129,0,1129,-26,0,52,5
7,350,21.000000,42.000000,2,0,24242029,1129,0,1129,-26,0,52,5
7,350,21.000000,42.000000,2,0,24242032,1129,0,1129,-26,0,52,5
7,350,21.000000,42.000000,2,0,24242035,1129,0,1129,-26,0,52,5
7,350,21.000000,42.000000,2,0,24242037,1129,0,1129,-26,0,52,5
7,350,21.000000,42.000000,2,0,24242040,1129,0,1129,-26,0,52,5
7,350,21.000000,42.000000,2,0,24242043,1129,0,1129,-26,0,52,5
7,350,21.000000,42.000000,2,0,24242045,1129,0,1129,-26,0,52,5
7,350,21.000000,42.000000,2,0,24242048,1129,0,1129,-26,0,52,5
7,350,21.000000,42.000000,2,0,24242051,1129,0,1129,-26,0,52,5
7,350,21.000000,42.000000,2,0,24242054,1129,0,1129,-26,0,52,5
7,350,21.000000,42.000000,2,0,24242057,1129,0,1129,-26,0,52,5
7,350,21.000000,42.000000,2,0,24242059,1129,0,1129,-26,0,52,5
7,350,21.000000,42.000000,2,0,24242062,1129,0,1129,-26,0,52,5
7,350,21.000000,42.000000,2,0,24242065,1129,0,1129,-26,0,52,5
7,350,21.000000,42.000000,2,0,24242068,1129,0,1129,-26,0,52,5
7,350,21.000000,42.000000,2,0,24242071,1129,0,1129,-26,0,52,5
7,350,21.000000,42.000000,2,0,24242073,1129,0,1129,-26,0,52,5
7,350,21.000000,42.000000,2,0,24242076,1129,0,1129,-26,0,52,5
7,350,21.000000,42.000000,2,0,24242079,1129,0,1129,-26,0,52,5
7,350,21.000000,42.000000,2,0,24242082,1129,0,1129,-26,0,52,5
7,350,21.000000,42.000000,2,0,24242085,1129,0,1129,-26,0,52,5
7,350,21.000000,42.000000,2,0,24242087,1129,0,1129,-26,0,52,5
7,350,21.000000,42.000000,2,0,24242101,1129,0,1129,-26,0,52,5
