7,350,21.000000,10000.000000,1,0,22815079,788,0,788,0,0,6,0
7,350,21.000000,10000.000000,1,0,22815079,788,0,788,0,0,6,0
7,350,21.000000,10000.000000,1,0,22815082,788,0,788,0,0,6,0
7,350,21.000000,10000.000000,1,0,22815085,788,0,788,0,0,6,0
7,350,21.000000,10000.000000,1,0,22815088,788,0,788,0,0,6,0
7,350,21.000000,10000.000000,1,0,22815091,788,0,788,0,0,6,0
7,350,21.000000,10000.000000,1,0,22815093,788,0,788,0,0,6,0
7,350,21.000000,10000.000000,1,0,22815096,788,0,788,0,0,6,0
7,350,21.000000,10000.000000,1,0,22815099,788,0,788,0,0,6,0
7,350,21.000000,10000.000000,1,0,22815102,788,0,788,0,0,6,0
7,350,21.000000,10000.000000,1,0,22815105,788,0,788,0,0,6,0
7,350,21.000000,10000.000000,1,0,22815107,788,0,788,0,0,6,0
7,350,21.000000,10000.000000,1,0,22815110,788,0,788,0,0,6,0
7,350,21.000000,10000.000000,1,0,22815113,788,0,788,0,0,6,0
7,350,21.000000,10000.000000,1,0,22815115,788,0,788,0,0,6,0
7,350,21.000000,10000.000000,1,0,22815118,788,0,788,0,0,6,0
7,350,21.000000,10000.000000,1,0,22815121,788,0,788,0,0,6,0
7,350,21.000000,10000.000000,1,0,22815123,788,0,788,0,0,6,0
7,350,21.000000,10000.000000,1,0,22815126,788,0,788,0,0,6,0
7,350,21.000000,10000.000000,1,0,22815129,788,0,788,0,0,6,0
7,350,21.000000,10000.000000,1,0,22815132,788,0,788,0,0,6,0
7,350,21.000000,10000.000000,1,0,22815135,788,0,788,0,0,6,0
7,350,21.000000,10000.000000,1,0,22815137,788,0,788,0,0,6,0
7,350,21.000000,10000.000000,1,0,22815140,788,0,788,0,0,6,0
7,350,21.000000,10000.000000,1,0,22815143,788,0,788,0,0,6,0
7,350,21.000000,10000.000000,1,0,22815146,788,0,788,0,0,6,0
7,350,21.000000,10000.000000,1,0,22815148,788,0,788,0,0,6,0
7,350,21.000000,10000.000000,1,0,22815151,788,0,788,0,0,6,0
7,350,21.000000,10000.000000,1,0,22815154,788,0,788,0,0,6,0
7,350,21.000000,10000.000000,1,0,22815157,788,0,788,0,0,6,0
7,350,21.000000,10000.000000,1,0,22815160,788,0,788,0,0,6,0
7,350,21.000000,10000.000000,1,0,22815163,788,0,788,0,0,6,0
7,350,21.000000,10000.000000,1,0,22815165,788,0,788,0,0,6,0
7,350,21.000000,10000.000000,1,0,22815168,789,0,789,0,0,6,0
7,350,21.000000,10000.000000,1,0,22815171,790,0,790,0,0,6,0
7,350,21.000000,10000.000000,1,0,22815174,791,0,791,0,0,6,0
7,350,21.000000,10000.000000,1,0,22815177,792,0,792,0,0,6,0
7,350,21.000000,10000.000000,1,0,22815179,794,0,794,0,0,6,0
7,350,21.000000,10000.000000,1,0,22815182,795,0,795,0,0,6,0
7,350,21.000000,10000.000000,1,0,22815185,796,0,796,0,0,6,0
7,350,21.000000,10000.000000,1,0,22815187,797,0,797,0,0,6,0
7,350,21.000000,10000.000000,1,0,22815190,799,0,799,0,0,6,0
7,350,21.000000,10000.000000,1,0,22815193,801,0,801,0,0,6,0
7,350,21.000000,10000.000000,1,0,22815196,802,0,802,0,0,6,0
7,350,21.000000,10000.000000,1,0,22815199,805,0,805,0,0,6,0
7,350,21.000000,10000.000000,1,0,22815202,807,0,807,0,0,6,0
7,350,21.000000,10000.000000,1,0,22815204,808,0,808,0,0,6,0
7,350,21.000000,10000.000000,1,0,22815207,812,0,812,-1,0,6,0
7,350,21.000000,10000.000000,1,0,22815210,816,0,816,-1,0,6,0
7,350,21.000000,10000.000000,1,0,22815213,821,0,821,-1,0,6,0
7,350,21.000000,10000.000000,1,0,22815215,823,0,823,-2,0,6,0
7,350,21.000000,10000.000000,1,0,22815218,826,0,826,-2,0,6,0
7,350,21.000000,10000.000000,1,0,22815221,829,0,829,-2,0,6,0
7,350,21.000000,10000.000000,1,0,22815224,832,0,832,-5,0,6,0
7,350,21.000000,10000.000000,1,0,22815227,835,0,835,-5,0,6,0
7,350,21.000000,10000.000000,1,0,22815230,838,0,838,-5,0,6,0
7,350,21.000000,10000.000000,1,0,22815232,842,0,842,-6,0,6,0
7,350,21.000000,10000.000000,1,0,22815235,847,0,847,-6,0,6,0
7,350,21.000000,10000.000000,1,0,22815238,851,0,851,-6,0,6,0
7,350,21.000000,10000.000000,1,0,22815241,855,0,855,-6,0,6,0
7,350,21.000000,10000.000000,1,0,22815243,859,0,859,-6,0,6,0
7,350,21.000000,10000.000000,1,0,22815246,865,0,865,-6,0,6,0
7,350,21.000000,10000.000000,1,0,22815249,868,0,868,-6,0,6,0
7,350,21.000000,10000.000000,1,0,22815252,872,0,872,-6,0,6,0
7,350,21.000000,10000.000000,1,0,22815254,879,0,879,-7,0,6,0
7,350,21.000000,10000.000000,1,0,22815257,883,0,883,-7,0,6,0
7,350,21.000000,10000.000000,1,0,22815260,888,0,888,-8,0,6,0
7,350,21.000000,10000.000000,1,0,22815263,893,0,893,-8,0,6,0
7,350,21.000000,10000.000000,1,0,22815265,901,0,901,-8,0,6,0
7,350,21.000000,10000.000000,1,0,22815268,908,0,908,-8,0,6,0
7,350,21.000000,10000.000000,1,0,22815271,913,0,913,-8,0,6,0
7,350,21.000000,10000.000000,1,0,22815274,921,0,921,-8,0,6,0
7,350,21.000000,10000.000000,1,0,22815276,925,0,925,-8,0,6,0
7,350,21.000000,10000.000000,1,0,22815279,931,0,931,-8,0,6,0
7,350,21.000000,10000.000000,1,0,22815282,940,0,940,-8,0,6,0
7,350,21.000000,10000.000000,1,0,22815285,946,0,946,-8,0,6,0
7,350,21.000000,10000.000000,1,0,22815288,951,0,951,-8,0,6,0
7,350,21.000000,10000.000000,1,0,22815291,957,0,957,-8,0,6,0
7,350,21.000000,10000.000000,1,0,22815293,964,0,964,-8,0,6,0
7,350,21.000000,10000.000000,1,0,22815296,971,0,971,-8,0,6,0
7,350,21.000000,10000.000000,1,0,22815299,978,0,978,-8,0,6,0
7,350,21.000000,10000.000000,1,0,22815302,983,0,983,-8,0,6,0
7,350,21.000000,10000.000000,1,0,22815305,989,0,989,-8,0,6,0
7,350,21.000000,10000.000000,1,0,22815307,994,0,994,-8,0,6,0
7,350,21.000000,10000.000000,1,0,22815310,999,0,999,-8,0,6,0
7,350,21.000000,10000.000000,1,0,22815313,1002,0,1002,-8,0,6,0
7,350,21.000000,10000.000000,1,0,22815315,1006,0,1006,-8,0,6,0
7,350,21.000000,10000.000000,1,0,22815318,1010,0,1010,-8,0,6,0
7,350,21.000000,10000.000000,1,0,22815321,1015,0,1015,-8,0,6,0
7,350,21.000000,10000.000000,1,0,22815324,1018,0,1018,-8,0,6,0
7,350,21.000000,10000.000000,1,0,22815327,1023,0,1023,-8,0,6,0
7,350,21.000000,10000.000000,1,0,22815329,1027,0,1027,-8,0,6,0
7,350,21.000000,10000.000000,1,0,22815332,1030,0,1030,-8,0,6,0
7,350,21.000000,10000.000000,1,0,22815335,1032,0,1032,-8,0,6,0
7,350,21.000000,10000.000000,1,0,22815338,1038,0,1038,-8,0,6,0
7,350,21.000000,10000.000000,1,0,22815341,1041,0,1041,-8,0,6,0
7,350,21.000000,10000.000000,1,0,22815343,1044,0,1044,-8,0,6,0
7,350,21.000000,10000.000000,1,0,22815346,1046,0,1046,-8,0,6,0
7,350,21.000000,10000.000000,1,0,22815349,1048,0,1048,-8,0,6,0
7,350,21.000000,10000.000000,1,0,22815351,1049,0,1049,-8,0,6,0
7,350,21.000000,10000.000000,1,0,22815354,1050,0,1050,-8,0,6,0
7,350,21.000000,10000.000000,1,0,22815357,1052,0,1052,-8,0,6,0
7,350,21.000000,10000.000000,1,0,22815360,1054,0,1054,-8,0,6,0
7,350,21.000000,10000.000000,1,0,22815363,1055,0,1055,-8,0,6,0
7,350,21.000000,10000.000000,1,0,22815365,1057,0,1057,-8,0,6,0
7,350,21.000000,10000.000000,1,0,22815368,1059,0,1059,-8,0,6,0
7,350,21.000000,10000.000000,1,0,22815371,1061,0,1061,-8,0,6,0
7,350,21.000000,10000.000000,1,0,22815374,1062,0,1062,-8,0,6,0
7,350,21.000000,10000.000000,1,0,22815376,1064,0,1064,-8,0,6,0
7,350,21.000000,10000.000000,1,0,22815379,1065,0,1065,-8,0,6,0
7,350,21.000000,10000.000000,1,0,22815382,1067,0,1067,-8,0,6,0
7,350,21.000000,10000.000000,1,0,22815385,1069,0,1069,-8,0,6,0
7,350,21.000000,10000.000000,1,0,22815388,1072,0,1072,-8,0,6,0
7,350,21.000000,10000.000000,1,0,22815390,1074,0,1074,-8,0,6,0
7,350,21.000000,10000.000000,1,0,22815393,1075,0,1075,-8,0,6,0
7,350,21.000000,10000.000000,1,0,22815396,1076,0,1076,-8,0,6,0
7,350,21.000000,10000.000000,1,0,22815399,1077,0,1077,-8,0,6,0
7,350,21.000000,10000.000000,1,0,22815402,1078,0,1078,-8,0,6,0
7,350,21.000000,10000.000000,1,0,22815404,1081,0,1081,-8,0,6,0
7,350,21.000000,10000.000000,1,0,22815407,1082,0,1082,-8,0,6,0
7,350,21.000000,10000.000000,1,0,22815410,1084,0,1084,-8,0,6,0
7,350,21.000000,10000.000000,1,0,22815413,1085,0,1085,-8,0,6,0
7,350,21.000000,10000.000000,1,0,22815415,1086,0,1086,-8,0,6,0
7,350,21.000000,10000.000000,1,0,22815418,1088,0,1088,-8,0,6,0
7,350,21.000000,10000.000000,1,0,22815421,1089,0,1089,-8,0,6,0
7,350,21.000000,10000.000000,1,0,22815424,1090,0,1090,-8,0,6,0
7,350,21.000000,10000.000000,1,0,22815427,1091,0,1091,-8,0,6,0
7,350,21.000000,10000.000000,1,0,22815429,1092,0,1092,-8,0,6,0
7,350,21.000000,10000.000000,1,0,22815432,1094,0,1094,-8,0,6,0
7,350,21.000000,10000.000000,1,0,22815435,1094,0,1094,-9,0,6,0
7,350,21.000000,10000.000000,1,0,22815438,1095,0,1095,-9,0,6,0
7,350,21.000000,10000.000000,1,0,22815440,1096,0,1096,-9,0,6,0
7,350,21.000000,10000.000000,1,0,22815444,1096,0,1096,-9,0,6,0
7,350,21.000000,10000.000000,1,0,22815446,1096,0,1096,-9,0,6,0
7,350,21.000000,10000.000000,1,0,22815449,1096,0,1096,-9,0,6,0
7,350,21.000000,10000.000000,1,0,22815452,1096,0,1096,-9,0,6,0
7,350,21.000000,10000.000000,1,0,22815454,1097,0,1097,-9,0,6,0
7,350,21.000000,10000.000000,1,0,22815457,1097,0,1097,-9,0,6,0
7,350,21.000000,10000.000000,1,0,22815460,1098,0,1098,-9,0,6,0
7,350,21.000000,10000.000000,1,0,22815463,1098,0,1098,-9,0,6,0
7,350,21.000000,10000.000000,1,0,22815465,1098,0,1098,-9,0,6,0
7,350,21.000000,10000.000000,1,0,22815469,1098,0,1098,-9,0,6,0
7,350,21.000000,10000.000000,1,0,22815471,1098,0,1098,-9,0,6,0
7,350,21.000000,10000.000000,1,0,22815474,1098,0,1098,-9,0,6,0
7,350,21.000000,10000.000000,1,0,22815477,1099,0,1099,-9,0,6,0
7,350,21.000000,10000.000000,1,0,22815479,1100,0,1100,-9,0,6,0
7,350,21.000000,10000.000000,1,0,22815482,1100,0,1100,-9,0,6,0
7,350,21.000000,10000.000000,1,0,22815485,1101,0,1101,-9,0,6,0
7,350,21.000000,10000.000000,1,0,22815488,1102,0,1102,-9,0,6,0
7,350,21.000000,10000.000000,1,0,22815491,1103,0,1103,-9,0,6,0
7,350,21.000000,10000.000000,1,0,22815493,1103,0,1103,-9,0,6,0
7,350,21.000000,10000.000000,1,0,22815496,1103,0,1103,-9,0,6,0
7,350,21.000000,10000.000000,1,0,22815499,1103,0,1103,-9,0,6,0
7,350,21.000000,10000.000000,1,0,22815502,1103,0,1103,-9,0,6,0
7,350,21.000000,10000.000000,1,0,22815504,1103,0,1103,-9,0,6,0
7,350,21.000000,10000.000000,1,0,22815507,1103,0,1103,-9,0,6,0
7,350,21.000000,10000.000000,1,0,22815510,1104,0,1104,-9,0,6,0
7,350,21.000000,10000.000000,1,0,22815513,1105,0,1105,-9,0,6,0
7,350,21.000000,10000.000000,1,0,22815516,1106,0,1106,-9,0,6,0
7,350,21.000000,10000.000000,1,0,22815518,1107,0,1107,-9,0,6,0
7,350,21.000000,10000.000000,1,0,22815521,1107,0,1107,-9,0,6,0
7,350,21.000000,10000.000000,1,0,22815524,1108,0,1108,-9,0,6,0
7,350,21.000000,10000.000000,1,0,22815526,1109,0,1109,-9,0,6,0
7,350,21.000000,10000.000000,1,0,22815529,1110,0,1110,-9,0,6,0
7,350,21.000000,10000.000000,1,0,22815532,1110,0,1110,-9,0,6,0
7,350,21.000000,10000.000000,1,0,22815535,1111,0,1111,-9,0,6,0
7,350,21.000000,10000.000000,1,0,22815538,1112,0,1112,-9,0,6,0
7,350,21.000000,10000.000000,1,0,22815540,1112,0,1112,-9,0,6,0
7,350,21.000000,10000.000000,1,0,22815543,1112,0,1112,-9,0,6,0
7,350,21.000000,10000.000000,1,0,22815546,1112,0,1112,-9,0,6,0
7,350,21.000000,10000.000000,1,0,22815549,1112,0,1112,-9,0,6,0
7,350,21.000000,10000.000000,1,0,22815552,1112,0,1112,-9,0,6,0
7,350,21.000000,10000.000000,1,0,22815554,1112,0,1112,-9,0,6,0
7,350,21.000000,10000.000000,1,0,22815557,1112,0,1112,-9,0,6,0
7,350,21.000000,10000.000000,1,0,22815560,1112,0,1112,-9,0,6,0
7,350,21.000000,10000.000000,1,0,22815563,1112,0,1112,-9,0,6,0
7,350,21.000000,10000.000000,1,0,22815566,1112,0,1112,-9,0,6,0
7,350,21.000000,10000.000000,1,0,22815568,1112,0,1112,-9,0,6,0
7,350,21.000000,10000.000000,1,0,22815571,1112,0,1112,-9,0,6,0
7,350,21.000000,10000.000000,1,0,22815574,1112,0,1112,-9,0,6,0
7,350,21.000000,10000.000000,1,0,22815577,1112,0,1112,-9,0,6,0
7,350,21.000000,10000.000000,1,0,22815580,1112,0,1112,-9,0,6,0
7,350,21.000000,10000.000000,1,0,22815582,1112,0,1112,-9,0,6,0
7,350,21.000000,10000.000000,1,0,22815585,1112,0,1112,-9,0,6,0
7,350,21.000000,10000.000000,1,0,22815588,1112,0,1112,-9,0,6,0
7,350,21.000000,10000.000000,1,0,22815591,1112,0,1112,-9,0,6,0
7,350,21.000000,10000.000000,1,0,22815594,1113,0,1113,-10,0,6,0
7,350,21.000000,10000.000000,1,0,22815596,1114,0,1114,-11,0,6,0
7,350,21.000000,10000.000000,1,0,22815599,1114,0,1114,-11,0,6,0
7,350,21.000000,10000.000000,1,0,22815602,1114,0,1114,-11,0,6,0
7,350,21.000000,10000.000000,1,0,22815604,1114,0,1114,-11,0,6,0
7,350,21.000000,10000.000000,1,0,22815607,1115,0,1115,-11,0,6,0
7,350,21.000000,10000.000000,1,0,22815610,1116,0,1116,-12,0,6,0
7,350,21.000000,10000.000000,1,0,22815613,1116,0,1116,-12,0,6,0
7,350,21.000000,10000.000000,1,0,22815616,1117,0,1117,-12,0,6,0
7,350,21.000000,10000.000000,1,0,22815618,1118,0,1118,-12,0,6,0
7,350,21.000000,10000.000000,1,0,22815621,1119,0,1119,-12,0,6,0
7,350,21.000000,10000.000000,1,0,22815624,1120,0,1120,-13,0,6,0
7,350,21.000000,10000.000000,1,0,22815627,1121,0,1121,-13,0,6,0
7,350,21.000000,10000.000000,1,0,22815630,1122,0,1122,-13,0,6,0
7,350,21.000000,10000.000000,1,0,22815632,1123,0,1123,-13,0,6,0
7,350,21.000000,10000.000000,1,0,22815635,1124,0,1124,-13,0,6,0
7,350,21.000000,10000.000000,1,0,22815638,1125,0,1125,-13,0,6,0
7,350,21.000000,10000.000000,1,0,22815640,1126,0,1126,-13,0,6,0
7,350,21.000000,10000.000000,1,0,22815643,1128,0,1128,-13,0,6,0
7,350,21.000000,10000.000000,1,0,22815646,1130,0,1130,-14,0,6,0
7,350,21.000000,10000.000000,1,0,22815649,1131,0,1131,-14,0,6,0
7,350,21.000000,10000.000000,1,0,22815652,1133,0,1133,-14,0,6,0
7,350,21.000000,10000.000000,1,0,22815654,1133,0,1133,-14,0,6,0
7,350,21.000000,10000.000000,1,0,22815657,1133,0,1133,-14,0,6,0
7,350,21.000000,10000.000000,1,0,22815660,1133,0,1133,-14,0,6,0
7,350,21.000000,10000.000000,1,0,22815663,1133,0,1133,-14,0,6,0
7,350,21.000000,10000.000000,1,0,22815666,1133,0,1133,-14,0,6,0
7,350,21.000000,10000.000000,1,0,22815668,1134,0,1134,-14,0,6,0
7,350,21.000000,10000.000000,1,0,22815671,1135,0,1135,-14,0,6,0
7,350,21.000000,10000.000000,1,0,22815674,1135,0,1135,-14,0,6,0
7,350,21.000000,10000.000000,1,0,22815677,1135,0,1135,-14,0,6,0
7,350,21.000000,10000.000000,1,0,22815680,1135,0,1135,-14,0,6,0
7,350,21.000000,10000.000000,1,0,22815682,1135,0,1135,-14,0,6,0
7,350,21.000000,10000.000000,1,0,22815685,1135,0,1135,-14,0,6,0
7,350,21.000000,10000.000000,1,0,22815688,1135,0,1135,-14,0,6,0
7,350,21.000000,10000.000000,1,0,22815690,1135,0,1135,-14,0,6,0
7,350,21.000000,10000.000000,1,0,22815693,1135,0,1135,-14,0,6,0
7,350,21.000000,10000.000000,1,0,22815696,1135,0,1135,-14,0,6,0
7,350,21.000000,10000.000000,1,0,22815699,1135,0,1135,-14,0,6,0
7,350,21.000000,10000.000000,1,0,22815702,1136,0,1136,-14,0,6,0
7,350,21.000000,10000.000000,1,0,22815704,1137,0,1137,-14,0,6,0
7,350,21.000000,10000.000000,1,0,22815707,1137,0,1137,-14,0,6,0
7,350,21.000000,10000.000000,1,0,22815710,1137,0,1137,-14,0,6,0
7,350,21.000000,10000.000000,1,0,22815713,1137,0,1137,-14,0,6,0
7,350,21.000000,10000.000000,1,0,22815716,1137,0,1137,-14,0,6,0
7,350,21.000000,10000.000000,1,0,22815718,1137,0,1137,-14,0,6,0
7,350,21.000000,10000.000000,1,0,22815721,1137,0,1137,-14,0,6,0
7,350,21.000000,10000.000000,1,0,22815724,1137,0,1137,-14,0,6,0
7,350,21.000000,10000.000000,1,0,22815727,1137,0,1137,-14,0,6,0
7,350,21.000000,10000.000000,1,0,22815729,1137,0,1137,-14,0,6,0
7,350,21.000000,10000.000000,1,0,22815732,1137,0,1137,-14,0,6,0
7,350,21.000000,10000.000000,1,0,22815735,1137,0,1137,-14,0,6,0
7,350,21.000000,10000.000000,1,0,22815738,1137,0,1137,-15,0,6,0
7,350,21.000000,10000.000000,1,0,22815741,1137,0,1137,-15,0,6,0
7,350,21.000000,10000.000000,1,0,22815743,1137,0,1137,-15,0,6,0
7,350,21.000000,10000.000000,1,0,22815746,1137,0,1137,-15,0,6,0
7,350,21.000000,10000.000000,1,0,22815749,1137,0,1137,-15,0,6,0
7,350,21.000000,10000.000000,1,0,22815752,1137,0,1137,-15,0,6,0
7,350,21.000000,10000.000000,1,0,22815755,1137,0,1137,-15,0,6,0
7,350,21.000000,10000.000000,1,0,22815757,1137,0,1137,-15,0,6,0
7,350,21.000000,10000.000000,1,0,22815760,1137,0,1137,-15,0,6,0
7,350,21.000000,10000.000000,1,0,22815763,1137,0,1137,-15,0,6,0
7,350,21.000000,10000.000000,1,0,22815766,1138,0,1138,-15,0,6,0
7,350,21.000000,10000.000000,1,0,22815768,1138,0,1138,-15,0,6,0
7,350,21.000000,10000.000000,1,0,22815772,1138,0,1138,-15,0,6,0
7,350,21.000000,10000.000000,1,0,22815774,1138,0,1138,-15,0,6,0
7,350,21.000000,10000.000000,1,0,22815777,1138,0,1138,-15,0,6,0
7,350,21.000000,10000.000000,1,0,22815779,1138,0,1138,-15,0,6,0
7,350,21.000000,10000.000000,1,0,22815782,1138,0,1138,-15,0,6,0
7,350,21.000000,10000.000000,1,0,22815785,1138,0,1138,-15,0,6,0
7,350,21.000000,10000.000000,1,0,22815788,1138,0,1138,-15,0,6,0
7,350,21.000000,10000.000000,1,0,22815791,1138,0,1138,-15,0,6,0
7,350,21.000000,10000.000000,1,0,22815793,1138,0,1138,-15,0,6,0
7,350,21.000000,10000.000000,1,0,22815796,1138,0,1138,-15,0,6,0
7,350,21.000000,10000.000000,1,0,22815799,1138,0,1138,-15,0,6,0
7,350,21.000000,10000.000000,1,0,22815802,1138,0,1138,-15,0,6,0
7,350,21.000000,10000.000000,1,0,22815804,1138,0,1138,-15,0,6,0
7,350,21.000000,10000.000000,1,0,22815807,1138,0,1138,-15,0,6,0
7,350,21.000000,10000.000000,1,0,22815810,1138,0,1138,-15,0,6,0
7,350,21.000000,10000.000000,1,0,22815813,1138,0,1138,-15,0,6,0
7,350,21.000000,10000.000000,1,0,22815816,1138,0,1138,-15,0,6,0
7,350,21.000000,10000.000000,1,0,22815819,1138,0,1138,-15,0,6,0
7,350,21.000000,10000.000000,1,0,22815821,1138,0,1138,-15,0,6,0
7,350,21.000000,10000.000000,1,0,22815832,1138,0,1138,-15,0,6,0
