11,700,21.000000,10000.000000,0,0,170266275,602,0,602,0,0,19,6
11,700,21.000000,10000.000000,0,0,170266276,602,0,602,0,0,19,6
11,700,21.000000,10000.000000,0,0,170266279,602,0,602,0,0,19,6
11,700,21.000000,10000.000000,0,0,170266282,602,0,602,0,0,19,6
11,700,21.000000,10000.000000,0,0,170266285,602,0,602,0,0,19,6
11,700,21.000000,10000.000000,0,0,170266287,602,0,602,0,0,19,6
11,700,21.000000,10000.000000,0,0,170266290,602,0,602,0,0,19,6
11,700,21.000000,10000.000000,0,0,170266294,602,0,602,0,0,19,6
11,700,21.000000,10000.000000,0,0,170266298,602,0,602,0,0,19,6
11,700,21.000000,10000.000000,0,0,170266301,602,0,602,0,0,19,6
11,700,21.000000,10000.000000,0,0,170266304,602,0,602,0,0,19,6
11,700,21.000000,10000.000000,0,0,170266307,602,0,602,0,0,19,6
11,700,21.000000,10000.000000,0,0,170266310,602,0,602,0,0,19,6
11,700,21.000000,10000.000000,0,0,170266312,602,0,602,0,0,19,6
11,700,21.000000,10000.000000,0,0,170266315,602,0,602,0,0,19,6
11,700,21.000000,10000.000000,0,0,170266318,602,0,602,0,0,19,6
11,700,21.000000,10000.000000,0,0,170266321,602,0,602,0,0,19,6
11,700,21.000000,10000.000000,0,0,170266323,602,0,602,0,0,19,6
11,700,21.000000,10000.000000,0,0,170266326,602,0,602,0,0,19,6
11,700,21.000000,10000.000000,0,0,170266329,602,0,602,0,0,19,6
11,700,21.000000,10000.000000,0,0,170266332,602,0,602,0,0,19,6
11,700,21.000000,10000.000000,0,0,170266335,602,0,602,0,0,19,6
11,700,21.000000,10000.000000,0,0,170266337,602,0,602,0,0,19,6
11,700,21.000000,10000.000000,0,0,170266340,602,0,602,0,0,19,6
11,700,21.000000,10000.000000,0,0,170266343,602,0,602,0,0,19,6
11,700,21.000000,10000.000000,0,0,170266346,602,0,602,0,0,19,6
11,700,21.000000,10000.000000,0,0,170266349,602,0,602,0,0,19,6
11,700,21.000000,10000.000000,0,0,170266351,602,0,602,0,0,19,6
11,700,21.000000,10000.000000,0,0,170266354,602,0,602,0,0,19,6
11,700,21.000000,10000.000000,0,0,170266357,602,0,602,0,0,19,6
11,700,21.000000,10000.000000,0,0,170266359,602,0,602,0,0,19,6
11,700,21.000000,10000.000000,0,0,170266363,602,0,602,0,0,19,6
11,700,21.000000,10000.000000,0,0,170266365,602,0,602,0,0,19,6
11,700,21.000000,10000.000000,0,0,170266368,602,0,602,0,0,19,6
11,700,21.000000,10000.000000,0,0,170266371,602,0,602,0,0,19,6
11,700,21.000000,10000.000000,0,0,170266373,602,0,602,0,0,19,6
11,700,21.000000,10000.000000,0,0,170266376,602,0,602,0,0,19,6
11,700,21.000000,10000.000000,0,0,170266379,602,0,602,0,0,19,6
11,700,21.000000,10000.000000,0,0,170266382,602,0,602,0,0,19,6
11,700,21.000000,10000.000000,0,0,170266384,602,0,602,0,0,19,6
11,700,21.000000,10000.000000,0,0,170266387,602,0,602,0,0,19,6
11,700,21.000000,10000.000000,0,0,170266390,603,0,603,0,0,19,6
11,700,21.000000,10000.000000,0,0,170266393,604,0,604,0,0,19,6
11,700,21.000000,10000.000000,0,0,170266396,605,0,605,0,0,19,6
11,700,21.000000,10000.000000,0,0,170266399,606,0,606,0,0,19,6
11,700,21.000000,10000.000000,0,0,170266401,607,0,607,0,0,19,6
11,700,21.000000,10000.000000,0,0,170266404,608,0,608,0,0,19,6
11,700,21.000000,10000.000000,0,0,170266407,609,0,609,0,0,19,6
11,700,21.000000,10000.000000,0,0,170266410,609,0,609,-1,0,19,6
11,700,21.000000,10000.000000,0,0,170266412,610,0,610,-1,0,19,6
11,700,21.000000,10000.000000,0,0,170266415,611,0,611,-1,0,19,6
11,700,21.000000,10000.000000,0,0,170266418,611,0,611,-2,0,19,6
11,700,21.000000,10000.000000,0,0,170266421,612,0,612,-3,0,19,6
11,700,21.000000,10000.000000,0,0,170266423,614,0,614,-3,0,19,6
11,700,21.000000,10000.000000,0,0,170266426,616,0,616,-3,0,19,6
11,700,21.000000,10000.000000,0,0,170266429,618,0,618,-4,0,19,6
11,700,21.000000,10000.000000,0,0,170266432,619,0,619,-5,0,19,6
11,700,21.000000,10000.000000,0,0,170266435,621,0,621,-5,0,19,6
11,700,21.000000,10000.000000,0,0,170266437,622,0,622,-6,0,19,6
11,700,21.000000,10000.000000,0,0,170266440,624,0,624,-6,0,19,6
11,700,21.000000,10000.000000,0,0,170266443,627,0,627,-6,0,19,6
11,700,21.000000,10000.000000,0,0,170266446,630,0,630,-6,0,19,6
11,700,21.000000,10000.000000,0,0,170266449,635,0,635,-6,0,19,6
11,700,21.000000,10000.000000,0,0,170266451,637,0,637,-6,0,19,6
11,700,21.000000,10000.000000,0,0,170266454,641,0,641,-6,0,19,6
11,700,21.000000,10000.000000,0,0,170266457,645,0,645,-6,0,19,6
11,700,21.000000,10000.000000,0,0,170266460,648,0,648,-6,0,19,6
11,700,21.000000,10000.000000,0,0,170266462,651,0,651,-6,0,19,6
11,700,21.000000,10000.000000,0,0,170266465,654,0,654,-6,0,19,6
11,700,21.000000,10000.000000,0,0,170266468,661,0,661,-7,0,19,6
11,700,21.000000,10000.000000,0,0,170266471,666,0,666,-7,0,19,6
11,700,21.000000,10000.000000,0,0,170266474,672,0,672,-8,0,19,6
11,700,21.000000,10000.000000,0,0,170266477,678,0,678,-9,0,19,6
11,700,21.000000,10000.000000,0,0,170266479,685,0,685,-9,0,19,6
11,700,21.000000,10000.000000,0,0,170266482,693,0,693,-9,0,19,6
11,700,21.000000,10000.000000,0,0,170266485,703,0,703,-9,0,19,6
11,700,21.000000,10000.000000,0,0,170266488,713,0,713,-9,0,19,6
11,700,21.000000,10000.000000,0,0,170266490,722,0,722,-9,0,19,6
11,700,21.000000,10000.000000,0,0,170266493,732,0,732,-9,0,19,6
11,700,21.000000,10000.000000,0,0,170266495,746,0,746,-9,0,19,6
11,700,21.000000,10000.000000,0,0,170266498,758,0,758,-9,0,19,6
11,700,21.000000,10000.000000,0,0,170266501,768,0,768,-9,0,19,6
11,700,21.000000,10000.000000,0,0,170266504,780,0,780,-10,0,19,6
11,700,21.000000,10000.000000,0,0,170266507,796,0,796,-10,0,19,6
11,700,21.000000,10000.000000,0,0,170266509,808,0,808,-11,0,19,6
11,700,21.000000,10000.000000,0,0,170266512,820,0,820,-11,0,19,6
11,700,21.000000,10000.000000,0,0,170266515,835,0,835,-12,0,19,6
11,700,21.000000,10000.000000,0,0,170266518,847,0,847,-12,0,19,6
11,700,21.000000,10000.000000,0,0,170266520,861,0,861,-12,0,19,6
11,700,21.000000,10000.000000,0,0,170266524,875,0,875,-13,0,19,6
11,700,21.000000,10000.000000,0,0,170266526,887,0,887,-15,0,19,6
11,700,21.000000,10000.000000,0,0,170266529,899,0,899,-15,0,19,6
11,700,21.000000,10000.000000,0,0,170266532,908,0,908,-16,0,19,6
11,700,21.000000,10000.000000,0,0,170266535,920,0,920,-16,0,19,6
11,700,21.000000,10000.000000,0,0,170266538,930,0,930,-16,0,19,6
11,700,21.000000,10000.000000,0,0,170266540,941,0,941,-17,0,19,6
11,700,21.000000,10000.000000,0,0,170266543,953,0,953,-17,0,19,6
11,700,21.000000,10000.000000,0,0,170266546,961,0,961,-19,0,19,6
11,700,21.000000,10000.000000,0,0,170266549,971,0,971,-20,0,19,6
11,700,21.000000,10000.000000,0,0,170266552,981,0,981,-20,0,19,6
11,700,21.000000,10000.000000,0,0,170266554,991,0,991,-20,0,19,6
11,700,21.000000,10000.000000,0,0,170266557,1001,0,1001,-20,0,19,6
11,700,21.000000,10000.000000,0,0,170266560,1007,0,1007,-20,0,19,6
11,700,21.000000,10000.000000,0,0,170266563,1016,0,1016,-22,0,19,6
11,700,21.000000,10000.000000,0,0,170266565,1023,0,1023,-23,0,19,6
11,700,21.000000,10000.000000,0,0,170266568,1030,0,1030,-25,0,19,6
11,700,21.000000,10000.000000,0,0,170266571,1036,0,1036,-25,0,19,6
11,700,21.000000,10000.000000,0,0,170266573,1040,0,1040,-25,0,19,6
11,700,21.000000,10000.000000,0,0,170266576,1044,0,1044,-25,0,19,6
11,700,21.000000,10000.000000,0,0,170266579,1051,0,1051,-25,0,19,6
11,700,21.000000,10000.000000,0,0,170266582,1055,0,1055,-25,0,19,6
11,700,21.000000,10000.000000,0,0,170266585,1058,0,1058,-25,0,19,6
11,700,21.000000,10000.000000,0,0,170266587,1064,0,1064,-26,0,19,6
11,700,21.000000,10000.000000,0,0,170266590,1067,0,1067,-26,0,19,6
11,700,21.000000,10000.000000,0,0,170266593,1070,0,1070,-26,0,19,6
11,700,21.000000,10000.000000,0,0,170266596,1073,0,1073,-26,0,19,6
11,700,21.000000,10000.000000,0,0,170266599,1076,0,1076,-26,0,19,6
11,700,21.000000,10000.000000,0,0,170266602,1078,0,1078,-26,0,19,6
11,700,21.000000,10000.000000,0,0,170266604,1081,0,1081,-27,0,19,6
11,700,21.000000,10000.000000,0,0,170266607,1083,0,1083,-28,0,19,6
11,700,21.000000,10000.000000,0,0,170266610,1085,0,1085,-28,0,19,6
11,700,21.000000,10000.000000,0,0,170266613,1088,0,1088,-28,0,19,6
11,700,21.000000,10000.000000,0,0,170266615,1091,0,1091,-28,0,19,6
11,700,21.000000,10000.000000,0,0,170266618,1092,0,1092,-28,0,19,6
11,700,21.000000,10000.000000,0,0,170266621,1094,0,1094,-29,0,19,6
11,700,21.000000,10000.000000,0,0,170266624,1095,0,1095,-29,0,19,6
11,700,21.000000,10000.000000,0,0,170266627,1097,0,1097,-30,0,19,6
11,700,21.000000,10000.000000,0,0,170266629,1099,0,1099,-30,0,19,6
11,700,21.000000,10000.000000,0,0,170266632,1100,0,1100,-30,0,19,6
11,700,21.000000,10000.000000,0,0,170266635,1103,0,1103,-31,0,19,6
11,700,21.000000,10000.000000,0,0,170266637,1104,0,1104,-31,0,19,6
11,700,21.000000,10000.000000,0,0,170266640,1106,0,1106,-31,0,19,6
11,700,21.000000,10000.000000,0,0,170266643,1107,0,1107,-31,0,19,6
11,700,21.000000,10000.000000,0,0,170266646,1109,0,1109,-31,0,19,6
11,700,21.000000,10000.000000,0,0,170266648,1110,0,1110,-31,0,19,6
11,700,21.000000,10000.000000,0,0,170266651,1110,0,1110,-33,0,19,6
11,700,21.000000,10000.000000,0,0,170266654,1112,0,1112,-33,0,19,6
11,700,21.000000,10000.000000,0,0,170266657,1114,0,1114,-34,0,19,6
11,700,21.000000,10000.000000,0,0,170266660,1115,0,1115,-34,0,19,6
11,700,21.000000,10000.000000,0,0,170266662,1117,0,1117,-34,0,19,6
11,700,21.000000,10000.000000,0,0,170266665,1119,0,1119,-34,0,19,6
11,700,21.000000,10000.000000,0,0,170266668,1120,0,1120,-34,0,19,6
11,700,21.000000,10000.000000,0,0,170266671,1123,0,1123,-34,0,19,6
11,700,21.000000,10000.000000,0,0,170266674,1126,0,1126,-34,0,19,6
11,700,21.000000,10000.000000,0,0,170266676,1127,0,1127,-35,0,19,6
11,700,21.000000,10000.000000,0,0,170266679,1130,0,1130,-35,0,19,6
11,700,21.000000,10000.000000,0,0,170266682,1131,0,1131,-35,0,19,6
11,700,21.000000,10000.000000,0,0,170266684,1134,0,1134,-35,0,19,6
11,700,21.000000,10000.000000,0,0,170266688,1138,0,1138,-35,0,19,6
11,700,21.000000,10000.000000,0,0,170266690,1139,0,1139,-35,0,19,6
11,700,21.000000,10000.000000,0,0,170266693,1142,0,1142,-35,0,19,6
11,700,21.000000,10000.000000,0,0,170266696,1145,0,1145,-35,0,19,6
11,700,21.000000,10000.000000,0,0,170266699,1148,0,1148,-35,0,19,6
11,700,21.000000,10000.000000,0,0,170266702,1150,0,1150,-35,0,19,6
11,700,21.000000,10000.000000,0,0,170266704,1151,0,1151,-35,0,19,6
11,700,21.000000,10000.000000,0,0,170266707,1153,0,1153,-35,0,19,6
11,700,21.000000,10000.000000,0,0,170266710,1155,0,1155,-35,0,19,6
11,700,21.000000,10000.000000,0,0,170266712,1156,0,1156,-35,0,19,6
11,700,21.000000,10000.000000,0,0,170266715,1158,0,1158,-35,0,19,6
11,700,21.000000,10000.000000,0,0,170266718,1160,0,1160,-35,0,19,6
11,700,21.000000,10000.000000,0,0,170266721,1161,0,1161,-35,0,19,6
11,700,21.000000,10000.000000,0,0,170266723,1162,0,1162,-35,0,19,6
11,700,21.000000,10000.000000,0,0,170266726,1163,0,1163,-35,0,19,6
11,700,21.000000,10000.000000,0,0,170266729,1165,0,1165,-35,0,19,6
11,700,21.000000,10000.000000,0,0,170266732,1166,0,1166,-35,0,19,6
11,700,21.000000,10000.000000,0,0,170266735,1167,0,1167,-35,0,19,6
11,700,21.000000,10000.000000,0,0,170266737,1169,0,1169,-35,0,19,6
11,700,21.000000,10000.000000,0,0,170266740,1171,0,1171,-35,0,19,6
11,700,21.000000,10000.000000,0,0,170266743,1172,0,1172,-35,0,19,6
11,700,21.000000,10000.000000,0,0,170266746,1173,0,1173,-35,0,19,6
11,700,21.000000,10000.000000,0,0,170266749,1174,0,1174,-35,0,19,6
11,700,21.000000,10000.000000,0,0,170266751,1175,0,1175,-35,0,19,6
11,700,21.000000,10000.000000,0,0,170266754,1175,0,1175,-35,0,19,6
11,700,21.000000,10000.000000,0,0,170266757,1177,0,1177,-35,0,19,6
11,700,21.000000,10000.000000,0,0,170266760,1178,0,1178,-35,0,19,6
11,700,21.000000,10000.000000,0,0,170266762,1180,0,1180,-37,0,19,6
11,700,21.000000,10000.000000,0,0,170266765,1181,0,1181,-37,0,19,6
11,700,21.000000,10000.000000,0,0,170266768,1182,1,1182,-36,0,19,6
11,700,21.000000,10000.000000,0,0,170266771,1184,1,1184,-36,0,19,6
11,700,21.000000,10000.000000,0,0,170266774,1186,1,1186,-36,0,19,6
11,700,21.000000,10000.000000,0,0,170266776,1188,1,1188,-36,0,19,6
11,700,21.000000,10000.000000,0,0,170266779,1190,1,1190,-36,0,19,6
11,700,21.000000,10000.000000,0,0,170266782,1192,1,1192,-36,0,19,6
11,700,21.000000,10000.000000,0,0,170266785,1193,1,1193,-36,0,19,6
11,700,21.000000,10000.000000,0,0,170266788,1194,1,1194,-36,0,19,6
11,700,21.000000,10000.000000,0,0,170266790,1196,1,1196,-36,0,19,6
11,700,21.000000,10000.000000,0,0,170266793,1198,1,1198,-36,0,19,6
11,700,21.000000,10000.000000,0,0,170266796,1200,1,1200,-36,0,19,6
11,700,21.000000,10000.000000,0,0,170266798,1201,1,1201,-36,0,19,6
11,700,21.000000,10000.000000,0,0,170266801,1202,1,1202,-36,0,19,6
11,700,21.000000,10000.000000,0,0,170266804,1204,1,1204,-36,0,19,6
11,700,21.000000,10000.000000,0,0,170266807,1206,1,1206,-36,0,19,6
11,700,21.000000,10000.000000,0,0,170266810,1207,1,1207,-36,0,19,6
11,700,21.000000,10000.000000,0,0,170266813,1209,1,1209,-36,0,19,6
11,700,21.000000,10000.000000,0,0,170266815,1210,1,1210,-36,0,19,6
11,700,21.000000,10000.000000,0,0,170266818,1212,1,1212,-36,0,19,6
11,700,21.000000,10000.000000,0,0,170266821,1213,1,1213,-36,0,19,6
11,700,21.000000,10000.000000,0,0,170266824,1215,1,1215,-36,0,19,6
11,700,21.000000,10000.000000,0,0,170266826,1219,1,1219,-36,0,19,6
11,700,21.000000,10000.000000,0,0,170266829,1221,0,1221,-37,0,19,6
11,700,21.000000,10000.000000,0,0,170266832,1223,0,1223,-37,0,19,6
11,700,21.000000,10000.000000,0,0,170266835,1225,0,1225,-38,0,19,6
11,700,21.000000,10000.000000,0,0,170266838,1226,0,1226,-38,0,19,6
11,700,21.000000,10000.000000,0,0,170266840,1227,0,1227,-38,0,19,6
11,700,21.000000,10000.000000,0,0,170266843,1228,0,1228,-38,0,19,6
11,700,21.000000,10000.000000,0,0,170266846,1230,0,1230,-38,0,19,6
11,700,21.000000,10000.000000,0,0,170266849,1232,0,1232,-38,0,19,6
11,700,21.000000,10000.000000,0,0,170266851,1233,0,1233,-38,0,19,6
11,700,21.000000,10000.000000,0,0,170266855,1235,0,1235,-38,0,19,6
11,700,21.000000,10000.000000,0,0,170266857,1236,0,1236,-38,0,19,6
11,700,21.000000,10000.000000,0,0,170266860,1238,0,1238,-38,0,19,6
11,700,21.000000,10000.000000,0,0,170266863,1242,0,1242,-39,0,19,6
11,700,21.000000,10000.000000,0,0,170266866,1244,0,1244,-39,0,19,6
11,700,21.000000,10000.000000,0,0,170266868,1246,0,1246,-41,0,19,6
11,700,21.000000,10000.000000,0,0,170266871,1247,0,1247,-42,0,19,6
11,700,21.000000,10000.000000,0,0,170266874,1248,0,1248,-43,0,19,6
11,700,21.000000,10000.000000,0,0,170266876,1249,0,1249,-43,0,19,6
11,700,21.000000,10000.000000,0,0,170266879,1250,0,1250,-43,0,19,6
11,700,21.000000,10000.000000,0,0,170266882,1252,0,1252,-43,0,19,6
11,700,21.000000,10000.000000,0,0,170266885,1255,0,1255,-43,0,19,6
11,700,21.000000,10000.000000,0,0,170266887,1255,0,1255,-43,0,19,6
11,700,21.000000,10000.000000,0,0,170266890,1256,0,1256,-43,0,19,6
11,700,21.000000,10000.000000,0,0,170266893,1258,0,1258,-43,0,19,6
11,700,21.000000,10000.000000,0,0,170266896,1260,0,1260,-43,0,19,6
11,700,21.000000,10000.000000,0,0,170266899,1261,0,1261,-43,0,19,6
11,700,21.000000,10000.000000,0,0,170266901,1261,0,1261,-44,0,19,6
11,700,21.000000,10000.000000,0,0,170266904,1261,0,1261,-45,0,19,6
11,700,21.000000,10000.000000,0,0,170266907,1262,0,1262,-45,0,19,6
11,700,21.000000,10000.000000,0,0,170266910,1262,0,1262,-45,0,19,6
11,700,21.000000,10000.000000,0,0,170266912,1264,0,1264,-45,0,19,6
11,700,21.000000,10000.000000,0,0,170266915,1264,0,1264,-45,0,19,6
11,700,21.000000,10000.000000,0,0,170266918,1264,0,1264,-45,0,19,6
11,700,21.000000,10000.000000,0,0,170266921,1264,0,1264,-45,0,19,6
11,700,21.000000,10000.000000,0,0,170266924,1264,0,1264,-45,0,19,6
11,700,21.000000,10000.000000,0,0,170266927,1264,0,1264,-45,0,19,6
11,700,21.000000,10000.000000,0,0,170266929,1264,0,1264,-45,0,19,6
11,700,21.000000,10000.000000,0,0,170266932,1265,0,1265,-46,0,19,6
11,700,21.000000,10000.000000,0,0,170266935,1266,0,1266,-47,0,19,6
11,700,21.000000,10000.000000,0,0,170266937,1266,0,1266,-47,0,19,6
11,700,21.000000,10000.000000,0,0,170266941,1266,0,1266,-47,0,19,6
11,700,21.000000,10000.000000,0,0,170266943,1266,0,1266,-47,0,19,6
11,700,21.000000,10000.000000,0,0,170266946,1266,0,1266,-47,0,19,6
11,700,21.000000,10000.000000,0,0,170266949,1266,0,1266,-47,0,19,6
11,700,21.000000,10000.000000,0,0,170266951,1266,0,1266,-47,0,19,6
11,700,21.000000,10000.000000,0,0,170266954,1266,0,1266,-47,0,19,6
11,700,21.000000,10000.000000,0,0,170266957,1266,0,1266,-47,0,19,6
11,700,21.000000,10000.000000,0,0,170266960,1266,0,1266,-47,0,19,6
11,700,21.000000,10000.000000,0,0,170266963,1266,0,1266,-47,0,19,6
11,700,21.000000,10000.000000,0,0,170266966,1266,0,1266,-47,0,19,6
11,700,21.000000,10000.000000,0,0,170266968,1266,0,1266,-47,0,19,6
11,700,21.000000,10000.000000,0,0,170266971,1266,0,1266,-47,0,19,6
11,700,21.000000,10000.000000,0,0,170266974,1266,0,1266,-47,0,19,6
11,700,21.000000,10000.000000,0,0,170266977,1266,0,1266,-47,0,19,6
11,700,21.000000,10000.000000,0,0,170266980,1266,0,1266,-47,0,19,6
11,700,21.000000,10000.000000,0,0,170266982,1266,0,1266,-47,0,19,6
11,700,21.000000,10000.000000,0,0,170266985,1266,0,1266,-47,0,19,6
11,700,21.000000,10000.000000,0,0,170266987,1266,0,1266,-47,0,19,6
11,700,21.000000,10000.000000,0,0,170266990,1266,0,1266,-47,0,19,6
11,700,21.000000,10000.000000,0,0,170266993,1266,0,1266,-47,0,19,6
11,700,21.000000,10000.000000,0,0,170266996,1266,0,1266,-47,0,19,6
11,700,21.000000,10000.000000,0,0,170266999,1266,0,1266,-47,0,19,6
11,700,21.000000,10000.000000,0,0,170267001,1266,0,1266,-47,0,19,6
11,700,21.000000,10000.000000,0,0,170267004,1267,0,1267,-47,0,19,6
11,700,21.000000,10000.000000,0,0,170267007,1268,0,1268,-47,0,19,6
11,700,21.000000,10000.000000,0,0,170267010,1268,0,1268,-47,0,19,6
11,700,21.000000,10000.000000,0,0,170267013,1269,0,1269,-47,0,19,6
11,700,21.000000,10000.000000,0,0,170267016,1270,0,1270,-47,0,19,6
11,700,21.000000,10000.000000,0,0,170267018,1271,0,1271,-47,0,19,6
11,700,21.000000,10000.000000,0,0,170267021,1272,0,1272,-47,0,19,6
11,700,21.000000,10000.000000,0,0,170267024,1272,0,1272,-47,0,19,6
11,700,21.000000,10000.000000,0,0,170267027,1273,1,1273,-46,0,19,6
11,700,21.000000,10000.000000,0,0,170267031,1274,1,1274,-46,0,19,6
11,700,21.000000,10000.000000,0,0,170267033,1274,2,1274,-45,0,19,6
11,700,21.000000,10000.000000,0,0,170267036,1275,2,1275,-45,0,19,6
11,700,21.000000,10000.000000,0,0,170267039,1275,2,1275,-45,0,19,6
11,700,21.000000,10000.000000,0,0,170267041,1275,2,1275,-45,0,19,6
11,700,21.000000,10000.000000,0,0,170267044,1277,2,1277,-45,0,19,6
11,700,21.000000,10000.000000,0,0,170267046,1277,2,1277,-45,0,19,6
11,700,21.000000,10000.000000,0,0,170267049,1278,2,1278,-45,0,19,6
11,700,21.000000,10000.000000,0,0,170267052,1279,2,1279,-45,0,19,6
11,700,21.000000,10000.000000,0,0,170267054,1279,2,1279,-45,0,19,6
11,700,21.000000,10000.000000,0,0,170267057,1280,3,1280,-44,0,19,6
11,700,21.000000,10000.000000,0,0,170267060,1281,3,1281,-44,0,19,6
11,700,21.000000,10000.000000,0,0,170267063,1282,3,1282,-44,0,19,6
11,700,21.000000,10000.000000,0,0,170267066,1282,3,1282,-44,0,19,6
11,700,21.000000,10000.000000,0,0,170267068,1283,3,1283,-44,0,19,6
11,700,21.000000,10000.000000,0,0,170267071,1284,3,1284,-44,0,19,6
11,700,21.000000,10000.000000,0,0,170267074,1285,3,1285,-44,0,19,6
11,700,21.000000,10000.000000,0,0,170267077,1286,3,1286,-44,0,19,6
11,700,21.000000,10000.000000,0,0,170267079,1287,3,1287,-44,0,19,6
11,700,21.000000,10000.000000,0,0,170267082,1288,3,1288,-44,0,19,6
11,700,21.000000,10000.000000,0,0,170267085,1288,3,1288,-44,0,19,6
11,700,21.000000,10000.000000,0,0,170267088,1288,3,1288,-44,0,19,6
11,700,21.000000,10000.000000,0,0,170267090,1288,3,1288,-44,0,19,6
11,700,21.000000,10000.000000,0,0,170267093,1288,3,1288,-44,0,19,6
11,700,21.000000,10000.000000,0,0,170267096,1288,3,1288,-44,0,19,6
11,700,21.000000,10000.000000,0,0,170267099,1289,3,1289,-44,0,19,6
11,700,21.000000,10000.000000,0,0,170267102,1290,3,1290,-44,0,19,6
11,700,21.000000,10000.000000,0,0,170267105,1290,3,1290,-44,0,19,6
11,700,21.000000,10000.000000,0,0,170267107,1290,3,1290,-44,0,19,6
11,700,21.000000,10000.000000,0,0,170267110,1290,3,1290,-44,0,19,6
11,700,21.000000,10000.000000,0,0,170267113,1291,3,1291,-44,0,19,6
11,700,21.000000,10000.000000,0,0,170267115,1292,3,1292,-44,0,19,6
11,700,21.000000,10000.000000,0,0,170267118,1293,3,1293,-44,0,19,6
11,700,21.000000,10000.000000,0,0,170267121,1294,3,1294,-44,0,19,6
11,700,21.000000,10000.000000,0,0,170267124,1294,3,1294,-44,0,19,6
11,700,21.000000,10000.000000,0,0,170267126,1294,3,1294,-44,0,19,6
11,700,21.000000,10000.000000,0,0,170267129,1294,3,1294,-44,0,19,6
11,700,21.000000,10000.000000,0,0,170267132,1294,3,1294,-44,0,19,6
11,700,21.000000,10000.000000,0,0,170267135,1295,3,1295,-44,0,19,6
11,700,21.000000,10000.000000,0,0,170267138,1296,3,1296,-44,0,19,6
11,700,21.000000,10000.000000,0,0,170267140,1297,3,1297,-44,0,19,6
11,700,21.000000,10000.000000,0,0,170267143,1297,3,1297,-44,0,19,6
11,700,21.000000,10000.000000,0,0,170267146,1297,3,1297,-44,0,19,6
11,700,21.000000,10000.000000,0,0,170267149,1298,3,1298,-44,0,19,6
11,700,21.000000,10000.000000,0,0,170267152,1299,3,1299,-44,0,19,6
11,700,21.000000,10000.000000,0,0,170267154,1299,3,1299,-44,0,19,6
11,700,21.000000,10000.000000,0,0,170267157,1299,3,1299,-44,0,19,6
11,700,21.000000,10000.000000,0,0,170267160,1299,3,1299,-44,0,19,6
11,700,21.000000,10000.000000,0,0,170267163,1299,3,1299,-44,0,19,6
11,700,21.000000,10000.000000,0,0,170267165,1299,3,1299,-44,0,19,6
11,700,21.000000,10000.000000,0,0,170267168,1299,3,1299,-44,0,19,6
11,700,21.000000,10000.000000,0,0,170267171,1299,3,1299,-44,0,19,6
11,700,21.000000,10000.000000,0,0,170267174,1299,3,1299,-44,0,19,6
11,700,21.000000,10000.000000,0,0,170267177,1299,3,1299,-44,0,19,6
11,700,21.000000,10000.000000,0,0,170267179,1299,3,1299,-44,0,19,6
11,700,21.000000,10000.000000,0,0,170267183,1299,3,1299,-44,0,19,6
11,700,21.000000,10000.000000,0,0,170267185,1299,3,1299,-44,0,19,6
11,700,21.000000,10000.000000,0,0,170267188,1299,3,1299,-44,0,19,6
11,700,21.000000,10000.000000,0,0,170267190,1299,3,1299,-44,0,19,6
11,700,21.000000,10000.000000,0,0,170267193,1299,3,1299,-44,0,19,6
11,700,21.000000,10000.000000,0,0,170267196,1299,3,1299,-44,0,19,6
11,700,21.000000,10000.000000,0,0,170267199,1299,3,1299,-44,0,19,6
11,700,21.000000,10000.000000,0,0,170267202,1299,3,1299,-44,0,19,6
11,700,21.000000,10000.000000,0,0,170267204,1299,3,1299,-44,0,19,6
11,700,21.000000,10000.000000,0,0,170267207,1299,3,1299,-44,0,19,6
11,700,21.000000,10000.000000,0,0,170267210,1299,3,1299,-44,0,19,6
11,700,21.000000,10000.000000,0,0,170267213,1299,3,1299,-44,0,19,6
11,700,21.000000,10000.000000,0,0,170267215,1299,3,1299,-44,0,19,6
11,700,21.000000,10000.000000,0,0,170267218,1299,3,1299,-44,0,19,6
11,700,21.000000,10000.000000,0,0,170267221,1299,3,1299,-44,0,19,6
11,700,21.000000,10000.000000,0,0,170267224,1299,3,1299,-44,0,19,6
11,700,21.000000,10000.000000,0,0,170267227,1299,3,1299,-44,0,19,6
11,700,21.000000,10000.000000,0,0,170267229,1299,3,1299,-44,0,19,6
11,700,21.000000,10000.000000,0,0,170267232,1299,3,1299,-44,0,19,6
11,700,21.000000,10000.000000,0,0,170267235,1299,3,1299,-44,0,19,6
11,700,21.000000,10000.000000,0,0,170267238,1299,3,1299,-44,0,19,6
11,700,21.000000,10000.000000,0,0,170267241,1299,3,1299,-44,0,19,6
11,700,21.000000,10000.000000,0,0,170267243,1299,3,1299,-44,0,19,6
11,700,21.000000,10000.000000,0,0,170267246,1299,3,1299,-44,0,19,6
11,700,21.000000,10000.000000,0,0,170267249,1299,3,1299,-44,0,19,6
11,700,21.000000,10000.000000,0,0,170267252,1299,3,1299,-44,0,19,6
11,700,21.000000,10000.000000,0,0,170267255,1299,3,1299,-44,0,19,6
11,700,21.000000,10000.000000,0,0,170267257,1299,3,1299,-44,0,19,6
11,700,21.000000,10000.000000,0,0,170267260,1299,3,1299,-44,0,19,6
11,700,21.000000,10000.000000,0,0,170267263,1299,3,1299,-44,0,19,6
11,700,21.000000,10000.000000,0,0,170267265,1299,3,1299,-44,0,19,6
11,700,21.000000,10000.000000,0,0,170267268,1299,3,1299,-44,0,19,6
11,700,21.000000,10000.000000,0,0,170267271,1299,3,1299,-44,0,19,6
11,700,21.000000,10000.000000,0,0,170267274,1299,3,1299,-44,0,19,6
11,700,21.000000,10000.000000,0,0,170267277,1299,3,1299,-44,0,19,6
11,700,21.000000,10000.000000,0,0,170267279,1299,3,1299,-44,0,19,6
11,700,21.000000,10000.000000,0,0,170267282,1299,3,1299,-44,0,19,6
11,700,21.000000,10000.000000,0,0,170267285,1299,3,1299,-44,0,19,6
11,700,21.000000,10000.000000,0,0,170267288,1299,3,1299,-44,0,19,6
11,700,21.000000,10000.000000,0,0,170267291,1299,3,1299,-44,0,19,6
11,700,21.000000,10000.000000,0,0,170267293,1299,3,1299,-44,0,19,6
11,700,21.000000,10000.000000,0,0,170267296,1299,3,1299,-44,0,19,6
11,700,21.000000,10000.000000,0,0,170267299,1299,3,1299,-44,0,19,6
11,700,21.000000,10000.000000,0,0,170267302,1299,3,1299,-44,0,19,6
11,700,21.000000,10000.000000,0,0,170267305,1299,3,1299,-44,0,19,6
11,700,21.000000,10000.000000,0,0,170267308,1299,3,1299,-44,0,19,6
11,700,21.000000,10000.000000,0,0,170267310,1299,3,1299,-44,0,19,6
11,700,21.000000,10000.000000,0,0,170267313,1299,3,1299,-44,0,19,6
11,700,21.000000,10000.000000,0,0,170267316,1299,3,1299,-44,0,19,6
11,700,21.000000,10000.000000,0,0,170267319,1299,3,1299,-44,0,19,6
11,700,21.000000,10000.000000,0,0,170267321,1299,3,1299,-44,0,19,6
11,700,21.000000,10000.000000,0,0,170267324,1299,3,1299,-44,0,19,6
11,700,21.000000,10000.000000,0,0,170267327,1299,3,1299,-44,0,19,6
11,700,21.000000,10000.000000,0,0,170267330,1299,3,1299,-44,0,19,6
11,700,21.000000,10000.000000,0,0,170267333,1299,3,1299,-44,0,19,6
11,700,21.000000,10000.000000,0,0,170267335,1299,3,1299,-44,0,19,6
11,700,21.000000,10000.000000,0,0,170267338,1299,3,1299,-44,0,19,6
11,700,21.000000,10000.000000,0,0,170267340,1299,3,1299,-44,0,19,6
11,700,21.000000,10000.000000,0,0,170267344,1299,3,1299,-44,0,19,6
11,700,21.000000,10000.000000,0,0,170267347,1299,3,1299,-44,0,19,6
11,700,21.000000,10000.000000,0,0,170267349,1299,3,1299,-44,0,19,6
11,700,21.000000,10000.000000,0,0,170267352,1299,3,1299,-44,0,19,6
11,700,21.000000,10000.000000,0,0,170267354,1299,3,1299,-44,0,19,6
11,700,21.000000,10000.000000,0,0,170267357,1299,3,1299,-44,0,19,6
11,700,21.000000,10000.000000,0,0,170267360,1299,3,1299,-44,0,19,6
11,700,21.000000,10000.000000,0,0,170267363,1299,3,1299,-44,0,19,6
11,700,21.000000,10000.000000,0,0,170267366,1299,3,1299,-44,0,19,6
11,700,21.000000,10000.000000,0,0,170267368,1299,3,1299,-44,0,19,6
11,700,21.000000,10000.000000,0,0,170267371,1299,3,1299,-44,0,19,6
11,700,21.000000,10000.000000,0,0,170267374,1299,3,1299,-44,0,19,6
11,700,21.000000,10000.000000,0,0,170267377,1299,3,1299,-44,0,19,6
11,700,21.000000,10000.000000,0,0,170267380,1299,3,1299,-44,0,19,6
11,700,21.000000,10000.000000,0,0,170267382,1299,3,1299,-44,0,19,6
11,700,21.000000,10000.000000,0,0,170267387,1299,3,1299,-44,0,19,6
11,700,21.000000,10000.000000,0,0,170267390,1299,3,1299,-44,0,19,6
11,700,21.000000,10000.000000,0,0,170267392,1299,3,1299,-44,0,19,6
11,700,21.000000,10000.000000,0,0,170267395,1299,3,1299,-44,0,19,6
11,700,21.000000,10000.000000,0,0,170267398,1299,3,1299,-44,0,19,6
11,700,21.000000,10000.000000,0,0,170267400,1299,3,1299,-44,0,19,6
11,700,21.000000,10000.000000,0,0,170267403,1299,3,1299,-44,0,19,6
11,700,21.000000,10000.000000,0,0,170267406,1299,3,1299,-44,0,19,6
11,700,21.000000,10000.000000,0,0,170267408,1299,3,1299,-44,0,19,6
11,700,21.000000,10000.000000,0,0,170267411,1299,3,1299,-44,0,19,6
11,700,21.000000,10000.000000,0,0,170267413,1299,3,1299,-44,0,19,6
11,700,21.000000,10000.000000,0,0,170267416,1299,3,1299,-44,0,19,6
11,700,21.000000,10000.000000,0,0,170267419,1299,3,1299,-44,0,19,6
11,700,21.000000,10000.000000,0,0,170267421,1299,3,1299,-44,0,19,6
11,700,21.000000,10000.000000,0,0,170267424,1299,3,1299,-44,0,19,6
11,700,21.000000,10000.000000,0,0,170267427,1299,3,1299,-44,0,19,6
11,700,21.000000,10000.000000,0,0,170267430,1299,3,1299,-44,0,19,6
11,700,21.000000,10000.000000,0,0,170267432,1299,3,1299,-44,0,19,6
11,700,21.000000,10000.000000,0,0,170267435,1299,3,1299,-44,0,19,6
11,700,21.000000,10000.000000,0,0,170267438,1299,3,1299,-44,0,19,6
11,700,21.000000,10000.000000,0,0,170267441,1299,3,1299,-44,0,19,6
11,700,21.000000,10000.000000,0,0,170267444,1299,3,1299,-44,0,19,6
11,700,21.000000,10000.000000,0,0,170267446,1299,3,1299,-44,0,19,6
11,700,21.000000,10000.000000,0,0,170267449,1299,3,1299,-44,0,19,6
11,700,21.000000,10000.000000,0,0,170267452,1299,3,1299,-44,0,19,6
11,700,21.000000,10000.000000,0,0,170267454,1299,3,1299,-44,0,19,6
11,700,21.000000,10000.000000,0,0,170267457,1299,3,1299,-44,0,19,6
11,700,21.000000,10000.000000,0,0,170267460,1299,3,1299,-44,0,19,6
11,700,21.000000,10000.000000,0,0,170267463,1299,3,1299,-44,0,19,6
11,700,21.000000,10000.000000,0,0,170267466,1299,3,1299,-44,0,19,6
11,700,21.000000,10000.000000,0,0,170267469,1299,3,1299,-44,0,19,6
11,700,21.000000,10000.000000,0,0,170267471,1299,3,1299,-44,0,19,6
11,700,21.000000,10000.000000,0,0,170267474,1299,3,1299,-44,0,19,6
11,700,21.000000,10000.000000,0,0,170267477,1299,3,1299,-44,0,19,6
11,700,21.000000,10000.000000,0,0,170267480,1299,3,1299,-44,0,19,6
11,700,21.000000,10000.000000,0,0,170267482,1299,3,1299,-44,0,19,6
11,700,21.000000,10000.000000,0,0,170267485,1299,3,1299,-44,0,19,6
11,700,21.000000,10000.000000,0,0,170267488,1299,3,1299,-44,0,19,6
11,700,21.000000,10000.000000,0,0,170267491,1299,3,1299,-44,0,19,6
11,700,21.000000,10000.000000,0,0,170267494,1299,3,1299,-44,0,19,6
11,700,21.000000,10000.000000,0,0,170267498,1299,3,1299,-44,0,19,6
11,700,21.000000,10000.000000,0,0,170267502,1299,3,1299,-44,0,19,6
11,700,21.000000,10000.000000,0,0,170267506,1299,3,1299,-44,0,19,6
11,700,21.000000,10000.000000,0,0,170267511,1299,3,1299,-44,0,19,6
11,700,21.000000,10000.000000,0,0,170267514,1299,3,1299,-44,0,19,6
11,700,21.000000,10000.000000,0,0,170267517,1299,3,1299,-44,0,19,6
11,700,21.000000,10000.000000,0,0,170267520,1299,3,1299,-44,0,19,6
11,700,21.000000,10000.000000,0,0,170267522,1299,3,1299,-44,0,19,6
11,700,21.000000,10000.000000,0,0,170267525,1299,3,1299,-44,0,19,6
11,700,21.000000,10000.000000,0,0,170267528,1299,3,1299,-44,0,19,6
11,700,21.000000,10000.000000,0,0,170267530,1299,3,1299,-44,0,19,6
11,700,21.000000,10000.000000,0,0,170267533,1299,3,1299,-44,0,19,6
11,700,21.000000,10000.000000,0,0,170267536,1299,3,1299,-44,0,19,6
11,700,21.000000,10000.000000,0,0,170267539,1299,3,1299,-44,0,19,6
11,700,21.000000,10000.000000,0,0,170267541,1299,3,1299,-44,0,19,6
11,700,21.000000,10000.000000,0,0,170267544,1299,3,1299,-44,0,19,6
11,700,21.000000,10000.000000,0,0,170267547,1299,3,1299,-44,0,19,6
11,700,21.000000,10000.000000,0,0,170267550,1299,3,1299,-44,0,19,6
11,700,21.000000,10000.000000,0,0,170267552,1299,3,1299,-44,0,19,6
11,700,21.000000,10000.000000,0,0,170267555,1299,3,1299,-44,0,19,6
11,700,21.000000,10000.000000,0,0,170267558,1299,3,1299,-44,0,19,6
11,700,21.000000,10000.000000,0,0,170267560,1299,3,1299,-44,0,19,6
11,700,21.000000,10000.000000,0,0,170267563,1299,3,1299,-44,0,19,6
11,700,21.000000,10000.000000,0,0,170267566,1299,3,1299,-44,0,19,6
11,700,21.000000,10000.000000,0,0,170267569,1299,3,1299,-44,0,19,6
11,700,21.000000,10000.000000,0,0,170267572,1300,3,1300,-44,0,19,6
11,700,21.000000,10000.000000,0,0,170267575,1301,3,1301,-44,0,19,6
11,700,21.000000,10000.000000,0,0,170267577,1302,3,1302,-44,0,19,6
11,700,21.000000,10000.000000,0,0,170267580,1303,3,1303,-44,0,19,6
11,700,21.000000,10000.000000,0,0,170267583,1304,3,1304,-44,0,19,6
11,700,21.000000,10000.000000,0,0,170267586,1304,3,1304,-44,0,19,6
11,700,21.000000,10000.000000,0,0,170267589,1304,3,1304,-44,0,19,6
11,700,21.000000,10000.000000,0,0,170267591,1304,3,1304,-44,0,19,6
11,700,21.000000,10000.000000,0,0,170267594,1304,3,1304,-44,0,19,6
11,700,21.000000,10000.000000,0,0,170267596,1304,3,1304,-44,0,19,6
11,700,21.000000,10000.000000,0,0,170267599,1304,3,1304,-44,0,19,6
11,700,21.000000,10000.000000,0,0,170267602,1304,3,1304,-44,0,19,6
11,700,21.000000,10000.000000,0,0,170267605,1304,3,1304,-44,0,19,6
11,700,21.000000,10000.000000,0,0,170267608,1304,3,1304,-44,0,19,6
11,700,21.000000,10000.000000,0,0,170267611,1304,3,1304,-44,0,19,6
11,700,21.000000,10000.000000,0,0,170267614,1304,3,1304,-44,0,19,6
11,700,21.000000,10000.000000,0,0,170267616,1304,3,1304,-44,0,19,6
11,700,21.000000,10000.000000,0,0,170267619,1304,3,1304,-44,0,19,6
11,700,21.000000,10000.000000,0,0,170267622,1304,3,1304,-44,0,19,6
11,700,21.000000,10000.000000,0,0,170267624,1304,3,1304,-44,0,19,6
11,700,21.000000,10000.000000,0,0,170267627,1304,3,1304,-44,0,19,6
11,700,21.000000,10000.000000,0,0,170267630,1304,3,1304,-44,0,19,6
11,700,21.000000,10000.000000,0,0,170267633,1304,3,1304,-44,0,19,6
11,700,21.000000,10000.000000,0,0,170267635,1304,3,1304,-44,0,19,6
11,700,21.000000,10000.000000,0,0,170267638,1304,3,1304,-44,0,19,6
11,700,21.000000,10000.000000,0,0,170267641,1304,3,1304,-44,0,19,6
11,700,21.000000,10000.000000,0,0,170267644,1304,3,1304,-44,0,19,6
11,700,21.000000,10000.000000,0,0,170267647,1304,3,1304,-44,0,19,6
11,700,21.000000,10000.000000,0,0,170267649,1304,3,1304,-44,0,19,6
11,700,21.000000,10000.000000,0,0,170267652,1304,3,1304,-44,0,19,6
11,700,21.000000,10000.000000,0,0,170267655,1304,3,1304,-44,0,19,6
11,700,21.000000,10000.000000,0,0,170267658,1304,3,1304,-44,0,19,6
11,700,21.000000,10000.000000,0,0,170267661,1304,3,1304,-44,0,19,6
11,700,21.000000,10000.000000,0,0,170267663,1304,3,1304,-44,0,19,6
11,700,21.000000,10000.000000,0,0,170267666,1304,3,1304,-44,0,19,6
11,700,21.000000,10000.000000,0,0,170267669,1304,3,1304,-44,0,19,6
11,700,21.000000,10000.000000,0,0,170267672,1304,3,1304,-44,0,19,6
11,700,21.000000,10000.000000,0,0,170267674,1304,3,1304,-44,0,19,6
11,700,21.000000,10000.000000,0,0,170267677,1304,3,1304,-44,0,19,6
11,700,21.000000,10000.000000,0,0,170267680,1304,3,1304,-44,0,19,6
11,700,21.000000,10000.000000,0,0,170267683,1304,3,1304,-44,0,19,6
11,700,21.000000,10000.000000,0,0,170267685,1304,3,1304,-44,0,19,6
11,700,21.000000,10000.000000,0,0,170267688,1304,3,1304,-44,0,19,6
11,700,21.000000,10000.000000,0,0,170267691,1304,3,1304,-44,0,19,6
11,700,21.000000,10000.000000,0,0,170267694,1304,3,1304,-44,0,19,6
11,700,21.000000,10000.000000,0,0,170267697,1304,3,1304,-44,0,19,6
11,700,21.000000,10000.000000,0,0,170267699,1304,3,1304,-44,0,19,6
11,700,21.000000,10000.000000,0,0,170267702,1304,3,1304,-44,0,19,6
11,700,21.000000,10000.000000,0,0,170267705,1304,3,1304,-44,0,19,6
11,700,21.000000,10000.000000,0,0,170267708,1304,3,1304,-44,0,19,6
11,700,21.000000,10000.000000,0,0,170267710,1304,3,1304,-44,0,19,6
11,700,21.000000,10000.000000,0,0,170267713,1304,3,1304,-44,0,19,6
11,700,21.000000,10000.000000,0,0,170267716,1304,3,1304,-44,0,19,6
11,700,21.000000,10000.000000,0,0,170267719,1304,3,1304,-44,0,19,6
11,700,21.000000,10000.000000,0,0,170267721,1304,3,1304,-44,0,19,6
11,700,21.000000,10000.000000,0,0,170267724,1304,3,1304,-44,0,19,6
11,700,21.000000,10000.000000,0,0,170267727,1304,3,1304,-44,0,19,6
11,700,21.000000,10000.000000,0,0,170267730,1304,3,1304,-44,0,19,6
11,700,21.000000,10000.000000,0,0,170267733,1304,3,1304,-44,0,19,6
11,700,21.000000,10000.000000,0,0,170267735,1304,3,1304,-44,0,19,6
11,700,21.000000,10000.000000,0,0,170267738,1304,3,1304,-44,0,19,6
11,700,21.000000,10000.000000,0,0,170267741,1304,3,1304,-44,0,19,6
11,700,21.000000,10000.000000,0,0,170267744,1304,3,1304,-44,0,19,6
11,700,21.000000,10000.000000,0,0,170267757,1304,3,1304,-44,0,19,6
