11,350,21.000000,42.000000,2,0,171471171,785,5,785,5,0,52,3
11,350,21.000000,42.000000,2,0,171471172,785,5,785,5,0,52,3
11,350,21.000000,42.000000,2,0,171471174,785,5,785,5,0,52,3
11,350,21.000000,42.000000,2,0,171471177,785,5,785,5,0,52,3
11,350,21.000000,42.000000,2,0,171471180,785,5,785,5,0,52,3
11,350,21.000000,42.000000,2,0,171471183,785,5,785,5,0,52,3
11,350,21.000000,42.000000,2,0,171471186,785,5,785,5,0,52,3
11,350,21.000000,42.000000,2,0,171471188,785,5,785,5,0,52,3
11,350,21.000000,42.000000,2,0,171471191,785,5,785,5,0,52,3
11,350,21.000000,42.000000,2,0,171471194,785,5,785,5,0,52,3
11,350,21.000000,42.000000,2,0,171471197,785,5,785,5,0,52,3
11,350,21.000000,42.000000,2,0,171471200,785,5,785,5,0,52,3
11,350,21.000000,42.000000,2,0,171471203,785,5,785,5,0,52,3
11,350,21.000000,42.000000,2,0,171471205,785,5,785,5,0,52,3
11,350,21.000000,42.000000,2,0,171471208,785,5,785,5,0,52,3
11,350,21.000000,42.000000,2,0,171471211,785,5,785,5,0,52,3
11,350,21.000000,42.000000,2,0,171471214,785,5,785,5,0,52,3
11,350,21.000000,42.000000,2,0,171471217,785,5,785,5,0,52,3
11,350,21.000000,42.000000,2,0,171471219,785,5,785,5,0,52,3
11,350,21.000000,42.000000,2,0,171471222,785,5,785,5,0,52,3
11,350,21.000000,42.000000,2,0,171471225,785,5,785,5,0,52,3
11,350,21.000000,42.000000,2,0,171471228,785,5,785,5,0,52,3
11,350,21.000000,42.000000,2,0,171471230,785,5,785,5,0,52,3
11,350,21.000000,42.000000,2,0,171471233,785,5,785,5,0,52,3
11,350,21.000000,42.000000,2,0,171471236,785,5,785,5,0,52,3
11,350,21.000000,42.000000,2,0,171471238,785,5,785,5,0,52,3
11,350,21.000000,42.000000,2,0,171471241,785,5,785,5,0,52,3
11,350,21.000000,42.000000,2,0,171471244,785,5,785,5,0,52,3
11,350,21.000000,42.000000,2,0,171471247,785,5,785,5,0,52,3
11,350,21.000000,42.000000,2,0,171471250,785,5,785,5,0,52,3
11,350,21.000000,42.000000,2,0,171471252,785,5,785,5,0,52,3
11,350,21.000000,42.000000,2,0,171471255,785,5,785,5,0,52,3
11,350,21.000000,42.000000,2,0,171471258,785,5,785,5,0,52,3
11,350,21.000000,42.000000,2,0,171471261,785,6,785,6,0,52,3
11,350,21.000000,42.000000,2,0,171471263,785,7,785,7,0,52,3
11,350,21.000000,42.000000,2,0,171471267,785,7,785,7,0,52,3
11,350,21.000000,42.000000,2,0,171471269,785,7,785,7,0,52,3
11,350,21.000000,42.000000,2,0,171471272,785,8,785,8,0,52,3
11,350,21.000000,42.000000,2,0,171471275,785,9,785,9,0,52,3
11,350,21.000000,42.000000,2,0,171471278,785,9,785,9,0,52,3
11,350,21.000000,42.000000,2,0,171471281,785,9,785,9,0,52,3
11,350,21.000000,42.000000,2,0,171471283,785,11,785,11,0,52,3
11,350,21.000000,42.000000,2,0,171471286,785,13,785,13,0,52,3
11,350,21.000000,42.000000,2,0,171471289,785,14,785,14,0,52,3
11,350,21.000000,42.000000,2,0,171471291,785,15,785,15,0,52,3
11,350,21.000000,42.000000,2,0,171471294,785,16,785,16,0,52,3
11,350,21.000000,42.000000,2,0,171471297,785,18,785,18,0,52,3
11,350,21.000000,42.000000,2,0,171471300,785,20,785,20,0,52,3
11,350,21.000000,42.000000,2,0,171471303,785,21,785,21,0,52,3
11,350,21.000000,42.000000,2,0,171471305,785,22,785,22,0,52,3
11,350,21.000000,42.000000,2,0,171471308,785,23,785,23,0,52,3
11,350,21.000000,42.000000,2,0,171471311,785,24,785,24,0,52,3
11,350,21.000000,42.000000,2,0,171471314,786,25,786,25,0,52,3
11,350,21.000000,42.000000,2,0,171471316,787,29,787,29,0,52,3
11,350,21.000000,42.000000,2,0,171471319,787,30,787,30,0,52,3
11,350,21.000000,42.000000,2,0,171471322,788,32,788,32,0,52,3
11,350,21.000000,42.000000,2,0,171471325,788,34,788,34,0,52,3
11,350,21.000000,42.000000,2,0,171471327,789,35,789,35,0,52,3
11,350,21.000000,42.000000,2,0,171471330,790,37,790,37,0,52,3
11,350,21.000000,42.000000,2,0,171471333,791,38,791,38,0,52,3
11,350,21.000000,42.000000,2,0,171471336,793,39,793,39,0,52,3
11,350,21.000000,42.000000,2,0,171471339,794,42,794,42,0,52,3
11,350,21.000000,42.000000,2,0,171471341,794,44,794,44,0,52,3
11,350,21.000000,42.000000,2,0,171471344,797,46,797,46,0,52,3
11,350,21.000000,42.000000,2,0,171471347,799,49,799,49,0,52,3
11,350,21.000000,42.000000,2,0,171471350,799,50,799,50,0,52,3
11,350,21.000000,42.000000,2,0,171471353,799,53,799,53,0,52,3
11,350,21.000000,42.000000,2,0,171471356,801,57,801,57,0,52,3
11,350,21.000000,42.000000,2,0,171471358,803,57,803,57,0,52,3
11,350,21.000000,42.000000,2,0,171471361,804,60,804,60,0,52,3
11,350,21.000000,42.000000,2,0,171471364,806,62,806,62,0,52,3
11,350,21.000000,42.000000,2,0,171471366,809,64,809,64,0,52,3
11,350,21.000000,42.000000,2,0,171471370,811,65,811,65,0,52,3
11,350,21.000000,42.000000,2,0,171471373,816,69,816,69,0,52,3
11,350,21.000000,42.000000,2,0,171471375,820,71,820,71,0,52,3
11,350,21.000000,42.000000,2,0,171471378,821,72,821,72,0,52,3
11,350,21.000000,42.000000,2,0,171471381,825,76,825,76,0,52,3
11,350,21.000000,42.000000,2,0,171471383,827,76,827,76,0,52,3
11,350,21.000000,42.000000,2,0,171471386,832,78,832,78,0,52,3
11,350,21.000000,42.000000,2,0,171471389,836,80,836,80,0,52,3
11,350,21.000000,42.000000,2,0,171471392,840,81,840,81,0,52,3
11,350,21.000000,42.000000,2,0,171471394,846,84,846,84,0,52,3
11,350,21.000000,42.000000,2,0,171471397,849,86,849,86,0,52,3
11,350,21.000000,42.000000,2,0,171471400,850,86,850,86,0,52,3
11,350,21.000000,42.000000,2,0,171471403,854,86,854,86,0,52,3
11,350,21.000000,42.000000,2,0,171471405,857,86,857,86,0,52,3
11,350,21.000000,42.000000,2,0,171471408,863,87,863,87,0,52,3
11,350,21.000000,42.000000,2,0,171471411,867,87,867,87,0,52,3
11,350,21.000000,42.000000,2,0,171471414,870,88,870,88,0,52,3
11,350,21.000000,42.000000,2,0,171471417,874,89,874,89,0,52,3
11,350,21.000000,42.000000,2,0,171471419,878,89,878,89,0,52,3
11,350,21.000000,42.000000,2,0,171471422,881,91,881,91,0,52,3
11,350,21.000000,42.000000,2,0,171471425,890,92,890,92,0,52,3
11,350,21.000000,42.000000,2,0,171471428,893,92,893,92,0,52,3
11,350,21.000000,42.000000,2,0,171471431,895,95,895,95,0,52,3
11,350,21.000000,42.000000,2,0,171471433,900,95,900,95,0,52,3
11,350,21.000000,42.000000,2,0,171471436,906,96,906,96,0,52,3
11,350,21.000000,42.000000,2,0,171471439,913,98,913,98,0,52,3
11,350,21.000000,42.000000,2,0,171471441,919,98,919,98,0,52,3
11,350,21.000000,42.000000,2,0,171471445,923,100,923,100,0,52,3
11,350,21.000000,42.000000,2,0,171471447,929,102,929,102,0,52,3
11,350,21.000000,42.000000,2,0,171471450,934,103,934,103,0,52,3
11,350,21.000000,42.000000,2,0,171471453,939,103,939,103,0,52,3
11,350,21.000000,42.000000,2,0,171471455,945,105,945,105,0,52,3
11,350,21.000000,42.000000,2,0,171471458,952,105,952,105,0,52,3
11,350,21.000000,42.000000,2,0,171471461,954,105,954,105,0,52,3
11,350,21.000000,42.000000,2,0,171471464,958,106,958,106,0,52,3
11,350,21.000000,42.000000,2,0,171471467,964,108,964,108,0,52,3
11,350,21.000000,42.000000,2,0,171471469,968,109,968,109,0,52,3
11,350,21.000000,42.000000,2,0,171471472,972,109,972,109,0,52,3
11,350,21.000000,42.000000,2,0,171471475,977,109,977,109,0,52,3
11,350,21.000000,42.000000,2,0,171471478,979,109,979,109,0,52,3
11,350,21.000000,42.000000,2,0,171471480,983,109,983,109,0,52,3
11,350,21.000000,42.000000,2,0,171471483,987,109,987,109,0,52,3
11,350,21.000000,42.000000,2,0,171471486,990,109,990,109,0,52,3
11,350,21.000000,42.000000,2,0,171471489,993,109,993,109,0,52,3
11,350,21.000000,42.000000,2,0,171471492,996,109,996,109,0,52,3
11,350,21.000000,42.000000,2,0,171471494,999,109,999,109,0,52,3
11,350,21.000000,42.000000,2,0,171471497,1001,109,1001,109,0,52,3
11,350,21.000000,42.000000,2,0,171471500,1005,109,1005,109,0,52,3
11,350,21.000000,42.000000,2,0,171471503,1006,109,1006,109,0,52,3
11,350,21.000000,42.000000,2,0,171471505,1009,109,1009,109,0,52,3
11,350,21.000000,42.000000,2,0,171471508,1012,109,1012,109,0,52,3
11,350,21.000000,42.000000,2,0,171471511,1014,108,1014,108,0,52,3
11,350,21.000000,42.000000,2,0,171471514,1016,108,1016,108,0,52,3
11,350,21.000000,42.000000,2,0,171471517,1017,107,1017,107,0,52,3
11,350,21.000000,42.000000,2,0,171471519,1018,107,1018,107,0,52,3
11,350,21.000000,42.000000,2,0,171471522,1021,106,1021,106,0,52,3
11,350,21.000000,42.000000,2,0,171471525,1021,105,1021,105,0,52,3
11,350,21.000000,42.000000,2,0,171471528,1023,105,1023,105,0,52,3
11,350,21.000000,42.000000,2,0,171471530,1023,104,1023,104,0,52,3
11,350,21.000000,42.000000,2,0,171471533,1025,103,1025,103,0,52,3
11,350,21.000000,42.000000,2,0,171471536,1027,103,1027,103,0,52,3
11,350,21.000000,42.000000,2,0,171471539,1029,102,1029,102,0,52,3
11,350,21.000000,42.000000,2,0,171471541,1030,101,1030,101,0,52,3
11,350,21.000000,42.000000,2,0,171471544,1032,101,1032,101,0,52,3
11,350,21.000000,42.000000,2,0,171471547,1034,100,1034,100,0,52,3
11,350,21.000000,42.000000,2,0,171471550,1036,99,1036,99,0,52,3
11,350,21.000000,42.000000,2,0,171471553,1040,98,1040,98,0,52,3
11,350,21.000000,42.000000,2,0,171471556,1040,97,1040,97,0,52,3
11,350,21.000000,42.000000,2,0,171471559,1041,97,1041,97,0,52,3
11,350,21.000000,42.000000,2,0,171471561,1042,96,1042,96,0,52,3
11,350,21.000000,42.000000,2,0,171471564,1044,96,1044,96,0,52,3
11,350,21.000000,42.000000,2,0,171471567,1045,95,1045,95,0,52,3
11,350,21.000000,42.000000,2,0,171471570,1047,95,1047,95,0,52,3
11,350,21.000000,42.000000,2,0,171471572,1049,95,1049,95,0,52,3
11,350,21.000000,42.000000,2,0,171471575,1050,93,1050,93,0,52,3
11,350,21.000000,42.000000,2,0,171471578,1051,91,1051,91,0,52,3
11,350,21.000000,42.000000,2,0,171471580,1051,90,1051,90,0,52,3
11,350,21.000000,42.000000,2,0,171471583,1053,89,1053,89,0,52,3
11,350,21.000000,42.000000,2,0,171471586,1054,89,1054,89,0,52,3
11,350,21.000000,42.000000,2,0,171471589,1055,88,1055,88,0,52,3
11,350,21.000000,42.000000,2,0,171471592,1057,86,1057,86,0,52,3
11,350,21.000000,42.000000,2,0,171471594,1060,84,1060,84,0,52,3
11,350,21.000000,42.000000,2,0,171471597,1061,83,1061,83,0,52,3
11,350,21.000000,42.000000,2,0,171471600,1062,82,1062,82,0,52,3
11,350,21.000000,42.000000,2,0,171471603,1063,82,1063,82,0,52,3
11,350,21.000000,42.000000,2,0,171471605,1064,82,1064,82,0,52,3
11,350,21.000000,42.000000,2,0,171471608,1064,81,1064,81,0,52,3
11,350,21.000000,42.000000,2,0,171471611,1066,79,1066,79,0,52,3
11,350,21.000000,42.000000,2,0,171471614,1066,78,1066,78,0,52,3
11,350,21.000000,42.000000,2,0,171471617,1068,76,1068,76,0,52,3
11,350,21.000000,42.000000,2,0,171471619,1069,74,1069,74,0,52,3
11,350,21.000000,42.000000,2,0,171471622,1070,73,1070,73,0,52,3
11,350,21.000000,42.000000,2,0,171471625,1070,72,1070,72,0,52,3
11,350,21.000000,42.000000,2,0,171471628,1071,70,1071,70,0,52,3
11,350,21.000000,42.000000,2,0,171471630,1073,68,1073,68,0,52,3
11,350,21.000000,42.000000,2,0,171471633,1073,67,1073,67,0,52,3
11,350,21.000000,42.000000,2,0,171471636,1076,65,1076,65,0,52,3
11,350,21.000000,42.000000,2,0,171471639,1077,64,1077,64,0,52,3
11,350,21.000000,42.000000,2,0,171471642,1080,62,1080,62,0,52,3
11,350,21.000000,42.000000,2,0,171471644,1082,61,1082,61,0,52,3
11,350,21.000000,42.000000,2,0,171471647,1083,60,1083,60,0,52,3
11,350,21.000000,42.000000,2,0,171471650,1084,59,1084,59,0,52,3
11,350,21.000000,42.000000,2,0,171471653,1084,58,1084,58,0,52,3
11,350,21.000000,42.000000,2,0,171471655,1086,57,1086,57,0,52,3
11,350,21.000000,42.000000,2,0,171471658,1090,55,1090,55,0,52,3
11,350,21.000000,42.000000,2,0,171471661,1090,54,1090,54,0,52,3
11,350,21.000000,42.000000,2,0,171471664,1090,53,1090,53,0,52,3
11,350,21.000000,42.000000,2,0,171471667,1090,52,1090,52,0,52,3
11,350,21.000000,42.000000,2,0,171471669,1090,51,1090,51,0,52,3
11,350,21.000000,42.000000,2,0,171471672,1091,50,1091,50,0,52,3
11,350,21.000000,42.000000,2,0,171471675,1092,48,1092,48,0,52,3
11,350,21.000000,42.000000,2,0,171471678,1092,47,1092,47,0,52,3
11,350,21.000000,42.000000,2,0,171471681,1093,46,1093,46,0,52,3
11,350,21.000000,42.000000,2,0,171471683,1094,45,1094,45,0,52,3
11,350,21.000000,42.000000,2,0,171471686,1094,44,1094,44,0,52,3
11,350,21.000000,42.000000,2,0,171471689,1094,43,1094,43,0,52,3
11,350,21.000000,42.000000,2,0,171471692,1094,42,1094,42,0,52,3
11,350,21.000000,42.000000,2,0,171471695,1094,42,1094,42,0,52,3
11,350,21.000000,42.000000,2,0,171471697,1094,41,1094,41,0,52,3
11,350,21.000000,42.000000,2,0,171471700,1094,40,1094,40,0,52,3
11,350,21.000000,42.000000,2,0,171471703,1095,39,1095,39,0,52,3
11,350,21.000000,42.000000,2,0,171471705,1096,39,1096,39,0,52,3
11,350,21.000000,42.000000,2,0,171471708,1096,38,1096,38,0,52,3
11,350,21.000000,42.000000,2,0,171471711,1097,36,1097,36,0,52,3
11,350,21.000000,42.000000,2,0,171471714,1098,34,1098,34,0,52,3
11,350,21.000000,42.000000,2,0,171471716,1098,33,1098,33,0,52,3
11,350,21.000000,42.000000,2,0,171471719,1098,32,1098,32,0,52,3
11,350,21.000000,42.000000,2,0,171471722,1098,31,1098,31,0,52,3
11,350,21.000000,42.000000,2,0,171471725,1099,30,1099,30,0,52,3
11,350,21.000000,42.000000,2,0,171471728,1099,29,1099,29,0,52,3
11,350,21.000000,42.000000,2,0,171471730,1100,29,1100,29,0,52,3
11,350,21.000000,42.000000,2,0,171471733,1101,29,1101,29,0,52,3
11,350,21.000000,42.000000,2,0,171471736,1102,28,1102,28,0,52,3
11,350,21.000000,42.000000,2,0,171471739,1102,27,1102,27,0,52,3
11,350,21.000000,42.000000,2,0,171471742,1102,26,1102,26,0,52,3
11,350,21.000000,42.000000,2,0,171471744,1104,25,1104,25,0,52,3
11,350,21.000000,42.000000,2,0,171471747,1104,25,1104,25,0,52,3
11,350,21.000000,42.000000,2,0,171471750,1105,24,1105,24,0,52,3
11,350,21.000000,42.000000,2,0,171471753,1105,23,1105,23,0,52,3
11,350,21.000000,42.000000,2,0,171471756,1106,23,1106,23,0,52,3
11,350,21.000000,42.000000,2,0,171471759,1107,23,1107,23,0,52,3
11,350,21.000000,42.000000,2,0,171471761,1107,23,1107,23,0,52,3
11,350,21.000000,42.000000,2,0,171471764,1107,23,1107,23,0,52,3
11,350,21.000000,42.000000,2,0,171471767,1108,23,1108,23,0,52,3
11,350,21.000000,42.000000,2,0,171471769,1109,23,1109,23,0,52,3
11,350,21.000000,42.000000,2,0,171471772,1110,21,1110,21,0,52,3
11,350,21.000000,42.000000,2,0,171471775,1112,19,1112,19,0,52,3
11,350,21.000000,42.000000,2,0,171471778,1113,18,1113,18,0,52,3
11,350,21.000000,42.000000,2,0,171471780,1114,17,1114,17,0,52,3
11,350,21.000000,42.000000,2,0,171471784,1114,17,1114,17,0,52,3
11,350,21.000000,42.000000,2,0,171471786,1116,17,1116,17,0,52,3
11,350,21.000000,42.000000,2,0,171471789,1116,16,1116,16,0,52,3
11,350,21.000000,42.000000,2,0,171471792,1116,15,1116,15,0,52,3
11,350,21.000000,42.000000,2,0,171471795,1117,15,1117,15,0,52,3
11,350,21.000000,42.000000,2,0,171471798,1118,15,1118,15,0,52,3
11,350,21.000000,42.000000,2,0,171471800,1118,15,1118,15,0,52,3
11,350,21.000000,42.000000,2,0,171471803,1119,15,1119,15,0,52,3
11,350,21.000000,42.000000,2,0,171471806,1119,15,1119,15,0,52,3
11,350,21.000000,42.000000,2,0,171471808,1120,15,1120,15,0,52,3
11,350,21.000000,42.000000,2,0,171471811,1120,14,1120,14,0,52,3
11,350,21.000000,42.000000,2,0,171471814,1121,14,1121,14,0,52,3
11,350,21.000000,42.000000,2,0,171471817,1122,14,1122,14,0,52,3
11,350,21.000000,42.000000,2,0,171471820,1123,14,1123,14,0,52,3
11,350,21.000000,42.000000,2,0,171471822,1124,14,1124,14,0,52,3
11,350,21.000000,42.000000,2,0,171471825,1124,13,1124,13,0,52,3
11,350,21.000000,42.000000,2,0,171471828,1125,13,1125,13,0,52,3
11,350,21.000000,42.000000,2,0,171471831,1126,12,1126,12,0,52,3
11,350,21.000000,42.000000,2,0,171471833,1127,11,1127,11,0,52,3
11,350,21.000000,42.000000,2,0,171471836,1127,11,1127,11,0,52,3
11,350,21.000000,42.000000,2,0,171471839,1131,10,1131,10,0,52,3
11,350,21.000000,42.000000,2,0,171471842,1131,10,1131,10,0,52,3
11,350,21.000000,42.000000,2,0,171471845,1132,10,1132,10,0,52,3
11,350,21.000000,42.000000,2,0,171471847,1133,9,1133,9,0,52,3
11,350,21.000000,42.000000,2,0,171471850,1134,8,1134,8,0,52,3
11,350,21.000000,42.000000,2,0,171471853,1134,7,1134,7,0,52,3
11,350,21.000000,42.000000,2,0,171471856,1134,6,1134,6,0,52,3
11,350,21.000000,42.000000,2,0,171471858,1134,6,1134,6,0,52,3
11,350,21.000000,42.000000,2,0,171471862,1134,6,1134,6,0,52,3
11,350,21.000000,42.000000,2,0,171471864,1134,6,1134,6,0,52,3
11,350,21.000000,42.000000,2,0,171471867,1134,6,1134,6,0,52,3
11,350,21.000000,42.000000,2,0,171471870,1134,6,1134,6,0,52,3
11,350,21.000000,42.000000,2,0,171471872,1135,6,1135,6,0,52,3
11,350,21.000000,42.000000,2,0,171471875,1136,6,1136,6,0,52,3
11,350,21.000000,42.000000,2,0,171471878,1136,6,1136,6,0,52,3
11,350,21.000000,42.000000,2,0,171471881,1137,6,1137,6,0,52,3
11,350,21.000000,42.000000,2,0,171471884,1137,6,1137,6,0,52,3
11,350,21.000000,42.000000,2,0,171471886,1137,6,1137,6,0,52,3
11,350,21.000000,42.000000,2,0,171471889,1137,6,1137,6,0,52,3
11,350,21.000000,42.000000,2,0,171471892,1137,6,1137,6,0,52,3
11,350,21.000000,42.000000,2,0,171471895,1137,6,1137,6,0,52,3
11,350,21.000000,42.000000,2,0,171471898,1137,6,1137,6,0,52,3
11,350,21.000000,42.000000,2,0,171471900,1137,6,1137,6,0,52,3
11,350,21.000000,42.000000,2,0,171471903,1137,6,1137,6,0,52,3
11,350,21.000000,42.000000,2,0,171471906,1137,6,1137,6,0,52,3
11,350,21.000000,42.000000,2,0,171471909,1137,6,1137,6,0,52,3
11,350,21.000000,42.000000,2,0,171471911,1137,6,1137,6,0,52,3
11,350,21.000000,42.000000,2,0,171471914,1137,6,1137,6,0,52,3
11,350,21.000000,42.000000,2,0,171471917,1137,6,1137,6,0,52,3
11,350,21.000000,42.000000,2,0,171471920,1137,6,1137,6,0,52,3
11,350,21.000000,42.000000,2,0,171471923,1137,6,1137,6,0,52,3
11,350,21.000000,42.000000,2,0,171471925,1137,6,1137,6,0,52,3
11,350,21.000000,42.000000,2,0,171471928,1137,6,1137,6,0,52,3
11,350,21.000000,42.000000,2,0,171471931,1137,6,1137,6,0,52,3
11,350,21.000000,42.000000,2,0,171471934,1137,6,1137,6,0,52,3
11,350,21.000000,42.000000,2,0,171471937,1137,6,1137,6,0,52,3
11,350,21.000000,42.000000,2,0,171471939,1137,6,1137,6,0,52,3
11,350,21.000000,42.000000,2,0,171471942,1137,6,1137,6,0,52,3
11,350,21.000000,42.000000,2,0,171471944,1137,6,1137,6,0,52,3
11,350,21.000000,42.000000,2,0,171471947,1137,6,1137,6,0,52,3
11,350,21.000000,42.000000,2,0,171471950,1137,6,1137,6,0,52,3
11,350,21.000000,42.000000,2,0,171471953,1137,6,1137,6,0,52,3
11,350,21.000000,42.000000,2,0,171471956,1137,6,1137,6,0,52,3
11,350,21.000000,42.000000,2,0,171471958,1137,6,1137,6,0,52,3
11,350,21.000000,42.000000,2,0,171471961,1137,6,1137,6,0,52,3
11,350,21.000000,42.000000,2,0,171471964,1137,6,1137,6,0,52,3
11,350,21.000000,42.000000,2,0,171471967,1137,6,1137,6,0,52,3
11,350,21.000000,42.000000,2,0,171471969,1137,6,1137,6,0,52,3
11,350,21.000000,42.000000,2,0,171471972,1137,6,1137,6,0,52,3
11,350,21.000000,42.000000,2,0,171471975,1137,6,1137,6,0,52,3
11,350,21.000000,42.000000,2,0,171471978,1137,6,1137,6,0,52,3
11,350,21.000000,42.000000,2,0,171471981,1137,6,1137,6,0,52,3
11,350,21.000000,42.000000,2,0,171471983,1137,6,1137,6,0,52,3
11,350,21.000000,42.000000,2,0,171471986,1137,6,1137,6,0,52,3
11,350,21.000000,42.000000,2,0,171471989,1137,6,1137,6,0,52,3
11,350,21.000000,42.000000,2,0,171472002,1137,6,1137,6,0,52,3
