11,350,80.500000,0.000000,2,0,171579856,802,0,802,0,0,57,4
11,350,80.500000,0.000000,2,0,171579857,802,0,802,0,0,57,4
11,350,80.500000,0.000000,2,0,171579859,802,0,802,0,0,57,4
11,350,80.500000,0.000000,2,0,171579862,802,0,802,0,0,57,4
11,350,80.500000,0.000000,2,0,171579865,802,0,802,0,0,57,4
11,350,80.500000,0.000000,2,0,171579868,802,0,802,0,0,57,4
11,350,80.500000,0.000000,2,0,171579871,802,0,802,0,0,57,4
11,350,80.500000,0.000000,2,0,171579873,802,0,802,0,0,57,4
11,350,80.500000,0.000000,2,0,171579876,802,0,802,0,0,57,4
11,350,80.500000,0.000000,2,0,171579879,802,0,802,0,0,57,4
11,350,80.500000,0.000000,2,0,171579882,802,0,802,0,0,57,4
11,350,80.500000,0.000000,2,0,171579885,802,0,802,0,0,57,4
11,350,80.500000,0.000000,2,0,171579887,802,0,802,0,0,57,4
11,350,80.500000,0.000000,2,0,171579890,802,0,802,0,0,57,4
11,350,80.500000,0.000000,2,0,171579893,802,0,802,0,0,57,4
11,350,80.500000,0.000000,2,0,171579895,802,0,802,0,0,57,4
11,350,80.500000,0.000000,2,0,171579898,802,0,802,0,0,57,4
11,350,80.500000,0.000000,2,0,171579901,802,0,802,0,0,57,4
11,350,80.500000,0.000000,2,0,171579904,802,0,802,0,0,57,4
11,350,80.500000,0.000000,2,0,171579906,802,0,802,0,0,57,4
11,350,80.500000,0.000000,2,0,171579909,802,0,802,0,0,57,4
11,350,80.500000,0.000000,2,0,171579912,802,0,802,0,0,57,4
11,350,80.500000,0.000000,2,0,171579915,802,0,802,0,0,57,4
11,350,80.500000,0.000000,2,0,171579918,802,0,802,0,0,57,4
11,350,80.500000,0.000000,2,0,171579920,802,0,802,0,0,57,4
11,350,80.500000,0.000000,2,0,171579923,802,0,802,0,0,57,4
11,350,80.500000,0.000000,2,0,171579926,802,0,802,0,0,57,4
11,350,80.500000,0.000000,2,0,171579929,802,0,802,0,0,57,4
11,350,80.500000,0.000000,2,0,171579932,802,0,802,0,0,57,4
11,350,80.500000,0.000000,2,0,171579934,802,0,802,0,0,57,4
11,350,80.500000,0.000000,2,0,171579937,802,0,802,0,0,57,4
11,350,80.500000,0.000000,2,0,171579940,802,0,802,0,0,57,4
11,350,80.500000,0.000000,2,0,171579943,802,0,802,0,0,57,4
11,350,80.500000,0.000000,2,0,171579946,802,0,802,0,0,57,4
11,350,80.500000,0.000000,2,0,171579949,802,0,802,0,0,57,4
11,350,80.500000,0.000000,2,0,171579951,802,0,802,0,0,57,4
11,350,80.500000,0.000000,2,0,171579954,802,2,802,2,0,57,4
11,350,80.500000,0.000000,2,0,171579957,802,4,802,4,0,57,4
11,350,80.500000,0.000000,2,0,171579960,802,5,802,5,0,57,4
11,350,80.500000,0.000000,2,0,171579962,803,5,803,5,0,57,4
11,350,80.500000,0.000000,2,0,171579965,804,5,804,5,0,57,4
11,350,80.500000,0.000000,2,0,171579968,805,5,805,5,0,57,4
11,350,80.500000,0.000000,2,0,171579970,806,6,806,6,0,57,4
11,350,80.500000,0.000000,2,0,171579973,806,7,806,7,0,57,4
11,350,80.500000,0.000000,2,0,171579976,806,8,806,8,0,57,4
11,350,80.500000,0.000000,2,0,171579979,806,10,806,10,0,57,4
11,350,80.500000,0.000000,2,0,171579982,807,10,807,10,0,57,4
11,350,80.500000,0.000000,2,0,171579984,808,11,808,11,0,57,4
11,350,80.500000,0.000000,2,0,171579987,809,12,809,12,0,57,4
11,350,80.500000,0.000000,2,0,171579990,811,14,811,14,0,57,4
11,350,80.500000,0.000000,2,0,171579993,812,15,812,15,0,57,4
11,350,80.500000,0.000000,2,0,171579996,812,17,812,17,0,57,4
11,350,80.500000,0.000000,2,0,171579998,813,17,813,17,0,57,4
11,350,80.500000,0.000000,2,0,171580001,815,18,815,18,0,57,4
11,350,80.500000,0.000000,2,0,171580004,816,20,816,20,0,57,4
11,350,80.500000,0.000000,2,0,171580007,818,21,818,21,0,57,4
11,350,80.500000,0.000000,2,0,171580010,819,23,819,23,0,57,4
11,350,80.500000,0.000000,2,0,171580012,821,23,821,23,0,57,4
11,350,80.500000,0.000000,2,0,171580015,823,23,823,23,0,57,4
11,350,80.500000,0.000000,2,0,171580018,825,23,825,23,0,57,4
11,350,80.500000,0.000000,2,0,171580021,827,23,827,23,0,57,4
11,350,80.500000,0.000000,2,0,171580023,831,25,831,25,0,57,4
11,350,80.500000,0.000000,2,0,171580026,832,26,832,26,0,57,4
11,350,80.500000,0.000000,2,0,171580029,833,28,833,28,0,57,4
11,350,80.500000,0.000000,2,0,171580032,837,29,837,29,0,57,4
11,350,80.500000,0.000000,2,0,171580035,838,30,838,30,0,57,4
11,350,80.500000,0.000000,2,0,171580037,840,32,840,32,0,57,4
11,350,80.500000,0.000000,2,0,171580040,844,33,844,33,0,57,4
11,350,80.500000,0.000000,2,0,171580043,847,34,847,34,0,57,4
11,350,80.500000,0.000000,2,0,171580046,849,34,849,34,0,57,4
11,350,80.500000,0.000000,2,0,171580049,851,35,851,35,0,57,4
11,350,80.500000,0.000000,2,0,171580051,852,36,852,36,0,57,4
11,350,80.500000,0.000000,2,0,171580054,854,36,854,36,0,57,4
11,350,80.500000,0.000000,2,0,171580057,857,38,857,38,0,57,4
11,350,80.500000,0.000000,2,0,171580059,858,39,858,39,0,57,4
11,350,80.500000,0.000000,2,0,171580062,860,39,860,39,0,57,4
11,350,80.500000,0.000000,2,0,171580065,861,41,861,41,0,57,4
11,350,80.500000,0.000000,2,0,171580068,864,41,864,41,0,57,4
11,350,80.500000,0.000000,2,0,171580070,865,42,865,42,0,57,4
11,350,80.500000,0.000000,2,0,171580073,867,42,867,42,0,57,4
11,350,80.500000,0.000000,2,0,171580076,869,42,869,42,0,57,4
11,350,80.500000,0.000000,2,0,171580079,871,42,871,42,0,57,4
11,350,80.500000,0.000000,2,0,171580082,872,42,872,42,0,57,4
11,350,80.500000,0.000000,2,0,171580085,874,42,874,42,0,57,4
11,350,80.500000,0.000000,2,0,171580087,876,42,876,42,0,57,4
11,350,80.500000,0.000000,2,0,171580090,878,42,878,42,0,57,4
11,350,80.500000,0.000000,2,0,171580093,879,42,879,42,0,57,4
11,350,80.500000,0.000000,2,0,171580096,880,42,880,42,0,57,4
11,350,80.500000,0.000000,2,0,171580098,882,43,882,43,0,57,4
11,350,80.500000,0.000000,2,0,171580101,883,43,883,43,0,57,4
11,350,80.500000,0.000000,2,0,171580104,884,43,884,43,0,57,4
11,350,80.500000,0.000000,2,0,171580107,886,43,886,43,0,57,4
11,350,80.500000,0.000000,2,0,171580109,888,43,888,43,0,57,4
11,350,80.500000,0.000000,2,0,171580112,888,43,888,43,0,57,4
11,350,80.500000,0.000000,2,0,171580115,890,43,890,43,0,57,4
11,350,80.500000,0.000000,2,0,171580118,891,43,891,43,0,57,4
11,350,80.500000,0.000000,2,0,171580120,893,42,893,42,0,57,4
11,350,80.500000,0.000000,2,0,171580123,893,41,893,41,0,57,4
11,350,80.500000,0.000000,2,0,171580126,895,41,895,41,0,57,4
11,350,80.500000,0.000000,2,0,171580129,896,41,896,41,0,57,4
11,350,80.500000,0.000000,2,0,171580132,900,39,900,39,0,57,4
11,350,80.500000,0.000000,2,0,171580135,902,38,902,38,0,57,4
11,350,80.500000,0.000000,2,0,171580137,905,36,905,36,0,57,4
11,350,80.500000,0.000000,2,0,171580140,907,36,907,36,0,57,4
11,350,80.500000,0.000000,2,0,171580143,909,35,909,35,0,57,4
11,350,80.500000,0.000000,2,0,171580146,914,34,914,34,0,57,4
11,350,80.500000,0.000000,2,0,171580149,914,33,914,33,0,57,4
11,350,80.500000,0.000000,2,0,171580151,919,31,919,31,0,57,4
11,350,80.500000,0.000000,2,0,171580154,921,31,921,31,0,57,4
11,350,80.500000,0.000000,2,0,171580157,924,30,924,30,0,57,4
11,350,80.500000,0.000000,2,0,171580159,927,30,927,30,0,57,4
11,350,80.500000,0.000000,2,0,171580162,930,30,930,30,0,57,4
11,350,80.500000,0.000000,2,0,171580165,932,30,932,30,0,57,4
11,350,80.500000,0.000000,2,0,171580168,936,29,936,29,0,57,4
11,350,80.500000,0.000000,2,0,171580171,939,28,939,28,0,57,4
11,350,80.500000,0.000000,2,0,171580173,941,28,941,28,0,57,4
11,350,80.500000,0.000000,2,0,171580176,946,27,946,27,0,57,4
11,350,80.500000,0.000000,2,0,171580179,950,27,950,27,0,57,4
11,350,80.500000,0.000000,2,0,171580182,953,27,953,27,0,57,4
11,350,80.500000,0.000000,2,0,171580185,955,26,955,26,0,57,4
11,350,80.500000,0.000000,2,0,171580187,958,26,958,26,0,57,4
11,350,80.500000,0.000000,2,0,171580190,962,26,962,26,0,57,4
11,350,80.500000,0.000000,2,0,171580193,964,26,964,26,0,57,4
11,350,80.500000,0.000000,2,0,171580196,966,26,966,26,0,57,4
11,350,80.500000,0.000000,2,0,171580199,970,25,970,25,0,57,4
11,350,80.500000,0.000000,2,0,171580201,973,25,973,25,0,57,4
11,350,80.500000,0.000000,2,0,171580204,976,24,976,24,0,57,4
11,350,80.500000,0.000000,2,0,171580207,979,24,979,24,0,57,4
11,350,80.500000,0.000000,2,0,171580210,980,24,980,24,0,57,4
11,350,80.500000,0.000000,2,0,171580213,981,24,981,24,0,57,4
11,350,80.500000,0.000000,2,0,171580215,984,24,984,24,0,57,4
11,350,80.500000,0.000000,2,0,171580218,986,23,986,23,0,57,4
11,350,80.500000,0.000000,2,0,171580221,988,23,988,23,0,57,4
11,350,80.500000,0.000000,2,0,171580224,990,22,990,22,0,57,4
11,350,80.500000,0.000000,2,0,171580227,993,22.600000,993,21,0,57,4
11,350,80.500000,0.000000,2,0,171580229,994,22.600000,994,21,0,57,4
11,350,80.500000,0.000000,2,0,171580232,997,22.600000,997,19,0,57,4
11,350,80.500000,0.000000,2,0,171580235,999,22.600000,999,19,0,57,4
11,350,80.500000,0.000000,2,0,171580238,1002,22.600000,1002,18,0,57,4
11,350,80.500000,0.000000,2,0,171580240,1004,22.600000,1004,18,0,57,4
11,350,80.500000,0.000000,2,0,171580243,1006,22.600000,1006,17,0,57,4
11,350,80.500000,0.000000,2,0,171580246,1009,22.600000,1009,16,0,57,4
11,350,80.500000,0.000000,2,0,171580248,1010,22.600000,1010,15,0,57,4
11,350,80.500000,0.000000,2,0,171580252,1011,22.600000,1011,15,0,57,4
11,350,80.500000,0.000000,2,0,171580254,1014,22.600000,1014,14,0,57,4
11,350,80.500000,0.000000,2,0,171580257,1015,22.600000,1015,13,0,57,4
11,350,80.500000,0.000000,2,0,171580260,1016,22.600000,1016,13,0,57,4
11,350,80.500000,0.000000,2,0,171580263,1018,22.600000,1018,13,0,57,4
11,350,80.500000,0.000000,2,0,171580266,1021,22.600000,1021,13,0,57,4
11,350,80.500000,0.000000,2,0,171580268,1022,22.600000,1022,13,0,57,4
11,350,80.500000,0.000000,2,0,171580271,1023,22.600000,1023,13,0,57,4
11,350,80.500000,0.000000,2,0,171580274,1024,22.600000,1024,13,0,57,4
11,350,80.500000,0.000000,2,0,171580276,1026,22.600000,1026,12,0,57,4
11,350,80.500000,0.000000,2,0,171580279,1027,22.600000,1027,12,0,57,4
11,350,80.500000,0.000000,2,0,171580282,1029,22.600000,1029,12,0,57,4
11,350,80.500000,0.000000,2,0,171580285,1031,22.600000,1031,12,0,57,4
11,350,80.500000,0.000000,2,0,171580288,1033,22.600000,1033,12,0,57,4
11,350,80.500000,0.000000,2,0,171580290,1035,22.600000,1035,12,0,57,4
11,350,80.500000,0.000000,2,0,171580293,1037,22.600000,1037,12,0,57,4
11,350,80.500000,0.000000,2,0,171580296,1038,22.600000,1038,12,0,57,4
11,350,80.500000,0.000000,2,0,171580299,1041,22.600000,1041,11,0,57,4
11,350,80.500000,0.000000,2,0,171580301,1043,22.600000,1043,11,0,57,4
11,350,80.500000,0.000000,2,0,171580304,1044,22.600000,1044,11,0,57,4
11,350,80.500000,0.000000,2,0,171580307,1046,22.600000,1046,11,0,57,4
11,350,80.500000,0.000000,2,0,171580310,1047,22.600000,1047,11,0,57,4
11,350,80.500000,0.000000,2,0,171580312,1048,22.600000,1048,11,0,57,4
11,350,80.500000,0.000000,2,0,171580315,1049,22.600000,1049,11,0,57,4
11,350,80.500000,0.000000,2,0,171580318,1050,22.600000,1050,11,0,57,4
11,350,80.500000,0.000000,2,0,171580321,1052,22.600000,1052,11,0,57,4
11,350,80.500000,0.000000,2,0,171580324,1054,22.600000,1054,11,0,57,4
11,350,80.500000,0.000000,2,0,171580326,1055,22.600000,1055,11,0,57,4
11,350,80.500000,0.000000,2,0,171580329,1056,22.600000,1056,10,0,57,4
11,350,80.500000,0.000000,2,0,171580332,1057,22.600000,1057,9,0,57,4
11,350,80.500000,0.000000,2,0,171580335,1058,22.600000,1058,9,0,57,4
11,350,80.500000,0.000000,2,0,171580338,1059,22.600000,1059,7,0,57,4
11,350,80.500000,0.000000,2,0,171580340,1060,22.600000,1060,7,0,57,4
11,350,80.500000,0.000000,2,0,171580343,1062,22.600000,1062,6,0,57,4
11,350,80.500000,0.000000,2,0,171580346,1063,22.600000,1063,6,0,57,4
11,350,80.500000,0.000000,2,0,171580349,1064,22.600000,1064,5,0,57,4
11,350,80.500000,0.000000,2,0,171580352,1065,22.600000,1065,4,0,57,4
11,350,80.500000,0.000000,2,0,171580354,1066,22.600000,1066,3,0,57,4
11,350,80.500000,0.000000,2,0,171580357,1066,22.600000,1066,2,0,57,4
11,350,80.500000,0.000000,2,0,171580359,1067,22.600000,1067,1,0,57,4
11,350,80.500000,0.000000,2,0,171580363,1069,22.600000,1069,0,0,57,4
11,350,80.500000,0.000000,2,0,171580365,1069,22.600000,1069,-1,0,57,4
11,350,80.500000,0.000000,2,0,171580368,1070,22.600000,1070,-2,0,57,4
11,350,80.500000,0.000000,2,0,171580371,1070,22.600000,1070,-4,0,57,4
11,350,80.500000,0.000000,2,0,171580374,1071,22.600000,1071,-5,0,57,4
11,350,80.500000,0.000000,2,0,171580376,1072,22.600000,1072,-7,0,57,4
11,350,80.500000,0.000000,2,0,171580379,1072,22.600000,1072,-8,0,57,4
11,350,80.500000,0.000000,2,0,171580382,1073,22.600000,1073,-9,0,57,4
11,350,80.500000,0.000000,2,0,171580385,1075,22.600000,1075,-11,0,57,4
11,350,80.500000,0.000000,2,0,171580388,1076,22.600000,1076,-12,0,57,4
11,350,80.500000,0.000000,2,0,171580390,1076,22.600000,1076,-13,0,57,4
11,350,80.500000,0.000000,2,0,171580393,1076,22.600000,1076,-14,0,57,4
11,350,80.500000,0.000000,2,0,171580396,1078,22.600000,1078,-14,0,57,4
11,350,80.500000,0.000000,2,0,171580399,1079,22.600000,1079,-15,0,57,4
11,350,80.500000,0.000000,2,0,171580402,1079,22.600000,1079,-17,0,57,4
11,350,80.500000,0.000000,2,0,171580404,1080,22.600000,1080,-17,0,57,4
11,350,80.500000,0.000000,2,0,171580407,1080,22.600000,1080,-18,0,57,4
11,350,80.500000,0.000000,2,0,171580410,1080,22.600000,1080,-19,0,57,4
11,350,80.500000,0.000000,2,0,171580412,1080,22.600000,1080,-20,0,57,4
11,350,80.500000,0.000000,2,0,171580415,1080,22.600000,1080,-21,0,57,4
11,350,80.500000,0.000000,2,0,171580418,1081,22.600000,1081,-21,0,57,4
11,350,80.500000,0.000000,2,0,171580421,1082,22.600000,1082,-22,0,57,4
11,350,80.500000,0.000000,2,0,171580424,1082,22.600000,1082,-23,0,57,4
11,350,80.500000,0.000000,2,0,171580426,1083,22.600000,1083,-24,0,57,4
11,350,80.500000,0.000000,2,0,171580429,1084,22.600000,1084,-25,0,57,4
11,350,80.500000,0.000000,2,0,171580432,1085,22.600000,1085,-27,0,57,4
11,350,80.500000,0.000000,2,0,171580435,1085,22.600000,1085,-28,0,57,4
11,350,80.500000,0.000000,2,0,171580438,1086,22.600000,1086,-28,0,57,4
11,350,80.500000,0.000000,2,0,171580440,1087,22.600000,1087,-29,0,57,4
11,350,80.500000,0.000000,2,0,171580443,1088,22.600000,1088,-29,0,57,4
11,350,80.500000,0.000000,2,0,171580446,1088,22.600000,1088,-30,0,57,4
11,350,80.500000,0.000000,2,0,171580449,1089,22.600000,1089,-30,0,57,4
11,350,80.500000,0.000000,2,0,171580452,1089,22.600000,1089,-31,0,57,4
11,350,80.500000,0.000000,2,0,171580454,1089,22.600000,1089,-32,0,57,4
11,350,80.500000,0.000000,2,0,171580457,1090,22.600000,1090,-33,0,57,4
11,350,80.500000,0.000000,2,0,171580460,1091,22.600000,1091,-34,0,57,4
11,350,80.500000,0.000000,2,0,171580462,1091,22.600000,1091,-35,0,57,4
11,350,80.500000,0.000000,2,0,171580466,1091,22.600000,1091,-36,0,57,4
11,350,80.500000,0.000000,2,0,171580468,1091,22.600000,1091,-37,0,57,4
11,350,80.500000,0.000000,2,0,171580471,1092,22.600000,1092,-39,0,57,4
11,350,80.500000,0.000000,2,0,171580473,1093,22.600000,1093,-40,0,57,4
11,350,80.500000,0.000000,2,0,171580476,1093,22.600000,1093,-41,0,57,4
11,350,80.500000,0.000000,2,0,171580479,1093,22.600000,1093,-42,0,57,4
11,350,80.500000,0.000000,2,0,171580482,1093,22.600000,1093,-42,0,57,4
11,350,80.500000,0.000000,2,0,171580485,1093,22.600000,1093,-43,0,57,4
11,350,80.500000,0.000000,2,0,171580487,1094,22.600000,1094,-43,0,57,4
11,350,80.500000,0.000000,2,0,171580490,1096,22.600000,1096,-43,0,57,4
11,350,80.500000,0.000000,2,0,171580493,1096,21.600000,1096,-44,0,57,4
11,350,80.500000,0.000000,2,0,171580496,1096,20.600000,1096,-45,0,57,4
11,350,80.500000,0.000000,2,0,171580499,1097,18.600000,1097,-47,0,57,4
11,350,80.500000,0.000000,2,0,171580501,1098,16.600000,1098,-49,0,57,4
11,350,80.500000,0.000000,2,0,171580504,1098,16.600000,1098,-49,0,57,4
11,350,80.500000,0.000000,2,0,171580507,1098,16.600000,1098,-49,0,57,4
11,350,80.500000,0.000000,2,0,171580510,1098,15.600000,1098,-50,0,57,4
11,350,80.500000,0.000000,2,0,171580513,1098,14.600000,1098,-51,0,57,4
11,350,80.500000,0.000000,2,0,171580515,1099,14.600000,1099,-51,0,57,4
11,350,80.500000,0.000000,2,0,171580518,1100,14.600000,1100,-51,0,57,4
11,350,80.500000,0.000000,2,0,171580521,1100,14.600000,1100,-51,0,57,4
11,350,80.500000,0.000000,2,0,171580524,1100,14.600000,1100,-51,0,57,4
11,350,80.500000,0.000000,2,0,171580527,1100,14.600000,1100,-51,0,57,4
11,350,80.500000,0.000000,2,0,171580529,1100,14.600000,1100,-51,0,57,4
11,350,80.500000,0.000000,2,0,171580532,1100,14.600000,1100,-51,0,57,4
11,350,80.500000,0.000000,2,0,171580535,1101,14.600000,1101,-51,0,57,4
11,350,80.500000,0.000000,2,0,171580538,1101,13.600000,1101,-52,0,57,4
11,350,80.500000,0.000000,2,0,171580541,1101,12.600000,1101,-53,0,57,4
11,350,80.500000,0.000000,2,0,171580543,1101,11.600000,1101,-54,0,57,4
11,350,80.500000,0.000000,2,0,171580546,1101,10.600000,1101,-55,0,57,4
11,350,80.500000,0.000000,2,0,171580549,1101,10.600000,1101,-55,0,57,4
11,350,80.500000,0.000000,2,0,171580552,1101,10.600000,1101,-55,0,57,4
11,350,80.500000,0.000000,2,0,171580555,1101,10.600000,1101,-55,0,57,4
11,350,80.500000,0.000000,2,0,171580557,1101,9.600000,1101,-56,0,57,4
11,350,80.500000,0.000000,2,0,171580560,1101,8.600000,1101,-57,0,57,4
11,350,80.500000,0.000000,2,0,171580563,1101,7.600000,1101,-58,0,57,4
11,350,80.500000,0.000000,2,0,171580566,1101,6.600000,1101,-59,0,57,4
11,350,80.500000,0.000000,2,0,171580568,1101,6.600000,1101,-59,0,57,4
11,350,80.500000,0.000000,2,0,171580571,1102,6.600000,1102,-59,0,57,4
11,350,80.500000,0.000000,2,0,171580574,1102,6.600000,1102,-59,0,57,4
11,350,80.500000,0.000000,2,0,171580577,1102,5.600000,1102,-60,0,57,4
11,350,80.500000,0.000000,2,0,171580579,1102,5.600000,1102,-60,0,57,4
11,350,80.500000,0.000000,2,0,171580582,1102,5.600000,1102,-60,0,57,4
11,350,80.500000,0.000000,2,0,171580585,1102,4.600000,1102,-61,0,57,4
11,350,80.500000,0.000000,2,0,171580588,1103,4.600000,1103,-61,0,57,4
11,350,80.500000,0.000000,2,0,171580590,1104,4.600000,1104,-61,0,57,4
11,350,80.500000,0.000000,2,0,171580593,1104,3.600000,1104,-62,0,57,4
11,350,80.500000,0.000000,2,0,171580596,1104,2.600000,1104,-63,0,57,4
11,350,80.500000,0.000000,2,0,171580599,1104,2.600000,1104,-63,0,57,4
11,350,80.500000,0.000000,2,0,171580601,1104,2.600000,1104,-63,0,57,4
11,350,80.500000,0.000000,2,0,171580605,1104,2.600000,1104,-63,0,57,4
11,350,80.500000,0.000000,2,0,171580607,1105,1.600000,1105,-64,0,57,4
11,350,80.500000,0.000000,2,0,171580610,1106,0.600000,1106,-65,0,57,4
11,350,80.500000,0.000000,2,0,171580612,1106,0,1106,-66,0,57,4
11,350,80.500000,0.000000,2,0,171580615,1107,0,1107,-66,0,57,4
11,350,80.500000,0.000000,2,0,171580618,1108,0,1108,-66,0,57,4
11,350,80.500000,0.000000,2,0,171580621,1109,0,1109,-66,0,57,4
11,350,80.500000,0.000000,2,0,171580624,1110,0,1110,-66,0,57,4
11,350,80.500000,0.000000,2,0,171580626,1110,0,1110,-67,0,57,4
11,350,80.500000,0.000000,2,0,171580629,1110,0,1110,-67,0,57,4
11,350,80.500000,0.000000,2,0,171580632,1111,0,1111,-68,0,57,4
11,350,80.500000,0.000000,2,0,171580635,1111,0,1111,-69,0,57,4
11,350,80.500000,0.000000,2,0,171580638,1112,0,1112,-69,0,57,4
11,350,80.500000,0.000000,2,0,171580640,1112,0,1112,-70,0,57,4
11,350,80.500000,0.000000,2,0,171580643,1112,0,1112,-71,0,57,4
11,350,80.500000,0.000000,2,0,171580646,1113,0,1113,-71,0,57,4
11,350,80.500000,0.000000,2,0,171580649,1114,0,1114,-71,0,57,4
11,350,80.500000,0.000000,2,0,171580652,1114,0,1114,-71,0,57,4
11,350,80.500000,0.000000,2,0,171580654,1115,0,1115,-72,0,57,4
11,350,80.500000,0.000000,2,0,171580657,1115,0,1115,-72,0,57,4
11,350,80.500000,0.000000,2,0,171580660,1115,0,1115,-73,0,57,4
11,350,80.500000,0.000000,2,0,171580663,1116,0,1116,-73,0,57,4
11,350,80.500000,0.000000,2,0,171580666,1117,0,1117,-73,0,57,4
11,350,80.500000,0.000000,2,0,171580668,1117,0,1117,-74,0,57,4
11,350,80.500000,0.000000,2,0,171580671,1117,0,1117,-75,0,57,4
11,350,80.500000,0.000000,2,0,171580674,1117,0,1117,-75,0,57,4
11,350,80.500000,0.000000,2,0,171580677,1117,0,1117,-75,0,57,4
11,350,80.500000,0.000000,2,0,171580680,1117,0,1117,-75,0,57,4
11,350,80.500000,0.000000,2,0,171580682,1117,0,1117,-75,0,57,4
11,350,80.500000,0.000000,2,0,171580685,1117,0,1117,-75,0,57,4
11,350,80.500000,0.000000,2,0,171580688,1117,0,1117,-75,0,57,4
11,350,80.500000,0.000000,2,0,171580691,1117,0,1117,-75,0,57,4
11,350,80.500000,0.000000,2,0,171580693,1117,0,1117,-75,0,57,4
11,350,80.500000,0.000000,2,0,171580696,1117,0,1117,-75,0,57,4
11,350,80.500000,0.000000,2,0,171580699,1117,0,1117,-75,0,57,4
11,350,80.500000,0.000000,2,0,171580711,1117,0,1117,-75,0,57,4
