3,350,21.000000,0.000000,0,0,171234741,783,0,783,0,0,139,0,0
3,350,21.000000,0.000000,0,0,171234742,783,0,783,0,0,139,0,0
3,350,21.000000,0.000000,0,0,171234745,783,0,783,0,0,139,0,0
3,350,21.000000,0.000000,0,0,171234748,783,0,783,0,0,139,0,0
3,350,21.000000,0.000000,0,0,171234751,783,0,783,-1,0,139,0,0
3,350,21.000000,0.000000,0,0,171234753,783,0,783,-2,0,139,0,0
3,350,21.000000,0.000000,0,0,171234756,783,0,783,-2,0,139,0,0
3,350,21.000000,0.000000,0,0,171234759,783,0,783,-2,0,139,0,0
3,350,21.000000,0.000000,0,0,171234762,783,0,783,-2,0,139,0,0
3,350,21.000000,0.000000,0,0,171234765,783,0,783,-2,0,139,0,0
3,350,21.000000,0.000000,0,0,171234767,783,0,783,-2,0,139,0,0
3,350,21.000000,0.000000,0,0,171234770,783,0,783,-2,0,139,0,0
3,350,21.000000,0.000000,0,0,171234773,783,0,783,-2,0,139,0,0
3,350,21.000000,0.000000,0,0,171234776,783,0,783,-2,0,139,0,0
3,350,21.000000,0.000000,0,0,171234779,783,0,783,-2,0,139,0,0
3,350,21.000000,0.000000,0,0,171234781,783,0,783,-2,0,139,0,0
3,350,21.000000,0.000000,0,0,171234784,783,0,783,-2,0,139,0,0
3,350,21.000000,0.000000,0,0,171234787,783,0,783,-2,0,139,0,0
3,350,21.000000,0.000000,0,0,171234789,783,0,783,-2,0,139,0,0
3,350,21.000000,0.000000,0,0,171234792,783,0,783,-2,0,139,0,0
3,350,21.000000,0.000000,0,0,171234795,783,0,783,-2,0,139,0,0
3,350,21.000000,0.000000,0,0,171234798,783,0,783,-2,0,139,0,0
3,350,21.000000,0.000000,0,0,171234801,783,0,783,-2,0,139,0,0
3,350,21.000000,0.000000,0,0,171234803,783,0,783,-2,0,139,0,0
3,350,21.000000,0.000000,0,0,171234807,783,0,783,-2,0,139,0,0
3,350,21.000000,0.000000,0,0,171234810,783,0,783,-2,0,139,0,0
3,350,21.000000,0.000000,0,0,171234813,783,0,783,-2,0,139,0,0
3,350,21.000000,0.000000,0,0,171234816,783,0,783,-2,0,139,0,0
3,350,21.000000,0.000000,0,0,171234819,783,0,783,-2,0,139,0,0
3,350,21.000000,0.000000,0,0,171234821,783,0,783,-2,0,139,0,0
3,350,21.000000,0.000000,0,0,171234824,783,0,783,-2,0,139,0,0
3,350,21.000000,0.000000,0,0,171234826,783,0,783,-2,0,139,0,0
3,350,21.000000,0.000000,0,0,171234829,783,0,783,-2,0,139,0,0
3,350,21.000000,0.000000,0,0,171234832,783,0,783,-2,0,139,0,0
3,350,21.000000,0.000000,0,0,171234834,783,0,783,-2,0,139,0,0
3,350,21.000000,0.000000,0,0,171234837,783,0,783,-2,0,139,0,0
3,350,21.000000,0.000000,0,0,171234839,783,0,783,-2,0,139,0,0
3,350,21.000000,0.000000,0,0,171234842,783,0,783,-2,0,139,0,0
3,350,21.000000,0.000000,0,0,171234845,783,0,783,-2,0,139,0,0
3,350,21.000000,0.000000,0,0,171234848,783,0,783,-2,0,139,0,0
3,350,21.000000,0.000000,0,0,171234851,783,0,783,-2,0,139,0,0
3,350,21.000000,0.000000,0,0,171234854,783,0,783,-2,0,139,0,0
3,350,21.000000,0.000000,0,0,171234856,783,0,783,-2,0,139,0,0
3,350,21.000000,0.000000,0,0,171234859,783,0,783,-2,0,139,0,0
3,350,21.000000,0.000000,0,0,171234862,783,0,783,-2,0,139,0,0
3,350,21.000000,0.000000,0,0,171234865,783,0,783,-2,0,139,0,0
3,350,21.000000,0.000000,0,0,171234867,783,0,783,-2,0,139,0,0
3,350,21.000000,0.000000,0,0,171234870,783,0,783,-2,0,139,0,0
3,350,21.000000,0.000000,0,0,171234873,783,0,783,-3,0,139,0,0
3,350,21.000000,0.000000,0,0,171234875,783,0,783,-3,0,139,0,0
3,350,21.000000,0.000000,0,0,171234878,784,0,784,-3,0,139,0,0
3,350,21.000000,0.000000,0,0,171234881,784,0,784,-4,0,139,0,0
3,350,21.000000,0.000000,0,0,171234884,785,0,785,-5,0,139,0,0
3,350,21.000000,0.000000,0,0,171234887,786,0,786,-5,0,139,0,0
3,350,21.000000,0.000000,0,0,171234890,787,0,787,-5,0,139,0,0
3,350,21.000000,0.000000,0,0,171234892,788,0,788,-6,0,139,0,0
3,350,21.000000,0.000000,0,0,171234895,789,0,789,-6,0,139,0,0
3,350,21.000000,0.000000,0,0,171234898,789,0,789,-7,0,139,0,0
3,350,21.000000,0.000000,0,0,171234901,790,0,790,-7,0,139,0,0
3,350,21.000000,0.000000,0,0,171234904,791,0,791,-7,0,139,0,0
3,350,21.000000,0.000000,0,0,171234906,792,0,792,-8,0,139,0,0
3,350,21.000000,0.000000,0,0,171234909,793,0,793,-9,0,139,0,0
3,350,21.000000,0.000000,0,0,171234912,794,0,794,-9,0,139,0,0
3,350,21.000000,0.000000,0,0,171234915,795,0,795,-9,0,139,0,0
3,350,21.000000,0.000000,0,0,171234918,796,0,796,-10,0,139,0,0
3,350,21.000000,0.000000,0,0,171234920,797,0,797,-10,0,139,0,0
3,350,21.000000,0.000000,0,0,171234923,798,0,798,-11,0,139,0,0
3,350,21.000000,0.000000,0,0,171234926,799,0,799,-11,0,139,0,0
3,350,21.000000,0.000000,0,0,171234928,801,0,801,-11,0,139,0,0
3,350,21.000000,0.000000,0,0,171234932,802,0,802,-12,0,139,0,0
3,350,21.000000,0.000000,0,0,171234934,804,0,804,-13,0,139,0,0
3,350,21.000000,0.000000,0,0,171234937,806,0,806,-13,0,139,0,0
3,350,21.000000,0.000000,0,0,171234940,809,0,809,-13,0,139,0,0
3,350,21.000000,0.000000,0,0,171234943,812,0,812,-14,0,139,0,0
3,350,21.000000,0.000000,0,0,171234946,815,0,815,-14,0,139,0,0
3,350,21.000000,0.000000,0,0,171234949,818,0,818,-14,0,139,0,0
3,350,21.000000,0.000000,0,0,171234951,821,0,821,-14,0,139,0,0
3,350,21.000000,0.000000,0,0,171234954,823,0,823,-14,0,139,0,0
3,350,21.000000,0.000000,0,0,171234957,827,0,827,-14,0,139,0,0
3,350,21.000000,0.000000,0,0,171234960,830,0,830,-15,0,139,0,0
3,350,21.000000,0.000000,0,0,171234963,833,0,833,-15,0,139,0,0
3,350,21.000000,0.000000,0,0,171234965,836,0,836,-16,0,139,0,0
3,350,21.000000,0.000000,0,0,171234968,839,0,839,-16,0,139,0,0
3,350,21.000000,0.000000,0,0,171234971,843,0,843,-16,0,139,0,0
3,350,21.000000,0.000000,0,0,171234974,848,0,848,-16,0,139,0,0
3,350,21.000000,0.000000,0,0,171234976,852,0,852,-16,0,139,0,0
3,350,21.000000,0.000000,0,0,171234979,855,0,855,-16,0,139,0,0
3,350,21.000000,0.000000,0,0,171234982,857,0,857,-16,0,139,0,0
3,350,21.000000,0.000000,0,0,171234984,861,0,861,-17,0,139,0,0
3,350,21.000000,0.000000,0,0,171234987,864,0,864,-17,0,139,0,0
3,350,21.000000,0.000000,0,0,171234990,869,0,869,-17,0,139,0,0
3,350,21.000000,0.000000,0,0,171234992,873,0,873,-17,0,139,0,0
3,350,21.000000,0.000000,0,0,171234995,877,0,877,-17,0,139,0,0
3,350,21.000000,0.000000,0,0,171234998,883,0,883,-18,0,139,0,0
3,350,21.000000,0.000000,0,0,171235001,886,0,886,-18,0,139,0,0
3,350,21.000000,0.000000,0,0,171235003,890,0,890,-19,0,139,0,0
3,350,21.000000,0.000000,0,0,171235006,893,0,893,-19,0,139,0,0
3,350,21.000000,0.000000,0,0,171235009,896,0,896,-19,0,139,0,0
3,350,21.000000,0.000000,0,0,171235012,899,0,899,-20,0,139,0,0
3,350,21.000000,0.000000,0,0,171235015,901,0,901,-20,0,139,0,0
3,350,21.000000,0.000000,0,0,171235017,903,0,903,-21,0,139,0,0
3,350,21.000000,0.000000,0,0,171235020,908,0,908,-21,0,139,0,0
3,350,21.000000,0.000000,0,0,171235023,911,0,911,-21,0,139,0,0
3,350,21.000000,0.000000,0,0,171235026,914,0,914,-21,0,139,0,0
3,350,21.000000,0.000000,0,0,171235029,917,0,917,-21,0,139,0,0
3,350,21.000000,0.000000,0,0,171235031,920,0,920,-22,0,139,0,0
3,350,21.000000,0.000000,0,0,171235034,923,0,923,-22,0,139,0,0
3,350,21.000000,0.000000,0,0,171235037,925,0,925,-22,0,139,0,0
3,350,21.000000,0.000000,0,0,171235040,928,0,928,-22,0,139,0,0
3,350,21.000000,0.000000,0,0,171235043,930,0,930,-22,0,139,0,0
3,350,21.000000,0.000000,0,0,171235045,932,0,932,-22,0,139,0,0
3,350,21.000000,0.000000,0,0,171235048,936,0,936,-22,0,139,0,0
3,350,21.000000,0.000000,0,0,171235051,939,0,939,-22,0,139,0,0
3,350,21.000000,0.000000,0,0,171235054,941,0,941,-22,0,139,0,0
3,350,21.000000,0.000000,0,0,171235057,943,0,943,-22,0,139,0,0
3,350,21.000000,0.000000,0,0,171235059,946,0,946,-22,0,139,0,0
3,350,21.000000,0.000000,0,0,171235062,949,0,949,-22,0,139,0,0
3,350,21.000000,0.000000,0,0,171235065,956,0,956,-22,0,139,0,0
3,350,21.000000,0.000000,0,0,171235068,958,0,958,-22,0,139,0,0
3,350,21.000000,0.000000,0,0,171235070,960,0,960,-22,0,139,0,0
3,350,21.000000,0.000000,0,0,171235073,963,0,963,-22,0,139,0,0
3,350,21.000000,0.000000,0,0,171235076,966,0,966,-22,0,139,0,0
3,350,21.000000,0.000000,0,0,171235079,967,0,967,-22,0,139,0,0
3,350,21.000000,0.000000,0,0,171235081,969,0,969,-22,0,139,0,0
3,350,21.000000,0.000000,0,0,171235084,972,0,972,-22,0,139,0,0
3,350,21.000000,0.000000,0,0,171235087,975,0,975,-22,0,139,0,0
3,350,21.000000,0.000000,0,0,171235090,977,0,977,-22,0,139,0,0
3,350,21.000000,0.000000,0,0,171235093,979,0,979,-22,0,139,0,0
3,350,21.000000,0.000000,0,0,171235095,981,0,981,-22,0,139,0,0
3,350,21.000000,0.000000,0,0,171235098,982,0,982,-22,0,139,0,0
3,350,21.000000,0.000000,0,0,171235101,984,0,984,-22,0,139,0,0
3,350,21.000000,0.000000,0,0,171235104,985,0,985,-22,0,139,0,0
3,350,21.000000,0.000000,0,0,171235107,987,0,987,-22,0,139,0,0
3,350,21.000000,0.000000,0,0,171235109,988,0,988,-22,0,139,0,0
3,350,21.000000,0.000000,0,0,171235112,989,0,989,-22,0,139,0,0
3,350,21.000000,0.000000,0,0,171235115,990,0,990,-22,0,139,0,0
3,350,21.000000,0.000000,0,0,171235118,992,0,992,-22,0,139,0,0
3,350,21.000000,0.000000,0,0,171235121,993,0,993,-22,0,139,0,0
3,350,21.000000,0.000000,0,0,171235123,994,0,994,-22,0,139,0,0
3,350,21.000000,0.000000,0,0,171235126,995,0,995,-22,0,139,0,0
3,350,21.000000,0.000000,0,0,171235128,996,0,996,-22,0,139,0,0
3,350,21.000000,0.000000,0,0,171235131,997,0,997,-22,0,139,0,0
3,350,21.000000,0.000000,0,0,171235134,998,0,998,-22,0,139,0,0
3,350,21.000000,0.000000,0,0,171235137,999,0,999,-22,0,139,0,0
3,350,21.000000,0.000000,0,0,171235140,1000,0,1000,-22,0,139,0,0
3,350,21.000000,0.000000,0,0,171235143,1001,0,1001,-23,0,139,0,0
3,350,21.000000,0.000000,0,0,171235146,1002,0,1002,-23,0,139,0,0
3,350,21.000000,0.000000,0,0,171235149,1004,0,1004,-23,0,139,0,0
3,350,21.000000,0.000000,0,0,171235151,1005,0,1005,-23,0,139,0,0
3,350,21.000000,0.000000,0,0,171235154,1006,0,1006,-23,0,139,0,0
3,350,21.000000,0.000000,0,0,171235157,1007,0,1007,-23,0,139,0,0
3,350,21.000000,0.000000,0,0,171235159,1008,0,1008,-23,0,139,0,0
3,350,21.000000,0.000000,0,0,171235162,1010,0,1010,-23,0,139,0,0
3,350,21.000000,0.000000,0,0,171235165,1011,0,1011,-23,0,139,0,0
3,350,21.000000,0.000000,0,0,171235168,1012,0,1012,-23,0,139,0,0
3,350,21.000000,0.000000,0,0,171235171,1013,0,1013,-23,0,139,0,0
3,350,21.000000,0.000000,0,0,171235173,1015,0,1015,-23,0,139,0,0
3,350,21.000000,0.000000,0,0,171235176,1016,0,1016,-23,0,139,0,0
3,350,21.000000,0.000000,0,0,171235179,1017,0,1017,-23,0,139,0,0
3,350,21.000000,0.000000,0,0,171235182,1018,0,1018,-23,0,139,0,0
3,350,21.000000,0.000000,0,0,171235184,1019,0,1019,-23,0,139,0,0
3,350,21.000000,0.000000,0,0,171235187,1019,0,1019,-23,0,139,0,0
3,350,21.000000,0.000000,0,0,171235190,1020,0,1020,-23,0,139,0,0
3,350,21.000000,0.000000,0,0,171235192,1021,0,1021,-23,0,139,0,0
3,350,21.000000,0.000000,0,0,171235195,1021,0,1021,-23,0,139,0,0
3,350,21.000000,0.000000,0,0,171235198,1022,0,1022,-23,0,139,0,0
3,350,21.000000,0.000000,0,0,171235201,1022,0,1022,-23,0,139,0,0
3,350,21.000000,0.000000,0,0,171235204,1022,0,1022,-23,0,139,0,0
3,350,21.000000,0.000000,0,0,171235206,1022,0,1022,-23,0,139,0,0
3,350,21.000000,0.000000,0,0,171235209,1022,0,1022,-24,0,139,0,0
3,350,21.000000,0.000000,0,0,171235212,1022,0,1022,-25,0,139,0,0
3,350,21.000000,0.000000,0,0,171235215,1022,0,1022,-25,0,139,0,0
3,350,21.000000,0.000000,0,0,171235218,1022,0,1022,-25,0,139,0,0
3,350,21.000000,0.000000,0,0,171235220,1023,0,1023,-25,0,139,0,0
3,350,21.000000,0.000000,0,0,171235223,1023,0,1023,-25,0,139,0,0
3,350,21.000000,0.000000,0,0,171235226,1023,0,1023,-25,0,139,0,0
3,350,21.000000,0.000000,0,0,171235229,1023,0,1023,-25,0,139,0,0
3,350,21.000000,0.000000,0,0,171235232,1023,0,1023,-25,0,139,0,0
3,350,21.000000,0.000000,0,0,171235236,1024,0,1024,-25,0,139,0,0
3,350,21.000000,0.000000,0,0,171235240,1024,0,1024,-25,0,139,0,0
3,350,21.000000,0.000000,0,0,171235244,1025,0,1025,-25,0,139,0,0
3,350,21.000000,0.000000,0,0,171235248,1025,0,1025,-25,0,139,0,0
3,350,21.000000,0.000000,0,0,171235251,1026,0,1026,-25,0,139,0,0
3,350,21.000000,0.000000,0,0,171235254,1026,0,1026,-25,0,139,0,0
3,350,21.000000,0.000000,0,0,171235257,1027,0,1027,-25,0,139,0,0
3,350,21.000000,0.000000,0,0,171235259,1028,0,1028,-25,0,139,0,0
3,350,21.000000,0.000000,0,0,171235262,1029,0,1029,-25,0,139,0,0
3,350,21.000000,0.000000,0,0,171235265,1031,0,1031,-25,0,139,0,0
3,350,21.000000,0.000000,0,0,171235268,1032,0,1032,-26,0,139,0,0
3,350,21.000000,0.000000,0,0,171235270,1034,0,1034,-26,0,139,0,0
3,350,21.000000,0.000000,0,0,171235273,1035,0,1035,-26,0,139,0,0
3,350,21.000000,0.000000,0,0,171235276,1036,0,1036,-26,0,139,0,0
3,350,21.000000,0.000000,0,0,171235279,1038,0,1038,-26,0,139,0,0
3,350,21.000000,0.000000,0,0,171235282,1039,0,1039,-26,0,139,0,0
3,350,21.000000,0.000000,0,0,171235284,1040,0,1040,-26,0,139,0,0
3,350,21.000000,0.000000,0,0,171235287,1041,0,1041,-26,0,139,0,0
3,350,21.000000,0.000000,0,0,171235290,1042,0,1042,-26,0,139,0,0
3,350,21.000000,0.000000,0,0,171235293,1043,0,1043,-26,0,139,0,0
3,350,21.000000,0.000000,0,0,171235295,1044,0,1044,-26,0,139,0,0
3,350,21.000000,0.000000,0,0,171235298,1045,0,1045,-26,0,139,0,0
3,350,21.000000,0.000000,0,0,171235301,1046,0,1046,-26,0,139,0,0
3,350,21.000000,0.000000,0,0,171235304,1048,0,1048,-26,0,139,0,0
3,350,21.000000,0.000000,0,0,171235307,1049,0,1049,-26,0,139,0,0
3,350,21.000000,0.000000,0,0,171235309,1050,0,1050,-26,0,139,0,0
3,350,21.000000,0.000000,0,0,171235312,1051,0,1051,-26,0,139,0,0
3,350,21.000000,0.000000,0,0,171235315,1053,0,1053,-26,0,139,0,0
3,350,21.000000,0.000000,0,0,171235318,1054,0,1054,-26,0,139,0,0
3,350,21.000000,0.000000,0,0,171235320,1055,0,1055,-27,0,139,0,0
3,350,21.000000,0.000000,0,0,171235323,1056,0,1056,-27,0,139,0,0
3,350,21.000000,0.000000,0,0,171235326,1057,0,1057,-27,0,139,0,0
3,350,21.000000,0.000000,0,0,171235329,1058,0,1058,-27,0,139,0,0
3,350,21.000000,0.000000,0,0,171235331,1059,0,1059,-27,0,139,0,0
3,350,21.000000,0.000000,0,0,171235334,1059,0,1059,-27,0,139,0,0
3,350,21.000000,0.000000,0,0,171235337,1060,0,1060,-27,0,139,0,0
3,350,21.000000,0.000000,0,0,171235340,1060,0,1060,-28,0,139,0,0
3,350,21.000000,0.000000,0,0,171235343,1060,0,1060,-28,0,139,0,0
3,350,21.000000,0.000000,0,0,171235345,1061,0,1061,-28,0,139,0,0
3,350,21.000000,0.000000,0,0,171235348,1061,0,1061,-28,0,139,0,0
3,350,21.000000,0.000000,0,0,171235351,1061,0,1061,-28,0,139,0,0
3,350,21.000000,0.000000,0,0,171235354,1062,0,1062,-28,0,139,0,0
3,350,21.000000,0.000000,0,0,171235357,1063,0,1063,-28,0,139,0,0
3,350,21.000000,0.000000,0,0,171235359,1064,0,1064,-28,0,139,0,0
3,350,21.000000,0.000000,0,0,171235362,1064,0,1064,-28,0,139,0,0
3,350,21.000000,0.000000,0,0,171235365,1065,0,1065,-28,0,139,0,0
3,350,21.000000,0.000000,0,0,171235368,1065,0,1065,-28,0,139,0,0
3,350,21.000000,0.000000,0,0,171235370,1066,0,1066,-28,0,139,0,0
3,350,21.000000,0.000000,0,0,171235373,1067,0,1067,-28,0,139,0,0
3,350,21.000000,0.000000,0,0,171235376,1068,0,1068,-28,0,139,0,0
3,350,21.000000,0.000000,0,0,171235379,1069,0,1069,-28,0,139,0,0
3,350,21.000000,0.000000,0,0,171235382,1070,0,1070,-28,0,139,0,0
3,350,21.000000,0.000000,0,0,171235384,1071,0,1071,-28,0,139,0,0
3,350,21.000000,0.000000,0,0,171235387,1072,0,1072,-28,0,139,0,0
3,350,21.000000,0.000000,0,0,171235390,1073,0,1073,-28,0,139,0,0
3,350,21.000000,0.000000,0,0,171235393,1074,0,1074,-28,0,139,0,0
3,350,21.000000,0.000000,0,0,171235396,1075,0,1075,-28,0,139,0,0
3,350,21.000000,0.000000,0,0,171235398,1076,0,1076,-28,0,139,0,0
3,350,21.000000,0.000000,0,0,171235401,1077,0,1077,-28,0,139,0,0
3,350,21.000000,0.000000,0,0,171235404,1078,0,1078,-28,0,139,0,0
3,350,21.000000,0.000000,0,0,171235407,1079,0,1079,-28,0,139,0,0
3,350,21.000000,0.000000,0,0,171235409,1079,0,1079,-29,0,139,0,0
3,350,21.000000,0.000000,0,0,171235412,1079,0,1079,-30,0,139,0,0
3,350,21.000000,0.000000,0,0,171235415,1080,0,1080,-30,0,139,0,0
3,350,21.000000,0.000000,0,0,171235418,1080,0,1080,-30,0,139,0,0
3,350,21.000000,0.000000,0,0,171235421,1080,0,1080,-30,0,139,0,0
3,350,21.000000,0.000000,0,0,171235423,1080,0,1080,-30,0,139,0,0
3,350,21.000000,0.000000,0,0,171235426,1080,0,1080,-30,0,139,0,0
3,350,21.000000,0.000000,0,0,171235429,1080,0,1080,-30,0,139,0,0
3,350,21.000000,0.000000,0,0,171235432,1080,0,1080,-30,0,139,0,0
3,350,21.000000,0.000000,0,0,171235435,1080,0,1080,-30,0,139,0,0
3,350,21.000000,0.000000,0,0,171235437,1080,0,1080,-30,0,139,0,0
3,350,21.000000,0.000000,0,0,171235440,1080,0,1080,-30,0,139,0,0
3,350,21.000000,0.000000,0,0,171235442,1080,0,1080,-30,0,139,0,0
3,350,21.000000,0.000000,0,0,171235445,1080,0,1080,-30,0,139,0,0
3,350,21.000000,0.000000,0,0,171235448,1080,0,1080,-30,0,139,0,0
3,350,21.000000,0.000000,0,0,171235451,1080,0,1080,-30,0,139,0,0
3,350,21.000000,0.000000,0,0,171235454,1080,0,1080,-30,0,139,0,0
3,350,21.000000,0.000000,0,0,171235456,1080,0,1080,-30,0,139,0,0
3,350,21.000000,0.000000,0,0,171235459,1080,0,1080,-30,0,139,0,0
3,350,21.000000,0.000000,0,0,171235462,1080,0,1080,-30,0,139,0,0
3,350,21.000000,0.000000,0,0,171235465,1080,0,1080,-30,0,139,0,0
3,350,21.000000,0.000000,0,0,171235468,1080,0,1080,-30,0,139,0,0
3,350,21.000000,0.000000,0,0,171235470,1080,0,1080,-30,0,139,0,0
3,350,21.000000,0.000000,0,0,171235474,1080,0,1080,-30,0,139,0,0
3,350,21.000000,0.000000,0,0,171235476,1080,0,1080,-30,0,139,0,0
3,350,21.000000,0.000000,0,0,171235479,1080,0,1080,-30,0,139,0,0
3,350,21.000000,0.000000,0,0,171235482,1080,0,1080,-30,0,139,0,0
3,350,21.000000,0.000000,0,0,171235485,1080,0,1080,-30,0,139,0,0
3,350,21.000000,0.000000,0,0,171235487,1080,0,1080,-30,0,139,0,0
3,350,21.000000,0.000000,0,0,171235490,1080,0,1080,-30,0,139,0,0
3,350,21.000000,0.000000,0,0,171235493,1080,0,1080,-30,0,139,0,0
3,350,21.000000,0.000000,0,0,171235495,1080,0,1080,-30,0,139,0,0
3,350,21.000000,0.000000,0,0,171235498,1080,0,1080,-30,0,139,0,0
3,350,21.000000,0.000000,0,0,171235501,1080,0,1080,-30,0,139,0,0
3,350,21.000000,0.000000,0,0,171235504,1080,0,1080,-30,0,139,0,0
3,350,21.000000,0.000000,0,0,171235506,1080,0,1080,-30,0,139,0,0
3,350,21.000000,0.000000,0,0,171235510,1080,0,1080,-30,0,139,0,0
3,350,21.000000,0.000000,0,0,171235512,1081,0,1081,-30,0,139,0,0
3,350,21.000000,0.000000,0,0,171235515,1082,0,1082,-30,0,139,0,0
3,350,21.000000,0.000000,0,0,171235518,1082,0,1082,-30,0,139,0,0
3,350,21.000000,0.000000,0,0,171235521,1083,0,1083,-30,0,139,0,0
3,350,21.000000,0.000000,0,0,171235523,1084,0,1084,-30,0,139,0,0
3,350,21.000000,0.000000,0,0,171235526,1084,0,1084,-30,0,139,0,0
3,350,21.000000,0.000000,0,0,171235529,1084,0,1084,-30,0,139,0,0
3,350,21.000000,0.000000,0,0,171235532,1084,0,1084,-30,0,139,0,0
3,350,21.000000,0.000000,0,0,171235535,1084,0,1084,-30,0,139,0,0
3,350,21.000000,0.000000,0,0,171235537,1085,0,1085,-30,0,139,0,0
3,350,21.000000,0.000000,0,0,171235540,1085,0,1085,-30,0,139,0,0
3,350,21.000000,0.000000,0,0,171235543,1085,0,1085,-30,0,139,0,0
3,350,21.000000,0.000000,0,0,171235546,1085,0,1085,-30,0,139,0,0
3,350,21.000000,0.000000,0,0,171235548,1085,0,1085,-30,0,139,0,0
3,350,21.000000,0.000000,0,0,171235551,1086,0,1086,-30,0,139,0,0
3,350,21.000000,0.000000,0,0,171235554,1087,0,1087,-30,0,139,0,0
3,350,21.000000,0.000000,0,0,171235557,1087,0,1087,-30,0,139,0,0
3,350,21.000000,0.000000,0,0,171235560,1087,0,1087,-30,0,139,0,0
3,350,21.000000,0.000000,0,0,171235562,1087,0,1087,-30,0,139,0,0
3,350,21.000000,0.000000,0,0,171235565,1087,0,1087,-31,0,139,0,0
3,350,21.000000,0.000000,0,0,171235568,1088,0,1088,-32,0,139,0,0
3,350,21.000000,0.000000,0,0,171235571,1088,0,1088,-32,0,139,0,0
3,350,21.000000,0.000000,0,0,171235574,1089,0,1089,-32,0,139,0,0
3,350,21.000000,0.000000,0,0,171235576,1090,0,1090,-32,0,139,0,0
3,350,21.000000,0.000000,0,0,171235579,1090,0,1090,-32,0,139,0,0
3,350,21.000000,0.000000,0,0,171235582,1090,0,1090,-32,0,139,0,0
3,350,21.000000,0.000000,0,0,171235585,1091,0,1091,-32,0,139,0,0
3,350,21.000000,0.000000,0,0,171235588,1092,0,1092,-32,0,139,0,0
3,350,21.000000,0.000000,0,0,171235590,1092,0,1092,-32,0,139,0,0
3,350,21.000000,0.000000,0,0,171235593,1093,0,1093,-32,0,139,0,0
3,350,21.000000,0.000000,0,0,171235595,1094,0,1094,-32,0,139,0,0
3,350,21.000000,0.000000,0,0,171235598,1094,0,1094,-32,0,139,0,0
3,350,21.000000,0.000000,0,0,171235601,1095,0,1095,-32,0,139,0,0
3,350,21.000000,0.000000,0,0,171235604,1096,0,1096,-32,0,139,0,0
3,350,21.000000,0.000000,0,0,171235607,1097,0,1097,-32,0,139,0,0
3,350,21.000000,0.000000,0,0,171235609,1098,0,1098,-32,0,139,0,0
3,350,21.000000,0.000000,0,0,171235612,1098,0,1098,-32,0,139,0,0
3,350,21.000000,0.000000,0,0,171235615,1098,0,1098,-32,0,139,0,0
3,350,21.000000,0.000000,0,0,171235618,1098,0,1098,-33,0,139,0,0
3,350,21.000000,0.000000,0,0,171235621,1098,0,1098,-33,0,139,0,0
3,350,21.000000,0.000000,0,0,171235623,1098,0,1098,-33,0,139,0,0
3,350,21.000000,0.000000,0,0,171235626,1098,0,1098,-33,0,139,0,0
3,350,21.000000,0.000000,0,0,171235629,1098,0,1098,-33,0,139,0,0
3,350,21.000000,0.000000,0,0,171235632,1098,0,1098,-33,0,139,0,0
3,350,21.000000,0.000000,0,0,171235635,1099,0,1099,-33,0,139,0,0
3,350,21.000000,0.000000,0,0,171235637,1100,0,1100,-33,0,139,0,0
3,350,21.000000,0.000000,0,0,171235640,1100,0,1100,-33,0,139,0,0
3,350,21.000000,0.000000,0,0,171235643,1100,0,1100,-33,0,139,0,0
3,350,21.000000,0.000000,0,0,171235646,1100,0,1100,-33,0,139,0,0
3,350,21.000000,0.000000,0,0,171235649,1100,0,1100,-33,0,139,0,0
3,350,21.000000,0.000000,0,0,171235651,1100,0,1100,-33,0,139,0,0
3,350,21.000000,0.000000,0,0,171235654,1100,0,1100,-34,0,139,0,0
3,350,21.000000,0.000000,0,0,171235657,1100,0,1100,-34,0,139,0,0
3,350,21.000000,0.000000,0,0,171235660,1101,0,1101,-34,0,139,0,0
3,350,21.000000,0.000000,0,0,171235663,1102,0,1102,-34,0,139,0,0
3,350,21.000000,0.000000,0,0,171235665,1102,0,1102,-34,0,139,0,0
3,350,21.000000,0.000000,0,0,171235668,1102,0,1102,-34,0,139,0,0
3,350,21.000000,0.000000,0,0,171235670,1102,0,1102,-34,0,139,0,0
3,350,21.000000,0.000000,0,0,171235673,1102,0,1102,-34,0,139,0,0
3,350,21.000000,0.000000,0,0,171235676,1103,0,1103,-34,0,139,0,0
3,350,21.000000,0.000000,0,0,171235679,1104,0,1104,-34,0,139,0,0
3,350,21.000000,0.000000,0,0,171235682,1104,0,1104,-34,0,139,0,0
3,350,21.000000,0.000000,0,0,171235685,1105,0,1105,-34,0,139,0,0
3,350,21.000000,0.000000,0,0,171235688,1106,0,1106,-34,0,139,0,0
3,350,21.000000,0.000000,0,0,171235690,1106,0,1106,-34,0,139,0,0
3,350,21.000000,0.000000,0,0,171235693,1106,0,1106,-34,0,139,0,0
3,350,21.000000,0.000000,0,0,171235696,1106,0,1106,-34,0,139,0,0
3,350,21.000000,0.000000,0,0,171235699,1107,0,1107,-34,0,139,0,0
3,350,21.000000,0.000000,0,0,171235701,1108,0,1108,-34,0,139,0,0
3,350,21.000000,0.000000,0,0,171235704,1108,0,1108,-34,0,139,0,0
3,350,21.000000,0.000000,0,0,171235707,1108,0,1108,-35,0,139,0,0
3,350,21.000000,0.000000,0,0,171235710,1109,0,1109,-35,0,139,0,0
3,350,21.000000,0.000000,0,0,171235713,1110,0,1110,-35,0,139,0,0
3,350,21.000000,0.000000,0,0,171235715,1110,0,1110,-35,0,139,0,0
3,350,21.000000,0.000000,0,0,171235718,1110,0,1110,-35,0,139,0,0
3,350,21.000000,0.000000,0,0,171235721,1111,0,1111,-35,0,139,0,0
3,350,21.000000,0.000000,0,0,171235724,1112,0,1112,-35,0,139,0,0
3,350,21.000000,0.000000,0,0,171235727,1112,0,1112,-35,0,139,0,0
3,350,21.000000,0.000000,0,0,171235729,1112,0,1112,-35,0,139,0,0
3,350,21.000000,0.000000,0,0,171235732,1112,0,1112,-35,0,139,0,0
3,350,21.000000,0.000000,0,0,171235735,1113,0,1113,-35,0,139,0,0
3,350,21.000000,0.000000,0,0,171235738,1113,0,1113,-35,0,139,0,0
3,350,21.000000,0.000000,0,0,171235740,1113,0,1113,-35,0,139,0,0
3,350,21.000000,0.000000,0,0,171235743,1113,0,1113,-35,0,139,0,0
3,350,21.000000,0.000000,0,0,171235746,1113,0,1113,-35,0,139,0,0
3,350,21.000000,0.000000,0,0,171235749,1113,0,1113,-35,0,139,0,0
3,350,21.000000,0.000000,0,0,171235752,1113,0,1113,-35,0,139,0,0
3,350,21.000000,0.000000,0,0,171235754,1113,0,1113,-35,0,139,0,0
3,350,21.000000,0.000000,0,0,171235757,1113,0,1113,-35,0,139,0,0
3,350,21.000000,0.000000,0,0,171235759,1113,0,1113,-35,0,139,0,0
3,350,21.000000,0.000000,0,0,171235762,1113,0,1113,-35,0,139,0,0
3,350,21.000000,0.000000,0,0,171235765,1113,0,1113,-35,0,139,0,0
3,350,21.000000,0.000000,0,0,171235768,1113,0,1113,-35,0,139,0,0
3,350,21.000000,0.000000,0,0,171235771,1114,0,1114,-35,0,139,0,0
3,350,21.000000,0.000000,0,0,171235773,1115,0,1115,-35,0,139,0,0
3,350,21.000000,0.000000,0,0,171235776,1115,0,1115,-35,0,139,0,0
3,350,21.000000,0.000000,0,0,171235779,1115,0,1115,-35,0,139,0,0
3,350,21.000000,0.000000,0,0,171235782,1115,0,1115,-35,0,139,0,0
3,350,21.000000,0.000000,0,0,171235785,1115,0,1115,-35,0,139,0,0
3,350,21.000000,0.000000,0,0,171235787,1115,0,1115,-35,0,139,0,0
3,350,21.000000,0.000000,0,0,171235790,1115,0,1115,-35,0,139,0,0
3,350,21.000000,0.000000,0,0,171235793,1115,0,1115,-35,0,139,0,0
3,350,21.000000,0.000000,0,0,171235796,1115,0,1115,-35,0,139,0,0
3,350,21.000000,0.000000,0,0,171235799,1115,0,1115,-35,0,139,0,0
3,350,21.000000,0.000000,0,0,171235802,1115,0,1115,-35,0,139,0,0
3,350,21.000000,0.000000,0,0,171235804,1115,0,1115,-35,0,139,0,0
3,350,21.000000,0.000000,0,0,171235807,1115,0,1115,-35,0,139,0,0
3,350,21.000000,0.000000,0,0,171235810,1115,0,1115,-35,0,139,0,0
3,350,21.000000,0.000000,0,0,171235813,1115,0,1115,-35,0,139,0,0
3,350,21.000000,0.000000,0,0,171235816,1115,0,1115,-35,0,139,0,0
3,350,21.000000,0.000000,0,0,171235818,1115,0,1115,-35,0,139,0,0
3,350,21.000000,0.000000,0,0,171235821,1115,0,1115,-35,0,139,0,0
3,350,21.000000,0.000000,0,0,171235824,1115,0,1115,-35,0,139,0,0
3,350,21.000000,0.000000,0,0,171235827,1115,0,1115,-35,0,139,0,0
3,350,21.000000,0.000000,0,0,171235829,1115,0,1115,-35,0,139,0,0
3,350,21.000000,0.000000,0,0,171235832,1115,0,1115,-35,0,139,0,0
3,350,21.000000,0.000000,0,0,171235835,1115,0,1115,-35,0,139,0,0
3,350,21.000000,0.000000,0,0,171235837,1115,0,1115,-35,0,139,0,0
3,350,21.000000,0.000000,0,0,171235840,1115,0,1115,-35,0,139,0,0
3,350,21.000000,0.000000,0,0,171235843,1115,0,1115,-35,0,139,0,0
3,350,21.000000,0.000000,0,0,171235846,1115,0,1115,-35,0,139,0,0
3,350,21.000000,0.000000,0,0,171235848,1115,0,1115,-35,0,139,0,0
3,350,21.000000,0.000000,0,0,171235851,1115,0,1115,-36,0,139,0,0
3,350,21.000000,0.000000,0,0,171235854,1115,0,1115,-37,0,139,0,0
3,350,21.000000,0.000000,0,0,171235857,1115,0,1115,-37,0,139,0,0
3,350,21.000000,0.000000,0,0,171235860,1115,0,1115,-37,0,139,0,0
3,350,21.000000,0.000000,0,0,171235862,1115,0,1115,-37,0,139,0,0
3,350,21.000000,0.000000,0,0,171235865,1115,0,1115,-37,0,139,0,0
3,350,21.000000,0.000000,0,0,171235868,1115,0,1115,-37,0,139,0,0
3,350,21.000000,0.000000,0,0,171235871,1115,0,1115,-37,0,139,0,0
3,350,21.000000,0.000000,0,0,171235874,1115,0,1115,-37,0,139,0,0
3,350,21.000000,0.000000,0,0,171235877,1115,0,1115,-37,0,139,0,0
3,350,21.000000,0.000000,0,0,171235879,1115,0,1115,-37,0,139,0,0
3,350,21.000000,0.000000,0,0,171235882,1115,0,1115,-37,0,139,0,0
3,350,21.000000,0.000000,0,0,171235885,1115,0,1115,-37,0,139,0,0
3,350,21.000000,0.000000,0,0,171235888,1115,0,1115,-37,0,139,0,0
3,350,21.000000,0.000000,0,0,171235890,1115,0,1115,-37,0,139,0,0
3,350,21.000000,0.000000,0,0,171235893,1115,0,1115,-37,0,139,0,0
3,350,21.000000,0.000000,0,0,171235896,1115,0,1115,-37,0,139,0,0
3,350,21.000000,0.000000,0,0,171235899,1115,0,1115,-37,0,139,0,0
3,350,21.000000,0.000000,0,0,171235902,1115,0,1115,-37,0,139,0,0
3,350,21.000000,0.000000,0,0,171235904,1115,0,1115,-37,0,139,0,0
3,350,21.000000,0.000000,0,0,171235907,1115,0,1115,-37,0,139,0,0
3,350,21.000000,0.000000,0,0,171235910,1115,0,1115,-37,0,139,0,0
3,350,21.000000,0.000000,0,0,171235912,1115,0,1115,-37,0,139,0,0
3,350,21.000000,0.000000,0,0,171235915,1115,0,1115,-37,0,139,0,0
3,350,21.000000,0.000000,0,0,171235918,1115,0,1115,-37,0,139,0,0
3,350,21.000000,0.000000,0,0,171235921,1115,0,1115,-37,0,139,0,0
3,350,21.000000,0.000000,0,0,171235924,1115,0,1115,-37,0,139,0,0
3,350,21.000000,0.000000,0,0,171235926,1116,0,1116,-37,0,139,0,0
3,350,21.000000,0.000000,0,0,171235929,1116,0,1116,-37,0,139,0,0
3,350,21.000000,0.000000,0,0,171235932,1116,0,1116,-37,0,139,0,0
3,350,21.000000,0.000000,0,0,171235935,1116,0,1116,-37,0,139,0,0
3,350,21.000000,0.000000,0,0,171235938,1116,0,1116,-37,0,139,0,0
3,350,21.000000,0.000000,0,0,171235940,1116,0,1116,-37,0,139,0,0
3,350,21.000000,0.000000,0,0,171235943,1116,0,1116,-37,0,139,0,0
3,350,21.000000,0.000000,0,0,171235946,1117,0,1117,-37,0,139,0,0
3,350,21.000000,0.000000,0,0,171235949,1117,0,1117,-37,0,139,0,0
3,350,21.000000,0.000000,0,0,171235952,1117,0,1117,-37,0,139,0,0
3,350,21.000000,0.000000,0,0,171235954,1118,0,1118,-37,0,139,0,0
3,350,21.000000,0.000000,0,0,171235957,1119,0,1119,-37,0,139,0,0
3,350,21.000000,0.000000,0,0,171235960,1119,0,1119,-37,0,139,0,0
3,350,21.000000,0.000000,0,0,171235963,1119,0,1119,-37,0,139,0,0
3,350,21.000000,0.000000,0,0,171235965,1120,0,1120,-37,0,139,0,0
3,350,21.000000,0.000000,0,0,171235968,1121,0,1121,-38,0,139,0,0
3,350,21.000000,0.000000,0,0,171235971,1121,0,1121,-38,0,139,0,0
3,350,21.000000,0.000000,0,0,171235974,1122,0,1122,-38,0,139,0,0
3,350,21.000000,0.000000,0,0,171235976,1123,0,1123,-38,0,139,0,0
3,350,21.000000,0.000000,0,0,171235979,1123,0,1123,-38,0,139,0,0
3,350,21.000000,0.000000,0,0,171235982,1124,0,1124,-38,0,139,0,0
3,350,21.000000,0.000000,0,0,171235985,1124,0,1124,-39,0,139,0,0
3,350,21.000000,0.000000,0,0,171235987,1125,0,1125,-39,0,139,0,0
3,350,21.000000,0.000000,0,0,171235990,1126,0,1126,-39,0,139,0,0
3,350,21.000000,0.000000,0,0,171235993,1126,0,1126,-39,0,139,0,0
3,350,21.000000,0.000000,0,0,171235996,1127,0,1127,-39,0,139,0,0
3,350,21.000000,0.000000,0,0,171235999,1127,0,1127,-39,0,139,0,0
3,350,21.000000,0.000000,0,0,171236001,1128,0,1128,-39,0,139,0,0
3,350,21.000000,0.000000,0,0,171236004,1129,0,1129,-39,0,139,0,0
3,350,21.000000,0.000000,0,0,171236007,1129,0,1129,-39,0,139,0,0
3,350,21.000000,0.000000,0,0,171236010,1130,0,1130,-39,0,139,0,0
3,350,21.000000,0.000000,0,0,171236012,1131,0,1131,-39,0,139,0,0
3,350,21.000000,0.000000,0,0,171236015,1132,0,1132,-39,0,139,0,0
3,350,21.000000,0.000000,0,0,171236018,1133,0,1133,-39,0,139,0,0
3,350,21.000000,0.000000,0,0,171236021,1133,0,1133,-39,0,139,0,0
3,350,21.000000,0.000000,0,0,171236024,1133,0,1133,-39,0,139,0,0
3,350,21.000000,0.000000,0,0,171236026,1133,0,1133,-39,0,139,0,0
3,350,21.000000,0.000000,0,0,171236029,1134,0,1134,-39,0,139,0,0
3,350,21.000000,0.000000,0,0,171236032,1135,0,1135,-39,0,139,0,0
3,350,21.000000,0.000000,0,0,171236035,1135,0,1135,-39,0,139,0,0
3,350,21.000000,0.000000,0,0,171236038,1135,0,1135,-39,0,139,0,0
3,350,21.000000,0.000000,0,0,171236040,1135,0,1135,-39,0,139,0,0
3,350,21.000000,0.000000,0,0,171236043,1135,0,1135,-39,0,139,0,0
3,350,21.000000,0.000000,0,0,171236046,1135,0,1135,-39,0,139,0,0
3,350,21.000000,0.000000,0,0,171236049,1135,0,1135,-40,0,139,0,0
3,350,21.000000,0.000000,0,0,171236052,1135,0,1135,-41,0,139,0,0
3,350,21.000000,0.000000,0,0,171236054,1135,0,1135,-41,0,139,0,0
3,350,21.000000,0.000000,0,0,171236057,1135,0,1135,-41,0,139,0,0
3,350,21.000000,0.000000,0,0,171236060,1135,0,1135,-41,0,139,0,0
3,350,21.000000,0.000000,0,0,171236063,1135,0,1135,-41,0,139,0,0
3,350,21.000000,0.000000,0,0,171236066,1135,0,1135,-41,0,139,0,0
3,350,21.000000,0.000000,0,0,171236068,1135,0,1135,-41,0,139,0,0
3,350,21.000000,0.000000,0,0,171236071,1135,0,1135,-41,0,139,0,0
3,350,21.000000,0.000000,0,0,171236074,1135,0,1135,-41,0,139,0,0
3,350,21.000000,0.000000,0,0,171236076,1135,0,1135,-41,0,139,0,0
3,350,21.000000,0.000000,0,0,171236079,1135,0,1135,-41,0,139,0,0
3,350,21.000000,0.000000,0,0,171236082,1135,0,1135,-41,0,139,0,0
3,350,21.000000,0.000000,0,0,171236085,1135,0,1135,-41,0,139,0,0
3,350,21.000000,0.000000,0,0,171236088,1135,0,1135,-41,0,139,0,0
3,350,21.000000,0.000000,0,0,171236090,1135,0,1135,-41,0,139,0,0
3,350,21.000000,0.000000,0,0,171236093,1135,0,1135,-41,0,139,0,0
3,350,21.000000,0.000000,0,0,171236096,1135,0,1135,-41,0,139,0,0
3,350,21.000000,0.000000,0,0,171236099,1135,0,1135,-41,0,139,0,0
3,350,21.000000,0.000000,0,0,171236102,1135,0,1135,-41,0,139,0,0
3,350,21.000000,0.000000,0,0,171236104,1135,0,1135,-41,0,139,0,0
3,350,21.000000,0.000000,0,0,171236107,1135,0,1135,-41,0,139,0,0
3,350,21.000000,0.000000,0,0,171236110,1135,0,1135,-41,0,139,0,0
3,350,21.000000,0.000000,0,0,171236113,1135,0,1135,-41,0,139,0,0
3,350,21.000000,0.000000,0,0,171236116,1135,0,1135,-41,0,139,0,0
3,350,21.000000,0.000000,0,0,171236118,1135,0,1135,-41,0,139,0,0
3,350,21.000000,0.000000,0,0,171236121,1135,0,1135,-41,0,139,0,0
3,350,21.000000,0.000000,0,0,171236124,1136,0,1136,-41,0,139,0,0
3,350,21.000000,0.000000,0,0,171236126,1137,0,1137,-41,0,139,0,0
3,350,21.000000,0.000000,0,0,171236129,1137,0,1137,-41,0,139,0,0
3,350,21.000000,0.000000,0,0,171236132,1137,0,1137,-41,0,139,0,0
3,350,21.000000,0.000000,0,0,171236135,1137,0,1137,-41,0,139,0,0
3,350,21.000000,0.000000,0,0,171236138,1137,0,1137,-41,0,139,0,0
3,350,21.000000,0.000000,0,0,171236140,1137,0,1137,-41,0,139,0,0
3,350,21.000000,0.000000,0,0,171236143,1137,0,1137,-41,0,139,0,0
3,350,21.000000,0.000000,0,0,171236146,1137,0,1137,-41,0,139,0,0
3,350,21.000000,0.000000,0,0,171236149,1137,0,1137,-41,0,139,0,0
3,350,21.000000,0.000000,0,0,171236152,1137,0,1137,-41,0,139,0,0
3,350,21.000000,0.000000,0,0,171236154,1137,0,1137,-41,0,139,0,0
3,350,21.000000,0.000000,0,0,171236157,1137,0,1137,-41,0,139,0,0
3,350,21.000000,0.000000,0,0,171236160,1137,0,1137,-41,0,139,0,0
3,350,21.000000,0.000000,0,0,171236163,1137,0,1137,-41,0,139,0,0
3,350,21.000000,0.000000,0,0,171236166,1137,0,1137,-41,0,139,0,0
3,350,21.000000,0.000000,0,0,171236168,1137,0,1137,-41,0,139,0,0
3,350,21.000000,0.000000,0,0,171236171,1137,0,1137,-41,0,139,0,0
3,350,21.000000,0.000000,0,0,171236174,1137,0,1137,-41,0,139,0,0
3,350,21.000000,0.000000,0,0,171236177,1137,0,1137,-41,0,139,0,0
3,350,21.000000,0.000000,0,0,171236180,1137,0,1137,-41,0,139,0,0
3,350,21.000000,0.000000,0,0,171236182,1137,0,1137,-41,0,139,0,0
3,350,21.000000,0.000000,0,0,171236185,1137,0,1137,-41,0,139,0,0
3,350,21.000000,0.000000,0,0,171236188,1137,0,1137,-41,0,139,0,0
3,350,21.000000,0.000000,0,0,171236191,1137,0,1137,-41,0,139,0,0
3,350,21.000000,0.000000,0,0,171236193,1137,0,1137,-41,0,139,0,0
3,350,21.000000,0.000000,0,0,171236196,1137,0,1137,-41,0,139,0,0
3,350,21.000000,0.000000,0,0,171236199,1137,0,1137,-41,0,139,0,0
3,350,21.000000,0.000000,0,0,171236202,1137,0,1137,-41,0,139,0,0
3,350,21.000000,0.000000,0,0,171236205,1137,0,1137,-41,0,139,0,0
3,350,21.000000,0.000000,0,0,171236207,1137,0,1137,-41,0,139,0,0
3,350,21.000000,0.000000,0,0,171236210,1137,0,1137,-41,0,139,0,0
3,350,21.000000,0.000000,0,0,171236213,1137,0,1137,-41,0,139,0,0
3,350,21.000000,0.000000,0,0,171236216,1137,0,1137,-41,0,139,0,0
3,350,21.000000,0.000000,0,0,171236219,1137,0,1137,-41,0,139,0,0
3,350,21.000000,0.000000,0,0,171236221,1137,0,1137,-41,0,139,0,0
3,350,21.000000,0.000000,0,0,171236224,1137,0,1137,-41,0,139,0,0
3,350,21.000000,0.000000,0,0,171236227,1137,0,1137,-41,0,139,0,0
3,350,21.000000,0.000000,0,0,171236229,1137,0,1137,-41,0,139,0,0
3,350,21.000000,0.000000,0,0,171236232,1137,0,1137,-41,0,139,0,0
3,350,21.000000,0.000000,0,0,171236235,1137,0,1137,-41,0,139,0,0
3,350,21.000000,0.000000,0,0,171236238,1137,0,1137,-41,0,139,0,0
3,350,21.000000,0.000000,0,0,171236240,1137,0,1137,-41,0,139,0,0
3,350,21.000000,0.000000,0,0,171236243,1137,0,1137,-41,0,139,0,0
3,350,21.000000,0.000000,0,0,171236246,1137,0,1137,-41,0,139,0,0
3,350,21.000000,0.000000,0,0,171236249,1137,0,1137,-41,0,139,0,0
3,350,21.000000,0.000000,0,0,171236252,1137,0,1137,-41,0,139,0,0
3,350,21.000000,0.000000,0,0,171236254,1137,0,1137,-41,0,139,0,0
3,350,21.000000,0.000000,0,0,171236257,1137,0,1137,-41,0,139,0,0
3,350,21.000000,0.000000,0,0,171236260,1137,0,1137,-41,0,139,0,0
3,350,21.000000,0.000000,0,0,171236263,1137,0,1137,-41,0,139,0,0
3,350,21.000000,0.000000,0,0,171236266,1137,0,1137,-41,0,139,0,0
3,350,21.000000,0.000000,0,0,171236268,1137,0,1137,-41,0,139,0,0
3,350,21.000000,0.000000,0,0,171236271,1137,0,1137,-41,0,139,0,0
3,350,21.000000,0.000000,0,0,171236274,1137,0,1137,-41,0,139,0,0
3,350,21.000000,0.000000,0,0,171236277,1137,0,1137,-41,0,139,0,0
3,350,21.000000,0.000000,0,0,171236280,1137,0,1137,-41,0,139,0,0
3,350,21.000000,0.000000,0,0,171236282,1137,0,1137,-41,0,139,0,0
3,350,21.000000,0.000000,0,0,171236285,1137,0,1137,-41,0,139,0,0
3,350,21.000000,0.000000,0,0,171236288,1137,0,1137,-41,0,139,0,0
3,350,21.000000,0.000000,0,0,171236290,1137,0,1137,-41,0,139,0,0
3,350,21.000000,0.000000,0,0,171236293,1137,0,1137,-41,0,139,0,0
3,350,21.000000,0.000000,0,0,171236296,1137,0,1137,-41,0,139,0,0
3,350,21.000000,0.000000,0,0,171236299,1137,0,1137,-41,0,139,0,0
3,350,21.000000,0.000000,0,0,171236302,1137,0,1137,-41,0,139,0,0
3,350,21.000000,0.000000,0,0,171236304,1137,0,1137,-41,0,139,0,0
3,350,21.000000,0.000000,0,0,171236307,1137,0,1137,-41,0,139,0,0
3,350,21.000000,0.000000,0,0,171236310,1137,0,1137,-41,0,139,0,0
3,350,21.000000,0.000000,0,0,171236313,1137,0,1137,-41,0,139,0,0
3,350,21.000000,0.000000,0,0,171236316,1137,0,1137,-41,0,139,0,0
3,350,21.000000,0.000000,0,0,171236318,1137,0,1137,-41,0,139,0,0
3,350,21.000000,0.000000,0,0,171236321,1137,0,1137,-41,0,139,0,0
3,350,21.000000,0.000000,0,0,171236324,1137,0,1137,-41,0,139,0,0
3,350,21.000000,0.000000,0,0,171236327,1137,0,1137,-41,0,139,0,0
3,350,21.000000,0.000000,0,0,171236330,1137,0,1137,-41,0,139,0,0
3,350,21.000000,0.000000,0,0,171236332,1137,0,1137,-41,0,139,0,0
3,350,21.000000,0.000000,0,0,171236335,1137,0,1137,-41,0,139,0,0
3,350,21.000000,0.000000,0,0,171236338,1137,0,1137,-41,0,139,0,0
3,350,21.000000,0.000000,0,0,171236341,1137,0,1137,-41,0,139,0,0
3,350,21.000000,0.000000,0,0,171236344,1137,0,1137,-41,0,139,0,0
3,350,21.000000,0.000000,0,0,171236346,1137,0,1137,-41,0,139,0,0
3,350,21.000000,0.000000,0,0,171236349,1137,0,1137,-41,0,139,0,0
3,350,21.000000,0.000000,0,0,171236352,1137,0,1137,-41,0,139,0,0
3,350,21.000000,0.000000,0,0,171236355,1137,0,1137,-41,0,139,0,0
3,350,21.000000,0.000000,0,0,171236357,1137,0,1137,-41,0,139,0,0
3,350,21.000000,0.000000,0,0,171236360,1137,0,1137,-41,0,139,0,0
3,350,21.000000,0.000000,0,0,171236363,1137,0,1137,-41,0,139,0,0
3,350,21.000000,0.000000,0,0,171236366,1137,0,1137,-41,0,139,0,0
3,350,21.000000,0.000000,0,0,171236368,1137,0,1137,-41,0,139,0,0
3,350,21.000000,0.000000,0,0,171236371,1137,0,1137,-41,0,139,0,0
3,350,21.000000,0.000000,0,0,171236374,1137,0,1137,-41,0,139,0,0
3,350,21.000000,0.000000,0,0,171236377,1137,0,1137,-41,0,139,0,0
3,350,21.000000,0.000000,0,0,171236379,1137,0,1137,-41,0,139,0,0
3,350,21.000000,0.000000,0,0,171236382,1137,0,1137,-41,0,139,0,0
3,350,21.000000,0.000000,0,0,171236385,1137,0,1137,-41,0,139,0,0
3,350,21.000000,0.000000,0,0,171236388,1137,0,1137,-41,0,139,0,0
3,350,21.000000,0.000000,0,0,171236391,1137,0,1137,-41,0,139,0,0
3,350,21.000000,0.000000,0,0,171236393,1137,0,1137,-41,0,139,0,0
3,350,21.000000,0.000000,0,0,171236396,1137,0,1137,-41,0,139,0,0
3,350,21.000000,0.000000,0,0,171236399,1137,0,1137,-41,0,139,0,0
3,350,21.000000,0.000000,0,0,171236402,1137,0,1137,-41,0,139,0,0
3,350,21.000000,0.000000,0,0,171236405,1137,0,1137,-41,0,139,0,0
3,350,21.000000,0.000000,0,0,171236407,1137,0,1137,-41,0,139,0,0
3,350,21.000000,0.000000,0,0,171236410,1137,0,1137,-41,0,139,0,0
3,350,21.000000,0.000000,0,0,171236413,1137,0,1137,-41,0,139,0,0
3,350,21.000000,0.000000,0,0,171236416,1137,0,1137,-41,0,139,0,0
3,350,21.000000,0.000000,0,0,171236418,1137,0,1137,-41,0,139,0,0
3,350,21.000000,0.000000,0,0,171236421,1137,0,1137,-41,0,139,0,0
3,350,21.000000,0.000000,0,0,171236424,1137,0,1137,-41,0,139,0,0
3,350,21.000000,0.000000,0,0,171236427,1137,0,1137,-41,0,139,0,0
3,350,21.000000,0.000000,0,0,171236430,1137,0,1137,-41,0,139,0,0
3,350,21.000000,0.000000,0,0,171236433,1137,0,1137,-41,0,139,0,0
3,350,21.000000,0.000000,0,0,171236436,1137,0,1137,-41,0,139,0,0
3,350,21.000000,0.000000,0,0,171236439,1137,0,1137,-41,0,139,0,0
3,350,21.000000,0.000000,0,0,171236441,1137,0,1137,-41,0,139,0,0
3,350,21.000000,0.000000,0,0,171236444,1137,0,1137,-41,0,139,0,0
3,350,21.000000,0.000000,0,0,171236447,1137,0,1137,-41,0,139,0,0
3,350,21.000000,0.000000,0,0,171236449,1137,0,1137,-41,0,139,0,0
3,350,21.000000,0.000000,0,0,171236452,1137,0,1137,-41,0,139,0,0
3,350,21.000000,0.000000,0,0,171236455,1137,0,1137,-41,0,139,0,0
3,350,21.000000,0.000000,0,0,171236457,1137,0,1137,-41,0,139,0,0
3,350,21.000000,0.000000,0,0,171236460,1137,0,1137,-41,0,139,0,0
3,350,21.000000,0.000000,0,0,171236463,1137,0,1137,-41,0,139,0,0
3,350,21.000000,0.000000,0,0,171236466,1137,0,1137,-41,0,139,0,0
3,350,21.000000,0.000000,0,0,171236468,1137,0,1137,-41,0,139,0,0
3,350,21.000000,0.000000,0,0,171236471,1137,0,1137,-41,0,139,0,0
3,350,21.000000,0.000000,0,0,171236474,1137,0,1137,-41,0,139,0,0
3,350,21.000000,0.000000,0,0,171236477,1137,0,1137,-41,0,139,0,0
3,350,21.000000,0.000000,0,0,171236479,1137,0,1137,-41,0,139,0,0
3,350,21.000000,0.000000,0,0,171236482,1137,0,1137,-41,0,139,0,0
3,350,21.000000,0.000000,0,0,171236485,1137,0,1137,-41,0,139,0,0
3,350,21.000000,0.000000,0,0,171236488,1137,0,1137,-41,0,139,0,0
3,350,21.000000,0.000000,0,0,171236491,1137,0,1137,-41,0,139,0,0
3,350,21.000000,0.000000,0,0,171236493,1137,0,1137,-41,0,139,0,0
3,350,21.000000,0.000000,0,0,171236496,1137,0,1137,-41,0,139,0,0
3,350,21.000000,0.000000,0,0,171236499,1137,0,1137,-41,0,139,0,0
3,350,21.000000,0.000000,0,0,171236502,1137,0,1137,-41,0,139,0,0
3,350,21.000000,0.000000,0,0,171236505,1137,0,1137,-41,0,139,0,0
3,350,21.000000,0.000000,0,0,171236508,1137,0,1137,-41,0,139,0,0
3,350,21.000000,0.000000,0,0,171236510,1137,0,1137,-41,0,139,0,0
3,350,21.000000,0.000000,0,0,171236513,1137,0,1137,-41,0,139,0,0
3,350,21.000000,0.000000,0,0,171236516,1137,0,1137,-41,0,139,0,0
3,350,21.000000,0.000000,0,0,171236519,1137,0,1137,-41,0,139,0,0
3,350,21.000000,0.000000,0,0,171236532,1137,0,1137,-41,0,139,0,0
