3,700,21.000000,0.000000,1,0,171652719,621,0,621,0,0,166,1,0
3,700,21.000000,0.000000,1,0,171652720,621,0,621,0,0,166,1,0
3,700,21.000000,0.000000,1,0,171652723,621,0,621,0,0,166,1,0
3,700,21.000000,0.000000,1,0,171652725,621,0,621,0,0,166,1,0
3,700,21.000000,0.000000,1,0,171652728,621,0,621,0,0,166,1,0
3,700,21.000000,0.000000,1,0,171652731,621,0,621,0,0,166,1,0
3,700,21.000000,0.000000,1,0,171652734,621,0,621,0,0,166,1,0
3,700,21.000000,0.000000,1,0,171652736,621,0,621,0,0,166,1,0
3,700,21.000000,0.000000,1,0,171652739,621,0,621,0,0,166,1,0
3,700,21.000000,0.000000,1,0,171652742,621,0,621,0,0,166,1,0
3,700,21.000000,0.000000,1,0,171652745,621,0,621,0,0,166,1,0
3,700,21.000000,0.000000,1,0,171652748,621,0,621,0,0,166,1,0
3,700,21.000000,0.000000,1,0,171652751,621,0,621,0,0,166,1,0
3,700,21.000000,0.000000,1,0,171652753,621,0,621,0,0,166,1,0
3,700,21.000000,0.000000,1,0,171652756,621,0,621,0,0,166,1,0
3,700,21.000000,0.000000,1,0,171652759,621,0,621,0,0,166,1,0
3,700,21.000000,0.000000,1,0,171652762,621,0,621,0,0,166,1,0
3,700,21.000000,0.000000,1,0,171652764,621,0,621,0,0,166,1,0
3,700,21.000000,0.000000,1,0,171652767,621,0,621,0,0,166,1,0
3,700,21.000000,0.000000,1,0,171652770,621,0,621,0,0,166,1,0
3,700,21.000000,0.000000,1,0,171652772,621,0,621,0,0,166,1,0
3,700,21.000000,0.000000,1,0,171652776,621,0,621,0,0,166,1,0
3,700,21.000000,0.000000,1,0,171652778,621,0,621,0,0,166,1,0
3,700,21.000000,0.000000,1,0,171652781,621,0,621,0,0,166,1,0
3,700,21.000000,0.000000,1,0,171652784,621,0,621,0,0,166,1,0
3,700,21.000000,0.000000,1,0,171652786,621,0,621,0,0,166,1,0
3,700,21.000000,0.000000,1,0,171652789,621,0,621,0,0,166,1,0
3,700,21.000000,0.000000,1,0,171652792,621,0,621,0,0,166,1,0
3,700,21.000000,0.000000,1,0,171652795,621,0,621,0,0,166,1,0
3,700,21.000000,0.000000,1,0,171652797,621,0,621,0,0,166,1,0
3,700,21.000000,0.000000,1,0,171652801,621,0,621,0,0,166,1,0
3,700,21.000000,0.000000,1,0,171652804,621,0,621,0,0,166,1,0
3,700,21.000000,0.000000,1,0,171652806,621,0,621,0,0,166,1,0
3,700,21.000000,0.000000,1,0,171652809,621,0,621,0,0,166,1,0
3,700,21.000000,0.000000,1,0,171652812,621,0,621,0,0,166,1,0
3,700,21.000000,0.000000,1,0,171652815,621,0,621,0,0,166,1,0
3,700,21.000000,0.000000,1,0,171652818,621,0,621,0,0,166,1,0
3,700,21.000000,0.000000,1,0,171652821,621,0,621,0,0,166,1,0
3,700,21.000000,0.000000,1,0,171652824,621,0,621,0,0,166,1,0
3,700,21.000000,0.000000,1,0,171652826,621,0,621,0,0,166,1,0
3,700,21.000000,0.000000,1,0,171652829,621,0,621,0,0,166,1,0
3,700,21.000000,0.000000,1,0,171652832,621,0,621,0,0,166,1,0
3,700,21.000000,0.000000,1,0,171652834,621,0,621,0,0,166,1,0
3,700,21.000000,0.000000,1,0,171652837,621,0,621,0,0,166,1,0
3,700,21.000000,0.000000,1,0,171652840,621,0,621,0,0,166,1,0
3,700,21.000000,0.000000,1,0,171652843,621,0,621,0,0,166,1,0
3,700,21.000000,0.000000,1,0,171652845,621,0,621,0,0,166,1,0
3,700,21.000000,0.000000,1,0,171652848,621,0,621,0,0,166,1,0
3,700,21.000000,0.000000,1,0,171652851,621,0,621,0,0,166,1,0
3,700,21.000000,0.000000,1,0,171652853,621,0,621,0,0,166,1,0
3,700,21.000000,0.000000,1,0,171652856,621,1,621,1,0,166,1,0
3,700,21.000000,0.000000,1,0,171652859,621,2,621,2,0,166,1,0
3,700,21.000000,0.000000,1,0,171652862,621,3,621,3,0,166,1,0
3,700,21.000000,0.000000,1,0,171652864,621,4,621,4,0,166,1,0
3,700,21.000000,0.000000,1,0,171652867,621,5,621,5,0,166,1,0
3,700,21.000000,0.000000,1,0,171652870,622,6,622,6,0,166,1,0
3,700,21.000000,0.000000,1,0,171652873,623,7,623,7,0,166,1,0
3,700,21.000000,0.000000,1,0,171652876,623,8,623,8,0,166,1,0
3,700,21.000000,0.000000,1,0,171652878,623,9,623,9,0,166,1,0
3,700,21.000000,0.000000,1,0,171652881,624,10,624,10,0,166,1,0
3,700,21.000000,0.000000,1,0,171652884,624,11,624,11,0,166,1,0
3,700,21.000000,0.000000,1,0,171652887,624,12,624,12,0,166,1,0
3,700,21.000000,0.000000,1,0,171652890,624,13,624,13,0,166,1,0
3,700,21.000000,0.000000,1,0,171652892,625,13,625,13,0,166,1,0
3,700,21.000000,0.000000,1,0,171652895,625,14,625,14,0,166,1,0
3,700,21.000000,0.000000,1,0,171652898,626,15,626,15,0,166,1,0
3,700,21.000000,0.000000,1,0,171652900,627,16,627,16,0,166,1,0
3,700,21.000000,0.000000,1,0,171652903,627,17,627,17,0,166,1,0
3,700,21.000000,0.000000,1,0,171652906,628,18,628,18,0,166,1,0
3,700,21.000000,0.000000,1,0,171652909,629,19,629,19,0,166,1,0
3,700,21.000000,0.000000,1,0,171652912,629,20,629,20,0,166,1,0
3,700,21.000000,0.000000,1,0,171652914,630,21,630,21,0,166,1,0
3,700,21.000000,0.000000,1,0,171652917,630,22,630,22,0,166,1,0
3,700,21.000000,0.000000,1,0,171652920,631,22,631,22,0,166,1,0
3,700,21.000000,0.000000,1,0,171652923,632,23,632,23,0,166,1,0
3,700,21.000000,0.000000,1,0,171652926,632,24,632,24,0,166,1,0
3,700,21.000000,0.000000,1,0,171652928,633,25,633,25,0,166,1,0
3,700,21.000000,0.000000,1,0,171652931,633,26,633,26,0,166,1,0
3,700,21.000000,0.000000,1,0,171652934,633,27,633,27,0,166,1,0
3,700,21.000000,0.000000,1,0,171652937,634,28,634,28,0,166,1,0
3,700,21.000000,0.000000,1,0,171652940,635,28,635,28,0,166,1,0
3,700,21.000000,0.000000,1,0,171652942,636,28,636,28,0,166,1,0
3,700,21.000000,0.000000,1,0,171652945,637,28,637,28,0,166,1,0
3,700,21.000000,0.000000,1,0,171652948,638,28,638,28,0,166,1,0
3,700,21.000000,0.000000,1,0,171652951,639,30,639,30,0,166,1,0
3,700,21.000000,0.000000,1,0,171652953,641,31,641,31,0,166,1,0
3,700,21.000000,0.000000,1,0,171652956,642,32,642,32,0,166,1,0
3,700,21.000000,0.000000,1,0,171652959,644,34,644,34,0,166,1,0
3,700,21.000000,0.000000,1,0,171652961,645,35,645,35,0,166,1,0
3,700,21.000000,0.000000,1,0,171652964,647,36,647,36,0,166,1,0
3,700,21.000000,0.000000,1,0,171652967,649,36,649,36,0,166,1,0
3,700,21.000000,0.000000,1,0,171652970,651,37,651,37,0,166,1,0
3,700,21.000000,0.000000,1,0,171652973,653,38,653,38,0,166,1,0
3,700,21.000000,0.000000,1,0,171652975,656,39,656,39,0,166,1,0
3,700,21.000000,0.000000,1,0,171652978,659,40,659,40,0,166,1,0
3,700,21.000000,0.000000,1,0,171652981,662,41,662,41,0,166,1,0
3,700,21.000000,0.000000,1,0,171652984,667,43,667,43,0,166,1,0
3,700,21.000000,0.000000,1,0,171652987,669,45,669,45,0,166,1,0
3,700,21.000000,0.000000,1,0,171652990,671,46,671,46,0,166,1,0
3,700,21.000000,0.000000,1,0,171652992,675,48,675,48,0,166,1,0
3,700,21.000000,0.000000,1,0,171652995,679,49,679,49,0,166,1,0
3,700,21.000000,0.000000,1,0,171652998,684,50,684,50,0,166,1,0
3,700,21.000000,0.000000,1,0,171653001,688,52,688,52,0,166,1,0
3,700,21.000000,0.000000,1,0,171653004,696,56,696,56,0,166,1,0
3,700,21.000000,0.000000,1,0,171653006,698,57,698,57,0,166,1,0
3,700,21.000000,0.000000,1,0,171653009,703,58,703,58,0,166,1,0
3,700,21.000000,0.000000,1,0,171653012,709,61,709,61,0,166,1,0
3,700,21.000000,0.000000,1,0,171653014,715,63,715,63,0,166,1,0
3,700,21.000000,0.000000,1,0,171653017,720,65,720,65,0,166,1,0
3,700,21.000000,0.000000,1,0,171653020,725,67,725,67,0,166,1,0
3,700,21.000000,0.000000,1,0,171653023,731,68,731,68,0,166,1,0
3,700,21.000000,0.000000,1,0,171653025,739,70,739,70,0,166,1,0
3,700,21.000000,0.000000,1,0,171653028,745,72,745,72,0,166,1,0
3,700,21.000000,0.000000,1,0,171653031,754,74,754,74,0,166,1,0
3,700,21.000000,0.000000,1,0,171653034,761,76,761,76,0,166,1,0
3,700,21.000000,0.000000,1,0,171653037,769,78,769,78,0,166,1,0
3,700,21.000000,0.000000,1,0,171653040,779,80,779,80,0,166,1,0
3,700,21.000000,0.000000,1,0,171653042,786,82,786,82,0,166,1,0
3,700,21.000000,0.000000,1,0,171653045,792,84,792,84,0,166,1,0
3,700,21.000000,0.000000,1,0,171653048,798,85,798,85,0,166,1,0
3,700,21.000000,0.000000,1,0,171653050,809,88,809,88,0,166,1,0
3,700,21.000000,0.000000,1,0,171653053,817,90,817,90,0,166,1,0
3,700,21.000000,0.000000,1,0,171653056,824,92,824,92,0,166,1,0
3,700,21.000000,0.000000,1,0,171653059,830,93,830,93,0,166,1,0
3,700,21.000000,0.000000,1,0,171653062,834,94,834,94,0,166,1,0
3,700,21.000000,0.000000,1,0,171653064,844,96,844,96,0,166,1,0
3,700,21.000000,0.000000,1,0,171653067,850,97,850,97,0,166,1,0
3,700,21.000000,0.000000,1,0,171653070,856,98,856,98,0,166,1,0
3,700,21.000000,0.000000,1,0,171653073,867,100,867,100,0,166,1,0
3,700,21.000000,0.000000,1,0,171653076,876,102,876,102,0,166,1,0
3,700,21.000000,0.000000,1,0,171653078,881,103,881,103,0,166,1,0
3,700,21.000000,0.000000,1,0,171653081,887,104,887,104,0,166,1,0
3,700,21.000000,0.000000,1,0,171653084,895,106,895,106,0,166,1,0
3,700,21.000000,0.000000,1,0,171653087,904,107,904,107,0,166,1,0
3,700,21.000000,0.000000,1,0,171653089,913,109,913,109,0,166,1,0
3,700,21.000000,0.000000,1,0,171653092,926,112,926,112,0,166,1,0
3,700,21.000000,0.000000,1,0,171653095,934,113,934,113,0,166,1,0
3,700,21.000000,0.000000,1,0,171653098,940,114,940,114,0,166,1,0
3,700,21.000000,0.000000,1,0,171653101,947,116,947,116,0,166,1,0
3,700,21.000000,0.000000,1,0,171653103,954,117,954,117,0,166,1,0
3,700,21.000000,0.000000,1,0,171653106,959,118,959,118,0,166,1,0
3,700,21.000000,0.000000,1,0,171653109,969,119,969,119,0,166,1,0
3,700,21.000000,0.000000,1,0,171653112,975,120,975,120,0,166,1,0
3,700,21.000000,0.000000,1,0,171653115,981,120,981,120,0,166,1,0
3,700,21.000000,0.000000,1,0,171653117,992,121,992,121,0,166,1,0
3,700,21.000000,0.000000,1,0,171653120,1000,122,1000,122,0,166,1,0
3,700,21.000000,0.000000,1,0,171653123,1009,123,1009,123,0,166,1,0
3,700,21.000000,0.000000,1,0,171653126,1017,123,1017,123,0,166,1,0
3,700,21.000000,0.000000,1,0,171653128,1024,124,1024,124,0,166,1,0
3,700,21.000000,0.000000,1,0,171653131,1034,125,1034,125,0,166,1,0
3,700,21.000000,0.000000,1,0,171653134,1038,126,1038,126,0,166,1,0
3,700,21.000000,0.000000,1,0,171653137,1044,126,1044,126,0,166,1,0
3,700,21.000000,0.000000,1,0,171653140,1053,126,1053,126,0,166,1,0
3,700,21.000000,0.000000,1,0,171653142,1058,126,1058,126,0,166,1,0
3,700,21.000000,0.000000,1,0,171653145,1065,127,1065,127,0,166,1,0
3,700,21.000000,0.000000,1,0,171653148,1073,128,1073,128,0,166,1,0
3,700,21.000000,0.000000,1,0,171653151,1077,128,1077,128,0,166,1,0
3,700,21.000000,0.000000,1,0,171653154,1083,128,1083,128,0,166,1,0
3,700,21.000000,0.000000,1,0,171653156,1086,128,1086,128,0,166,1,0
3,700,21.000000,0.000000,1,0,171653159,1095,128,1095,128,0,166,1,0
3,700,21.000000,0.000000,1,0,171653162,1103,128,1103,128,0,166,1,0
3,700,21.000000,0.000000,1,0,171653165,1113,128,1113,128,0,166,1,0
3,700,21.000000,0.000000,1,0,171653168,1117,128,1117,128,0,166,1,0
3,700,21.000000,0.000000,1,0,171653170,1126,128,1126,128,0,166,1,0
3,700,21.000000,0.000000,1,0,171653173,1132,128,1132,128,0,166,1,0
3,700,21.000000,0.000000,1,0,171653175,1137,128,1137,128,0,166,1,0
3,700,21.000000,0.000000,1,0,171653178,1145,128,1145,128,0,166,1,0
3,700,21.000000,0.000000,1,0,171653181,1151,128,1151,128,0,166,1,0
3,700,21.000000,0.000000,1,0,171653184,1158,128,1158,128,0,166,1,0
3,700,21.000000,0.000000,1,0,171653187,1166,128,1166,128,0,166,1,0
3,700,21.000000,0.000000,1,0,171653190,1172,128,1172,128,0,166,1,0
3,700,21.000000,0.000000,1,0,171653192,1178,128,1178,128,0,166,1,0
3,700,21.000000,0.000000,1,0,171653195,1186,128,1186,128,0,166,1,0
3,700,21.000000,0.000000,1,0,171653198,1191,128,1191,128,0,166,1,0
3,700,21.000000,0.000000,1,0,171653201,1194,128,1194,128,0,166,1,0
3,700,21.000000,0.000000,1,0,171653203,1201,128,1201,128,0,166,1,0
3,700,21.000000,0.000000,1,0,171653206,1205,128,1205,128,0,166,1,0
3,700,21.000000,0.000000,1,0,171653209,1211,127,1211,127,0,166,1,0
3,700,21.000000,0.000000,1,0,171653212,1214,127,1214,127,0,166,1,0
3,700,21.000000,0.000000,1,0,171653214,1220,126,1220,126,0,166,1,0
3,700,21.000000,0.000000,1,0,171653217,1225,125,1225,125,0,166,1,0
3,700,21.000000,0.000000,1,0,171653220,1228,125,1228,125,0,166,1,0
3,700,21.000000,0.000000,1,0,171653223,1231,125,1231,125,0,166,1,0
3,700,21.000000,0.000000,1,0,171653226,1239,124,1239,124,0,166,1,0
3,700,21.000000,0.000000,1,0,171653228,1242,124,1242,124,0,166,1,0
3,700,21.000000,0.000000,1,0,171653231,1244,123,1244,123,0,166,1,0
3,700,21.000000,0.000000,1,0,171653234,1247,122,1247,122,0,166,1,0
3,700,21.000000,0.000000,1,0,171653237,1249,122,1249,122,0,166,1,0
3,700,21.000000,0.000000,1,0,171653239,1253,121,1253,121,0,166,1,0
3,700,21.000000,0.000000,1,0,171653242,1256,120,1256,120,0,166,1,0
3,700,21.000000,0.000000,1,0,171653245,1258,119,1258,119,0,166,1,0
3,700,21.000000,0.000000,1,0,171653248,1260,118,1260,118,0,166,1,0
3,700,21.000000,0.000000,1,0,171653251,1262,117,1262,117,0,166,1,0
3,700,21.000000,0.000000,1,0,171653253,1263,117,1263,117,0,166,1,0
3,700,21.000000,0.000000,1,0,171653256,1264,117,1264,117,0,166,1,0
3,700,21.000000,0.000000,1,0,171653259,1265,117,1265,117,0,166,1,0
3,700,21.000000,0.000000,1,0,171653262,1266,115,1266,115,0,166,1,0
3,700,21.000000,0.000000,1,0,171653265,1267,113,1267,113,0,166,1,0
3,700,21.000000,0.000000,1,0,171653267,1268,113,1268,113,0,166,1,0
3,700,21.000000,0.000000,1,0,171653270,1269,113,1269,113,0,166,1,0
3,700,21.000000,0.000000,1,0,171653273,1269,112,1269,112,0,166,1,0
3,700,21.000000,0.000000,1,0,171653276,1269,112,1269,112,0,166,1,0
3,700,21.000000,0.000000,1,0,171653279,1269,111,1269,111,0,166,1,0
3,700,21.000000,0.000000,1,0,171653281,1269,110,1269,110,0,166,1,0
3,700,21.000000,0.000000,1,0,171653284,1270,109,1270,109,0,166,1,0
3,700,21.000000,0.000000,1,0,171653287,1270,108,1270,108,0,166,1,0
3,700,21.000000,0.000000,1,0,171653290,1270,107,1270,107,0,166,1,0
3,700,21.000000,0.000000,1,0,171653293,1270,106,1270,106,0,166,1,0
3,700,21.000000,0.000000,1,0,171653295,1270,105,1270,105,0,166,1,0
3,700,21.000000,0.000000,1,0,171653298,1270,104,1270,104,0,166,1,0
3,700,21.000000,0.000000,1,0,171653300,1270,103,1270,103,0,166,1,0
3,700,21.000000,0.000000,1,0,171653304,1271,102,1271,102,0,166,1,0
3,700,21.000000,0.000000,1,0,171653306,1271,101,1271,101,0,166,1,0
3,700,21.000000,0.000000,1,0,171653309,1272,101,1272,101,0,166,1,0
3,700,21.000000,0.000000,1,0,171653312,1273,101,1273,101,0,166,1,0
3,700,21.000000,0.000000,1,0,171653314,1273,100,1273,100,0,166,1,0
3,700,21.000000,0.000000,1,0,171653317,1274,99,1274,99,0,166,1,0
3,700,21.000000,0.000000,1,0,171653320,1274,98,1274,98,0,166,1,0
3,700,21.000000,0.000000,1,0,171653323,1275,98,1275,98,0,166,1,0
3,700,21.000000,0.000000,1,0,171653326,1276,98,1276,98,0,166,1,0
3,700,21.000000,0.000000,1,0,171653329,1276,97,1276,97,0,166,1,0
3,700,21.000000,0.000000,1,0,171653332,1276,96,1276,96,0,166,1,0
3,700,21.000000,0.000000,1,0,171653334,1277,96,1277,96,0,166,1,0
3,700,21.000000,0.000000,1,0,171653337,1278,96,1278,96,0,166,1,0
3,700,21.000000,0.000000,1,0,171653340,1278,95,1278,95,0,166,1,0
3,700,21.000000,0.000000,1,0,171653343,1279,95,1279,95,0,166,1,0
3,700,21.000000,0.000000,1,0,171653346,1279,94,1279,94,0,166,1,0
3,700,21.000000,0.000000,1,0,171653348,1280,93,1280,93,0,166,1,0
3,700,21.000000,0.000000,1,0,171653351,1281,92,1281,92,0,166,1,0
3,700,21.000000,0.000000,1,0,171653353,1281,91,1281,91,0,166,1,0
3,700,21.000000,0.000000,1,0,171653356,1282,90,1282,90,0,166,1,0
3,700,21.000000,0.000000,1,0,171653359,1282,89,1282,89,0,166,1,0
3,700,21.000000,0.000000,1,0,171653362,1283,89,1283,89,0,166,1,0
3,700,21.000000,0.000000,1,0,171653365,1283,88,1283,88,0,166,1,0
3,700,21.000000,0.000000,1,0,171653367,1283,87,1283,87,0,166,1,0
3,700,21.000000,0.000000,1,0,171653370,1283,86,1283,86,0,166,1,0
3,700,21.000000,0.000000,1,0,171653373,1283,84,1283,84,0,166,1,0
3,700,21.000000,0.000000,1,0,171653376,1283,83,1283,83,0,166,1,0
3,700,21.000000,0.000000,1,0,171653379,1283,82,1283,82,0,166,1,0
3,700,21.000000,0.000000,1,0,171653381,1283,81,1283,81,0,166,1,0
3,700,21.000000,0.000000,1,0,171653384,1283,80,1283,80,0,166,1,0
3,700,21.000000,0.000000,1,0,171653387,1283,78,1283,78,0,166,1,0
3,700,21.000000,0.000000,1,0,171653390,1283,77,1283,77,0,166,1,0
3,700,21.000000,0.000000,1,0,171653393,1283,76,1283,76,0,166,1,0
3,700,21.000000,0.000000,1,0,171653395,1283,75,1283,75,0,166,1,0
3,700,21.000000,0.000000,1,0,171653398,1283,74,1283,74,0,166,1,0
3,700,21.000000,0.000000,1,0,171653401,1283,73,1283,73,0,166,1,0
3,700,21.000000,0.000000,1,0,171653404,1283,72,1283,72,0,166,1,0
3,700,21.000000,0.000000,1,0,171653406,1284,71,1284,71,0,166,1,0
3,700,21.000000,0.000000,1,0,171653409,1285,70,1285,70,0,166,1,0
3,700,21.000000,0.000000,1,0,171653412,1285,69,1285,69,0,166,1,0
3,700,21.000000,0.000000,1,0,171653415,1285,69,1285,69,0,166,1,0
3,700,21.000000,0.000000,1,0,171653418,1285,69,1285,69,0,166,1,0
3,700,21.000000,0.000000,1,0,171653420,1285,68,1285,68,0,166,1,0
3,700,21.000000,0.000000,1,0,171653423,1285,67,1285,67,0,166,1,0
3,700,21.000000,0.000000,1,0,171653426,1286,67,1286,67,0,166,1,0
3,700,21.000000,0.000000,1,0,171653429,1286,66,1286,66,0,166,1,0
3,700,21.000000,0.000000,1,0,171653431,1287,65,1287,65,0,166,1,0
3,700,21.000000,0.000000,1,0,171653434,1287,64,1287,64,0,166,1,0
3,700,21.000000,0.000000,1,0,171653437,1288,64,1288,64,0,166,1,0
3,700,21.000000,0.000000,1,0,171653440,1288,63,1288,63,0,166,1,0
3,700,21.000000,0.000000,1,0,171653443,1289,62,1289,62,0,166,1,0
3,700,21.000000,0.000000,1,0,171653445,1290,61,1290,61,0,166,1,0
3,700,21.000000,0.000000,1,0,171653448,1290,59,1290,59,0,166,1,0
3,700,21.000000,0.000000,1,0,171653451,1291,58,1291,58,0,166,1,0
3,700,21.000000,0.000000,1,0,171653453,1292,58,1292,58,0,166,1,0
3,700,21.000000,0.000000,1,0,171653456,1292,57,1292,57,0,166,1,0
3,700,21.000000,0.000000,1,0,171653459,1293,56,1293,56,0,166,1,0
3,700,21.000000,0.000000,1,0,171653462,1294,56,1294,56,0,166,1,0
3,700,21.000000,0.000000,1,0,171653465,1295,56,1295,56,0,166,1,0
3,700,21.000000,0.000000,1,0,171653467,1296,55,1296,55,0,166,1,0
3,700,21.000000,0.000000,1,0,171653470,1297,54,1297,54,0,166,1,0
3,700,21.000000,0.000000,1,0,171653473,1297,53,1297,53,0,166,1,0
3,700,21.000000,0.000000,1,0,171653476,1297,52,1297,52,0,166,1,0
3,700,21.000000,0.000000,1,0,171653479,1298,51,1298,51,0,166,1,0
3,700,21.000000,0.000000,1,0,171653481,1299,50,1299,50,0,166,1,0
3,700,21.000000,0.000000,1,0,171653484,1300,50,1300,50,0,166,1,0
3,700,21.000000,0.000000,1,0,171653487,1300,49,1300,49,0,166,1,0
3,700,21.000000,0.000000,1,0,171653490,1301,48,1301,48,0,166,1,0
3,700,21.000000,0.000000,1,0,171653493,1302,47,1302,47,0,166,1,0
3,700,21.000000,0.000000,1,0,171653495,1303,47,1303,47,0,166,1,0
3,700,21.000000,0.000000,1,0,171653498,1303,46,1303,46,0,166,1,0
3,700,21.000000,0.000000,1,0,171653501,1304,45,1304,45,0,166,1,0
3,700,21.000000,0.000000,1,0,171653504,1305,44,1305,44,0,166,1,0
3,700,21.000000,0.000000,1,0,171653506,1305,43,1305,43,0,166,1,0
3,700,21.000000,0.000000,1,0,171653509,1306,43,1306,43,0,166,1,0
3,700,21.000000,0.000000,1,0,171653512,1307,42,1307,42,0,166,1,0
3,700,21.000000,0.000000,1,0,171653515,1308,42,1308,42,0,166,1,0
3,700,21.000000,0.000000,1,0,171653517,1308,41,1308,41,0,166,1,0
3,700,21.000000,0.000000,1,0,171653520,1308,40,1308,40,0,166,1,0
3,700,21.000000,0.000000,1,0,171653523,1309,40,1309,40,0,166,1,0
3,700,21.000000,0.000000,1,0,171653526,1310,40,1310,40,0,166,1,0
3,700,21.000000,0.000000,1,0,171653529,1310,39,1310,39,0,166,1,0
3,700,21.000000,0.000000,1,0,171653531,1311,39,1311,39,0,166,1,0
3,700,21.000000,0.000000,1,0,171653534,1311,38,1311,38,0,166,1,0
3,700,21.000000,0.000000,1,0,171653537,1311,37,1311,37,0,166,1,0
3,700,21.000000,0.000000,1,0,171653540,1311,37,1311,37,0,166,1,0
3,700,21.000000,0.000000,1,0,171653543,1312,37,1312,37,0,166,1,0
3,700,21.000000,0.000000,1,0,171653545,1313,36,1313,36,0,166,1,0
3,700,21.000000,0.000000,1,0,171653548,1313,36,1313,36,0,166,1,0
3,700,21.000000,0.000000,1,0,171653551,1313,35,1313,35,0,166,1,0
3,700,21.000000,0.000000,1,0,171653554,1313,35,1313,35,0,166,1,0
3,700,21.000000,0.000000,1,0,171653557,1313,35,1313,35,0,166,1,0
3,700,21.000000,0.000000,1,0,171653559,1313,35,1313,35,0,166,1,0
3,700,21.000000,0.000000,1,0,171653562,1313,35,1313,35,0,166,1,0
3,700,21.000000,0.000000,1,0,171653565,1313,34,1313,34,0,166,1,0
3,700,21.000000,0.000000,1,0,171653568,1313,33,1313,33,0,166,1,0
3,700,21.000000,0.000000,1,0,171653571,1313,33,1313,33,0,166,1,0
3,700,21.000000,0.000000,1,0,171653573,1314,33,1314,33,0,166,1,0
3,700,21.000000,0.000000,1,0,171653576,1315,33,1315,33,0,166,1,0
3,700,21.000000,0.000000,1,0,171653578,1315,33,1315,33,0,166,1,0
3,700,21.000000,0.000000,1,0,171653582,1315,33,1315,33,0,166,1,0
3,700,21.000000,0.000000,1,0,171653584,1316,33,1316,33,0,166,1,0
3,700,21.000000,0.000000,1,0,171653587,1316,32,1316,32,0,166,1,0
3,700,21.000000,0.000000,1,0,171653590,1316,31,1316,31,0,166,1,0
3,700,21.000000,0.000000,1,0,171653593,1316,31,1316,31,0,166,1,0
3,700,21.000000,0.000000,1,0,171653596,1316,31,1316,31,0,166,1,0
3,700,21.000000,0.000000,1,0,171653598,1316,31,1316,31,0,166,1,0
3,700,21.000000,0.000000,1,0,171653601,1316,31,1316,31,0,166,1,0
3,700,21.000000,0.000000,1,0,171653604,1316,31,1316,31,0,166,1,0
3,700,21.000000,0.000000,1,0,171653606,1316,31,1316,31,0,166,1,0
3,700,21.000000,0.000000,1,0,171653609,1316,31,1316,31,0,166,1,0
3,700,21.000000,0.000000,1,0,171653612,1316,31,1316,31,0,166,1,0
3,700,21.000000,0.000000,1,0,171653615,1316,30,1316,30,0,166,1,0
3,700,21.000000,0.000000,1,0,171653618,1316,29,1316,29,0,166,1,0
3,700,21.000000,0.000000,1,0,171653621,1316,29,1316,29,0,166,1,0
3,700,21.000000,0.000000,1,0,171653623,1316,29,1316,29,0,166,1,0
3,700,21.000000,0.000000,1,0,171653626,1316,29,1316,29,0,166,1,0
3,700,21.000000,0.000000,1,0,171653629,1316,29,1316,29,0,166,1,0
3,700,21.000000,0.000000,1,0,171653632,1316,29,1316,29,0,166,1,0
3,700,21.000000,0.000000,1,0,171653634,1316,29,1316,29,0,166,1,0
3,700,21.000000,0.000000,1,0,171653637,1316,28,1316,28,0,166,1,0
3,700,21.000000,0.000000,1,0,171653640,1316,27,1316,27,0,166,1,0
3,700,21.000000,0.000000,1,0,171653642,1316,27,1316,27,0,166,1,0
3,700,21.000000,0.000000,1,0,171653645,1316,27,1316,27,0,166,1,0
3,700,21.000000,0.000000,1,0,171653648,1316,26,1316,26,0,166,1,0
3,700,21.000000,0.000000,1,0,171653651,1316,25,1316,25,0,166,1,0
3,700,21.000000,0.000000,1,0,171653654,1316,25,1316,25,0,166,1,0
3,700,21.000000,0.000000,1,0,171653657,1316,25,1316,25,0,166,1,0
3,700,21.000000,0.000000,1,0,171653659,1316,25,1316,25,0,166,1,0
3,700,21.000000,0.000000,1,0,171653662,1316,25,1316,25,0,166,1,0
3,700,21.000000,0.000000,1,0,171653665,1316,25,1316,25,0,166,1,0
3,700,21.000000,0.000000,1,0,171653668,1316,25,1316,25,0,166,1,0
3,700,21.000000,0.000000,1,0,171653671,1316,24,1316,24,0,166,1,0
3,700,21.000000,0.000000,1,0,171653673,1316,23,1316,23,0,166,1,0
3,700,21.000000,0.000000,1,0,171653676,1316,23,1316,23,0,166,1,0
3,700,21.000000,0.000000,1,0,171653679,1316,23,1316,23,0,166,1,0
3,700,21.000000,0.000000,1,0,171653682,1316,22,1316,22,0,166,1,0
3,700,21.000000,0.000000,1,0,171653685,1316,21,1316,21,0,166,1,0
3,700,21.000000,0.000000,1,0,171653687,1316,21,1316,21,0,166,1,0
3,700,21.000000,0.000000,1,0,171653690,1316,20,1316,20,0,166,1,0
3,700,21.000000,0.000000,1,0,171653693,1316,19,1316,19,0,166,1,0
3,700,21.000000,0.000000,1,0,171653696,1316,18,1316,18,0,166,1,0
3,700,21.000000,0.000000,1,0,171653699,1316,17,1316,17,0,166,1,0
3,700,21.000000,0.000000,1,0,171653702,1316,17,1316,17,0,166,1,0
3,700,21.000000,0.000000,1,0,171653704,1316,16,1316,16,0,166,1,0
3,700,21.000000,0.000000,1,0,171653707,1316,16,1316,16,0,166,1,0
3,700,21.000000,0.000000,1,0,171653710,1316,15,1316,15,0,166,1,0
3,700,21.000000,0.000000,1,0,171653712,1316,14,1316,14,0,166,1,0
3,700,21.000000,0.000000,1,0,171653715,1316,13,1316,13,0,166,1,0
3,700,21.000000,0.000000,1,0,171653717,1315,12,1315,12,0,166,1,0
3,700,21.000000,0.000000,1,0,171653721,1314,11,1314,11,0,166,1,0
3,700,21.000000,0.000000,1,0,171653723,1314,11,1314,11,0,166,1,0
3,700,21.000000,0.000000,1,0,171653726,1314,10,1314,10,0,166,1,0
3,700,21.000000,0.000000,1,0,171653729,1314,9,1314,9,0,166,1,0
3,700,21.000000,0.000000,1,0,171653732,1314,9,1314,9,0,166,1,0
3,700,21.000000,0.000000,1,0,171653735,1314,9,1314,9,0,166,1,0
3,700,21.000000,0.000000,1,0,171653737,1314,8,1314,8,0,166,1,0
3,700,21.000000,0.000000,1,0,171653740,1314,7,1314,7,0,166,1,0
3,700,21.000000,0.000000,1,0,171653743,1314,7,1314,7,0,166,1,0
3,700,21.000000,0.000000,1,0,171653746,1314,7,1314,7,0,166,1,0
3,700,21.000000,0.000000,1,0,171653748,1314,6,1314,6,0,166,1,0
3,700,21.000000,0.000000,1,0,171653751,1314,5,1314,5,0,166,1,0
3,700,21.000000,0.000000,1,0,171653754,1314,4,1314,4,0,166,1,0
3,700,21.000000,0.000000,1,0,171653756,1314,4,1314,4,0,166,1,0
3,700,21.000000,0.000000,1,0,171653759,1314,4,1314,4,0,166,1,0
3,700,21.000000,0.000000,1,0,171653762,1314,4,1314,4,0,166,1,0
3,700,21.000000,0.000000,1,0,171653765,1314,3,1314,3,0,166,1,0
3,700,21.000000,0.000000,1,0,171653768,1314,2,1314,2,0,166,1,0
3,700,21.000000,0.000000,1,0,171653771,1314,2,1314,2,0,166,1,0
3,700,21.000000,0.000000,1,0,171653773,1314,2,1314,2,0,166,1,0
3,700,21.000000,0.000000,1,0,171653776,1314,2,1314,2,0,166,1,0
3,700,21.000000,0.000000,1,0,171653779,1314,2,1314,2,0,166,1,0
3,700,21.000000,0.000000,1,0,171653782,1314,2,1314,2,0,166,1,0
3,700,21.000000,0.000000,1,0,171653785,1314,2,1314,2,0,166,1,0
3,700,21.000000,0.000000,1,0,171653787,1314,2,1314,2,0,166,1,0
3,700,21.000000,0.000000,1,0,171653790,1314,2,1314,2,0,166,1,0
3,700,21.000000,0.000000,1,0,171653793,1314,2,1314,2,0,166,1,0
3,700,21.000000,0.000000,1,0,171653796,1314,2,1314,2,0,166,1,0
3,700,21.000000,0.000000,1,0,171653799,1314,2,1314,2,0,166,1,0
3,700,21.000000,0.000000,1,0,171653801,1314,2,1314,2,0,166,1,0
3,700,21.000000,0.000000,1,0,171653804,1314,2,1314,2,0,166,1,0
3,700,21.000000,0.000000,1,0,171653807,1314,2,1314,2,0,166,1,0
3,700,21.000000,0.000000,1,0,171653810,1314,2,1314,2,0,166,1,0
3,700,21.000000,0.000000,1,0,171653812,1314,2,1314,2,0,166,1,0
3,700,21.000000,0.000000,1,0,171653815,1314,2,1314,2,0,166,1,0
3,700,21.000000,0.000000,1,0,171653818,1314,2,1314,2,0,166,1,0
3,700,21.000000,0.000000,1,0,171653832,1314,2,1314,2,0,166,1,0
