3,700,21.000000,0.000000,1,2,169723805,605,7,605,7,1,42,5,0
3,700,21.000000,0.000000,1,2,169723806,605,7,605,7,1,42,5,0
3,700,21.000000,0.000000,1,2,169723809,605,7,605,7,1,42,5,0
3,700,21.000000,0.000000,1,2,169723812,605,7,605,7,1,42,5,0
3,700,21.000000,0.000000,1,2,169723815,605,7,605,7,1,42,5,0
3,700,21.000000,0.000000,1,2,169723817,605,7,605,7,1,42,5,0
3,700,21.000000,0.000000,1,2,169723820,605,7,605,7,1,42,5,0
3,700,21.000000,0.000000,1,2,169723823,605,7,605,7,1,42,5,0
3,700,21.000000,0.000000,1,2,169723826,605,7,605,7,1,42,5,0
3,700,21.000000,0.000000,1,2,169723828,605,7,605,7,1,42,5,0
3,700,21.000000,0.000000,1,2,169723830,605,7,605,7,1,42,5,0
3,700,21.000000,0.000000,1,2,169723833,605,7,605,7,1,42,5,0
3,700,21.000000,0.000000,1,2,169723836,605,7,605,7,1,42,5,0
3,700,21.000000,0.000000,1,2,169723838,605,7,605,7,1,42,5,0
3,700,21.000000,0.000000,1,2,169723841,605,7,605,7,1,42,5,0
3,700,21.000000,0.000000,1,2,169723844,605,7,605,7,1,42,5,0
3,700,21.000000,0.000000,1,2,169723847,605,7,605,7,1,42,5,0
3,700,21.000000,0.000000,1,2,169723850,605,7,605,7,1,42,5,0
3,700,21.000000,0.000000,1,2,169723853,605,7,605,7,1,42,5,0
3,700,21.000000,0.000000,1,2,169723855,605,7,605,7,1,42,5,0
3,700,21.000000,0.000000,1,2,169723858,605,7,605,7,1,42,5,0
3,700,21.000000,0.000000,1,2,169723861,605,7,605,7,1,42,5,0
3,700,21.000000,0.000000,1,2,169723864,605,7,605,7,1,42,5,0
3,700,21.000000,0.000000,1,2,169723866,605,7,605,7,1,42,5,0
3,700,21.000000,0.000000,1,2,169723869,605,7,605,7,1,42,5,0
3,700,21.000000,0.000000,1,2,169723872,605,7,605,7,1,42,5,0
3,700,21.000000,0.000000,1,2,169723875,605,7,605,7,1,42,5,0
3,700,21.000000,0.000000,1,2,169723878,605,7,605,7,1,42,5,0
3,700,21.000000,0.000000,1,2,169723880,605,7,605,7,1,42,5,0
3,700,21.000000,0.000000,1,2,169723883,605,7,605,7,1,42,5,0
3,700,21.000000,0.000000,1,2,169723886,605,7,605,7,1,42,5,0
3,700,21.000000,0.000000,1,2,169723888,605,7,605,7,1,42,5,0
3,700,21.000000,0.000000,1,2,169723891,605,7,605,7,1,42,5,0
3,700,21.000000,0.000000,1,2,169723894,605,7,605,7,1,42,5,0
3,700,21.000000,0.000000,1,2,169723897,605,7,605,7,1,42,5,0
3,700,21.000000,0.000000,1,2,169723900,605,7,605,7,1,42,5,0
3,700,21.000000,0.000000,1,2,169723902,605,7,605,7,1,42,5,0
3,700,21.000000,0.000000,1,2,169723906,605,7,605,7,1,42,5,0
3,700,21.000000,0.000000,1,2,169723908,606,7,606,7,1,42,5,0
3,700,21.000000,0.000000,1,2,169723911,606,7,606,7,1,42,5,0
3,700,21.000000,0.000000,1,2,169723913,607,7,607,7,1,42,5,0
3,700,21.000000,0.000000,1,2,169723916,607,8,607,8,1,42,5,0
3,700,21.000000,0.000000,1,2,169723919,608,9,608,9,1,42,5,0
3,700,21.000000,0.000000,1,2,169723922,609,10,609,10,1,42,5,0
3,700,21.000000,0.000000,1,2,169723925,610,11,610,11,1,42,5,0
3,700,21.000000,0.000000,1,2,169723927,610,12,610,12,1,42,5,0
3,700,21.000000,0.000000,1,2,169723931,612,14,612,14,1,42,5,0
3,700,21.000000,0.000000,1,2,169723933,613,15,613,15,1,42,5,0
3,700,21.000000,0.000000,1,2,169723936,614,16,614,16,1,42,5,0
3,700,21.000000,0.000000,1,2,169723939,615,16,615,16,1,42,5,0
3,700,21.000000,0.000000,1,2,169723941,616,17,616,17,1,42,5,0
3,700,21.000000,0.000000,1,2,169723944,617,18,617,18,1,42,5,0
3,700,21.000000,0.000000,1,2,169723947,619,19,619,19,1,42,5,0
3,700,21.000000,0.000000,1,2,169723950,623,21,623,21,1,42,5,0
3,700,21.000000,0.000000,1,2,169723952,624,22,624,22,1,42,5,0
3,700,21.000000,0.000000,1,2,169723955,626,24,626,24,1,42,5,0
3,700,21.000000,0.000000,1,2,169723958,628,25,628,25,1,42,5,0
3,700,21.000000,0.000000,1,2,169723961,630,27,630,27,1,42,5,0
3,700,21.000000,0.000000,1,2,169723964,631,27,631,27,1,42,5,0
3,700,21.000000,0.000000,1,2,169723967,634,28,634,28,1,42,5,0
3,700,21.000000,0.000000,1,2,169723969,636,29,636,29,1,42,5,0
3,700,21.000000,0.000000,1,2,169723972,639,30,639,30,1,42,5,0
3,700,21.000000,0.000000,1,2,169723975,643,31,643,31,1,42,5,0
3,700,21.000000,0.000000,1,2,169723978,646,32,646,32,1,42,5,0
3,700,21.000000,0.000000,1,2,169723980,650,34,650,34,1,42,5,0
3,700,21.000000,0.000000,1,2,169723983,654,35,654,35,1,42,5,0
3,700,21.000000,0.000000,1,2,169723986,658,37,658,37,1,42,5,0
3,700,21.000000,0.000000,1,2,169723989,663,38,663,38,1,42,5,0
3,700,21.000000,0.000000,1,2,169723992,667,39,667,39,1,42,5,0
3,700,21.000000,0.000000,1,2,169723994,672,41,672,41,1,42,5,0
3,700,21.000000,0.000000,1,2,169723997,677,42,677,42,1,42,5,0
3,700,21.000000,0.000000,1,2,169724000,682,43,682,43,1,42,5,0
3,700,21.000000,0.000000,1,2,169724003,688,45,688,45,1,42,5,0
3,700,21.000000,0.000000,1,2,169724006,693,46,693,46,1,42,5,0
3,700,21.000000,0.000000,1,2,169724008,700,47,700,47,1,42,5,0
3,700,21.000000,0.000000,1,2,169724011,706,48,706,48,1,42,5,0
3,700,21.000000,0.000000,1,2,169724013,709,49,709,49,1,42,5,0
3,700,21.000000,0.000000,1,2,169724016,716,50,716,50,1,42,5,0
3,700,21.000000,0.000000,1,2,169724019,724,51,724,51,1,42,5,0
3,700,21.000000,0.000000,1,2,169724022,735,53,735,53,1,42,5,0
3,700,21.000000,0.000000,1,2,169724025,743,54,743,54,1,42,5,0
3,700,21.000000,0.000000,1,2,169724028,752,56,752,56,1,42,5,0
3,700,21.000000,0.000000,1,2,169724030,759,57,759,57,1,42,5,0
3,700,21.000000,0.000000,1,2,169724033,769,58,769,58,1,42,5,0
3,700,21.000000,0.000000,1,2,169724036,776,59,776,59,1,42,5,0
3,700,21.000000,0.000000,1,2,169724039,787,61,787,61,1,42,5,0
3,700,21.000000,0.000000,1,2,169724042,800,62,800,62,1,42,5,0
3,700,21.000000,0.000000,1,2,169724044,810,64,810,64,1,42,5,0
3,700,21.000000,0.000000,1,2,169724047,816,65,816,65,1,42,5,0
3,700,21.000000,0.000000,1,2,169724050,827,67,827,67,1,42,5,0
3,700,21.000000,0.000000,1,2,169724053,839,69,839,69,1,42,5,0
3,700,21.000000,0.000000,1,2,169724056,849,70,849,70,1,42,5,0
3,700,21.000000,0.000000,1,2,169724058,859,71,859,71,1,42,5,0
3,700,21.000000,0.000000,1,2,169724061,869,72,869,72,1,42,5,0
3,700,21.000000,0.000000,1,2,169724064,875,73,875,73,1,42,5,0
3,700,21.000000,0.000000,1,2,169724067,887,75,887,75,1,42,5,0
3,700,21.000000,0.000000,1,2,169724069,893,76,893,76,1,42,5,0
3,700,21.000000,0.000000,1,2,169724072,903,77,903,77,1,42,5,0
3,700,21.000000,0.000000,1,2,169724075,913,77,913,77,1,42,5,0
3,700,21.000000,0.000000,1,2,169724078,921,78,921,78,1,42,5,0
3,700,21.000000,0.000000,1,2,169724081,929,78,929,78,1,42,5,0
3,700,21.000000,0.000000,1,2,169724083,938,78,938,78,1,42,5,0
3,700,21.000000,0.000000,1,2,169724086,945,79,945,79,1,42,5,0
3,700,21.000000,0.000000,1,2,169724089,955,79,955,79,1,42,5,0
3,700,21.000000,0.000000,1,2,169724091,963,79,963,79,1,42,5,0
3,700,21.000000,0.000000,1,2,169724094,970,79,970,79,1,42,5,0
3,700,21.000000,0.000000,1,2,169724097,975,79,975,79,1,42,5,0
3,700,21.000000,0.000000,1,2,169724100,982,79,982,79,1,42,5,0
3,700,21.000000,0.000000,1,2,169724103,987,79,987,79,1,42,5,0
3,700,21.000000,0.000000,1,2,169724105,993,79,993,79,1,42,5,0
3,700,21.000000,0.000000,1,2,169724108,1002,79,1002,79,1,42,5,0
3,700,21.000000,0.000000,1,2,169724111,1007,78,1007,78,1,42,5,0
3,700,21.000000,0.000000,1,2,169724114,1010,78,1010,78,1,42,5,0
3,700,21.000000,0.000000,1,2,169724117,1014,77,1014,77,1,42,5,0
3,700,21.000000,0.000000,1,2,169724119,1019,76,1019,76,1,42,5,0
3,700,21.000000,0.000000,1,2,169724122,1026,76,1026,76,1,42,5,0
3,700,21.000000,0.000000,1,2,169724125,1030,75,1030,75,1,42,5,0
3,700,21.000000,0.000000,1,2,169724128,1034,74,1034,74,1,42,5,0
3,700,21.000000,0.000000,1,2,169724131,1038,74,1038,74,1,42,5,0
3,700,21.000000,0.000000,1,2,169724133,1043,73,1043,73,1,42,5,0
3,700,21.000000,0.000000,1,2,169724136,1047,73,1047,73,1,42,5,0
3,700,21.000000,0.000000,1,2,169724139,1057,71,1057,71,1,42,5,0
3,700,21.000000,0.000000,1,2,169724142,1059,71,1059,71,1,42,5,0
3,700,21.000000,0.000000,1,2,169724144,1063,70,1063,70,1,42,5,0
3,700,21.000000,0.000000,1,2,169724147,1067,69,1067,69,1,42,5,0
3,700,21.000000,0.000000,1,2,169724150,1070,69,1070,69,1,42,5,0
3,700,21.000000,0.000000,1,2,169724153,1075,69,1075,69,1,42,5,0
3,700,21.000000,0.000000,1,2,169724156,1079,68,1079,68,1,42,5,0
3,700,21.000000,0.000000,1,2,169724158,1083,67,1083,67,1,42,5,0
3,700,21.000000,0.000000,1,2,169724161,1087,67,1087,67,1,42,5,0
3,700,21.000000,0.000000,1,2,169724164,1091,66,1091,66,1,42,5,0
3,700,21.000000,0.000000,1,2,169724167,1094,66,1094,66,1,42,5,0
3,700,21.000000,0.000000,1,2,169724169,1098,66,1098,66,1,42,5,0
3,700,21.000000,0.000000,1,2,169724172,1101,66,1101,66,1,42,5,0
3,700,21.000000,0.000000,1,2,169724175,1104,66,1104,66,1,42,5,0
3,700,21.000000,0.000000,1,2,169724178,1106,66,1106,66,1,42,5,0
3,700,21.000000,0.000000,1,2,169724181,1109,66,1109,66,1,42,5,0
3,700,21.000000,0.000000,1,2,169724183,1113,65,1113,65,1,42,5,0
3,700,21.000000,0.000000,1,2,169724186,1116,65,1116,65,1,42,5,0
3,700,21.000000,0.000000,1,2,169724189,1119,65,1119,65,1,42,5,0
3,700,21.000000,0.000000,1,2,169724192,1122,65,1122,65,1,42,5,0
3,700,21.000000,0.000000,1,2,169724195,1125,65,1125,65,1,42,5,0
3,700,21.000000,0.000000,1,2,169724197,1128,64,1128,64,1,42,5,0
3,700,21.000000,0.000000,1,2,169724200,1131,64,1131,64,1,42,5,0
3,700,21.000000,0.000000,1,2,169724203,1132,64,1132,64,1,42,5,0
3,700,21.000000,0.000000,1,2,169724206,1135,64,1135,64,1,42,5,0
3,700,21.000000,0.000000,1,2,169724209,1137,64,1137,64,1,42,5,0
3,700,21.000000,0.000000,1,2,169724211,1139,64,1139,64,1,42,5,0
3,700,21.000000,0.000000,1,2,169724214,1142,64,1142,64,1,42,5,0
3,700,21.000000,0.000000,1,2,169724216,1145,63,1145,63,1,42,5,0
3,700,21.000000,0.000000,1,2,169724219,1147,63,1147,63,1,42,5,0
3,700,21.000000,0.000000,1,2,169724222,1151,63,1151,63,1,42,5,0
3,700,21.000000,0.000000,1,2,169724225,1154,63,1154,63,1,42,5,0
3,700,21.000000,0.000000,1,2,169724228,1158,63,1158,63,1,42,5,0
3,700,21.000000,0.000000,1,2,169724230,1161,63,1161,63,1,42,5,0
3,700,21.000000,0.000000,1,2,169724234,1164,63,1164,63,1,42,5,0
3,700,21.000000,0.000000,1,2,169724236,1168,63,1168,63,1,42,5,0
3,700,21.000000,0.000000,1,2,169724239,1171,63,1171,63,1,42,5,0
3,700,21.000000,0.000000,1,2,169724242,1175,63,1175,63,1,42,5,0
3,700,21.000000,0.000000,1,2,169724245,1179,63,1179,63,1,42,5,0
3,700,21.000000,0.000000,1,2,169724247,1181,63,1181,63,1,42,5,0
3,700,21.000000,0.000000,1,2,169724250,1183,62,1183,62,1,42,5,0
3,700,21.000000,0.000000,1,2,169724253,1190,61,1190,61,1,42,5,0
3,700,21.000000,0.000000,1,2,169724255,1193,60,1193,60,1,42,5,0
3,700,21.000000,0.000000,1,2,169724258,1196,60,1196,60,1,42,5,0
3,700,21.000000,0.000000,1,2,169724261,1199,60,1199,60,1,42,5,0
3,700,21.000000,0.000000,1,2,169724264,1201,59,1201,59,1,42,5,0
3,700,21.000000,0.000000,1,2,169724267,1203,59,1203,59,1,42,5,0
3,700,21.000000,0.000000,1,2,169724269,1205,58,1205,58,1,42,5,0
3,700,21.000000,0.000000,1,2,169724272,1206,58,1206,58,1,42,5,0
3,700,21.000000,0.000000,1,2,169724275,1209,58,1209,58,1,42,5,0
3,700,21.000000,0.000000,1,2,169724278,1210,57,1210,57,1,42,5,0
3,700,21.000000,0.000000,1,2,169724281,1212,57,1212,57,1,42,5,0
3,700,21.000000,0.000000,1,2,169724283,1214,57,1214,57,1,42,5,0
3,700,21.000000,0.000000,1,2,169724286,1216,57,1216,57,1,42,5,0
3,700,21.000000,0.000000,1,2,169724289,1218,56,1218,56,1,42,5,0
3,700,21.000000,0.000000,1,2,169724292,1219,56,1219,56,1,42,5,0
3,700,21.000000,0.000000,1,2,169724294,1220,56,1220,56,1,42,5,0
3,700,21.000000,0.000000,1,2,169724297,1221,55,1221,55,1,42,5,0
3,700,21.000000,0.000000,1,2,169724300,1222,55,1222,55,1,42,5,0
3,700,21.000000,0.000000,1,2,169724303,1223,55,1223,55,1,42,5,0
3,700,21.000000,0.000000,1,2,169724306,1224,55,1224,55,1,42,5,0
3,700,21.000000,0.000000,1,2,169724309,1226,55,1226,55,1,42,5,0
3,700,21.000000,0.000000,1,2,169724311,1227,54,1227,54,1,42,5,0
3,700,21.000000,0.000000,1,2,169724314,1228,54,1228,54,1,42,5,0
3,700,21.000000,0.000000,1,2,169724317,1229,54,1229,54,1,42,5,0
3,700,21.000000,0.000000,1,2,169724320,1231,54,1231,54,1,42,5,0
3,700,21.000000,0.000000,1,2,169724322,1232,53,1232,53,1,42,5,0
3,700,21.000000,0.000000,1,2,169724325,1233,52,1233,52,1,42,5,0
3,700,21.000000,0.000000,1,2,169724328,1234,52,1234,52,1,42,5,0
3,700,21.000000,0.000000,1,2,169724331,1236,52,1236,52,1,42,5,0
3,700,21.000000,0.000000,1,2,169724334,1237,52,1237,52,1,42,5,0
3,700,21.000000,0.000000,1,2,169724336,1237,51,1237,51,1,42,5,0
3,700,21.000000,0.000000,1,2,169724339,1238,51,1238,51,1,42,5,0
3,700,21.000000,0.000000,1,2,169724342,1239,51,1239,51,1,42,5,0
3,700,21.000000,0.000000,1,2,169724344,1240,51,1240,51,1,42,5,0
3,700,21.000000,0.000000,1,2,169724347,1241,51,1241,51,1,42,5,0
3,700,21.000000,0.000000,1,2,169724350,1243,50,1243,50,1,42,5,0
3,700,21.000000,0.000000,1,2,169724353,1244,50,1244,50,1,42,5,0
3,700,21.000000,0.000000,1,2,169724356,1245,50,1245,50,1,42,5,0
3,700,21.000000,0.000000,1,2,169724358,1246,50,1246,50,1,42,5,0
3,700,21.000000,0.000000,1,2,169724361,1247,50,1247,50,1,42,5,0
3,700,21.000000,0.000000,1,2,169724364,1248,49,1248,49,1,42,5,0
3,700,21.000000,0.000000,1,2,169724367,1249,49,1249,49,1,42,5,0
3,700,21.000000,0.000000,1,2,169724370,1250,49,1250,49,1,42,5,0
3,700,21.000000,0.000000,1,2,169724372,1252,49,1252,49,1,42,5,0
3,700,21.000000,0.000000,1,2,169724375,1253,48,1253,48,1,42,5,0
3,700,21.000000,0.000000,1,2,169724378,1255,47,1255,47,1,42,5,0
3,700,21.000000,0.000000,1,2,169724381,1257,47,1257,47,1,42,5,0
3,700,21.000000,0.000000,1,2,169724384,1258,47,1258,47,1,42,5,0
3,700,21.000000,0.000000,1,2,169724386,1259,47,1259,47,1,42,5,0
3,700,21.000000,0.000000,1,2,169724389,1259,46,1259,46,1,42,5,0
3,700,21.000000,0.000000,1,2,169724392,1261,46,1261,46,1,42,5,0
3,700,21.000000,0.000000,1,2,169724394,1263,46,1263,46,1,42,5,0
3,700,21.000000,0.000000,1,2,169724397,1263,46,1263,46,1,42,5,0
3,700,21.000000,0.000000,1,2,169724400,1264,46,1264,46,1,42,5,0
3,700,21.000000,0.000000,1,2,169724403,1264,46,1264,46,1,42,5,0
3,700,21.000000,0.000000,1,2,169724406,1264,46,1264,46,1,42,5,0
3,700,21.000000,0.000000,1,2,169724409,1264,46,1264,46,1,42,5,0
3,700,21.000000,0.000000,1,2,169724411,1265,46,1265,46,1,42,5,0
3,700,21.000000,0.000000,1,2,169724414,1265,45,1265,45,1,42,5,0
3,700,21.000000,0.000000,1,2,169724417,1265,44,1265,44,1,42,5,0
3,700,21.000000,0.000000,1,2,169724419,1265,44,1265,44,1,42,5,0
3,700,21.000000,0.000000,1,2,169724422,1265,44,1265,44,1,42,5,0
3,700,21.000000,0.000000,1,2,169724425,1266,44,1266,44,1,42,5,0
3,700,21.000000,0.000000,1,2,169724428,1266,44,1266,44,1,42,5,0
3,700,21.000000,0.000000,1,2,169724431,1267,44,1267,44,1,42,5,0
3,700,21.000000,0.000000,1,2,169724433,1269,44,1269,44,1,42,5,0
3,700,21.000000,0.000000,1,2,169724436,1270,44,1270,44,1,42,5,0
3,700,21.000000,0.000000,1,2,169724439,1271,44,1271,44,1,42,5,0
3,700,21.000000,0.000000,1,2,169724442,1272,43,1272,43,1,42,5,0
3,700,21.000000,0.000000,1,2,169724445,1273,43,1273,43,1,42,5,0
3,700,21.000000,0.000000,1,2,169724447,1274,43,1274,43,1,42,5,0
3,700,21.000000,0.000000,1,2,169724450,1275,43,1275,43,1,42,5,0
3,700,21.000000,0.000000,1,2,169724453,1277,43,1277,43,1,42,5,0
3,700,21.000000,0.000000,1,2,169724456,1278,42,1278,42,1,42,5,0
3,700,21.000000,0.000000,1,2,169724459,1280,42,1280,42,1,42,5,0
3,700,21.000000,0.000000,1,2,169724462,1281,42,1281,42,1,42,5,0
3,700,21.000000,0.000000,1,2,169724464,1283,42,1283,42,1,42,5,0
3,700,21.000000,0.000000,1,2,169724467,1284,42,1284,42,1,42,5,0
3,700,21.000000,0.000000,1,2,169724470,1286,42,1286,42,1,42,5,0
3,700,21.000000,0.000000,1,2,169724472,1287,42,1287,42,1,42,5,0
3,700,21.000000,0.000000,1,2,169724475,1288,42,1288,42,1,42,5,0
3,700,21.000000,0.000000,1,2,169724478,1289,42,1289,42,1,42,5,0
3,700,21.000000,0.000000,1,2,169724480,1290,42,1290,42,1,42,5,0
3,700,21.000000,0.000000,1,2,169724483,1291,42,1291,42,1,42,5,0
3,700,21.000000,0.000000,1,2,169724486,1292,41,1292,41,1,42,5,0
3,700,21.000000,0.000000,1,2,169724489,1294,40,1294,40,1,42,5,0
3,700,21.000000,0.000000,1,2,169724492,1295,40,1295,40,1,42,5,0
3,700,21.000000,0.000000,1,2,169724495,1296,40,1296,40,1,42,5,0
3,700,21.000000,0.000000,1,2,169724497,1297,40,1297,40,1,42,5,0
3,700,21.000000,0.000000,1,2,169724500,1298,40,1298,40,1,42,5,0
3,700,21.000000,0.000000,1,2,169724503,1299,40,1299,40,1,42,5,0
3,700,21.000000,0.000000,1,2,169724506,1299,39,1299,39,1,42,5,0
3,700,21.000000,0.000000,1,2,169724508,1300,39,1300,39,1,42,5,0
3,700,21.000000,0.000000,1,2,169724511,1301,39,1301,39,1,42,5,0
3,700,21.000000,0.000000,1,2,169724514,1302,38,1302,38,1,42,5,0
3,700,21.000000,0.000000,1,2,169724517,1303,37,1303,37,1,42,5,0
3,700,21.000000,0.000000,1,2,169724520,1303,37,1303,37,1,42,5,0
3,700,21.000000,0.000000,1,2,169724522,1303,37,1303,37,1,42,5,0
3,700,21.000000,0.000000,1,2,169724525,1303,37,1303,37,1,42,5,0
3,700,21.000000,0.000000,1,2,169724528,1303,37,1303,37,1,42,5,0
3,700,21.000000,0.000000,1,2,169724531,1303,37,1303,37,1,42,5,0
3,700,21.000000,0.000000,1,2,169724534,1303,37,1303,37,1,42,5,0
3,700,21.000000,0.000000,1,2,169724537,1303,37,1303,37,1,42,5,0
3,700,21.000000,0.000000,1,2,169724539,1303,37,1303,37,1,42,5,0
3,700,21.000000,0.000000,1,2,169724542,1303,37,1303,37,1,42,5,0
3,700,21.000000,0.000000,1,2,169724545,1303,37,1303,37,1,42,5,0
3,700,21.000000,0.000000,1,2,169724547,1303,37,1303,37,1,42,5,0
3,700,21.000000,0.000000,1,2,169724550,1303,37,1303,37,1,42,5,0
3,700,21.000000,0.000000,1,2,169724553,1303,37,1303,37,1,42,5,0
3,700,21.000000,0.000000,1,2,169724556,1303,37,1303,37,1,42,5,0
3,700,21.000000,0.000000,1,2,169724559,1303,36,1303,36,1,42,5,0
3,700,21.000000,0.000000,1,2,169724561,1303,35,1303,35,1,42,5,0
3,700,21.000000,0.000000,1,2,169724564,1303,35,1303,35,1,42,5,0
3,700,21.000000,0.000000,1,2,169724567,1303,35,1303,35,1,42,5,0
3,700,21.000000,0.000000,1,2,169724570,1303,35,1303,35,1,42,5,0
3,700,21.000000,0.000000,1,2,169724573,1303,35,1303,35,1,42,5,0
3,700,21.000000,0.000000,1,2,169724575,1303,35,1303,35,1,42,5,0
3,700,21.000000,0.000000,1,2,169724578,1303,35,1303,35,1,42,5,0
3,700,21.000000,0.000000,1,2,169724581,1303,35,1303,35,1,42,5,0
3,700,21.000000,0.000000,1,2,169724584,1303,35,1303,35,1,42,5,0
3,700,21.000000,0.000000,1,2,169724586,1303,35,1303,35,1,42,5,0
3,700,21.000000,0.000000,1,2,169724589,1303,35,1303,35,1,42,5,0
3,700,21.000000,0.000000,1,2,169724592,1303,35,1303,35,1,42,5,0
3,700,21.000000,0.000000,1,2,169724595,1303,35,1303,35,1,42,5,0
3,700,21.000000,0.000000,1,2,169724597,1303,35,1303,35,1,42,5,0
3,700,21.000000,0.000000,1,2,169724600,1303,35,1303,35,1,42,5,0
3,700,21.000000,0.000000,1,2,169724603,1303,35,1303,35,1,42,5,0
3,700,21.000000,0.000000,1,2,169724606,1303,35,1303,35,1,42,5,0
3,700,21.000000,0.000000,1,2,169724608,1303,35,1303,35,1,42,5,0
3,700,21.000000,0.000000,1,2,169724612,1303,35,1303,35,1,42,5,0
3,700,21.000000,0.000000,1,2,169724614,1303,35,1303,35,1,42,5,0
3,700,21.000000,0.000000,1,2,169724617,1303,34,1303,34,1,42,5,0
3,700,21.000000,0.000000,1,2,169724620,1303,33,1303,33,1,42,5,0
3,700,21.000000,0.000000,1,2,169724622,1303,33,1303,33,1,42,5,0
3,700,21.000000,0.000000,1,2,169724625,1303,33,1303,33,1,42,5,0
3,700,21.000000,0.000000,1,2,169724628,1303,33,1303,33,1,42,5,0
3,700,21.000000,0.000000,1,2,169724631,1303,33,1303,33,1,42,5,0
3,700,21.000000,0.000000,1,2,169724634,1303,32,1303,32,1,42,5,0
3,700,21.000000,0.000000,1,2,169724637,1303,31,1303,31,1,42,5,0
3,700,21.000000,0.000000,1,2,169724639,1303,30,1303,30,1,42,5,0
3,700,21.000000,0.000000,1,2,169724642,1303,29,1303,29,1,42,5,0
3,700,21.000000,0.000000,1,2,169724645,1303,29,1303,29,1,42,5,0
3,700,21.000000,0.000000,1,2,169724647,1303,29,1303,29,1,42,5,0
3,700,21.000000,0.000000,1,2,169724650,1303,28,1303,28,1,42,5,0
3,700,21.000000,0.000000,1,2,169724653,1303,28,1303,28,1,42,5,0
3,700,21.000000,0.000000,1,2,169724656,1303,28,1303,28,1,42,5,0
3,700,21.000000,0.000000,1,2,169724659,1303,27,1303,27,1,42,5,0
3,700,21.000000,0.000000,1,2,169724661,1303,26,1303,26,1,42,5,0
3,700,21.000000,0.000000,1,2,169724664,1303,26,1303,26,1,42,5,0
3,700,21.000000,0.000000,1,2,169724667,1303,25,1303,25,1,42,5,0
3,700,21.000000,0.000000,1,2,169724670,1303,24,1303,24,1,42,5,0
3,700,21.000000,0.000000,1,2,169724673,1303,23,1303,23,1,42,5,0
3,700,21.000000,0.000000,1,2,169724676,1303,22,1303,22,1,42,5,0
3,700,21.000000,0.000000,1,2,169724678,1303,22,1303,22,1,42,5,0
3,700,21.000000,0.000000,1,2,169724681,1303,22,1303,22,1,42,5,0
3,700,21.000000,0.000000,1,2,169724684,1303,21,1303,21,1,42,5,0
3,700,21.000000,0.000000,1,2,169724687,1303,20,1303,20,1,42,5,0
3,700,21.000000,0.000000,1,2,169724689,1303,20,1303,20,1,42,5,0
3,700,21.000000,0.000000,1,2,169724692,1303,20,1303,20,1,42,5,0
3,700,21.000000,0.000000,1,2,169724695,1303,20,1303,20,1,42,5,0
3,700,21.000000,0.000000,1,2,169724698,1303,20,1303,20,1,42,5,0
3,700,21.000000,0.000000,1,2,169724700,1303,19,1303,19,1,42,5,0
3,700,21.000000,0.000000,1,2,169724703,1303,18,1303,18,1,42,5,0
3,700,21.000000,0.000000,1,2,169724706,1303,18,1303,18,1,42,5,0
3,700,21.000000,0.000000,1,2,169724709,1303,18,1303,18,1,42,5,0
3,700,21.000000,0.000000,1,2,169724711,1303,18,1303,18,1,42,5,0
3,700,21.000000,0.000000,1,2,169724714,1303,18,1303,18,1,42,5,0
3,700,21.000000,0.000000,1,2,169724717,1303,18,1303,18,1,42,5,0
3,700,21.000000,0.000000,1,2,169724720,1303,17,1303,17,1,42,5,0
3,700,21.000000,0.000000,1,2,169724722,1303,16,1303,16,1,42,5,0
3,700,21.000000,0.000000,1,2,169724726,1303,16,1303,16,1,42,5,0
3,700,21.000000,0.000000,1,2,169724728,1303,16,1303,16,1,42,5,0
3,700,21.000000,0.000000,1,2,169724731,1303,15,1303,15,1,42,5,0
3,700,21.000000,0.000000,1,2,169724734,1303,14,1303,14,1,42,5,0
3,700,21.000000,0.000000,1,2,169724737,1303,14,1303,14,1,42,5,0
3,700,21.000000,0.000000,1,2,169724739,1303,14,1303,14,1,42,5,0
3,700,21.000000,0.000000,1,2,169724742,1303,14,1303,14,1,42,5,0
3,700,21.000000,0.000000,1,2,169724745,1303,14,1303,14,1,42,5,0
3,700,21.000000,0.000000,1,2,169724747,1303,14,1303,14,1,42,5,0
3,700,21.000000,0.000000,1,2,169724750,1303,13,1303,13,1,42,5,0
3,700,21.000000,0.000000,1,2,169724753,1303,12,1303,12,1,42,5,0
3,700,21.000000,0.000000,1,2,169724756,1303,12,1303,12,1,42,5,0
3,700,21.000000,0.000000,1,2,169724759,1303,12,1303,12,1,42,5,0
3,700,21.000000,0.000000,1,2,169724762,1303,12,1303,12,1,42,5,0
3,700,21.000000,0.000000,1,2,169724765,1303,12,1303,12,1,42,5,0
3,700,21.000000,0.000000,1,2,169724767,1303,12,1303,12,1,42,5,0
3,700,21.000000,0.000000,1,2,169724770,1303,11,1303,11,1,42,5,0
3,700,21.000000,0.000000,1,2,169724772,1304,11,1304,11,1,42,5,0
3,700,21.000000,0.000000,1,2,169724775,1305,11,1305,11,1,42,5,0
3,700,21.000000,0.000000,1,2,169724778,1305,11,1305,11,1,42,5,0
3,700,21.000000,0.000000,1,2,169724781,1305,11,1305,11,1,42,5,0
3,700,21.000000,0.000000,1,2,169724784,1305,11,1305,11,1,42,5,0
3,700,21.000000,0.000000,1,2,169724786,1305,11,1305,11,1,42,5,0
3,700,21.000000,0.000000,1,2,169724789,1305,11,1305,11,1,42,5,0
3,700,21.000000,0.000000,1,2,169724792,1305,11,1305,11,1,42,5,0
3,700,21.000000,0.000000,1,2,169724795,1305,11,1305,11,1,42,5,0
3,700,21.000000,0.000000,1,2,169724798,1305,11,1305,11,1,42,5,0
3,700,21.000000,0.000000,1,2,169724801,1305,11,1305,11,1,42,5,0
3,700,21.000000,0.000000,1,2,169724803,1305,11,1305,11,1,42,5,0
3,700,21.000000,0.000000,1,2,169724806,1305,11,1305,11,1,42,5,0
3,700,21.000000,0.000000,1,2,169724809,1305,11,1305,11,1,42,5,0
3,700,21.000000,0.000000,1,2,169724812,1305,11,1305,11,1,42,5,0
3,700,21.000000,0.000000,1,2,169724814,1305,11,1305,11,1,42,5,0
3,700,21.000000,0.000000,1,2,169724817,1305,10,1305,10,1,42,5,0
3,700,21.000000,0.000000,1,2,169724820,1305,9,1305,9,1,42,5,0
3,700,21.000000,0.000000,1,2,169724823,1305,9,1305,9,1,42,5,0
3,700,21.000000,0.000000,1,2,169724825,1305,9,1305,9,1,42,5,0
3,700,21.000000,0.000000,1,2,169724828,1305,9,1305,9,1,42,5,0
3,700,21.000000,0.000000,1,2,169724831,1305,8,1305,8,1,42,5,0
3,700,21.000000,0.000000,1,2,169724834,1305,7,1305,7,1,42,5,0
3,700,21.000000,0.000000,1,2,169724837,1305,7,1305,7,1,42,5,0
3,700,21.000000,0.000000,1,2,169724839,1305,7,1305,7,1,42,5,0
3,700,21.000000,0.000000,1,2,169724842,1305,7,1305,7,1,42,5,0
3,700,21.000000,0.000000,1,2,169724845,1305,7,1305,7,1,42,5,0
3,700,21.000000,0.000000,1,2,169724848,1305,7,1305,7,1,42,5,0
3,700,21.000000,0.000000,1,2,169724851,1305,7,1305,7,1,42,5,0
3,700,21.000000,0.000000,1,2,169724853,1305,7,1305,7,1,42,5,0
3,700,21.000000,0.000000,1,2,169724856,1305,7,1305,7,1,42,5,0
3,700,21.000000,0.000000,1,2,169724859,1305,7,1305,7,1,42,5,0
3,700,21.000000,0.000000,1,2,169724861,1305,7,1305,7,1,42,5,0
3,700,21.000000,0.000000,1,2,169724864,1305,7,1305,7,1,42,5,0
3,700,21.000000,0.000000,1,2,169724867,1305,7,1305,7,1,42,5,0
3,700,21.000000,0.000000,1,2,169724870,1305,7,1305,7,1,42,5,0
3,700,21.000000,0.000000,1,2,169724872,1305,7,1305,7,1,42,5,0
3,700,21.000000,0.000000,1,2,169724875,1305,7,1305,7,1,42,5,0
3,700,21.000000,0.000000,1,2,169724878,1305,7,1305,7,1,42,5,0
3,700,21.000000,0.000000,1,2,169724881,1305,7,1305,7,1,42,5,0
3,700,21.000000,0.000000,1,2,169724884,1305,7,1305,7,1,42,5,0
3,700,21.000000,0.000000,1,2,169724886,1305,7,1305,7,1,42,5,0
3,700,21.000000,0.000000,1,2,169724889,1305,7,1305,7,1,42,5,0
3,700,21.000000,0.000000,1,2,169724892,1305,7,1305,7,1,42,5,0
3,700,21.000000,0.000000,1,2,169724906,1305,7,1305,7,0,42,5,0
