3,700,21.000000,0.000000,1,2,169773894,606,0,606,0,0,47,0,0
3,700,21.000000,0.000000,1,2,169773895,606,0,606,0,0,47,0,0
3,700,21.000000,0.000000,1,2,169773897,606,0,606,0,0,47,0,0
3,700,21.000000,0.000000,1,2,169773900,606,0,606,0,0,47,0,0
3,700,21.000000,0.000000,1,2,169773903,606,0,606,0,0,47,0,0
3,700,21.000000,0.000000,1,2,169773906,606,0,606,0,0,47,0,0
3,700,21.000000,0.000000,1,2,169773909,606,0,606,0,0,47,0,0
3,700,21.000000,0.000000,1,2,169773911,606,0,606,0,0,47,0,0
3,700,21.000000,0.000000,1,2,169773914,606,0,606,0,0,47,0,0
3,700,21.000000,0.000000,1,2,169773917,606,0,606,0,0,47,0,0
3,700,21.000000,0.000000,1,2,169773920,606,0,606,0,0,47,0,0
3,700,21.000000,0.000000,1,2,169773923,606,0,606,0,0,47,0,0
3,700,21.000000,0.000000,1,2,169773926,606,0,606,0,0,47,0,0
3,700,21.000000,0.000000,1,2,169773928,606,0,606,0,0,47,0,0
3,700,21.000000,0.000000,1,2,169773931,606,0,606,0,0,47,0,0
3,700,21.000000,0.000000,1,2,169773934,606,0,606,0,0,47,0,0
3,700,21.000000,0.000000,1,2,169773937,606,0,606,0,0,47,0,0
3,700,21.000000,0.000000,1,2,169773939,606,0,606,0,0,47,0,0
3,700,21.000000,0.000000,1,2,169773942,606,0,606,0,0,47,0,0
3,700,21.000000,0.000000,1,2,169773945,606,0,606,0,0,47,0,0
3,700,21.000000,0.000000,1,2,169773948,606,0,606,0,0,47,0,0
3,700,21.000000,0.000000,1,2,169773950,606,0,606,0,0,47,0,0
3,700,21.000000,0.000000,1,2,169773953,606,0,606,0,0,47,0,0
3,700,21.000000,0.000000,1,2,169773956,606,0,606,0,0,47,0,0
3,700,21.000000,0.000000,1,2,169773959,606,0,606,0,0,47,0,0
3,700,21.000000,0.000000,1,2,169773962,606,0,606,0,0,47,0,0
3,700,21.000000,0.000000,1,2,169773964,606,0,606,0,0,47,0,0
3,700,21.000000,0.000000,1,2,169773967,606,0,606,0,0,47,0,0
3,700,21.000000,0.000000,1,2,169773970,606,0,606,0,0,47,0,0
3,700,21.000000,0.000000,1,2,169773973,606,0,606,0,0,47,0,0
3,700,21.000000,0.000000,1,2,169773975,606,0,606,0,0,47,0,0
3,700,21.000000,0.000000,1,2,169773978,606,0,606,0,0,47,0,0
3,700,21.000000,0.000000,1,2,169773981,606,0,606,0,0,47,0,0
3,700,21.000000,0.000000,1,2,169773984,606,0,606,0,0,47,0,0
3,700,21.000000,0.000000,1,2,169773986,606,0,606,0,0,47,0,0
3,700,21.000000,0.000000,1,2,169773989,606,0,606,0,0,47,0,0
3,700,21.000000,0.000000,1,2,169773992,606,0,606,0,0,47,0,0
3,700,21.000000,0.000000,1,2,169773995,606,0,606,0,0,47,0,0
3,700,21.000000,0.000000,1,2,169773998,607,0,607,0,0,47,0,0
3,700,21.000000,0.000000,1,2,169774001,607,0,607,0,0,47,0,0
3,700,21.000000,0.000000,1,2,169774004,607,0,607,0,0,47,0,0
3,700,21.000000,0.000000,1,2,169774007,607,0,607,0,0,47,0,0
3,700,21.000000,0.000000,1,2,169774009,607,1,607,1,0,47,0,0
3,700,21.000000,0.000000,1,2,169774012,608,1,608,1,0,47,0,0
3,700,21.000000,0.000000,1,2,169774015,608,2,608,2,0,47,0,0
3,700,21.000000,0.000000,1,2,169774018,609,2,609,2,0,47,0,0
3,700,21.000000,0.000000,1,2,169774020,609,3,609,3,0,47,0,0
3,700,21.000000,0.000000,1,2,169774023,609,3,609,3,0,47,0,0
3,700,21.000000,0.000000,1,2,169774026,610,3,610,3,0,47,0,0
3,700,21.000000,0.000000,1,2,169774029,611,4,611,4,0,47,0,0
3,700,21.000000,0.000000,1,2,169774031,612,4,612,4,0,47,0,0
3,700,21.000000,0.000000,1,2,169774034,613,5,613,5,0,47,0,0
3,700,21.000000,0.000000,1,2,169774037,614,6,614,6,0,47,0,0
3,700,21.000000,0.000000,1,2,169774040,615,7,615,7,0,47,0,0
3,700,21.000000,0.000000,1,2,169774042,616,8,616,8,0,47,0,0
3,700,21.000000,0.000000,1,2,169774045,617,8,617,8,0,47,0,0
3,700,21.000000,0.000000,1,2,169774048,618,9,618,9,0,47,0,0
3,700,21.000000,0.000000,1,2,169774051,618,10,618,10,0,47,0,0
3,700,21.000000,0.000000,1,2,169774053,619,11,619,11,0,47,0,0
3,700,21.000000,0.000000,1,2,169774056,620,12,620,12,0,47,0,0
3,700,21.000000,0.000000,1,2,169774059,621,12,621,12,0,47,0,0
3,700,21.000000,0.000000,1,2,169774061,623,13,623,13,0,47,0,0
3,700,21.000000,0.000000,1,2,169774065,624,14,624,14,0,47,0,0
3,700,21.000000,0.000000,1,2,169774067,626,15,626,15,0,47,0,0
3,700,21.000000,0.000000,1,2,169774070,627,16,627,16,0,47,0,0
3,700,21.000000,0.000000,1,2,169774073,629,16,629,16,0,47,0,0
3,700,21.000000,0.000000,1,2,169774075,631,17,631,17,0,47,0,0
3,700,21.000000,0.000000,1,2,169774078,633,19,633,19,0,47,0,0
3,700,21.000000,0.000000,1,2,169774081,636,20,636,20,0,47,0,0
3,700,21.000000,0.000000,1,2,169774084,640,21,640,21,0,47,0,0
3,700,21.000000,0.000000,1,2,169774087,642,22,642,22,0,47,0,0
3,700,21.000000,0.000000,1,2,169774089,646,23,646,23,0,47,0,0
3,700,21.000000,0.000000,1,2,169774092,650,25,650,25,0,47,0,0
3,700,21.000000,0.000000,1,2,169774095,654,26,654,26,0,47,0,0
3,700,21.000000,0.000000,1,2,169774098,658,27,658,27,0,47,0,0
3,700,21.000000,0.000000,1,2,169774101,663,29,663,29,0,47,0,0
3,700,21.000000,0.000000,1,2,169774103,668,30,668,30,0,47,0,0
3,700,21.000000,0.000000,1,2,169774106,676,32,676,32,0,47,0,0
3,700,21.000000,0.000000,1,2,169774109,689,35,689,35,0,47,0,0
3,700,21.000000,0.000000,1,2,169774112,695,37,695,37,0,47,0,0
3,700,21.000000,0.000000,1,2,169774114,700,38,700,38,0,47,0,0
3,700,21.000000,0.000000,1,2,169774117,704,39,704,39,0,47,0,0
3,700,21.000000,0.000000,1,2,169774120,709,40,709,40,0,47,0,0
3,700,21.000000,0.000000,1,2,169774122,716,41,716,41,0,47,0,0
3,700,21.000000,0.000000,1,2,169774125,721,42,721,42,0,47,0,0
3,700,21.000000,0.000000,1,2,169774128,726,42,726,42,0,47,0,0
3,700,21.000000,0.000000,1,2,169774131,733,44,733,44,0,47,0,0
3,700,21.000000,0.000000,1,2,169774134,739,44,739,44,0,47,0,0
3,700,21.000000,0.000000,1,2,169774137,743,45,743,45,0,47,0,0
3,700,21.000000,0.000000,1,2,169774139,749,46,749,46,0,47,0,0
3,700,21.000000,0.000000,1,2,169774142,755,46,755,46,0,47,0,0
3,700,21.000000,0.000000,1,2,169774145,763,47,763,47,0,47,0,0
3,700,21.000000,0.000000,1,2,169774148,773,49,773,49,0,47,0,0
3,700,21.000000,0.000000,1,2,169774150,781,50,781,50,0,47,0,0
3,700,21.000000,0.000000,1,2,169774153,785,50,785,50,0,47,0,0
3,700,21.000000,0.000000,1,2,169774156,793,51,793,51,0,47,0,0
3,700,21.000000,0.000000,1,2,169774159,804,53,804,53,0,47,0,0
3,700,21.000000,0.000000,1,2,169774162,812,53,812,53,0,47,0,0
3,700,21.000000,0.000000,1,2,169774164,819,54,819,54,0,47,0,0
3,700,21.000000,0.000000,1,2,169774167,832,56,832,56,0,47,0,0
3,700,21.000000,0.000000,1,2,169774170,842,57,842,57,0,47,0,0
3,700,21.000000,0.000000,1,2,169774173,849,58,849,58,0,47,0,0
3,700,21.000000,0.000000,1,2,169774176,858,59,858,59,0,47,0,0
3,700,21.000000,0.000000,1,2,169774178,866,60,866,60,0,47,0,0
3,700,21.000000,0.000000,1,2,169774181,876,61,876,61,0,47,0,0
3,700,21.000000,0.000000,1,2,169774184,891,63,891,63,0,47,0,0
3,700,21.000000,0.000000,1,2,169774187,899,64,899,64,0,47,0,0
3,700,21.000000,0.000000,1,2,169774189,906,64,906,64,0,47,0,0
3,700,21.000000,0.000000,1,2,169774192,923,65,923,65,0,47,0,0
3,700,21.000000,0.000000,1,2,169774195,930,65,930,65,0,47,0,0
3,700,21.000000,0.000000,1,2,169774198,933,65,933,65,0,47,0,0
3,700,21.000000,0.000000,1,2,169774200,945,66,945,66,0,47,0,0
3,700,21.000000,0.000000,1,2,169774203,956,67,956,67,0,47,0,0
3,700,21.000000,0.000000,1,2,169774206,968,67,968,67,0,47,0,0
3,700,21.000000,0.000000,1,2,169774209,977,67,977,67,0,47,0,0
3,700,21.000000,0.000000,1,2,169774212,987,68,987,68,0,47,0,0
3,700,21.000000,0.000000,1,2,169774214,996,68,996,68,0,47,0,0
3,700,21.000000,0.000000,1,2,169774217,1005,68,1005,68,0,47,0,0
3,700,21.000000,0.000000,1,2,169774220,1009,68,1009,68,0,47,0,0
3,700,21.000000,0.000000,1,2,169774223,1018,68,1018,68,0,47,0,0
3,700,21.000000,0.000000,1,2,169774226,1026,68,1026,68,0,47,0,0
3,700,21.000000,0.000000,1,2,169774228,1034,69,1034,69,0,47,0,0
3,700,21.000000,0.000000,1,2,169774231,1043,69,1043,69,0,47,0,0
3,700,21.000000,0.000000,1,2,169774234,1050,69,1050,69,0,47,0,0
3,700,21.000000,0.000000,1,2,169774237,1056,70,1056,70,0,47,0,0
3,700,21.000000,0.000000,1,2,169774240,1063,70,1063,70,0,47,0,0
3,700,21.000000,0.000000,1,2,169774243,1070,70,1070,70,0,47,0,0
3,700,21.000000,0.000000,1,2,169774245,1076,70,1076,70,0,47,0,0
3,700,21.000000,0.000000,1,2,169774248,1080,70,1080,70,0,47,0,0
3,700,21.000000,0.000000,1,2,169774251,1086,70,1086,70,0,47,0,0
3,700,21.000000,0.000000,1,2,169774253,1091,70,1091,70,0,47,0,0
3,700,21.000000,0.000000,1,2,169774256,1099,70,1099,70,0,47,0,0
3,700,21.000000,0.000000,1,2,169774259,1104,70,1104,70,0,47,0,0
3,700,21.000000,0.000000,1,2,169774262,1112,70,1112,70,0,47,0,0
3,700,21.000000,0.000000,1,2,169774264,1117,70,1117,70,0,47,0,0
3,700,21.000000,0.000000,1,2,169774267,1122,70,1122,70,0,47,0,0
3,700,21.000000,0.000000,1,2,169774270,1127,70,1127,70,0,47,0,0
3,700,21.000000,0.000000,1,2,169774273,1137,70,1137,70,0,47,0,0
3,700,21.000000,0.000000,1,2,169774276,1141,70,1141,70,0,47,0,0
3,700,21.000000,0.000000,1,2,169774279,1146,70,1146,70,0,47,0,0
3,700,21.000000,0.000000,1,2,169774281,1151,70,1151,70,0,47,0,0
3,700,21.000000,0.000000,1,2,169774284,1155,70,1155,70,0,47,0,0
3,700,21.000000,0.000000,1,2,169774287,1159,70,1159,70,0,47,0,0
3,700,21.000000,0.000000,1,2,169774290,1163,69,1163,69,0,47,0,0
3,700,21.000000,0.000000,1,2,169774292,1167,69,1167,69,0,47,0,0
3,700,21.000000,0.000000,1,2,169774295,1174,68,1174,68,0,47,0,0
3,700,21.000000,0.000000,1,2,169774298,1177,68,1177,68,0,47,0,0
3,700,21.000000,0.000000,1,2,169774301,1182,68,1182,68,0,47,0,0
3,700,21.000000,0.000000,1,2,169774303,1185,68,1185,68,0,47,0,0
3,700,21.000000,0.000000,1,2,169774306,1189,68,1189,68,0,47,0,0
3,700,21.000000,0.000000,1,2,169774309,1194,68,1194,68,0,47,0,0
3,700,21.000000,0.000000,1,2,169774312,1198,67,1198,67,0,47,0,0
3,700,21.000000,0.000000,1,2,169774314,1199,67,1199,67,0,47,0,0
3,700,21.000000,0.000000,1,2,169774317,1204,67,1204,67,0,47,0,0
3,700,21.000000,0.000000,1,2,169774320,1207,67,1207,67,0,47,0,0
3,700,21.000000,0.000000,1,2,169774323,1211,66,1211,66,0,47,0,0
3,700,21.000000,0.000000,1,2,169774325,1214,66,1214,66,0,47,0,0
3,700,21.000000,0.000000,1,2,169774329,1219,66,1219,66,0,47,0,0
3,700,21.000000,0.000000,1,2,169774331,1222,66,1222,66,0,47,0,0
3,700,21.000000,0.000000,1,2,169774334,1225,65,1225,65,0,47,0,0
3,700,21.000000,0.000000,1,2,169774337,1228,65,1228,65,0,47,0,0
3,700,21.000000,0.000000,1,2,169774340,1231,65,1231,65,0,47,0,0
3,700,21.000000,0.000000,1,2,169774342,1234,65,1234,65,0,47,0,0
3,700,21.000000,0.000000,1,2,169774345,1238,65,1238,65,0,47,0,0
3,700,21.000000,0.000000,1,2,169774348,1241,65,1241,65,0,47,0,0
3,700,21.000000,0.000000,1,2,169774350,1243,64,1243,64,0,47,0,0
3,700,21.000000,0.000000,1,2,169774353,1245,64,1245,64,0,47,0,0
3,700,21.000000,0.000000,1,2,169774356,1247,63,1247,63,0,47,0,0
3,700,21.000000,0.000000,1,2,169774359,1249,63,1249,63,0,47,0,0
3,700,21.000000,0.000000,1,2,169774362,1251,63,1251,63,0,47,0,0
3,700,21.000000,0.000000,1,2,169774364,1253,63,1253,63,0,47,0,0
3,700,21.000000,0.000000,1,2,169774367,1255,62,1255,62,0,47,0,0
3,700,21.000000,0.000000,1,2,169774370,1258,62,1258,62,0,47,0,0
3,700,21.000000,0.000000,1,2,169774373,1261,61,1261,61,0,47,0,0
3,700,21.000000,0.000000,1,2,169774376,1263,61,1263,61,0,47,0,0
3,700,21.000000,0.000000,1,2,169774378,1265,61,1265,61,0,47,0,0
3,700,21.000000,0.000000,1,2,169774381,1268,60,1268,60,0,47,0,0
3,700,21.000000,0.000000,1,2,169774384,1270,60,1270,60,0,47,0,0
3,700,21.000000,0.000000,1,2,169774387,1272,59,1272,59,0,47,0,0
3,700,21.000000,0.000000,1,2,169774390,1275,59,1275,59,0,47,0,0
3,700,21.000000,0.000000,1,2,169774392,1278,59,1278,59,0,47,0,0
3,700,21.000000,0.000000,1,2,169774395,1281,58,1281,58,0,47,0,0
3,700,21.000000,0.000000,1,2,169774398,1283,58,1283,58,0,47,0,0
3,700,21.000000,0.000000,1,2,169774401,1285,57,1285,57,0,47,0,0
3,700,21.000000,0.000000,1,2,169774403,1287,57,1287,57,0,47,0,0
3,700,21.000000,0.000000,1,2,169774406,1288,57,1288,57,0,47,0,0
3,700,21.000000,0.000000,1,2,169774409,1290,57,1290,57,0,47,0,0
3,700,21.000000,0.000000,1,2,169774412,1290,56,1290,56,0,47,0,0
3,700,21.000000,0.000000,1,2,169774415,1292,56,1292,56,0,47,0,0
3,700,21.000000,0.000000,1,2,169774417,1294,56,1294,56,0,47,0,0
3,700,21.000000,0.000000,1,2,169774420,1295,56,1295,56,0,47,0,0
3,700,21.000000,0.000000,1,2,169774423,1297,56,1297,56,0,47,0,0
3,700,21.000000,0.000000,1,2,169774426,1298,56,1298,56,0,47,0,0
3,700,21.000000,0.000000,1,2,169774428,1299,56,1299,56,0,47,0,0
3,700,21.000000,0.000000,1,2,169774431,1300,55,1300,55,0,47,0,0
3,700,21.000000,0.000000,1,2,169774434,1302,54,1302,54,0,47,0,0
3,700,21.000000,0.000000,1,2,169774437,1303,53,1303,53,0,47,0,0
3,700,21.000000,0.000000,1,2,169774439,1304,52,1304,52,0,47,0,0
3,700,21.000000,0.000000,1,2,169774442,1304,52,1304,52,0,47,0,0
3,700,21.000000,0.000000,1,2,169774445,1304,52,1304,52,0,47,0,0
3,700,21.000000,0.000000,1,2,169774448,1304,52,1304,52,0,47,0,0
3,700,21.000000,0.000000,1,2,169774451,1304,52,1304,52,0,47,0,0
3,700,21.000000,0.000000,1,2,169774454,1304,52,1304,52,0,47,0,0
3,700,21.000000,0.000000,1,2,169774456,1304,52,1304,52,0,47,0,0
3,700,21.000000,0.000000,1,2,169774459,1304,52,1304,52,0,47,0,0
3,700,21.000000,0.000000,1,2,169774462,1305,52,1305,52,0,47,0,0
3,700,21.000000,0.000000,1,2,169774465,1306,52,1306,52,0,47,0,0
3,700,21.000000,0.000000,1,2,169774468,1306,51,1306,51,0,47,0,0
3,700,21.000000,0.000000,1,2,169774470,1306,50,1306,50,0,47,0,0
3,700,21.000000,0.000000,1,2,169774473,1306,50,1306,50,0,47,0,0
3,700,21.000000,0.000000,1,2,169774476,1306,50,1306,50,0,47,0,0
3,700,21.000000,0.000000,1,2,169774478,1306,50,1306,50,0,47,0,0
3,700,21.000000,0.000000,1,2,169774481,1306,50,1306,50,0,47,0,0
3,700,21.000000,0.000000,1,2,169774484,1306,50,1306,50,0,47,0,0
3,700,21.000000,0.000000,1,2,169774487,1306,50,1306,50,0,47,0,0
3,700,21.000000,0.000000,1,2,169774490,1306,49,1306,49,0,47,0,0
3,700,21.000000,0.000000,1,2,169774493,1306,49,1306,49,0,47,0,0
3,700,21.000000,0.000000,1,2,169774495,1306,49,1306,49,0,47,0,0
3,700,21.000000,0.000000,1,2,169774498,1306,48,1306,48,0,47,0,0
3,700,21.000000,0.000000,1,2,169774501,1306,47,1306,47,0,47,0,0
3,700,21.000000,0.000000,1,2,169774504,1306,47,1306,47,0,47,0,0
3,700,21.000000,0.000000,1,2,169774506,1306,47,1306,47,0,47,0,0
3,700,21.000000,0.000000,1,2,169774509,1306,46,1306,46,0,47,0,0
3,700,21.000000,0.000000,1,2,169774512,1306,45,1306,45,0,47,0,0
3,700,21.000000,0.000000,1,2,169774515,1306,44,1306,44,0,47,0,0
3,700,21.000000,0.000000,1,2,169774518,1306,44,1306,44,0,47,0,0
3,700,21.000000,0.000000,1,2,169774520,1306,43,1306,43,0,47,0,0
3,700,21.000000,0.000000,1,2,169774523,1306,42,1306,42,0,47,0,0
3,700,21.000000,0.000000,1,2,169774526,1306,42,1306,42,0,47,0,0
3,700,21.000000,0.000000,1,2,169774529,1306,42,1306,42,0,47,0,0
3,700,21.000000,0.000000,1,2,169774531,1306,41,1306,41,0,47,0,0
3,700,21.000000,0.000000,1,2,169774534,1306,41,1306,41,0,47,0,0
3,700,21.000000,0.000000,1,2,169774537,1306,41,1306,41,0,47,0,0
3,700,21.000000,0.000000,1,2,169774540,1306,41,1306,41,0,47,0,0
3,700,21.000000,0.000000,1,2,169774543,1306,40,1306,40,0,47,0,0
3,700,21.000000,0.000000,1,2,169774545,1306,39,1306,39,0,47,0,0
3,700,21.000000,0.000000,1,2,169774548,1306,38,1306,38,0,47,0,0
3,700,21.000000,0.000000,1,2,169774551,1306,37,1306,37,0,47,0,0
3,700,21.000000,0.000000,1,2,169774554,1306,37,1306,37,0,47,0,0
3,700,21.000000,0.000000,1,2,169774556,1306,37,1306,37,0,47,0,0
3,700,21.000000,0.000000,1,2,169774559,1306,37,1306,37,0,47,0,0
3,700,21.000000,0.000000,1,2,169774562,1306,36,1306,36,0,47,0,0
3,700,21.000000,0.000000,1,2,169774565,1306,35,1306,35,0,47,0,0
3,700,21.000000,0.000000,1,2,169774568,1306,35,1306,35,0,47,0,0
3,700,21.000000,0.000000,1,2,169774570,1306,35,1306,35,0,47,0,0
3,700,21.000000,0.000000,1,2,169774573,1306,35,1306,35,0,47,0,0
3,700,21.000000,0.000000,1,2,169774576,1306,35,1306,35,0,47,0,0
3,700,21.000000,0.000000,1,2,169774579,1306,34,1306,34,0,47,0,0
3,700,21.000000,0.000000,1,2,169774581,1306,34,1306,34,0,47,0,0
3,700,21.000000,0.000000,1,2,169774584,1306,34,1306,34,0,47,0,0
3,700,21.000000,0.000000,1,2,169774587,1306,34,1306,34,0,47,0,0
3,700,21.000000,0.000000,1,2,169774590,1306,33,1306,33,0,47,0,0
3,700,21.000000,0.000000,1,2,169774592,1306,32,1306,32,0,47,0,0
3,700,21.000000,0.000000,1,2,169774595,1306,31,1306,31,0,47,0,0
3,700,21.000000,0.000000,1,2,169774598,1306,30,1306,30,0,47,0,0
3,700,21.000000,0.000000,1,2,169774601,1306,30,1306,30,0,47,0,0
3,700,21.000000,0.000000,1,2,169774604,1306,29,1306,29,0,47,0,0
3,700,21.000000,0.000000,1,2,169774607,1306,28,1306,28,0,47,0,0
3,700,21.000000,0.000000,1,2,169774609,1306,27,1306,27,0,47,0,0
3,700,21.000000,0.000000,1,2,169774612,1306,26,1306,26,0,47,0,0
3,700,21.000000,0.000000,1,2,169774615,1306,26,1306,26,0,47,0,0
3,700,21.000000,0.000000,1,2,169774618,1306,25,1306,25,0,47,0,0
3,700,21.000000,0.000000,1,2,169774620,1306,24,1306,24,0,47,0,0
3,700,21.000000,0.000000,1,2,169774623,1306,23,1306,23,0,47,0,0
3,700,21.000000,0.000000,1,2,169774626,1306,23,1306,23,0,47,0,0
3,700,21.000000,0.000000,1,2,169774629,1306,22,1306,22,0,47,0,0
3,700,21.000000,0.000000,1,2,169774631,1306,21,1306,21,0,47,0,0
3,700,21.000000,0.000000,1,2,169774634,1306,21,1306,21,0,47,0,0
3,700,21.000000,0.000000,1,2,169774637,1306,20,1306,20,0,47,0,0
3,700,21.000000,0.000000,1,2,169774640,1306,20,1306,20,0,47,0,0
3,700,21.000000,0.000000,1,2,169774642,1306,20,1306,20,0,47,0,0
3,700,21.000000,0.000000,1,2,169774645,1306,19,1306,19,0,47,0,0
3,700,21.000000,0.000000,1,2,169774648,1306,18,1306,18,0,47,0,0
3,700,21.000000,0.000000,1,2,169774651,1306,17,1306,17,0,47,0,0
3,700,21.000000,0.000000,1,2,169774654,1306,17,1306,17,0,47,0,0
3,700,21.000000,0.000000,1,2,169774656,1306,17,1306,17,0,47,0,0
3,700,21.000000,0.000000,1,2,169774659,1306,16,1306,16,0,47,0,0
3,700,21.000000,0.000000,1,2,169774662,1306,16,1306,16,0,47,0,0
3,700,21.000000,0.000000,1,2,169774665,1306,15,1306,15,0,47,0,0
3,700,21.000000,0.000000,1,2,169774668,1306,14,1306,14,0,47,0,0
3,700,21.000000,0.000000,1,2,169774670,1306,14,1306,14,0,47,0,0
3,700,21.000000,0.000000,1,2,169774673,1306,13,1306,13,0,47,0,0
3,700,21.000000,0.000000,1,2,169774676,1306,12,1306,12,0,47,0,0
3,700,21.000000,0.000000,1,2,169774679,1306,11,1306,11,0,47,0,0
3,700,21.000000,0.000000,1,2,169774682,1306,10,1306,10,0,47,0,0
3,700,21.000000,0.000000,1,2,169774684,1306,10,1306,10,0,47,0,0
3,700,21.000000,0.000000,1,2,169774687,1306,10,1306,10,0,47,0,0
3,700,21.000000,0.000000,1,2,169774690,1306,9,1306,9,0,47,0,0
3,700,21.000000,0.000000,1,2,169774693,1306,8,1306,8,0,47,0,0
3,700,21.000000,0.000000,1,2,169774695,1306,8,1306,8,0,47,0,0
3,700,21.000000,0.000000,1,2,169774698,1306,8,1306,8,0,47,0,0
3,700,21.000000,0.000000,1,2,169774701,1306,8,1306,8,0,47,0,0
3,700,21.000000,0.000000,1,2,169774703,1306,7,1306,7,0,47,0,0
3,700,21.000000,0.000000,1,2,169774706,1306,6,1306,6,0,47,0,0
3,700,21.000000,0.000000,1,2,169774709,1306,6,1306,6,0,47,0,0
3,700,21.000000,0.000000,1,2,169774712,1306,6,1306,6,0,47,0,0
3,700,21.000000,0.000000,1,2,169774715,1306,6,1306,6,0,47,0,0
3,700,21.000000,0.000000,1,2,169774717,1306,6,1306,6,0,47,0,0
3,700,21.000000,0.000000,1,2,169774720,1306,6,1306,6,0,47,0,0
3,700,21.000000,0.000000,1,2,169774723,1306,6,1306,6,0,47,0,0
3,700,21.000000,0.000000,1,2,169774726,1306,6,1306,6,0,47,0,0
3,700,21.000000,0.000000,1,2,169774729,1306,6,1306,6,0,47,0,0
3,700,21.000000,0.000000,1,2,169774732,1306,6,1306,6,0,47,0,0
3,700,21.000000,0.000000,1,2,169774734,1306,6,1306,6,0,47,0,0
3,700,21.000000,0.000000,1,2,169774737,1306,5,1306,5,0,47,0,0
3,700,21.000000,0.000000,1,2,169774740,1306,5,1306,5,0,47,0,0
3,700,21.000000,0.000000,1,2,169774742,1306,5,1306,5,0,47,0,0
3,700,21.000000,0.000000,1,2,169774745,1306,5,1306,5,0,47,0,0
3,700,21.000000,0.000000,1,2,169774748,1306,5,1306,5,0,47,0,0
3,700,21.000000,0.000000,1,2,169774751,1306,5,1306,5,0,47,0,0
3,700,21.000000,0.000000,1,2,169774754,1306,5,1306,5,0,47,0,0
3,700,21.000000,0.000000,1,2,169774757,1306,5,1306,5,0,47,0,0
3,700,21.000000,0.000000,1,2,169774759,1306,5,1306,5,0,47,0,0
3,700,21.000000,0.000000,1,2,169774762,1306,5,1306,5,0,47,0,0
3,700,21.000000,0.000000,1,2,169774765,1306,5,1306,5,0,47,0,0
3,700,21.000000,0.000000,1,2,169774767,1306,5,1306,5,0,47,0,0
3,700,21.000000,0.000000,1,2,169774771,1306,5,1306,5,0,47,0,0
3,700,21.000000,0.000000,1,2,169774773,1306,5,1306,5,0,47,0,0
3,700,21.000000,0.000000,1,2,169774776,1306,5,1306,5,0,47,0,0
3,700,21.000000,0.000000,1,2,169774779,1306,5,1306,5,0,47,0,0
3,700,21.000000,0.000000,1,2,169774781,1306,5,1306,5,0,47,0,0
3,700,21.000000,0.000000,1,2,169774784,1306,5,1306,5,0,47,0,0
3,700,21.000000,0.000000,1,2,169774787,1306,5,1306,5,0,47,0,0
3,700,21.000000,0.000000,1,2,169774790,1306,5,1306,5,0,47,0,0
3,700,21.000000,0.000000,1,2,169774793,1306,5,1306,5,0,47,0,0
3,700,21.000000,0.000000,1,2,169774795,1306,5,1306,5,0,47,0,0
3,700,21.000000,0.000000,1,2,169774798,1306,5,1306,5,0,47,0,0
3,700,21.000000,0.000000,1,2,169774801,1306,5,1306,5,0,47,0,0
3,700,21.000000,0.000000,1,2,169774804,1306,5,1306,5,0,47,0,0
3,700,21.000000,0.000000,1,2,169774807,1306,5,1306,5,0,47,0,0
3,700,21.000000,0.000000,1,2,169774821,1306,5,1306,5,0,47,0,0
