3,700,21.000000,0.000000,0,5,170229463,608,0,608,0,1,77,5,0
3,700,21.000000,0.000000,0,5,170229464,608,0,608,0,1,77,5,0
3,700,21.000000,0.000000,0,5,170229467,608,0,608,0,1,77,5,0
3,700,21.000000,0.000000,0,5,170229470,608,0,608,0,1,77,5,0
3,700,21.000000,0.000000,0,5,170229473,608,0,608,0,1,77,5,0
3,700,21.000000,0.000000,0,5,170229475,608,0,608,0,1,77,5,0
3,700,21.000000,0.000000,0,5,170229478,608,0,608,0,1,77,5,0
3,700,21.000000,0.000000,0,5,170229481,608,0,608,0,1,77,5,0
3,700,21.000000,0.000000,0,5,170229484,608,0,608,0,1,77,5,0
3,700,21.000000,0.000000,0,5,170229487,608,0,608,0,1,77,5,0
3,700,21.000000,0.000000,0,5,170229489,608,0,608,0,1,77,5,0
3,700,21.000000,0.000000,0,5,170229492,608,0,608,0,1,77,5,0
3,700,21.000000,0.000000,0,5,170229495,608,0,608,0,1,77,5,0
3,700,21.000000,0.000000,0,5,170229498,608,0,608,0,1,77,5,0
3,700,21.000000,0.000000,0,5,170229500,608,0,608,0,1,77,5,0
3,700,21.000000,0.000000,0,5,170229503,608,0,608,0,1,77,5,0
3,700,21.000000,0.000000,0,5,170229506,608,0,608,0,1,77,5,0
3,700,21.000000,0.000000,0,5,170229509,608,0,608,0,1,77,5,0
3,700,21.000000,0.000000,0,5,170229512,608,0,608,0,1,77,5,0
3,700,21.000000,0.000000,0,5,170229514,608,0,608,0,1,77,5,0
3,700,21.000000,0.000000,0,5,170229517,608,0,608,0,1,77,5,0
3,700,21.000000,0.000000,0,5,170229520,608,0,608,0,1,77,5,0
3,700,21.000000,0.000000,0,5,170229523,608,0,608,0,1,77,5,0
3,700,21.000000,0.000000,0,5,170229526,608,0,608,0,1,77,5,0
3,700,21.000000,0.000000,0,5,170229528,608,0,608,0,1,77,5,0
3,700,21.000000,0.000000,0,5,170229531,608,0,608,0,1,77,5,0
3,700,21.000000,0.000000,0,5,170229534,608,0,608,0,1,77,5,0
3,700,21.000000,0.000000,0,5,170229537,608,0,608,0,1,77,5,0
3,700,21.000000,0.000000,0,5,170229540,608,0,608,0,1,77,5,0
3,700,21.000000,0.000000,0,5,170229542,608,0,608,0,1,77,5,0
3,700,21.000000,0.000000,0,5,170229545,608,0,608,0,1,77,5,0
3,700,21.000000,0.000000,0,5,170229548,608,0,608,0,1,77,5,0
3,700,21.000000,0.000000,0,5,170229551,608,0,608,0,1,77,5,0
3,700,21.000000,0.000000,0,5,170229553,608,0,608,0,1,77,5,0
3,700,21.000000,0.000000,0,5,170229556,608,0,608,0,1,77,5,0
3,700,21.000000,0.000000,0,5,170229559,608,0,608,0,1,77,5,0
3,700,21.000000,0.000000,0,5,170229561,608,0,608,0,1,77,5,0
3,700,21.000000,0.000000,0,5,170229564,608,0,608,0,1,77,5,0
3,700,21.000000,0.000000,0,5,170229567,608,0,608,0,1,77,5,0
3,700,21.000000,0.000000,0,5,170229570,608,0,608,0,1,77,5,0
3,700,21.000000,0.000000,0,5,170229573,608,0,608,0,1,77,5,0
3,700,21.000000,0.000000,0,5,170229575,608,0,608,0,1,77,5,0
3,700,21.000000,0.000000,0,5,170229578,608,0,608,0,1,77,5,0
3,700,21.000000,0.000000,0,5,170229581,608,0,608,0,1,77,5,0
3,700,21.000000,0.000000,0,5,170229584,608,0,608,0,1,77,5,0
3,700,21.000000,0.000000,0,5,170229587,608,0,608,0,1,77,5,0
3,700,21.000000,0.000000,0,5,170229589,608,0,608,0,1,77,5,0
3,700,21.000000,0.000000,0,5,170229592,608,0,608,0,1,77,5,0
3,700,21.000000,0.000000,0,5,170229595,608,0,608,0,1,77,5,0
3,700,21.000000,0.000000,0,5,170229598,608,0,608,0,1,77,5,0
3,700,21.000000,0.000000,0,5,170229601,609,0,609,0,1,77,5,0
3,700,21.000000,0.000000,0,5,170229603,611,0,611,0,1,77,5,0
3,700,21.000000,0.000000,0,5,170229606,612,0,612,0,1,77,5,0
3,700,21.000000,0.000000,0,5,170229609,614,0,614,0,1,77,5,0
3,700,21.000000,0.000000,0,5,170229612,616,0,616,0,1,77,5,0
3,700,21.000000,0.000000,0,5,170229614,617,0,617,0,1,77,5,0
3,700,21.000000,0.000000,0,5,170229617,618,0,618,0,1,77,5,0
3,700,21.000000,0.000000,0,5,170229620,619,0,619,0,1,77,5,0
3,700,21.000000,0.000000,0,5,170229623,621,0,621,0,1,77,5,0
3,700,21.000000,0.000000,0,5,170229626,623,0,623,0,1,77,5,0
3,700,21.000000,0.000000,0,5,170229628,624,0,624,0,1,77,5,0
3,700,21.000000,0.000000,0,5,170229631,625,0,625,0,1,77,5,0
3,700,21.000000,0.000000,0,5,170229634,627,0,627,0,1,77,5,0
3,700,21.000000,0.000000,0,5,170229637,630,0,630,0,1,77,5,0
3,700,21.000000,0.000000,0,5,170229639,633,0,633,0,1,77,5,0
3,700,21.000000,0.000000,0,5,170229642,636,0,636,0,1,77,5,0
3,700,21.000000,0.000000,0,5,170229645,639,0,639,-1,1,77,5,0
3,700,21.000000,0.000000,0,5,170229648,643,0,643,-1,1,77,5,0
3,700,21.000000,0.000000,0,5,170229651,646,0,646,-1,1,77,5,0
3,700,21.000000,0.000000,0,5,170229653,650,0,650,-2,1,77,5,0
3,700,21.000000,0.000000,0,5,170229656,654,0,654,-2,1,77,5,0
3,700,21.000000,0.000000,0,5,170229659,657,0,657,-2,1,77,5,0
3,700,21.000000,0.000000,0,5,170229662,663,0,663,-2,1,77,5,0
3,700,21.000000,0.000000,0,5,170229665,668,0,668,-2,1,77,5,0
3,700,21.000000,0.000000,0,5,170229667,673,0,673,-2,1,77,5,0
3,700,21.000000,0.000000,0,5,170229670,678,0,678,-2,1,77,5,0
3,700,21.000000,0.000000,0,5,170229673,684,0,684,-3,1,77,5,0
3,700,21.000000,0.000000,0,5,170229676,688,0,688,-3,1,77,5,0
3,700,21.000000,0.000000,0,5,170229678,698,0,698,-4,1,77,5,0
3,700,21.000000,0.000000,0,5,170229681,705,0,705,-4,1,77,5,0
3,700,21.000000,0.000000,0,5,170229684,712,0,712,-5,1,77,5,0
3,700,21.000000,0.000000,0,5,170229686,722,0,722,-5,1,77,5,0
3,700,21.000000,0.000000,0,5,170229689,729,0,729,-5,1,77,5,0
3,700,21.000000,0.000000,0,5,170229692,737,0,737,-6,1,77,5,0
3,700,21.000000,0.000000,0,5,170229695,749,0,749,-7,1,77,5,0
3,700,21.000000,0.000000,0,5,170229698,757,0,757,-7,1,77,5,0
3,700,21.000000,0.000000,0,5,170229700,766,0,766,-8,1,77,5,0
3,700,21.000000,0.000000,0,5,170229703,781,0,781,-9,1,77,5,0
3,700,21.000000,0.000000,0,5,170229706,789,0,789,-10,1,77,5,0
3,700,21.000000,0.000000,0,5,170229709,796,0,796,-10,1,77,5,0
3,700,21.000000,0.000000,0,5,170229712,805,0,805,-11,1,77,5,0
3,700,21.000000,0.000000,0,5,170229714,812,0,812,-11,1,77,5,0
3,700,21.000000,0.000000,0,5,170229718,828,0,828,-11,1,77,5,0
3,700,21.000000,0.000000,0,5,170229720,835,0,835,-11,1,77,5,0
3,700,21.000000,0.000000,0,5,170229723,849,0,849,-12,1,77,5,0
3,700,21.000000,0.000000,0,5,170229726,860,0,860,-12,1,77,5,0
3,700,21.000000,0.000000,0,5,170229729,869,0,869,-12,1,77,5,0
3,700,21.000000,0.000000,0,5,170229731,885,0,885,-13,1,77,5,0
3,700,21.000000,0.000000,0,5,170229734,892,0,892,-14,1,77,5,0
3,700,21.000000,0.000000,0,5,170229737,908,0,908,-14,1,77,5,0
3,700,21.000000,0.000000,0,5,170229739,915,0,915,-14,1,77,5,0
3,700,21.000000,0.000000,0,5,170229742,926,0,926,-14,1,77,5,0
3,700,21.000000,0.000000,0,5,170229745,934,0,934,-14,1,77,5,0
3,700,21.000000,0.000000,0,5,170229748,941,0,941,-15,1,77,5,0
3,700,21.000000,0.000000,0,5,170229751,953,0,953,-15,1,77,5,0
3,700,21.000000,0.000000,0,5,170229753,966,0,966,-15,1,77,5,0
3,700,21.000000,0.000000,0,5,170229756,974,0,974,-16,1,77,5,0
3,700,21.000000,0.000000,0,5,170229759,976,0,976,-16,1,77,5,0
3,700,21.000000,0.000000,0,5,170229762,990,0,990,-17,1,77,5,0
3,700,21.000000,0.000000,0,5,170229765,999,0,999,-17,1,77,5,0
3,700,21.000000,0.000000,0,5,170229767,1006,0,1006,-17,1,77,5,0
3,700,21.000000,0.000000,0,5,170229770,1014,0,1014,-17,1,77,5,0
3,700,21.000000,0.000000,0,5,170229773,1021,0,1021,-18,1,77,5,0
3,700,21.000000,0.000000,0,5,170229776,1028,0,1028,-18,1,77,5,0
3,700,21.000000,0.000000,0,5,170229779,1035,0,1035,-18,1,77,5,0
3,700,21.000000,0.000000,0,5,170229781,1044,0,1044,-19,1,77,5,0
3,700,21.000000,0.000000,0,5,170229784,1049,0,1049,-19,1,77,5,0
3,700,21.000000,0.000000,0,5,170229787,1057,0,1057,-20,1,77,5,0
3,700,21.000000,0.000000,0,5,170229790,1062,0,1062,-20,1,77,5,0
3,700,21.000000,0.000000,0,5,170229793,1068,0,1068,-21,1,77,5,0
3,700,21.000000,0.000000,0,5,170229795,1073,0,1073,-22,1,77,5,0
3,700,21.000000,0.000000,0,5,170229798,1079,0,1079,-22,1,77,5,0
3,700,21.000000,0.000000,0,5,170229801,1084,0,1084,-22,1,77,5,0
3,700,21.000000,0.000000,0,5,170229803,1087,0,1087,-23,1,77,5,0
3,700,21.000000,0.000000,0,5,170229806,1090,0,1090,-23,1,77,5,0
3,700,21.000000,0.000000,0,5,170229809,1095,0,1095,-23,1,77,5,0
3,700,21.000000,0.000000,0,5,170229812,1098,0,1098,-23,1,77,5,0
3,700,21.000000,0.000000,0,5,170229815,1100,0,1100,-23,1,77,5,0
3,700,21.000000,0.000000,0,5,170229817,1105,0,1105,-24,1,77,5,0
3,700,21.000000,0.000000,0,5,170229820,1108,0,1108,-25,1,77,5,0
3,700,21.000000,0.000000,0,5,170229823,1110,0,1110,-25,1,77,5,0
3,700,21.000000,0.000000,0,5,170229826,1115,0,1115,-26,1,77,5,0
3,700,21.000000,0.000000,0,5,170229829,1117,0,1117,-26,1,77,5,0
3,700,21.000000,0.000000,0,5,170229831,1118,0,1118,-26,1,77,5,0
3,700,21.000000,0.000000,0,5,170229834,1120,0,1120,-27,1,77,5,0
3,700,21.000000,0.000000,0,5,170229837,1120,0,1120,-27,1,77,5,0
3,700,21.000000,0.000000,0,5,170229839,1123,0,1123,-27,1,77,5,0
3,700,21.000000,0.000000,0,5,170229842,1125,0,1125,-27,1,77,5,0
3,700,21.000000,0.000000,0,5,170229845,1127,0,1127,-27,1,77,5,0
3,700,21.000000,0.000000,0,5,170229848,1129,0,1129,-27,1,77,5,0
3,700,21.000000,0.000000,0,5,170229851,1131,0,1131,-27,1,77,5,0
3,700,21.000000,0.000000,0,5,170229853,1132,0,1132,-27,1,77,5,0
3,700,21.000000,0.000000,0,5,170229856,1133,0,1133,-27,1,77,5,0
3,700,21.000000,0.000000,0,5,170229859,1134,0,1134,-28,1,77,5,0
3,700,21.000000,0.000000,0,5,170229862,1135,0,1135,-28,1,77,5,0
3,700,21.000000,0.000000,0,5,170229865,1136,0,1136,-28,1,77,5,0
3,700,21.000000,0.000000,0,5,170229867,1137,0,1137,-28,1,77,5,0
3,700,21.000000,0.000000,0,5,170229870,1138,0,1138,-28,1,77,5,0
3,700,21.000000,0.000000,0,5,170229873,1139,0,1139,-28,1,77,5,0
3,700,21.000000,0.000000,0,5,170229876,1140,0,1140,-28,1,77,5,0
3,700,21.000000,0.000000,0,5,170229879,1142,0,1142,-28,1,77,5,0
3,700,21.000000,0.000000,0,5,170229881,1143,0,1143,-28,1,77,5,0
3,700,21.000000,0.000000,0,5,170229884,1144,0,1144,-28,1,77,5,0
3,700,21.000000,0.000000,0,5,170229887,1144,0,1144,-28,1,77,5,0
3,700,21.000000,0.000000,0,5,170229890,1144,0,1144,-28,1,77,5,0
3,700,21.000000,0.000000,0,5,170229892,1144,0,1144,-28,1,77,5,0
3,700,21.000000,0.000000,0,5,170229895,1145,0,1145,-28,1,77,5,0
3,700,21.000000,0.000000,0,5,170229898,1146,0,1146,-28,1,77,5,0
3,700,21.000000,0.000000,0,5,170229901,1146,0,1146,-28,1,77,5,0
3,700,21.000000,0.000000,0,5,170229904,1146,0,1146,-28,1,77,5,0
3,700,21.000000,0.000000,0,5,170229906,1146,0,1146,-28,1,77,5,0
3,700,21.000000,0.000000,0,5,170229909,1146,0,1146,-28,1,77,5,0
3,700,21.000000,0.000000,0,5,170229912,1146,0,1146,-28,1,77,5,0
3,700,21.000000,0.000000,0,5,170229915,1146,0,1146,-28,1,77,5,0
3,700,21.000000,0.000000,0,5,170229917,1146,0,1146,-28,1,77,5,0
3,700,21.000000,0.000000,0,5,170229920,1146,0,1146,-28,1,77,5,0
3,700,21.000000,0.000000,0,5,170229923,1146,0,1146,-28,1,77,5,0
3,700,21.000000,0.000000,0,5,170229926,1146,0,1146,-28,1,77,5,0
3,700,21.000000,0.000000,0,5,170229929,1146,0,1146,-28,1,77,5,0
3,700,21.000000,0.000000,0,5,170229931,1146,0,1146,-28,1,77,5,0
3,700,21.000000,0.000000,0,5,170229934,1146,0,1146,-28,1,77,5,0
3,700,21.000000,0.000000,0,5,170229937,1146,0,1146,-28,1,77,5,0
3,700,21.000000,0.000000,0,5,170229940,1146,0,1146,-28,1,77,5,0
3,700,21.000000,0.000000,0,5,170229942,1146,0,1146,-28,1,77,5,0
3,700,21.000000,0.000000,0,5,170229945,1146,0,1146,-28,1,77,5,0
3,700,21.000000,0.000000,0,5,170229948,1146,0,1146,-28,1,77,5,0
3,700,21.000000,0.000000,0,5,170229951,1146,0,1146,-28,1,77,5,0
3,700,21.000000,0.000000,0,5,170229954,1146,0,1146,-28,1,77,5,0
3,700,21.000000,0.000000,0,5,170229957,1146,0,1146,-28,1,77,5,0
3,700,21.000000,0.000000,0,5,170229959,1147,0,1147,-28,1,77,5,0
3,700,21.000000,0.000000,0,5,170229962,1148,0,1148,-28,1,77,5,0
3,700,21.000000,0.000000,0,5,170229965,1149,0,1149,-28,1,77,5,0
3,700,21.000000,0.000000,0,5,170229968,1150,0,1150,-28,1,77,5,0
3,700,21.000000,0.000000,0,5,170229970,1151,0,1151,-28,1,77,5,0
3,700,21.000000,0.000000,0,5,170229973,1152,0,1152,-28,1,77,5,0
3,700,21.000000,0.000000,0,5,170229976,1153,0,1153,-28,1,77,5,0
3,700,21.000000,0.000000,0,5,170229979,1154,0,1154,-28,1,77,5,0
3,700,21.000000,0.000000,0,5,170229982,1155,0,1155,-28,1,77,5,0
3,700,21.000000,0.000000,0,5,170229984,1156,0,1156,-28,1,77,5,0
3,700,21.000000,0.000000,0,5,170229987,1157,0,1157,-28,1,77,5,0
3,700,21.000000,0.000000,0,5,170229989,1159,0,1159,-28,1,77,5,0
3,700,21.000000,0.000000,0,5,170229992,1160,0,1160,-28,1,77,5,0
3,700,21.000000,0.000000,0,5,170229995,1161,0,1161,-28,1,77,5,0
3,700,21.000000,0.000000,0,5,170229998,1163,0,1163,-28,1,77,5,0
3,700,21.000000,0.000000,0,5,170230001,1164,0,1164,-28,1,77,5,0
3,700,21.000000,0.000000,0,5,170230003,1165,0,1165,-28,1,77,5,0
3,700,21.000000,0.000000,0,5,170230006,1166,0,1166,-28,1,77,5,0
3,700,21.000000,0.000000,0,5,170230009,1168,0,1168,-28,1,77,5,0
3,700,21.000000,0.000000,0,5,170230012,1169,0,1169,-28,1,77,5,0
3,700,21.000000,0.000000,0,5,170230015,1170,0,1170,-28,1,77,5,0
3,700,21.000000,0.000000,0,5,170230017,1301,0,1172,-28,1,77,5,0
3,700,21.000000,0.000000,0,5,170230020,1302,0,1173,-28,1,77,5,0
3,700,21.000000,0.000000,0,5,170230023,1303,0,1174,-28,1,77,5,0
3,700,21.000000,0.000000,0,5,170230026,1304,0,1175,-28,1,77,5,0
3,700,21.000000,0.000000,0,5,170230029,1305,0,1176,-28,1,77,5,0
3,700,21.000000,0.000000,0,5,170230031,1306,0,1177,-28,1,77,5,0
3,700,21.000000,0.000000,0,5,170230034,1308,0,1179,-28,1,77,5,0
3,700,21.000000,0.000000,0,5,170230037,1309,0,1180,-28,1,77,5,0
3,700,21.000000,0.000000,0,5,170230040,1311,0,1182,-28,1,77,5,0
3,700,21.000000,0.000000,0,5,170230042,1313,0,1184,-29,1,77,5,0
3,700,21.000000,0.000000,0,5,170230045,1314,0,1185,-29,1,77,5,0
3,700,21.000000,0.000000,0,5,170230048,1316,0,1187,-29,1,77,5,0
3,700,21.000000,0.000000,0,5,170230051,1319,0,1190,-29,1,77,5,0
3,700,21.000000,0.000000,0,5,170230054,1321,0,1192,-29,1,77,5,0
3,700,21.000000,0.000000,0,5,170230056,1323,0,1194,-29,1,77,5,0
3,700,21.000000,0.000000,0,5,170230059,1324,0,1195,-29,1,77,5,0
3,700,21.000000,0.000000,0,5,170230062,1326,0,1197,-29,1,77,5,0
3,700,21.000000,0.000000,0,5,170230065,1327,0,1198,-29,1,77,5,0
3,700,21.000000,0.000000,0,5,170230068,1329,0,1200,-29,1,77,5,0
3,700,21.000000,0.000000,0,5,170230070,1331,0,1202,-29,1,77,5,0
3,700,21.000000,0.000000,0,5,170230073,1333,0,1204,-29,1,77,5,0
3,700,21.000000,0.000000,0,5,170230076,1334,0,1205,-29,1,77,5,0
3,700,21.000000,0.000000,0,5,170230079,1336,0,1207,-29,1,77,5,0
3,700,21.000000,0.000000,0,5,170230082,1338,0,1209,-29,1,77,5,0
3,700,21.000000,0.000000,0,5,170230084,1339,0,1210,-29,1,77,5,0
3,700,21.000000,0.000000,0,5,170230087,1340,0,1211,-29,1,77,5,0
3,700,21.000000,0.000000,0,5,170230089,1343,0,1214,-30,1,77,5,0
3,700,21.000000,0.000000,0,5,170230092,1344,0,1215,-30,1,77,5,0
3,700,21.000000,0.000000,0,5,170230095,1346,0,1217,-30,1,77,5,0
3,700,21.000000,0.000000,0,5,170230098,1347,0,1218,-30,1,77,5,0
3,700,21.000000,0.000000,0,5,170230101,1350,0,1221,-30,1,77,5,0
3,700,21.000000,0.000000,0,5,170230103,1351,0,1222,-30,1,77,5,0
3,700,21.000000,0.000000,0,5,170230106,1354,0,1225,-30,1,77,5,0
3,700,21.000000,0.000000,0,5,170230109,1356,0,1227,-30,1,77,5,0
3,700,21.000000,0.000000,0,5,170230112,1357,0,1228,-30,1,77,5,0
3,700,21.000000,0.000000,0,5,170230115,1359,0,1230,-30,1,77,5,0
3,700,21.000000,0.000000,0,5,170230117,1360,0,1231,-30,1,77,5,0
3,700,21.000000,0.000000,0,5,170230120,1362,0,1233,-30,1,77,5,0
3,700,21.000000,0.000000,0,5,170230123,1363,0,1234,-30,1,77,5,0
3,700,21.000000,0.000000,0,5,170230126,1364,0,1235,-30,1,77,5,0
3,700,21.000000,0.000000,0,5,170230129,1365,0,1236,-30,1,77,5,0
3,700,21.000000,0.000000,0,5,170230132,1367,0,1238,-30,1,77,5,0
3,700,21.000000,0.000000,0,5,170230134,1368,0,1239,-30,1,77,5,0
3,700,21.000000,0.000000,0,5,170230137,1369,0,1240,-30,1,77,5,0
3,700,21.000000,0.000000,0,5,170230140,1370,0,1241,-31,1,77,5,0
3,700,21.000000,0.000000,0,5,170230143,1371,0,1242,-31,1,77,5,0
3,700,21.000000,0.000000,0,5,170230146,1372,0,1243,-31,1,77,5,0
3,700,21.000000,0.000000,0,5,170230148,1374,0,1245,-31,1,77,5,0
3,700,21.000000,0.000000,0,5,170230151,1375,0,1246,-31,1,77,5,0
3,700,21.000000,0.000000,0,5,170230154,1376,0,1247,-31,1,77,5,0
3,700,21.000000,0.000000,0,5,170230156,1378,0,1249,-31,1,77,5,0
3,700,21.000000,0.000000,0,5,170230159,1380,0,1251,-31,1,77,5,0
3,700,21.000000,0.000000,0,5,170230162,1381,0,1252,-31,1,77,5,0
3,700,21.000000,0.000000,0,5,170230165,1382,0,1253,-31,1,77,5,0
3,700,21.000000,0.000000,0,5,170230168,1383,0,1254,-31,1,77,5,0
3,700,21.000000,0.000000,0,5,170230170,1384,0,1255,-31,1,77,5,0
3,700,21.000000,0.000000,0,5,170230173,1385,0,1256,-31,1,77,5,0
3,700,21.000000,0.000000,0,5,170230176,1385,0,1256,-31,1,77,5,0
3,700,21.000000,0.000000,0,5,170230179,1386,0,1257,-31,1,77,5,0
3,700,21.000000,0.000000,0,5,170230182,1387,0,1258,-31,1,77,5,0
3,700,21.000000,0.000000,0,5,170230184,1387,0,1258,-31,1,77,5,0
3,700,21.000000,0.000000,0,5,170230187,1387,0,1258,-31,1,77,5,0
3,700,21.000000,0.000000,0,5,170230190,1387,0,1258,-31,1,77,5,0
3,700,21.000000,0.000000,0,5,170230193,1387,0,1258,-31,1,77,5,0
3,700,21.000000,0.000000,0,5,170230196,1387,0,1258,-31,1,77,5,0
3,700,21.000000,0.000000,0,5,170230198,1387,0,1258,-31,1,77,5,0
3,700,21.000000,0.000000,0,5,170230201,1387,0,1258,-31,1,77,5,0
3,700,21.000000,0.000000,0,5,170230204,1387,0,1258,-31,1,77,5,0
3,700,21.000000,0.000000,0,5,170230206,1387,0,1258,-31,1,77,5,0
3,700,21.000000,0.000000,0,5,170230209,1387,0,1258,-31,1,77,5,0
3,700,21.000000,0.000000,0,5,170230212,1387,0,1258,-31,1,77,5,0
3,700,21.000000,0.000000,0,5,170230215,1387,0,1258,-31,1,77,5,0
3,700,21.000000,0.000000,0,5,170230217,1387,0,1258,-31,1,77,5,0
3,700,21.000000,0.000000,0,5,170230220,1387,0,1258,-31,1,77,5,0
3,700,21.000000,0.000000,0,5,170230223,1387,0,1258,-31,1,77,5,0
3,700,21.000000,0.000000,0,5,170230226,1387,0,1258,-31,1,77,5,0
3,700,21.000000,0.000000,0,5,170230229,1387,0,1258,-31,1,77,5,0
3,700,21.000000,0.000000,0,5,170230231,1387,0,1258,-31,1,77,5,0
3,700,21.000000,0.000000,0,5,170230234,1387,0,1258,-31,1,77,5,0
3,700,21.000000,0.000000,0,5,170230237,1387,0,1258,-31,1,77,5,0
3,700,21.000000,0.000000,0,5,170230240,1387,0,1258,-31,1,77,5,0
3,700,21.000000,0.000000,0,5,170230243,1387,0,1258,-31,1,77,5,0
3,700,21.000000,0.000000,0,5,170230245,1386,0,1257,-31,1,77,5,0
3,700,21.000000,0.000000,0,5,170230248,1385,0,1256,-31,1,77,5,0
3,700,21.000000,0.000000,0,5,170230251,1384,0,1255,-31,1,77,5,0
3,700,21.000000,0.000000,0,5,170230254,1382,0,1253,-31,1,77,5,0
3,700,21.000000,0.000000,0,5,170230257,1382,0,1253,-31,1,77,5,0
3,700,21.000000,0.000000,0,5,170230260,1381,0,1252,-31,1,77,5,0
3,700,21.000000,0.000000,0,5,170230262,1380,0,1251,-31,1,77,5,0
3,700,21.000000,0.000000,0,5,170230265,1379,0,1250,-31,1,77,5,0
3,700,21.000000,0.000000,0,5,170230268,1378,0,1249,-31,1,77,5,0
3,700,21.000000,0.000000,0,5,170230271,1377,0,1248,-31,1,77,5,0
3,700,21.000000,0.000000,0,5,170230273,1376,0,1247,-31,1,77,5,0
3,700,21.000000,0.000000,0,5,170230276,1375,0,1246,-31,1,77,5,0
3,700,21.000000,0.000000,0,5,170230279,1373,0,1244,-31,1,77,5,0
3,700,21.000000,0.000000,0,5,170230282,1372,0,1243,-31,1,77,5,0
3,700,21.000000,0.000000,0,5,170230284,1370,0,1241,-31,1,77,5,0
3,700,21.000000,0.000000,0,5,170230287,1368,0,1239,-31,1,77,5,0
3,700,21.000000,0.000000,0,5,170230290,1367,0,1238,-31,1,77,5,0
3,700,21.000000,0.000000,0,5,170230293,1366,0,1237,-31,1,77,5,0
3,700,21.000000,0.000000,0,5,170230295,1364,0,1235,-31,1,77,5,0
3,700,21.000000,0.000000,0,5,170230298,1362,0,1233,-31,1,77,5,0
3,700,21.000000,0.000000,0,5,170230301,1361,0,1232,-31,1,77,5,0
3,700,21.000000,0.000000,0,5,170230304,1360,0,1231,-31,1,77,5,0
3,700,21.000000,0.000000,0,5,170230307,1359,0,1230,-31,1,77,5,0
3,700,21.000000,0.000000,0,5,170230309,1358,0,1229,-31,1,77,5,0
3,700,21.000000,0.000000,0,5,170230312,1357,0,1228,-31,1,77,5,0
3,700,21.000000,0.000000,0,5,170230315,1355,0,1226,-31,1,77,5,0
3,700,21.000000,0.000000,0,5,170230318,1353,0,1224,-31,1,77,5,0
3,700,21.000000,0.000000,0,5,170230321,1352,0,1223,-31,1,77,5,0
3,700,21.000000,0.000000,0,5,170230323,1351,0,1222,-31,1,77,5,0
3,700,21.000000,0.000000,0,5,170230326,1350,0,1221,-31,1,77,5,0
3,700,21.000000,0.000000,0,5,170230329,1349,0,1220,-31,1,77,5,0
3,700,21.000000,0.000000,0,5,170230331,1348,0,1219,-31,1,77,5,0
3,700,21.000000,0.000000,0,5,170230334,1347,0,1218,-31,1,77,5,0
3,700,21.000000,0.000000,0,5,170230337,1346,0,1217,-31,1,77,5,0
3,700,21.000000,0.000000,0,5,170230340,1345,0,1216,-31,1,77,5,0
3,700,21.000000,0.000000,0,5,170230342,1345,0,1216,-31,1,77,5,0
3,700,21.000000,0.000000,0,5,170230345,1344,0,1215,-31,1,77,5,0
3,700,21.000000,0.000000,0,5,170230348,1343,0,1214,-31,1,77,5,0
3,700,21.000000,0.000000,0,5,170230351,1342,0,1213,-31,1,77,5,0
3,700,21.000000,0.000000,0,5,170230354,1342,0,1213,-31,1,77,5,0
3,700,21.000000,0.000000,0,5,170230356,1341,0,1212,-31,1,77,5,0
3,700,21.000000,0.000000,0,5,170230360,1340,0,1211,-31,1,77,5,0
3,700,21.000000,0.000000,0,5,170230362,1340,0,1211,-32,1,77,5,0
3,700,21.000000,0.000000,0,5,170230365,1339,0,1210,-32,1,77,5,0
3,700,21.000000,0.000000,0,5,170230368,1338,0,1209,-32,1,77,5,0
3,700,21.000000,0.000000,0,5,170230370,1338,0,1209,-32,1,77,5,0
3,700,21.000000,0.000000,0,5,170230373,1337,0,1208,-32,1,77,5,0
3,700,21.000000,0.000000,0,5,170230376,1336,0,1207,-32,1,77,5,0
3,700,21.000000,0.000000,0,5,170230379,1336,0,1207,-33,1,77,5,0
3,700,21.000000,0.000000,0,5,170230382,1336,0,1207,-34,1,77,5,0
3,700,21.000000,0.000000,0,5,170230384,1336,0,1207,-35,1,77,5,0
3,700,21.000000,0.000000,0,5,170230387,1336,0,1207,-36,1,77,5,0
3,700,21.000000,0.000000,0,5,170230390,1335,0,1206,-36,1,77,5,0
3,700,21.000000,0.000000,0,5,170230393,1334,0,1205,-36,1,77,5,0
3,700,21.000000,0.000000,0,5,170230395,1334,0,1205,-36,1,77,5,0
3,700,21.000000,0.000000,0,5,170230398,1333,0,1204,-37,1,77,5,0
3,700,21.000000,0.000000,0,5,170230401,1332,0,1203,-38,1,77,5,0
3,700,21.000000,0.000000,0,5,170230404,1332,0,1203,-38,1,77,5,0
3,700,21.000000,0.000000,0,5,170230407,1331,0,1202,-38,1,77,5,0
3,700,21.000000,0.000000,0,5,170230409,1330,0,1201,-38,1,77,5,0
3,700,21.000000,0.000000,0,5,170230412,1330,0,1201,-38,1,77,5,0
3,700,21.000000,0.000000,0,5,170230415,1330,0,1201,-39,1,77,5,0
3,700,21.000000,0.000000,0,5,170230418,1330,0,1201,-40,1,77,5,0
3,700,21.000000,0.000000,0,5,170230420,1329,0,1200,-40,1,77,5,0
3,700,21.000000,0.000000,0,5,170230423,1328,0,1199,-40,1,77,5,0
3,700,21.000000,0.000000,0,5,170230426,1328,0,1199,-40,1,77,5,0
3,700,21.000000,0.000000,0,5,170230429,1328,0,1199,-40,1,77,5,0
3,700,21.000000,0.000000,0,5,170230432,1328,0,1199,-40,1,77,5,0
3,700,21.000000,0.000000,0,5,170230435,1328,0,1199,-40,1,77,5,0
3,700,21.000000,0.000000,0,5,170230437,1328,0,1199,-40,1,77,5,0
3,700,21.000000,0.000000,0,5,170230440,1328,0,1199,-40,1,77,5,0
3,700,21.000000,0.000000,0,5,170230443,1328,0,1199,-40,1,77,5,0
3,700,21.000000,0.000000,0,5,170230445,1327,0,1198,-40,1,77,5,0
3,700,21.000000,0.000000,0,5,170230448,1327,0,1198,-40,1,77,5,0
3,700,21.000000,0.000000,0,5,170230451,1327,0,1198,-40,1,77,5,0
3,700,21.000000,0.000000,0,5,170230454,1327,0,1198,-41,1,77,5,0
3,700,21.000000,0.000000,0,5,170230457,1327,0,1198,-42,1,77,5,0
3,700,21.000000,0.000000,0,5,170230459,1327,0,1198,-42,1,77,5,0
3,700,21.000000,0.000000,0,5,170230462,1327,0,1198,-42,1,77,5,0
3,700,21.000000,0.000000,0,5,170230465,1326,0,1197,-42,1,77,5,0
3,700,21.000000,0.000000,0,5,170230468,1326,0,1197,-42,1,77,5,0
3,700,21.000000,0.000000,0,5,170230471,1325,0,1196,-43,1,77,5,0
3,700,21.000000,0.000000,0,5,170230473,1324,0,1195,-44,1,77,5,0
3,700,21.000000,0.000000,0,5,170230476,1324,0,1195,-44,1,77,5,0
3,700,21.000000,0.000000,0,5,170230479,1324,0,1195,-44,1,77,5,0
3,700,21.000000,0.000000,0,5,170230482,1324,0,1195,-44,1,77,5,0
3,700,21.000000,0.000000,0,5,170230485,1323,0,1194,-44,1,77,5,0
3,700,21.000000,0.000000,0,5,170230487,1322,0,1193,-44,1,77,5,0
3,700,21.000000,0.000000,0,5,170230490,1322,0,1193,-44,1,77,5,0
3,700,21.000000,0.000000,0,5,170230493,1322,0,1193,-44,1,77,5,0
3,700,21.000000,0.000000,0,5,170230496,1321,0,1192,-44,1,77,5,0
3,700,21.000000,0.000000,0,5,170230498,1321,0,1192,-44,1,77,5,0
3,700,21.000000,0.000000,0,5,170230501,1321,0,1192,-44,1,77,5,0
3,700,21.000000,0.000000,0,5,170230504,1320,0,1191,-44,1,77,5,0
3,700,21.000000,0.000000,0,5,170230507,1319,0,1190,-44,1,77,5,0
3,700,21.000000,0.000000,0,5,170230510,1319,0,1190,-44,1,77,5,0
3,700,21.000000,0.000000,0,5,170230512,1319,0,1190,-45,1,77,5,0
3,700,21.000000,0.000000,0,5,170230515,1318,0,1189,-45,1,77,5,0
3,700,21.000000,0.000000,0,5,170230518,1318,0,1189,-45,1,77,5,0
3,700,21.000000,0.000000,0,5,170230520,1318,0,1189,-45,1,77,5,0
3,700,21.000000,0.000000,0,5,170230523,1317,0,1188,-45,1,77,5,0
3,700,21.000000,0.000000,0,5,170230526,1317,0,1188,-45,1,77,5,0
3,700,21.000000,0.000000,0,5,170230529,1316,0,1187,-45,1,77,5,0
3,700,21.000000,0.000000,0,5,170230532,1315,0,1186,-45,1,77,5,0
3,700,21.000000,0.000000,0,5,170230534,1314,0,1185,-45,1,77,5,0
3,700,21.000000,0.000000,0,5,170230537,1313,0,1184,-45,1,77,5,0
3,700,21.000000,0.000000,0,5,170230540,1313,0,1184,-45,1,77,5,0
3,700,21.000000,0.000000,0,5,170230543,1312,0,1183,-45,1,77,5,0
3,700,21.000000,0.000000,0,5,170230546,1311,0,1182,-45,1,77,5,0
3,700,21.000000,0.000000,0,5,170230549,1311,0,1182,-45,1,77,5,0
3,700,21.000000,0.000000,0,5,170230551,1311,0,1182,-46,1,77,5,0
3,700,21.000000,0.000000,0,5,170230554,1311,0,1182,-47,1,77,5,0
3,700,21.000000,0.000000,0,5,170230557,1311,0,1182,-47,1,77,5,0
3,700,21.000000,0.000000,0,5,170230560,1311,0,1182,-47,1,77,5,0
3,700,21.000000,0.000000,0,5,170230562,1311,0,1182,-47,1,77,5,0
3,700,21.000000,0.000000,0,5,170230565,1310,0,1181,-47,1,77,5,0
3,700,21.000000,0.000000,0,5,170230568,1310,0,1181,-47,1,77,5,0
3,700,21.000000,0.000000,0,5,170230571,1310,0,1181,-47,1,77,5,0
3,700,21.000000,0.000000,0,5,170230574,1310,0,1181,-47,1,77,5,0
3,700,21.000000,0.000000,0,5,170230576,1310,0,1181,-47,1,77,5,0
3,700,21.000000,0.000000,0,5,170230579,1310,0,1181,-47,1,77,5,0
3,700,21.000000,0.000000,0,5,170230582,1310,0,1181,-47,1,77,5,0
3,700,21.000000,0.000000,0,5,170230585,1310,0,1181,-47,1,77,5,0
3,700,21.000000,0.000000,0,5,170230588,1310,0,1181,-47,1,77,5,0
3,700,21.000000,0.000000,0,5,170230590,1310,0,1181,-47,1,77,5,0
3,700,21.000000,0.000000,0,5,170230593,1310,0,1181,-47,1,77,5,0
3,700,21.000000,0.000000,0,5,170230596,1310,0,1181,-47,1,77,5,0
3,700,21.000000,0.000000,0,5,170230599,1310,0,1181,-47,1,77,5,0
3,700,21.000000,0.000000,0,5,170230601,1310,0,1181,-47,1,77,5,0
3,700,21.000000,0.000000,0,5,170230604,1310,0,1181,-47,1,77,5,0
3,700,21.000000,0.000000,0,5,170230607,1310,0,1181,-47,1,77,5,0
3,700,21.000000,0.000000,0,5,170230610,1310,0,1181,-47,1,77,5,0
3,700,21.000000,0.000000,0,5,170230613,1310,0,1181,-47,1,77,5,0
3,700,21.000000,0.000000,0,5,170230615,1310,0,1181,-47,1,77,5,0
3,700,21.000000,0.000000,0,5,170230618,1310,0,1181,-47,1,77,5,0
3,700,21.000000,0.000000,0,5,170230621,1309,0,1180,-47,1,77,5,0
3,700,21.000000,0.000000,0,5,170230623,1308,0,1179,-47,1,77,5,0
3,700,21.000000,0.000000,0,5,170230626,1308,0,1179,-47,1,77,5,0
3,700,21.000000,0.000000,0,5,170230629,1308,0,1179,-47,1,77,5,0
3,700,21.000000,0.000000,0,5,170230632,1308,0,1179,-47,1,77,5,0
3,700,21.000000,0.000000,0,5,170230634,1308,0,1179,-48,1,77,5,0
3,700,21.000000,0.000000,0,5,170230637,1308,0,1179,-49,1,77,5,0
3,700,21.000000,0.000000,0,5,170230640,1308,0,1179,-49,1,77,5,0
3,700,21.000000,0.000000,0,5,170230643,1308,0,1179,-49,1,77,5,0
3,700,21.000000,0.000000,0,5,170230646,1308,0,1179,-49,1,77,5,0
3,700,21.000000,0.000000,0,5,170230649,1308,0,1179,-49,1,77,5,0
3,700,21.000000,0.000000,0,5,170230651,1308,0,1179,-49,1,77,5,0
3,700,21.000000,0.000000,0,5,170230654,1308,0,1179,-49,1,77,5,0
3,700,21.000000,0.000000,0,5,170230657,1308,0,1179,-49,1,77,5,0
3,700,21.000000,0.000000,0,5,170230659,1308,0,1179,-49,1,77,5,0
3,700,21.000000,0.000000,0,5,170230662,1308,0,1179,-49,1,77,5,0
3,700,21.000000,0.000000,0,5,170230665,1308,0,1179,-49,1,77,5,0
3,700,21.000000,0.000000,0,5,170230668,1308,0,1179,-49,1,77,5,0
3,700,21.000000,0.000000,0,5,170230671,1308,0,1179,-49,1,77,5,0
3,700,21.000000,0.000000,0,5,170230674,1308,0,1179,-49,1,77,5,0
3,700,21.000000,0.000000,0,5,170230676,1308,0,1179,-49,1,77,5,0
3,700,21.000000,0.000000,0,5,170230679,1308,0,1179,-49,1,77,5,0
3,700,21.000000,0.000000,0,5,170230682,1308,0,1179,-49,1,77,5,0
3,700,21.000000,0.000000,0,5,170230685,1308,0,1179,-49,1,77,5,0
3,700,21.000000,0.000000,0,5,170230687,1308,0,1179,-49,1,77,5,0
3,700,21.000000,0.000000,0,5,170230690,1308,0,1179,-49,1,77,5,0
3,700,21.000000,0.000000,0,5,170230693,1308,0,1179,-49,1,77,5,0
3,700,21.000000,0.000000,0,5,170230696,1308,0,1179,-49,1,77,5,0
3,700,21.000000,0.000000,0,5,170230698,1308,0,1179,-49,1,77,5,0
3,700,21.000000,0.000000,0,5,170230701,1308,0,1179,-49,1,77,5,0
3,700,21.000000,0.000000,0,5,170230704,1308,0,1179,-49,1,77,5,0
3,700,21.000000,0.000000,0,5,170230718,1308,0,1179,-49,0,77,5,0
