3,700,21.000000,10000.000000,0,5,170260824,608,0,608,0,0,79,5,0
3,700,21.000000,10000.000000,0,5,170260825,608,0,608,0,0,79,5,0
3,700,21.000000,10000.000000,0,5,170260827,608,0,608,0,0,79,5,0
3,700,21.000000,10000.000000,0,5,170260830,608,0,608,0,0,79,5,0
3,700,21.000000,10000.000000,0,5,170260833,608,0,608,0,0,79,5,0
3,700,21.000000,10000.000000,0,5,170260836,608,0,608,0,0,79,5,0
3,700,21.000000,10000.000000,0,5,170260839,608,0,608,0,0,79,5,0
3,700,21.000000,10000.000000,0,5,170260841,608,0,608,0,0,79,5,0
3,700,21.000000,10000.000000,0,5,170260844,608,0,608,0,0,79,5,0
3,700,21.000000,10000.000000,0,5,170260847,608,0,608,0,0,79,5,0
3,700,21.000000,10000.000000,0,5,170260849,608,0,608,0,0,79,5,0
3,700,21.000000,10000.000000,0,5,170260852,608,0,608,0,0,79,5,0
3,700,21.000000,10000.000000,0,5,170260855,608,0,608,0,0,79,5,0
3,700,21.000000,10000.000000,0,5,170260858,608,0,608,0,0,79,5,0
3,700,21.000000,10000.000000,0,5,170260861,608,0,608,0,0,79,5,0
3,700,21.000000,10000.000000,0,5,170260864,608,0,608,0,0,79,5,0
3,700,21.000000,10000.000000,0,5,170260866,608,0,608,0,0,79,5,0
3,700,21.000000,10000.000000,0,5,170260869,608,0,608,0,0,79,5,0
3,700,21.000000,10000.000000,0,5,170260872,608,0,608,0,0,79,5,0
3,700,21.000000,10000.000000,0,5,170260875,608,0,608,0,0,79,5,0
3,700,21.000000,10000.000000,0,5,170260877,608,0,608,0,0,79,5,0
3,700,21.000000,10000.000000,0,5,170260880,608,0,608,0,0,79,5,0
3,700,21.000000,10000.000000,0,5,170260883,608,0,608,0,0,79,5,0
3,700,21.000000,10000.000000,0,5,170260885,608,0,608,0,0,79,5,0
3,700,21.000000,10000.000000,0,5,170260888,608,0,608,0,0,79,5,0
3,700,21.000000,10000.000000,0,5,170260891,608,0,608,0,0,79,5,0
3,700,21.000000,10000.000000,0,5,170260894,608,0,608,0,0,79,5,0
3,700,21.000000,10000.000000,0,5,170260897,608,0,608,0,0,79,5,0
3,700,21.000000,10000.000000,0,5,170260899,608,0,608,0,0,79,5,0
3,700,21.000000,10000.000000,0,5,170260902,608,0,608,0,0,79,5,0
3,700,21.000000,10000.000000,0,5,170260905,608,0,608,0,0,79,5,0
3,700,21.000000,10000.000000,0,5,170260908,608,0,608,0,0,79,5,0
3,700,21.000000,10000.000000,0,5,170260911,608,0,608,0,0,79,5,0
3,700,21.000000,10000.000000,0,5,170260914,608,0,608,0,0,79,5,0
3,700,21.000000,10000.000000,0,5,170260916,608,0,608,0,0,79,5,0
3,700,21.000000,10000.000000,0,5,170260919,608,0,608,0,0,79,5,0
3,700,21.000000,10000.000000,0,5,170260922,608,0,608,0,0,79,5,0
3,700,21.000000,10000.000000,0,5,170260925,608,0,608,0,0,79,5,0
3,700,21.000000,10000.000000,0,5,170260927,608,0,608,0,0,79,5,0
3,700,21.000000,10000.000000,0,5,170260930,608,0,608,0,0,79,5,0
3,700,21.000000,10000.000000,0,5,170260933,608,0,608,0,0,79,5,0
3,700,21.000000,10000.000000,0,5,170260936,608,0,608,0,0,79,5,0
3,700,21.000000,10000.000000,0,5,170260938,608,0,608,0,0,79,5,0
3,700,21.000000,10000.000000,0,5,170260941,608,0,608,0,0,79,5,0
3,700,21.000000,10000.000000,0,5,170260944,608,0,608,0,0,79,5,0
3,700,21.000000,10000.000000,0,5,170260947,608,0,608,0,0,79,5,0
3,700,21.000000,10000.000000,0,5,170260950,608,0,608,0,0,79,5,0
3,700,21.000000,10000.000000,0,5,170260952,608,0,608,0,0,79,5,0
3,700,21.000000,10000.000000,0,5,170260955,608,0,608,0,0,79,5,0
3,700,21.000000,10000.000000,0,5,170260958,608,0,608,0,0,79,5,0
3,700,21.000000,10000.000000,0,5,170260961,608,0,608,0,0,79,5,0
3,700,21.000000,10000.000000,0,5,170260963,609,0,609,0,0,79,5,0
3,700,21.000000,10000.000000,0,5,170260966,609,0,609,-1,0,79,5,0
3,700,21.000000,10000.000000,0,5,170260969,610,0,610,-1,0,79,5,0
3,700,21.000000,10000.000000,0,5,170260972,611,0,611,-1,0,79,5,0
3,700,21.000000,10000.000000,0,5,170260975,612,0,612,-1,0,79,5,0
3,700,21.000000,10000.000000,0,5,170260978,612,0,612,-2,0,79,5,0
3,700,21.000000,10000.000000,0,5,170260980,613,0,613,-2,0,79,5,0
3,700,21.000000,10000.000000,0,5,170260983,614,0,614,-2,0,79,5,0
3,700,21.000000,10000.000000,0,5,170260985,615,0,615,-2,0,79,5,0
3,700,21.000000,10000.000000,0,5,170260988,616,0,616,-2,0,79,5,0
3,700,21.000000,10000.000000,0,5,170260991,618,0,618,-2,0,79,5,0
3,700,21.000000,10000.000000,0,5,170260994,620,0,620,-2,0,79,5,0
3,700,21.000000,10000.000000,0,5,170260997,622,0,622,-2,0,79,5,0
3,700,21.000000,10000.000000,0,5,170260999,624,0,624,-3,0,79,5,0
3,700,21.000000,10000.000000,0,5,170261002,626,0,626,-3,0,79,5,0
3,700,21.000000,10000.000000,0,5,170261005,628,0,628,-4,0,79,5,0
3,700,21.000000,10000.000000,0,5,170261008,629,0,629,-4,0,79,5,0
3,700,21.000000,10000.000000,0,5,170261011,632,0,632,-4,0,79,5,0
3,700,21.000000,10000.000000,0,5,170261013,635,0,635,-5,0,79,5,0
3,700,21.000000,10000.000000,0,5,170261016,639,0,639,-6,0,79,5,0
3,700,21.000000,10000.000000,0,5,170261019,642,0,642,-6,0,79,5,0
3,700,21.000000,10000.000000,0,5,170261022,646,0,646,-7,0,79,5,0
3,700,21.000000,10000.000000,0,5,170261025,650,0,650,-8,0,79,5,0
3,700,21.000000,10000.000000,0,5,170261027,655,0,655,-9,0,79,5,0
3,700,21.000000,10000.000000,0,5,170261030,660,0,660,-10,0,79,5,0
3,700,21.000000,10000.000000,0,5,170261033,665,0,665,-11,0,79,5,0
3,700,21.000000,10000.000000,0,5,170261036,670,0,670,-12,0,79,5,0
3,700,21.000000,10000.000000,0,5,170261039,676,0,676,-12,0,79,5,0
3,700,21.000000,10000.000000,0,5,170261041,679,0,679,-12,0,79,5,0
3,700,21.000000,10000.000000,0,5,170261044,684,0,684,-13,0,79,5,0
3,700,21.000000,10000.000000,0,5,170261047,690,0,690,-13,0,79,5,0
3,700,21.000000,10000.000000,0,5,170261050,699,0,699,-13,0,79,5,0
3,700,21.000000,10000.000000,0,5,170261052,705,0,705,-14,0,79,5,0
3,700,21.000000,10000.000000,0,5,170261055,711,0,711,-15,0,79,5,0
3,700,21.000000,10000.000000,0,5,170261058,716,0,716,-15,0,79,5,0
3,700,21.000000,10000.000000,0,5,170261061,727,0,727,-16,0,79,5,0
3,700,21.000000,10000.000000,0,5,170261064,735,0,735,-17,0,79,5,0
3,700,21.000000,10000.000000,0,5,170261066,742,0,742,-17,0,79,5,0
3,700,21.000000,10000.000000,0,5,170261069,747,0,747,-17,0,79,5,0
3,700,21.000000,10000.000000,0,5,170261072,759,0,759,-18,0,79,5,0
3,700,21.000000,10000.000000,0,5,170261075,768,0,768,-19,0,79,5,0
3,700,21.000000,10000.000000,0,5,170261078,776,0,776,-20,0,79,5,0
3,700,21.000000,10000.000000,0,5,170261080,786,0,786,-21,0,79,5,0
3,700,21.000000,10000.000000,0,5,170261083,791,0,791,-21,0,79,5,0
3,700,21.000000,10000.000000,0,5,170261086,801,0,801,-21,0,79,5,0
3,700,21.000000,10000.000000,0,5,170261089,809,0,809,-22,0,79,5,0
3,700,21.000000,10000.000000,0,5,170261091,817,0,817,-22,0,79,5,0
3,700,21.000000,10000.000000,0,5,170261094,824,0,824,-22,0,79,5,0
3,700,21.000000,10000.000000,0,5,170261097,832,0,832,-22,0,79,5,0
3,700,21.000000,10000.000000,0,5,170261099,842,0,842,-23,0,79,5,0
3,700,21.000000,10000.000000,0,5,170261102,849,0,849,-23,0,79,5,0
3,700,21.000000,10000.000000,0,5,170261105,855,0,855,-24,0,79,5,0
3,700,21.000000,10000.000000,0,5,170261108,865,0,865,-25,0,79,5,0
3,700,21.000000,10000.000000,0,5,170261111,876,0,876,-25,0,79,5,0
3,700,21.000000,10000.000000,0,5,170261113,883,0,883,-26,0,79,5,0
3,700,21.000000,10000.000000,0,5,170261116,888,0,888,-26,0,79,5,0
3,700,21.000000,10000.000000,0,5,170261119,894,0,894,-26,0,79,5,0
3,700,21.000000,10000.000000,0,5,170261122,904,0,904,-27,0,79,5,0
3,700,21.000000,10000.000000,0,5,170261125,915,0,915,-27,0,79,5,0
3,700,21.000000,10000.000000,0,5,170261127,923,0,923,-28,0,79,5,0
3,700,21.000000,10000.000000,0,5,170261130,933,0,933,-28,0,79,5,0
3,700,21.000000,10000.000000,0,5,170261133,944,0,944,-29,0,79,5,0
3,700,21.000000,10000.000000,0,5,170261136,951,0,951,-30,0,79,5,0
3,700,21.000000,10000.000000,0,5,170261139,959,0,959,-30,0,79,5,0
3,700,21.000000,10000.000000,0,5,170261141,969,0,969,-31,0,79,5,0
3,700,21.000000,10000.000000,0,5,170261144,976,0,976,-32,0,79,5,0
3,700,21.000000,10000.000000,0,5,170261147,987,0,987,-33,0,79,5,0
3,700,21.000000,10000.000000,0,5,170261150,995,0,995,-33,0,79,5,0
3,700,21.000000,10000.000000,0,5,170261153,1001,0,1001,-33,0,79,5,0
3,700,21.000000,10000.000000,0,5,170261155,1007,0,1007,-33,0,79,5,0
3,700,21.000000,10000.000000,0,5,170261158,1018,0,1018,-34,0,79,5,0
3,700,21.000000,10000.000000,0,5,170261161,1022,0,1022,-34,0,79,5,0
3,700,21.000000,10000.000000,0,5,170261164,1029,0,1029,-34,0,79,5,0
3,700,21.000000,10000.000000,0,5,170261167,1035,0,1035,-34,0,79,5,0
3,700,21.000000,10000.000000,0,5,170261169,1047,0,1047,-35,0,79,5,0
3,700,21.000000,10000.000000,0,5,170261172,1055,0,1055,-35,0,79,5,0
3,700,21.000000,10000.000000,0,5,170261175,1061,0,1061,-35,0,79,5,0
3,700,21.000000,10000.000000,0,5,170261178,1068,0,1068,-36,0,79,5,0
3,700,21.000000,10000.000000,0,5,170261180,1076,0,1076,-37,0,79,5,0
3,700,21.000000,10000.000000,0,5,170261183,1081,0,1081,-37,0,79,5,0
3,700,21.000000,10000.000000,0,5,170261186,1099,0,1099,-38,0,79,5,0
3,700,21.000000,10000.000000,0,5,170261189,1104,0,1104,-38,0,79,5,0
3,700,21.000000,10000.000000,0,5,170261191,1109,0,1109,-38,0,79,5,0
3,700,21.000000,10000.000000,0,5,170261194,1114,0,1114,-38,0,79,5,0
3,700,21.000000,10000.000000,0,5,170261197,1122,0,1122,-39,0,79,5,0
3,700,21.000000,10000.000000,0,5,170261200,1127,0,1127,-40,0,79,5,0
3,700,21.000000,10000.000000,0,5,170261202,1132,0,1132,-41,0,79,5,0
3,700,21.000000,10000.000000,0,5,170261205,1136,0,1136,-42,0,79,5,0
3,700,21.000000,10000.000000,0,5,170261208,1140,0,1140,-42,0,79,5,0
3,700,21.000000,10000.000000,0,5,170261211,1144,0,1144,-43,0,79,5,0
3,700,21.000000,10000.000000,0,5,170261214,1147,0,1147,-44,0,79,5,0
3,700,21.000000,10000.000000,0,5,170261216,1150,0,1150,-44,0,79,5,0
3,700,21.000000,10000.000000,0,5,170261219,1153,0,1153,-45,0,79,5,0
3,700,21.000000,10000.000000,0,5,170261222,1156,0,1156,-45,0,79,5,0
3,700,21.000000,10000.000000,0,5,170261225,1158,0,1158,-45,0,79,5,0
3,700,21.000000,10000.000000,0,5,170261228,1161,0,1161,-46,0,79,5,0
3,700,21.000000,10000.000000,0,5,170261230,1163,0,1163,-46,0,79,5,0
3,700,21.000000,10000.000000,0,5,170261233,1166,0,1166,-46,0,79,5,0
3,700,21.000000,10000.000000,0,5,170261236,1167,0,1167,-46,0,79,5,0
3,700,21.000000,10000.000000,0,5,170261239,1169,0,1169,-46,0,79,5,0
3,700,21.000000,10000.000000,0,5,170261242,1170,0,1170,-47,0,79,5,0
3,700,21.000000,10000.000000,0,5,170261244,1171,0,1171,-47,0,79,5,0
3,700,21.000000,10000.000000,0,5,170261247,1172,0,1172,-47,0,79,5,0
3,700,21.000000,10000.000000,0,5,170261249,1173,0,1173,-48,0,79,5,0
3,700,21.000000,10000.000000,0,5,170261253,1174,0,1174,-49,0,79,5,0
3,700,21.000000,10000.000000,0,5,170261255,1175,0,1175,-49,0,79,5,0
3,700,21.000000,10000.000000,0,5,170261258,1176,0,1176,-49,0,79,5,0
3,700,21.000000,10000.000000,0,5,170261261,1177,0,1177,-49,0,79,5,0
3,700,21.000000,10000.000000,0,5,170261264,1178,0,1178,-49,0,79,5,0
3,700,21.000000,10000.000000,0,5,170261266,1179,0,1179,-49,0,79,5,0
3,700,21.000000,10000.000000,0,5,170261269,1180,0,1180,-50,0,79,5,0
3,700,21.000000,10000.000000,0,5,170261272,1181,0,1181,-51,0,79,5,0
3,700,21.000000,10000.000000,0,5,170261275,1182,0,1182,-51,0,79,5,0
3,700,21.000000,10000.000000,0,5,170261278,1183,0,1183,-51,0,79,5,0
3,700,21.000000,10000.000000,0,5,170261281,1183,0,1183,-51,0,79,5,0
3,700,21.000000,10000.000000,0,5,170261283,1183,0,1183,-51,0,79,5,0
3,700,21.000000,10000.000000,0,5,170261286,1183,0,1183,-51,0,79,5,0
3,700,21.000000,10000.000000,0,5,170261289,1183,0,1183,-51,0,79,5,0
3,700,21.000000,10000.000000,0,5,170261291,1183,0,1183,-51,0,79,5,0
3,700,21.000000,10000.000000,0,5,170261294,1183,0,1183,-51,0,79,5,0
3,700,21.000000,10000.000000,0,5,170261297,1183,0,1183,-51,0,79,5,0
3,700,21.000000,10000.000000,0,5,170261300,1183,0,1183,-51,0,79,5,0
3,700,21.000000,10000.000000,0,5,170261303,1183,0,1183,-51,0,79,5,0
3,700,21.000000,10000.000000,0,5,170261306,1183,0,1183,-51,0,79,5,0
3,700,21.000000,10000.000000,0,5,170261308,1184,0,1184,-51,0,79,5,0
3,700,21.000000,10000.000000,0,5,170261311,1184,0,1184,-51,0,79,5,0
3,700,21.000000,10000.000000,0,5,170261314,1184,0,1184,-51,0,79,5,0
3,700,21.000000,10000.000000,0,5,170261317,1185,0,1185,-51,0,79,5,0
3,700,21.000000,10000.000000,0,5,170261319,1185,0,1185,-52,0,79,5,0
3,700,21.000000,10000.000000,0,5,170261322,1186,0,1186,-53,0,79,5,0
3,700,21.000000,10000.000000,0,5,170261325,1187,0,1187,-53,0,79,5,0
3,700,21.000000,10000.000000,0,5,170261328,1188,0,1188,-53,0,79,5,0
3,700,21.000000,10000.000000,0,5,170261331,1189,0,1189,-53,0,79,5,0
3,700,21.000000,10000.000000,0,5,170261334,1190,0,1190,-54,0,79,5,0
3,700,21.000000,10000.000000,0,5,170261337,1191,0,1191,-54,0,79,5,0
3,700,21.000000,10000.000000,0,5,170261339,1192,0,1192,-55,0,79,5,0
3,700,21.000000,10000.000000,0,5,170261342,1193,0,1193,-55,0,79,5,0
3,700,21.000000,10000.000000,0,5,170261344,1194,0,1194,-55,0,79,5,0
3,700,21.000000,10000.000000,0,5,170261347,1195,0,1195,-55,0,79,5,0
3,700,21.000000,10000.000000,0,5,170261350,1197,0,1197,-56,0,79,5,0
3,700,21.000000,10000.000000,0,5,170261353,1198,0,1198,-56,0,79,5,0
3,700,21.000000,10000.000000,0,5,170261355,1200,0,1200,-56,0,79,5,0
3,700,21.000000,10000.000000,0,5,170261358,1201,0,1201,-56,0,79,5,0
3,700,21.000000,10000.000000,0,5,170261361,1202,0,1202,-56,0,79,5,0
3,700,21.000000,10000.000000,0,5,170261364,1203,0,1203,-56,0,79,5,0
3,700,21.000000,10000.000000,0,5,170261366,1204,0,1204,-57,0,79,5,0
3,700,21.000000,10000.000000,0,5,170261369,1206,0,1206,-58,0,79,5,0
3,700,21.000000,10000.000000,0,5,170261372,1207,0,1207,-58,0,79,5,0
3,700,21.000000,10000.000000,0,5,170261375,1208,0,1208,-59,0,79,5,0
3,700,21.000000,10000.000000,0,5,170261378,1209,0,1209,-59,0,79,5,0
3,700,21.000000,10000.000000,0,5,170261381,1210,0,1210,-59,0,79,5,0
3,700,21.000000,10000.000000,0,5,170261383,1212,0,1212,-59,0,79,5,0
3,700,21.000000,10000.000000,0,5,170261386,1213,0,1213,-59,0,79,5,0
3,700,21.000000,10000.000000,0,5,170261389,1215,0,1215,-59,0,79,5,0
3,700,21.000000,10000.000000,0,5,170261391,1216,0,1216,-59,0,79,5,0
3,700,21.000000,10000.000000,0,5,170261394,1217,0,1217,-59,0,79,5,0
3,700,21.000000,10000.000000,0,5,170261397,1219,0,1219,-60,0,79,5,0
3,700,21.000000,10000.000000,0,5,170261400,1220,0,1220,-60,0,79,5,0
3,700,21.000000,10000.000000,0,5,170261403,1222,0,1222,-60,0,79,5,0
3,700,21.000000,10000.000000,0,5,170261405,1223,0,1223,-60,0,79,5,0
3,700,21.000000,10000.000000,0,5,170261408,1225,0,1225,-61,0,79,5,0
3,700,21.000000,10000.000000,0,5,170261411,1227,0,1227,-61,0,79,5,0
3,700,21.000000,10000.000000,0,5,170261414,1227,0,1227,-62,0,79,5,0
3,700,21.000000,10000.000000,0,5,170261416,1229,0,1229,-62,0,79,5,0
3,700,21.000000,10000.000000,0,5,170261419,1231,0,1231,-62,0,79,5,0
3,700,21.000000,10000.000000,0,5,170261422,1233,0,1233,-62,0,79,5,0
3,700,21.000000,10000.000000,0,5,170261425,1234,0,1234,-63,0,79,5,0
3,700,21.000000,10000.000000,0,5,170261428,1235,0,1235,-63,0,79,5,0
3,700,21.000000,10000.000000,0,5,170261430,1236,0,1236,-63,0,79,5,0
3,700,21.000000,10000.000000,0,5,170261433,1238,0,1238,-64,0,79,5,0
3,700,21.000000,10000.000000,0,5,170261436,1239,0,1239,-64,0,79,5,0
3,700,21.000000,10000.000000,0,5,170261439,1241,0,1241,-64,0,79,5,0
3,700,21.000000,10000.000000,0,5,170261442,1242,0,1242,-64,0,79,5,0
3,700,21.000000,10000.000000,0,5,170261444,1243,0,1243,-64,0,79,5,0
3,700,21.000000,10000.000000,0,5,170261447,1244,0,1244,-65,0,79,5,0
3,700,21.000000,10000.000000,0,5,170261450,1245,0,1245,-65,0,79,5,0
3,700,21.000000,10000.000000,0,5,170261453,1246,0,1246,-66,0,79,5,0
3,700,21.000000,10000.000000,0,5,170261456,1247,0,1247,-66,0,79,5,0
3,700,21.000000,10000.000000,0,5,170261458,1248,0,1248,-66,0,79,5,0
3,700,21.000000,10000.000000,0,5,170261461,1249,0,1249,-66,0,79,5,0
3,700,21.000000,10000.000000,0,5,170261464,1250,0,1250,-67,0,79,5,0
3,700,21.000000,10000.000000,0,5,170261466,1251,0,1251,-67,0,79,5,0
3,700,21.000000,10000.000000,0,5,170261469,1252,0,1252,-67,0,79,5,0
3,700,21.000000,10000.000000,0,5,170261472,1254,0,1254,-68,0,79,5,0
3,700,21.000000,10000.000000,0,5,170261475,1255,0,1255,-68,0,79,5,0
3,700,21.000000,10000.000000,0,5,170261478,1257,0,1257,-68,0,79,5,0
3,700,21.000000,10000.000000,0,5,170261481,1259,0,1259,-69,0,79,5,0
3,700,21.000000,10000.000000,0,5,170261483,1260,0,1260,-70,0,79,5,0
3,700,21.000000,10000.000000,0,5,170261486,1263,0,1263,-70,0,79,5,0
3,700,21.000000,10000.000000,0,5,170261489,1264,0,1264,-70,0,79,5,0
3,700,21.000000,10000.000000,0,5,170261491,1266,0,1266,-70,0,79,5,0
3,700,21.000000,10000.000000,0,5,170261494,1268,0,1268,-70,0,79,5,0
3,700,21.000000,10000.000000,0,5,170261497,1270,0,1270,-71,0,79,5,0
3,700,21.000000,10000.000000,0,5,170261500,1272,0,1272,-71,0,79,5,0
3,700,21.000000,10000.000000,0,5,170261503,1273,0,1273,-71,0,79,5,0
3,700,21.000000,10000.000000,0,5,170261505,1274,0,1274,-71,0,79,5,0
3,700,21.000000,10000.000000,0,5,170261508,1276,0,1276,-72,0,79,5,0
3,700,21.000000,10000.000000,0,5,170261511,1278,0,1278,-72,0,79,5,0
3,700,21.000000,10000.000000,0,5,170261514,1280,0,1280,-72,0,79,5,0
3,700,21.000000,10000.000000,0,5,170261517,1280,0,1280,-72,0,79,5,0
3,700,21.000000,10000.000000,0,5,170261519,1282,0,1282,-72,0,79,5,0
3,700,21.000000,10000.000000,0,5,170261522,1283,0,1283,-72,0,79,5,0
3,700,21.000000,10000.000000,0,5,170261525,1284,0,1284,-73,0,79,5,0
3,700,21.000000,10000.000000,0,5,170261528,1285,0,1285,-73,0,79,5,0
3,700,21.000000,10000.000000,0,5,170261531,1287,0,1287,-73,0,79,5,0
3,700,21.000000,10000.000000,0,5,170261533,1288,0,1288,-73,0,79,5,0
3,700,21.000000,10000.000000,0,5,170261536,1290,0,1290,-73,0,79,5,0
3,700,21.000000,10000.000000,0,5,170261539,1291,0,1291,-73,0,79,5,0
3,700,21.000000,10000.000000,0,5,170261542,1291,0,1291,-73,0,79,5,0
3,700,21.000000,10000.000000,0,5,170261545,1292,0,1292,-73,0,79,5,0
3,700,21.000000,10000.000000,0,5,170261547,1293,0,1293,-73,0,79,5,0
3,700,21.000000,10000.000000,0,5,170261550,1294,0,1294,-73,0,79,5,0
3,700,21.000000,10000.000000,0,5,170261553,1295,0,1295,-73,0,79,5,0
3,700,21.000000,10000.000000,0,5,170261555,1296,0,1296,-73,0,79,5,0
3,700,21.000000,10000.000000,0,5,170261558,1296,0,1296,-73,0,79,5,0
3,700,21.000000,10000.000000,0,5,170261561,1296,0,1296,-73,0,79,5,0
3,700,21.000000,10000.000000,0,5,170261564,1296,0,1296,-73,0,79,5,0
3,700,21.000000,10000.000000,0,5,170261566,1296,0,1296,-73,0,79,5,0
3,700,21.000000,10000.000000,0,5,170261569,1296,0,1296,-73,0,79,5,0
3,700,21.000000,10000.000000,0,5,170261572,1296,0,1296,-73,0,79,5,0
3,700,21.000000,10000.000000,0,5,170261575,1296,0,1296,-73,0,79,5,0
3,700,21.000000,10000.000000,0,5,170261578,1296,0,1296,-73,0,79,5,0
3,700,21.000000,10000.000000,0,5,170261581,1296,0,1296,-73,0,79,5,0
3,700,21.000000,10000.000000,0,5,170261584,1296,0,1296,-73,0,79,5,0
3,700,21.000000,10000.000000,0,5,170261586,1296,0,1296,-73,0,79,5,0
3,700,21.000000,10000.000000,0,5,170261589,1296,0,1296,-73,0,79,5,0
3,700,21.000000,10000.000000,0,5,170261592,1296,0,1296,-73,0,79,5,0
3,700,21.000000,10000.000000,0,5,170261595,1296,0,1296,-73,0,79,5,0
3,700,21.000000,10000.000000,0,5,170261597,1296,0,1296,-73,0,79,5,0
3,700,21.000000,10000.000000,0,5,170261600,1296,0,1296,-73,0,79,5,0
3,700,21.000000,10000.000000,0,5,170261603,1296,0,1296,-73,0,79,5,0
3,700,21.000000,10000.000000,0,5,170261606,1296,0,1296,-73,0,79,5,0
3,700,21.000000,10000.000000,0,5,170261608,1296,0,1296,-73,0,79,5,0
3,700,21.000000,10000.000000,0,5,170261611,1296,0,1296,-73,0,79,5,0
3,700,21.000000,10000.000000,0,5,170261614,1296,0,1296,-73,0,79,5,0
3,700,21.000000,10000.000000,0,5,170261617,1296,0,1296,-73,0,79,5,0
3,700,21.000000,10000.000000,0,5,170261620,1296,0,1296,-73,0,79,5,0
3,700,21.000000,10000.000000,0,5,170261622,1296,0,1296,-73,0,79,5,0
3,700,21.000000,10000.000000,0,5,170261625,1296,0,1296,-73,0,79,5,0
3,700,21.000000,10000.000000,0,5,170261628,1296,0,1296,-73,0,79,5,0
3,700,21.000000,10000.000000,0,5,170261631,1296,0,1296,-73,0,79,5,0
3,700,21.000000,10000.000000,0,5,170261633,1296,0,1296,-73,0,79,5,0
3,700,21.000000,10000.000000,0,5,170261636,1296,0,1296,-73,0,79,5,0
3,700,21.000000,10000.000000,0,5,170261639,1296,0,1296,-73,0,79,5,0
3,700,21.000000,10000.000000,0,5,170261642,1296,0,1296,-73,0,79,5,0
3,700,21.000000,10000.000000,0,5,170261645,1296,0,1296,-73,0,79,5,0
3,700,21.000000,10000.000000,0,5,170261647,1296,0,1296,-73,0,79,5,0
3,700,21.000000,10000.000000,0,5,170261650,1296,0,1296,-73,0,79,5,0
3,700,21.000000,10000.000000,0,5,170261653,1296,0,1296,-73,0,79,5,0
3,700,21.000000,10000.000000,0,5,170261656,1296,0,1296,-73,0,79,5,0
3,700,21.000000,10000.000000,0,5,170261659,1296,0,1296,-73,0,79,5,0
3,700,21.000000,10000.000000,0,5,170261661,1296,0,1296,-73,0,79,5,0
3,700,21.000000,10000.000000,0,5,170261664,1296,0,1296,-73,0,79,5,0
3,700,21.000000,10000.000000,0,5,170261666,1296,0,1296,-73,0,79,5,0
3,700,21.000000,10000.000000,0,5,170261669,1296,0,1296,-73,0,79,5,0
3,700,21.000000,10000.000000,0,5,170261672,1296,0,1296,-73,0,79,5,0
3,700,21.000000,10000.000000,0,5,170261675,1296,0,1296,-73,0,79,5,0
3,700,21.000000,10000.000000,0,5,170261678,1296,0,1296,-73,0,79,5,0
3,700,21.000000,10000.000000,0,5,170261680,1296,0,1296,-73,0,79,5,0
3,700,21.000000,10000.000000,0,5,170261683,1296,0,1296,-73,0,79,5,0
3,700,21.000000,10000.000000,0,5,170261686,1296,0,1296,-73,0,79,5,0
3,700,21.000000,10000.000000,0,5,170261689,1296,0,1296,-73,0,79,5,0
3,700,21.000000,10000.000000,0,5,170261692,1296,0,1296,-73,0,79,5,0
3,700,21.000000,10000.000000,0,5,170261694,1296,0,1296,-73,0,79,5,0
3,700,21.000000,10000.000000,0,5,170261697,1296,0,1296,-73,0,79,5,0
3,700,21.000000,10000.000000,0,5,170261700,1296,0,1296,-73,0,79,5,0
3,700,21.000000,10000.000000,0,5,170261703,1296,0,1296,-73,0,79,5,0
3,700,21.000000,10000.000000,0,5,170261706,1296,0,1296,-73,0,79,5,0
3,700,21.000000,10000.000000,0,5,170261709,1296,0,1296,-73,0,79,5,0
3,700,21.000000,10000.000000,0,5,170261711,1296,0,1296,-73,0,79,5,0
3,700,21.000000,10000.000000,0,5,170261714,1296,0,1296,-73,0,79,5,0
3,700,21.000000,10000.000000,0,5,170261717,1296,0,1296,-73,0,79,5,0
3,700,21.000000,10000.000000,0,5,170261720,1296,0,1296,-73,0,79,5,0
3,700,21.000000,10000.000000,0,5,170261722,1296,0,1296,-73,0,79,5,0
3,700,21.000000,10000.000000,0,5,170261725,1296,0,1296,-73,0,79,5,0
3,700,21.000000,10000.000000,0,5,170261728,1297,0,1297,-73,0,79,5,0
3,700,21.000000,10000.000000,0,5,170261730,1298,0,1298,-73,0,79,5,0
3,700,21.000000,10000.000000,0,5,170261733,1298,0,1298,-73,0,79,5,0
3,700,21.000000,10000.000000,0,5,170261736,1298,0,1298,-73,0,79,5,0
3,700,21.000000,10000.000000,0,5,170261739,1299,0,1299,-73,0,79,5,0
3,700,21.000000,10000.000000,0,5,170261742,1300,0,1300,-74,0,79,5,0
3,700,21.000000,10000.000000,0,5,170261744,1300,0,1300,-74,0,79,5,0
3,700,21.000000,10000.000000,0,5,170261747,1300,0,1300,-74,0,79,5,0
3,700,21.000000,10000.000000,0,5,170261750,1300,0,1300,-74,0,79,5,0
3,700,21.000000,10000.000000,0,5,170261753,1301,0,1301,-74,0,79,5,0
3,700,21.000000,10000.000000,0,5,170261756,1302,0,1302,-74,0,79,5,0
3,700,21.000000,10000.000000,0,5,170261758,1303,0,1303,-74,0,79,5,0
3,700,21.000000,10000.000000,0,5,170261761,1303,0,1303,-74,0,79,5,0
3,700,21.000000,10000.000000,0,5,170261764,1304,0,1304,-74,0,79,5,0
3,700,21.000000,10000.000000,0,5,170261767,1305,0,1305,-74,0,79,5,0
3,700,21.000000,10000.000000,0,5,170261770,1305,0,1305,-74,0,79,5,0
3,700,21.000000,10000.000000,0,5,170261772,1306,0,1306,-74,0,79,5,0
3,700,21.000000,10000.000000,0,5,170261775,1306,0,1306,-75,0,79,5,0
3,700,21.000000,10000.000000,0,5,170261778,1307,0,1307,-75,0,79,5,0
3,700,21.000000,10000.000000,0,5,170261781,1308,0,1308,-75,0,79,5,0
3,700,21.000000,10000.000000,0,5,170261784,1309,0,1309,-75,0,79,5,0
3,700,21.000000,10000.000000,0,5,170261786,1310,0,1310,-75,0,79,5,0
3,700,21.000000,10000.000000,0,5,170261789,1311,0,1311,-75,0,79,5,0
3,700,21.000000,10000.000000,0,5,170261792,1311,0,1311,-76,0,79,5,0
3,700,21.000000,10000.000000,0,5,170261795,1311,0,1311,-77,0,79,5,0
3,700,21.000000,10000.000000,0,5,170261798,1312,0,1312,-77,0,79,5,0
3,700,21.000000,10000.000000,0,5,170261800,1312,0,1312,-77,0,79,5,0
3,700,21.000000,10000.000000,0,5,170261803,1313,0,1313,-77,0,79,5,0
3,700,21.000000,10000.000000,0,5,170261806,1314,0,1314,-77,0,79,5,0
3,700,21.000000,10000.000000,0,5,170261809,1315,0,1315,-77,0,79,5,0
3,700,21.000000,10000.000000,0,5,170261811,1316,0,1316,-77,0,79,5,0
3,700,21.000000,10000.000000,0,5,170261814,1316,0,1316,-77,0,79,5,0
3,700,21.000000,10000.000000,0,5,170261817,1316,0,1316,-77,0,79,5,0
3,700,21.000000,10000.000000,0,5,170261819,1316,0,1316,-77,0,79,5,0
3,700,21.000000,10000.000000,0,5,170261822,1316,0,1316,-77,0,79,5,0
3,700,21.000000,10000.000000,0,5,170261825,1316,0,1316,-77,0,79,5,0
3,700,21.000000,10000.000000,0,5,170261828,1316,0,1316,-77,0,79,5,0
3,700,21.000000,10000.000000,0,5,170261831,1316,0,1316,-77,0,79,5,0
3,700,21.000000,10000.000000,0,5,170261834,1316,0,1316,-77,0,79,5,0
3,700,21.000000,10000.000000,0,5,170261836,1316,0,1316,-77,0,79,5,0
3,700,21.000000,10000.000000,0,5,170261839,1316,0,1316,-77,0,79,5,0
3,700,21.000000,10000.000000,0,5,170261842,1316,0,1316,-77,0,79,5,0
3,700,21.000000,10000.000000,0,5,170261845,1316,0,1316,-77,0,79,5,0
3,700,21.000000,10000.000000,0,5,170261847,1316,0,1316,-77,0,79,5,0
3,700,21.000000,10000.000000,0,5,170261850,1316,0,1316,-77,0,79,5,0
3,700,21.000000,10000.000000,0,5,170261853,1316,0,1316,-77,0,79,5,0
3,700,21.000000,10000.000000,0,5,170261855,1316,0,1316,-77,0,79,5,0
3,700,21.000000,10000.000000,0,5,170261859,1316,0,1316,-77,0,79,5,0
3,700,21.000000,10000.000000,0,5,170261861,1316,0,1316,-77,0,79,5,0
3,700,21.000000,10000.000000,0,5,170261864,1316,0,1316,-77,0,79,5,0
3,700,21.000000,10000.000000,0,5,170261867,1316,0,1316,-77,0,79,5,0
3,700,21.000000,10000.000000,0,5,170261870,1316,0,1316,-77,0,79,5,0
3,700,21.000000,10000.000000,0,5,170261872,1316,0,1316,-77,0,79,5,0
3,700,21.000000,10000.000000,0,5,170261876,1316,0,1316,-77,0,79,5,0
3,700,21.000000,10000.000000,0,5,170261878,1316,0,1316,-77,0,79,5,0
3,700,21.000000,10000.000000,0,5,170261881,1316,0,1316,-77,0,79,5,0
3,700,21.000000,10000.000000,0,5,170261884,1316,0,1316,-77,0,79,5,0
3,700,21.000000,10000.000000,0,5,170261886,1316,0,1316,-77,0,79,5,0
3,700,21.000000,10000.000000,0,5,170261889,1316,0,1316,-77,0,79,5,0
3,700,21.000000,10000.000000,0,5,170261892,1316,0,1316,-77,0,79,5,0
3,700,21.000000,10000.000000,0,5,170261894,1316,0,1316,-77,0,79,5,0
3,700,21.000000,10000.000000,0,5,170261897,1316,0,1316,-77,0,79,5,0
3,700,21.000000,10000.000000,0,5,170261900,1316,0,1316,-77,0,79,5,0
3,700,21.000000,10000.000000,0,5,170261903,1316,0,1316,-77,0,79,5,0
3,700,21.000000,10000.000000,0,5,170261906,1316,0,1316,-77,0,79,5,0
3,700,21.000000,10000.000000,0,5,170261908,1316,0,1316,-77,0,79,5,0
3,700,21.000000,10000.000000,0,5,170261911,1316,0,1316,-77,0,79,5,0
3,700,21.000000,10000.000000,0,5,170261914,1316,0,1316,-77,0,79,5,0
3,700,21.000000,10000.000000,0,5,170261917,1316,0,1316,-77,0,79,5,0
3,700,21.000000,10000.000000,0,5,170261920,1316,0,1316,-77,0,79,5,0
3,700,21.000000,10000.000000,0,5,170261922,1316,0,1316,-77,0,79,5,0
3,700,21.000000,10000.000000,0,5,170261925,1316,0,1316,-77,0,79,5,0
3,700,21.000000,10000.000000,0,5,170261928,1316,0,1316,-77,0,79,5,0
3,700,21.000000,10000.000000,0,5,170261942,1316,0,1316,-77,0,79,5,0
