3,350,21.000000,10000.000000,1,5,170569639,791,2,791,2,0,96,1,0
3,350,21.000000,10000.000000,1,5,170569639,791,2,791,2,0,96,1,0
3,350,21.000000,10000.000000,1,5,170569642,791,2,791,2,0,96,1,0
3,350,21.000000,10000.000000,1,5,170569645,791,2,791,2,0,96,1,0
3,350,21.000000,10000.000000,1,5,170569648,791,2,791,2,0,96,1,0
3,350,21.000000,10000.000000,1,5,170569650,791,2,791,2,0,96,1,0
3,350,21.000000,10000.000000,1,5,170569653,791,2,791,2,0,96,1,0
3,350,21.000000,10000.000000,1,5,170569656,791,2,791,2,0,96,1,0
3,350,21.000000,10000.000000,1,5,170569659,791,2,791,2,0,96,1,0
3,350,21.000000,10000.000000,1,5,170569662,791,2,791,2,0,96,1,0
3,350,21.000000,10000.000000,1,5,170569664,791,2,791,2,0,96,1,0
3,350,21.000000,10000.000000,1,5,170569667,791,2,791,2,0,96,1,0
3,350,21.000000,10000.000000,1,5,170569670,791,2,791,2,0,96,1,0
3,350,21.000000,10000.000000,1,5,170569672,791,2,791,2,0,96,1,0
3,350,21.000000,10000.000000,1,5,170569675,791,2,791,2,0,96,1,0
3,350,21.000000,10000.000000,1,5,170569678,791,2,791,2,0,96,1,0
3,350,21.000000,10000.000000,1,5,170569681,791,2,791,2,0,96,1,0
3,350,21.000000,10000.000000,1,5,170569684,791,2,791,2,0,96,1,0
3,350,21.000000,10000.000000,1,5,170569686,791,2,791,2,0,96,1,0
3,350,21.000000,10000.000000,1,5,170569689,791,2,791,2,0,96,1,0
3,350,21.000000,10000.000000,1,5,170569692,791,2,791,2,0,96,1,0
3,350,21.000000,10000.000000,1,5,170569695,791,2,791,2,0,96,1,0
3,350,21.000000,10000.000000,1,5,170569697,791,2,791,2,0,96,1,0
3,350,21.000000,10000.000000,1,5,170569700,791,2,791,2,0,96,1,0
3,350,21.000000,10000.000000,1,5,170569703,791,2,791,2,0,96,1,0
3,350,21.000000,10000.000000,1,5,170569706,791,2,791,2,0,96,1,0
3,350,21.000000,10000.000000,1,5,170569709,791,2,791,2,0,96,1,0
3,350,21.000000,10000.000000,1,5,170569711,791,2,791,2,0,96,1,0
3,350,21.000000,10000.000000,1,5,170569714,791,2,791,2,0,96,1,0
3,350,21.000000,10000.000000,1,5,170569717,791,2,791,2,0,96,1,0
3,350,21.000000,10000.000000,1,5,170569720,791,2,791,2,0,96,1,0
3,350,21.000000,10000.000000,1,5,170569723,791,2,791,2,0,96,1,0
3,350,21.000000,10000.000000,1,5,170569725,791,2,791,2,0,96,1,0
3,350,21.000000,10000.000000,1,5,170569728,791,2,791,2,0,96,1,0
3,350,21.000000,10000.000000,1,5,170569731,791,2,791,2,0,96,1,0
3,350,21.000000,10000.000000,1,5,170569734,791,2,791,2,0,96,1,0
3,350,21.000000,10000.000000,1,5,170569736,791,2,791,2,0,96,1,0
3,350,21.000000,10000.000000,1,5,170569739,791,3,791,3,0,96,1,0
3,350,21.000000,10000.000000,1,5,170569742,791,4,791,4,0,96,1,0
3,350,21.000000,10000.000000,1,5,170569745,792,4,792,4,0,96,1,0
3,350,21.000000,10000.000000,1,5,170569748,792,5,792,5,0,96,1,0
3,350,21.000000,10000.000000,1,5,170569750,792,6,792,6,0,96,1,0
3,350,21.000000,10000.000000,1,5,170569753,793,7,793,7,0,96,1,0
3,350,21.000000,10000.000000,1,5,170569756,793,8,793,8,0,96,1,0
3,350,21.000000,10000.000000,1,5,170569759,794,9,794,9,0,96,1,0
3,350,21.000000,10000.000000,1,5,170569762,795,10,795,10,0,96,1,0
3,350,21.000000,10000.000000,1,5,170569764,796,11,796,11,0,96,1,0
3,350,21.000000,10000.000000,1,5,170569767,796,12,796,12,0,96,1,0
3,350,21.000000,10000.000000,1,5,170569770,796,12,796,12,0,96,1,0
3,350,21.000000,10000.000000,1,5,170569772,797,12,797,12,0,96,1,0
3,350,21.000000,10000.000000,1,5,170569775,797,13,797,13,0,96,1,0
3,350,21.000000,10000.000000,1,5,170569778,798,14,798,14,0,96,1,0
3,350,21.000000,10000.000000,1,5,170569781,798,15,798,15,0,96,1,0
3,350,21.000000,10000.000000,1,5,170569784,799,16,799,16,0,96,1,0
3,350,21.000000,10000.000000,1,5,170569786,800,17,800,17,0,96,1,0
3,350,21.000000,10000.000000,1,5,170569789,800,18,800,18,0,96,1,0
3,350,21.000000,10000.000000,1,5,170569792,800,19,800,19,0,96,1,0
3,350,21.000000,10000.000000,1,5,170569795,801,20,801,20,0,96,1,0
3,350,21.000000,10000.000000,1,5,170569797,802,21,802,21,0,96,1,0
3,350,21.000000,10000.000000,1,5,170569800,803,22,803,22,0,96,1,0
3,350,21.000000,10000.000000,1,5,170569804,805,24,805,24,0,96,1,0
3,350,21.000000,10000.000000,1,5,170569807,806,25,806,25,0,96,1,0
3,350,21.000000,10000.000000,1,5,170569810,808,26,808,26,0,96,1,0
3,350,21.000000,10000.000000,1,5,170569812,810,28,810,28,0,96,1,0
3,350,21.000000,10000.000000,1,5,170569816,812,29,812,29,0,96,1,0
3,350,21.000000,10000.000000,1,5,170569818,813,30,813,30,0,96,1,0
3,350,21.000000,10000.000000,1,5,170569821,815,31,815,31,0,96,1,0
3,350,21.000000,10000.000000,1,5,170569824,817,31,817,31,0,96,1,0
3,350,21.000000,10000.000000,1,5,170569826,819,32,819,32,0,96,1,0
3,350,21.000000,10000.000000,1,5,170569829,821,32,821,32,0,96,1,0
3,350,21.000000,10000.000000,1,5,170569832,823,33,823,33,0,96,1,0
3,350,21.000000,10000.000000,1,5,170569835,825,34,825,34,0,96,1,0
3,350,21.000000,10000.000000,1,5,170569837,829,35,829,35,0,96,1,0
3,350,21.000000,10000.000000,1,5,170569840,833,36,833,36,0,96,1,0
3,350,21.000000,10000.000000,1,5,170569843,836,36,836,36,0,96,1,0
3,350,21.000000,10000.000000,1,5,170569846,839,37,839,37,0,96,1,0
3,350,21.000000,10000.000000,1,5,170569848,844,38,844,38,0,96,1,0
3,350,21.000000,10000.000000,1,5,170569851,848,38,848,38,0,96,1,0
3,350,21.000000,10000.000000,1,5,170569854,851,38,851,38,0,96,1,0
3,350,21.000000,10000.000000,1,5,170569856,855,39,855,39,0,96,1,0
3,350,21.000000,10000.000000,1,5,170569859,861,39,861,39,0,96,1,0
3,350,21.000000,10000.000000,1,5,170569862,863,39,863,39,0,96,1,0
3,350,21.000000,10000.000000,1,5,170569865,867,40,867,40,0,96,1,0
3,350,21.000000,10000.000000,1,5,170569867,872,40,872,40,0,96,1,0
3,350,21.000000,10000.000000,1,5,170569870,877,41,877,41,0,96,1,0
3,350,21.000000,10000.000000,1,5,170569872,883,42,883,42,0,96,1,0
3,350,21.000000,10000.000000,1,5,170569875,888,43,888,43,0,96,1,0
3,350,21.000000,10000.000000,1,5,170569878,894,43,894,43,0,96,1,0
3,350,21.000000,10000.000000,1,5,170569881,901,44,901,44,0,96,1,0
3,350,21.000000,10000.000000,1,5,170569884,904,45,904,45,0,96,1,0
3,350,21.000000,10000.000000,1,5,170569887,911,46,911,46,0,96,1,0
3,350,21.000000,10000.000000,1,5,170569889,916,46,916,46,0,96,1,0
3,350,21.000000,10000.000000,1,5,170569892,922,47,922,47,0,96,1,0
3,350,21.000000,10000.000000,1,5,170569895,925,47,925,47,0,96,1,0
3,350,21.000000,10000.000000,1,5,170569898,931,48,931,48,0,96,1,0
3,350,21.000000,10000.000000,1,5,170569901,938,48,938,48,0,96,1,0
3,350,21.000000,10000.000000,1,5,170569903,943,49,943,49,0,96,1,0
3,350,21.000000,10000.000000,1,5,170569906,949,50,949,50,0,96,1,0
3,350,21.000000,10000.000000,1,5,170569909,955,51,955,51,0,96,1,0
3,350,21.000000,10000.000000,1,5,170569911,961,51,961,51,0,96,1,0
3,350,21.000000,10000.000000,1,5,170569914,965,51,965,51,0,96,1,0
3,350,21.000000,10000.000000,1,5,170569917,971,51,971,51,0,96,1,0
3,350,21.000000,10000.000000,1,5,170569920,976,51,976,51,0,96,1,0
3,350,21.000000,10000.000000,1,5,170569923,979,52,979,52,0,96,1,0
3,350,21.000000,10000.000000,1,5,170569925,984,52,984,52,0,96,1,0
3,350,21.000000,10000.000000,1,5,170569928,992,52,992,52,0,96,1,0
3,350,21.000000,10000.000000,1,5,170569931,998,52,998,52,0,96,1,0
3,350,21.000000,10000.000000,1,5,170569934,1003,53,1003,53,0,96,1,0
3,350,21.000000,10000.000000,1,5,170569936,1010,53,1010,53,0,96,1,0
3,350,21.000000,10000.000000,1,5,170569939,1016,54,1016,54,0,96,1,0
3,350,21.000000,10000.000000,1,5,170569942,1020,54,1020,54,0,96,1,0
3,350,21.000000,10000.000000,1,5,170569945,1027,55,1027,55,0,96,1,0
3,350,21.000000,10000.000000,1,5,170569948,1031,55,1031,55,0,96,1,0
3,350,21.000000,10000.000000,1,5,170569951,1036,55,1036,55,0,96,1,0
3,350,21.000000,10000.000000,1,5,170569953,1041,55,1041,55,0,96,1,0
3,350,21.000000,10000.000000,1,5,170569956,1045,55,1045,55,0,96,1,0
3,350,21.000000,10000.000000,1,5,170569959,1049,55,1049,55,0,96,1,0
3,350,21.000000,10000.000000,1,5,170569962,1054,55,1054,55,0,96,1,0
3,350,21.000000,10000.000000,1,5,170569965,1059,55,1059,55,0,96,1,0
3,350,21.000000,10000.000000,1,5,170569967,1063,55,1063,55,0,96,1,0
3,350,21.000000,10000.000000,1,5,170569970,1067,55,1067,55,0,96,1,0
3,350,21.000000,10000.000000,1,5,170569973,1072,55,1072,55,0,96,1,0
3,350,21.000000,10000.000000,1,5,170569975,1076,55,1076,55,0,96,1,0
3,350,21.000000,10000.000000,1,5,170569978,1078,55,1078,55,0,96,1,0
3,350,21.000000,10000.000000,1,5,170569981,1082,55,1082,55,0,96,1,0
3,350,21.000000,10000.000000,1,5,170569984,1085,55,1085,55,0,96,1,0
3,350,21.000000,10000.000000,1,5,170569986,1090,55,1090,55,0,96,1,0
3,350,21.000000,10000.000000,1,5,170569989,1092,55,1092,55,0,96,1,0
3,350,21.000000,10000.000000,1,5,170569992,1095,55,1095,55,0,96,1,0
3,350,21.000000,10000.000000,1,5,170569995,1098,55,1098,55,0,96,1,0
3,350,21.000000,10000.000000,1,5,170569998,1100,55,1100,55,0,96,1,0
3,350,21.000000,10000.000000,1,5,170570000,1102,55,1102,55,0,96,1,0
3,350,21.000000,10000.000000,1,5,170570003,1105,55,1105,55,0,96,1,0
3,350,21.000000,10000.000000,1,5,170570006,1108,55,1108,55,0,96,1,0
3,350,21.000000,10000.000000,1,5,170570009,1111,55,1111,55,0,96,1,0
3,350,21.000000,10000.000000,1,5,170570012,1115,55,1115,55,0,96,1,0
3,350,21.000000,10000.000000,1,5,170570015,1117,54,1117,54,0,96,1,0
3,350,21.000000,10000.000000,1,5,170570018,1120,54,1120,54,0,96,1,0
3,350,21.000000,10000.000000,1,5,170570020,1122,54,1122,54,0,96,1,0
3,350,21.000000,10000.000000,1,5,170570023,1124,53,1124,53,0,96,1,0
3,350,21.000000,10000.000000,1,5,170570026,1126,53,1126,53,0,96,1,0
3,350,21.000000,10000.000000,1,5,170570028,1128,53,1128,53,0,96,1,0
3,350,21.000000,10000.000000,1,5,170570031,1129,53,1129,53,0,96,1,0
3,350,21.000000,10000.000000,1,5,170570034,1131,53,1131,53,0,96,1,0
3,350,21.000000,10000.000000,1,5,170570037,1132,52,1132,52,0,96,1,0
3,350,21.000000,10000.000000,1,5,170570040,1134,52,1134,52,0,96,1,0
3,350,21.000000,10000.000000,1,5,170570042,1135,52,1135,52,0,96,1,0
3,350,21.000000,10000.000000,1,5,170570045,1137,51,1137,51,0,96,1,0
3,350,21.000000,10000.000000,1,5,170570048,1138,51,1138,51,0,96,1,0
3,350,21.000000,10000.000000,1,5,170570051,1139,51,1139,51,0,96,1,0
3,350,21.000000,10000.000000,1,5,170570054,1140,50,1140,50,0,96,1,0
3,350,21.000000,10000.000000,1,5,170570056,1141,50,1141,50,0,96,1,0
3,350,21.000000,10000.000000,1,5,170570059,1142,50,1142,50,0,96,1,0
3,350,21.000000,10000.000000,1,5,170570062,1143,49,1143,49,0,96,1,0
3,350,21.000000,10000.000000,1,5,170570065,1144,48,1144,48,0,96,1,0
3,350,21.000000,10000.000000,1,5,170570067,1146,47,1146,47,0,96,1,0
3,350,21.000000,10000.000000,1,5,170570070,1147,47,1147,47,0,96,1,0
3,350,21.000000,10000.000000,1,5,170570073,1148,46,1148,46,0,96,1,0
3,350,21.000000,10000.000000,1,5,170570076,1149,46,1149,46,0,96,1,0
3,350,21.000000,10000.000000,1,5,170570079,1150,46,1150,46,0,96,1,0
3,350,21.000000,10000.000000,1,5,170570081,1150,45,1150,45,0,96,1,0
3,350,21.000000,10000.000000,1,5,170570084,1151,45,1151,45,0,96,1,0
3,350,21.000000,10000.000000,1,5,170570087,1152,45,1152,45,0,96,1,0
3,350,21.000000,10000.000000,1,5,170570089,1153,45,1153,45,0,96,1,0
3,350,21.000000,10000.000000,1,5,170570092,1154,45,1154,45,0,96,1,0
3,350,21.000000,10000.000000,1,5,170570095,1154,44,1154,44,0,96,1,0
3,350,21.000000,10000.000000,1,5,170570098,1154,43,1154,43,0,96,1,0
3,350,21.000000,10000.000000,1,5,170570100,1154,43,1154,43,0,96,1,0
3,350,21.000000,10000.000000,1,5,170570103,1155,43,1155,43,0,96,1,0
3,350,21.000000,10000.000000,1,5,170570106,1155,42,1155,42,0,96,1,0
3,350,21.000000,10000.000000,1,5,170570109,1155,41,1155,41,0,96,1,0
3,350,21.000000,10000.000000,1,5,170570112,1155,41,1155,41,0,96,1,0
3,350,21.000000,10000.000000,1,5,170570114,1155,41,1155,41,0,96,1,0
3,350,21.000000,10000.000000,1,5,170570117,1155,41,1155,41,0,96,1,0
3,350,21.000000,10000.000000,1,5,170570120,1155,40,1155,40,0,96,1,0
3,350,21.000000,10000.000000,1,5,170570123,1155,39,1155,39,0,96,1,0
3,350,21.000000,10000.000000,1,5,170570125,1155,39,1155,39,0,96,1,0
3,350,21.000000,10000.000000,1,5,170570128,1155,39,1155,39,0,96,1,0
3,350,21.000000,10000.000000,1,5,170570131,1155,38,1155,38,0,96,1,0
3,350,21.000000,10000.000000,1,5,170570134,1155,37,1155,37,0,96,1,0
3,350,21.000000,10000.000000,1,5,170570137,1155,36,1155,36,0,96,1,0
3,350,21.000000,10000.000000,1,5,170570139,1155,36,1155,36,0,96,1,0
3,350,21.000000,10000.000000,1,5,170570142,1154,36,1154,36,0,96,1,0
3,350,21.000000,10000.000000,1,5,170570145,1154,35,1154,35,0,96,1,0
3,350,21.000000,10000.000000,1,5,170570148,1154,34,1154,34,0,96,1,0
3,350,21.000000,10000.000000,1,5,170570150,1154,34,1154,34,0,96,1,0
3,350,21.000000,10000.000000,1,5,170570153,1153,34,1153,34,0,96,1,0
3,350,21.000000,10000.000000,1,5,170570157,1152,34,1152,34,0,96,1,0
3,350,21.000000,10000.000000,1,5,170570160,1152,34,1152,34,0,96,1,0
3,350,21.000000,10000.000000,1,5,170570162,1152,34,1152,34,0,96,1,0
3,350,21.000000,10000.000000,1,5,170570165,1152,34,1152,34,0,96,1,0
3,350,21.000000,10000.000000,1,5,170570168,1152,33,1152,33,0,96,1,0
3,350,21.000000,10000.000000,1,5,170570170,1152,33,1152,33,0,96,1,0
3,350,21.000000,10000.000000,1,5,170570173,1152,33,1152,33,0,96,1,0
3,350,21.000000,10000.000000,1,5,170570176,1151,33,1151,33,0,96,1,0
3,350,21.000000,10000.000000,1,5,170570178,1151,32,1151,32,0,96,1,0
3,350,21.000000,10000.000000,1,5,170570181,1151,31,1151,31,0,96,1,0
3,350,21.000000,10000.000000,1,5,170570184,1151,31,1151,31,0,96,1,0
3,350,21.000000,10000.000000,1,5,170570187,1151,31,1151,31,0,96,1,0
3,350,21.000000,10000.000000,1,5,170570190,1151,31,1151,31,0,96,1,0
3,350,21.000000,10000.000000,1,5,170570192,1151,30,1151,30,0,96,1,0
3,350,21.000000,10000.000000,1,5,170570195,1151,29,1151,29,0,96,1,0
3,350,21.000000,10000.000000,1,5,170570198,1150,29,1150,29,0,96,1,0
3,350,21.000000,10000.000000,1,5,170570201,1150,29,1150,29,0,96,1,0
3,350,21.000000,10000.000000,1,5,170570204,1150,29,1150,29,0,96,1,0
3,350,21.000000,10000.000000,1,5,170570206,1150,29,1150,29,0,96,1,0
3,350,21.000000,10000.000000,1,5,170570209,1150,28,1150,28,0,96,1,0
3,350,21.000000,10000.000000,1,5,170570212,1150,27,1150,27,0,96,1,0
3,350,21.000000,10000.000000,1,5,170570214,1150,27,1150,27,0,96,1,0
3,350,21.000000,10000.000000,1,5,170570217,1150,27,1150,27,0,96,1,0
3,350,21.000000,10000.000000,1,5,170570220,1150,27,1150,27,0,96,1,0
3,350,21.000000,10000.000000,1,5,170570223,1150,26,1150,26,0,96,1,0
3,350,21.000000,10000.000000,1,5,170570226,1150,25,1150,25,0,96,1,0
3,350,21.000000,10000.000000,1,5,170570228,1150,25,1150,25,0,96,1,0
3,350,21.000000,10000.000000,1,5,170570231,1150,25,1150,25,0,96,1,0
3,350,21.000000,10000.000000,1,5,170570234,1150,24,1150,24,0,96,1,0
3,350,21.000000,10000.000000,1,5,170570237,1150,23,1150,23,0,96,1,0
3,350,21.000000,10000.000000,1,5,170570240,1150,23,1150,23,0,96,1,0
3,350,21.000000,10000.000000,1,5,170570242,1149,23,1149,23,0,96,1,0
3,350,21.000000,10000.000000,1,5,170570245,1148,23,1148,23,0,96,1,0
3,350,21.000000,10000.000000,1,5,170570248,1148,23,1148,23,0,96,1,0
3,350,21.000000,10000.000000,1,5,170570251,1148,22,1148,22,0,96,1,0
3,350,21.000000,10000.000000,1,5,170570254,1148,21,1148,21,0,96,1,0
3,350,21.000000,10000.000000,1,5,170570256,1148,21,1148,21,0,96,1,0
3,350,21.000000,10000.000000,1,5,170570259,1148,21,1148,21,0,96,1,0
3,350,21.000000,10000.000000,1,5,170570262,1148,21,1148,21,0,96,1,0
3,350,21.000000,10000.000000,1,5,170570265,1148,21,1148,21,0,96,1,0
3,350,21.000000,10000.000000,1,5,170570268,1148,20,1148,20,0,96,1,0
3,350,21.000000,10000.000000,1,5,170570270,1148,19,1148,19,0,96,1,0
3,350,21.000000,10000.000000,1,5,170570273,1148,19,1148,19,0,96,1,0
3,350,21.000000,10000.000000,1,5,170570276,1148,19,1148,19,0,96,1,0
3,350,21.000000,10000.000000,1,5,170570279,1148,19,1148,19,0,96,1,0
3,350,21.000000,10000.000000,1,5,170570281,1148,19,1148,19,0,96,1,0
3,350,21.000000,10000.000000,1,5,170570284,1148,19,1148,19,0,96,1,0
3,350,21.000000,10000.000000,1,5,170570287,1148,18,1148,18,0,96,1,0
3,350,21.000000,10000.000000,1,5,170570290,1148,18,1148,18,0,96,1,0
3,350,21.000000,10000.000000,1,5,170570292,1148,18,1148,18,0,96,1,0
3,350,21.000000,10000.000000,1,5,170570295,1148,18,1148,18,0,96,1,0
3,350,21.000000,10000.000000,1,5,170570298,1148,17,1148,17,0,96,1,0
3,350,21.000000,10000.000000,1,5,170570301,1148,16,1148,16,0,96,1,0
3,350,21.000000,10000.000000,1,5,170570303,1148,16,1148,16,0,96,1,0
3,350,21.000000,10000.000000,1,5,170570306,1148,16,1148,16,0,96,1,0
3,350,21.000000,10000.000000,1,5,170570309,1148,16,1148,16,0,96,1,0
3,350,21.000000,10000.000000,1,5,170570312,1148,16,1148,16,0,96,1,0
3,350,21.000000,10000.000000,1,5,170570315,1148,16,1148,16,0,96,1,0
3,350,21.000000,10000.000000,1,5,170570317,1148,16,1148,16,0,96,1,0
3,350,21.000000,10000.000000,1,5,170570320,1148,15,1148,15,0,96,1,0
3,350,21.000000,10000.000000,1,5,170570323,1148,14,1148,14,0,96,1,0
3,350,21.000000,10000.000000,1,5,170570326,1148,14,1148,14,0,96,1,0
3,350,21.000000,10000.000000,1,5,170570329,1148,14,1148,14,0,96,1,0
3,350,21.000000,10000.000000,1,5,170570331,1148,14,1148,14,0,96,1,0
3,350,21.000000,10000.000000,1,5,170570334,1148,14,1148,14,0,96,1,0
3,350,21.000000,10000.000000,1,5,170570337,1148,14,1148,14,0,96,1,0
3,350,21.000000,10000.000000,1,5,170570340,1148,13,1148,13,0,96,1,0
3,350,21.000000,10000.000000,1,5,170570343,1148,12,1148,12,0,96,1,0
3,350,21.000000,10000.000000,1,5,170570345,1148,12,1148,12,0,96,1,0
3,350,21.000000,10000.000000,1,5,170570348,1148,12,1148,12,0,96,1,0
3,350,21.000000,10000.000000,1,5,170570351,1148,12,1148,12,0,96,1,0
3,350,21.000000,10000.000000,1,5,170570354,1148,12,1148,12,0,96,1,0
3,350,21.000000,10000.000000,1,5,170570356,1148,12,1148,12,0,96,1,0
3,350,21.000000,10000.000000,1,5,170570359,1148,12,1148,12,0,96,1,0
3,350,21.000000,10000.000000,1,5,170570362,1148,12,1148,12,0,96,1,0
3,350,21.000000,10000.000000,1,5,170570364,1148,12,1148,12,0,96,1,0
3,350,21.000000,10000.000000,1,5,170570367,1148,12,1148,12,0,96,1,0
3,350,21.000000,10000.000000,1,5,170570370,1148,12,1148,12,0,96,1,0
3,350,21.000000,10000.000000,1,5,170570373,1148,11,1148,11,0,96,1,0
3,350,21.000000,10000.000000,1,5,170570376,1148,10,1148,10,0,96,1,0
3,350,21.000000,10000.000000,1,5,170570379,1148,10,1148,10,0,96,1,0
3,350,21.000000,10000.000000,1,5,170570381,1148,10,1148,10,0,96,1,0
3,350,21.000000,10000.000000,1,5,170570384,1148,10,1148,10,0,96,1,0
3,350,21.000000,10000.000000,1,5,170570387,1148,10,1148,10,0,96,1,0
3,350,21.000000,10000.000000,1,5,170570390,1148,10,1148,10,0,96,1,0
3,350,21.000000,10000.000000,1,5,170570393,1148,10,1148,10,0,96,1,0
3,350,21.000000,10000.000000,1,5,170570395,1148,10,1148,10,0,96,1,0
3,350,21.000000,10000.000000,1,5,170570398,1148,10,1148,10,0,96,1,0
3,350,21.000000,10000.000000,1,5,170570401,1148,10,1148,10,0,96,1,0
3,350,21.000000,10000.000000,1,5,170570403,1148,10,1148,10,0,96,1,0
3,350,21.000000,10000.000000,1,5,170570406,1148,10,1148,10,0,96,1,0
3,350,21.000000,10000.000000,1,5,170570409,1148,10,1148,10,0,96,1,0
3,350,21.000000,10000.000000,1,5,170570412,1148,10,1148,10,0,96,1,0
3,350,21.000000,10000.000000,1,5,170570415,1148,10,1148,10,0,96,1,0
3,350,21.000000,10000.000000,1,5,170570417,1148,10,1148,10,0,96,1,0
3,350,21.000000,10000.000000,1,5,170570420,1148,10,1148,10,0,96,1,0
3,350,21.000000,10000.000000,1,5,170570423,1148,10,1148,10,0,96,1,0
3,350,21.000000,10000.000000,1,5,170570426,1148,10,1148,10,0,96,1,0
3,350,21.000000,10000.000000,1,5,170570428,1148,10,1148,10,0,96,1,0
3,350,21.000000,10000.000000,1,5,170570431,1148,10,1148,10,0,96,1,0
3,350,21.000000,10000.000000,1,5,170570445,1148,10,1148,10,1,96,1,0
