5,350,80.500000,42.000000,1,0,805305,776,5,776,5,0,16,0
5,350,80.500000,42.000000,1,0,805306,776,5,776,5,0,16,0
5,350,80.500000,42.000000,1,0,805309,776,5,776,5,0,16,0
5,350,80.500000,42.000000,1,0,805312,776,5,776,5,0,16,0
5,350,80.500000,42.000000,1,0,805315,776,5,776,5,0,16,0
5,350,80.500000,42.000000,1,0,805317,776,5,776,5,0,16,0
5,350,80.500000,42.000000,1,0,805320,776,5,776,5,0,16,0
5,350,80.500000,42.000000,1,0,805323,776,5,776,5,0,16,0
5,350,80.500000,42.000000,1,0,805326,776,6,776,6,0,16,0
5,350,80.500000,42.000000,1,0,805328,776,6,776,6,0,16,0
5,350,80.500000,42.000000,1,0,805331,776,6,776,6,0,16,0
5,350,80.500000,42.000000,1,0,805334,776,6,776,6,0,16,0
5,350,80.500000,42.000000,1,0,805337,776,6,776,6,0,16,0
5,350,80.500000,42.000000,1,0,805340,776,6,776,6,0,16,0
5,350,80.500000,42.000000,1,0,805342,776,6,776,6,0,16,0
5,350,80.500000,42.000000,1,0,805345,776,6,776,6,0,16,0
5,350,80.500000,42.000000,1,0,805348,776,6,776,6,0,16,0
5,350,80.500000,42.000000,1,0,805350,776,6,776,6,0,16,0
5,350,80.500000,42.000000,1,0,805353,776,6,776,6,0,16,0
5,350,80.500000,42.000000,1,0,805356,776,6,776,6,0,16,0
5,350,80.500000,42.000000,1,0,805359,776,6,776,6,0,16,0
5,350,80.500000,42.000000,1,0,805362,776,6,776,6,0,16,0
5,350,80.500000,42.000000,1,0,805364,776,6,776,6,0,16,0
5,350,80.500000,42.000000,1,0,805367,776,6,776,6,0,16,0
5,350,80.500000,42.000000,1,0,805370,776,6,776,6,0,16,0
5,350,80.500000,42.000000,1,0,805373,776,7,776,7,0,16,0
5,350,80.500000,42.000000,1,0,805376,776,8,776,8,0,16,0
5,350,80.500000,42.000000,1,0,805378,776,9,776,9,0,16,0
5,350,80.500000,42.000000,1,0,805381,778,9,778,9,0,16,0
5,350,80.500000,42.000000,1,0,805384,778,10,778,10,0,16,0
5,350,80.500000,42.000000,1,0,805387,779,10,779,10,0,16,0
5,350,80.500000,42.000000,1,0,805390,781,11,781,11,0,16,0
5,350,80.500000,42.000000,1,0,805392,782,11,782,11,0,16,0
5,350,80.500000,42.000000,1,0,805395,783,11,783,11,0,16,0
5,350,80.500000,42.000000,1,0,805398,785,12,785,12,0,16,0
5,350,80.500000,42.000000,1,0,805401,786,12,786,12,0,16,0
5,350,80.500000,42.000000,1,0,805404,787,12,787,12,0,16,0
5,350,80.500000,42.000000,1,0,805406,789,12,789,12,0,16,0
5,350,80.500000,42.000000,1,0,805409,791,13,791,13,0,16,0
5,350,80.500000,42.000000,1,0,805412,794,13,794,13,0,16,0
5,350,80.500000,42.000000,1,0,805414,795,14,795,14,0,16,0
5,350,80.500000,42.000000,1,0,805417,797,14,797,14,0,16,0
5,350,80.500000,42.000000,1,0,805420,800,14,800,14,0,16,0
5,350,80.500000,42.000000,1,0,805423,802,15,802,15,0,16,0
5,350,80.500000,42.000000,1,0,805425,804,17,804,17,0,16,0
5,350,80.500000,42.000000,1,0,805428,806,17,806,17,0,16,0
5,350,80.500000,42.000000,1,0,805431,810,17,810,17,0,16,0
5,350,80.500000,42.000000,1,0,805434,812,18,812,18,0,16,0
5,350,80.500000,42.000000,1,0,805437,814,18,814,18,0,16,0
5,350,80.500000,42.000000,1,0,805439,816,19,816,19,0,16,0
5,350,80.500000,42.000000,1,0,805442,819,20,819,20,0,16,0
5,350,80.500000,42.000000,1,0,805445,821,20,821,20,0,16,0
5,350,80.500000,42.000000,1,0,805448,823,20,823,20,0,16,0
5,350,80.500000,42.000000,1,0,805451,824,21,824,21,0,16,0
5,350,80.500000,42.000000,1,0,805453,827,22,827,22,0,16,0
5,350,80.500000,42.000000,1,0,805456,832,22,832,22,0,16,0
5,350,80.500000,42.000000,1,0,805459,836,22,836,22,0,16,0
5,350,80.500000,42.000000,1,0,805462,841,22,841,22,0,16,0
5,350,80.500000,42.000000,1,0,805464,844,22,844,22,0,16,0
5,350,80.500000,42.000000,1,0,805467,847,22,847,22,0,16,0
5,350,80.500000,42.000000,1,0,805470,850,23,850,23,0,16,0
5,350,80.500000,42.000000,1,0,805473,854,23,854,23,0,16,0
5,350,80.500000,42.000000,1,0,805476,860,23,860,23,0,16,0
5,350,80.500000,42.000000,1,0,805478,863,23,863,23,0,16,0
5,350,80.500000,42.000000,1,0,805481,868,23,868,23,0,16,0
5,350,80.500000,42.000000,1,0,805484,870,23,870,23,0,16,0
5,350,80.500000,42.000000,1,0,805487,875,23,875,23,0,16,0
5,350,80.500000,42.000000,1,0,805490,881,24,881,24,0,16,0
5,350,80.500000,42.000000,1,0,805492,885,24,885,24,0,16,0
5,350,80.500000,42.000000,1,0,805495,889,24,889,24,0,16,0
5,350,80.500000,42.000000,1,0,805498,893,24,893,24,0,16,0
5,350,80.500000,42.000000,1,0,805501,898,25,898,25,0,16,0
5,350,80.500000,42.000000,1,0,805504,901,25,901,25,0,16,0
5,350,80.500000,42.000000,1,0,805506,906,26,906,26,0,16,0
5,350,80.500000,42.000000,1,0,805509,910,26,910,26,0,16,0
5,350,80.500000,42.000000,1,0,805512,914,26,914,26,0,16,0
5,350,80.500000,42.000000,1,0,805515,918,26,918,26,0,16,0
5,350,80.500000,42.000000,1,0,805517,921,26,921,26,0,16,0
5,350,80.500000,42.000000,1,0,805520,927,26,927,26,0,16,0
5,350,80.500000,42.000000,1,0,805523,931,26,931,26,0,16,0
5,350,80.500000,42.000000,1,0,805526,934,26,934,26,0,16,0
5,350,80.500000,42.000000,1,0,805529,939,26,939,26,0,16,0
5,350,80.500000,42.000000,1,0,805531,945,26,945,26,0,16,0
5,350,80.500000,42.000000,1,0,805534,950,26,950,26,0,16,0
5,350,80.500000,42.000000,1,0,805537,954,26,954,26,0,16,0
5,350,80.500000,42.000000,1,0,805539,958,26,958,26,0,16,0
5,350,80.500000,42.000000,1,0,805542,961,26,961,26,0,16,0
5,350,80.500000,42.000000,1,0,805545,966,26,966,26,0,16,0
5,350,80.500000,42.000000,1,0,805548,970,26,970,26,0,16,0
5,350,80.500000,42.000000,1,0,805550,974,26,974,26,0,16,0
5,350,80.500000,42.000000,1,0,805553,977,26,977,26,0,16,0
5,350,80.500000,42.000000,1,0,805556,980,27,980,27,0,16,0
5,350,80.500000,42.000000,1,0,805559,986,27,986,27,0,16,0
5,350,80.500000,42.000000,1,0,805562,988,27,988,27,0,16,0
5,350,80.500000,42.000000,1,0,805564,992,27,992,27,0,16,0
5,350,80.500000,42.000000,1,0,805567,996,28,996,28,0,16,0
5,350,80.500000,42.000000,1,0,805570,998,28,998,28,0,16,0
5,350,80.500000,42.000000,1,0,805573,1001,28,1001,28,0,16,0
5,350,80.500000,42.000000,1,0,805576,1004,28,1004,28,0,16,0
5,350,80.500000,42.000000,1,0,805578,1007,28,1007,28,0,16,0
5,350,80.500000,42.000000,1,0,805581,1009,28,1009,28,0,16,0
5,350,80.500000,42.000000,1,0,805584,1011,28,1011,28,0,16,0
5,350,80.500000,42.000000,1,0,805587,1012,28,1012,28,0,16,0
5,350,80.500000,42.000000,1,0,805590,1013,28,1013,28,0,16,0
5,350,80.500000,42.000000,1,0,805592,1015,28,1015,28,0,16,0
5,350,80.500000,42.000000,1,0,805595,1019,28,1019,28,0,16,0
5,350,80.500000,42.000000,1,0,805598,1022,28,1022,28,0,16,0
5,350,80.500000,42.000000,1,0,805601,1024,28,1024,28,0,16,0
5,350,80.500000,42.000000,1,0,805604,1026,28,1026,28,0,16,0
5,350,80.500000,42.000000,1,0,805606,1027,28,1027,28,0,16,0
5,350,80.500000,42.000000,1,0,805609,1028,28,1028,28,0,16,0
5,350,80.500000,42.000000,1,0,805612,1031,27,1031,27,0,16,0
5,350,80.500000,42.000000,1,0,805614,1033,27,1033,27,0,16,0
5,350,80.500000,42.000000,1,0,805618,1035,27,1035,27,0,16,0
5,350,80.500000,42.000000,1,0,805620,1037,27,1037,27,0,16,0
5,350,80.500000,42.000000,1,0,805623,1039,27,1039,27,0,16,0
5,350,80.500000,42.000000,1,0,805626,1041,27,1041,27,0,16,0
5,350,80.500000,42.000000,1,0,805629,1043,27,1043,27,0,16,0
5,350,80.500000,42.000000,1,0,805631,1045,27,1045,27,0,16,0
5,350,80.500000,42.000000,1,0,805634,1047,27,1047,27,0,16,0
5,350,80.500000,42.000000,1,0,805637,1050,27,1050,27,0,16,0
5,350,80.500000,42.000000,1,0,805640,1052,27,1052,27,0,16,0
5,350,80.500000,42.000000,1,0,805642,1055,27,1055,27,0,16,0
5,350,80.500000,42.000000,1,0,805645,1056,26,1056,26,0,16,0
5,350,80.500000,42.000000,1,0,805648,1058,26,1058,26,0,16,0
5,350,80.500000,42.000000,1,0,805651,1061,26,1061,26,0,16,0
5,350,80.500000,42.000000,1,0,805654,1064,26,1064,26,0,16,0
5,350,80.500000,42.000000,1,0,805656,1067,26,1067,26,0,16,0
5,350,80.500000,42.000000,1,0,805659,1070,26,1070,26,0,16,0
5,350,80.500000,42.000000,1,0,805662,1072,26,1072,26,0,16,0
5,350,80.500000,42.000000,1,0,805665,1074,26,1074,26,0,16,0
5,350,80.500000,42.000000,1,0,805668,1075,26,1075,26,0,16,0
5,350,80.500000,42.000000,1,0,805670,1077,25,1077,25,0,16,0
5,350,80.500000,42.000000,1,0,805673,1078,25,1078,25,0,16,0
5,350,80.500000,42.000000,1,0,805675,1082,24,1082,24,0,16,0
5,350,80.500000,42.000000,1,0,805678,1084,23,1084,23,0,16,0
5,350,80.500000,42.000000,1,0,805681,1087,23,1087,23,0,16,0
5,350,80.500000,42.000000,1,0,805684,1090,23,1090,23,0,16,0
5,350,80.500000,42.000000,1,0,805687,1091,23,1091,23,0,16,0
5,350,80.500000,42.000000,1,0,805690,1092,23,1092,23,0,16,0
5,350,80.500000,42.000000,1,0,805692,1093,23,1093,23,0,16,0
5,350,80.500000,42.000000,1,0,805695,1094,23,1094,23,0,16,0
5,350,80.500000,42.000000,1,0,805698,1095,23,1095,23,0,16,0
5,350,80.500000,42.000000,1,0,805701,1096,23,1096,23,0,16,0
5,350,80.500000,42.000000,1,0,805704,1097,23,1097,23,0,16,0
5,350,80.500000,42.000000,1,0,805706,1098,23,1098,23,0,16,0
5,350,80.500000,42.000000,1,0,805709,1099,23,1099,23,0,16,0
5,350,80.500000,42.000000,1,0,805712,1100,23,1100,23,0,16,0
5,350,80.500000,42.000000,1,0,805715,1100,22,1100,22,0,16,0
5,350,80.500000,42.000000,1,0,805718,1101,21,1101,21,0,16,0
5,350,80.500000,42.000000,1,0,805720,1101,21,1101,21,0,16,0
5,350,80.500000,42.000000,1,0,805723,1103,21,1103,21,0,16,0
5,350,80.500000,42.000000,1,0,805726,1105,21,1105,21,0,16,0
5,350,80.500000,42.000000,1,0,805729,1105,21,1105,21,0,16,0
5,350,80.500000,42.000000,1,0,805732,1106,20,1106,20,0,16,0
5,350,80.500000,42.000000,1,0,805734,1107,20,1107,20,0,16,0
5,350,80.500000,42.000000,1,0,805737,1108,20,1108,20,0,16,0
5,350,80.500000,42.000000,1,0,805739,1111,19,1111,19,0,16,0
5,350,80.500000,42.000000,1,0,805742,1113,19,1113,19,0,16,0
5,350,80.500000,42.000000,1,0,805745,1114,19,1114,19,0,16,0
5,350,80.500000,42.000000,1,0,805748,1117,18,1117,18,0,16,0
5,350,80.500000,42.000000,1,0,805751,1120,17,1120,17,0,16,0
5,350,80.500000,42.000000,1,0,805754,1122,17,1122,17,0,16,0
5,350,80.500000,42.000000,1,0,805756,1124,16,1124,16,0,16,0
5,350,80.500000,42.000000,1,0,805759,1125,16,1125,16,0,16,0
5,350,80.500000,42.000000,1,0,805762,1126,15,1126,15,0,16,0
5,350,80.500000,42.000000,1,0,805765,1127,14,1127,14,0,16,0
5,350,80.500000,42.000000,1,0,805768,1128,13,1128,13,0,16,0
5,350,80.500000,42.000000,1,0,805770,1129,12,1129,12,0,16,0
5,350,80.500000,42.000000,1,0,805773,1130,12,1130,12,0,16,0
5,350,80.500000,42.000000,1,0,805776,1133,12,1133,12,0,16,0
5,350,80.500000,42.000000,1,0,805779,1133,12,1133,12,0,16,0
5,350,80.500000,42.000000,1,0,805781,1134,12,1134,12,0,16,0
5,350,80.500000,42.000000,1,0,805784,1134,12,1134,12,0,16,0
5,350,80.500000,42.000000,1,0,805787,1134,12,1134,12,0,16,0
5,350,80.500000,42.000000,1,0,805790,1134,12,1134,12,0,16,0
5,350,80.500000,42.000000,1,0,805793,1134,12,1134,12,0,16,0
5,350,80.500000,42.000000,1,0,805795,1134,12,1134,12,0,16,0
5,350,80.500000,42.000000,1,0,805798,1134,12,1134,12,0,16,0
5,350,80.500000,42.000000,1,0,805801,1134,12,1134,12,0,16,0
5,350,80.500000,42.000000,1,0,805804,1134,12,1134,12,0,16,0
5,350,80.500000,42.000000,1,0,805807,1134,12,1134,12,0,16,0
5,350,80.500000,42.000000,1,0,805809,1134,12,1134,12,0,16,0
5,350,80.500000,42.000000,1,0,805812,1134,12,1134,12,0,16,0
5,350,80.500000,42.000000,1,0,805815,1134,12,1134,12,0,16,0
5,350,80.500000,42.000000,1,0,805818,1134,12,1134,12,0,16,0
5,350,80.500000,42.000000,1,0,805820,1134,12,1134,12,0,16,0
5,350,80.500000,42.000000,1,0,805823,1134,12,1134,12,0,16,0
5,350,80.500000,42.000000,1,0,805826,1134,12,1134,12,0,16,0
5,350,80.500000,42.000000,1,0,805829,1134,12,1134,12,0,16,0
5,350,80.500000,42.000000,1,0,805831,1134,12,1134,12,0,16,0
5,350,80.500000,42.000000,1,0,805834,1134,12,1134,12,0,16,0
5,350,80.500000,42.000000,1,0,805837,1134,12,1134,12,0,16,0
5,350,80.500000,42.000000,1,0,805840,1134,12,1134,12,0,16,0
5,350,80.500000,42.000000,1,0,805842,1134,12,1134,12,0,16,0
5,350,80.500000,42.000000,1,0,805845,1134,12,1134,12,0,16,0
5,350,80.500000,42.000000,1,0,805848,1134,12,1134,12,0,16,0
5,350,80.500000,42.000000,1,0,805859,1134,12,1134,12,0,16,0
