5,700,21.000000,42.000000,2,0,1741684,621,9,621,9,0,43,0
5,700,21.000000,42.000000,2,0,1741685,621,9,621,9,0,43,0
5,700,21.000000,42.000000,2,0,1741687,621,9,621,9,0,43,0
5,700,21.000000,42.000000,2,0,1741690,621,9,621,9,0,43,0
5,700,21.000000,42.000000,2,0,1741693,621,9,621,9,0,43,0
5,700,21.000000,42.000000,2,0,1741696,621,9,621,9,0,43,0
5,700,21.000000,42.000000,2,0,1741698,621,9,621,9,0,43,0
5,700,21.000000,42.000000,2,0,1741701,621,9,621,9,0,43,0
5,700,21.000000,42.000000,2,0,1741704,621,9,621,9,0,43,0
5,700,21.000000,42.000000,2,0,1741707,621,9,621,9,0,43,0
5,700,21.000000,42.000000,2,0,1741710,621,9,621,9,0,43,0
5,700,21.000000,42.000000,2,0,1741712,621,9,621,9,0,43,0
5,700,21.000000,42.000000,2,0,1741715,621,9,621,9,0,43,0
5,700,21.000000,42.000000,2,0,1741718,621,9,621,9,0,43,0
5,700,21.000000,42.000000,2,0,1741721,621,9,621,9,0,43,0
5,700,21.000000,42.000000,2,0,1741724,621,9,621,9,0,43,0
5,700,21.000000,42.000000,2,0,1741726,621,9,621,9,0,43,0
5,700,21.000000,42.000000,2,0,1741729,621,9,621,9,0,43,0
5,700,21.000000,42.000000,2,0,1741732,621,9,621,9,0,43,0
5,700,21.000000,42.000000,2,0,1741735,621,9,621,9,0,43,0
5,700,21.000000,42.000000,2,0,1741738,621,9,621,9,0,43,0
5,700,21.000000,42.000000,2,0,1741740,621,9,621,9,0,43,0
5,700,21.000000,42.000000,2,0,1741743,621,9,621,9,0,43,0
5,700,21.000000,42.000000,2,0,1741746,621,9,621,9,0,43,0
5,700,21.000000,42.000000,2,0,1741749,621,9,621,9,0,43,0
5,700,21.000000,42.000000,2,0,1741752,621,9,621,9,0,43,0
5,700,21.000000,42.000000,2,0,1741754,621,9,621,9,0,43,0
5,700,21.000000,42.000000,2,0,1741757,621,9,621,9,0,43,0
5,700,21.000000,42.000000,2,0,1741759,621,9,621,9,0,43,0
5,700,21.000000,42.000000,2,0,1741763,621,9,621,9,0,43,0
5,700,21.000000,42.000000,2,0,1741765,621,9,621,9,0,43,0
5,700,21.000000,42.000000,2,0,1741768,621,9,621,9,0,43,0
5,700,21.000000,42.000000,2,0,1741771,621,9,621,9,0,43,0
5,700,21.000000,42.000000,2,0,1741774,621,9,621,9,0,43,0
5,700,21.000000,42.000000,2,0,1741777,621,9,621,9,0,43,0
5,700,21.000000,42.000000,2,0,1741779,621,9,621,9,0,43,0
5,700,21.000000,42.000000,2,0,1741782,621,9,621,9,0,43,0
5,700,21.000000,42.000000,2,0,1741785,621,9,621,9,0,43,0
5,700,21.000000,42.000000,2,0,1741788,621,9,621,9,0,43,0
5,700,21.000000,42.000000,2,0,1741791,621,9,621,9,0,43,0
5,700,21.000000,42.000000,2,0,1741793,621,9,621,9,0,43,0
5,700,21.000000,42.000000,2,0,1741796,621,9,621,9,0,43,0
5,700,21.000000,42.000000,2,0,1741798,621,9,621,9,0,43,0
5,700,21.000000,42.000000,2,0,1741801,621,9,621,9,0,43,0
5,700,21.000000,42.000000,2,0,1741804,621,9,621,9,0,43,0
5,700,21.000000,42.000000,2,0,1741807,621,9,621,9,0,43,0
5,700,21.000000,42.000000,2,0,1741810,621,9,621,9,0,43,0
5,700,21.000000,42.000000,2,0,1741812,621,9,621,9,0,43,0
5,700,21.000000,42.000000,2,0,1741815,621,9,621,9,0,43,0
5,700,21.000000,42.000000,2,0,1741818,621,9,621,9,0,43,0
5,700,21.000000,42.000000,2,0,1741821,621,9,621,9,0,43,0
5,700,21.000000,42.000000,2,0,1741824,621,9,621,9,0,43,0
5,700,21.000000,42.000000,2,0,1741826,621,10,621,10,0,43,0
5,700,21.000000,42.000000,2,0,1741829,621,11,621,11,0,43,0
5,700,21.000000,42.000000,2,0,1741832,621,11,621,11,0,43,0
5,700,21.000000,42.000000,2,0,1741835,622,11,622,11,0,43,0
5,700,21.000000,42.000000,2,0,1741838,621,11,621,11,0,43,0
5,700,21.000000,42.000000,2,0,1741840,624,14,624,14,0,43,0
5,700,21.000000,42.000000,2,0,1741843,627,17,627,17,0,43,0
5,700,21.000000,42.000000,2,0,1741846,627,17,627,17,0,43,0
5,700,21.000000,42.000000,2,0,1741849,627,19,627,19,0,43,0
5,700,21.000000,42.000000,2,0,1741852,628,19,628,19,0,43,0
5,700,21.000000,42.000000,2,0,1741854,628,20,628,20,0,43,0
5,700,21.000000,42.000000,2,0,1741857,628,21,628,21,0,43,0
5,700,21.000000,42.000000,2,0,1741860,629,22,629,22,0,43,0
5,700,21.000000,42.000000,2,0,1741863,631,22,631,22,0,43,0
5,700,21.000000,42.000000,2,0,1741865,632,24,632,24,0,43,0
5,700,21.000000,42.000000,2,0,1741868,633,24,633,24,0,43,0
5,700,21.000000,42.000000,2,0,1741871,635,24,635,24,0,43,0
5,700,21.000000,42.000000,2,0,1741874,637,24,637,24,0,43,0
5,700,21.000000,42.000000,2,0,1741877,639,24,639,24,0,43,0
5,700,21.000000,42.000000,2,0,1741879,641,25,641,25,0,43,0
5,700,21.000000,42.000000,2,0,1741882,645,28,645,28,0,43,0
5,700,21.000000,42.000000,2,0,1741885,648,31,648,31,0,43,0
5,700,21.000000,42.000000,2,0,1741888,652,32,652,32,0,43,0
5,700,21.000000,42.000000,2,0,1741891,655,35,655,35,0,43,0
5,700,21.000000,42.000000,2,0,1741893,660,36,660,36,0,43,0
5,700,21.000000,42.000000,2,0,1741896,663,38,663,38,0,43,0
5,700,21.000000,42.000000,2,0,1741899,668,43,668,43,0,43,0
5,700,21.000000,42.000000,2,0,1741901,673,44,673,44,0,43,0
5,700,21.000000,42.000000,2,0,1741904,678,46,678,46,0,43,0
5,700,21.000000,42.000000,2,0,1741907,683,47,683,47,0,43,0
5,700,21.000000,42.000000,2,0,1741910,690,49,690,49,0,43,0
5,700,21.000000,42.000000,2,0,1741913,698,50,698,50,0,43,0
5,700,21.000000,42.000000,2,0,1741915,704,52,704,52,0,43,0
5,700,21.000000,42.000000,2,0,1741918,711,55,711,55,0,43,0
5,700,21.000000,42.000000,2,0,1741921,721,57,721,57,0,43,0
5,700,21.000000,42.000000,2,0,1741924,730,61,730,61,0,43,0
5,700,21.000000,42.000000,2,0,1741927,740,63,740,63,0,43,0
5,700,21.000000,42.000000,2,0,1741929,749,65,749,65,0,43,0
5,700,21.000000,42.000000,2,0,1741932,760,67,760,67,0,43,0
5,700,21.000000,42.000000,2,0,1741935,771,69,771,69,0,43,0
5,700,21.000000,42.000000,2,0,1741938,783,71,783,71,0,43,0
5,700,21.000000,42.000000,2,0,1741940,795,73,795,73,0,43,0
5,700,21.000000,42.000000,2,0,1741943,807,74,807,74,0,43,0
5,700,21.000000,42.000000,2,0,1741946,821,74,821,74,0,43,0
5,700,21.000000,42.000000,2,0,1741949,838,75,838,75,0,43,0
5,700,21.000000,42.000000,2,0,1741951,851,76,851,76,0,43,0
5,700,21.000000,42.000000,2,0,1741954,864,76,864,76,0,43,0
5,700,21.000000,42.000000,2,0,1741957,881,76,881,76,0,43,0
5,700,21.000000,42.000000,2,0,1741960,895,76,895,76,0,43,0
5,700,21.000000,42.000000,2,0,1741963,912,77,912,77,0,43,0
5,700,21.000000,42.000000,2,0,1741965,926,77,926,77,0,43,0
5,700,21.000000,42.000000,2,0,1741968,942,77,942,77,0,43,0
5,700,21.000000,42.000000,2,0,1741971,956,77,956,77,0,43,0
5,700,21.000000,42.000000,2,0,1741974,977,77,977,77,0,43,0
5,700,21.000000,42.000000,2,0,1741976,995,77,995,77,0,43,0
5,700,21.000000,42.000000,2,0,1741979,1014,77,1014,77,0,43,0
5,700,21.000000,42.000000,2,0,1741982,1027,76,1027,76,0,43,0
5,700,21.000000,42.000000,2,0,1741985,1043,76,1043,76,0,43,0
5,700,21.000000,42.000000,2,0,1741988,1058,75,1058,75,0,43,0
5,700,21.000000,42.000000,2,0,1741991,1073,74,1073,74,0,43,0
5,700,21.000000,42.000000,2,0,1741993,1088,73,1088,73,0,43,0
5,700,21.000000,42.000000,2,0,1741996,1102,72,1102,72,0,43,0
5,700,21.000000,42.000000,2,0,1741999,1114,71,1114,71,0,43,0
5,700,21.000000,42.000000,2,0,1742001,1130,69,1130,69,0,43,0
5,700,21.000000,42.000000,2,0,1742004,1145,68,1145,68,0,43,0
5,700,21.000000,42.000000,2,0,1742007,1162,66,1162,66,0,43,0
5,700,21.000000,42.000000,2,0,1742010,1173,64,1173,64,0,43,0
5,700,21.000000,42.000000,2,0,1742013,1183,61,1183,61,0,43,0
5,700,21.000000,42.000000,2,0,1742015,1194,60,1194,60,0,43,0
5,700,21.000000,42.000000,2,0,1742018,1205,60,1205,60,0,43,0
5,700,21.000000,42.000000,2,0,1742021,1215,60,1215,60,0,43,0
5,700,21.000000,42.000000,2,0,1742024,1226,58,1226,58,0,43,0
5,700,21.000000,42.000000,2,0,1742026,1235,56,1235,56,0,43,0
5,700,21.000000,42.000000,2,0,1742029,1241,56,1241,56,0,43,0
5,700,21.000000,42.000000,2,0,1742032,1250,53,1250,53,0,43,0
5,700,21.000000,42.000000,2,0,1742035,1260,53,1260,53,0,43,0
5,700,21.000000,42.000000,2,0,1742038,1264,50,1264,50,0,43,0
5,700,21.000000,42.000000,2,0,1742040,1271,51,1271,51,0,43,0
5,700,21.000000,42.000000,2,0,1742043,1277,51,1277,51,0,43,0
5,700,21.000000,42.000000,2,0,1742046,1285,48,1285,48,0,43,0
5,700,21.000000,42.000000,2,0,1742049,1290,48,1290,48,0,43,0
5,700,21.000000,42.000000,2,0,1742052,1294,45,1294,45,0,43,0
5,700,21.000000,42.000000,2,0,1742055,1297,45,1297,45,0,43,0
5,700,21.000000,42.000000,2,0,1742057,1300,43,1300,43,0,43,0
5,700,21.000000,42.000000,2,0,1742060,1303,42,1303,42,0,43,0
5,700,21.000000,42.000000,2,0,1742063,1306,41,1306,41,0,43,0
5,700,21.000000,42.000000,2,0,1742066,1308,40,1308,40,0,43,0
5,700,21.000000,42.000000,2,0,1742068,1309,40,1309,40,0,43,0
5,700,21.000000,42.000000,2,0,1742071,1312,38,1312,38,0,43,0
5,700,21.000000,42.000000,2,0,1742074,1313,38,1313,38,0,43,0
5,700,21.000000,42.000000,2,0,1742077,1314,38,1314,38,0,43,0
5,700,21.000000,42.000000,2,0,1742080,1315,37,1315,37,0,43,0
5,700,21.000000,42.000000,2,0,1742082,1315,36,1315,36,0,43,0
5,700,21.000000,42.000000,2,0,1742085,1315,35,1315,35,0,43,0
5,700,21.000000,42.000000,2,0,1742088,1315,34,1315,34,0,43,0
5,700,21.000000,42.000000,2,0,1742090,1315,33,1315,33,0,43,0
5,700,21.000000,42.000000,2,0,1742093,1315,33,1315,33,0,43,0
5,700,21.000000,42.000000,2,0,1742096,1315,33,1315,33,0,43,0
5,700,21.000000,42.000000,2,0,1742099,1317,32,1317,32,0,43,0
5,700,21.000000,42.000000,2,0,1742101,1317,32,1317,32,0,43,0
5,700,21.000000,42.000000,2,0,1742104,1317,31,1317,31,0,43,0
5,700,21.000000,42.000000,2,0,1742107,1318,31,1318,31,0,43,0
5,700,21.000000,42.000000,2,0,1742110,1318,30,1318,30,0,43,0
5,700,21.000000,42.000000,2,0,1742113,1318,29,1318,29,0,43,0
5,700,21.000000,42.000000,2,0,1742116,1318,29,1318,29,0,43,0
5,700,21.000000,42.000000,2,0,1742118,1318,28,1318,28,0,43,0
5,700,21.000000,42.000000,2,0,1742121,1319,28,1319,28,0,43,0
5,700,21.000000,42.000000,2,0,1742124,1319,26,1319,26,0,43,0
5,700,21.000000,42.000000,2,0,1742126,1319,25,1319,25,0,43,0
5,700,21.000000,42.000000,2,0,1742129,1319,24,1319,24,0,43,0
5,700,21.000000,42.000000,2,0,1742132,1320,22,1320,22,0,43,0
5,700,21.000000,42.000000,2,0,1742135,1322,20,1322,20,0,43,0
5,700,21.000000,42.000000,2,0,1742138,1323,20,1323,20,0,43,0
5,700,21.000000,42.000000,2,0,1742140,1323,19,1323,19,0,43,0
5,700,21.000000,42.000000,2,0,1742143,1324,18,1324,18,0,43,0
5,700,21.000000,42.000000,2,0,1742146,1325,17,1325,17,0,43,0
5,700,21.000000,42.000000,2,0,1742149,1325,16,1325,16,0,43,0
5,700,21.000000,42.000000,2,0,1742152,1326,16,1326,16,0,43,0
5,700,21.000000,42.000000,2,0,1742154,1326,15,1326,15,0,43,0
5,700,21.000000,42.000000,2,0,1742157,1327,15,1327,15,0,43,0
5,700,21.000000,42.000000,2,0,1742160,1327,14,1327,14,0,43,0
5,700,21.000000,42.000000,2,0,1742163,1327,13,1327,13,0,43,0
5,700,21.000000,42.000000,2,0,1742165,1327,12,1327,12,0,43,0
5,700,21.000000,42.000000,2,0,1742168,1327,11,1327,11,0,43,0
5,700,21.000000,42.000000,2,0,1742171,1327,11,1327,11,0,43,0
5,700,21.000000,42.000000,2,0,1742174,1327,11,1327,11,0,43,0
5,700,21.000000,42.000000,2,0,1742177,1327,10,1327,10,0,43,0
5,700,21.000000,42.000000,2,0,1742180,1327,10,1327,10,0,43,0
5,700,21.000000,42.000000,2,0,1742182,1327,9,1327,9,0,43,0
5,700,21.000000,42.000000,2,0,1742185,1327,8,1327,8,0,43,0
5,700,21.000000,42.000000,2,0,1742188,1327,7,1327,7,0,43,0
5,700,21.000000,42.000000,2,0,1742190,1327,6,1327,6,0,43,0
5,700,21.000000,42.000000,2,0,1742194,1327,6,1327,6,0,43,0
5,700,21.000000,42.000000,2,0,1742196,1327,6,1327,6,0,43,0
5,700,21.000000,42.000000,2,0,1742199,1327,6,1327,6,0,43,0
5,700,21.000000,42.000000,2,0,1742202,1327,6,1327,6,0,43,0
5,700,21.000000,42.000000,2,0,1742205,1327,5,1327,5,0,43,0
5,700,21.000000,42.000000,2,0,1742207,1327,4,1327,4,0,43,0
5,700,21.000000,42.000000,2,0,1742210,1327,4,1327,4,0,43,0
5,700,21.000000,42.000000,2,0,1742213,1327,4,1327,4,0,43,0
5,700,21.000000,42.000000,2,0,1742216,1327,4,1327,4,0,43,0
5,700,21.000000,42.000000,2,0,1742218,1327,3,1327,3,0,43,0
5,700,21.000000,42.000000,2,0,1742221,1327,3,1327,3,0,43,0
5,700,21.000000,42.000000,2,0,1742224,1327,3,1327,3,0,43,0
5,700,21.000000,42.000000,2,0,1742227,1327,3,1327,3,0,43,0
5,700,21.000000,42.000000,2,0,1742230,1327,3,1327,3,0,43,0
5,700,21.000000,42.000000,2,0,1742232,1327,3,1327,3,0,43,0
5,700,21.000000,42.000000,2,0,1742235,1327,2,1327,2,0,43,0
5,700,21.000000,42.000000,2,0,1742238,1327,1,1327,1,0,43,0
5,700,21.000000,42.000000,2,0,1742240,1327,1,1327,1,0,43,0
5,700,21.000000,42.000000,2,0,1742243,1327,1,1327,1,0,43,0
5,700,21.000000,42.000000,2,0,1742246,1327,1,1327,1,0,43,0
5,700,21.000000,42.000000,2,0,1742249,1327,0,1327,0,0,43,0
5,700,21.000000,42.000000,2,0,1742252,1327,0,1327,0,0,43,0
5,700,21.000000,42.000000,2,0,1742254,1327,0,1327,0,0,43,0
5,700,21.000000,42.000000,2,0,1742257,1327,0,1327,0,0,43,0
5,700,21.000000,42.000000,2,0,1742260,1326,0,1326,0,0,43,0
5,700,21.000000,42.000000,2,0,1742263,1325,0,1325,-1,0,43,0
5,700,21.000000,42.000000,2,0,1742266,1325,0,1325,-1,0,43,0
5,700,21.000000,42.000000,2,0,1742268,1325,0,1325,-2,0,43,0
5,700,21.000000,42.000000,2,0,1742271,1325,0,1325,-2,0,43,0
5,700,21.000000,42.000000,2,0,1742274,1325,0,1325,-2,0,43,0
5,700,21.000000,42.000000,2,0,1742277,1325,0,1325,-2,0,43,0
5,700,21.000000,42.000000,2,0,1742280,1325,0,1325,-2,0,43,0
5,700,21.000000,42.000000,2,0,1742282,1325,0,1325,-2,0,43,0
5,700,21.000000,42.000000,2,0,1742285,1325,0,1325,-2,0,43,0
5,700,21.000000,42.000000,2,0,1742288,1325,0,1325,-2,0,43,0
5,700,21.000000,42.000000,2,0,1742291,1325,0,1325,-2,0,43,0
5,700,21.000000,42.000000,2,0,1742293,1325,0,1325,-2,0,43,0
5,700,21.000000,42.000000,2,0,1742296,1325,0,1325,-2,0,43,0
5,700,21.000000,42.000000,2,0,1742299,1325,0,1325,-2,0,43,0
5,700,21.000000,42.000000,2,0,1742302,1325,0,1325,-2,0,43,0
5,700,21.000000,42.000000,2,0,1742304,1325,0,1325,-2,0,43,0
5,700,21.000000,42.000000,2,0,1742307,1325,0,1325,-2,0,43,0
5,700,21.000000,42.000000,2,0,1742310,1325,0,1325,-2,0,43,0
5,700,21.000000,42.000000,2,0,1742313,1325,0,1325,-2,0,43,0
5,700,21.000000,42.000000,2,0,1742316,1325,0,1325,-2,0,43,0
5,700,21.000000,42.000000,2,0,1742318,1325,0,1325,-2,0,43,0
5,700,21.000000,42.000000,2,0,1742321,1325,0,1325,-2,0,43,0
5,700,21.000000,42.000000,2,0,1742324,1325,0,1325,-2,0,43,0
5,700,21.000000,42.000000,2,0,1742327,1325,0,1325,-2,0,43,0
5,700,21.000000,42.000000,2,0,1742330,1325,0,1325,-2,0,43,0
5,700,21.000000,42.000000,2,0,1742333,1325,0,1325,-2,0,43,0
5,700,21.000000,42.000000,2,0,1742335,1325,0,1325,-2,0,43,0
5,700,21.000000,42.000000,2,0,1742338,1325,0,1325,-2,0,43,0
5,700,21.000000,42.000000,2,0,1742341,1325,0,1325,-2,0,43,0
5,700,21.000000,42.000000,2,0,1742344,1325,0,1325,-2,0,43,0
5,700,21.000000,42.000000,2,0,1742346,1325,0,1325,-2,0,43,0
5,700,21.000000,42.000000,2,0,1742349,1325,0,1325,-2,0,43,0
5,700,21.000000,42.000000,2,0,1742352,1325,0,1325,-2,0,43,0
5,700,21.000000,42.000000,2,0,1742355,1325,0,1325,-2,0,43,0
5,700,21.000000,42.000000,2,0,1742357,1325,0,1325,-2,0,43,0
5,700,21.000000,42.000000,2,0,1742360,1325,0,1325,-2,0,43,0
5,700,21.000000,42.000000,2,0,1742363,1325,0,1325,-2,0,43,0
5,700,21.000000,42.000000,2,0,1742365,1325,0,1325,-2,0,43,0
5,700,21.000000,42.000000,2,0,1742368,1325,0,1325,-2,0,43,0
5,700,21.000000,42.000000,2,0,1742371,1325,0,1325,-2,0,43,0
5,700,21.000000,42.000000,2,0,1742374,1325,0,1325,-2,0,43,0
5,700,21.000000,42.000000,2,0,1742377,1325,0,1325,-2,0,43,0
5,700,21.000000,42.000000,2,0,1742379,1325,0,1325,-2,0,43,0
5,700,21.000000,42.000000,2,0,1742382,1325,0,1325,-2,0,43,0
5,700,21.000000,42.000000,2,0,1742385,1325,0,1325,-2,0,43,0
5,700,21.000000,42.000000,2,0,1742388,1325,0,1325,-2,0,43,0
5,700,21.000000,42.000000,2,0,1742391,1325,0,1325,-2,0,43,0
5,700,21.000000,42.000000,2,0,1742394,1325,0,1325,-2,0,43,0
5,700,21.000000,42.000000,2,0,1742396,1325,0,1325,-2,0,43,0
5,700,21.000000,42.000000,2,0,1742399,1325,0,1325,-2,0,43,0
5,700,21.000000,42.000000,2,0,1742402,1325,0,1325,-2,0,43,0
5,700,21.000000,42.000000,2,0,1742404,1325,0,1325,-2,0,43,0
5,700,21.000000,42.000000,2,0,1742407,1325,0,1325,-2,0,43,0
5,700,21.000000,42.000000,2,0,1742410,1325,0,1325,-2,0,43,0
5,700,21.000000,42.000000,2,0,1742413,1325,0,1325,-2,0,43,0
5,700,21.000000,42.000000,2,0,1742416,1325,0,1325,-2,0,43,0
5,700,21.000000,42.000000,2,0,1742418,1325,0,1325,-2,0,43,0
5,700,21.000000,42.000000,2,0,1742421,1325,0,1325,-2,0,43,0
5,700,21.000000,42.000000,2,0,1742424,1325,0,1325,-2,0,43,0
5,700,21.000000,42.000000,2,0,1742427,1325,0,1325,-2,0,43,0
5,700,21.000000,42.000000,2,0,1742430,1325,0,1325,-2,0,43,0
5,700,21.000000,42.000000,2,0,1742432,1325,0,1325,-2,0,43,0
5,700,21.000000,42.000000,2,0,1742435,1325,0,1325,-2,0,43,0
5,700,21.000000,42.000000,2,0,1742438,1325,0,1325,-2,0,43,0
5,700,21.000000,42.000000,2,0,1742441,1325,0,1325,-2,0,43,0
5,700,21.000000,42.000000,2,0,1742444,1325,0,1325,-2,0,43,0
5,700,21.000000,42.000000,2,0,1742446,1325,0,1325,-2,0,43,0
5,700,21.000000,42.000000,2,0,1742449,1325,0,1325,-2,0,43,0
5,700,21.000000,42.000000,2,0,1742452,1325,0,1325,-2,0,43,0
5,700,21.000000,42.000000,2,0,1742455,1325,0,1325,-2,0,43,0
5,700,21.000000,42.000000,2,0,1742458,1325,0,1325,-2,0,43,0
5,700,21.000000,42.000000,2,0,1742460,1325,0,1325,-2,0,43,0
5,700,21.000000,42.000000,2,0,1742463,1325,0,1325,-2,0,43,0
5,700,21.000000,42.000000,2,0,1742466,1325,0,1325,-2,0,43,0
5,700,21.000000,42.000000,2,0,1742468,1325,0,1325,-2,0,43,0
5,700,21.000000,42.000000,2,0,1742471,1325,0,1325,-2,0,43,0
5,700,21.000000,42.000000,2,0,1742474,1325,0,1325,-2,0,43,0
5,700,21.000000,42.000000,2,0,1742477,1325,0,1325,-2,0,43,0
5,700,21.000000,42.000000,2,0,1742479,1325,0,1325,-2,0,43,0
5,700,21.000000,42.000000,2,0,1742482,1325,0,1325,-2,0,43,0
5,700,21.000000,42.000000,2,0,1742485,1325,0,1325,-2,0,43,0
5,700,21.000000,42.000000,2,0,1742488,1325,0,1325,-2,0,43,0
5,700,21.000000,42.000000,2,0,1742491,1325,0,1325,-2,0,43,0
5,700,21.000000,42.000000,2,0,1742493,1325,0,1325,-2,0,43,0
5,700,21.000000,42.000000,2,0,1742496,1325,0,1325,-2,0,43,0
5,700,21.000000,42.000000,2,0,1742499,1325,0,1325,-2,0,43,0
5,700,21.000000,42.000000,2,0,1742502,1325,0,1325,-2,0,43,0
5,700,21.000000,42.000000,2,0,1742505,1325,0,1325,-2,0,43,0
5,700,21.000000,42.000000,2,0,1742508,1325,0,1325,-2,0,43,0
5,700,21.000000,42.000000,2,0,1742510,1325,0,1325,-2,0,43,0
5,700,21.000000,42.000000,2,0,1742513,1325,0,1325,-2,0,43,0
5,700,21.000000,42.000000,2,0,1742516,1325,0,1325,-2,0,43,0
5,700,21.000000,42.000000,2,0,1742518,1325,0,1325,-2,0,43,0
5,700,21.000000,42.000000,2,0,1742521,1325,0,1325,-2,0,43,0
5,700,21.000000,42.000000,2,0,1742524,1325,0,1325,-2,0,43,0
5,700,21.000000,42.000000,2,0,1742527,1325,0,1325,-2,0,43,0
5,700,21.000000,42.000000,2,0,1742530,1325,0,1325,-2,0,43,0
5,700,21.000000,42.000000,2,0,1742533,1325,0,1325,-2,0,43,0
5,700,21.000000,42.000000,2,0,1742535,1325,0,1325,-2,0,43,0
5,700,21.000000,42.000000,2,0,1742538,1325,0,1325,-2,0,43,0
5,700,21.000000,42.000000,2,0,1742541,1324,0,1324,-2,0,43,0
5,700,21.000000,42.000000,2,0,1742544,1324,0,1324,-2,0,43,0
5,700,21.000000,42.000000,2,0,1742547,1324,0,1324,-2,0,43,0
5,700,21.000000,42.000000,2,0,1742549,1324,0,1324,-2,0,43,0
5,700,21.000000,42.000000,2,0,1742552,1324,0,1324,-2,0,43,0
5,700,21.000000,42.000000,2,0,1742554,1323,0,1323,-2,0,43,0
5,700,21.000000,42.000000,2,0,1742557,1323,0,1323,-2,0,43,0
5,700,21.000000,42.000000,2,0,1742560,1323,0,1323,-2,0,43,0
5,700,21.000000,42.000000,2,0,1742563,1323,0,1323,-3,0,43,0
5,700,21.000000,42.000000,2,0,1742566,1323,0,1323,-3,0,43,0
5,700,21.000000,42.000000,2,0,1742568,1323,0,1323,-3,0,43,0
5,700,21.000000,42.000000,2,0,1742571,1323,0,1323,-3,0,43,0
5,700,21.000000,42.000000,2,0,1742574,1323,0,1323,-3,0,43,0
5,700,21.000000,42.000000,2,0,1742577,1322,0,1322,-3,0,43,0
5,700,21.000000,42.000000,2,0,1742580,1322,0,1322,-3,0,43,0
5,700,21.000000,42.000000,2,0,1742582,1321,0,1321,-3,0,43,0
5,700,21.000000,42.000000,2,0,1742585,1320,0,1320,-3,0,43,0
5,700,21.000000,42.000000,2,0,1742588,1320,0,1320,-3,0,43,0
5,700,21.000000,42.000000,2,0,1742591,1320,0,1320,-3,0,43,0
5,700,21.000000,42.000000,2,0,1742594,1320,0,1320,-3,0,43,0
5,700,21.000000,42.000000,2,0,1742596,1320,0,1320,-3,0,43,0
5,700,21.000000,42.000000,2,0,1742599,1320,0,1320,-3,0,43,0
5,700,21.000000,42.000000,2,0,1742602,1320,0,1320,-3,0,43,0
5,700,21.000000,42.000000,2,0,1742605,1320,0,1320,-4,0,43,0
5,700,21.000000,42.000000,2,0,1742608,1320,0,1320,-5,0,43,0
5,700,21.000000,42.000000,2,0,1742610,1320,0,1320,-5,0,43,0
5,700,21.000000,42.000000,2,0,1742613,1320,0,1320,-5,0,43,0
5,700,21.000000,42.000000,2,0,1742616,1320,0,1320,-5,0,43,0
5,700,21.000000,42.000000,2,0,1742619,1319,0,1319,-5,0,43,0
5,700,21.000000,42.000000,2,0,1742622,1319,0,1319,-5,0,43,0
5,700,21.000000,42.000000,2,0,1742624,1319,0,1319,-5,0,43,0
5,700,21.000000,42.000000,2,0,1742627,1318,0,1318,-5,0,43,0
5,700,21.000000,42.000000,2,0,1742630,1317,0,1317,-5,0,43,0
5,700,21.000000,42.000000,2,0,1742633,1317,0,1317,-5,0,43,0
5,700,21.000000,42.000000,2,0,1742635,1317,0,1317,-5,0,43,0
5,700,21.000000,42.000000,2,0,1742638,1317,0,1317,-5,0,43,0
5,700,21.000000,42.000000,2,0,1742641,1317,0,1317,-5,0,43,0
5,700,21.000000,42.000000,2,0,1742644,1317,0,1317,-5,0,43,0
5,700,21.000000,42.000000,2,0,1742647,1317,0,1317,-6,0,43,0
5,700,21.000000,42.000000,2,0,1742649,1317,0,1317,-7,0,43,0
5,700,21.000000,42.000000,2,0,1742652,1317,0,1317,-7,0,43,0
5,700,21.000000,42.000000,2,0,1742655,1317,0,1317,-7,0,43,0
5,700,21.000000,42.000000,2,0,1742658,1317,0,1317,-7,0,43,0
5,700,21.000000,42.000000,2,0,1742660,1317,0,1317,-7,0,43,0
5,700,21.000000,42.000000,2,0,1742663,1317,0,1317,-7,0,43,0
5,700,21.000000,42.000000,2,0,1742666,1317,0,1317,-7,0,43,0
5,700,21.000000,42.000000,2,0,1742668,1317,0,1317,-7,0,43,0
5,700,21.000000,42.000000,2,0,1742671,1317,0,1317,-7,0,43,0
5,700,21.000000,42.000000,2,0,1742674,1317,0,1317,-7,0,43,0
5,700,21.000000,42.000000,2,0,1742677,1317,0,1317,-7,0,43,0
5,700,21.000000,42.000000,2,0,1742680,1317,0,1317,-7,0,43,0
5,700,21.000000,42.000000,2,0,1742683,1316,0,1316,-7,0,43,0
5,700,21.000000,42.000000,2,0,1742685,1315,0,1315,-7,0,43,0
5,700,21.000000,42.000000,2,0,1742688,1315,0,1315,-7,0,43,0
5,700,21.000000,42.000000,2,0,1742691,1315,0,1315,-7,0,43,0
5,700,21.000000,42.000000,2,0,1742694,1315,0,1315,-7,0,43,0
5,700,21.000000,42.000000,2,0,1742696,1315,0,1315,-7,0,43,0
5,700,21.000000,42.000000,2,0,1742699,1315,0,1315,-7,0,43,0
5,700,21.000000,42.000000,2,0,1742702,1315,0,1315,-7,0,43,0
5,700,21.000000,42.000000,2,0,1742705,1315,0,1315,-7,0,43,0
5,700,21.000000,42.000000,2,0,1742708,1315,0,1315,-7,0,43,0
5,700,21.000000,42.000000,2,0,1742710,1315,0,1315,-7,0,43,0
5,700,21.000000,42.000000,2,0,1742713,1315,0,1315,-7,0,43,0
5,700,21.000000,42.000000,2,0,1742716,1315,0,1315,-7,0,43,0
5,700,21.000000,42.000000,2,0,1742719,1315,0,1315,-7,0,43,0
5,700,21.000000,42.000000,2,0,1742722,1315,0,1315,-7,0,43,0
5,700,21.000000,42.000000,2,0,1742724,1315,0,1315,-7,0,43,0
5,700,21.000000,42.000000,2,0,1742727,1315,0,1315,-7,0,43,0
5,700,21.000000,42.000000,2,0,1742730,1315,0,1315,-7,0,43,0
5,700,21.000000,42.000000,2,0,1742733,1315,0,1315,-7,0,43,0
5,700,21.000000,42.000000,2,0,1742736,1315,0,1315,-7,0,43,0
5,700,21.000000,42.000000,2,0,1742738,1315,0,1315,-7,0,43,0
5,700,21.000000,42.000000,2,0,1742741,1315,0,1315,-7,0,43,0
5,700,21.000000,42.000000,2,0,1742744,1315,0,1315,-7,0,43,0
5,700,21.000000,42.000000,2,0,1742746,1315,0,1315,-7,0,43,0
5,700,21.000000,42.000000,2,0,1742749,1315,0,1315,-7,0,43,0
5,700,21.000000,42.000000,2,0,1742752,1315,0,1315,-7,0,43,0
5,700,21.000000,42.000000,2,0,1742755,1315,0,1315,-7,0,43,0
5,700,21.000000,42.000000,2,0,1742757,1315,0,1315,-7,0,43,0
5,700,21.000000,42.000000,2,0,1742760,1315,0,1315,-7,0,43,0
5,700,21.000000,42.000000,2,0,1742763,1315,0,1315,-7,0,43,0
5,700,21.000000,42.000000,2,0,1742766,1315,0,1315,-7,0,43,0
5,700,21.000000,42.000000,2,0,1742769,1315,0,1315,-7,0,43,0
5,700,21.000000,42.000000,2,0,1742771,1315,0,1315,-7,0,43,0
5,700,21.000000,42.000000,2,0,1742774,1315,0,1315,-7,0,43,0
5,700,21.000000,42.000000,2,0,1742777,1315,0,1315,-7,0,43,0
5,700,21.000000,42.000000,2,0,1742780,1315,0,1315,-7,0,43,0
5,700,21.000000,42.000000,2,0,1742783,1315,0,1315,-7,0,43,0
5,700,21.000000,42.000000,2,0,1742785,1315,0,1315,-7,0,43,0
5,700,21.000000,42.000000,2,0,1742798,1315,0,1315,-7,0,43,0
