5,350,80.500000,0.000000,2,0,2032197,784,5,784,5,0,58,11
5,350,80.500000,0.000000,2,0,2032198,784,5,784,5,0,58,11
5,350,80.500000,0.000000,2,0,2032201,784,5,784,5,0,58,11
5,350,80.500000,0.000000,2,0,2032204,784,5,784,5,0,58,11
5,350,80.500000,0.000000,2,0,2032206,784,5,784,5,0,58,11
5,350,80.500000,0.000000,2,0,2032209,784,5,784,5,0,58,11
5,350,80.500000,0.000000,2,0,2032212,784,5,784,5,0,58,11
5,350,80.500000,0.000000,2,0,2032215,784,5,784,5,0,58,11
5,350,80.500000,0.000000,2,0,2032217,784,5,784,5,0,58,11
5,350,80.500000,0.000000,2,0,2032220,784,5,784,5,0,58,11
5,350,80.500000,0.000000,2,0,2032223,784,5,784,5,0,58,11
5,350,80.500000,0.000000,2,0,2032226,784,5,784,5,0,58,11
5,350,80.500000,0.000000,2,0,2032228,784,5,784,5,0,58,11
5,350,80.500000,0.000000,2,0,2032231,784,5,784,5,0,58,11
5,350,80.500000,0.000000,2,0,2032234,784,5,784,5,0,58,11
5,350,80.500000,0.000000,2,0,2032237,784,5,784,5,0,58,11
5,350,80.500000,0.000000,2,0,2032240,784,5,784,5,0,58,11
5,350,80.500000,0.000000,2,0,2032242,784,5,784,5,0,58,11
5,350,80.500000,0.000000,2,0,2032245,784,5,784,5,0,58,11
5,350,80.500000,0.000000,2,0,2032248,784,5,784,5,0,58,11
5,350,80.500000,0.000000,2,0,2032250,784,5,784,5,0,58,11
5,350,80.500000,0.000000,2,0,2032253,784,5,784,5,0,58,11
5,350,80.500000,0.000000,2,0,2032256,784,5,784,5,0,58,11
5,350,80.500000,0.000000,2,0,2032259,784,5,784,5,0,58,11
5,350,80.500000,0.000000,2,0,2032262,784,5,784,5,0,58,11
5,350,80.500000,0.000000,2,0,2032264,784,5,784,5,0,58,11
5,350,80.500000,0.000000,2,0,2032267,785,5,785,5,0,58,11
5,350,80.500000,0.000000,2,0,2032270,785,6,785,6,0,58,11
5,350,80.500000,0.000000,2,0,2032273,787,6,787,6,0,58,11
5,350,80.500000,0.000000,2,0,2032276,788,6,788,6,0,58,11
5,350,80.500000,0.000000,2,0,2032278,789,6,789,6,0,58,11
5,350,80.500000,0.000000,2,0,2032281,790,6,790,6,0,58,11
5,350,80.500000,0.000000,2,0,2032284,792,6,792,6,0,58,11
5,350,80.500000,0.000000,2,0,2032287,793,8,793,8,0,58,11
5,350,80.500000,0.000000,2,0,2032290,796,9,796,9,0,58,11
5,350,80.500000,0.000000,2,0,2032293,798,10,798,10,0,58,11
5,350,80.500000,0.000000,2,0,2032295,800,10,800,10,0,58,11
5,350,80.500000,0.000000,2,0,2032298,802,13,802,13,0,58,11
5,350,80.500000,0.000000,2,0,2032301,804,14,804,14,0,58,11
5,350,80.500000,0.000000,2,0,2032304,807,15,807,15,0,58,11
5,350,80.500000,0.000000,2,0,2032306,810,19,810,19,0,58,11
5,350,80.500000,0.000000,2,0,2032309,814,20,814,20,0,58,11
5,350,80.500000,0.000000,2,0,2032312,816,23,816,23,0,58,11
5,350,80.500000,0.000000,2,0,2032314,820,24,820,24,0,58,11
5,350,80.500000,0.000000,2,0,2032317,824,26,824,26,0,58,11
5,350,80.500000,0.000000,2,0,2032320,827,28,827,28,0,58,11
5,350,80.500000,0.000000,2,0,2032323,833,29,833,29,0,58,11
5,350,80.500000,0.000000,2,0,2032326,839,32,839,32,0,58,11
5,350,80.500000,0.000000,2,0,2032328,842,35,842,35,0,58,11
5,350,80.500000,0.000000,2,0,2032331,848,37,848,37,0,58,11
5,350,80.500000,0.000000,2,0,2032334,856,40,856,40,0,58,11
5,350,80.500000,0.000000,2,0,2032337,863,42,863,42,0,58,11
5,350,80.500000,0.000000,2,0,2032340,870,44,870,44,0,58,11
5,350,80.500000,0.000000,2,0,2032342,875,45,875,45,0,58,11
5,350,80.500000,0.000000,2,0,2032345,882,47,882,47,0,58,11
5,350,80.500000,0.000000,2,0,2032348,899,50,899,50,0,58,11
5,350,80.500000,0.000000,2,0,2032351,904,52,904,52,0,58,11
5,350,80.500000,0.000000,2,0,2032354,912,53,912,53,0,58,11
5,350,80.500000,0.000000,2,0,2032356,917,55,917,55,0,58,11
5,350,80.500000,0.000000,2,0,2032359,922,55,922,55,0,58,11
5,350,80.500000,0.000000,2,0,2032362,930,55,930,55,0,58,11
5,350,80.500000,0.000000,2,0,2032365,935,55,935,55,0,58,11
5,350,80.500000,0.000000,2,0,2032368,942,56,942,56,0,58,11
5,350,80.500000,0.000000,2,0,2032370,947,57,947,57,0,58,11
5,350,80.500000,0.000000,2,0,2032373,953,57,953,57,0,58,11
5,350,80.500000,0.000000,2,0,2032376,958,57,958,57,0,58,11
5,350,80.500000,0.000000,2,0,2032378,963,58,963,58,0,58,11
5,350,80.500000,0.000000,2,0,2032381,969,58,969,58,0,58,11
5,350,80.500000,0.000000,2,0,2032384,974,58,974,58,0,58,11
5,350,80.500000,0.000000,2,0,2032387,976,58,976,58,0,58,11
5,350,80.500000,0.000000,2,0,2032390,981,58,981,58,0,58,11
5,350,80.500000,0.000000,2,0,2032392,985,58,985,58,0,58,11
5,350,80.500000,0.000000,2,0,2032395,989,58,989,58,0,58,11
5,350,80.500000,0.000000,2,0,2032398,993,58,993,58,0,58,11
5,350,80.500000,0.000000,2,0,2032401,996,58,996,58,0,58,11
5,350,80.500000,0.000000,2,0,2032403,1001,58,1001,58,0,58,11
5,350,80.500000,0.000000,2,0,2032406,1004,58,1004,58,0,58,11
5,350,80.500000,0.000000,2,0,2032409,1008,58,1008,58,0,58,11
5,350,80.500000,0.000000,2,0,2032412,1012,58,1012,58,0,58,11
5,350,80.500000,0.000000,2,0,2032414,1015,58,1015,58,0,58,11
5,350,80.500000,0.000000,2,0,2032417,1020,57,1020,57,0,58,11
5,350,80.500000,0.000000,2,0,2032420,1025,57,1025,57,0,58,11
5,350,80.500000,0.000000,2,0,2032423,1028,57,1028,57,0,58,11
5,350,80.500000,0.000000,2,0,2032426,1032,56,1032,56,0,58,11
5,350,80.500000,0.000000,2,0,2032429,1038,56,1038,56,0,58,11
5,350,80.500000,0.000000,2,0,2032432,1041,56,1041,56,0,58,11
5,350,80.500000,0.000000,2,0,2032434,1045,55,1045,55,0,58,11
5,350,80.500000,0.000000,2,0,2032437,1049,54,1049,54,0,58,11
5,350,80.500000,0.000000,2,0,2032439,1055,53,1055,53,0,58,11
5,350,80.500000,0.000000,2,0,2032442,1060,52,1060,52,0,58,11
5,350,80.500000,0.000000,2,0,2032445,1063,51,1063,51,0,58,11
5,350,80.500000,0.000000,2,0,2032448,1066,51,1066,51,0,58,11
5,350,80.500000,0.000000,2,0,2032451,1071,49,1071,49,0,58,11
5,350,80.500000,0.000000,2,0,2032453,1074,49,1074,49,0,58,11
5,350,80.500000,0.000000,2,0,2032456,1077,49,1077,49,0,58,11
5,350,80.500000,0.000000,2,0,2032459,1081,47,1081,47,0,58,11
5,350,80.500000,0.000000,2,0,2032462,1084,45,1084,45,0,58,11
5,350,80.500000,0.000000,2,0,2032465,1087,44,1087,44,0,58,11
5,350,80.500000,0.000000,2,0,2032467,1090,43,1090,43,0,58,11
5,350,80.500000,0.000000,2,0,2032470,1094,41,1094,41,0,58,11
5,350,80.500000,0.000000,2,0,2032473,1096,40,1096,40,0,58,11
5,350,80.500000,0.000000,2,0,2032476,1098,39,1098,39,0,58,11
5,350,80.500000,0.000000,2,0,2032479,1101,36,1101,36,0,58,11
5,350,80.500000,0.000000,2,0,2032481,1103,36,1103,36,0,58,11
5,350,80.500000,0.000000,2,0,2032484,1106,35,1106,35,0,58,11
5,350,80.500000,0.000000,2,0,2032487,1107,34,1107,34,0,58,11
5,350,80.500000,0.000000,2,0,2032490,1110,33,1110,33,0,58,11
5,350,80.500000,0.000000,2,0,2032492,1112,32,1112,32,0,58,11
5,350,80.500000,0.000000,2,0,2032495,1113,32,1113,32,0,58,11
5,350,80.500000,0.000000,2,0,2032498,1118,30,1118,30,0,58,11
5,350,80.500000,0.000000,2,0,2032501,1119,30,1119,30,0,58,11
5,350,80.500000,0.000000,2,0,2032504,1121,28,1121,28,0,58,11
5,350,80.500000,0.000000,2,0,2032506,1123,27,1123,27,0,58,11
5,350,80.500000,0.000000,2,0,2032509,1124,26,1124,26,0,58,11
5,350,80.500000,0.000000,2,0,2032512,1125,26,1125,26,0,58,11
5,350,80.500000,0.000000,2,0,2032515,1126,26,1126,26,0,58,11
5,350,80.500000,0.000000,2,0,2032518,1127,26,1127,26,0,58,11
5,350,80.500000,0.000000,2,0,2032520,1127,24,1127,24,0,58,11
5,350,80.500000,0.000000,2,0,2032523,1129,24,1129,24,0,58,11
5,350,80.500000,0.000000,2,0,2032526,1130,22,1130,22,0,58,11
5,350,80.500000,0.000000,2,0,2032529,1131,20,1131,20,0,58,11
5,350,80.500000,0.000000,2,0,2032532,1132,19,1132,19,0,58,11
5,350,80.500000,0.000000,2,0,2032534,1134,17,1134,17,0,58,11
5,350,80.500000,0.000000,2,0,2032537,1135,16,1135,16,0,58,11
5,350,80.500000,0.000000,2,0,2032540,1136,16,1136,16,0,58,11
5,350,80.500000,0.000000,2,0,2032543,1136,15,1136,15,0,58,11
5,350,80.500000,0.000000,2,0,2032545,1136,14,1136,14,0,58,11
5,350,80.500000,0.000000,2,0,2032548,1137,13,1137,13,0,58,11
5,350,80.500000,0.000000,2,0,2032551,1137,11,1137,11,0,58,11
5,350,80.500000,0.000000,2,0,2032554,1138,10,1138,10,0,58,11
5,350,80.500000,0.000000,2,0,2032556,1139,9,1139,9,0,58,11
5,350,80.500000,0.000000,2,0,2032559,1140,8,1140,8,0,58,11
5,350,80.500000,0.000000,2,0,2032562,1141,7,1141,7,0,58,11
5,350,80.500000,0.000000,2,0,2032565,1141,6,1141,6,0,58,11
5,350,80.500000,0.000000,2,0,2032568,1141,5,1141,5,0,58,11
5,350,80.500000,0.000000,2,0,2032570,1141,4,1141,4,0,58,11
5,350,80.500000,0.000000,2,0,2032573,1141,3,1141,3,0,58,11
5,350,80.500000,0.000000,2,0,2032576,1141,2,1141,2,0,58,11
5,350,80.500000,0.000000,2,0,2032579,1142,2,1142,2,0,58,11
5,350,80.500000,0.000000,2,0,2032581,1142,1,1142,1,0,58,11
5,350,80.500000,0.000000,2,0,2032584,1142,0,1142,0,0,58,11
5,350,80.500000,0.000000,2,0,2032587,1142,0,1142,-1,0,58,11
5,350,80.500000,0.000000,2,0,2032590,1142,0,1142,-1,0,58,11
5,350,80.500000,0.000000,2,0,2032592,1142,0,1142,-1,0,58,11
5,350,80.500000,0.000000,2,0,2032595,1142,0,1142,-1,0,58,11
5,350,80.500000,0.000000,2,0,2032598,1142,0,1142,-1,0,58,11
5,350,80.500000,0.000000,2,0,2032601,1142,0,1142,-1,0,58,11
5,350,80.500000,0.000000,2,0,2032604,1142,0,1142,-1,0,58,11
5,350,80.500000,0.000000,2,0,2032606,1142,0,1142,-1,0,58,11
5,350,80.500000,0.000000,2,0,2032609,1142,0,1142,-1,0,58,11
5,350,80.500000,0.000000,2,0,2032612,1142,0,1142,-1,0,58,11
5,350,80.500000,0.000000,2,0,2032615,1142,0,1142,-1,0,58,11
5,350,80.500000,0.000000,2,0,2032618,1142,0,1142,-1,0,58,11
5,350,80.500000,0.000000,2,0,2032621,1142,0,1142,-1,0,58,11
5,350,80.500000,0.000000,2,0,2032623,1142,0,1142,-1,0,58,11
5,350,80.500000,0.000000,2,0,2032626,1142,0,1142,-1,0,58,11
5,350,80.500000,0.000000,2,0,2032629,1142,0,1142,-1,0,58,11
5,350,80.500000,0.000000,2,0,2032635,1142,0,1142,-1,0,58,11
