5,350,80.500000,0.000000,1,0,668610,782,3,782,3,0,8,4
5,350,80.500000,0.000000,1,0,668611,782,3,782,3,0,8,4
5,350,80.500000,0.000000,1,0,668614,782,3,782,3,0,8,4
5,350,80.500000,0.000000,1,0,668617,782,3,782,3,0,8,4
5,350,80.500000,0.000000,1,0,668619,782,3,782,3,0,8,4
5,350,80.500000,0.000000,1,0,668622,782,3,782,3,0,8,4
5,350,80.500000,0.000000,1,0,668625,782,3,782,3,0,8,4
5,350,80.500000,0.000000,1,0,668628,782,3,782,3,0,8,4
5,350,80.500000,0.000000,1,0,668631,782,3,782,3,0,8,4
5,350,80.500000,0.000000,1,0,668633,782,3,782,3,0,8,4
5,350,80.500000,0.000000,1,0,668636,782,3,782,3,0,8,4
5,350,80.500000,0.000000,1,0,668638,782,3,782,3,0,8,4
5,350,80.500000,0.000000,1,0,668641,782,3,782,3,0,8,4
5,350,80.500000,0.000000,1,0,668644,782,3,782,3,0,8,4
5,350,80.500000,0.000000,1,0,668647,782,3,782,3,0,8,4
5,350,80.500000,0.000000,1,0,668650,782,3,782,3,0,8,4
5,350,80.500000,0.000000,1,0,668653,782,3,782,3,0,8,4
5,350,80.500000,0.000000,1,0,668655,782,3,782,3,0,8,4
5,350,80.500000,0.000000,1,0,668658,782,3,782,3,0,8,4
5,350,80.500000,0.000000,1,0,668661,782,3,782,3,0,8,4
5,350,80.500000,0.000000,1,0,668664,782,3,782,3,0,8,4
5,350,80.500000,0.000000,1,0,668666,782,3,782,3,0,8,4
5,350,80.500000,0.000000,1,0,668669,782,3,782,3,0,8,4
5,350,80.500000,0.000000,1,0,668672,782,3,782,3,0,8,4
5,350,80.500000,0.000000,1,0,668675,782,3,782,3,0,8,4
5,350,80.500000,0.000000,1,0,668678,782,3,782,3,0,8,4
5,350,80.500000,0.000000,1,0,668680,782,3,782,3,0,8,4
5,350,80.500000,0.000000,1,0,668683,782,3,782,3,0,8,4
5,350,80.500000,0.000000,1,0,668686,782,3,782,3,0,8,4
5,350,80.500000,0.000000,1,0,668689,782,3,782,3,0,8,4
5,350,80.500000,0.000000,1,0,668692,783,4,783,4,0,8,4
5,350,80.500000,0.000000,1,0,668694,784,5,784,5,0,8,4
5,350,80.500000,0.000000,1,0,668697,784,6,784,6,0,8,4
5,350,80.500000,0.000000,1,0,668700,785,6,785,6,0,8,4
5,350,80.500000,0.000000,1,0,668703,786,6,786,6,0,8,4
5,350,80.500000,0.000000,1,0,668706,788,7,788,7,0,8,4
5,350,80.500000,0.000000,1,0,668708,789,9,789,9,0,8,4
5,350,80.500000,0.000000,1,0,668711,792,9,792,9,0,8,4
5,350,80.500000,0.000000,1,0,668714,792,12,792,12,0,8,4
5,350,80.500000,0.000000,1,0,668716,795,12,795,12,0,8,4
5,350,80.500000,0.000000,1,0,668719,797,12,797,12,0,8,4
5,350,80.500000,0.000000,1,0,668722,800,13,800,13,0,8,4
5,350,80.500000,0.000000,1,0,668725,802,15,802,15,0,8,4
5,350,80.500000,0.000000,1,0,668728,805,16,805,16,0,8,4
5,350,80.500000,0.000000,1,0,668730,811,18,811,18,0,8,4
5,350,80.500000,0.000000,1,0,668733,813,20,813,20,0,8,4
5,350,80.500000,0.000000,1,0,668736,818,21,818,21,0,8,4
5,350,80.500000,0.000000,1,0,668739,824,24,824,24,0,8,4
5,350,80.500000,0.000000,1,0,668742,829,26,829,26,0,8,4
5,350,80.500000,0.000000,1,0,668744,835,27,835,27,0,8,4
5,350,80.500000,0.000000,1,0,668747,843,27,843,27,0,8,4
5,350,80.500000,0.000000,1,0,668750,851,27,851,27,0,8,4
5,350,80.500000,0.000000,1,0,668753,857,29,857,29,0,8,4
5,350,80.500000,0.000000,1,0,668756,865,30,865,30,0,8,4
5,350,80.500000,0.000000,1,0,668758,873,30,873,30,0,8,4
5,350,80.500000,0.000000,1,0,668761,880,31,880,31,0,8,4
5,350,80.500000,0.000000,1,0,668764,888,31,888,31,0,8,4
5,350,80.500000,0.000000,1,0,668767,895,32,895,32,0,8,4
5,350,80.500000,0.000000,1,0,668769,903,34,903,34,0,8,4
5,350,80.500000,0.000000,1,0,668772,908,34,908,34,0,8,4
5,350,80.500000,0.000000,1,0,668775,915,34,915,34,0,8,4
5,350,80.500000,0.000000,1,0,668778,924,34,924,34,0,8,4
5,350,80.500000,0.000000,1,0,668780,928,34,928,34,0,8,4
5,350,80.500000,0.000000,1,0,668783,934,34,934,34,0,8,4
5,350,80.500000,0.000000,1,0,668786,941,34,941,34,0,8,4
5,350,80.500000,0.000000,1,0,668789,946,35,946,35,0,8,4
5,350,80.500000,0.000000,1,0,668792,952,35,952,35,0,8,4
5,350,80.500000,0.000000,1,0,668794,955,35,955,35,0,8,4
5,350,80.500000,0.000000,1,0,668797,960,35,960,35,0,8,4
5,350,80.500000,0.000000,1,0,668800,964,35,964,35,0,8,4
5,350,80.500000,0.000000,1,0,668803,966,36,966,36,0,8,4
5,350,80.500000,0.000000,1,0,668806,969,36,969,36,0,8,4
5,350,80.500000,0.000000,1,0,668808,972,36,972,36,0,8,4
5,350,80.500000,0.000000,1,0,668811,977,36,977,36,0,8,4
5,350,80.500000,0.000000,1,0,668814,981,36,981,36,0,8,4
5,350,80.500000,0.000000,1,0,668817,984,36,984,36,0,8,4
5,350,80.500000,0.000000,1,0,668820,988,36,988,36,0,8,4
5,350,80.500000,0.000000,1,0,668822,990,36,990,36,0,8,4
5,350,80.500000,0.000000,1,0,668825,994,36,994,36,0,8,4
5,350,80.500000,0.000000,1,0,668828,998,37,998,37,0,8,4
5,350,80.500000,0.000000,1,0,668830,1002,37,1002,37,0,8,4
5,350,80.500000,0.000000,1,0,668833,1005,37,1005,37,0,8,4
5,350,80.500000,0.000000,1,0,668836,1009,36,1009,36,0,8,4
5,350,80.500000,0.000000,1,0,668839,1012,36,1012,36,0,8,4
5,350,80.500000,0.000000,1,0,668842,1015,36,1015,36,0,8,4
5,350,80.500000,0.000000,1,0,668845,1019,36,1019,36,0,8,4
5,350,80.500000,0.000000,1,0,668847,1022,36,1022,36,0,8,4
5,350,80.500000,0.000000,1,0,668850,1024,36,1024,36,0,8,4
5,350,80.500000,0.000000,1,0,668853,1027,36,1027,36,0,8,4
5,350,80.500000,0.000000,1,0,668855,1029,36,1029,36,0,8,4
5,350,80.500000,0.000000,1,0,668858,1032,36,1032,36,0,8,4
5,350,80.500000,0.000000,1,0,668861,1036,36,1036,36,0,8,4
5,350,80.500000,0.000000,1,0,668864,1040,36,1040,36,0,8,4
5,350,80.500000,0.000000,1,0,668867,1043,36,1043,36,0,8,4
5,350,80.500000,0.000000,1,0,668869,1047,36,1047,36,0,8,4
5,350,80.500000,0.000000,1,0,668872,1049,36,1049,36,0,8,4
5,350,80.500000,0.000000,1,0,668875,1052,36,1052,36,0,8,4
5,350,80.500000,0.000000,1,0,668878,1056,36,1056,36,0,8,4
5,350,80.500000,0.000000,1,0,668881,1057,36,1057,36,0,8,4
5,350,80.500000,0.000000,1,0,668883,1059,36,1059,36,0,8,4
5,350,80.500000,0.000000,1,0,668886,1062,36,1062,36,0,8,4
5,350,80.500000,0.000000,1,0,668889,1064,36,1064,36,0,8,4
5,350,80.500000,0.000000,1,0,668892,1066,36,1066,36,0,8,4
5,350,80.500000,0.000000,1,0,668895,1068,36,1068,36,0,8,4
5,350,80.500000,0.000000,1,0,668897,1069,36,1069,36,0,8,4
5,350,80.500000,0.000000,1,0,668900,1071,36,1071,36,0,8,4
5,350,80.500000,0.000000,1,0,668903,1072,36,1072,36,0,8,4
5,350,80.500000,0.000000,1,0,668905,1073,36,1073,36,0,8,4
5,350,80.500000,0.000000,1,0,668908,1074,36,1074,36,0,8,4
5,350,80.500000,0.000000,1,0,668911,1076,36,1076,36,0,8,4
5,350,80.500000,0.000000,1,0,668914,1079,36,1079,36,0,8,4
5,350,80.500000,0.000000,1,0,668917,1079,37,1079,37,0,8,4
5,350,80.500000,0.000000,1,0,668919,1082,38,1082,38,0,8,4
5,350,80.500000,0.000000,1,0,668922,1084,38,1084,38,0,8,4
5,350,80.500000,0.000000,1,0,668925,1085,38,1085,38,0,8,4
5,350,80.500000,0.000000,1,0,668928,1086,38,1086,38,0,8,4
5,350,80.500000,0.000000,1,0,668930,1087,38,1087,38,0,8,4
5,350,80.500000,0.000000,1,0,668934,1089,38,1089,38,0,8,4
5,350,80.500000,0.000000,1,0,668936,1092,38,1092,38,0,8,4
5,350,80.500000,0.000000,1,0,668939,1093,38,1093,38,0,8,4
5,350,80.500000,0.000000,1,0,668942,1094,38,1094,38,0,8,4
5,350,80.500000,0.000000,1,0,668944,1096,38,1096,38,0,8,4
5,350,80.500000,0.000000,1,0,668947,1097,38,1097,38,0,8,4
5,350,80.500000,0.000000,1,0,668950,1100,38,1100,38,0,8,4
5,350,80.500000,0.000000,1,0,668953,1102,38,1102,38,0,8,4
5,350,80.500000,0.000000,1,0,668956,1103,38,1103,38,0,8,4
5,350,80.500000,0.000000,1,0,668959,1104,38,1104,38,0,8,4
5,350,80.500000,0.000000,1,0,668961,1106,38,1106,38,0,8,4
5,350,80.500000,0.000000,1,0,668964,1106,37,1106,37,0,8,4
5,350,80.500000,0.000000,1,0,668967,1108,37,1108,37,0,8,4
5,350,80.500000,0.000000,1,0,668970,1111,37,1111,37,0,8,4
5,350,80.500000,0.000000,1,0,668972,1112,37,1112,37,0,8,4
5,350,80.500000,0.000000,1,0,668975,1114,37,1114,37,0,8,4
5,350,80.500000,0.000000,1,0,668978,1115,37,1115,37,0,8,4
5,350,80.500000,0.000000,1,0,668981,1116,37,1116,37,0,8,4
5,350,80.500000,0.000000,1,0,668983,1118,37,1118,37,0,8,4
5,350,80.500000,0.000000,1,0,668986,1119,37,1119,37,0,8,4
5,350,80.500000,0.000000,1,0,668989,1121,37,1121,37,0,8,4
5,350,80.500000,0.000000,1,0,668991,1123,37,1123,37,0,8,4
5,350,80.500000,0.000000,1,0,668994,1123,37,1123,37,0,8,4
5,350,80.500000,0.000000,1,0,668997,1124,37,1124,37,0,8,4
5,350,80.500000,0.000000,1,0,669000,1125,37,1125,37,0,8,4
5,350,80.500000,0.000000,1,0,669003,1126,37,1126,37,0,8,4
5,350,80.500000,0.000000,1,0,669006,1126,36,1126,36,0,8,4
5,350,80.500000,0.000000,1,0,669008,1126,36,1126,36,0,8,4
5,350,80.500000,0.000000,1,0,669011,1126,36,1126,36,0,8,4
5,350,80.500000,0.000000,1,0,669014,1127,35,1127,35,0,8,4
5,350,80.500000,0.000000,1,0,669017,1127,35,1127,35,0,8,4
5,350,80.500000,0.000000,1,0,669019,1127,35,1127,35,0,8,4
5,350,80.500000,0.000000,1,0,669022,1129,35,1129,35,0,8,4
5,350,80.500000,0.000000,1,0,669025,1131,35,1131,35,0,8,4
5,350,80.500000,0.000000,1,0,669028,1131,35,1131,35,0,8,4
5,350,80.500000,0.000000,1,0,669031,1131,35,1131,35,0,8,4
5,350,80.500000,0.000000,1,0,669033,1133,34,1133,34,0,8,4
5,350,80.500000,0.000000,1,0,669036,1135,33,1135,33,0,8,4
5,350,80.500000,0.000000,1,0,669039,1135,33,1135,33,0,8,4
5,350,80.500000,0.000000,1,0,669042,1135,32,1135,32,0,8,4
5,350,80.500000,0.000000,1,0,669045,1136,32,1136,32,0,8,4
5,350,80.500000,0.000000,1,0,669048,1137,32,1137,32,0,8,4
5,350,80.500000,0.000000,1,0,669050,1137,32,1137,32,0,8,4
5,350,80.500000,0.000000,1,0,669053,1138,31,1138,31,0,8,4
5,350,80.500000,0.000000,1,0,669055,1139,30,1139,30,0,8,4
5,350,80.500000,0.000000,1,0,669058,1141,30,1141,30,0,8,4
5,350,80.500000,0.000000,1,0,669061,1143,30,1143,30,0,8,4
5,350,80.500000,0.000000,1,0,669064,1143,29,1143,29,0,8,4
5,350,80.500000,0.000000,1,0,669067,1143,29,1143,29,0,8,4
5,350,80.500000,0.000000,1,0,669070,1143,29,1143,29,0,8,4
5,350,80.500000,0.000000,1,0,669073,1143,29,1143,29,0,8,4
5,350,80.500000,0.000000,1,0,669075,1144,28,1144,28,0,8,4
5,350,80.500000,0.000000,1,0,669078,1145,27,1145,27,0,8,4
5,350,80.500000,0.000000,1,0,669081,1145,27,1145,27,0,8,4
5,350,80.500000,0.000000,1,0,669084,1146,26,1146,26,0,8,4
5,350,80.500000,0.000000,1,0,669086,1147,25,1147,25,0,8,4
5,350,80.500000,0.000000,1,0,669089,1147,24,1147,24,0,8,4
5,350,80.500000,0.000000,1,0,669092,1147,23,1147,23,0,8,4
5,350,80.500000,0.000000,1,0,669095,1147,23,1147,23,0,8,4
5,350,80.500000,0.000000,1,0,669097,1147,22,1147,22,0,8,4
5,350,80.500000,0.000000,1,0,669100,1147,21,1147,21,0,8,4
5,350,80.500000,0.000000,1,0,669103,1147,21,1147,21,0,8,4
5,350,80.500000,0.000000,1,0,669106,1147,20,1147,20,0,8,4
5,350,80.500000,0.000000,1,0,669108,1147,20,1147,20,0,8,4
5,350,80.500000,0.000000,1,0,669111,1148,19,1148,19,0,8,4
5,350,80.500000,0.000000,1,0,669114,1149,17,1149,17,0,8,4
5,350,80.500000,0.000000,1,0,669117,1149,17,1149,17,0,8,4
5,350,80.500000,0.000000,1,0,669120,1149,17,1149,17,0,8,4
5,350,80.500000,0.000000,1,0,669122,1149,17,1149,17,0,8,4
5,350,80.500000,0.000000,1,0,669125,1149,16,1149,16,0,8,4
5,350,80.500000,0.000000,1,0,669128,1149,15,1149,15,0,8,4
5,350,80.500000,0.000000,1,0,669131,1149,15,1149,15,0,8,4
5,350,80.500000,0.000000,1,0,669134,1149,14,1149,14,0,8,4
5,350,80.500000,0.000000,1,0,669136,1149,13,1149,13,0,8,4
5,350,80.500000,0.000000,1,0,669139,1149,12,1149,12,0,8,4
5,350,80.500000,0.000000,1,0,669142,1149,12,1149,12,0,8,4
5,350,80.500000,0.000000,1,0,669145,1149,12,1149,12,0,8,4
5,350,80.500000,0.000000,1,0,669147,1149,12,1149,12,0,8,4
5,350,80.500000,0.000000,1,0,669150,1149,11,1149,11,0,8,4
5,350,80.500000,0.000000,1,0,669153,1149,10,1149,10,0,8,4
5,350,80.500000,0.000000,1,0,669156,1149,9,1149,9,0,8,4
5,350,80.500000,0.000000,1,0,669159,1149,8,1149,8,0,8,4
5,350,80.500000,0.000000,1,0,669161,1149,7,1149,7,0,8,4
5,350,80.500000,0.000000,1,0,669164,1149,7,1149,7,0,8,4
5,350,80.500000,0.000000,1,0,669167,1149,7,1149,7,0,8,4
5,350,80.500000,0.000000,1,0,669170,1149,6,1149,6,0,8,4
5,350,80.500000,0.000000,1,0,669173,1149,6,1149,6,0,8,4
5,350,80.500000,0.000000,1,0,669175,1149,6,1149,6,0,8,4
5,350,80.500000,0.000000,1,0,669178,1149,6,1149,6,0,8,4
5,350,80.500000,0.000000,1,0,669181,1149,5,1149,5,0,8,4
5,350,80.500000,0.000000,1,0,669184,1148,4,1148,4,0,8,4
5,350,80.500000,0.000000,1,0,669186,1148,4,1148,4,0,8,4
5,350,80.500000,0.000000,1,0,669189,1148,4,1148,4,0,8,4
5,350,80.500000,0.000000,1,0,669192,1148,4,1148,4,0,8,4
5,350,80.500000,0.000000,1,0,669194,1148,4,1148,4,0,8,4
5,350,80.500000,0.000000,1,0,669197,1148,3,1148,3,0,8,4
5,350,80.500000,0.000000,1,0,669200,1148,3,1148,3,0,8,4
5,350,80.500000,0.000000,1,0,669203,1148,3,1148,3,0,8,4
5,350,80.500000,0.000000,1,0,669206,1148,3,1148,3,0,8,4
5,350,80.500000,0.000000,1,0,669208,1148,3,1148,3,0,8,4
5,350,80.500000,0.000000,1,0,669211,1148,3,1148,3,0,8,4
5,350,80.500000,0.000000,1,0,669214,1148,3,1148,3,0,8,4
5,350,80.500000,0.000000,1,0,669217,1148,3,1148,3,0,8,4
5,350,80.500000,0.000000,1,0,669220,1148,3,1148,3,0,8,4
5,350,80.500000,0.000000,1,0,669223,1148,3,1148,3,0,8,4
5,350,80.500000,0.000000,1,0,669225,1148,3,1148,3,0,8,4
5,350,80.500000,0.000000,1,0,669228,1148,3,1148,3,0,8,4
5,350,80.500000,0.000000,1,0,669231,1148,3,1148,3,0,8,4
5,350,80.500000,0.000000,1,0,669234,1148,3,1148,3,0,8,4
5,350,80.500000,0.000000,1,0,669237,1148,3,1148,3,0,8,4
5,350,80.500000,0.000000,1,0,669239,1148,3,1148,3,0,8,4
5,350,80.500000,0.000000,1,0,669242,1148,3,1148,3,0,8,4
5,350,80.500000,0.000000,1,0,669244,1148,3,1148,3,0,8,4
5,350,80.500000,0.000000,1,0,669248,1148,3,1148,3,0,8,4
5,350,80.500000,0.000000,1,0,669250,1148,3,1148,3,0,8,4
5,350,80.500000,0.000000,1,0,669253,1148,3,1148,3,0,8,4
5,350,80.500000,0.000000,1,0,669256,1148,3,1148,3,0,8,4
5,350,80.500000,0.000000,1,0,669259,1148,3,1148,3,0,8,4
5,350,80.500000,0.000000,1,0,669270,1148,3,1148,3,0,8,4
