13,350,21.000000,10000.000000,0,0,17235798,787,0,787,0,0,32,9
13,350,21.000000,10000.000000,0,0,17235799,787,0,787,0,0,32,9
13,350,21.000000,10000.000000,0,0,17235802,787,0,787,0,0,32,9
13,350,21.000000,10000.000000,0,0,17235804,787,0,787,0,0,32,9
13,350,21.000000,10000.000000,0,0,17235807,787,0,787,0,0,32,9
13,350,21.000000,10000.000000,0,0,17235810,787,0,787,0,0,32,9
13,350,21.000000,10000.000000,0,0,17235812,787,0,787,0,0,32,9
13,350,21.000000,10000.000000,0,0,17235815,787,0,787,0,0,32,9
13,350,21.000000,10000.000000,0,0,17235818,787,0,787,0,0,32,9
13,350,21.000000,10000.000000,0,0,17235821,787,0,787,0,0,32,9
13,350,21.000000,10000.000000,0,0,17235823,787,0,787,0,0,32,9
13,350,21.000000,10000.000000,0,0,17235826,787,0,787,0,0,32,9
13,350,21.000000,10000.000000,0,0,17235829,787,0,787,0,0,32,9
13,350,21.000000,10000.000000,0,0,17235832,787,0,787,0,0,32,9
13,350,21.000000,10000.000000,0,0,17235835,787,0,787,0,0,32,9
13,350,21.000000,10000.000000,0,0,17235837,787,0,787,0,0,32,9
13,350,21.000000,10000.000000,0,0,17235840,787,0,787,0,0,32,9
13,350,21.000000,10000.000000,0,0,17235843,787,0,787,0,0,32,9
13,350,21.000000,10000.000000,0,0,17235846,787,0,787,0,0,32,9
13,350,21.000000,10000.000000,0,0,17235849,787,0,787,0,0,32,9
13,350,21.000000,10000.000000,0,0,17235851,787,0,787,0,0,32,9
13,350,21.000000,10000.000000,0,0,17235854,787,0,787,0,0,32,9
13,350,21.000000,10000.000000,0,0,17235857,787,0,787,0,0,32,9
13,350,21.000000,10000.000000,0,0,17235860,787,0,787,0,0,32,9
13,350,21.000000,10000.000000,0,0,17235863,787,0,787,0,0,32,9
13,350,21.000000,10000.000000,0,0,17235865,787,0,787,0,0,32,9
13,350,21.000000,10000.000000,0,0,17235868,787,0,787,0,0,32,9
13,350,21.000000,10000.000000,0,0,17235871,787,0,787,0,0,32,9
13,350,21.000000,10000.000000,0,0,17235873,787,0,787,0,0,32,9
13,350,21.000000,10000.000000,0,0,17235876,787,0,787,0,0,32,9
13,350,21.000000,10000.000000,0,0,17235879,787,0,787,0,0,32,9
13,350,21.000000,10000.000000,0,0,17235882,787,0,787,0,0,32,9
13,350,21.000000,10000.000000,0,0,17235885,787,0,787,0,0,32,9
13,350,21.000000,10000.000000,0,0,17235887,787,0,787,0,0,32,9
13,350,21.000000,10000.000000,0,0,17235890,787,0,787,0,0,32,9
13,350,21.000000,10000.000000,0,0,17235893,787,0,787,0,0,32,9
13,350,21.000000,10000.000000,0,0,17235896,787,0,787,0,0,32,9
13,350,21.000000,10000.000000,0,0,17235899,787,0,787,0,0,32,9
13,350,21.000000,10000.000000,0,0,17235901,787,0,787,0,0,32,9
13,350,21.000000,10000.000000,0,0,17235904,787,0,787,0,0,32,9
13,350,21.000000,10000.000000,0,0,17235907,787,0,787,0,0,32,9
13,350,21.000000,10000.000000,0,0,17235910,787,0,787,0,0,32,9
13,350,21.000000,10000.000000,0,0,17235913,788,0,788,0,0,32,9
13,350,21.000000,10000.000000,0,0,17235915,789,0,789,0,0,32,9
13,350,21.000000,10000.000000,0,0,17235918,790,0,790,0,0,32,9
13,350,21.000000,10000.000000,0,0,17235921,791,0,791,0,0,32,9
13,350,21.000000,10000.000000,0,0,17235924,793,0,793,0,0,32,9
13,350,21.000000,10000.000000,0,0,17235926,795,0,795,0,0,32,9
13,350,21.000000,10000.000000,0,0,17235929,799,0,799,0,0,32,9
13,350,21.000000,10000.000000,0,0,17235932,800,0,800,0,0,32,9
13,350,21.000000,10000.000000,0,0,17235935,802,0,802,0,0,32,9
13,350,21.000000,10000.000000,0,0,17235938,805,0,805,0,0,32,9
13,350,21.000000,10000.000000,0,0,17235940,811,0,811,0,0,32,9
13,350,21.000000,10000.000000,0,0,17235943,818,0,818,0,0,32,9
13,350,21.000000,10000.000000,0,0,17235946,826,0,826,0,0,32,9
13,350,21.000000,10000.000000,0,0,17235949,832,0,832,0,0,32,9
13,350,21.000000,10000.000000,0,0,17235952,842,0,842,0,0,32,9
13,350,21.000000,10000.000000,0,0,17235954,852,0,852,-1,0,32,9
13,350,21.000000,10000.000000,0,0,17235957,861,0,861,-1,0,32,9
13,350,21.000000,10000.000000,0,0,17235960,875,0,875,-1,0,32,9
13,350,21.000000,10000.000000,0,0,17235962,887,0,887,-2,0,32,9
13,350,21.000000,10000.000000,0,0,17235965,900,0,900,-4,0,32,9
13,350,21.000000,10000.000000,0,0,17235968,911,0,911,-4,0,32,9
13,350,21.000000,10000.000000,0,0,17235971,934,0,934,-6,0,32,9
13,350,21.000000,10000.000000,0,0,17235974,946,0,946,-7,0,32,9
13,350,21.000000,10000.000000,0,0,17235977,958,0,958,-7,0,32,9
13,350,21.000000,10000.000000,0,0,17235979,968,0,968,-8,0,32,9
13,350,21.000000,10000.000000,0,0,17235982,980,0,980,-8,0,32,9
13,350,21.000000,10000.000000,0,0,17235985,993,0,993,-8,0,32,9
13,350,21.000000,10000.000000,0,0,17235988,1003,0,1003,-8,0,32,9
13,350,21.000000,10000.000000,0,0,17235991,1013,0,1013,-9,0,32,9
13,350,21.000000,10000.000000,0,0,17235993,1025,0,1025,-10,0,32,9
13,350,21.000000,10000.000000,0,0,17235996,1035,0,1035,-12,0,32,9
13,350,21.000000,10000.000000,0,0,17235999,1044,0,1044,-12,0,32,9
13,350,21.000000,10000.000000,0,0,17236001,1052,0,1052,-12,0,32,9
13,350,21.000000,10000.000000,0,0,17236004,1062,0,1062,-12,0,32,9
13,350,21.000000,10000.000000,0,0,17236007,1069,0,1069,-13,0,32,9
13,350,21.000000,10000.000000,0,0,17236010,1077,0,1077,-13,0,32,9
13,350,21.000000,10000.000000,0,0,17236012,1085,0,1085,-13,0,32,9
13,350,21.000000,10000.000000,0,0,17236015,1092,0,1092,-13,0,32,9
13,350,21.000000,10000.000000,0,0,17236018,1095,0,1095,-13,0,32,9
13,350,21.000000,10000.000000,0,0,17236021,1098,0,1098,-14,0,32,9
13,350,21.000000,10000.000000,0,0,17236024,1101,0,1101,-14,0,32,9
13,350,21.000000,10000.000000,0,0,17236026,1103,0,1103,-14,0,32,9
13,350,21.000000,10000.000000,0,0,17236029,1106,0,1106,-14,0,32,9
13,350,21.000000,10000.000000,0,0,17236032,1108,0,1108,-14,0,32,9
13,350,21.000000,10000.000000,0,0,17236035,1110,0,1110,-14,0,32,9
13,350,21.000000,10000.000000,0,0,17236038,1112,0,1112,-14,0,32,9
13,350,21.000000,10000.000000,0,0,17236041,1113,0,1113,-14,0,32,9
13,350,21.000000,10000.000000,0,0,17236044,1116,0,1116,-14,0,32,9
13,350,21.000000,10000.000000,0,0,17236046,1119,0,1119,-14,0,32,9
13,350,21.000000,10000.000000,0,0,17236049,1119,0,1119,-14,0,32,9
13,350,21.000000,10000.000000,0,0,17236052,1120,0,1120,-14,0,32,9
13,350,21.000000,10000.000000,0,0,17236055,1121,0,1121,-14,0,32,9
13,350,21.000000,10000.000000,0,0,17236057,1121,0,1121,-14,0,32,9
13,350,21.000000,10000.000000,0,0,17236060,1122,0,1122,-14,0,32,9
13,350,21.000000,10000.000000,0,0,17236063,1123,0,1123,-14,0,32,9
13,350,21.000000,10000.000000,0,0,17236066,1123,0,1123,-14,0,32,9
13,350,21.000000,10000.000000,0,0,17236068,1123,0,1123,-14,0,32,9
13,350,21.000000,10000.000000,0,0,17236071,1123,0,1123,-14,0,32,9
13,350,21.000000,10000.000000,0,0,17236074,1123,0,1123,-14,0,32,9
13,350,21.000000,10000.000000,0,0,17236077,1123,0,1123,-14,0,32,9
13,350,21.000000,10000.000000,0,0,17236079,1123,0,1123,-14,0,32,9
13,350,21.000000,10000.000000,0,0,17236082,1123,0,1123,-14,0,32,9
13,350,21.000000,10000.000000,0,0,17236085,1123,0,1123,-14,0,32,9
13,350,21.000000,10000.000000,0,0,17236088,1123,0,1123,-14,0,32,9
13,350,21.000000,10000.000000,0,0,17236091,1123,0,1123,-14,0,32,9
13,350,21.000000,10000.000000,0,0,17236093,1125,0,1125,-14,0,32,9
13,350,21.000000,10000.000000,0,0,17236096,1127,0,1127,-14,0,32,9
13,350,21.000000,10000.000000,0,0,17236099,1128,0,1128,-14,0,32,9
13,350,21.000000,10000.000000,0,0,17236101,1129,0,1129,-14,0,32,9
13,350,21.000000,10000.000000,0,0,17236104,1130,0,1130,-14,0,32,9
13,350,21.000000,10000.000000,0,0,17236107,1131,0,1131,-14,0,32,9
13,350,21.000000,10000.000000,0,0,17236110,1132,0,1132,-15,0,32,9
13,350,21.000000,10000.000000,0,0,17236112,1134,0,1134,-15,0,32,9
13,350,21.000000,10000.000000,0,0,17236115,1135,0,1135,-15,0,32,9
13,350,21.000000,10000.000000,0,0,17236118,1137,0,1137,-15,0,32,9
13,350,21.000000,10000.000000,0,0,17236121,1141,0,1141,-15,0,32,9
13,350,21.000000,10000.000000,0,0,17236124,1143,0,1143,-15,0,32,9
13,350,21.000000,10000.000000,0,0,17236126,1145,0,1145,-15,0,32,9
13,350,21.000000,10000.000000,0,0,17236129,1146,0,1146,-15,0,32,9
13,350,21.000000,10000.000000,0,0,17236132,1147,0,1147,-15,0,32,9
13,350,21.000000,10000.000000,0,0,17236135,1147,0,1147,-15,0,32,9
13,350,21.000000,10000.000000,0,0,17236138,1148,0,1148,-15,0,32,9
13,350,21.000000,10000.000000,0,0,17236140,1149,0,1149,-15,0,32,9
13,350,21.000000,10000.000000,0,0,17236143,1150,0,1150,-15,0,32,9
13,350,21.000000,10000.000000,0,0,17236146,1151,0,1151,-15,0,32,9
13,350,21.000000,10000.000000,0,0,17236149,1151,0,1151,-15,0,32,9
13,350,21.000000,10000.000000,0,0,17236152,1151,0,1151,-15,0,32,9
13,350,21.000000,10000.000000,0,0,17236155,1151,0,1151,-15,0,32,9
13,350,21.000000,10000.000000,0,0,17236157,1151,0,1151,-15,0,32,9
13,350,21.000000,10000.000000,0,0,17236160,1151,0,1151,-15,0,32,9
13,350,21.000000,10000.000000,0,0,17236163,1151,0,1151,-15,0,32,9
13,350,21.000000,10000.000000,0,0,17236166,1151,0,1151,-15,0,32,9
13,350,21.000000,10000.000000,0,0,17236168,1151,0,1151,-15,0,32,9
13,350,21.000000,10000.000000,0,0,17236171,1151,0,1151,-15,0,32,9
13,350,21.000000,10000.000000,0,0,17236174,1151,0,1151,-15,0,32,9
13,350,21.000000,10000.000000,0,0,17236176,1151,0,1151,-15,0,32,9
13,350,21.000000,10000.000000,0,0,17236180,1151,0,1151,-15,0,32,9
13,350,21.000000,10000.000000,0,0,17236182,1151,0,1151,-15,0,32,9
13,350,21.000000,10000.000000,0,0,17236185,1151,0,1151,-15,0,32,9
13,350,21.000000,10000.000000,0,0,17236188,1151,0,1151,-15,0,32,9
13,350,21.000000,10000.000000,0,0,17236190,1151,0,1151,-15,0,32,9
13,350,21.000000,10000.000000,0,0,17236193,1151,0,1151,-15,0,32,9
13,350,21.000000,10000.000000,0,0,17236196,1151,0,1151,-15,0,32,9
13,350,21.000000,10000.000000,0,0,17236199,1151,0,1151,-15,0,32,9
13,350,21.000000,10000.000000,0,0,17236201,1151,0,1151,-15,0,32,9
13,350,21.000000,10000.000000,0,0,17236204,1151,0,1151,-15,0,32,9
13,350,21.000000,10000.000000,0,0,17236207,1151,0,1151,-15,0,32,9
13,350,21.000000,10000.000000,0,0,17236210,1151,0,1151,-15,0,32,9
13,350,21.000000,10000.000000,0,0,17236213,1151,0,1151,-15,0,32,9
13,350,21.000000,10000.000000,0,0,17236215,1151,0,1151,-15,0,32,9
13,350,21.000000,10000.000000,0,0,17236218,1151,0,1151,-15,0,32,9
13,350,21.000000,10000.000000,0,0,17236221,1151,0,1151,-15,0,32,9
13,350,21.000000,10000.000000,0,0,17236224,1151,0,1151,-15,0,32,9
13,350,21.000000,10000.000000,0,0,17236227,1151,0,1151,-15,0,32,9
13,350,21.000000,10000.000000,0,0,17236230,1151,0,1151,-15,0,32,9
13,350,21.000000,10000.000000,0,0,17236232,1151,0,1151,-15,0,32,9
13,350,21.000000,10000.000000,0,0,17236235,1151,0,1151,-15,0,32,9
13,350,21.000000,10000.000000,0,0,17236238,1151,0,1151,-15,0,32,9
13,350,21.000000,10000.000000,0,0,17236241,1151,0,1151,-15,0,32,9
13,350,21.000000,10000.000000,0,0,17236244,1151,0,1151,-15,0,32,9
13,350,21.000000,10000.000000,0,0,17236246,1151,0,1151,-15,0,32,9
13,350,21.000000,10000.000000,0,0,17236249,1151,0,1151,-15,0,32,9
13,350,21.000000,10000.000000,0,0,17236252,1151,0,1151,-15,0,32,9
13,350,21.000000,10000.000000,0,0,17236255,1151,0,1151,-15,0,32,9
13,350,21.000000,10000.000000,0,0,17236257,1151,0,1151,-15,0,32,9
13,350,21.000000,10000.000000,0,0,17236260,1151,0,1151,-15,0,32,9
13,350,21.000000,10000.000000,0,0,17236263,1151,0,1151,-15,0,32,9
13,350,21.000000,10000.000000,0,0,17236265,1151,0,1151,-15,0,32,9
13,350,21.000000,10000.000000,0,0,17236268,1151,0,1151,-15,0,32,9
13,350,21.000000,10000.000000,0,0,17236271,1151,0,1151,-15,0,32,9
13,350,21.000000,10000.000000,0,0,17236274,1151,0,1151,-15,0,32,9
13,350,21.000000,10000.000000,0,0,17236277,1151,0,1151,-15,0,32,9
13,350,21.000000,10000.000000,0,0,17236279,1151,0,1151,-15,0,32,9
13,350,21.000000,10000.000000,0,0,17236282,1151,0,1151,-15,0,32,9
13,350,21.000000,10000.000000,0,0,17236285,1151,0,1151,-15,0,32,9
13,350,21.000000,10000.000000,0,0,17236288,1151,0,1151,-15,0,32,9
13,350,21.000000,10000.000000,0,0,17236291,1151,0,1151,-15,0,32,9
13,350,21.000000,10000.000000,0,0,17236293,1151,0,1151,-15,0,32,9
13,350,21.000000,10000.000000,0,0,17236296,1151,0,1151,-15,0,32,9
13,350,21.000000,10000.000000,0,0,17236299,1151,0,1151,-15,0,32,9
13,350,21.000000,10000.000000,0,0,17236302,1151,0,1151,-15,0,32,9
13,350,21.000000,10000.000000,0,0,17236305,1151,0,1151,-15,0,32,9
13,350,21.000000,10000.000000,0,0,17236307,1151,0,1151,-15,0,32,9
13,350,21.000000,10000.000000,0,0,17236310,1151,0,1151,-15,0,32,9
13,350,21.000000,10000.000000,0,0,17236313,1151,0,1151,-15,0,32,9
13,350,21.000000,10000.000000,0,0,17236315,1151,0,1151,-15,0,32,9
13,350,21.000000,10000.000000,0,0,17236318,1151,0,1151,-15,0,32,9
13,350,21.000000,10000.000000,0,0,17236321,1151,0,1151,-15,0,32,9
13,350,21.000000,10000.000000,0,0,17236324,1151,0,1151,-15,0,32,9
13,350,21.000000,10000.000000,0,0,17236327,1151,0,1151,-15,0,32,9
13,350,21.000000,10000.000000,0,0,17236329,1151,0,1151,-15,0,32,9
13,350,21.000000,10000.000000,0,0,17236332,1151,0,1151,-15,0,32,9
13,350,21.000000,10000.000000,0,0,17236335,1151,0,1151,-15,0,32,9
13,350,21.000000,10000.000000,0,0,17236338,1151,0,1151,-15,0,32,9
13,350,21.000000,10000.000000,0,0,17236340,1151,0,1151,-15,0,32,9
13,350,21.000000,10000.000000,0,0,17236343,1151,0,1151,-15,0,32,9
13,350,21.000000,10000.000000,0,0,17236346,1151,0,1151,-15,0,32,9
13,350,21.000000,10000.000000,0,0,17236349,1151,0,1151,-15,0,32,9
13,350,21.000000,10000.000000,0,0,17236352,1151,0,1151,-15,0,32,9
13,350,21.000000,10000.000000,0,0,17236355,1151,0,1151,-15,0,32,9
13,350,21.000000,10000.000000,0,0,17236357,1151,0,1151,-15,0,32,9
13,350,21.000000,10000.000000,0,0,17236360,1151,0,1151,-15,0,32,9
13,350,21.000000,10000.000000,0,0,17236363,1151,0,1151,-15,0,32,9
13,350,21.000000,10000.000000,0,0,17236365,1151,0,1151,-15,0,32,9
13,350,21.000000,10000.000000,0,0,17236368,1151,0,1151,-15,0,32,9
13,350,21.000000,10000.000000,0,0,17236371,1151,0,1151,-15,0,32,9
13,350,21.000000,10000.000000,0,0,17236374,1151,0,1151,-15,0,32,9
13,350,21.000000,10000.000000,0,0,17236377,1151,0,1151,-15,0,32,9
13,350,21.000000,10000.000000,0,0,17236379,1151,0,1151,-15,0,32,9
13,350,21.000000,10000.000000,0,0,17236382,1151,0,1151,-15,0,32,9
13,350,21.000000,10000.000000,0,0,17236385,1151,0,1151,-15,0,32,9
13,350,21.000000,10000.000000,0,0,17236388,1151,0,1151,-15,0,32,9
13,350,21.000000,10000.000000,0,0,17236391,1151,0,1151,-15,0,32,9
13,350,21.000000,10000.000000,0,0,17236394,1151,0,1151,-15,0,32,9
13,350,21.000000,10000.000000,0,0,17236397,1150,0,1150,-15,0,32,9
13,350,21.000000,10000.000000,0,0,17236399,1149,0,1149,-15,0,32,9
13,350,21.000000,10000.000000,0,0,17236402,1149,0,1149,-15,0,32,9
13,350,21.000000,10000.000000,0,0,17236404,1149,0,1149,-15,0,32,9
13,350,21.000000,10000.000000,0,0,17236407,1148,0,1148,-15,0,32,9
13,350,21.000000,10000.000000,0,0,17236410,1147,0,1147,-15,0,32,9
13,350,21.000000,10000.000000,0,0,17236413,1147,0,1147,-15,0,32,9
13,350,21.000000,10000.000000,0,0,17236415,1147,0,1147,-15,0,32,9
13,350,21.000000,10000.000000,0,0,17236418,1147,0,1147,-15,0,32,9
13,350,21.000000,10000.000000,0,0,17236421,1147,0,1147,-15,0,32,9
13,350,21.000000,10000.000000,0,0,17236424,1147,0,1147,-15,0,32,9
13,350,21.000000,10000.000000,0,0,17236427,1147,0,1147,-15,0,32,9
13,350,21.000000,10000.000000,0,0,17236429,1147,0,1147,-15,0,32,9
13,350,21.000000,10000.000000,0,0,17236432,1147,0,1147,-15,0,32,9
13,350,21.000000,10000.000000,0,0,17236435,1147,0,1147,-15,0,32,9
13,350,21.000000,10000.000000,0,0,17236438,1147,0,1147,-15,0,32,9
13,350,21.000000,10000.000000,0,0,17236441,1147,0,1147,-15,0,32,9
13,350,21.000000,10000.000000,0,0,17236444,1147,0,1147,-15,0,32,9
13,350,21.000000,10000.000000,0,0,17236446,1147,0,1147,-15,0,32,9
13,350,21.000000,10000.000000,0,0,17236449,1147,0,1147,-15,0,32,9
13,350,21.000000,10000.000000,0,0,17236452,1147,0,1147,-15,0,32,9
13,350,21.000000,10000.000000,0,0,17236455,1147,0,1147,-15,0,32,9
13,350,21.000000,10000.000000,0,0,17236458,1147,0,1147,-15,0,32,9
13,350,21.000000,10000.000000,0,0,17236460,1147,0,1147,-15,0,32,9
13,350,21.000000,10000.000000,0,0,17236463,1147,0,1147,-15,0,32,9
13,350,21.000000,10000.000000,0,0,17236466,1147,0,1147,-15,0,32,9
13,350,21.000000,10000.000000,0,0,17236468,1147,0,1147,-15,0,32,9
13,350,21.000000,10000.000000,0,0,17236471,1147,0,1147,-15,0,32,9
13,350,21.000000,10000.000000,0,0,17236474,1147,0,1147,-15,0,32,9
13,350,21.000000,10000.000000,0,0,17236477,1147,0,1147,-15,0,32,9
13,350,21.000000,10000.000000,0,0,17236480,1147,0,1147,-15,0,32,9
13,350,21.000000,10000.000000,0,0,17236482,1147,0,1147,-15,0,32,9
13,350,21.000000,10000.000000,0,0,17236485,1147,0,1147,-15,0,32,9
13,350,21.000000,10000.000000,0,0,17236488,1147,0,1147,-15,0,32,9
13,350,21.000000,10000.000000,0,0,17236491,1147,0,1147,-15,0,32,9
13,350,21.000000,10000.000000,0,0,17236493,1145,0,1145,-15,0,32,9
13,350,21.000000,10000.000000,0,0,17236496,1143,0,1143,-15,0,32,9
13,350,21.000000,10000.000000,0,0,17236499,1143,0,1143,-15,0,32,9
13,350,21.000000,10000.000000,0,0,17236502,1143,0,1143,-15,0,32,9
13,350,21.000000,10000.000000,0,0,17236505,1143,0,1143,-15,0,32,9
13,350,21.000000,10000.000000,0,0,17236507,1143,0,1143,-15,0,32,9
13,350,21.000000,10000.000000,0,0,17236510,1143,0,1143,-15,0,32,9
13,350,21.000000,10000.000000,0,0,17236513,1142,0,1142,-15,0,32,9
13,350,21.000000,10000.000000,0,0,17236516,1142,0,1142,-15,0,32,9
13,350,21.000000,10000.000000,0,0,17236519,1142,0,1142,-15,0,32,9
13,350,21.000000,10000.000000,0,0,17236521,1142,0,1142,-15,0,32,9
13,350,21.000000,10000.000000,0,0,17236524,1142,0,1142,-15,0,32,9
13,350,21.000000,10000.000000,0,0,17236527,1142,0,1142,-15,0,32,9
13,350,21.000000,10000.000000,0,0,17236530,1142,0,1142,-15,0,32,9
13,350,21.000000,10000.000000,0,0,17236532,1142,0,1142,-15,0,32,9
13,350,21.000000,10000.000000,0,0,17236535,1142,0,1142,-15,0,32,9
13,350,21.000000,10000.000000,0,0,17236538,1142,0,1142,-15,0,32,9
13,350,21.000000,10000.000000,0,0,17236540,1142,0,1142,-15,0,32,9
13,350,21.000000,10000.000000,0,0,17236543,1142,0,1142,-15,0,32,9
13,350,21.000000,10000.000000,0,0,17236546,1142,0,1142,-15,0,32,9
13,350,21.000000,10000.000000,0,0,17236549,1142,0,1142,-15,0,32,9
13,350,21.000000,10000.000000,0,0,17236552,1142,0,1142,-15,0,32,9
13,350,21.000000,10000.000000,0,0,17236555,1142,0,1142,-15,0,32,9
13,350,21.000000,10000.000000,0,0,17236558,1142,0,1142,-15,0,32,9
13,350,21.000000,10000.000000,0,0,17236560,1142,0,1142,-15,0,32,9
13,350,21.000000,10000.000000,0,0,17236563,1142,0,1142,-15,0,32,9
13,350,21.000000,10000.000000,0,0,17236566,1142,0,1142,-15,0,32,9
13,350,21.000000,10000.000000,0,0,17236569,1142,0,1142,-15,0,32,9
13,350,21.000000,10000.000000,0,0,17236571,1142,0,1142,-15,0,32,9
13,350,21.000000,10000.000000,0,0,17236574,1142,0,1142,-15,0,32,9
13,350,21.000000,10000.000000,0,0,17236577,1142,0,1142,-15,0,32,9
13,350,21.000000,10000.000000,0,0,17236580,1142,0,1142,-15,0,32,9
13,350,21.000000,10000.000000,0,0,17236591,1142,0,1142,-15,0,32,9
