1,700,80.500000,10000.000000,2,0,67146327,570,0,570,0,1,40,10
1,700,80.500000,10000.000000,2,0,67146328,570,0,570,0,1,40,10
1,700,80.500000,10000.000000,2,0,67146331,570,0,570,0,1,40,10
1,700,80.500000,10000.000000,2,0,67146334,570,0,570,0,1,40,10
1,700,80.500000,10000.000000,2,0,67146337,570,0,570,0,1,40,10
1,700,80.500000,10000.000000,2,0,67146339,570,0,570,0,1,40,10
1,700,80.500000,10000.000000,2,0,67146342,570,0,570,0,1,40,10
1,700,80.500000,10000.000000,2,0,67146345,570,0,570,0,1,40,10
1,700,80.500000,10000.000000,2,0,67146348,570,0,570,0,1,40,10
1,700,80.500000,10000.000000,2,0,67146351,570,0,570,0,1,40,10
1,700,80.500000,10000.000000,2,0,67146353,570,0,570,0,1,40,10
1,700,80.500000,10000.000000,2,0,67146356,570,0,570,0,1,40,10
1,700,80.500000,10000.000000,2,0,67146359,570,0,570,0,1,40,10
1,700,80.500000,10000.000000,2,0,67146362,570,1,570,1,1,40,10
1,700,80.500000,10000.000000,2,0,67146364,570,2,570,2,1,40,10
1,700,80.500000,10000.000000,2,0,67146367,571,2,571,2,1,40,10
1,700,80.500000,10000.000000,2,0,67146370,572,2,572,2,1,40,10
1,700,80.500000,10000.000000,2,0,67146373,573,2,573,2,1,40,10
1,700,80.500000,10000.000000,2,0,67146375,573,2,573,2,1,40,10
1,700,80.500000,10000.000000,2,0,67146378,574,2,574,2,1,40,10
1,700,80.500000,10000.000000,2,0,67146381,576,3,576,3,1,40,10
1,700,80.500000,10000.000000,2,0,67146383,577,3,577,3,1,40,10
1,700,80.500000,10000.000000,2,0,67146386,579,3,579,3,1,40,10
1,700,80.500000,10000.000000,2,0,67146389,579,3,579,3,1,40,10
1,700,80.500000,10000.000000,2,0,67146392,580,4,580,4,1,40,10
1,700,80.500000,10000.000000,2,0,67146395,582,5,582,5,1,40,10
1,700,80.500000,10000.000000,2,0,67146397,582,5,582,5,1,40,10
1,700,80.500000,10000.000000,2,0,67146400,582,5,582,5,1,40,10
1,700,80.500000,10000.000000,2,0,67146403,582,5,582,5,1,40,10
1,700,80.500000,10000.000000,2,0,67146406,582,5,582,5,1,40,10
1,700,80.500000,10000.000000,2,0,67146408,582,5,582,5,1,40,10
1,700,80.500000,10000.000000,2,0,67146411,582,5,582,5,1,40,10
1,700,80.500000,10000.000000,2,0,67146414,582,5,582,5,1,40,10
1,700,80.500000,10000.000000,2,0,67146417,582,5,582,5,1,40,10
1,700,80.500000,10000.000000,2,0,67146420,582,6,582,6,1,40,10
1,700,80.500000,10000.000000,2,0,67146422,582,7,582,7,1,40,10
1,700,80.500000,10000.000000,2,0,67146425,582,7,582,7,1,40,10
1,700,80.500000,10000.000000,2,0,67146428,582,7,582,7,1,40,10
1,700,80.500000,10000.000000,2,0,67146431,582,7,582,7,1,40,10
1,700,80.500000,10000.000000,2,0,67146434,582,7,582,7,1,40,10
1,700,80.500000,10000.000000,2,0,67146436,582,7,582,7,1,40,10
1,700,80.500000,10000.000000,2,0,67146439,582,7,582,7,1,40,10
1,700,80.500000,10000.000000,2,0,67146442,583,7,583,7,1,40,10
1,700,80.500000,10000.000000,2,0,67146445,584,7,584,7,1,40,10
1,700,80.500000,10000.000000,2,0,67146447,584,7,584,7,1,40,10
1,700,80.500000,10000.000000,2,0,67146450,584,7,584,7,1,40,10
1,700,80.500000,10000.000000,2,0,67146453,584,7,584,7,1,40,10
1,700,80.500000,10000.000000,2,0,67146456,584,7,584,7,1,40,10
1,700,80.500000,10000.000000,2,0,67146459,584,7,584,7,1,40,10
1,700,80.500000,10000.000000,2,0,67146462,584,7,584,7,1,40,10
1,700,80.500000,10000.000000,2,0,67146465,584,7,584,7,1,40,10
1,700,80.500000,10000.000000,2,0,67146467,584,7,584,7,1,40,10
1,700,80.500000,10000.000000,2,0,67146470,584,7,584,7,1,40,10
1,700,80.500000,10000.000000,2,0,67146473,584,7,584,7,1,40,10
1,700,80.500000,10000.000000,2,0,67146475,584,7,584,7,1,40,10
1,700,80.500000,10000.000000,2,0,67146478,584,7,584,7,1,40,10
1,700,80.500000,10000.000000,2,0,67146481,584,7,584,7,1,40,10
1,700,80.500000,10000.000000,2,0,67146484,584,7,584,7,1,40,10
1,700,80.500000,10000.000000,2,0,67146486,584,7,584,7,1,40,10
1,700,80.500000,10000.000000,2,0,67146489,584,7,584,7,1,40,10
1,700,80.500000,10000.000000,2,0,67146492,584,7,584,7,1,40,10
1,700,80.500000,10000.000000,2,0,67146495,584,7,584,7,1,40,10
1,700,80.500000,10000.000000,2,0,67146497,584,7,584,7,1,40,10
1,700,80.500000,10000.000000,2,0,67146500,584,7,584,7,1,40,10
1,700,80.500000,10000.000000,2,0,67146503,584,7,584,7,1,40,10
1,700,80.500000,10000.000000,2,0,67146506,584,7,584,7,1,40,10
1,700,80.500000,10000.000000,2,0,67146509,584,7,584,7,1,40,10
1,700,80.500000,10000.000000,2,0,67146512,584,7,584,7,1,40,10
1,700,80.500000,10000.000000,2,0,67146514,584,7,584,7,1,40,10
1,700,80.500000,10000.000000,2,0,67146517,584,7,584,7,1,40,10
1,700,80.500000,10000.000000,2,0,67146520,584,7,584,7,1,40,10
1,700,80.500000,10000.000000,2,0,67146523,585,7,585,7,1,40,10
1,700,80.500000,10000.000000,2,0,67146526,585,7,585,7,1,40,10
1,700,80.500000,10000.000000,2,0,67146528,586,7,586,7,1,40,10
1,700,80.500000,10000.000000,2,0,67146531,587,7,587,7,1,40,10
1,700,80.500000,10000.000000,2,0,67146534,588,7,588,7,1,40,10
1,700,80.500000,10000.000000,2,0,67146536,589,7,589,7,1,40,10
1,700,80.500000,10000.000000,2,0,67146539,590,7,590,7,1,40,10
1,700,80.500000,10000.000000,2,0,67146542,591,7,591,7,1,40,10
1,700,80.500000,10000.000000,2,0,67146545,593,7,593,7,1,40,10
1,700,80.500000,10000.000000,2,0,67146547,595,7,595,7,1,40,10
1,700,80.500000,10000.000000,2,0,67146550,598,7,598,7,1,40,10
1,700,80.500000,10000.000000,2,0,67146553,600,7,600,7,1,40,10
1,700,80.500000,10000.000000,2,0,67146556,603,7,603,7,1,40,10
1,700,80.500000,10000.000000,2,0,67146559,606,7,606,7,1,40,10
1,700,80.500000,10000.000000,2,0,67146561,607,7,607,7,1,40,10
1,700,80.500000,10000.000000,2,0,67146564,610,6,610,6,1,40,10
1,700,80.500000,10000.000000,2,0,67146567,612,6,612,6,1,40,10
1,700,80.500000,10000.000000,2,0,67146570,617,5,617,5,1,40,10
1,700,80.500000,10000.000000,2,0,67146572,623,5,623,5,1,40,10
1,700,80.500000,10000.000000,2,0,67146575,626,4,626,4,1,40,10
1,700,80.500000,10000.000000,2,0,67146578,633,3,633,3,1,40,10
1,700,80.500000,10000.000000,2,0,67146581,639,1,639,1,1,40,10
1,700,80.500000,10000.000000,2,0,67146584,647,0,647,0,1,40,10
1,700,80.500000,10000.000000,2,0,67146587,655,0,655,-1,1,40,10
1,700,80.500000,10000.000000,2,0,67146590,665,0,665,-2,1,40,10
1,700,80.500000,10000.000000,2,0,67146593,677,0,677,-3,1,40,10
1,700,80.500000,10000.000000,2,0,67146596,690,0,690,-4,1,40,10
1,700,80.500000,10000.000000,2,0,67146599,708,0,708,-5,1,40,10
1,700,80.500000,10000.000000,2,0,67146602,729,0,729,-8,1,40,10
1,700,80.500000,10000.000000,2,0,67146604,754,0,754,-8,1,40,10
1,700,80.500000,10000.000000,2,0,67146607,776,0,776,-10,1,40,10
1,700,80.500000,10000.000000,2,0,67146610,807,0,807,-13,1,40,10
1,700,80.500000,10000.000000,2,0,67146612,840,0,840,-15,1,40,10
1,700,80.500000,10000.000000,2,0,67146615,871,0,871,-17,1,40,10
1,700,80.500000,10000.000000,2,0,67146618,904,0,904,-18,1,40,10
1,700,80.500000,10000.000000,2,0,67146621,935,0,935,-19,1,40,10
1,700,80.500000,10000.000000,2,0,67146623,967,0,967,-19,1,40,10
1,700,80.500000,10000.000000,2,0,67146626,1001,0,1001,-23,1,40,10
1,700,80.500000,10000.000000,2,0,67146629,1026,0,1026,-25,1,40,10
1,700,80.500000,10000.000000,2,0,67146632,1062,0,1062,-25,1,40,10
1,700,80.500000,10000.000000,2,0,67146634,1091,0,1091,-25,1,40,10
1,700,80.500000,10000.000000,2,0,67146637,1119,0,1119,-27,1,40,10
1,700,80.500000,10000.000000,2,0,67146640,1142,0,1142,-28,1,40,10
1,700,80.500000,10000.000000,2,0,67146643,1167,0,1167,-28,1,40,10
1,700,80.500000,10000.000000,2,0,67146645,1188,0,1188,-28,1,40,10
1,700,80.500000,10000.000000,2,0,67146648,1210,0,1210,-28,1,40,10
1,700,80.500000,10000.000000,2,0,67146651,1228,0,1228,-29,1,40,10
1,700,80.500000,10000.000000,2,0,67146654,1242,0,1242,-29,1,40,10
1,700,80.500000,10000.000000,2,0,67146656,1256,0,1256,-31,1,40,10
1,700,80.500000,10000.000000,2,0,67146659,1266,0,1266,-31,1,40,10
1,700,80.500000,10000.000000,2,0,67146662,1280,0,1280,-31,1,40,10
1,700,80.500000,10000.000000,2,0,67146664,1289,0,1289,-31,1,40,10
1,700,80.500000,10000.000000,2,0,67146667,1297,0,1297,-31,1,40,10
1,700,80.500000,10000.000000,2,0,67146670,1306,0,1306,-32,1,40,10
1,700,80.500000,10000.000000,2,0,67146672,1310,0,1310,-33,1,40,10
1,700,80.500000,10000.000000,2,0,67146676,1315,0,1315,-33,1,40,10
1,700,80.500000,10000.000000,2,0,67146678,1319,0,1319,-33,1,40,10
1,700,80.500000,10000.000000,2,0,67146681,1321,0,1321,-33,1,40,10
1,700,80.500000,10000.000000,2,0,67146684,1323,0,1323,-33,1,40,10
1,700,80.500000,10000.000000,2,0,67146686,1324,0,1324,-33,1,40,10
1,700,80.500000,10000.000000,2,0,67146689,1324,0,1324,-34,1,40,10
1,700,80.500000,10000.000000,2,0,67146692,1324,0,1324,-35,1,40,10
1,700,80.500000,10000.000000,2,0,67146695,1324,0,1324,-35,1,40,10
1,700,80.500000,10000.000000,2,0,67146698,1322,0,1322,-36,1,40,10
1,700,80.500000,10000.000000,2,0,67146700,1320,0,1320,-37,1,40,10
1,700,80.500000,10000.000000,2,0,67146703,1320,0,1320,-37,1,40,10
1,700,80.500000,10000.000000,2,0,67146706,1320,0,1320,-37,1,40,10
1,700,80.500000,10000.000000,2,0,67146709,1320,0,1320,-38,1,40,10
1,700,80.500000,10000.000000,2,0,67146711,1320,0,1320,-38,1,40,10
1,700,80.500000,10000.000000,2,0,67146714,1319,0,1319,-38,1,40,10
1,700,80.500000,10000.000000,2,0,67146717,1319,0,1319,-38,1,40,10
1,700,80.500000,10000.000000,2,0,67146720,1319,0,1319,-38,1,40,10
1,700,80.500000,10000.000000,2,0,67146723,1319,0,1319,-38,1,40,10
1,700,80.500000,10000.000000,2,0,67146725,1319,0,1319,-38,1,40,10
1,700,80.500000,10000.000000,2,0,67146728,1319,0,1319,-38,1,40,10
1,700,80.500000,10000.000000,2,0,67146731,1318,0,1318,-38,1,40,10
1,700,80.500000,10000.000000,2,0,67146734,1317,0,1317,-38,1,40,10
1,700,80.500000,10000.000000,2,0,67146736,1317,0,1317,-38,1,40,10
1,700,80.500000,10000.000000,2,0,67146739,1317,0,1317,-38,1,40,10
1,700,80.500000,10000.000000,2,0,67146742,1317,0,1317,-38,1,40,10
1,700,80.500000,10000.000000,2,0,67146745,1318,0,1318,-38,1,40,10
1,700,80.500000,10000.000000,2,0,67146748,1319,0,1319,-38,1,40,10
1,700,80.500000,10000.000000,2,0,67146750,1319,0,1319,-38,1,40,10
1,700,80.500000,10000.000000,2,0,67146753,1319,0,1319,-38,1,40,10
1,700,80.500000,10000.000000,2,0,67146756,1320,0,1320,-38,1,40,10
1,700,80.500000,10000.000000,2,0,67146759,1321,0,1321,-38,1,40,10
1,700,80.500000,10000.000000,2,0,67146762,1322,0,1322,-38,1,40,10
1,700,80.500000,10000.000000,2,0,67146764,1322,0,1322,-38,1,40,10
1,700,80.500000,10000.000000,2,0,67146767,1323,0,1323,-38,1,40,10
1,700,80.500000,10000.000000,2,0,67146770,1324,0,1324,-38,1,40,10
1,700,80.500000,10000.000000,2,0,67146773,1325,0,1325,-38,1,40,10
1,700,80.500000,10000.000000,2,0,67146776,1326,0,1326,-38,1,40,10
1,700,80.500000,10000.000000,2,0,67146778,1327,0,1327,-38,1,40,10
1,700,80.500000,10000.000000,2,0,67146781,1328,0,1328,-38,1,40,10
1,700,80.500000,10000.000000,2,0,67146784,1329,0,1329,-38,1,40,10
1,700,80.500000,10000.000000,2,0,67146787,1329,0,1329,-38,1,40,10
1,700,80.500000,10000.000000,2,0,67146789,1329,0,1329,-38,1,40,10
1,700,80.500000,10000.000000,2,0,67146792,1329,0,1329,-38,1,40,10
1,700,80.500000,10000.000000,2,0,67146795,1329,0,1329,-38,1,40,10
1,700,80.500000,10000.000000,2,0,67146798,1329,0,1329,-38,1,40,10
1,700,80.500000,10000.000000,2,0,67146801,1329,0,1329,-38,1,40,10
1,700,80.500000,10000.000000,2,0,67146803,1329,0,1329,-38,1,40,10
1,700,80.500000,10000.000000,2,0,67146806,1329,0,1329,-38,1,40,10
1,700,80.500000,10000.000000,2,0,67146809,1329,0,1329,-39,1,40,10
1,700,80.500000,10000.000000,2,0,67146812,1329,0,1329,-40,1,40,10
1,700,80.500000,10000.000000,2,0,67146814,1329,0,1329,-40,1,40,10
1,700,80.500000,10000.000000,2,0,67146817,1329,0,1329,-40,1,40,10
1,700,80.500000,10000.000000,2,0,67146820,1329,0,1329,-40,1,40,10
1,700,80.500000,10000.000000,2,0,67146823,1329,0,1329,-40,1,40,10
1,700,80.500000,10000.000000,2,0,67146826,1329,0,1329,-40,1,40,10
1,700,80.500000,10000.000000,2,0,67146828,1329,0,1329,-40,1,40,10
1,700,80.500000,10000.000000,2,0,67146831,1329,0,1329,-40,1,40,10
1,700,80.500000,10000.000000,2,0,67146834,1329,0,1329,-40,1,40,10
1,700,80.500000,10000.000000,2,0,67146837,1329,0,1329,-40,1,40,10
1,700,80.500000,10000.000000,2,0,67146839,1329,0,1329,-40,1,40,10
1,700,80.500000,10000.000000,2,0,67146842,1329,0,1329,-40,1,40,10
1,700,80.500000,10000.000000,2,0,67146845,1329,0,1329,-40,1,40,10
1,700,80.500000,10000.000000,2,0,67146848,1329,0,1329,-40,1,40,10
1,700,80.500000,10000.000000,2,0,67146851,1329,0,1329,-40,1,40,10
1,700,80.500000,10000.000000,2,0,67146853,1329,0,1329,-40,1,40,10
1,700,80.500000,10000.000000,2,0,67146856,1329,0,1329,-40,1,40,10
1,700,80.500000,10000.000000,2,0,67146859,1329,0,1329,-40,1,40,10
1,700,80.500000,10000.000000,2,0,67146862,1329,0,1329,-40,1,40,10
1,700,80.500000,10000.000000,2,0,67146864,1329,0,1329,-40,1,40,10
1,700,80.500000,10000.000000,2,0,67146867,1328,0,1328,-40,1,40,10
1,700,80.500000,10000.000000,2,0,67146870,1327,0,1327,-40,1,40,10
1,700,80.500000,10000.000000,2,0,67146873,1327,0,1327,-40,1,40,10
1,700,80.500000,10000.000000,2,0,67146876,1327,0,1327,-40,1,40,10
1,700,80.500000,10000.000000,2,0,67146878,1326,0,1326,-40,1,40,10
1,700,80.500000,10000.000000,2,0,67146881,1326,0,1326,-40,1,40,10
1,700,80.500000,10000.000000,2,0,67146884,1326,0,1326,-40,1,40,10
1,700,80.500000,10000.000000,2,0,67146887,1326,0,1326,-40,1,40,10
1,700,80.500000,10000.000000,2,0,67146889,1326,0,1326,-40,1,40,10
1,700,80.500000,10000.000000,2,0,67146892,1326,0,1326,-40,1,40,10
1,700,80.500000,10000.000000,2,0,67146895,1326,1,1326,-39,1,40,10
1,700,80.500000,10000.000000,2,0,67146898,1326,2,1326,-38,1,40,10
1,700,80.500000,10000.000000,2,0,67146901,1326,2,1326,-38,1,40,10
1,700,80.500000,10000.000000,2,0,67146903,1326,2,1326,-38,1,40,10
1,700,80.500000,10000.000000,2,0,67146906,1326,2,1326,-38,1,40,10
1,700,80.500000,10000.000000,2,0,67146909,1326,2,1326,-38,1,40,10
1,700,80.500000,10000.000000,2,0,67146912,1326,2,1326,-38,1,40,10
1,700,80.500000,10000.000000,2,0,67146914,1326,2,1326,-38,1,40,10
1,700,80.500000,10000.000000,2,0,67146917,1326,2,1326,-38,1,40,10
1,700,80.500000,10000.000000,2,0,67146930,1326,2,1326,-38,0,40,10
