1,350,80.500000,0.000000,2,0,67273641,790,0,790,0,0,48,0
1,350,80.500000,0.000000,2,0,67273642,790,0,790,0,0,48,0
1,350,80.500000,0.000000,2,0,67273645,790,0,790,0,0,48,0
1,350,80.500000,0.000000,2,0,67273648,790,0,790,0,0,48,0
1,350,80.500000,0.000000,2,0,67273650,790,0,790,0,0,48,0
1,350,80.500000,0.000000,2,0,67273653,790,0,790,0,0,48,0
1,350,80.500000,0.000000,2,0,67273656,790,0,790,0,0,48,0
1,350,80.500000,0.000000,2,0,67273659,791,0,791,0,0,48,0
1,350,80.500000,0.000000,2,0,67273662,792,0,792,0,0,48,0
1,350,80.500000,0.000000,2,0,67273664,792,0,792,0,0,48,0
1,350,80.500000,0.000000,2,0,67273667,792,0,792,0,0,48,0
1,350,80.500000,0.000000,2,0,67273670,792,0,792,0,0,48,0
1,350,80.500000,0.000000,2,0,67273673,792,0,792,0,0,48,0
1,350,80.500000,0.000000,2,0,67273675,792,0,792,0,0,48,0
1,350,80.500000,0.000000,2,0,67273678,793,0,793,0,0,48,0
1,350,80.500000,0.000000,2,0,67273681,794,1,794,1,0,48,0
1,350,80.500000,0.000000,2,0,67273684,795,1,795,1,0,48,0
1,350,80.500000,0.000000,2,0,67273687,796,2,796,2,0,48,0
1,350,80.500000,0.000000,2,0,67273689,797,3,797,3,0,48,0
1,350,80.500000,0.000000,2,0,67273692,797,3,797,3,0,48,0
1,350,80.500000,0.000000,2,0,67273695,798,4,798,4,0,48,0
1,350,80.500000,0.000000,2,0,67273698,799,5,799,5,0,48,0
1,350,80.500000,0.000000,2,0,67273701,801,7,801,7,0,48,0
1,350,80.500000,0.000000,2,0,67273703,802,7,802,7,0,48,0
1,350,80.500000,0.000000,2,0,67273706,804,9,804,9,0,48,0
1,350,80.500000,0.000000,2,0,67273709,806,10,806,10,0,48,0
1,350,80.500000,0.000000,2,0,67273712,807,11,807,11,0,48,0
1,350,80.500000,0.000000,2,0,67273714,809,12,809,12,0,48,0
1,350,80.500000,0.000000,2,0,67273717,809,13,809,13,0,48,0
1,350,80.500000,0.000000,2,0,67273720,812,15,812,15,0,48,0
1,350,80.500000,0.000000,2,0,67273723,817,19,817,19,0,48,0
1,350,80.500000,0.000000,2,0,67273726,819,21,819,21,0,48,0
1,350,80.500000,0.000000,2,0,67273728,821,22,821,22,0,48,0
1,350,80.500000,0.000000,2,0,67273731,825,24,825,24,0,48,0
1,350,80.500000,0.000000,2,0,67273734,829,26,829,26,0,48,0
1,350,80.500000,0.000000,2,0,67273737,835,29,835,29,0,48,0
1,350,80.500000,0.000000,2,0,67273739,841,30,841,30,0,48,0
1,350,80.500000,0.000000,2,0,67273742,848,34,848,34,0,48,0
1,350,80.500000,0.000000,2,0,67273745,855,37,855,37,0,48,0
1,350,80.500000,0.000000,2,0,67273748,862,40,862,40,0,48,0
1,350,80.500000,0.000000,2,0,67273751,870,43,870,43,0,48,0
1,350,80.500000,0.000000,2,0,67273753,879,46,879,46,0,48,0
1,350,80.500000,0.000000,2,0,67273756,886,49,886,49,0,48,0
1,350,80.500000,0.000000,2,0,67273759,892,50,892,50,0,48,0
1,350,80.500000,0.000000,2,0,67273762,902,52,902,52,0,48,0
1,350,80.500000,0.000000,2,0,67273764,910,53,910,53,0,48,0
1,350,80.500000,0.000000,2,0,67273767,920,57,920,57,0,48,0
1,350,80.500000,0.000000,2,0,67273770,934,63,934,63,0,48,0
1,350,80.500000,0.000000,2,0,67273773,948,66,948,66,0,48,0
1,350,80.500000,0.000000,2,0,67273776,959,70,959,70,0,48,0
1,350,80.500000,0.000000,2,0,67273778,970,74,970,74,0,48,0
1,350,80.500000,0.000000,2,0,67273781,979,76,979,76,0,48,0
1,350,80.500000,0.000000,2,0,67273784,990,78,990,78,0,48,0
1,350,80.500000,0.000000,2,0,67273787,1000,81,1000,81,0,48,0
1,350,80.500000,0.000000,2,0,67273790,1010,82,1010,82,0,48,0
1,350,80.500000,0.000000,2,0,67273792,1019,82,1019,82,0,48,0
1,350,80.500000,0.000000,2,0,67273795,1026,83,1026,83,0,48,0
1,350,80.500000,0.000000,2,0,67273798,1034,83,1034,83,0,48,0
1,350,80.500000,0.000000,2,0,67273801,1039,83,1039,83,0,48,0
1,350,80.500000,0.000000,2,0,67273804,1044,83,1044,83,0,48,0
1,350,80.500000,0.000000,2,0,67273806,1050,83,1050,83,0,48,0
1,350,80.500000,0.000000,2,0,67273809,1052,83,1052,83,0,48,0
1,350,80.500000,0.000000,2,0,67273812,1056,83,1056,83,0,48,0
1,350,80.500000,0.000000,2,0,67273814,1057,83,1057,83,0,48,0
1,350,80.500000,0.000000,2,0,67273817,1059,83,1059,83,0,48,0
1,350,80.500000,0.000000,2,0,67273820,1061,82,1061,82,0,48,0
1,350,80.500000,0.000000,2,0,67273823,1062,82,1062,82,0,48,0
1,350,80.500000,0.000000,2,0,67273826,1062,80,1062,80,0,48,0
1,350,80.500000,0.000000,2,0,67273828,1063,79,1063,79,0,48,0
1,350,80.500000,0.000000,2,0,67273831,1065,78,1065,78,0,48,0
1,350,80.500000,0.000000,2,0,67273834,1067,77,1067,77,0,48,0
1,350,80.500000,0.000000,2,0,67273837,1069,77,1069,77,0,48,0
1,350,80.500000,0.000000,2,0,67273839,1070,76,1070,76,0,48,0
1,350,80.500000,0.000000,2,0,67273842,1072,74,1072,74,0,48,0
1,350,80.500000,0.000000,2,0,67273845,1073,72,1073,72,0,48,0
1,350,80.500000,0.000000,2,0,67273848,1073,70,1073,70,0,48,0
1,350,80.500000,0.000000,2,0,67273851,1074,70,1074,70,0,48,0
1,350,80.500000,0.000000,2,0,67273853,1075,68,1075,68,0,48,0
1,350,80.500000,0.000000,2,0,67273856,1076,67,1076,67,0,48,0
1,350,80.500000,0.000000,2,0,67273859,1076,65,1076,65,0,48,0
1,350,80.500000,0.000000,2,0,67273862,1077,64,1077,64,0,48,0
1,350,80.500000,0.000000,2,0,67273864,1078,64,1078,64,0,48,0
1,350,80.500000,0.000000,2,0,67273867,1080,61,1080,61,0,48,0
1,350,80.500000,0.000000,2,0,67273870,1081,60,1081,60,0,48,0
1,350,80.500000,0.000000,2,0,67273873,1083,59,1083,59,0,48,0
1,350,80.500000,0.000000,2,0,67273876,1085,58,1085,58,0,48,0
1,350,80.500000,0.000000,2,0,67273879,1085,57,1085,57,0,48,0
1,350,80.500000,0.000000,2,0,67273881,1086,56,1086,56,0,48,0
1,350,80.500000,0.000000,2,0,67273884,1087,56,1087,56,0,48,0
1,350,80.500000,0.000000,2,0,67273887,1088,55,1088,55,0,48,0
1,350,80.500000,0.000000,2,0,67273890,1089,55,1089,55,0,48,0
1,350,80.500000,0.000000,2,0,67273892,1092,53,1092,53,0,48,0
1,350,80.500000,0.000000,2,0,67273895,1093,52,1093,52,0,48,0
1,350,80.500000,0.000000,2,0,67273898,1096,51,1096,51,0,48,0
1,350,80.500000,0.000000,2,0,67273901,1097,50,1097,50,0,48,0
1,350,80.500000,0.000000,2,0,67273903,1098,49,1098,49,0,48,0
1,350,80.500000,0.000000,2,0,67273906,1100,48,1100,48,0,48,0
1,350,80.500000,0.000000,2,0,67273909,1101,47,1101,47,0,48,0
1,350,80.500000,0.000000,2,0,67273912,1102,46,1102,46,0,48,0
1,350,80.500000,0.000000,2,0,67273914,1103,45,1103,45,0,48,0
1,350,80.500000,0.000000,2,0,67273917,1104,45,1104,45,0,48,0
1,350,80.500000,0.000000,2,0,67273920,1106,44,1106,44,0,48,0
1,350,80.500000,0.000000,2,0,67273923,1106,43,1106,43,0,48,0
1,350,80.500000,0.000000,2,0,67273926,1107,43,1107,43,0,48,0
1,350,80.500000,0.000000,2,0,67273928,1108,42,1108,42,0,48,0
1,350,80.500000,0.000000,2,0,67273931,1109,42,1109,42,0,48,0
1,350,80.500000,0.000000,2,0,67273934,1110,42,1110,42,0,48,0
1,350,80.500000,0.000000,2,0,67273937,1110,41,1110,41,0,48,0
1,350,80.500000,0.000000,2,0,67273939,1112,40,1112,40,0,48,0
1,350,80.500000,0.000000,2,0,67273942,1114,39,1114,39,0,48,0
1,350,80.500000,0.000000,2,0,67273945,1114,38,1114,38,0,48,0
1,350,80.500000,0.000000,2,0,67273948,1114,37,1114,37,0,48,0
1,350,80.500000,0.000000,2,0,67273951,1115,36,1115,36,0,48,0
1,350,80.500000,0.000000,2,0,67273953,1116,35,1116,35,0,48,0
1,350,80.500000,0.000000,2,0,67273956,1117,35,1117,35,0,48,0
1,350,80.500000,0.000000,2,0,67273959,1116,33,1116,33,0,48,0
1,350,80.500000,0.000000,2,0,67273962,1115,31,1115,31,0,48,0
1,350,80.500000,0.000000,2,0,67273964,1115,30,1115,30,0,48,0
1,350,80.500000,0.000000,2,0,67273968,1116,30,1116,30,0,48,0
1,350,80.500000,0.000000,2,0,67273970,1117,28,1117,28,0,48,0
1,350,80.500000,0.000000,2,0,67273973,1117,27,1117,27,0,48,0
1,350,80.500000,0.000000,2,0,67273976,1117,26,1117,26,0,48,0
1,350,80.500000,0.000000,2,0,67273979,1117,26,1117,26,0,48,0
1,350,80.500000,0.000000,2,0,67273982,1118,26,1118,26,0,48,0
1,350,80.500000,0.000000,2,0,67273985,1118,26,1118,26,0,48,0
1,350,80.500000,0.000000,2,0,67273987,1118,25,1118,25,0,48,0
1,350,80.500000,0.000000,2,0,67273990,1119,24,1119,24,0,48,0
1,350,80.500000,0.000000,2,0,67273993,1120,23,1120,23,0,48,0
1,350,80.500000,0.000000,2,0,67273995,1120,22,1120,22,0,48,0
1,350,80.500000,0.000000,2,0,67273998,1122,21,1122,21,0,48,0
1,350,80.500000,0.000000,2,0,67274001,1124,21,1124,21,0,48,0
1,350,80.500000,0.000000,2,0,67274003,1125,20,1125,20,0,48,0
1,350,80.500000,0.000000,2,0,67274006,1126,19,1126,19,0,48,0
1,350,80.500000,0.000000,2,0,67274009,1126,17,1126,17,0,48,0
1,350,80.500000,0.000000,2,0,67274012,1129,17,1129,17,0,48,0
1,350,80.500000,0.000000,2,0,67274014,1131,17,1131,17,0,48,0
1,350,80.500000,0.000000,2,0,67274017,1132,16,1132,16,0,48,0
1,350,80.500000,0.000000,2,0,67274020,1133,16,1133,16,0,48,0
1,350,80.500000,0.000000,2,0,67274023,1134,15,1134,15,0,48,0
1,350,80.500000,0.000000,2,0,67274026,1137,15,1137,15,0,48,0
1,350,80.500000,0.000000,2,0,67274028,1139,15,1139,15,0,48,0
1,350,80.500000,0.000000,2,0,67274031,1141,15,1141,15,0,48,0
1,350,80.500000,0.000000,2,0,67274034,1142,14,1142,14,0,48,0
1,350,80.500000,0.000000,2,0,67274037,1145,12,1145,12,0,48,0
1,350,80.500000,0.000000,2,0,67274040,1147,12,1147,12,0,48,0
1,350,80.500000,0.000000,2,0,67274043,1150,11,1150,11,0,48,0
1,350,80.500000,0.000000,2,0,67274045,1150,10,1150,10,0,48,0
1,350,80.500000,0.000000,2,0,67274048,1150,9,1150,9,0,48,0
1,350,80.500000,0.000000,2,0,67274051,1150,9,1150,9,0,48,0
1,350,80.500000,0.000000,2,0,67274054,1150,9,1150,9,0,48,0
1,350,80.500000,0.000000,2,0,67274056,1151,9,1151,9,0,48,0
1,350,80.500000,0.000000,2,0,67274059,1151,9,1151,9,0,48,0
1,350,80.500000,0.000000,2,0,67274062,1152,9,1152,9,0,48,0
1,350,80.500000,0.000000,2,0,67274065,1153,9,1153,9,0,48,0
1,350,80.500000,0.000000,2,0,67274068,1153,9,1153,9,0,48,0
1,350,80.500000,0.000000,2,0,67274070,1153,9,1153,9,0,48,0
1,350,80.500000,0.000000,2,0,67274073,1153,9,1153,9,0,48,0
1,350,80.500000,0.000000,2,0,67274076,1153,9,1153,9,0,48,0
1,350,80.500000,0.000000,2,0,67274079,1153,9,1153,9,0,48,0
1,350,80.500000,0.000000,2,0,67274081,1153,9,1153,9,0,48,0
1,350,80.500000,0.000000,2,0,67274084,1153,9,1153,9,0,48,0
1,350,80.500000,0.000000,2,0,67274087,1153,9,1153,9,0,48,0
1,350,80.500000,0.000000,2,0,67274090,1153,9,1153,9,0,48,0
1,350,80.500000,0.000000,2,0,67274093,1153,9,1153,9,0,48,0
1,350,80.500000,0.000000,2,0,67274095,1153,9,1153,9,0,48,0
1,350,80.500000,0.000000,2,0,67274098,1153,9,1153,9,0,48,0
1,350,80.500000,0.000000,2,0,67274109,1153,9,1153,9,0,48,0
