1,350,21.000000,0.000000,2,0,67318355,796,4.600000,796,4.600000,0,50,9
1,350,21.000000,0.000000,2,0,67318356,796,4.600000,796,4.600000,0,50,9
1,350,21.000000,0.000000,2,0,67318359,796,4.600000,796,4.600000,0,50,9
1,350,21.000000,0.000000,2,0,67318361,796,4.600000,796,4.600000,0,50,9
1,350,21.000000,0.000000,2,0,67318364,796,4.600000,796,4.600000,0,50,9
1,350,21.000000,0.000000,2,0,67318367,796,4.600000,796,4.600000,0,50,9
1,350,21.000000,0.000000,2,0,67318370,796,4.600000,796,4.600000,0,50,9
1,350,21.000000,0.000000,2,0,67318372,796,4.600000,796,4.600000,0,50,9
1,350,21.000000,0.000000,2,0,67318375,796,4.600000,796,4.600000,0,50,9
1,350,21.000000,0.000000,2,0,67318378,796,4.600000,796,4.600000,0,50,9
1,350,21.000000,0.000000,2,0,67318381,796,4.600000,796,4.600000,0,50,9
1,350,21.000000,0.000000,2,0,67318384,796,4.600000,796,4.600000,0,50,9
1,350,21.000000,0.000000,2,0,67318386,796,4.600000,796,4.600000,0,50,9
1,350,21.000000,0.000000,2,0,67318389,796,4.600000,796,4.600000,0,50,9
1,350,21.000000,0.000000,2,0,67318392,796,4.600000,796,4.600000,0,50,9
1,350,21.000000,0.000000,2,0,67318395,796,4.600000,796,4.600000,0,50,9
1,350,21.000000,0.000000,2,0,67318397,796,4.600000,796,4.600000,0,50,9
1,350,21.000000,0.000000,2,0,67318400,796,4.600000,796,4.600000,0,50,9
1,350,21.000000,0.000000,2,0,67318403,796,4.600000,796,4.600000,0,50,9
1,350,21.000000,0.000000,2,0,67318406,796,4.600000,796,4.600000,0,50,9
1,350,21.000000,0.000000,2,0,67318408,796,4.600000,796,4.600000,0,50,9
1,350,21.000000,0.000000,2,0,67318411,796,4.600000,796,4.600000,0,50,9
1,350,21.000000,0.000000,2,0,67318414,796,4.600000,796,4.600000,0,50,9
1,350,21.000000,0.000000,2,0,67318417,796,4.600000,796,4.600000,0,50,9
1,350,21.000000,0.000000,2,0,67318419,796,4.600000,796,4.600000,0,50,9
1,350,21.000000,0.000000,2,0,67318422,796,4.600000,796,4.600000,0,50,9
1,350,21.000000,0.000000,2,0,67318425,796,4.600000,796,4.600000,0,50,9
1,350,21.000000,0.000000,2,0,67318428,796,4.600000,796,4.600000,0,50,9
1,350,21.000000,0.000000,2,0,67318431,796,4.600000,796,4.600000,0,50,9
1,350,21.000000,0.000000,2,0,67318434,796,4.600000,796,4.600000,0,50,9
1,350,21.000000,0.000000,2,0,67318436,796,4.600000,796,4.600000,0,50,9
1,350,21.000000,0.000000,2,0,67318439,796,4.600000,796,4.600000,0,50,9
1,350,21.000000,0.000000,2,0,67318442,796,4.600000,796,4.600000,0,50,9
1,350,21.000000,0.000000,2,0,67318445,796,4.600000,796,4.600000,0,50,9
1,350,21.000000,0.000000,2,0,67318448,796,4.600000,796,4.600000,0,50,9
1,350,21.000000,0.000000,2,0,67318450,795,4.600000,795,4.600000,0,50,9
1,350,21.000000,0.000000,2,0,67318453,794,4.600000,794,4.600000,0,50,9
1,350,21.000000,0.000000,2,0,67318456,794,4.600000,794,4.600000,0,50,9
1,350,21.000000,0.000000,2,0,67318459,794,4.600000,794,4.600000,0,50,9
1,350,21.000000,0.000000,2,0,67318462,794,4.600000,794,4.600000,0,50,9
1,350,21.000000,0.000000,2,0,67318464,794,4.600000,794,4.600000,0,50,9
1,350,21.000000,0.000000,2,0,67318467,794,5.600000,794,5.600000,0,50,9
1,350,21.000000,0.000000,2,0,67318470,794,6.600000,794,6.600000,0,50,9
1,350,21.000000,0.000000,2,0,67318473,794,7.600000,794,7.600000,0,50,9
1,350,21.000000,0.000000,2,0,67318475,794,8.600000,794,8.600000,0,50,9
1,350,21.000000,0.000000,2,0,67318478,794,8.600000,794,8.600000,0,50,9
1,350,21.000000,0.000000,2,0,67318481,794,9.600000,794,9.600000,0,50,9
1,350,21.000000,0.000000,2,0,67318484,794,10.600000,794,10.600000,0,50,9
1,350,21.000000,0.000000,2,0,67318487,794,11.600000,794,11.600000,0,50,9
1,350,21.000000,0.000000,2,0,67318489,793,11.600000,793,11.600000,0,50,9
1,350,21.000000,0.000000,2,0,67318492,792,11.600000,792,11.600000,0,50,9
1,350,21.000000,0.000000,2,0,67318495,791,11.600000,791,11.600000,0,50,9
1,350,21.000000,0.000000,2,0,67318498,790,11.600000,790,11.600000,0,50,9
1,350,21.000000,0.000000,2,0,67318500,790,11.600000,790,11.600000,0,50,9
1,350,21.000000,0.000000,2,0,67318503,790,11.600000,790,11.600000,0,50,9
1,350,21.000000,0.000000,2,0,67318506,790,11.600000,790,11.600000,0,50,9
1,350,21.000000,0.000000,2,0,67318509,790,11.600000,790,11.600000,0,50,9
1,350,21.000000,0.000000,2,0,67318512,790,11.600000,790,11.600000,0,50,9
1,350,21.000000,0.000000,2,0,67318514,790,11.600000,790,11.600000,0,50,9
1,350,21.000000,0.000000,2,0,67318517,790,11.600000,790,11.600000,0,50,9
1,350,21.000000,0.000000,2,0,67318520,790,11.600000,790,11.600000,0,50,9
1,350,21.000000,0.000000,2,0,67318523,790,11.600000,790,11.600000,0,50,9
1,350,21.000000,0.000000,2,0,67318526,790,11.600000,790,11.600000,0,50,9
1,350,21.000000,0.000000,2,0,67318528,790,11.600000,790,11.600000,0,50,9
1,350,21.000000,0.000000,2,0,67318531,790,11.600000,790,11.600000,0,50,9
1,350,21.000000,0.000000,2,0,67318534,790,11.600000,790,11.600000,0,50,9
1,350,21.000000,0.000000,2,0,67318537,790,11.600000,790,11.600000,0,50,9
1,350,21.000000,0.000000,2,0,67318539,790,11.600000,790,11.600000,0,50,9
1,350,21.000000,0.000000,2,0,67318542,790,11.600000,790,11.600000,0,50,9
1,350,21.000000,0.000000,2,0,67318545,790,12.600000,790,12.600000,0,50,9
1,350,21.000000,0.000000,2,0,67318548,790,13.600000,790,13.600000,0,50,9
1,350,21.000000,0.000000,2,0,67318550,790,13.600000,790,13.600000,0,50,9
1,350,21.000000,0.000000,2,0,67318553,790,13.600000,790,13.600000,0,50,9
1,350,21.000000,0.000000,2,0,67318556,791,13.600000,791,13.600000,0,50,9
1,350,21.000000,0.000000,2,0,67318559,791,14.600000,791,14.600000,0,50,9
1,350,21.000000,0.000000,2,0,67318561,791,15.600000,791,15.600000,0,50,9
1,350,21.000000,0.000000,2,0,67318564,792,15.600000,792,15.600000,0,50,9
1,350,21.000000,0.000000,2,0,67318567,793,15.600000,793,15.600000,0,50,9
1,350,21.000000,0.000000,2,0,67318570,795,16.600000,795,16.600000,0,50,9
1,350,21.000000,0.000000,2,0,67318573,796,16.600000,796,16.600000,0,50,9
1,350,21.000000,0.000000,2,0,67318576,799,17.600000,799,17.600000,0,50,9
1,350,21.000000,0.000000,2,0,67318578,800,17.600000,800,17.600000,0,50,9
1,350,21.000000,0.000000,2,0,67318581,802,17.600000,802,17.600000,0,50,9
1,350,21.000000,0.000000,2,0,67318584,806,17.600000,806,17.600000,0,50,9
1,350,21.000000,0.000000,2,0,67318587,810,19.600000,810,19.600000,0,50,9
1,350,21.000000,0.000000,2,0,67318590,812,20.600000,812,20.600000,0,50,9
1,350,21.000000,0.000000,2,0,67318593,818,21.600000,818,21.600000,0,50,9
1,350,21.000000,0.000000,2,0,67318596,821,22.600000,821,22.600000,0,50,9
1,350,21.000000,0.000000,2,0,67318599,828,23.600000,828,23.600000,0,50,9
1,350,21.000000,0.000000,2,0,67318602,832,23.600000,832,23.600000,0,50,9
1,350,21.000000,0.000000,2,0,67318605,836,23.600000,836,23.600000,0,50,9
1,350,21.000000,0.000000,2,0,67318608,840,23.600000,840,23.600000,0,50,9
1,350,21.000000,0.000000,2,0,67318610,848,24.600000,848,24.600000,0,50,9
1,350,21.000000,0.000000,2,0,67318613,855,25.600000,855,25.600000,0,50,9
1,350,21.000000,0.000000,2,0,67318616,862,26.600000,862,26.600000,0,50,9
1,350,21.000000,0.000000,2,0,67318619,869,27.600000,869,27.600000,0,50,9
1,350,21.000000,0.000000,2,0,67318621,879,27.600000,879,27.600000,0,50,9
1,350,21.000000,0.000000,2,0,67318624,887,30.600000,887,30.600000,0,50,9
1,350,21.000000,0.000000,2,0,67318627,897,30.600000,897,30.600000,0,50,9
1,350,21.000000,0.000000,2,0,67318629,904,32.600000,904,32.600000,0,50,9
1,350,21.000000,0.000000,2,0,67318632,912,32.600000,912,32.600000,0,50,9
1,350,21.000000,0.000000,2,0,67318635,920,32.600000,920,32.600000,0,50,9
1,350,21.000000,0.000000,2,0,67318637,928,33.600000,928,33.600000,0,50,9
1,350,21.000000,0.000000,2,0,67318640,936,34.600000,936,34.600000,0,50,9
1,350,21.000000,0.000000,2,0,67318643,944,35.600000,944,35.600000,0,50,9
1,350,21.000000,0.000000,2,0,67318646,955,35.600000,955,35.600000,0,50,9
1,350,21.000000,0.000000,2,0,67318648,963,36.600000,963,36.600000,0,50,9
1,350,21.000000,0.000000,2,0,67318651,971,38.600000,971,38.600000,0,50,9
1,350,21.000000,0.000000,2,0,67318654,979,38.600000,979,38.600000,0,50,9
1,350,21.000000,0.000000,2,0,67318656,995,38.600000,995,38.600000,0,50,9
1,350,21.000000,0.000000,2,0,67318659,1002,41.600000,1002,41.600000,0,50,9
1,350,21.000000,0.000000,2,0,67318662,1011,41.600000,1011,41.600000,0,50,9
1,350,21.000000,0.000000,2,0,67318665,1018,41.600000,1018,41.600000,0,50,9
1,350,21.000000,0.000000,2,0,67318667,1025,41.600000,1025,41.600000,0,50,9
1,350,21.000000,0.000000,2,0,67318670,1029,41.600000,1029,41.600000,0,50,9
1,350,21.000000,0.000000,2,0,67318673,1036,41.600000,1036,41.600000,0,50,9
1,350,21.000000,0.000000,2,0,67318676,1040,41.600000,1040,41.600000,0,50,9
1,350,21.000000,0.000000,2,0,67318679,1049,41.600000,1049,41.600000,0,50,9
1,350,21.000000,0.000000,2,0,67318681,1055,41.600000,1055,41.600000,0,50,9
1,350,21.000000,0.000000,2,0,67318684,1058,40.600000,1058,40.600000,0,50,9
1,350,21.000000,0.000000,2,0,67318687,1061,40.600000,1061,40.600000,0,50,9
1,350,21.000000,0.000000,2,0,67318690,1064,40.600000,1064,40.600000,0,50,9
1,350,21.000000,0.000000,2,0,67318692,1068,40.600000,1068,40.600000,0,50,9
1,350,21.000000,0.000000,2,0,67318695,1071,38.600000,1071,38.600000,0,50,9
1,350,21.000000,0.000000,2,0,67318698,1074,38.600000,1074,38.600000,0,50,9
1,350,21.000000,0.000000,2,0,67318701,1075,38.600000,1075,38.600000,0,50,9
1,350,21.000000,0.000000,2,0,67318704,1076,37.600000,1076,37.600000,0,50,9
1,350,21.000000,0.000000,2,0,67318706,1078,37.600000,1078,37.600000,0,50,9
1,350,21.000000,0.000000,2,0,67318709,1082,37.600000,1082,37.600000,0,50,9
1,350,21.000000,0.000000,2,0,67318712,1082,36.600000,1082,36.600000,0,50,9
1,350,21.000000,0.000000,2,0,67318715,1083,36.600000,1083,36.600000,0,50,9
1,350,21.000000,0.000000,2,0,67318717,1084,35.600000,1084,35.600000,0,50,9
1,350,21.000000,0.000000,2,0,67318720,1085,35.600000,1085,35.600000,0,50,9
1,350,21.000000,0.000000,2,0,67318723,1086,35.600000,1086,35.600000,0,50,9
1,350,21.000000,0.000000,2,0,67318726,1087,34.600000,1087,34.600000,0,50,9
1,350,21.000000,0.000000,2,0,67318728,1089,33.600000,1089,33.600000,0,50,9
1,350,21.000000,0.000000,2,0,67318731,1090,33.600000,1090,33.600000,0,50,9
1,350,21.000000,0.000000,2,0,67318734,1092,33.600000,1092,33.600000,0,50,9
1,350,21.000000,0.000000,2,0,67318737,1093,33.600000,1093,33.600000,0,50,9
1,350,21.000000,0.000000,2,0,67318740,1094,33.600000,1094,33.600000,0,50,9
1,350,21.000000,0.000000,2,0,67318742,1095,33.600000,1095,33.600000,0,50,9
1,350,21.000000,0.000000,2,0,67318745,1096,33.600000,1096,33.600000,0,50,9
1,350,21.000000,0.000000,2,0,67318748,1097,33.600000,1097,33.600000,0,50,9
1,350,21.000000,0.000000,2,0,67318751,1097,32.600000,1097,32.600000,0,50,9
1,350,21.000000,0.000000,2,0,67318753,1097,31.600000,1097,31.600000,0,50,9
1,350,21.000000,0.000000,2,0,67318756,1098,31.600000,1098,31.600000,0,50,9
1,350,21.000000,0.000000,2,0,67318759,1099,31.600000,1099,31.600000,0,50,9
1,350,21.000000,0.000000,2,0,67318762,1100,31.600000,1100,31.600000,0,50,9
1,350,21.000000,0.000000,2,0,67318764,1101,31.600000,1101,31.600000,0,50,9
1,350,21.000000,0.000000,2,0,67318767,1102,30.600000,1102,30.600000,0,50,9
1,350,21.000000,0.000000,2,0,67318770,1104,30.600000,1104,30.600000,0,50,9
1,350,21.000000,0.000000,2,0,67318773,1106,30.600000,1106,30.600000,0,50,9
1,350,21.000000,0.000000,2,0,67318775,1106,30.600000,1106,30.600000,0,50,9
1,350,21.000000,0.000000,2,0,67318778,1108,30.600000,1108,30.600000,0,50,9
1,350,21.000000,0.000000,2,0,67318781,1110,30.600000,1110,30.600000,0,50,9
1,350,21.000000,0.000000,2,0,67318784,1110,30.600000,1110,30.600000,0,50,9
1,350,21.000000,0.000000,2,0,67318786,1111,30.600000,1111,30.600000,0,50,9
1,350,21.000000,0.000000,2,0,67318789,1112,30.600000,1112,30.600000,0,50,9
1,350,21.000000,0.000000,2,0,67318792,1113,30.600000,1113,30.600000,0,50,9
1,350,21.000000,0.000000,2,0,67318795,1115,30.600000,1115,30.600000,0,50,9
1,350,21.000000,0.000000,2,0,67318798,1115,30.600000,1115,30.600000,0,50,9
1,350,21.000000,0.000000,2,0,67318800,1116,30.600000,1116,30.600000,0,50,9
1,350,21.000000,0.000000,2,0,67318803,1117,30.600000,1117,30.600000,0,50,9
1,350,21.000000,0.000000,2,0,67318806,1117,29.600000,1117,29.600000,0,50,9
1,350,21.000000,0.000000,2,0,67318809,1118,28.600000,1118,28.600000,0,50,9
1,350,21.000000,0.000000,2,0,67318811,1118,28.600000,1118,28.600000,0,50,9
1,350,21.000000,0.000000,2,0,67318814,1119,28.600000,1119,28.600000,0,50,9
1,350,21.000000,0.000000,2,0,67318817,1120,28.600000,1120,28.600000,0,50,9
1,350,21.000000,0.000000,2,0,67318820,1120,28.600000,1120,28.600000,0,50,9
1,350,21.000000,0.000000,2,0,67318823,1120,27.600000,1120,27.600000,0,50,9
1,350,21.000000,0.000000,2,0,67318825,1120,26.600000,1120,26.600000,0,50,9
1,350,21.000000,0.000000,2,0,67318828,1120,25.600000,1120,25.600000,0,50,9
1,350,21.000000,0.000000,2,0,67318831,1121,25.600000,1121,25.600000,0,50,9
1,350,21.000000,0.000000,2,0,67318834,1122,25.600000,1122,25.600000,0,50,9
1,350,21.000000,0.000000,2,0,67318837,1123,25.600000,1123,25.600000,0,50,9
1,350,21.000000,0.000000,2,0,67318839,1123,24.600000,1123,24.600000,0,50,9
1,350,21.000000,0.000000,2,0,67318842,1124,23.600000,1124,23.600000,0,50,9
1,350,21.000000,0.000000,2,0,67318845,1124,23.600000,1124,23.600000,0,50,9
1,350,21.000000,0.000000,2,0,67318848,1124,23.600000,1124,23.600000,0,50,9
1,350,21.000000,0.000000,2,0,67318850,1125,23.600000,1125,23.600000,0,50,9
1,350,21.000000,0.000000,2,0,67318853,1126,23.600000,1126,23.600000,0,50,9
1,350,21.000000,0.000000,2,0,67318856,1127,23.600000,1127,23.600000,0,50,9
1,350,21.000000,0.000000,2,0,67318859,1128,23.600000,1128,23.600000,0,50,9
1,350,21.000000,0.000000,2,0,67318862,1128,23.600000,1128,23.600000,0,50,9
1,350,21.000000,0.000000,2,0,67318864,1128,23.600000,1128,23.600000,0,50,9
1,350,21.000000,0.000000,2,0,67318867,1129,23.600000,1129,23.600000,0,50,9
1,350,21.000000,0.000000,2,0,67318870,1130,23.600000,1130,23.600000,0,50,9
1,350,21.000000,0.000000,2,0,67318873,1131,23.600000,1131,23.600000,0,50,9
1,350,21.000000,0.000000,2,0,67318875,1132,23.600000,1132,23.600000,0,50,9
1,350,21.000000,0.000000,2,0,67318878,1132,22.600000,1132,22.600000,0,50,9
1,350,21.000000,0.000000,2,0,67318881,1133,22.600000,1133,22.600000,0,50,9
1,350,21.000000,0.000000,2,0,67318884,1134,22.600000,1134,22.600000,0,50,9
1,350,21.000000,0.000000,2,0,67318886,1135,21.600000,1135,21.600000,0,50,9
1,350,21.000000,0.000000,2,0,67318889,1136,21.600000,1136,21.600000,0,50,9
1,350,21.000000,0.000000,2,0,67318892,1138,21.600000,1138,21.600000,0,50,9
1,350,21.000000,0.000000,2,0,67318895,1140,21.600000,1140,21.600000,0,50,9
1,350,21.000000,0.000000,2,0,67318898,1140,20.600000,1140,20.600000,0,50,9
1,350,21.000000,0.000000,2,0,67318900,1141,19.600000,1141,19.600000,0,50,9
1,350,21.000000,0.000000,2,0,67318903,1141,19.600000,1141,19.600000,0,50,9
1,350,21.000000,0.000000,2,0,67318906,1142,19.600000,1142,19.600000,0,50,9
1,350,21.000000,0.000000,2,0,67318909,1143,20.600000,1143,20.600000,0,50,9
1,350,21.000000,0.000000,2,0,67318912,1144,21.600000,1144,21.600000,0,50,9
1,350,21.000000,0.000000,2,0,67318915,1144,20.600000,1144,20.600000,0,50,9
1,350,21.000000,0.000000,2,0,67318917,1144,20.600000,1144,20.600000,0,50,9
1,350,21.000000,0.000000,2,0,67318920,1144,20.600000,1144,20.600000,0,50,9
1,350,21.000000,0.000000,2,0,67318923,1144,20.600000,1144,20.600000,0,50,9
1,350,21.000000,0.000000,2,0,67318926,1144,20.600000,1144,20.600000,0,50,9
1,350,21.000000,0.000000,2,0,67318928,1144,20.600000,1144,20.600000,0,50,9
1,350,21.000000,0.000000,2,0,67318931,1144,20.600000,1144,20.600000,0,50,9
1,350,21.000000,0.000000,2,0,67318934,1144,20.600000,1144,20.600000,0,50,9
1,350,21.000000,0.000000,2,0,67318937,1144,20.600000,1144,20.600000,0,50,9
1,350,21.000000,0.000000,2,0,67318940,1144,20.600000,1144,20.600000,0,50,9
1,350,21.000000,0.000000,2,0,67318943,1144,20.600000,1144,20.600000,0,50,9
1,350,21.000000,0.000000,2,0,67318945,1144,20.600000,1144,20.600000,0,50,9
1,350,21.000000,0.000000,2,0,67318948,1144,20.600000,1144,20.600000,0,50,9
1,350,21.000000,0.000000,2,0,67318951,1144,20.600000,1144,20.600000,0,50,9
1,350,21.000000,0.000000,2,0,67318953,1144,20.600000,1144,20.600000,0,50,9
1,350,21.000000,0.000000,2,0,67318956,1144,20.600000,1144,20.600000,0,50,9
1,350,21.000000,0.000000,2,0,67318959,1144,20.600000,1144,20.600000,0,50,9
1,350,21.000000,0.000000,2,0,67318962,1144,20.600000,1144,20.600000,0,50,9
1,350,21.000000,0.000000,2,0,67318965,1145,20.600000,1145,20.600000,0,50,9
1,350,21.000000,0.000000,2,0,67318967,1145,20.600000,1145,20.600000,0,50,9
1,350,21.000000,0.000000,2,0,67318970,1145,20.600000,1145,20.600000,0,50,9
1,350,21.000000,0.000000,2,0,67318973,1145,20.600000,1145,20.600000,0,50,9
1,350,21.000000,0.000000,2,0,67318976,1145,20.600000,1145,20.600000,0,50,9
1,350,21.000000,0.000000,2,0,67318979,1146,20.600000,1146,20.600000,0,50,9
1,350,21.000000,0.000000,2,0,67318981,1146,20.600000,1146,20.600000,0,50,9
1,350,21.000000,0.000000,2,0,67318984,1146,20.600000,1146,20.600000,0,50,9
1,350,21.000000,0.000000,2,0,67318987,1146,20.600000,1146,20.600000,0,50,9
1,350,21.000000,0.000000,2,0,67318990,1146,20.600000,1146,20.600000,0,50,9
1,350,21.000000,0.000000,2,0,67318992,1146,20.600000,1146,20.600000,0,50,9
1,350,21.000000,0.000000,2,0,67318995,1146,19.600000,1146,19.600000,0,50,9
1,350,21.000000,0.000000,2,0,67318998,1146,18.600000,1146,18.600000,0,50,9
1,350,21.000000,0.000000,2,0,67319001,1146,18.600000,1146,18.600000,0,50,9
1,350,21.000000,0.000000,2,0,67319004,1146,17.600000,1146,17.600000,0,50,9
1,350,21.000000,0.000000,2,0,67319006,1146,16.600000,1146,16.600000,0,50,9
1,350,21.000000,0.000000,2,0,67319009,1146,16.600000,1146,16.600000,0,50,9
1,350,21.000000,0.000000,2,0,67319012,1146,16.600000,1146,16.600000,0,50,9
1,350,21.000000,0.000000,2,0,67319015,1146,16.600000,1146,16.600000,0,50,9
1,350,21.000000,0.000000,2,0,67319017,1146,16.600000,1146,16.600000,0,50,9
1,350,21.000000,0.000000,2,0,67319020,1146,16.600000,1146,16.600000,0,50,9
1,350,21.000000,0.000000,2,0,67319023,1146,16.600000,1146,16.600000,0,50,9
1,350,21.000000,0.000000,2,0,67319026,1146,16.600000,1146,16.600000,0,50,9
1,350,21.000000,0.000000,2,0,67319029,1146,16.600000,1146,16.600000,0,50,9
1,350,21.000000,0.000000,2,0,67319031,1146,16.600000,1146,16.600000,0,50,9
1,350,21.000000,0.000000,2,0,67319034,1146,16.600000,1146,16.600000,0,50,9
1,350,21.000000,0.000000,2,0,67319037,1146,15.600000,1146,15.600000,0,50,9
1,350,21.000000,0.000000,2,0,67319040,1146,14.600000,1146,14.600000,0,50,9
1,350,21.000000,0.000000,2,0,67319051,1146,14.600000,1146,14.600000,0,50,9
