1,350,80.500000,42.000000,2,0,67360945,807,16,807,16,1,53,2
1,350,80.500000,42.000000,2,0,67360946,807,16,807,16,1,53,2
1,350,80.500000,42.000000,2,0,67360949,807,16,807,16,1,53,2
1,350,80.500000,42.000000,2,0,67360951,807,16,807,16,1,53,2
1,350,80.500000,42.000000,2,0,67360954,807,16,807,16,1,53,2
1,350,80.500000,42.000000,2,0,67360957,808,16,808,16,1,53,2
1,350,80.500000,42.000000,2,0,67360960,808,16,808,16,1,53,2
1,350,80.500000,42.000000,2,0,67360962,808,16,808,16,1,53,2
1,350,80.500000,42.000000,2,0,67360965,808,16,808,16,1,53,2
1,350,80.500000,42.000000,2,0,67360968,808,16,808,16,1,53,2
1,350,80.500000,42.000000,2,0,67360971,808,16,808,16,1,53,2
1,350,80.500000,42.000000,2,0,67360973,808,16,808,16,1,53,2
1,350,80.500000,42.000000,2,0,67360977,808,16,808,16,1,53,2
1,350,80.500000,42.000000,2,0,67360979,808,16,808,16,1,53,2
1,350,80.500000,42.000000,2,0,67360982,808,16,808,16,1,53,2
1,350,80.500000,42.000000,2,0,67360984,808,16,808,16,1,53,2
1,350,80.500000,42.000000,2,0,67360987,808,16,808,16,1,53,2
1,350,80.500000,42.000000,2,0,67360990,808,16,808,16,1,53,2
1,350,80.500000,42.000000,2,0,67360993,808,16,808,16,1,53,2
1,350,80.500000,42.000000,2,0,67360996,808,16,808,16,1,53,2
1,350,80.500000,42.000000,2,0,67360998,808,16,808,16,1,53,2
1,350,80.500000,42.000000,2,0,67361001,808,16,808,16,1,53,2
1,350,80.500000,42.000000,2,0,67361004,809,16,809,16,1,53,2
1,350,80.500000,42.000000,2,0,67361007,810,16,810,16,1,53,2
1,350,80.500000,42.000000,2,0,67361009,812,17,812,17,1,53,2
1,350,80.500000,42.000000,2,0,67361012,813,17,813,17,1,53,2
1,350,80.500000,42.000000,2,0,67361015,815,18,815,18,1,53,2
1,350,80.500000,42.000000,2,0,67361018,815,19,815,19,1,53,2
1,350,80.500000,42.000000,2,0,67361021,819,20,819,20,1,53,2
1,350,80.500000,42.000000,2,0,67361023,823,21,823,21,1,53,2
1,350,80.500000,42.000000,2,0,67361026,825,22,825,22,1,53,2
1,350,80.500000,42.000000,2,0,67361029,827,22,827,22,1,53,2
1,350,80.500000,42.000000,2,0,67361032,831,22,831,22,1,53,2
1,350,80.500000,42.000000,2,0,67361034,835,23,835,23,1,53,2
1,350,80.500000,42.000000,2,0,67361037,837,24,837,24,1,53,2
1,350,80.500000,42.000000,2,0,67361040,840,24,840,24,1,53,2
1,350,80.500000,42.000000,2,0,67361043,844,24,844,24,1,53,2
1,350,80.500000,42.000000,2,0,67361046,853,25,853,25,1,53,2
1,350,80.500000,42.000000,2,0,67361048,860,26,860,26,1,53,2
1,350,80.500000,42.000000,2,0,67361051,867,25,867,25,1,53,2
1,350,80.500000,42.000000,2,0,67361054,874,25,874,25,1,53,2
1,350,80.500000,42.000000,2,0,67361057,883,27,883,27,1,53,2
1,350,80.500000,42.000000,2,0,67361060,894,28,894,28,1,53,2
1,350,80.500000,42.000000,2,0,67361062,905,30,905,30,1,53,2
1,350,80.500000,42.000000,2,0,67361065,917,30,917,30,1,53,2
1,350,80.500000,42.000000,2,0,67361068,926,31,926,31,1,53,2
1,350,80.500000,42.000000,2,0,67361071,941,32,941,32,1,53,2
1,350,80.500000,42.000000,2,0,67361073,952,32,952,32,1,53,2
1,350,80.500000,42.000000,2,0,67361077,964,33,964,33,1,53,2
1,350,80.500000,42.000000,2,0,67361079,978,36,978,36,1,53,2
1,350,80.500000,42.000000,2,0,67361082,990,38,990,38,1,53,2
1,350,80.500000,42.000000,2,0,67361085,1001,39,1001,39,1,53,2
1,350,80.500000,42.000000,2,0,67361088,1014,39,1014,39,1,53,2
1,350,80.500000,42.000000,2,0,67361090,1028,39,1028,39,1,53,2
1,350,80.500000,42.000000,2,0,67361093,1038,39,1038,39,1,53,2
1,350,80.500000,42.000000,2,0,67361096,1047,40,1047,40,1,53,2
1,350,80.500000,42.000000,2,0,67361099,1058,40,1058,40,1,53,2
1,350,80.500000,42.000000,2,0,67361101,1067,41,1067,41,1,53,2
1,350,80.500000,42.000000,2,0,67361104,1075,41,1075,41,1,53,2
1,350,80.500000,42.000000,2,0,67361107,1080,42,1080,42,1,53,2
1,350,80.500000,42.000000,2,0,67361110,1087,41,1087,41,1,53,2
1,350,80.500000,42.000000,2,0,67361113,1092,41,1092,41,1,53,2
1,350,80.500000,42.000000,2,0,67361115,1100,41,1100,41,1,53,2
1,350,80.500000,42.000000,2,0,67361118,1105,41,1105,41,1,53,2
1,350,80.500000,42.000000,2,0,67361121,1108,41,1108,41,1,53,2
1,350,80.500000,42.000000,2,0,67361124,1113,41,1113,41,1,53,2
1,350,80.500000,42.000000,2,0,67361126,1117,41,1117,41,1,53,2
1,350,80.500000,42.000000,2,0,67361129,1119,41,1119,41,1,53,2
1,350,80.500000,42.000000,2,0,67361132,1123,41,1123,41,1,53,2
1,350,80.500000,42.000000,2,0,67361135,1125,41,1125,41,1,53,2
1,350,80.500000,42.000000,2,0,67361137,1127,40,1127,40,1,53,2
1,350,80.500000,42.000000,2,0,67361140,1130,39,1130,39,1,53,2
1,350,80.500000,42.000000,2,0,67361143,1131,38,1131,38,1,53,2
1,350,80.500000,42.000000,2,0,67361146,1134,38,1134,38,1,53,2
1,350,80.500000,42.000000,2,0,67361148,1136,38,1136,38,1,53,2
1,350,80.500000,42.000000,2,0,67361151,1139,38,1139,38,1,53,2
1,350,80.500000,42.000000,2,0,67361154,1140,36,1140,36,1,53,2
1,350,80.500000,42.000000,2,0,67361157,1141,36,1141,36,1,53,2
1,350,80.500000,42.000000,2,0,67361160,1142,36,1142,36,1,53,2
1,350,80.500000,42.000000,2,0,67361162,1143,36,1143,36,1,53,2
1,350,80.500000,42.000000,2,0,67361165,1144,36,1144,36,1,53,2
1,350,80.500000,42.000000,2,0,67361168,1145,36,1145,36,1,53,2
1,350,80.500000,42.000000,2,0,67361171,1146,35,1146,35,1,53,2
1,350,80.500000,42.000000,2,0,67361174,1146,34,1146,34,1,53,2
1,350,80.500000,42.000000,2,0,67361176,1148,34,1148,34,1,53,2
1,350,80.500000,42.000000,2,0,67361179,1148,33,1148,33,1,53,2
1,350,80.500000,42.000000,2,0,67361182,1149,33,1149,33,1,53,2
1,350,80.500000,42.000000,2,0,67361185,1149,32,1149,32,1,53,2
1,350,80.500000,42.000000,2,0,67361187,1149,31,1149,31,1,53,2
1,350,80.500000,42.000000,2,0,67361190,1151,31,1151,31,1,53,2
1,350,80.500000,42.000000,2,0,67361193,1152,31,1152,31,1,53,2
1,350,80.500000,42.000000,2,0,67361196,1153,31,1153,31,1,53,2
1,350,80.500000,42.000000,2,0,67361199,1154,31,1154,31,1,53,2
1,350,80.500000,42.000000,2,0,67361201,1154,31,1154,31,1,53,2
1,350,80.500000,42.000000,2,0,67361204,1154,29,1154,29,1,53,2
1,350,80.500000,42.000000,2,0,67361207,1154,27,1154,27,1,53,2
1,350,80.500000,42.000000,2,0,67361210,1154,27,1154,27,1,53,2
1,350,80.500000,42.000000,2,0,67361212,1155,27,1155,27,1,53,2
1,350,80.500000,42.000000,2,0,67361215,1156,27,1156,27,1,53,2
1,350,80.500000,42.000000,2,0,67361218,1157,27,1157,27,1,53,2
1,350,80.500000,42.000000,2,0,67361221,1157,27,1157,27,1,53,2
1,350,80.500000,42.000000,2,0,67361224,1157,27,1157,27,1,53,2
1,350,80.500000,42.000000,2,0,67361227,1158,27,1158,27,1,53,2
1,350,80.500000,42.000000,2,0,67361229,1159,27,1159,27,1,53,2
1,350,80.500000,42.000000,2,0,67361232,1159,27,1159,27,1,53,2
1,350,80.500000,42.000000,2,0,67361235,1159,27,1159,27,1,53,2
1,350,80.500000,42.000000,2,0,67361238,1159,26,1159,26,1,53,2
1,350,80.500000,42.000000,2,0,67361240,1159,25,1159,25,1,53,2
1,350,80.500000,42.000000,2,0,67361243,1159,25,1159,25,1,53,2
1,350,80.500000,42.000000,2,0,67361246,1159,25,1159,25,1,53,2
1,350,80.500000,42.000000,2,0,67361249,1159,25,1159,25,1,53,2
1,350,80.500000,42.000000,2,0,67361251,1159,25,1159,25,1,53,2
1,350,80.500000,42.000000,2,0,67361254,1159,25,1159,25,1,53,2
1,350,80.500000,42.000000,2,0,67361257,1159,25,1159,25,1,53,2
1,350,80.500000,42.000000,2,0,67361260,1159,25,1159,25,1,53,2
1,350,80.500000,42.000000,2,0,67361263,1159,24,1159,24,1,53,2
1,350,80.500000,42.000000,2,0,67361265,1159,24,1159,24,1,53,2
1,350,80.500000,42.000000,2,0,67361268,1159,23,1159,23,1,53,2
1,350,80.500000,42.000000,2,0,67361271,1159,22,1159,22,1,53,2
1,350,80.500000,42.000000,2,0,67361274,1159,22,1159,22,1,53,2
1,350,80.500000,42.000000,2,0,67361276,1159,22,1159,22,1,53,2
1,350,80.500000,42.000000,2,0,67361279,1159,22,1159,22,1,53,2
1,350,80.500000,42.000000,2,0,67361282,1159,22,1159,22,1,53,2
1,350,80.500000,42.000000,2,0,67361285,1159,22,1159,22,1,53,2
1,350,80.500000,42.000000,2,0,67361288,1159,21,1159,21,1,53,2
1,350,80.500000,42.000000,2,0,67361290,1159,20,1159,20,1,53,2
1,350,80.500000,42.000000,2,0,67361293,1159,20,1159,20,1,53,2
1,350,80.500000,42.000000,2,0,67361296,1159,20,1159,20,1,53,2
1,350,80.500000,42.000000,2,0,67361299,1159,19,1159,19,1,53,2
1,350,80.500000,42.000000,2,0,67361302,1159,19,1159,19,1,53,2
1,350,80.500000,42.000000,2,0,67361304,1159,18,1159,18,1,53,2
1,350,80.500000,42.000000,2,0,67361307,1159,18,1159,18,1,53,2
1,350,80.500000,42.000000,2,0,67361310,1159,18,1159,18,1,53,2
1,350,80.500000,42.000000,2,0,67361313,1159,17,1159,17,1,53,2
1,350,80.500000,42.000000,2,0,67361316,1159,17,1159,17,1,53,2
1,350,80.500000,42.000000,2,0,67361318,1159,17,1159,17,1,53,2
1,350,80.500000,42.000000,2,0,67361321,1158,16,1158,16,1,53,2
1,350,80.500000,42.000000,2,0,67361324,1157,15,1157,15,1,53,2
1,350,80.500000,42.000000,2,0,67361327,1157,14,1157,14,1,53,2
1,350,80.500000,42.000000,2,0,67361329,1157,13,1157,13,1,53,2
1,350,80.500000,42.000000,2,0,67361332,1157,13,1157,13,1,53,2
1,350,80.500000,42.000000,2,0,67361335,1157,12,1157,12,1,53,2
1,350,80.500000,42.000000,2,0,67361338,1157,12,1157,12,1,53,2
1,350,80.500000,42.000000,2,0,67361340,1157,12,1157,12,1,53,2
1,350,80.500000,42.000000,2,0,67361343,1157,11,1157,11,1,53,2
1,350,80.500000,42.000000,2,0,67361346,1157,10,1157,10,1,53,2
1,350,80.500000,42.000000,2,0,67361349,1157,10,1157,10,1,53,2
1,350,80.500000,42.000000,2,0,67361351,1157,10,1157,10,1,53,2
1,350,80.500000,42.000000,2,0,67361354,1157,9,1157,9,1,53,2
1,350,80.500000,42.000000,2,0,67361357,1157,9,1157,9,1,53,2
1,350,80.500000,42.000000,2,0,67361360,1157,9,1157,9,1,53,2
1,350,80.500000,42.000000,2,0,67361363,1157,8,1157,8,1,53,2
1,350,80.500000,42.000000,2,0,67361365,1157,8,1157,8,1,53,2
1,350,80.500000,42.000000,2,0,67361368,1157,8,1157,8,1,53,2
1,350,80.500000,42.000000,2,0,67361371,1157,8,1157,8,1,53,2
1,350,80.500000,42.000000,2,0,67361374,1157,8,1157,8,1,53,2
1,350,80.500000,42.000000,2,0,67361376,1157,8,1157,8,1,53,2
1,350,80.500000,42.000000,2,0,67361379,1157,8,1157,8,1,53,2
1,350,80.500000,42.000000,2,0,67361382,1157,8,1157,8,1,53,2
1,350,80.500000,42.000000,2,0,67361385,1157,8,1157,8,1,53,2
1,350,80.500000,42.000000,2,0,67361388,1157,8,1157,8,1,53,2
1,350,80.500000,42.000000,2,0,67361391,1157,8,1157,8,1,53,2
1,350,80.500000,42.000000,2,0,67361393,1157,8,1157,8,1,53,2
1,350,80.500000,42.000000,2,0,67361396,1157,8,1157,8,1,53,2
1,350,80.500000,42.000000,2,0,67361409,1157,8,1157,8,0,53,2
