1,700,21.000000,42.000000,0,0,66228369,602,0,602,0,0,8,2
1,700,21.000000,42.000000,0,0,66228370,602,0,602,0,0,8,2
1,700,21.000000,42.000000,0,0,66228372,602,0,602,0,0,8,2
1,700,21.000000,42.000000,0,0,66228375,602,0,602,0,0,8,2
1,700,21.000000,42.000000,0,0,66228378,602,0,602,0,0,8,2
1,700,21.000000,42.000000,0,0,66228381,602,0,602,0,0,8,2
1,700,21.000000,42.000000,0,0,66228383,602,0,602,0,0,8,2
1,700,21.000000,42.000000,0,0,66228386,602,0,602,0,0,8,2
1,700,21.000000,42.000000,0,0,66228389,602,0,602,0,0,8,2
1,700,21.000000,42.000000,0,0,66228392,602,0,602,0,0,8,2
1,700,21.000000,42.000000,0,0,66228394,602,0,602,0,0,8,2
1,700,21.000000,42.000000,0,0,66228397,602,0,602,0,0,8,2
1,700,21.000000,42.000000,0,0,66228400,602,0,602,0,0,8,2
1,700,21.000000,42.000000,0,0,66228402,602,0,602,0,0,8,2
1,700,21.000000,42.000000,0,0,66228405,602,0,602,0,0,8,2
1,700,21.000000,42.000000,0,0,66228408,602,0,602,0,0,8,2
1,700,21.000000,42.000000,0,0,66228411,602,0,602,0,0,8,2
1,700,21.000000,42.000000,0,0,66228413,602,0,602,0,0,8,2
1,700,21.000000,42.000000,0,0,66228416,602,0,602,0,0,8,2
1,700,21.000000,42.000000,0,0,66228419,602,0,602,0,0,8,2
1,700,21.000000,42.000000,0,0,66228422,602,0,602,0,0,8,2
1,700,21.000000,42.000000,0,0,66228425,602,0,602,-1,0,8,2
1,700,21.000000,42.000000,0,0,66228427,602,0,602,-2,0,8,2
1,700,21.000000,42.000000,0,0,66228430,603,0,603,-3,0,8,2
1,700,21.000000,42.000000,0,0,66228433,603,0,603,-3,0,8,2
1,700,21.000000,42.000000,0,0,66228436,603,0,603,-3,0,8,2
1,700,21.000000,42.000000,0,0,66228438,603,0,603,-3,0,8,2
1,700,21.000000,42.000000,0,0,66228441,603,0,603,-3,0,8,2
1,700,21.000000,42.000000,0,0,66228444,603,0,603,-4,0,8,2
1,700,21.000000,42.000000,0,0,66228447,604,0,604,-4,0,8,2
1,700,21.000000,42.000000,0,0,66228450,604,0,604,-6,0,8,2
1,700,21.000000,42.000000,0,0,66228452,604,0,604,-8,0,8,2
1,700,21.000000,42.000000,0,0,66228456,604,0,604,-8,0,8,2
1,700,21.000000,42.000000,0,0,66228458,605,0,605,-8,0,8,2
1,700,21.000000,42.000000,0,0,66228461,605,0,605,-9,0,8,2
1,700,21.000000,42.000000,0,0,66228464,605,0,605,-10,0,8,2
1,700,21.000000,42.000000,0,0,66228467,605,0,605,-11,0,8,2
1,700,21.000000,42.000000,0,0,66228469,605,0,605,-11,0,8,2
1,700,21.000000,42.000000,0,0,66228472,606,0,606,-11,0,8,2
1,700,21.000000,42.000000,0,0,66228475,607,0,607,-12,0,8,2
1,700,21.000000,42.000000,0,0,66228478,607,0,607,-12,0,8,2
1,700,21.000000,42.000000,0,0,66228480,607,0,607,-13,0,8,2
1,700,21.000000,42.000000,0,0,66228483,608,0,608,-13,0,8,2
1,700,21.000000,42.000000,0,0,66228486,608,0,608,-14,0,8,2
1,700,21.000000,42.000000,0,0,66228489,609,0,609,-14,0,8,2
1,700,21.000000,42.000000,0,0,66228492,610,0,610,-14,0,8,2
1,700,21.000000,42.000000,0,0,66228494,611,0,611,-14,0,8,2
1,700,21.000000,42.000000,0,0,66228497,612,0,612,-14,0,8,2
1,700,21.000000,42.000000,0,0,66228500,612,0,612,-15,0,8,2
1,700,21.000000,42.000000,0,0,66228503,614,0,614,-15,0,8,2
1,700,21.000000,42.000000,0,0,66228506,616,0,616,-15,0,8,2
1,700,21.000000,42.000000,0,0,66228508,617,0,617,-15,0,8,2
1,700,21.000000,42.000000,0,0,66228511,617,0,617,-16,0,8,2
1,700,21.000000,42.000000,0,0,66228514,618,0,618,-17,0,8,2
1,700,21.000000,42.000000,0,0,66228517,619,0,619,-17,0,8,2
1,700,21.000000,42.000000,0,0,66228519,621,0,621,-19,0,8,2
1,700,21.000000,42.000000,0,0,66228522,624,0,624,-19,0,8,2
1,700,21.000000,42.000000,0,0,66228525,624,0,624,-21,0,8,2
1,700,21.000000,42.000000,0,0,66228528,626,0,626,-21,0,8,2
1,700,21.000000,42.000000,0,0,66228531,628,0,628,-22,0,8,2
1,700,21.000000,42.000000,0,0,66228533,630,0,630,-23,0,8,2
1,700,21.000000,42.000000,0,0,66228536,633,0,633,-24,0,8,2
1,700,21.000000,42.000000,0,0,66228539,635,0,635,-24,0,8,2
1,700,21.000000,42.000000,0,0,66228542,639,0,639,-25,0,8,2
1,700,21.000000,42.000000,0,0,66228544,643,0,643,-25,0,8,2
1,700,21.000000,42.000000,0,0,66228547,646,0,646,-27,0,8,2
1,700,21.000000,42.000000,0,0,66228550,652,0,652,-27,0,8,2
1,700,21.000000,42.000000,0,0,66228553,658,0,658,-27,0,8,2
1,700,21.000000,42.000000,0,0,66228556,665,1,665,-26,0,8,2
1,700,21.000000,42.000000,0,0,66228559,670,0,670,-28,0,8,2
1,700,21.000000,42.000000,0,0,66228561,679,0,679,-28,0,8,2
1,700,21.000000,42.000000,0,0,66228564,689,0,689,-28,0,8,2
1,700,21.000000,42.000000,0,0,66228567,697,0,697,-30,0,8,2
1,700,21.000000,42.000000,0,0,66228570,708,0,708,-32,0,8,2
1,700,21.000000,42.000000,0,0,66228572,731,0,731,-34,0,8,2
1,700,21.000000,42.000000,0,0,66228575,741,0,741,-34,0,8,2
1,700,21.000000,42.000000,0,0,66228578,752,0,752,-36,0,8,2
1,700,21.000000,42.000000,0,0,66228581,767,0,767,-36,0,8,2
1,700,21.000000,42.000000,0,0,66228583,780,0,780,-37,0,8,2
1,700,21.000000,42.000000,0,0,66228586,793,0,793,-38,0,8,2
1,700,21.000000,42.000000,0,0,66228589,813,0,813,-40,0,8,2
1,700,21.000000,42.000000,0,0,66228592,832,0,832,-40,0,8,2
1,700,21.000000,42.000000,0,0,66228595,854,0,854,-41,0,8,2
1,700,21.000000,42.000000,0,0,66228598,873,0,873,-41,0,8,2
1,700,21.000000,42.000000,0,0,66228601,894,0,894,-41,0,8,2
1,700,21.000000,42.000000,0,0,66228604,914,0,914,-41,0,8,2
1,700,21.000000,42.000000,0,0,66228606,929,0,929,-41,0,8,2
1,700,21.000000,42.000000,0,0,66228609,947,0,947,-42,0,8,2
1,700,21.000000,42.000000,0,0,66228612,947,0,947,-42,0,8,2
1,700,21.000000,42.000000,0,0,66228615,960,0,960,-42,0,8,2
1,700,21.000000,42.000000,0,0,66228618,979,0,979,-42,0,8,2
1,700,21.000000,42.000000,0,0,66228621,989,0,989,-42,0,8,2
1,700,21.000000,42.000000,0,0,66228623,1003,0,1003,-42,0,8,2
1,700,21.000000,42.000000,0,0,66228626,1015,0,1015,-42,0,8,2
1,700,21.000000,42.000000,0,0,66228629,1027,0,1027,-42,0,8,2
1,700,21.000000,42.000000,0,0,66228631,1035,0,1035,-42,0,8,2
1,700,21.000000,42.000000,0,0,66228634,1043,0,1043,-42,0,8,2
1,700,21.000000,42.000000,0,0,66228637,1052,0,1052,-42,0,8,2
1,700,21.000000,42.000000,0,0,66228640,1060,0,1060,-42,0,8,2
1,700,21.000000,42.000000,0,0,66228642,1066,0,1066,-42,0,8,2
1,700,21.000000,42.000000,0,0,66228645,1074,0,1074,-42,0,8,2
1,700,21.000000,42.000000,0,0,66228648,1074,0,1074,-42,0,8,2
1,700,21.000000,42.000000,0,0,66228651,1077,0,1077,-42,0,8,2
1,700,21.000000,42.000000,0,0,66228654,1082,0,1082,-42,0,8,2
1,700,21.000000,42.000000,0,0,66228658,1086,0,1086,-42,0,8,2
1,700,21.000000,42.000000,0,0,66228661,1090,0,1090,-42,0,8,2
1,700,21.000000,42.000000,0,0,66228664,1093,0,1093,-42,0,8,2
1,700,21.000000,42.000000,0,0,66228667,1097,0,1097,-42,0,8,2
1,700,21.000000,42.000000,0,0,66228669,1100,0,1100,-42,0,8,2
1,700,21.000000,42.000000,0,0,66228672,1103,0,1103,-42,0,8,2
1,700,21.000000,42.000000,0,0,66228675,1106,0,1106,-42,0,8,2
1,700,21.000000,42.000000,0,0,66228678,1109,0,1109,-42,0,8,2
1,700,21.000000,42.000000,0,0,66228680,1112,0,1112,-42,0,8,2
1,700,21.000000,42.000000,0,0,66228683,1115,0,1115,-42,0,8,2
1,700,21.000000,42.000000,0,0,66228686,1118,0,1118,-42,0,8,2
1,700,21.000000,42.000000,0,0,66228689,1120,0,1120,-42,0,8,2
1,700,21.000000,42.000000,0,0,66228692,1122,0,1122,-42,0,8,2
1,700,21.000000,42.000000,0,0,66228694,1125,0,1125,-42,0,8,2
1,700,21.000000,42.000000,0,0,66228697,1126,0,1126,-42,0,8,2
1,700,21.000000,42.000000,0,0,66228700,1129,0,1129,-42,0,8,2
1,700,21.000000,42.000000,0,0,66228703,1132,0,1132,-42,0,8,2
1,700,21.000000,42.000000,0,0,66228706,1134,0,1134,-42,0,8,2
1,700,21.000000,42.000000,0,0,66228708,1135,0,1135,-42,0,8,2
1,700,21.000000,42.000000,0,0,66228711,1137,0,1137,-42,0,8,2
1,700,21.000000,42.000000,0,0,66228714,1138,0,1138,-42,0,8,2
1,700,21.000000,42.000000,0,0,66228717,1139,0,1139,-42,0,8,2
1,700,21.000000,42.000000,0,0,66228719,1140,0,1140,-42,0,8,2
1,700,21.000000,42.000000,0,0,66228722,1141,0,1141,-42,0,8,2
1,700,21.000000,42.000000,0,0,66228725,1142,0,1142,-42,0,8,2
1,700,21.000000,42.000000,0,0,66228728,1144,0,1144,-42,0,8,2
1,700,21.000000,42.000000,0,0,66228731,1145,0,1145,-42,0,8,2
1,700,21.000000,42.000000,0,0,66228733,1146,0,1146,-42,0,8,2
1,700,21.000000,42.000000,0,0,66228736,1148,0,1148,-42,0,8,2
1,700,21.000000,42.000000,0,0,66228739,1149,0,1149,-42,0,8,2
1,700,21.000000,42.000000,0,0,66228742,1151,0,1151,-42,0,8,2
1,700,21.000000,42.000000,0,0,66228744,1151,0,1151,-44,0,8,2
1,700,21.000000,42.000000,0,0,66228747,1152,0,1152,-44,0,8,2
1,700,21.000000,42.000000,0,0,66228750,1153,0,1153,-44,0,8,2
1,700,21.000000,42.000000,0,0,66228752,1154,0,1154,-44,0,8,2
1,700,21.000000,42.000000,0,0,66228756,1154,0,1154,-45,0,8,2
1,700,21.000000,42.000000,0,0,66228758,1156,0,1156,-46,0,8,2
1,700,21.000000,42.000000,0,0,66228761,1156,0,1156,-46,0,8,2
1,700,21.000000,42.000000,0,0,66228764,1156,0,1156,-47,0,8,2
1,700,21.000000,42.000000,0,0,66228767,1157,0,1157,-47,0,8,2
1,700,21.000000,42.000000,0,0,66228769,1158,0,1158,-47,0,8,2
1,700,21.000000,42.000000,0,0,66228772,1159,0,1159,-47,0,8,2
1,700,21.000000,42.000000,0,0,66228775,1160,0,1160,-47,0,8,2
1,700,21.000000,42.000000,0,0,66228778,1160,0,1160,-47,0,8,2
1,700,21.000000,42.000000,0,0,66228781,1161,0,1161,-47,0,8,2
1,700,21.000000,42.000000,0,0,66228783,1161,0,1161,-48,0,8,2
1,700,21.000000,42.000000,0,0,66228786,1161,0,1161,-49,0,8,2
1,700,21.000000,42.000000,0,0,66228789,1162,0,1162,-49,0,8,2
1,700,21.000000,42.000000,0,0,66228792,1163,0,1163,-49,0,8,2
1,700,21.000000,42.000000,0,0,66228794,1163,0,1163,-49,0,8,2
1,700,21.000000,42.000000,0,0,66228797,1164,0,1164,-49,0,8,2
1,700,21.000000,42.000000,0,0,66228800,1165,0,1165,-49,0,8,2
1,700,21.000000,42.000000,0,0,66228803,1166,0,1166,-49,0,8,2
1,700,21.000000,42.000000,0,0,66228806,1167,0,1167,-49,0,8,2
1,700,21.000000,42.000000,0,0,66228808,1168,0,1168,-49,0,8,2
1,700,21.000000,42.000000,0,0,66228811,1168,0,1168,-49,0,8,2
1,700,21.000000,42.000000,0,0,66228814,1169,0,1169,-49,0,8,2
1,700,21.000000,42.000000,0,0,66228817,1170,0,1170,-49,0,8,2
1,700,21.000000,42.000000,0,0,66228819,1170,0,1170,-49,0,8,2
1,700,21.000000,42.000000,0,0,66228822,1170,0,1170,-49,0,8,2
1,700,21.000000,42.000000,0,0,66228825,1171,0,1171,-49,0,8,2
1,700,21.000000,42.000000,0,0,66228828,1172,0,1172,-49,0,8,2
1,700,21.000000,42.000000,0,0,66228831,1173,0,1173,-49,0,8,2
1,700,21.000000,42.000000,0,0,66228834,1174,0,1174,-50,0,8,2
1,700,21.000000,42.000000,0,0,66228836,1177,0,1177,-51,0,8,2
1,700,21.000000,42.000000,0,0,66228839,1178,0,1178,-51,0,8,2
1,700,21.000000,42.000000,0,0,66228842,1180,0,1180,-51,0,8,2
1,700,21.000000,42.000000,0,0,66228845,1181,0,1181,-51,0,8,2
1,700,21.000000,42.000000,0,0,66228847,1183,0,1183,-51,0,8,2
1,700,21.000000,42.000000,0,0,66228850,1187,0,1187,-51,0,8,2
1,700,21.000000,42.000000,0,0,66228853,1188,0,1188,-51,0,8,2
1,700,21.000000,42.000000,0,0,66228856,1192,0,1192,-51,0,8,2
1,700,21.000000,42.000000,0,0,66228858,1196,0,1196,-51,0,8,2
1,700,21.000000,42.000000,0,0,66228861,1199,0,1199,-51,0,8,2
1,700,21.000000,42.000000,0,0,66228864,1201,0,1201,-51,0,8,2
1,700,21.000000,42.000000,0,0,66228867,1205,0,1205,-51,0,8,2
1,700,21.000000,42.000000,0,0,66228870,1206,0,1206,-51,0,8,2
1,700,21.000000,42.000000,0,0,66228872,1209,0,1209,-51,0,8,2
1,700,21.000000,42.000000,0,0,66228875,1211,0,1211,-51,0,8,2
1,700,21.000000,42.000000,0,0,66228878,1215,0,1215,-51,0,8,2
1,700,21.000000,42.000000,0,0,66228881,1218,0,1218,-51,0,8,2
1,700,21.000000,42.000000,0,0,66228883,1220,0,1220,-51,0,8,2
1,700,21.000000,42.000000,0,0,66228886,1223,0,1223,-51,0,8,2
1,700,21.000000,42.000000,0,0,66228889,1226,0,1226,-51,0,8,2
1,700,21.000000,42.000000,0,0,66228892,1229,0,1229,-51,0,8,2
1,700,21.000000,42.000000,0,0,66228895,1230,0,1230,-51,0,8,2
1,700,21.000000,42.000000,0,0,66228897,1231,0,1231,-51,0,8,2
1,700,21.000000,42.000000,0,0,66228900,1231,0,1231,-51,0,8,2
1,700,21.000000,42.000000,0,0,66228903,1233,0,1233,-51,0,8,2
1,700,21.000000,42.000000,0,0,66228906,1234,0,1234,-51,0,8,2
1,700,21.000000,42.000000,0,0,66228908,1235,0,1235,-51,0,8,2
1,700,21.000000,42.000000,0,0,66228911,1236,0,1236,-51,0,8,2
1,700,21.000000,42.000000,0,0,66228914,1237,0,1237,-51,0,8,2
1,700,21.000000,42.000000,0,0,66228917,1238,0,1238,-51,0,8,2
1,700,21.000000,42.000000,0,0,66228920,1238,0,1238,-51,0,8,2
1,700,21.000000,42.000000,0,0,66228922,1239,0,1239,-51,0,8,2
1,700,21.000000,42.000000,0,0,66228925,1240,0,1240,-51,0,8,2
1,700,21.000000,42.000000,0,0,66228928,1240,0,1240,-51,0,8,2
1,700,21.000000,42.000000,0,0,66228931,1241,0,1241,-51,0,8,2
1,700,21.000000,42.000000,0,0,66228933,1242,0,1242,-51,0,8,2
1,700,21.000000,42.000000,0,0,66228936,1243,0,1243,-51,0,8,2
1,700,21.000000,42.000000,0,0,66228939,1244,0,1244,-51,0,8,2
1,700,21.000000,42.000000,0,0,66228942,1244,0,1244,-51,0,8,2
1,700,21.000000,42.000000,0,0,66228945,1244,0,1244,-52,0,8,2
1,700,21.000000,42.000000,0,0,66228947,1244,0,1244,-53,0,8,2
1,700,21.000000,42.000000,0,0,66228950,1245,0,1245,-53,0,8,2
1,700,21.000000,42.000000,0,0,66228953,1246,0,1246,-53,0,8,2
1,700,21.000000,42.000000,0,0,66228956,1247,0,1247,-53,0,8,2
1,700,21.000000,42.000000,0,0,66228958,1247,0,1247,-53,0,8,2
1,700,21.000000,42.000000,0,0,66228961,1248,0,1248,-53,0,8,2
1,700,21.000000,42.000000,0,0,66228964,1249,0,1249,-53,0,8,2
1,700,21.000000,42.000000,0,0,66228967,1250,0,1250,-53,0,8,2
1,700,21.000000,42.000000,0,0,66228969,1251,0,1251,-53,0,8,2
1,700,21.000000,42.000000,0,0,66228972,1252,0,1252,-53,0,8,2
1,700,21.000000,42.000000,0,0,66228975,1252,0,1252,-53,0,8,2
1,700,21.000000,42.000000,0,0,66228978,1253,0,1253,-53,0,8,2
1,700,21.000000,42.000000,0,0,66228980,1254,0,1254,-53,0,8,2
1,700,21.000000,42.000000,0,0,66228984,1254,0,1254,-53,0,8,2
1,700,21.000000,42.000000,0,0,66228986,1254,0,1254,-53,0,8,2
1,700,21.000000,42.000000,0,0,66228989,1255,0,1255,-53,0,8,2
1,700,21.000000,42.000000,0,0,66228992,1255,0,1255,-54,0,8,2
1,700,21.000000,42.000000,0,0,66228994,1255,0,1255,-55,0,8,2
1,700,21.000000,42.000000,0,0,66228997,1255,0,1255,-55,0,8,2
1,700,21.000000,42.000000,0,0,66229000,1255,0,1255,-55,0,8,2
1,700,21.000000,42.000000,0,0,66229003,1255,0,1255,-55,0,8,2
1,700,21.000000,42.000000,0,0,66229006,1255,0,1255,-55,0,8,2
1,700,21.000000,42.000000,0,0,66229008,1255,0,1255,-56,0,8,2
1,700,21.000000,42.000000,0,0,66229011,1255,0,1255,-57,0,8,2
1,700,21.000000,42.000000,0,0,66229014,1255,0,1255,-57,0,8,2
1,700,21.000000,42.000000,0,0,66229017,1255,0,1255,-57,0,8,2
1,700,21.000000,42.000000,0,0,66229019,1255,0,1255,-57,0,8,2
1,700,21.000000,42.000000,0,0,66229022,1255,0,1255,-57,0,8,2
1,700,21.000000,42.000000,0,0,66229025,1255,0,1255,-57,0,8,2
1,700,21.000000,42.000000,0,0,66229028,1255,0,1255,-57,0,8,2
1,700,21.000000,42.000000,0,0,66229031,1255,0,1255,-57,0,8,2
1,700,21.000000,42.000000,0,0,66229033,1255,0,1255,-57,0,8,2
1,700,21.000000,42.000000,0,0,66229036,1255,0,1255,-57,0,8,2
1,700,21.000000,42.000000,0,0,66229039,1255,0,1255,-57,0,8,2
1,700,21.000000,42.000000,0,0,66229042,1255,0,1255,-57,0,8,2
1,700,21.000000,42.000000,0,0,66229044,1255,0,1255,-57,0,8,2
1,700,21.000000,42.000000,0,0,66229047,1255,0,1255,-57,0,8,2
1,700,21.000000,42.000000,0,0,66229050,1256,0,1256,-57,0,8,2
1,700,21.000000,42.000000,0,0,66229053,1257,0,1257,-57,0,8,2
1,700,21.000000,42.000000,0,0,66229056,1257,0,1257,-57,0,8,2
1,700,21.000000,42.000000,0,0,66229058,1257,0,1257,-57,0,8,2
1,700,21.000000,42.000000,0,0,66229061,1257,0,1257,-57,0,8,2
1,700,21.000000,42.000000,0,0,66229064,1257,0,1257,-57,0,8,2
1,700,21.000000,42.000000,0,0,66229067,1257,0,1257,-57,0,8,2
1,700,21.000000,42.000000,0,0,66229069,1257,0,1257,-57,0,8,2
1,700,21.000000,42.000000,0,0,66229072,1257,0,1257,-58,0,8,2
1,700,21.000000,42.000000,0,0,66229075,1257,0,1257,-58,0,8,2
1,700,21.000000,42.000000,0,0,66229078,1257,0,1257,-58,0,8,2
1,700,21.000000,42.000000,0,0,66229081,1257,0,1257,-58,0,8,2
1,700,21.000000,42.000000,0,0,66229083,1257,0,1257,-58,0,8,2
1,700,21.000000,42.000000,0,0,66229086,1258,0,1258,-58,0,8,2
1,700,21.000000,42.000000,0,0,66229089,1258,0,1258,-58,0,8,2
1,700,21.000000,42.000000,0,0,66229092,1258,0,1258,-58,0,8,2
1,700,21.000000,42.000000,0,0,66229094,1259,0,1259,-58,0,8,2
1,700,21.000000,42.000000,0,0,66229097,1260,0,1260,-58,0,8,2
1,700,21.000000,42.000000,0,0,66229100,1261,0,1261,-58,0,8,2
1,700,21.000000,42.000000,0,0,66229103,1262,0,1262,-59,0,8,2
1,700,21.000000,42.000000,0,0,66229105,1263,0,1263,-60,0,8,2
1,700,21.000000,42.000000,0,0,66229109,1263,0,1263,-60,0,8,2
1,700,21.000000,42.000000,0,0,66229111,1263,0,1263,-60,0,8,2
1,700,21.000000,42.000000,0,0,66229114,1264,0,1264,-60,0,8,2
1,700,21.000000,42.000000,0,0,66229117,1264,0,1264,-60,0,8,2
1,700,21.000000,42.000000,0,0,66229120,1264,0,1264,-60,0,8,2
1,700,21.000000,42.000000,0,0,66229122,1264,0,1264,-60,0,8,2
1,700,21.000000,42.000000,0,0,66229125,1265,0,1265,-60,0,8,2
1,700,21.000000,42.000000,0,0,66229128,1266,0,1266,-60,0,8,2
1,700,21.000000,42.000000,0,0,66229131,1267,0,1267,-60,0,8,2
1,700,21.000000,42.000000,0,0,66229133,1267,0,1267,-61,0,8,2
1,700,21.000000,42.000000,0,0,66229137,1268,0,1268,-62,0,8,2
1,700,21.000000,42.000000,0,0,66229139,1268,0,1268,-62,0,8,2
1,700,21.000000,42.000000,0,0,66229142,1268,0,1268,-62,0,8,2
1,700,21.000000,42.000000,0,0,66229145,1269,0,1269,-62,0,8,2
1,700,21.000000,42.000000,0,0,66229148,1270,0,1270,-62,0,8,2
1,700,21.000000,42.000000,0,0,66229150,1270,0,1270,-62,0,8,2
1,700,21.000000,42.000000,0,0,66229153,1270,0,1270,-62,0,8,2
1,700,21.000000,42.000000,0,0,66229156,1270,0,1270,-63,0,8,2
1,700,21.000000,42.000000,0,0,66229159,1270,0,1270,-64,0,8,2
1,700,21.000000,42.000000,0,0,66229162,1270,0,1270,-64,0,8,2
1,700,21.000000,42.000000,0,0,66229164,1270,0,1270,-64,0,8,2
1,700,21.000000,42.000000,0,0,66229167,1270,0,1270,-64,0,8,2
1,700,21.000000,42.000000,0,0,66229170,1270,0,1270,-64,0,8,2
1,700,21.000000,42.000000,0,0,66229173,1271,0,1271,-64,0,8,2
1,700,21.000000,42.000000,0,0,66229175,1271,0,1271,-64,0,8,2
1,700,21.000000,42.000000,0,0,66229178,1272,0,1272,-64,0,8,2
1,700,21.000000,42.000000,0,0,66229181,1273,0,1273,-64,0,8,2
1,700,21.000000,42.000000,0,0,66229184,1273,0,1273,-65,0,8,2
1,700,21.000000,42.000000,0,0,66229187,1273,0,1273,-66,0,8,2
1,700,21.000000,42.000000,0,0,66229189,1274,0,1274,-66,0,8,2
1,700,21.000000,42.000000,0,0,66229192,1275,0,1275,-66,0,8,2
1,700,21.000000,42.000000,0,0,66229195,1276,0,1276,-66,0,8,2
1,700,21.000000,42.000000,0,0,66229198,1277,0,1277,-66,0,8,2
1,700,21.000000,42.000000,0,0,66229200,1278,0,1278,-66,0,8,2
1,700,21.000000,42.000000,0,0,66229203,1279,0,1279,-66,0,8,2
1,700,21.000000,42.000000,0,0,66229206,1280,0,1280,-66,0,8,2
1,700,21.000000,42.000000,0,0,66229209,1281,0,1281,-66,0,8,2
1,700,21.000000,42.000000,0,0,66229212,1281,0,1281,-66,0,8,2
1,700,21.000000,42.000000,0,0,66229214,1281,0,1281,-67,0,8,2
1,700,21.000000,42.000000,0,0,66229217,1281,0,1281,-67,0,8,2
1,700,21.000000,42.000000,0,0,66229220,1281,0,1281,-67,0,8,2
1,700,21.000000,42.000000,0,0,66229223,1282,0,1282,-67,0,8,2
1,700,21.000000,42.000000,0,0,66229225,1283,0,1283,-67,0,8,2
1,700,21.000000,42.000000,0,0,66229228,1284,0,1284,-67,0,8,2
1,700,21.000000,42.000000,0,0,66229231,1284,0,1284,-67,0,8,2
1,700,21.000000,42.000000,0,0,66229234,1284,0,1284,-67,0,8,2
1,700,21.000000,42.000000,0,0,66229236,1284,0,1284,-68,0,8,2
1,700,21.000000,42.000000,0,0,66229239,1284,0,1284,-68,0,8,2
1,700,21.000000,42.000000,0,0,66229242,1284,0,1284,-68,0,8,2
1,700,21.000000,42.000000,0,0,66229245,1285,0,1285,-68,0,8,2
1,700,21.000000,42.000000,0,0,66229247,1286,0,1286,-68,0,8,2
1,700,21.000000,42.000000,0,0,66229250,1286,0,1286,-68,0,8,2
1,700,21.000000,42.000000,0,0,66229253,1287,0,1287,-68,0,8,2
1,700,21.000000,42.000000,0,0,66229256,1288,0,1288,-68,0,8,2
1,700,21.000000,42.000000,0,0,66229259,1289,0,1289,-68,0,8,2
1,700,21.000000,42.000000,0,0,66229262,1289,0,1289,-68,0,8,2
1,700,21.000000,42.000000,0,0,66229264,1290,0,1290,-68,0,8,2
1,700,21.000000,42.000000,0,0,66229267,1291,0,1291,-68,0,8,2
1,700,21.000000,42.000000,0,0,66229270,1291,0,1291,-68,0,8,2
1,700,21.000000,42.000000,0,0,66229272,1292,0,1292,-68,0,8,2
1,700,21.000000,42.000000,0,0,66229275,1292,0,1292,-69,0,8,2
1,700,21.000000,42.000000,0,0,66229278,1293,0,1293,-70,0,8,2
1,700,21.000000,42.000000,0,0,66229281,1294,0,1294,-70,0,8,2
1,700,21.000000,42.000000,0,0,66229284,1295,0,1295,-70,0,8,2
1,700,21.000000,42.000000,0,0,66229286,1295,0,1295,-70,0,8,2
1,700,21.000000,42.000000,0,0,66229289,1295,0,1295,-70,0,8,2
1,700,21.000000,42.000000,0,0,66229292,1295,0,1295,-70,0,8,2
1,700,21.000000,42.000000,0,0,66229295,1296,0,1296,-70,0,8,2
1,700,21.000000,42.000000,0,0,66229298,1297,0,1297,-70,0,8,2
1,700,21.000000,42.000000,0,0,66229300,1298,0,1298,-70,0,8,2
1,700,21.000000,42.000000,0,0,66229303,1299,0,1299,-70,0,8,2
1,700,21.000000,42.000000,0,0,66229306,1299,0,1299,-70,0,8,2
1,700,21.000000,42.000000,0,0,66229309,1299,0,1299,-70,0,8,2
1,700,21.000000,42.000000,0,0,66229311,1300,0,1300,-70,0,8,2
1,700,21.000000,42.000000,0,0,66229314,1301,0,1301,-70,0,8,2
1,700,21.000000,42.000000,0,0,66229317,1302,0,1302,-70,0,8,2
1,700,21.000000,42.000000,0,0,66229320,1302,0,1302,-70,0,8,2
1,700,21.000000,42.000000,0,0,66229322,1303,0,1303,-70,0,8,2
1,700,21.000000,42.000000,0,0,66229325,1303,0,1303,-70,0,8,2
1,700,21.000000,42.000000,0,0,66229328,1303,0,1303,-70,0,8,2
1,700,21.000000,42.000000,0,0,66229331,1303,0,1303,-70,0,8,2
1,700,21.000000,42.000000,0,0,66229334,1303,0,1303,-70,0,8,2
1,700,21.000000,42.000000,0,0,66229336,1303,0,1303,-70,0,8,2
1,700,21.000000,42.000000,0,0,66229339,1303,0,1303,-70,0,8,2
1,700,21.000000,42.000000,0,0,66229342,1303,0,1303,-71,0,8,2
1,700,21.000000,42.000000,0,0,66229345,1303,0,1303,-72,0,8,2
1,700,21.000000,42.000000,0,0,66229348,1303,0,1303,-72,0,8,2
1,700,21.000000,42.000000,0,0,66229350,1304,0,1304,-72,0,8,2
1,700,21.000000,42.000000,0,0,66229353,1305,0,1305,-72,0,8,2
1,700,21.000000,42.000000,0,0,66229356,1306,0,1306,-72,0,8,2
1,700,21.000000,42.000000,0,0,66229359,1307,0,1307,-72,0,8,2
1,700,21.000000,42.000000,0,0,66229361,1307,0,1307,-72,0,8,2
1,700,21.000000,42.000000,0,0,66229364,1307,0,1307,-72,0,8,2
1,700,21.000000,42.000000,0,0,66229367,1307,0,1307,-72,0,8,2
1,700,21.000000,42.000000,0,0,66229370,1307,0,1307,-72,0,8,2
1,700,21.000000,42.000000,0,0,66229372,1307,0,1307,-72,0,8,2
1,700,21.000000,42.000000,0,0,66229375,1307,0,1307,-72,0,8,2
1,700,21.000000,42.000000,0,0,66229378,1307,0,1307,-72,0,8,2
1,700,21.000000,42.000000,0,0,66229381,1307,0,1307,-72,0,8,2
1,700,21.000000,42.000000,0,0,66229384,1307,0,1307,-72,0,8,2
1,700,21.000000,42.000000,0,0,66229386,1307,0,1307,-72,0,8,2
1,700,21.000000,42.000000,0,0,66229389,1307,0,1307,-72,0,8,2
1,700,21.000000,42.000000,0,0,66229392,1307,0,1307,-72,0,8,2
1,700,21.000000,42.000000,0,0,66229395,1307,0,1307,-72,0,8,2
1,700,21.000000,42.000000,0,0,66229398,1307,0,1307,-72,0,8,2
1,700,21.000000,42.000000,0,0,66229400,1307,0,1307,-72,0,8,2
1,700,21.000000,42.000000,0,0,66229403,1307,0,1307,-72,0,8,2
1,700,21.000000,42.000000,0,0,66229406,1307,0,1307,-72,0,8,2
1,700,21.000000,42.000000,0,0,66229409,1307,0,1307,-72,0,8,2
1,700,21.000000,42.000000,0,0,66229411,1307,0,1307,-72,0,8,2
1,700,21.000000,42.000000,0,0,66229414,1308,0,1308,-72,0,8,2
1,700,21.000000,42.000000,0,0,66229417,1309,0,1309,-72,0,8,2
1,700,21.000000,42.000000,0,0,66229420,1309,0,1309,-72,0,8,2
1,700,21.000000,42.000000,0,0,66229423,1309,0,1309,-72,0,8,2
1,700,21.000000,42.000000,0,0,66229425,1309,0,1309,-72,0,8,2
1,700,21.000000,42.000000,0,0,66229428,1309,0,1309,-72,0,8,2
1,700,21.000000,42.000000,0,0,66229431,1310,0,1310,-72,0,8,2
1,700,21.000000,42.000000,0,0,66229434,1311,0,1311,-72,0,8,2
1,700,21.000000,42.000000,0,0,66229437,1311,0,1311,-72,0,8,2
1,700,21.000000,42.000000,0,0,66229439,1311,0,1311,-72,0,8,2
1,700,21.000000,42.000000,0,0,66229442,1311,0,1311,-72,0,8,2
1,700,21.000000,42.000000,0,0,66229445,1311,0,1311,-72,0,8,2
1,700,21.000000,42.000000,0,0,66229448,1311,0,1311,-72,0,8,2
1,700,21.000000,42.000000,0,0,66229450,1311,0,1311,-72,0,8,2
1,700,21.000000,42.000000,0,0,66229453,1311,0,1311,-72,0,8,2
1,700,21.000000,42.000000,0,0,66229456,1311,0,1311,-72,0,8,2
1,700,21.000000,42.000000,0,0,66229459,1311,0,1311,-72,0,8,2
1,700,21.000000,42.000000,0,0,66229461,1311,0,1311,-72,0,8,2
1,700,21.000000,42.000000,0,0,66229464,1311,0,1311,-72,0,8,2
1,700,21.000000,42.000000,0,0,66229467,1311,0,1311,-72,0,8,2
1,700,21.000000,42.000000,0,0,66229470,1311,0,1311,-72,0,8,2
1,700,21.000000,42.000000,0,0,66229473,1311,0,1311,-72,0,8,2
1,700,21.000000,42.000000,0,0,66229475,1311,0,1311,-72,0,8,2
1,700,21.000000,42.000000,0,0,66229478,1311,0,1311,-72,0,8,2
1,700,21.000000,42.000000,0,0,66229481,1311,0,1311,-72,0,8,2
1,700,21.000000,42.000000,0,0,66229484,1311,0,1311,-72,0,8,2
1,700,21.000000,42.000000,0,0,66229487,1311,0,1311,-72,0,8,2
1,700,21.000000,42.000000,0,0,66229489,1311,0,1311,-72,0,8,2
1,700,21.000000,42.000000,0,0,66229492,1311,0,1311,-72,0,8,2
1,700,21.000000,42.000000,0,0,66229495,1311,0,1311,-72,0,8,2
1,700,21.000000,42.000000,0,0,66229498,1311,0,1311,-72,0,8,2
1,700,21.000000,42.000000,0,0,66229511,1311,0,1311,-72,0,8,2
