2,700,21.000000,0.000000,0,0,69425313,616,1,616,1,0,28,0
2,700,21.000000,0.000000,0,0,69425313,616,1,616,1,0,28,0
2,700,21.000000,0.000000,0,0,69425316,616,1,616,1,0,28,0
2,700,21.000000,0.000000,0,0,69425319,616,1,616,1,0,28,0
2,700,21.000000,0.000000,0,0,69425322,616,1,616,1,0,28,0
2,700,21.000000,0.000000,0,0,69425324,616,1,616,1,0,28,0
2,700,21.000000,0.000000,0,0,69425327,616,1,616,1,0,28,0
2,700,21.000000,0.000000,0,0,69425330,616,1,616,1,0,28,0
2,700,21.000000,0.000000,0,0,69425333,616,1,616,1,0,28,0
2,700,21.000000,0.000000,0,0,69425336,616,1,616,1,0,28,0
2,700,21.000000,0.000000,0,0,69425338,616,1,616,1,0,28,0
2,700,21.000000,0.000000,0,0,69425341,616,1,616,1,0,28,0
2,700,21.000000,0.000000,0,0,69425344,616,1,616,1,0,28,0
2,700,21.000000,0.000000,0,0,69425347,616,1,616,1,0,28,0
2,700,21.000000,0.000000,0,0,69425349,616,1,616,1,0,28,0
2,700,21.000000,0.000000,0,0,69425352,616,1,616,1,0,28,0
2,700,21.000000,0.000000,0,0,69425355,616,1,616,1,0,28,0
2,700,21.000000,0.000000,0,0,69425358,616,1,616,1,0,28,0
2,700,21.000000,0.000000,0,0,69425361,616,1,616,1,0,28,0
2,700,21.000000,0.000000,0,0,69425363,616,1,616,1,0,28,0
2,700,21.000000,0.000000,0,0,69425366,616,1,616,1,0,28,0
2,700,21.000000,0.000000,0,0,69425369,616,1,616,1,0,28,0
2,700,21.000000,0.000000,0,0,69425372,616,1,616,1,0,28,0
2,700,21.000000,0.000000,0,0,69425374,616,1,616,1,0,28,0
2,700,21.000000,0.000000,0,0,69425377,616,1,616,1,0,28,0
2,700,21.000000,0.000000,0,0,69425380,616,1,616,1,0,28,0
2,700,21.000000,0.000000,0,0,69425383,616,1,616,1,0,28,0
2,700,21.000000,0.000000,0,0,69425385,616,1,616,1,0,28,0
2,700,21.000000,0.000000,0,0,69425388,616,1,616,1,0,28,0
2,700,21.000000,0.000000,0,0,69425391,616,0,616,0,0,28,0
2,700,21.000000,0.000000,0,0,69425394,616,0,616,-1,0,28,0
2,700,21.000000,0.000000,0,0,69425397,616,0,616,-1,0,28,0
2,700,21.000000,0.000000,0,0,69425399,616,0,616,-1,0,28,0
2,700,21.000000,0.000000,0,0,69425402,617,0,617,-2,0,28,0
2,700,21.000000,0.000000,0,0,69425405,618,0,618,-2,0,28,0
2,700,21.000000,0.000000,0,0,69425408,620,0,620,-3,0,28,0
2,700,21.000000,0.000000,0,0,69425411,622,0,622,-3,0,28,0
2,700,21.000000,0.000000,0,0,69425414,625,0,625,-5,0,28,0
2,700,21.000000,0.000000,0,0,69425416,627,0,627,-5,0,28,0
2,700,21.000000,0.000000,0,0,69425420,632,0,632,-7,0,28,0
2,700,21.000000,0.000000,0,0,69425423,637,0,637,-10,0,28,0
2,700,21.000000,0.000000,0,0,69425425,646,0,646,-12,0,28,0
2,700,21.000000,0.000000,0,0,69425428,651,0,651,-16,0,28,0
2,700,21.000000,0.000000,0,0,69425431,661,0,661,-17,0,28,0
2,700,21.000000,0.000000,0,0,69425433,672,0,672,-17,0,28,0
2,700,21.000000,0.000000,0,0,69425436,684,0,684,-17,0,28,0
2,700,21.000000,0.000000,0,0,69425439,698,0,698,-17,0,28,0
2,700,21.000000,0.000000,0,0,69425442,712,0,712,-17,0,28,0
2,700,21.000000,0.000000,0,0,69425444,729,2,729,-15,0,28,0
2,700,21.000000,0.000000,0,0,69425447,746,2,746,-15,0,28,0
2,700,21.000000,0.000000,0,0,69425450,764,1,764,-16,0,28,0
2,700,21.000000,0.000000,0,0,69425453,783,1,783,-16,0,28,0
2,700,21.000000,0.000000,0,0,69425456,805,1,805,-16,0,28,0
2,700,21.000000,0.000000,0,0,69425458,827,1,827,-16,0,28,0
2,700,21.000000,0.000000,0,0,69425461,849,1,849,-16,0,28,0
2,700,21.000000,0.000000,0,0,69425464,873,1,873,-16,0,28,0
2,700,21.000000,0.000000,0,0,69425466,892,1,892,-16,0,28,0
2,700,21.000000,0.000000,0,0,69425469,921,3,921,-14,0,28,0
2,700,21.000000,0.000000,0,0,69425472,943,3,943,-14,0,28,0
2,700,21.000000,0.000000,0,0,69425474,962,3,962,-14,0,28,0
2,700,21.000000,0.000000,0,0,69425477,978,3,978,-14,0,28,0
2,700,21.000000,0.000000,0,0,69425480,994,3,994,-14,0,28,0
2,700,21.000000,0.000000,0,0,69425483,1009,3,1009,-14,0,28,0
2,700,21.000000,0.000000,0,0,69425486,1039,4,1039,-13,0,28,0
2,700,21.000000,0.000000,0,0,69425488,1054,4,1054,-13,0,28,0
2,700,21.000000,0.000000,0,0,69425491,1067,5,1067,-12,0,28,0
2,700,21.000000,0.000000,0,0,69425494,1079,5,1079,-12,0,28,0
2,700,21.000000,0.000000,0,0,69425497,1088,5,1088,-12,0,28,0
2,700,21.000000,0.000000,0,0,69425499,1099,5,1099,-12,0,28,0
2,700,21.000000,0.000000,0,0,69425502,1107,5,1107,-12,0,28,0
2,700,21.000000,0.000000,0,0,69425505,1115,5,1115,-12,0,28,0
2,700,21.000000,0.000000,0,0,69425508,1124,5,1124,-12,0,28,0
2,700,21.000000,0.000000,0,0,69425511,1130,5,1130,-12,0,28,0
2,700,21.000000,0.000000,0,0,69425513,1136,5,1136,-12,0,28,0
2,700,21.000000,0.000000,0,0,69425516,1142,5,1142,-12,0,28,0
2,700,21.000000,0.000000,0,0,69425519,1147,5,1147,-12,0,28,0
2,700,21.000000,0.000000,0,0,69425522,1151,5,1151,-12,0,28,0
2,700,21.000000,0.000000,0,0,69425524,1153,5,1153,-12,0,28,0
2,700,21.000000,0.000000,0,0,69425527,1157,4,1157,-13,0,28,0
2,700,21.000000,0.000000,0,0,69425530,1161,3,1161,-14,0,28,0
2,700,21.000000,0.000000,0,0,69425533,1165,3,1165,-14,0,28,0
2,700,21.000000,0.000000,0,0,69425536,1175,3,1175,-14,0,28,0
2,700,21.000000,0.000000,0,0,69425538,1179,3,1179,-14,0,28,0
2,700,21.000000,0.000000,0,0,69425541,1183,3,1183,-14,0,28,0
2,700,21.000000,0.000000,0,0,69425544,1186,3,1186,-14,0,28,0
2,700,21.000000,0.000000,0,0,69425547,1189,3,1189,-14,0,28,0
2,700,21.000000,0.000000,0,0,69425549,1192,3,1192,-14,0,28,0
2,700,21.000000,0.000000,0,0,69425552,1195,3,1195,-14,0,28,0
2,700,21.000000,0.000000,0,0,69425555,1198,3,1198,-14,0,28,0
2,700,21.000000,0.000000,0,0,69425558,1200,3,1200,-14,0,28,0
2,700,21.000000,0.000000,0,0,69425561,1202,3,1202,-14,0,28,0
2,700,21.000000,0.000000,0,0,69425563,1205,3,1205,-14,0,28,0
2,700,21.000000,0.000000,0,0,69425566,1207,3,1207,-14,0,28,0
2,700,21.000000,0.000000,0,0,69425569,1209,3,1209,-14,0,28,0
2,700,21.000000,0.000000,0,0,69425572,1210,3,1210,-14,0,28,0
2,700,21.000000,0.000000,0,0,69425574,1213,3,1213,-14,0,28,0
2,700,21.000000,0.000000,0,0,69425577,1214,3,1214,-14,0,28,0
2,700,21.000000,0.000000,0,0,69425580,1218,3,1218,-14,0,28,0
2,700,21.000000,0.000000,0,0,69425583,1221,3,1221,-14,0,28,0
2,700,21.000000,0.000000,0,0,69425585,1224,3,1224,-14,0,28,0
2,700,21.000000,0.000000,0,0,69425588,1227,3,1227,-14,0,28,0
2,700,21.000000,0.000000,0,0,69425591,1229,3,1229,-14,0,28,0
2,700,21.000000,0.000000,0,0,69425594,1231,3,1231,-14,0,28,0
2,700,21.000000,0.000000,0,0,69425597,1233,3,1233,-14,0,28,0
2,700,21.000000,0.000000,0,0,69425599,1234,3,1234,-14,0,28,0
2,700,21.000000,0.000000,0,0,69425602,1236,3,1236,-14,0,28,0
2,700,21.000000,0.000000,0,0,69425605,1238,3,1238,-14,0,28,0
2,700,21.000000,0.000000,0,0,69425608,1241,4,1241,-13,0,28,0
2,700,21.000000,0.000000,0,0,69425610,1244,5,1244,-12,0,28,0
2,700,21.000000,0.000000,0,0,69425613,1244,5,1244,-12,0,28,0
2,700,21.000000,0.000000,0,0,69425616,1245,5,1245,-12,0,28,0
2,700,21.000000,0.000000,0,0,69425619,1247,5,1247,-12,0,28,0
2,700,21.000000,0.000000,0,0,69425622,1248,5,1248,-12,0,28,0
2,700,21.000000,0.000000,0,0,69425624,1250,5,1250,-12,0,28,0
2,700,21.000000,0.000000,0,0,69425627,1251,5,1251,-12,0,28,0
2,700,21.000000,0.000000,0,0,69425630,1253,5,1253,-12,0,28,0
2,700,21.000000,0.000000,0,0,69425633,1254,5,1254,-12,0,28,0
2,700,21.000000,0.000000,0,0,69425635,1255,5,1255,-12,0,28,0
2,700,21.000000,0.000000,0,0,69425638,1257,5,1257,-12,0,28,0
2,700,21.000000,0.000000,0,0,69425641,1259,5,1259,-12,0,28,0
2,700,21.000000,0.000000,0,0,69425644,1260,5,1260,-12,0,28,0
2,700,21.000000,0.000000,0,0,69425647,1261,5,1261,-12,0,28,0
2,700,21.000000,0.000000,0,0,69425649,1262,5,1262,-12,0,28,0
2,700,21.000000,0.000000,0,0,69425652,1263,5,1263,-12,0,28,0
2,700,21.000000,0.000000,0,0,69425655,1264,5,1264,-12,0,28,0
2,700,21.000000,0.000000,0,0,69425658,1265,5,1265,-12,0,28,0
2,700,21.000000,0.000000,0,0,69425660,1266,5,1266,-12,0,28,0
2,700,21.000000,0.000000,0,0,69425663,1266,5,1266,-12,0,28,0
2,700,21.000000,0.000000,0,0,69425666,1266,5,1266,-12,0,28,0
2,700,21.000000,0.000000,0,0,69425669,1266,5,1266,-12,0,28,0
2,700,21.000000,0.000000,0,0,69425672,1266,5,1266,-12,0,28,0
2,700,21.000000,0.000000,0,0,69425674,1267,5,1267,-12,0,28,0
2,700,21.000000,0.000000,0,0,69425677,1268,5,1268,-12,0,28,0
2,700,21.000000,0.000000,0,0,69425680,1268,5,1268,-12,0,28,0
2,700,21.000000,0.000000,0,0,69425683,1268,5,1268,-12,0,28,0
2,700,21.000000,0.000000,0,0,69425686,1268,5,1268,-12,0,28,0
2,700,21.000000,0.000000,0,0,69425688,1268,5,1268,-12,0,28,0
2,700,21.000000,0.000000,0,0,69425691,1269,5,1269,-12,0,28,0
2,700,21.000000,0.000000,0,0,69425694,1270,5,1270,-12,0,28,0
2,700,21.000000,0.000000,0,0,69425697,1271,5,1271,-12,0,28,0
2,700,21.000000,0.000000,0,0,69425699,1272,5,1272,-12,0,28,0
2,700,21.000000,0.000000,0,0,69425702,1273,5,1273,-12,0,28,0
2,700,21.000000,0.000000,0,0,69425705,1273,5,1273,-12,0,28,0
2,700,21.000000,0.000000,0,0,69425708,1275,5,1275,-12,0,28,0
2,700,21.000000,0.000000,0,0,69425711,1277,5,1277,-12,0,28,0
2,700,21.000000,0.000000,0,0,69425713,1278,5,1278,-12,0,28,0
2,700,21.000000,0.000000,0,0,69425716,1279,5,1279,-12,0,28,0
2,700,21.000000,0.000000,0,0,69425719,1280,5,1280,-12,0,28,0
2,700,21.000000,0.000000,0,0,69425722,1283,5,1283,-12,0,28,0
2,700,21.000000,0.000000,0,0,69425724,1284,5,1284,-12,0,28,0
2,700,21.000000,0.000000,0,0,69425727,1285,5,1285,-12,0,28,0
2,700,21.000000,0.000000,0,0,69425730,1286,5,1286,-12,0,28,0
2,700,21.000000,0.000000,0,0,69425733,1287,5,1287,-12,0,28,0
2,700,21.000000,0.000000,0,0,69425736,1288,5,1288,-12,0,28,0
2,700,21.000000,0.000000,0,0,69425738,1289,5,1289,-12,0,28,0
2,700,21.000000,0.000000,0,0,69425741,1290,5,1290,-12,0,28,0
2,700,21.000000,0.000000,0,0,69425744,1290,5,1290,-12,0,28,0
2,700,21.000000,0.000000,0,0,69425747,1290,5,1290,-12,0,28,0
2,700,21.000000,0.000000,0,0,69425750,1290,5,1290,-12,0,28,0
2,700,21.000000,0.000000,0,0,69425752,1290,5,1290,-12,0,28,0
2,700,21.000000,0.000000,0,0,69425755,1290,5,1290,-12,0,28,0
2,700,21.000000,0.000000,0,0,69425758,1290,5,1290,-12,0,28,0
2,700,21.000000,0.000000,0,0,69425760,1290,5,1290,-12,0,28,0
2,700,21.000000,0.000000,0,0,69425763,1290,5,1290,-12,0,28,0
2,700,21.000000,0.000000,0,0,69425766,1290,5,1290,-12,0,28,0
2,700,21.000000,0.000000,0,0,69425769,1290,5,1290,-12,0,28,0
2,700,21.000000,0.000000,0,0,69425771,1290,5,1290,-12,0,28,0
2,700,21.000000,0.000000,0,0,69425774,1290,5,1290,-12,0,28,0
2,700,21.000000,0.000000,0,0,69425777,1290,5,1290,-12,0,28,0
2,700,21.000000,0.000000,0,0,69425780,1290,5,1290,-12,0,28,0
2,700,21.000000,0.000000,0,0,69425783,1290,5,1290,-12,0,28,0
2,700,21.000000,0.000000,0,0,69425785,1291,5,1291,-12,0,28,0
2,700,21.000000,0.000000,0,0,69425788,1292,5,1292,-12,0,28,0
2,700,21.000000,0.000000,0,0,69425791,1293,5,1293,-12,0,28,0
2,700,21.000000,0.000000,0,0,69425794,1295,5,1295,-12,0,28,0
2,700,21.000000,0.000000,0,0,69425797,1297,5,1297,-12,0,28,0
2,700,21.000000,0.000000,0,0,69425800,1298,5,1298,-12,0,28,0
2,700,21.000000,0.000000,0,0,69425803,1299,4,1299,-13,0,28,0
2,700,21.000000,0.000000,0,0,69425805,1300,4,1300,-13,0,28,0
2,700,21.000000,0.000000,0,0,69425808,1302,4,1302,-13,0,28,0
2,700,21.000000,0.000000,0,0,69425811,1304,4,1304,-13,0,28,0
2,700,21.000000,0.000000,0,0,69425814,1306,4,1306,-13,0,28,0
2,700,21.000000,0.000000,0,0,69425816,1309,3,1309,-14,0,28,0
2,700,21.000000,0.000000,0,0,69425819,1312,2,1312,-15,0,28,0
2,700,21.000000,0.000000,0,0,69425822,1314,2,1314,-15,0,28,0
2,700,21.000000,0.000000,0,0,69425825,1316,2,1316,-15,0,28,0
2,700,21.000000,0.000000,0,0,69425827,1318,2,1318,-15,0,28,0
2,700,21.000000,0.000000,0,0,69425830,1320,2,1320,-15,0,28,0
2,700,21.000000,0.000000,0,0,69425833,1320,2,1320,-15,0,28,0
2,700,21.000000,0.000000,0,0,69425836,1321,2,1321,-15,0,28,0
2,700,21.000000,0.000000,0,0,69425839,1321,2,1321,-15,0,28,0
2,700,21.000000,0.000000,0,0,69425841,1322,2,1322,-15,0,28,0
2,700,21.000000,0.000000,0,0,69425844,1323,2,1323,-15,0,28,0
2,700,21.000000,0.000000,0,0,69425847,1323,2,1323,-15,0,28,0
2,700,21.000000,0.000000,0,0,69425850,1324,2,1324,-15,0,28,0
2,700,21.000000,0.000000,0,0,69425853,1325,2,1325,-15,0,28,0
2,700,21.000000,0.000000,0,0,69425855,1325,2,1325,-15,0,28,0
2,700,21.000000,0.000000,0,0,69425858,1325,2,1325,-15,0,28,0
2,700,21.000000,0.000000,0,0,69425861,1325,2,1325,-15,0,28,0
2,700,21.000000,0.000000,0,0,69425864,1325,2,1325,-15,0,28,0
2,700,21.000000,0.000000,0,0,69425866,1325,2,1325,-15,0,28,0
2,700,21.000000,0.000000,0,0,69425869,1325,2,1325,-15,0,28,0
2,700,21.000000,0.000000,0,0,69425872,1325,2,1325,-15,0,28,0
2,700,21.000000,0.000000,0,0,69425875,1325,2,1325,-15,0,28,0
2,700,21.000000,0.000000,0,0,69425878,1325,2,1325,-15,0,28,0
2,700,21.000000,0.000000,0,0,69425880,1325,2,1325,-15,0,28,0
2,700,21.000000,0.000000,0,0,69425883,1325,2,1325,-15,0,28,0
2,700,21.000000,0.000000,0,0,69425886,1325,2,1325,-15,0,28,0
2,700,21.000000,0.000000,0,0,69425888,1325,2,1325,-15,0,28,0
2,700,21.000000,0.000000,0,0,69425891,1325,2,1325,-15,0,28,0
2,700,21.000000,0.000000,0,0,69425894,1326,2,1326,-15,0,28,0
2,700,21.000000,0.000000,0,0,69425897,1327,2,1327,-15,0,28,0
2,700,21.000000,0.000000,0,0,69425900,1328,2,1328,-15,0,28,0
2,700,21.000000,0.000000,0,0,69425902,1328,2,1328,-15,0,28,0
2,700,21.000000,0.000000,0,0,69425905,1328,2,1328,-15,0,28,0
2,700,21.000000,0.000000,0,0,69425908,1329,2,1329,-15,0,28,0
2,700,21.000000,0.000000,0,0,69425911,1330,2,1330,-15,0,28,0
2,700,21.000000,0.000000,0,0,69425913,1330,2,1330,-15,0,28,0
2,700,21.000000,0.000000,0,0,69425916,1330,2,1330,-15,0,28,0
2,700,21.000000,0.000000,0,0,69425919,1330,2,1330,-15,0,28,0
2,700,21.000000,0.000000,0,0,69425922,1330,2,1330,-15,0,28,0
2,700,21.000000,0.000000,0,0,69425925,1330,2,1330,-15,0,28,0
2,700,21.000000,0.000000,0,0,69425927,1330,2,1330,-15,0,28,0
2,700,21.000000,0.000000,0,0,69425930,1330,2,1330,-15,0,28,0
2,700,21.000000,0.000000,0,0,69425933,1330,2,1330,-15,0,28,0
2,700,21.000000,0.000000,0,0,69425936,1330,2,1330,-15,0,28,0
2,700,21.000000,0.000000,0,0,69425938,1330,2,1330,-15,0,28,0
2,700,21.000000,0.000000,0,0,69425941,1330,2,1330,-15,0,28,0
2,700,21.000000,0.000000,0,0,69425944,1330,2,1330,-15,0,28,0
2,700,21.000000,0.000000,0,0,69425947,1330,2,1330,-15,0,28,0
2,700,21.000000,0.000000,0,0,69425950,1330,2,1330,-15,0,28,0
2,700,21.000000,0.000000,0,0,69425952,1330,2,1330,-15,0,28,0
2,700,21.000000,0.000000,0,0,69425955,1330,2,1330,-15,0,28,0
2,700,21.000000,0.000000,0,0,69425958,1330,2,1330,-15,0,28,0
2,700,21.000000,0.000000,0,0,69425961,1330,2,1330,-15,0,28,0
2,700,21.000000,0.000000,0,0,69425963,1330,2,1330,-15,0,28,0
2,700,21.000000,0.000000,0,0,69425966,1330,2,1330,-15,0,28,0
2,700,21.000000,0.000000,0,0,69425969,1330,2,1330,-15,0,28,0
2,700,21.000000,0.000000,0,0,69425972,1330,2,1330,-15,0,28,0
2,700,21.000000,0.000000,0,0,69425975,1330,2,1330,-15,0,28,0
2,700,21.000000,0.000000,0,0,69425977,1330,2,1330,-15,0,28,0
2,700,21.000000,0.000000,0,0,69425980,1330,2,1330,-15,0,28,0
2,700,21.000000,0.000000,0,0,69425983,1330,2,1330,-15,0,28,0
2,700,21.000000,0.000000,0,0,69425986,1330,2,1330,-15,0,28,0
2,700,21.000000,0.000000,0,0,69425988,1330,2,1330,-15,0,28,0
2,700,21.000000,0.000000,0,0,69425991,1330,2,1330,-15,0,28,0
2,700,21.000000,0.000000,0,0,69425994,1330,2,1330,-15,0,28,0
2,700,21.000000,0.000000,0,0,69425997,1330,2,1330,-15,0,28,0
2,700,21.000000,0.000000,0,0,69426000,1330,2,1330,-15,0,28,0
2,700,21.000000,0.000000,0,0,69426002,1330,2,1330,-15,0,28,0
2,700,21.000000,0.000000,0,0,69426005,1330,2,1330,-15,0,28,0
2,700,21.000000,0.000000,0,0,69426008,1330,2,1330,-15,0,28,0
2,700,21.000000,0.000000,0,0,69426011,1330,2,1330,-15,0,28,0
2,700,21.000000,0.000000,0,0,69426013,1330,2,1330,-15,0,28,0
2,700,21.000000,0.000000,0,0,69426016,1330,2,1330,-15,0,28,0
2,700,21.000000,0.000000,0,0,69426019,1330,2,1330,-15,0,28,0
2,700,21.000000,0.000000,0,0,69426022,1329,2,1329,-15,0,28,0
2,700,21.000000,0.000000,0,0,69426025,1328,2,1328,-15,0,28,0
2,700,21.000000,0.000000,0,0,69426028,1328,2,1328,-15,0,28,0
2,700,21.000000,0.000000,0,0,69426030,1327,2,1327,-15,0,28,0
2,700,21.000000,0.000000,0,0,69426033,1326,2,1326,-15,0,28,0
2,700,21.000000,0.000000,0,0,69426036,1325,2,1325,-15,0,28,0
2,700,21.000000,0.000000,0,0,69426039,1325,2,1325,-15,0,28,0
2,700,21.000000,0.000000,0,0,69426041,1324,2,1324,-15,0,28,0
2,700,21.000000,0.000000,0,0,69426044,1323,2,1323,-15,0,28,0
2,700,21.000000,0.000000,0,0,69426047,1322,2,1322,-15,0,28,0
2,700,21.000000,0.000000,0,0,69426050,1321,2,1321,-15,0,28,0
2,700,21.000000,0.000000,0,0,69426052,1321,2,1321,-15,0,28,0
2,700,21.000000,0.000000,0,0,69426055,1321,2,1321,-15,0,28,0
2,700,21.000000,0.000000,0,0,69426058,1320,2,1320,-15,0,28,0
2,700,21.000000,0.000000,0,0,69426061,1319,2,1319,-15,0,28,0
2,700,21.000000,0.000000,0,0,69426064,1319,2,1319,-15,0,28,0
2,700,21.000000,0.000000,0,0,69426066,1319,2,1319,-15,0,28,0
2,700,21.000000,0.000000,0,0,69426069,1319,2,1319,-15,0,28,0
2,700,21.000000,0.000000,0,0,69426072,1319,2,1319,-15,0,28,0
2,700,21.000000,0.000000,0,0,69426075,1319,2,1319,-15,0,28,0
2,700,21.000000,0.000000,0,0,69426077,1319,2,1319,-15,0,28,0
2,700,21.000000,0.000000,0,0,69426080,1319,2,1319,-15,0,28,0
2,700,21.000000,0.000000,0,0,69426083,1319,2,1319,-15,0,28,0
2,700,21.000000,0.000000,0,0,69426086,1319,2,1319,-15,0,28,0
2,700,21.000000,0.000000,0,0,69426089,1319,2,1319,-15,0,28,0
2,700,21.000000,0.000000,0,0,69426091,1319,2,1319,-15,0,28,0
2,700,21.000000,0.000000,0,0,69426094,1319,2,1319,-15,0,28,0
2,700,21.000000,0.000000,0,0,69426097,1319,2,1319,-15,0,28,0
2,700,21.000000,0.000000,0,0,69426100,1319,2,1319,-15,0,28,0
2,700,21.000000,0.000000,0,0,69426102,1319,2,1319,-15,0,28,0
2,700,21.000000,0.000000,0,0,69426105,1319,2,1319,-15,0,28,0
2,700,21.000000,0.000000,0,0,69426108,1319,2,1319,-15,0,28,0
2,700,21.000000,0.000000,0,0,69426111,1319,2,1319,-15,0,28,0
2,700,21.000000,0.000000,0,0,69426114,1319,2,1319,-15,0,28,0
2,700,21.000000,0.000000,0,0,69426116,1319,2,1319,-15,0,28,0
2,700,21.000000,0.000000,0,0,69426119,1319,2,1319,-15,0,28,0
2,700,21.000000,0.000000,0,0,69426122,1319,2,1319,-15,0,28,0
2,700,21.000000,0.000000,0,0,69426125,1319,2,1319,-15,0,28,0
2,700,21.000000,0.000000,0,0,69426128,1319,2,1319,-15,0,28,0
2,700,21.000000,0.000000,0,0,69426130,1319,2,1319,-15,0,28,0
2,700,21.000000,0.000000,0,0,69426133,1319,2,1319,-15,0,28,0
2,700,21.000000,0.000000,0,0,69426136,1319,2,1319,-15,0,28,0
2,700,21.000000,0.000000,0,0,69426139,1319,2,1319,-15,0,28,0
2,700,21.000000,0.000000,0,0,69426142,1319,2,1319,-15,0,28,0
2,700,21.000000,0.000000,0,0,69426144,1319,2,1319,-15,0,28,0
2,700,21.000000,0.000000,0,0,69426147,1319,2,1319,-15,0,28,0
2,700,21.000000,0.000000,0,0,69426150,1319,2,1319,-15,0,28,0
2,700,21.000000,0.000000,0,0,69426152,1319,2,1319,-15,0,28,0
2,700,21.000000,0.000000,0,0,69426155,1319,2,1319,-15,0,28,0
2,700,21.000000,0.000000,0,0,69426158,1319,2,1319,-15,0,28,0
2,700,21.000000,0.000000,0,0,69426161,1319,2,1319,-15,0,28,0
2,700,21.000000,0.000000,0,0,69426163,1319,2,1319,-15,0,28,0
2,700,21.000000,0.000000,0,0,69426166,1319,2,1319,-15,0,28,0
2,700,21.000000,0.000000,0,0,69426169,1319,2,1319,-15,0,28,0
2,700,21.000000,0.000000,0,0,69426172,1319,2,1319,-15,0,28,0
2,700,21.000000,0.000000,0,0,69426175,1319,2,1319,-15,0,28,0
2,700,21.000000,0.000000,0,0,69426178,1319,2,1319,-15,0,28,0
2,700,21.000000,0.000000,0,0,69426180,1319,2,1319,-15,0,28,0
2,700,21.000000,0.000000,0,0,69426183,1319,2,1319,-15,0,28,0
2,700,21.000000,0.000000,0,0,69426186,1319,2,1319,-15,0,28,0
2,700,21.000000,0.000000,0,0,69426189,1319,2,1319,-15,0,28,0
2,700,21.000000,0.000000,0,0,69426192,1319,2,1319,-15,0,28,0
2,700,21.000000,0.000000,0,0,69426194,1319,2,1319,-15,0,28,0
2,700,21.000000,0.000000,0,0,69426197,1319,2,1319,-15,0,28,0
2,700,21.000000,0.000000,0,0,69426200,1319,2,1319,-15,0,28,0
2,700,21.000000,0.000000,0,0,69426203,1319,2,1319,-15,0,28,0
2,700,21.000000,0.000000,0,0,69426205,1319,2,1319,-15,0,28,0
2,700,21.000000,0.000000,0,0,69426208,1319,2,1319,-15,0,28,0
2,700,21.000000,0.000000,0,0,69426211,1319,2,1319,-15,0,28,0
2,700,21.000000,0.000000,0,0,69426214,1319,2,1319,-15,0,28,0
2,700,21.000000,0.000000,0,0,69426216,1319,2,1319,-15,0,28,0
2,700,21.000000,0.000000,0,0,69426230,1319,2,1319,-15,0,28,0
