2,350,21.000000,42.000000,2,0,69863482,788,12.600000,788,12.600000,0,42,7
2,350,21.000000,42.000000,2,0,69863483,788,12.600000,788,12.600000,0,42,7
2,350,21.000000,42.000000,2,0,69863486,788,12.600000,788,12.600000,0,42,7
2,350,21.000000,42.000000,2,0,69863488,788,12.600000,788,12.600000,0,42,7
2,350,21.000000,42.000000,2,0,69863491,788,12.600000,788,12.600000,0,42,7
2,350,21.000000,42.000000,2,0,69863494,788,12.600000,788,12.600000,0,42,7
2,350,21.000000,42.000000,2,0,69863497,788,12.600000,788,12.600000,0,42,7
2,350,21.000000,42.000000,2,0,69863500,788,12.600000,788,12.600000,0,42,7
2,350,21.000000,42.000000,2,0,69863502,788,12.600000,788,12.600000,0,42,7
2,350,21.000000,42.000000,2,0,69863505,788,12.600000,788,12.600000,0,42,7
2,350,21.000000,42.000000,2,0,69863508,788,12.600000,788,12.600000,0,42,7
2,350,21.000000,42.000000,2,0,69863511,788,12.600000,788,12.600000,0,42,7
2,350,21.000000,42.000000,2,0,69863513,788,12.600000,788,12.600000,0,42,7
2,350,21.000000,42.000000,2,0,69863516,788,12.600000,788,12.600000,0,42,7
2,350,21.000000,42.000000,2,0,69863519,788,12.600000,788,12.600000,0,42,7
2,350,21.000000,42.000000,2,0,69863522,788,12.600000,788,12.600000,0,42,7
2,350,21.000000,42.000000,2,0,69863525,788,12.600000,788,12.600000,0,42,7
2,350,21.000000,42.000000,2,0,69863527,788,12.600000,788,12.600000,0,42,7
2,350,21.000000,42.000000,2,0,69863530,788,12.600000,788,12.600000,0,42,7
2,350,21.000000,42.000000,2,0,69863533,788,12.600000,788,12.600000,0,42,7
2,350,21.000000,42.000000,2,0,69863536,788,12.600000,788,12.600000,0,42,7
2,350,21.000000,42.000000,2,0,69863539,788,12.600000,788,12.600000,0,42,7
2,350,21.000000,42.000000,2,0,69863541,788,12.600000,788,12.600000,0,42,7
2,350,21.000000,42.000000,2,0,69863544,788,12.600000,788,12.600000,0,42,7
2,350,21.000000,42.000000,2,0,69863547,788,12.600000,788,12.600000,0,42,7
2,350,21.000000,42.000000,2,0,69863550,788,12.600000,788,12.600000,0,42,7
2,350,21.000000,42.000000,2,0,69863552,788,12.600000,788,12.600000,0,42,7
2,350,21.000000,42.000000,2,0,69863555,788,12.600000,788,12.600000,0,42,7
2,350,21.000000,42.000000,2,0,69863558,788,12.600000,788,12.600000,0,42,7
2,350,21.000000,42.000000,2,0,69863561,788,12.600000,788,12.600000,0,42,7
2,350,21.000000,42.000000,2,0,69863564,788,12.600000,788,12.600000,0,42,7
2,350,21.000000,42.000000,2,0,69863566,788,12.600000,788,12.600000,0,42,7
2,350,21.000000,42.000000,2,0,69863569,788,13.600000,788,13.600000,0,42,7
2,350,21.000000,42.000000,2,0,69863572,788,13.600000,788,13.600000,0,42,7
2,350,21.000000,42.000000,2,0,69863575,788,14.600000,788,14.600000,0,42,7
2,350,21.000000,42.000000,2,0,69863577,789,14.600000,789,14.600000,0,42,7
2,350,21.000000,42.000000,2,0,69863580,790,14.600000,790,14.600000,0,42,7
2,350,21.000000,42.000000,2,0,69863583,791,15.600000,791,15.600000,0,42,7
2,350,21.000000,42.000000,2,0,69863586,791,17.600000,791,17.600000,0,42,7
2,350,21.000000,42.000000,2,0,69863589,794,19.600000,794,19.600000,0,42,7
2,350,21.000000,42.000000,2,0,69863591,797,19.600000,797,19.600000,0,42,7
2,350,21.000000,42.000000,2,0,69863595,798,21.600000,798,21.600000,0,42,7
2,350,21.000000,42.000000,2,0,69863598,806,25.600000,806,25.600000,0,42,7
2,350,21.000000,42.000000,2,0,69863601,809,26.600000,809,26.600000,0,42,7
2,350,21.000000,42.000000,2,0,69863604,814,28.600000,814,28.600000,0,42,7
2,350,21.000000,42.000000,2,0,69863607,817,31.600000,817,31.600000,0,42,7
2,350,21.000000,42.000000,2,0,69863610,819,31.600000,819,31.600000,0,42,7
2,350,21.000000,42.000000,2,0,69863612,824,35.600000,824,35.600000,0,42,7
2,350,21.000000,42.000000,2,0,69863615,828,39.600000,828,39.600000,0,42,7
2,350,21.000000,42.000000,2,0,69863618,831,40.600000,831,40.600000,0,42,7
2,350,21.000000,42.000000,2,0,69863620,837,45.600000,837,45.600000,0,42,7
2,350,21.000000,42.000000,2,0,69863623,840,45.600000,840,45.600000,0,42,7
2,350,21.000000,42.000000,2,0,69863626,845,48.600000,845,48.600000,0,42,7
2,350,21.000000,42.000000,2,0,69863629,853,52.600000,853,52.600000,0,42,7
2,350,21.000000,42.000000,2,0,69863631,860,56.600000,860,56.600000,0,42,7
2,350,21.000000,42.000000,2,0,69863634,865,58.600000,865,58.600000,0,42,7
2,350,21.000000,42.000000,2,0,69863637,871,60.600000,871,60.600000,0,42,7
2,350,21.000000,42.000000,2,0,69863640,876,62.600000,876,62.600000,0,42,7
2,350,21.000000,42.000000,2,0,69863642,881,64.600000,881,64.600000,0,42,7
2,350,21.000000,42.000000,2,0,69863645,887,66.600000,887,66.600000,0,42,7
2,350,21.000000,42.000000,2,0,69863648,894,68.600000,894,68.600000,0,42,7
2,350,21.000000,42.000000,2,0,69863650,899,69.600000,899,69.600000,0,42,7
2,350,21.000000,42.000000,2,0,69863653,904,71.600000,904,71.600000,0,42,7
2,350,21.000000,42.000000,2,0,69863656,910,72.600000,910,72.600000,0,42,7
2,350,21.000000,42.000000,2,0,69863659,915,75.600000,915,75.600000,0,42,7
2,350,21.000000,42.000000,2,0,69863662,921,76.600000,921,76.600000,0,42,7
2,350,21.000000,42.000000,2,0,69863664,928,77.600000,928,77.600000,0,42,7
2,350,21.000000,42.000000,2,0,69863667,928,77.600000,928,77.600000,0,42,7
2,350,21.000000,42.000000,2,0,69863670,936,78.600000,936,78.600000,0,42,7
2,350,21.000000,42.000000,2,0,69863673,943,79.600000,943,79.600000,0,42,7
2,350,21.000000,42.000000,2,0,69863675,950,81.600000,950,81.600000,0,42,7
2,350,21.000000,42.000000,2,0,69863678,959,81.600000,959,81.600000,0,42,7
2,350,21.000000,42.000000,2,0,69863681,966,81.600000,966,81.600000,0,42,7
2,350,21.000000,42.000000,2,0,69863683,975,81.600000,975,81.600000,0,42,7
2,350,21.000000,42.000000,2,0,69863686,982,81.600000,982,81.600000,0,42,7
2,350,21.000000,42.000000,2,0,69863689,989,81.600000,989,81.600000,0,42,7
2,350,21.000000,42.000000,2,0,69863692,998,81.600000,998,81.600000,0,42,7
2,350,21.000000,42.000000,2,0,69863694,1006,81.600000,1006,81.600000,0,42,7
2,350,21.000000,42.000000,2,0,69863697,1014,81.600000,1014,81.600000,0,42,7
2,350,21.000000,42.000000,2,0,69863700,1023,81.600000,1023,81.600000,0,42,7
2,350,21.000000,42.000000,2,0,69863703,1030,80.600000,1030,80.600000,0,42,7
2,350,21.000000,42.000000,2,0,69863706,1041,77.600000,1041,77.600000,0,42,7
2,350,21.000000,42.000000,2,0,69863709,1049,77.600000,1049,77.600000,0,42,7
2,350,21.000000,42.000000,2,0,69863712,1055,76.600000,1055,76.600000,0,42,7
2,350,21.000000,42.000000,2,0,69863714,1059,74.600000,1059,74.600000,0,42,7
2,350,21.000000,42.000000,2,0,69863717,1065,71.600000,1065,71.600000,0,42,7
2,350,21.000000,42.000000,2,0,69863720,1069,67.600000,1069,67.600000,0,42,7
2,350,21.000000,42.000000,2,0,69863723,1077,65.600000,1077,65.600000,0,42,7
2,350,21.000000,42.000000,2,0,69863725,1082,63.600000,1082,63.600000,0,42,7
2,350,21.000000,42.000000,2,0,69863728,1088,60.600000,1088,60.600000,0,42,7
2,350,21.000000,42.000000,2,0,69863731,1092,59.600000,1092,59.600000,0,42,7
2,350,21.000000,42.000000,2,0,69863734,1096,55.600000,1096,55.600000,0,42,7
2,350,21.000000,42.000000,2,0,69863736,1100,54.600000,1100,54.600000,0,42,7
2,350,21.000000,42.000000,2,0,69863739,1100,54.600000,1100,54.600000,0,42,7
2,350,21.000000,42.000000,2,0,69863742,1104,52.600000,1104,52.600000,0,42,7
2,350,21.000000,42.000000,2,0,69863745,1106,49.600000,1106,49.600000,0,42,7
2,350,21.000000,42.000000,2,0,69863748,1109,47.600000,1109,47.600000,0,42,7
2,350,21.000000,42.000000,2,0,69863750,1111,46.600000,1111,46.600000,0,42,7
2,350,21.000000,42.000000,2,0,69863753,1111,45.600000,1111,45.600000,0,42,7
2,350,21.000000,42.000000,2,0,69863756,1111,44.600000,1111,44.600000,0,42,7
2,350,21.000000,42.000000,2,0,69863759,1113,44.600000,1113,44.600000,0,42,7
2,350,21.000000,42.000000,2,0,69863761,1115,43.600000,1115,43.600000,0,42,7
2,350,21.000000,42.000000,2,0,69863764,1116,42.600000,1116,42.600000,0,42,7
2,350,21.000000,42.000000,2,0,69863767,1117,41.600000,1117,41.600000,0,42,7
2,350,21.000000,42.000000,2,0,69863769,1118,38.600000,1118,38.600000,0,42,7
2,350,21.000000,42.000000,2,0,69863772,1120,38.600000,1120,38.600000,0,42,7
2,350,21.000000,42.000000,2,0,69863775,1120,35.600000,1120,35.600000,0,42,7
2,350,21.000000,42.000000,2,0,69863778,1122,35.600000,1122,35.600000,0,42,7
2,350,21.000000,42.000000,2,0,69863780,1122,34.600000,1122,34.600000,0,42,7
2,350,21.000000,42.000000,2,0,69863783,1124,32.600000,1124,32.600000,0,42,7
2,350,21.000000,42.000000,2,0,69863786,1125,31.600000,1125,31.600000,0,42,7
2,350,21.000000,42.000000,2,0,69863789,1127,30.600000,1127,30.600000,0,42,7
2,350,21.000000,42.000000,2,0,69863792,1128,30.600000,1128,30.600000,0,42,7
2,350,21.000000,42.000000,2,0,69863794,1129,30.600000,1129,30.600000,0,42,7
2,350,21.000000,42.000000,2,0,69863797,1131,28.600000,1131,28.600000,0,42,7
2,350,21.000000,42.000000,2,0,69863800,1133,27.600000,1133,27.600000,0,42,7
2,350,21.000000,42.000000,2,0,69863803,1135,26.600000,1135,26.600000,0,42,7
2,350,21.000000,42.000000,2,0,69863805,1138,24.600000,1138,24.600000,0,42,7
2,350,21.000000,42.000000,2,0,69863808,1140,23.600000,1140,23.600000,0,42,7
2,350,21.000000,42.000000,2,0,69863811,1142,23.600000,1142,23.600000,0,42,7
2,350,21.000000,42.000000,2,0,69863814,1144,22.600000,1144,22.600000,0,42,7
2,350,21.000000,42.000000,2,0,69863817,1147,21.600000,1147,21.600000,0,42,7
2,350,21.000000,42.000000,2,0,69863820,1149,20.600000,1149,20.600000,0,42,7
2,350,21.000000,42.000000,2,0,69863822,1151,19.600000,1151,19.600000,0,42,7
2,350,21.000000,42.000000,2,0,69863825,1154,18.600000,1154,18.600000,0,42,7
2,350,21.000000,42.000000,2,0,69863828,1157,18.600000,1157,18.600000,0,42,7
2,350,21.000000,42.000000,2,0,69863831,1158,16.600000,1158,16.600000,0,42,7
2,350,21.000000,42.000000,2,0,69863833,1159,16.600000,1159,16.600000,0,42,7
2,350,21.000000,42.000000,2,0,69863836,1161,15.600000,1161,15.600000,0,42,7
2,350,21.000000,42.000000,2,0,69863839,1163,14.600000,1163,14.600000,0,42,7
2,350,21.000000,42.000000,2,0,69863841,1165,13.600000,1165,13.600000,0,42,7
2,350,21.000000,42.000000,2,0,69863844,1165,13.600000,1165,13.600000,0,42,7
2,350,21.000000,42.000000,2,0,69863847,1165,12.600000,1165,12.600000,0,42,7
2,350,21.000000,42.000000,2,0,69863850,1165,11.600000,1165,11.600000,0,42,7
2,350,21.000000,42.000000,2,0,69863853,1165,11.600000,1165,11.600000,0,42,7
2,350,21.000000,42.000000,2,0,69863855,1165,11.600000,1165,11.600000,0,42,7
2,350,21.000000,42.000000,2,0,69863858,1165,11.600000,1165,11.600000,0,42,7
2,350,21.000000,42.000000,2,0,69863861,1165,11.600000,1165,11.600000,0,42,7
2,350,21.000000,42.000000,2,0,69863864,1165,11.600000,1165,11.600000,0,42,7
2,350,21.000000,42.000000,2,0,69863866,1165,11.600000,1165,11.600000,0,42,7
2,350,21.000000,42.000000,2,0,69863869,1165,11.600000,1165,11.600000,0,42,7
2,350,21.000000,42.000000,2,0,69863872,1165,11.600000,1165,11.600000,0,42,7
2,350,21.000000,42.000000,2,0,69863875,1164,11.600000,1164,11.600000,0,42,7
2,350,21.000000,42.000000,2,0,69863878,1164,10.600000,1164,10.600000,0,42,7
2,350,21.000000,42.000000,2,0,69863880,1164,9.600000,1164,9.600000,0,42,7
2,350,21.000000,42.000000,2,0,69863883,1164,9.600000,1164,9.600000,0,42,7
2,350,21.000000,42.000000,2,0,69863886,1164,9.600000,1164,9.600000,0,42,7
2,350,21.000000,42.000000,2,0,69863889,1164,9.600000,1164,9.600000,0,42,7
2,350,21.000000,42.000000,2,0,69863891,1164,9.600000,1164,9.600000,0,42,7
2,350,21.000000,42.000000,2,0,69863894,1164,9.600000,1164,9.600000,0,42,7
2,350,21.000000,42.000000,2,0,69863897,1164,9.600000,1164,9.600000,0,42,7
2,350,21.000000,42.000000,2,0,69863900,1164,9.600000,1164,9.600000,0,42,7
2,350,21.000000,42.000000,2,0,69863903,1164,9.600000,1164,9.600000,0,42,7
2,350,21.000000,42.000000,2,0,69863905,1164,9.600000,1164,9.600000,0,42,7
2,350,21.000000,42.000000,2,0,69863908,1164,9.600000,1164,9.600000,0,42,7
2,350,21.000000,42.000000,2,0,69863911,1164,9.600000,1164,9.600000,0,42,7
2,350,21.000000,42.000000,2,0,69863914,1164,9.600000,1164,9.600000,0,42,7
2,350,21.000000,42.000000,2,0,69863916,1164,9.600000,1164,9.600000,0,42,7
2,350,21.000000,42.000000,2,0,69863919,1164,9.600000,1164,9.600000,0,42,7
2,350,21.000000,42.000000,2,0,69863922,1164,9.600000,1164,9.600000,0,42,7
2,350,21.000000,42.000000,2,0,69863925,1164,9.600000,1164,9.600000,0,42,7
2,350,21.000000,42.000000,2,0,69863928,1164,9.600000,1164,9.600000,0,42,7
2,350,21.000000,42.000000,2,0,69863930,1164,9.600000,1164,9.600000,0,42,7
2,350,21.000000,42.000000,2,0,69863933,1164,9.600000,1164,9.600000,0,42,7
2,350,21.000000,42.000000,2,0,69863936,1164,9.600000,1164,9.600000,0,42,7
2,350,21.000000,42.000000,2,0,69863939,1164,9.600000,1164,9.600000,0,42,7
2,350,21.000000,42.000000,2,0,69863941,1164,9.600000,1164,9.600000,0,42,7
2,350,21.000000,42.000000,2,0,69863944,1163,9.600000,1163,9.600000,0,42,7
2,350,21.000000,42.000000,2,0,69863947,1162,9.600000,1162,9.600000,0,42,7
2,350,21.000000,42.000000,2,0,69863950,1162,9.600000,1162,9.600000,0,42,7
2,350,21.000000,42.000000,2,0,69863953,1162,9.600000,1162,9.600000,0,42,7
2,350,21.000000,42.000000,2,0,69863955,1161,9.600000,1161,9.600000,0,42,7
2,350,21.000000,42.000000,2,0,69863958,1161,9.600000,1161,9.600000,0,42,7
2,350,21.000000,42.000000,2,0,69863961,1160,9.600000,1160,9.600000,0,42,7
2,350,21.000000,42.000000,2,0,69863964,1158,9.600000,1158,9.600000,0,42,7
2,350,21.000000,42.000000,2,0,69863966,1157,9.600000,1157,9.600000,0,42,7
2,350,21.000000,42.000000,2,0,69863969,1156,9.600000,1156,9.600000,0,42,7
2,350,21.000000,42.000000,2,0,69863972,1155,9.600000,1155,9.600000,0,42,7
2,350,21.000000,42.000000,2,0,69863975,1153,9.600000,1153,9.600000,0,42,7
2,350,21.000000,42.000000,2,0,69863978,1152,9.600000,1152,9.600000,0,42,7
2,350,21.000000,42.000000,2,0,69863980,1151,9.600000,1151,9.600000,0,42,7
2,350,21.000000,42.000000,2,0,69863983,1149,9.600000,1149,9.600000,0,42,7
2,350,21.000000,42.000000,2,0,69863986,1147,9.600000,1147,9.600000,0,42,7
2,350,21.000000,42.000000,2,0,69863989,1146,9.600000,1146,9.600000,0,42,7
2,350,21.000000,42.000000,2,0,69863992,1145,9.600000,1145,9.600000,0,42,7
2,350,21.000000,42.000000,2,0,69863995,1144,9.600000,1144,9.600000,0,42,7
2,350,21.000000,42.000000,2,0,69863997,1143,9.600000,1143,9.600000,0,42,7
2,350,21.000000,42.000000,2,0,69864000,1142,9.600000,1142,9.600000,0,42,7
2,350,21.000000,42.000000,2,0,69864003,1141,9.600000,1141,9.600000,0,42,7
2,350,21.000000,42.000000,2,0,69864006,1140,9.600000,1140,9.600000,0,42,7
2,350,21.000000,42.000000,2,0,69864008,1139,9.600000,1139,9.600000,0,42,7
2,350,21.000000,42.000000,2,0,69864011,1138,9.600000,1138,9.600000,0,42,7
2,350,21.000000,42.000000,2,0,69864014,1137,9.600000,1137,9.600000,0,42,7
2,350,21.000000,42.000000,2,0,69864017,1136,9.600000,1136,9.600000,0,42,7
2,350,21.000000,42.000000,2,0,69864020,1135,9.600000,1135,9.600000,0,42,7
2,350,21.000000,42.000000,2,0,69864022,1134,9.600000,1134,9.600000,0,42,7
2,350,21.000000,42.000000,2,0,69864025,1133,9.600000,1133,9.600000,0,42,7
2,350,21.000000,42.000000,2,0,69864028,1132,9.600000,1132,9.600000,0,42,7
2,350,21.000000,42.000000,2,0,69864031,1132,9.600000,1132,9.600000,0,42,7
2,350,21.000000,42.000000,2,0,69864033,1132,9.600000,1132,9.600000,0,42,7
2,350,21.000000,42.000000,2,0,69864036,1132,9.600000,1132,9.600000,0,42,7
2,350,21.000000,42.000000,2,0,69864039,1132,9.600000,1132,9.600000,0,42,7
2,350,21.000000,42.000000,2,0,69864042,1132,9.600000,1132,9.600000,0,42,7
2,350,21.000000,42.000000,2,0,69864045,1132,9.600000,1132,9.600000,0,42,7
2,350,21.000000,42.000000,2,0,69864047,1132,9.600000,1132,9.600000,0,42,7
2,350,21.000000,42.000000,2,0,69864050,1132,9.600000,1132,9.600000,0,42,7
2,350,21.000000,42.000000,2,0,69864053,1132,9.600000,1132,9.600000,0,42,7
2,350,21.000000,42.000000,2,0,69864056,1131,9.600000,1131,9.600000,0,42,7
2,350,21.000000,42.000000,2,0,69864058,1130,9.600000,1130,9.600000,0,42,7
2,350,21.000000,42.000000,2,0,69864061,1130,9.600000,1130,9.600000,0,42,7
2,350,21.000000,42.000000,2,0,69864064,1129,9.600000,1129,9.600000,0,42,7
2,350,21.000000,42.000000,2,0,69864067,1128,9.600000,1128,9.600000,0,42,7
2,350,21.000000,42.000000,2,0,69864070,1128,9.600000,1128,9.600000,0,42,7
2,350,21.000000,42.000000,2,0,69864072,1128,9.600000,1128,9.600000,0,42,7
2,350,21.000000,42.000000,2,0,69864075,1128,9.600000,1128,9.600000,0,42,7
2,350,21.000000,42.000000,2,0,69864078,1127,9.600000,1127,9.600000,0,42,7
2,350,21.000000,42.000000,2,0,69864081,1126,9.600000,1126,9.600000,0,42,7
2,350,21.000000,42.000000,2,0,69864083,1126,9.600000,1126,9.600000,0,42,7
2,350,21.000000,42.000000,2,0,69864086,1126,9.600000,1126,9.600000,0,42,7
2,350,21.000000,42.000000,2,0,69864089,1126,9.600000,1126,9.600000,0,42,7
2,350,21.000000,42.000000,2,0,69864092,1126,9.600000,1126,9.600000,0,42,7
2,350,21.000000,42.000000,2,0,69864094,1126,9.600000,1126,9.600000,0,42,7
2,350,21.000000,42.000000,2,0,69864097,1126,9.600000,1126,9.600000,0,42,7
2,350,21.000000,42.000000,2,0,69864100,1126,9.600000,1126,9.600000,0,42,7
2,350,21.000000,42.000000,2,0,69864103,1126,9.600000,1126,9.600000,0,42,7
2,350,21.000000,42.000000,2,0,69864105,1126,9.600000,1126,9.600000,0,42,7
2,350,21.000000,42.000000,2,0,69864108,1126,9.600000,1126,9.600000,0,42,7
2,350,21.000000,42.000000,2,0,69864111,1126,9.600000,1126,9.600000,0,42,7
2,350,21.000000,42.000000,2,0,69864114,1126,9.600000,1126,9.600000,0,42,7
2,350,21.000000,42.000000,2,0,69864117,1126,9.600000,1126,9.600000,0,42,7
2,350,21.000000,42.000000,2,0,69864120,1126,9.600000,1126,9.600000,0,42,7
2,350,21.000000,42.000000,2,0,69864122,1126,9.600000,1126,9.600000,0,42,7
2,350,21.000000,42.000000,2,0,69864125,1126,9.600000,1126,9.600000,0,42,7
2,350,21.000000,42.000000,2,0,69864128,1126,8.600000,1126,8.600000,0,42,7
2,350,21.000000,42.000000,2,0,69864131,1126,7.600000,1126,7.600000,0,42,7
2,350,21.000000,42.000000,2,0,69864143,1126,7.600000,1126,7.600000,0,42,7
