2,700,80.500000,42.000000,2,0,69971981,612,0,612,0,0,49,9
2,700,80.500000,42.000000,2,0,69971982,612,0,612,0,0,49,9
2,700,80.500000,42.000000,2,0,69971984,612,0,612,0,0,49,9
2,700,80.500000,42.000000,2,0,69971987,612,0,612,0,0,49,9
2,700,80.500000,42.000000,2,0,69971990,612,0,612,0,0,49,9
2,700,80.500000,42.000000,2,0,69971993,612,0,612,0,0,49,9
2,700,80.500000,42.000000,2,0,69971995,612,0,612,0,0,49,9
2,700,80.500000,42.000000,2,0,69971998,612,0,612,0,0,49,9
2,700,80.500000,42.000000,2,0,69972001,612,0,612,0,0,49,9
2,700,80.500000,42.000000,2,0,69972004,612,0,612,0,0,49,9
2,700,80.500000,42.000000,2,0,69972007,612,0,612,0,0,49,9
2,700,80.500000,42.000000,2,0,69972009,612,0,612,0,0,49,9
2,700,80.500000,42.000000,2,0,69972012,612,0,612,0,0,49,9
2,700,80.500000,42.000000,2,0,69972015,612,0,612,0,0,49,9
2,700,80.500000,42.000000,2,0,69972018,612,0,612,0,0,49,9
2,700,80.500000,42.000000,2,0,69972020,612,0,612,0,0,49,9
2,700,80.500000,42.000000,2,0,69972023,612,0,612,0,0,49,9
2,700,80.500000,42.000000,2,0,69972026,612,0,612,0,0,49,9
2,700,80.500000,42.000000,2,0,69972028,612,0,612,0,0,49,9
2,700,80.500000,42.000000,2,0,69972031,612,0,612,0,0,49,9
2,700,80.500000,42.000000,2,0,69972034,612,0,612,0,0,49,9
2,700,80.500000,42.000000,2,0,69972037,612,0,612,0,0,49,9
2,700,80.500000,42.000000,2,0,69972040,612,0,612,0,0,49,9
2,700,80.500000,42.000000,2,0,69972042,612,0,612,0,0,49,9
2,700,80.500000,42.000000,2,0,69972045,612,0,612,0,0,49,9
2,700,80.500000,42.000000,2,0,69972048,612,0,612,0,0,49,9
2,700,80.500000,42.000000,2,0,69972051,612,0,612,0,0,49,9
2,700,80.500000,42.000000,2,0,69972053,612,0,612,0,0,49,9
2,700,80.500000,42.000000,2,0,69972057,612,0,612,0,0,49,9
2,700,80.500000,42.000000,2,0,69972059,612,0,612,0,0,49,9
2,700,80.500000,42.000000,2,0,69972062,612,0,612,0,0,49,9
2,700,80.500000,42.000000,2,0,69972065,612,0,612,0,0,49,9
2,700,80.500000,42.000000,2,0,69972068,613,0,613,-1,0,49,9
2,700,80.500000,42.000000,2,0,69972070,614,0,614,-1,0,49,9
2,700,80.500000,42.000000,2,0,69972073,615,0,615,-1,0,49,9
2,700,80.500000,42.000000,2,0,69972076,617,0,617,-1,0,49,9
2,700,80.500000,42.000000,2,0,69972079,618,0,618,-1,0,49,9
2,700,80.500000,42.000000,2,0,69972081,620,0,620,-1,0,49,9
2,700,80.500000,42.000000,2,0,69972084,623,1,623,0,0,49,9
2,700,80.500000,42.000000,2,0,69972087,624,2,624,1,0,49,9
2,700,80.500000,42.000000,2,0,69972090,629,4,629,3,0,49,9
2,700,80.500000,42.000000,2,0,69972093,633,6,633,5,0,49,9
2,700,80.500000,42.000000,2,0,69972096,639,8,639,7,0,49,9
2,700,80.500000,42.000000,2,0,69972098,645,11,645,10,0,49,9
2,700,80.500000,42.000000,2,0,69972101,647,14,647,13,0,49,9
2,700,80.500000,42.000000,2,0,69972104,652,15,652,14,0,49,9
2,700,80.500000,42.000000,2,0,69972107,659,20,659,19,0,49,9
2,700,80.500000,42.000000,2,0,69972110,666,23,666,22,0,49,9
2,700,80.500000,42.000000,2,0,69972112,673,28,673,27,0,49,9
2,700,80.500000,42.000000,2,0,69972115,680,29,680,28,0,49,9
2,700,80.500000,42.000000,2,0,69972118,691,32,691,31,0,49,9
2,700,80.500000,42.000000,2,0,69972120,700,35,700,34,0,49,9
2,700,80.500000,42.000000,2,0,69972123,711,38,711,37,0,49,9
2,700,80.500000,42.000000,2,0,69972126,722,43,722,42,0,49,9
2,700,80.500000,42.000000,2,0,69972129,733,47,733,46,0,49,9
2,700,80.500000,42.000000,2,0,69972131,744,51,744,50,0,49,9
2,700,80.500000,42.000000,2,0,69972134,757,54,757,53,0,49,9
2,700,80.500000,42.000000,2,0,69972137,770,56,770,55,0,49,9
2,700,80.500000,42.000000,2,0,69972140,786,59,786,58,0,49,9
2,700,80.500000,42.000000,2,0,69972143,801,61,801,60,0,49,9
2,700,80.500000,42.000000,2,0,69972145,820,65,820,64,0,49,9
2,700,80.500000,42.000000,2,0,69972148,840,67,840,66,0,49,9
2,700,80.500000,42.000000,2,0,69972151,861,71,861,70,0,49,9
2,700,80.500000,42.000000,2,0,69972154,883,72,883,71,0,49,9
2,700,80.500000,42.000000,2,0,69972156,901,75,901,74,0,49,9
2,700,80.500000,42.000000,2,0,69972160,923,75,923,74,0,49,9
2,700,80.500000,42.000000,2,0,69972162,945,75,945,74,0,49,9
2,700,80.500000,42.000000,2,0,69972165,965,76,965,75,0,49,9
2,700,80.500000,42.000000,2,0,69972168,985,76,985,75,0,49,9
2,700,80.500000,42.000000,2,0,69972170,1007,77,1007,76,0,49,9
2,700,80.500000,42.000000,2,0,69972173,1024,77,1024,76,0,49,9
2,700,80.500000,42.000000,2,0,69972176,1046,78,1046,77,0,49,9
2,700,80.500000,42.000000,2,0,69972179,1063,78,1063,77,0,49,9
2,700,80.500000,42.000000,2,0,69972181,1080,78,1080,77,0,49,9
2,700,80.500000,42.000000,2,0,69972184,1097,80,1097,79,0,49,9
2,700,80.500000,42.000000,2,0,69972187,1113,80,1113,79,0,49,9
2,700,80.500000,42.000000,2,0,69972190,1125,79,1125,78,0,49,9
2,700,80.500000,42.000000,2,0,69972193,1142,77,1142,76,0,49,9
2,700,80.500000,42.000000,2,0,69972195,1152,76,1152,75,0,49,9
2,700,80.500000,42.000000,2,0,69972198,1166,76,1166,75,0,49,9
2,700,80.500000,42.000000,2,0,69972201,1176,75,1176,74,0,49,9
2,700,80.500000,42.000000,2,0,69972204,1184,72,1184,71,0,49,9
2,700,80.500000,42.000000,2,0,69972206,1192,69,1192,68,0,49,9
2,700,80.500000,42.000000,2,0,69972209,1199,68,1199,67,0,49,9
2,700,80.500000,42.000000,2,0,69972212,1206,65,1206,64,0,49,9
2,700,80.500000,42.000000,2,0,69972215,1211,63,1211,62,0,49,9
2,700,80.500000,42.000000,2,0,69972218,1216,60,1216,59,0,49,9
2,700,80.500000,42.000000,2,0,69972220,1220,58,1220,57,0,49,9
2,700,80.500000,42.000000,2,0,69972223,1222,54,1222,53,0,49,9
2,700,80.500000,42.000000,2,0,69972226,1224,53,1224,52,0,49,9
2,700,80.500000,42.000000,2,0,69972229,1227,51,1227,50,0,49,9
2,700,80.500000,42.000000,2,0,69972232,1229,48,1229,47,0,49,9
2,700,80.500000,42.000000,2,0,69972235,1231,47,1231,46,0,49,9
2,700,80.500000,42.000000,2,0,69972237,1232,45,1232,44,0,49,9
2,700,80.500000,42.000000,2,0,69972240,1234,43,1234,42,0,49,9
2,700,80.500000,42.000000,2,0,69972243,1234,41,1234,40,0,49,9
2,700,80.500000,42.000000,2,0,69972245,1234,40,1234,39,0,49,9
2,700,80.500000,42.000000,2,0,69972248,1236,39,1236,38,0,49,9
2,700,80.500000,42.000000,2,0,69972251,1237,37,1237,36,0,49,9
2,700,80.500000,42.000000,2,0,69972254,1238,36,1238,35,0,49,9
2,700,80.500000,42.000000,2,0,69972257,1239,35,1239,34,0,49,9
2,700,80.500000,42.000000,2,0,69972260,1240,34,1240,33,0,49,9
2,700,80.500000,42.000000,2,0,69972262,1241,32,1241,31,0,49,9
2,700,80.500000,42.000000,2,0,69972265,1244,31,1244,30,0,49,9
2,700,80.500000,42.000000,2,0,69972268,1246,30,1246,29,0,49,9
2,700,80.500000,42.000000,2,0,69972271,1248,28,1248,27,0,49,9
2,700,80.500000,42.000000,2,0,69972273,1250,27,1250,26,0,49,9
2,700,80.500000,42.000000,2,0,69972276,1252,25,1252,24,0,49,9
2,700,80.500000,42.000000,2,0,69972279,1254,25,1254,24,0,49,9
2,700,80.500000,42.000000,2,0,69972282,1257,25,1257,24,0,49,9
2,700,80.500000,42.000000,2,0,69972284,1259,24,1259,23,0,49,9
2,700,80.500000,42.000000,2,0,69972287,1262,23,1262,22,0,49,9
2,700,80.500000,42.000000,2,0,69972290,1263,22,1263,21,0,49,9
2,700,80.500000,42.000000,2,0,69972293,1266,21,1266,20,0,49,9
2,700,80.500000,42.000000,2,0,69972295,1268,19,1268,18,0,49,9
2,700,80.500000,42.000000,2,0,69972298,1269,18,1269,17,0,49,9
2,700,80.500000,42.000000,2,0,69972301,1271,18,1271,17,0,49,9
2,700,80.500000,42.000000,2,0,69972304,1274,17,1274,16,0,49,9
2,700,80.500000,42.000000,2,0,69972307,1277,16,1277,15,0,49,9
2,700,80.500000,42.000000,2,0,69972309,1277,15,1277,14,0,49,9
2,700,80.500000,42.000000,2,0,69972312,1277,14,1277,13,0,49,9
2,700,80.500000,42.000000,2,0,69972315,1278,14,1278,13,0,49,9
2,700,80.500000,42.000000,2,0,69972318,1279,14,1279,13,0,49,9
2,700,80.500000,42.000000,2,0,69972321,1279,14,1279,13,0,49,9
2,700,80.500000,42.000000,2,0,69972324,1279,13,1279,12,0,49,9
2,700,80.500000,42.000000,2,0,69972326,1279,12,1279,11,0,49,9
2,700,80.500000,42.000000,2,0,69972329,1279,12,1279,11,0,49,9
2,700,80.500000,42.000000,2,0,69972332,1279,12,1279,11,0,49,9
2,700,80.500000,42.000000,2,0,69972334,1279,11,1279,10,0,49,9
2,700,80.500000,42.000000,2,0,69972337,1279,10,1279,9,0,49,9
2,700,80.500000,42.000000,2,0,69972340,1279,10,1279,9,0,49,9
2,700,80.500000,42.000000,2,0,69972343,1279,10,1279,9,0,49,9
2,700,80.500000,42.000000,2,0,69972345,1279,10,1279,9,0,49,9
2,700,80.500000,42.000000,2,0,69972348,1279,10,1279,9,0,49,9
2,700,80.500000,42.000000,2,0,69972351,1279,9,1279,8,0,49,9
2,700,80.500000,42.000000,2,0,69972354,1280,8,1280,7,0,49,9
2,700,80.500000,42.000000,2,0,69972357,1280,8,1280,7,0,49,9
2,700,80.500000,42.000000,2,0,69972359,1280,7,1280,6,0,49,9
2,700,80.500000,42.000000,2,0,69972362,1280,6,1280,5,0,49,9
2,700,80.500000,42.000000,2,0,69972365,1280,6,1280,5,0,49,9
2,700,80.500000,42.000000,2,0,69972368,1280,6,1280,5,0,49,9
2,700,80.500000,42.000000,2,0,69972370,1280,6,1280,5,0,49,9
2,700,80.500000,42.000000,2,0,69972373,1280,6,1280,5,0,49,9
2,700,80.500000,42.000000,2,0,69972376,1280,6,1280,5,0,49,9
2,700,80.500000,42.000000,2,0,69972379,1280,6,1280,5,0,49,9
2,700,80.500000,42.000000,2,0,69972382,1281,6,1281,5,0,49,9
2,700,80.500000,42.000000,2,0,69972384,1282,6,1282,5,0,49,9
2,700,80.500000,42.000000,2,0,69972387,1282,6,1282,5,0,49,9
2,700,80.500000,42.000000,2,0,69972390,1282,6,1282,5,0,49,9
2,700,80.500000,42.000000,2,0,69972393,1282,6,1282,5,0,49,9
2,700,80.500000,42.000000,2,0,69972396,1283,5,1283,4,0,49,9
2,700,80.500000,42.000000,2,0,69972398,1284,4,1284,3,0,49,9
2,700,80.500000,42.000000,2,0,69972401,1285,4,1285,3,0,49,9
2,700,80.500000,42.000000,2,0,69972404,1286,3,1286,2,0,49,9
2,700,80.500000,42.000000,2,0,69972407,1287,2,1287,1,0,49,9
2,700,80.500000,42.000000,2,0,69972410,1287,2,1287,1,0,49,9
2,700,80.500000,42.000000,2,0,69972412,1287,1,1287,0,0,49,9
2,700,80.500000,42.000000,2,0,69972415,1287,0,1287,-1,0,49,9
2,700,80.500000,42.000000,2,0,69972418,1287,0,1287,-1,0,49,9
2,700,80.500000,42.000000,2,0,69972421,1288,0,1288,-2,0,49,9
2,700,80.500000,42.000000,2,0,69972424,1289,0,1289,-3,0,49,9
2,700,80.500000,42.000000,2,0,69972426,1289,0,1289,-3,0,49,9
2,700,80.500000,42.000000,2,0,69972429,1289,0,1289,-3,0,49,9
2,700,80.500000,42.000000,2,0,69972432,1290,0,1290,-4,0,49,9
2,700,80.500000,42.000000,2,0,69972435,1290,0,1290,-4,0,49,9
2,700,80.500000,42.000000,2,0,69972438,1290,0,1290,-4,0,49,9
2,700,80.500000,42.000000,2,0,69972440,1290,0,1290,-4,0,49,9
2,700,80.500000,42.000000,2,0,69972443,1290,0,1290,-4,0,49,9
2,700,80.500000,42.000000,2,0,69972446,1290,0,1290,-4,0,49,9
2,700,80.500000,42.000000,2,0,69972449,1290,0,1290,-4,0,49,9
2,700,80.500000,42.000000,2,0,69972451,1290,0,1290,-4,0,49,9
2,700,80.500000,42.000000,2,0,69972454,1290,0,1290,-4,0,49,9
2,700,80.500000,42.000000,2,0,69972457,1290,0,1290,-4,0,49,9
2,700,80.500000,42.000000,2,0,69972460,1290,0,1290,-4,0,49,9
2,700,80.500000,42.000000,2,0,69972462,1290,0,1290,-4,0,49,9
2,700,80.500000,42.000000,2,0,69972465,1290,0,1290,-4,0,49,9
2,700,80.500000,42.000000,2,0,69972468,1290,0,1290,-5,0,49,9
2,700,80.500000,42.000000,2,0,69972471,1290,0,1290,-5,0,49,9
2,700,80.500000,42.000000,2,0,69972474,1290,0,1290,-5,0,49,9
2,700,80.500000,42.000000,2,0,69972476,1290,0,1290,-5,0,49,9
2,700,80.500000,42.000000,2,0,69972479,1291,0,1291,-5,0,49,9
2,700,80.500000,42.000000,2,0,69972482,1292,0,1292,-5,0,49,9
2,700,80.500000,42.000000,2,0,69972485,1293,0,1293,-5,0,49,9
2,700,80.500000,42.000000,2,0,69972487,1294,0,1294,-5,0,49,9
2,700,80.500000,42.000000,2,0,69972490,1294,0,1294,-5,0,49,9
2,700,80.500000,42.000000,2,0,69972493,1294,0,1294,-5,0,49,9
2,700,80.500000,42.000000,2,0,69972496,1294,0,1294,-5,0,49,9
2,700,80.500000,42.000000,2,0,69972499,1294,0,1294,-5,0,49,9
2,700,80.500000,42.000000,2,0,69972501,1294,0,1294,-5,0,49,9
2,700,80.500000,42.000000,2,0,69972504,1294,0,1294,-5,0,49,9
2,700,80.500000,42.000000,2,0,69972507,1294,0,1294,-5,0,49,9
2,700,80.500000,42.000000,2,0,69972510,1294,0,1294,-5,0,49,9
2,700,80.500000,42.000000,2,0,69972512,1294,0,1294,-5,0,49,9
2,700,80.500000,42.000000,2,0,69972515,1294,0,1294,-5,0,49,9
2,700,80.500000,42.000000,2,0,69972518,1294,0,1294,-5,0,49,9
2,700,80.500000,42.000000,2,0,69972529,1294,0,1294,-5,0,49,9
