2,700,21.000000,0.000000,2,0,69996358,614,12,614,12,0,51,4
2,700,21.000000,0.000000,2,0,69996359,614,12,614,12,0,51,4
2,700,21.000000,0.000000,2,0,69996362,614,12,614,12,0,51,4
2,700,21.000000,0.000000,2,0,69996365,614,12,614,12,0,51,4
2,700,21.000000,0.000000,2,0,69996367,614,12,614,12,0,51,4
2,700,21.000000,0.000000,2,0,69996370,614,12,614,12,0,51,4
2,700,21.000000,0.000000,2,0,69996373,614,12,614,12,0,51,4
2,700,21.000000,0.000000,2,0,69996376,614,12,614,12,0,51,4
2,700,21.000000,0.000000,2,0,69996379,614,12,614,12,0,51,4
2,700,21.000000,0.000000,2,0,69996381,614,12,614,12,0,51,4
2,700,21.000000,0.000000,2,0,69996384,614,12,614,12,0,51,4
2,700,21.000000,0.000000,2,0,69996387,614,12,614,12,0,51,4
2,700,21.000000,0.000000,2,0,69996390,614,12,614,12,0,51,4
2,700,21.000000,0.000000,2,0,69996393,614,12,614,12,0,51,4
2,700,21.000000,0.000000,2,0,69996395,614,12,614,12,0,51,4
2,700,21.000000,0.000000,2,0,69996398,614,12,614,12,0,51,4
2,700,21.000000,0.000000,2,0,69996401,614,12,614,12,0,51,4
2,700,21.000000,0.000000,2,0,69996404,614,12,614,12,0,51,4
2,700,21.000000,0.000000,2,0,69996407,614,12,614,12,0,51,4
2,700,21.000000,0.000000,2,0,69996409,614,12,614,12,0,51,4
2,700,21.000000,0.000000,2,0,69996412,614,12,614,12,0,51,4
2,700,21.000000,0.000000,2,0,69996415,614,12,614,12,0,51,4
2,700,21.000000,0.000000,2,0,69996418,614,12,614,12,0,51,4
2,700,21.000000,0.000000,2,0,69996420,614,12,614,12,0,51,4
2,700,21.000000,0.000000,2,0,69996423,614,12,614,12,0,51,4
2,700,21.000000,0.000000,2,0,69996426,614,12,614,12,0,51,4
2,700,21.000000,0.000000,2,0,69996429,614,12,614,12,0,51,4
2,700,21.000000,0.000000,2,0,69996431,614,12,614,12,0,51,4
2,700,21.000000,0.000000,2,0,69996434,614,12,614,12,0,51,4
2,700,21.000000,0.000000,2,0,69996437,614,12,614,12,0,51,4
2,700,21.000000,0.000000,2,0,69996440,614,12,614,12,0,51,4
2,700,21.000000,0.000000,2,0,69996443,614,12,614,12,0,51,4
2,700,21.000000,0.000000,2,0,69996445,614,12,614,12,0,51,4
2,700,21.000000,0.000000,2,0,69996448,614,12,614,12,0,51,4
2,700,21.000000,0.000000,2,0,69996451,614,12,614,12,0,51,4
2,700,21.000000,0.000000,2,0,69996454,614,12,614,12,0,51,4
2,700,21.000000,0.000000,2,0,69996457,614,12,614,12,0,51,4
2,700,21.000000,0.000000,2,0,69996459,614,12,614,12,0,51,4
2,700,21.000000,0.000000,2,0,69996462,614,12,614,12,0,51,4
2,700,21.000000,0.000000,2,0,69996465,614,12,614,12,0,51,4
2,700,21.000000,0.000000,2,0,69996468,614,12,614,12,0,51,4
2,700,21.000000,0.000000,2,0,69996470,614,12,614,12,0,51,4
2,700,21.000000,0.000000,2,0,69996473,614,12,614,12,0,51,4
2,700,21.000000,0.000000,2,0,69996476,614,12,614,12,0,51,4
2,700,21.000000,0.000000,2,0,69996479,614,12,614,12,0,51,4
2,700,21.000000,0.000000,2,0,69996482,616,13,616,13,0,51,4
2,700,21.000000,0.000000,2,0,69996484,617,13,617,13,0,51,4
2,700,21.000000,0.000000,2,0,69996487,618,13,618,13,0,51,4
2,700,21.000000,0.000000,2,0,69996490,619,13,619,13,0,51,4
2,700,21.000000,0.000000,2,0,69996493,622,13,622,13,0,51,4
2,700,21.000000,0.000000,2,0,69996495,624,13,624,13,0,51,4
2,700,21.000000,0.000000,2,0,69996498,628,13,628,13,0,51,4
2,700,21.000000,0.000000,2,0,69996501,633,13,633,13,0,51,4
2,700,21.000000,0.000000,2,0,69996504,638,13,638,13,0,51,4
2,700,21.000000,0.000000,2,0,69996507,645,13,645,13,0,51,4
2,700,21.000000,0.000000,2,0,69996509,665,13,665,13,0,51,4
2,700,21.000000,0.000000,2,0,69996512,676,14,676,14,0,51,4
2,700,21.000000,0.000000,2,0,69996515,685,15,685,15,0,51,4
2,700,21.000000,0.000000,2,0,69996518,699,17,699,17,0,51,4
2,700,21.000000,0.000000,2,0,69996520,713,18,713,18,0,51,4
2,700,21.000000,0.000000,2,0,69996523,729,19,729,19,0,51,4
2,700,21.000000,0.000000,2,0,69996526,744,20,744,20,0,51,4
2,700,21.000000,0.000000,2,0,69996529,761,21,761,21,0,51,4
2,700,21.000000,0.000000,2,0,69996531,774,21,774,21,0,51,4
2,700,21.000000,0.000000,2,0,69996534,795,24,795,24,0,51,4
2,700,21.000000,0.000000,2,0,69996537,811,26,811,26,0,51,4
2,700,21.000000,0.000000,2,0,69996540,834,32,834,32,0,51,4
2,700,21.000000,0.000000,2,0,69996542,849,33,849,33,0,51,4
2,700,21.000000,0.000000,2,0,69996545,866,35,866,35,0,51,4
2,700,21.000000,0.000000,2,0,69996548,883,40,883,40,0,51,4
2,700,21.000000,0.000000,2,0,69996551,900,41,900,41,0,51,4
2,700,21.000000,0.000000,2,0,69996554,914,44,914,44,0,51,4
2,700,21.000000,0.000000,2,0,69996556,926,46,926,46,0,51,4
2,700,21.000000,0.000000,2,0,69996559,939,49,939,49,0,51,4
2,700,21.000000,0.000000,2,0,69996562,952,50,952,50,0,51,4
2,700,21.000000,0.000000,2,0,69996565,968,54,968,54,0,51,4
2,700,21.000000,0.000000,2,0,69996567,978,56,978,56,0,51,4
2,700,21.000000,0.000000,2,0,69996570,988,58,988,58,0,51,4
2,700,21.000000,0.000000,2,0,69996573,1000,62,1000,62,0,51,4
2,700,21.000000,0.000000,2,0,69996576,1007,65,1007,65,0,51,4
2,700,21.000000,0.000000,2,0,69996579,1015,66,1015,66,0,51,4
2,700,21.000000,0.000000,2,0,69996581,1023,68,1023,68,0,51,4
2,700,21.000000,0.000000,2,0,69996584,1030,68,1030,68,0,51,4
2,700,21.000000,0.000000,2,0,69996587,1038,68,1038,68,0,51,4
2,700,21.000000,0.000000,2,0,69996590,1043,68,1043,68,0,51,4
2,700,21.000000,0.000000,2,0,69996593,1051,68,1051,68,0,51,4
2,700,21.000000,0.000000,2,0,69996596,1058,68,1058,68,0,51,4
2,700,21.000000,0.000000,2,0,69996599,1062,68,1062,68,0,51,4
2,700,21.000000,0.000000,2,0,69996601,1067,67,1067,67,0,51,4
2,700,21.000000,0.000000,2,0,69996605,1072,67,1072,67,0,51,4
2,700,21.000000,0.000000,2,0,69996608,1080,65,1080,65,0,51,4
2,700,21.000000,0.000000,2,0,69996610,1085,64,1085,64,0,51,4
2,700,21.000000,0.000000,2,0,69996613,1089,63,1089,63,0,51,4
2,700,21.000000,0.000000,2,0,69996616,1095,61,1095,61,0,51,4
2,700,21.000000,0.000000,2,0,69996618,1099,61,1099,61,0,51,4
2,700,21.000000,0.000000,2,0,69996621,1099,61,1099,61,0,51,4
2,700,21.000000,0.000000,2,0,69996624,1104,59,1104,59,0,51,4
2,700,21.000000,0.000000,2,0,69996627,1108,58,1108,58,0,51,4
2,700,21.000000,0.000000,2,0,69996630,1110,57,1110,57,0,51,4
2,700,21.000000,0.000000,2,0,69996634,1115,57,1115,57,0,51,4
2,700,21.000000,0.000000,2,0,69996637,1118,56,1118,56,0,51,4
2,700,21.000000,0.000000,2,0,69996640,1121,55,1121,55,0,51,4
2,700,21.000000,0.000000,2,0,69996643,1124,53,1124,53,0,51,4
2,700,21.000000,0.000000,2,0,69996646,1124,51,1124,51,0,51,4
2,700,21.000000,0.000000,2,0,69996648,1128,51,1128,51,0,51,4
2,700,21.000000,0.000000,2,0,69996651,1131,51,1131,51,0,51,4
2,700,21.000000,0.000000,2,0,69996654,1132,49,1132,49,0,51,4
2,700,21.000000,0.000000,2,0,69996657,1133,49,1133,49,0,51,4
2,700,21.000000,0.000000,2,0,69996659,1133,48,1133,48,0,51,4
2,700,21.000000,0.000000,2,0,69996662,1135,47,1135,47,0,51,4
2,700,21.000000,0.000000,2,0,69996665,1137,47,1137,47,0,51,4
2,700,21.000000,0.000000,2,0,69996668,1137,45,1137,45,0,51,4
2,700,21.000000,0.000000,2,0,69996670,1140,44,1140,44,0,51,4
2,700,21.000000,0.000000,2,0,69996673,1143,41,1143,41,0,51,4
2,700,21.000000,0.000000,2,0,69996676,1144,40,1144,40,0,51,4
2,700,21.000000,0.000000,2,0,69996679,1146,37,1146,37,0,51,4
2,700,21.000000,0.000000,2,0,69996682,1147,35,1147,35,0,51,4
2,700,21.000000,0.000000,2,0,69996685,1147,33,1147,33,0,51,4
2,700,21.000000,0.000000,2,0,69996687,1150,29,1150,29,0,51,4
2,700,21.000000,0.000000,2,0,69996690,1152,26,1152,26,0,51,4
2,700,21.000000,0.000000,2,0,69996693,1152,24,1152,24,0,51,4
2,700,21.000000,0.000000,2,0,69996696,1152,22,1152,22,0,51,4
2,700,21.000000,0.000000,2,0,69996698,1154,21,1154,21,0,51,4
2,700,21.000000,0.000000,2,0,69996701,1156,19,1156,19,0,51,4
2,700,21.000000,0.000000,2,0,69996704,1158,17,1158,17,0,51,4
2,700,21.000000,0.000000,2,0,69996707,1162,15,1162,15,0,51,4
2,700,21.000000,0.000000,2,0,69996709,1166,14,1166,14,0,51,4
2,700,21.000000,0.000000,2,0,69996712,1170,13,1170,13,0,51,4
2,700,21.000000,0.000000,2,0,69996715,1170,10,1175,10,0,51,4
2,700,21.000000,0.000000,2,0,69996718,1170,8,1179,8,0,51,4
2,700,21.000000,0.000000,2,0,69996721,1170,7,1183,7,0,51,4
2,700,21.000000,0.000000,2,0,69996723,1170,6,1188,6,0,51,4
2,700,21.000000,0.000000,2,0,69996726,1170,4,1190,4,0,51,4
2,700,21.000000,0.000000,2,0,69996729,1170,4,1193,4,0,51,4
2,700,21.000000,0.000000,2,0,69996732,1170,3,1195,3,0,51,4
2,700,21.000000,0.000000,2,0,69996734,1170,3,1197,3,0,51,4
2,700,21.000000,0.000000,2,0,69996737,1170,2,1201,2,0,51,4
2,700,21.000000,0.000000,2,0,69996740,1170,2,1203,2,0,51,4
2,700,21.000000,0.000000,2,0,69996743,1170,2,1205,2,0,51,4
2,700,21.000000,0.000000,2,0,69996745,1170,2,1206,2,0,51,4
2,700,21.000000,0.000000,2,0,69996748,1170,2,1207,2,0,51,4
2,700,21.000000,0.000000,2,0,69996751,1170,2,1210,2,0,51,4
2,700,21.000000,0.000000,2,0,69996754,1170,2,1213,2,0,51,4
2,700,21.000000,0.000000,2,0,69996757,1170,2,1214,2,0,51,4
2,700,21.000000,0.000000,2,0,69996759,1170,2,1216,2,0,51,4
2,700,21.000000,0.000000,2,0,69996762,1170,2,1217,2,0,51,4
2,700,21.000000,0.000000,2,0,69996765,1170,2,1218,2,0,51,4
2,700,21.000000,0.000000,2,0,69996768,1170,2,1220,2,0,51,4
2,700,21.000000,0.000000,2,0,69996771,1170,2,1222,2,0,51,4
2,700,21.000000,0.000000,2,0,69996773,1170,2,1225,2,0,51,4
2,700,21.000000,0.000000,2,0,69996776,1170,2,1228,2,0,51,4
2,700,21.000000,0.000000,2,0,69996779,1170,1,1229,1,0,51,4
2,700,21.000000,0.000000,2,0,69996782,1170,1,1230,1,0,51,4
2,700,21.000000,0.000000,2,0,69996784,1170,1,1232,1,0,51,4
2,700,21.000000,0.000000,2,0,69996787,1170,1,1233,1,0,51,4
2,700,21.000000,0.000000,2,0,69996790,1170,1,1234,1,0,51,4
2,700,21.000000,0.000000,2,0,69996793,1170,1,1236,1,0,51,4
2,700,21.000000,0.000000,2,0,69996795,1170,1,1238,1,0,51,4
2,700,21.000000,0.000000,2,0,69996798,1170,1,1240,1,0,51,4
2,700,21.000000,0.000000,2,0,69996801,1170,0,1241,0,0,51,4
2,700,21.000000,0.000000,2,0,69996804,1170,0,1244,0,0,51,4
2,700,21.000000,0.000000,2,0,69996806,1170,0,1246,0,0,51,4
2,700,21.000000,0.000000,2,0,69996809,1170,0,1249,0,0,51,4
2,700,21.000000,0.000000,2,0,69996812,1170,0,1250,0,0,51,4
2,700,21.000000,0.000000,2,0,69996815,1170,0,1255,-1,0,51,4
2,700,21.000000,0.000000,2,0,69996818,1170,0,1258,-1,0,51,4
2,700,21.000000,0.000000,2,0,69996820,1170,0,1260,-1,0,51,4
2,700,21.000000,0.000000,2,0,69996823,1170,0,1262,-1,0,51,4
2,700,21.000000,0.000000,2,0,69996826,1170,0,1265,-1,0,51,4
2,700,21.000000,0.000000,2,0,69996829,1170,0,1268,-1,0,51,4
2,700,21.000000,0.000000,2,0,69996831,1170,0,1271,-1,0,51,4
2,700,21.000000,0.000000,2,0,69996834,1170,0,1274,-1,0,51,4
2,700,21.000000,0.000000,2,0,69996837,1170,0,1278,-1,0,51,4
2,700,21.000000,0.000000,2,0,69996840,1170,0,1281,-1,0,51,4
2,700,21.000000,0.000000,2,0,69996843,1170,0,1285,-1,0,51,4
2,700,21.000000,0.000000,2,0,69996845,1170,0,1288,-1,0,51,4
2,700,21.000000,0.000000,2,0,69996848,1170,0,1292,-1,0,51,4
2,700,21.000000,0.000000,2,0,69996851,1170,0,1295,-1,0,51,4
2,700,21.000000,0.000000,2,0,69996854,1170,0,1296,-1,0,51,4
2,700,21.000000,0.000000,2,0,69996857,1170,0,1300,-1,0,51,4
2,700,21.000000,0.000000,2,0,69996859,1170,0,1302,-1,0,51,4
2,700,21.000000,0.000000,2,0,69996862,1170,0,1306,-1,0,51,4
2,700,21.000000,0.000000,2,0,69996865,1170,0,1308,-1,0,51,4
2,700,21.000000,0.000000,2,0,69996868,1170,0,1310,-1,0,51,4
2,700,21.000000,0.000000,2,0,69996871,1170,0,1313,-1,0,51,4
2,700,21.000000,0.000000,2,0,69996873,1170,0,1315,-1,0,51,4
2,700,21.000000,0.000000,2,0,69996876,1170,0,1316,-1,0,51,4
2,700,21.000000,0.000000,2,0,69996879,1170,0,1317,-1,0,51,4
2,700,21.000000,0.000000,2,0,69996882,1170,0,1318,-1,0,51,4
2,700,21.000000,0.000000,2,0,69996884,1170,0,1319,-1,0,51,4
2,700,21.000000,0.000000,2,0,69996887,1170,0,1320,-1,0,51,4
2,700,21.000000,0.000000,2,0,69996890,1170,0,1323,-1,0,51,4
2,700,21.000000,0.000000,2,0,69996893,1170,0,1324,-1,0,51,4
2,700,21.000000,0.000000,2,0,69996896,1170,0,1325,-1,0,51,4
2,700,21.000000,0.000000,2,0,69996898,1170,0,1326,-1,0,51,4
2,700,21.000000,0.000000,2,0,69996901,1170,0,1326,-1,0,51,4
2,700,21.000000,0.000000,2,0,69996904,1170,1,1327,0,0,51,4
2,700,21.000000,0.000000,2,0,69996907,1170,2,1328,1,0,51,4
2,700,21.000000,0.000000,2,0,69996909,1170,2,1329,1,0,51,4
2,700,21.000000,0.000000,2,0,69996912,1170,2,1329,1,0,51,4
2,700,21.000000,0.000000,2,0,69996915,1170,2,1330,1,0,51,4
2,700,21.000000,0.000000,2,0,69996918,1170,2,1331,1,0,51,4
2,700,21.000000,0.000000,2,0,69996921,1170,2,1331,1,0,51,4
2,700,21.000000,0.000000,2,0,69996923,1170,2,1331,1,0,51,4
2,700,21.000000,0.000000,2,0,69996926,1170,2,1331,1,0,51,4
2,700,21.000000,0.000000,2,0,69996929,1170,2,1331,1,0,51,4
2,700,21.000000,0.000000,2,0,69996932,1170,2,1332,1,0,51,4
2,700,21.000000,0.000000,2,0,69996934,1170,2,1332,1,0,51,4
2,700,21.000000,0.000000,2,0,69996937,1170,2,1333,1,0,51,4
2,700,21.000000,0.000000,2,0,69996940,1170,2,1334,1,0,51,4
2,700,21.000000,0.000000,2,0,69996943,1170,2,1336,1,0,51,4
2,700,21.000000,0.000000,2,0,69996946,1170,2,1338,1,0,51,4
2,700,21.000000,0.000000,2,0,69996949,1170,2,1339,1,0,51,4
2,700,21.000000,0.000000,2,0,69996951,1170,2,1340,1,0,51,4
2,700,21.000000,0.000000,2,0,69996954,1170,2,1343,1,0,51,4
2,700,21.000000,0.000000,2,0,69996957,1170,2,1345,1,0,51,4
2,700,21.000000,0.000000,2,0,69996960,1170,2,1349,1,0,51,4
2,700,21.000000,0.000000,2,0,69996962,1170,2,1351,1,0,51,4
2,700,21.000000,0.000000,2,0,69996965,1170,2,1354,1,0,51,4
2,700,21.000000,0.000000,2,0,69996968,1170,2,1358,1,0,51,4
2,700,21.000000,0.000000,2,0,69996971,1170,1,1363,0,0,51,4
2,700,21.000000,0.000000,2,0,69996974,1170,1,1367,0,0,51,4
2,700,21.000000,0.000000,2,0,69996976,1170,1,1371,0,0,51,4
2,700,21.000000,0.000000,2,0,69996979,1170,1,1375,0,0,51,4
2,700,21.000000,0.000000,2,0,69996982,1170,1,1379,0,0,51,4
2,700,21.000000,0.000000,2,0,69996985,1170,1,1383,0,0,51,4
2,700,21.000000,0.000000,2,0,69996988,1170,1,1385,0,0,51,4
2,700,21.000000,0.000000,2,0,69996990,1170,2,1391,1,0,51,4
2,700,21.000000,0.000000,2,0,69996993,1170,3,1394,2,0,51,4
2,700,21.000000,0.000000,2,0,69996996,1170,3,1396,2,0,51,4
2,700,21.000000,0.000000,2,0,69996999,1170,3,1397,2,0,51,4
2,700,21.000000,0.000000,2,0,69997001,1170,3,1400,2,0,51,4
2,700,21.000000,0.000000,2,0,69997004,1170,3,1401,2,0,51,4
2,700,21.000000,0.000000,2,0,69997007,1170,3,1402,2,0,51,4
2,700,21.000000,0.000000,2,0,69997010,1170,4,1404,3,0,51,4
2,700,21.000000,0.000000,2,0,69997012,1170,5,1405,4,0,51,4
2,700,21.000000,0.000000,2,0,69997015,1170,6,1405,5,0,51,4
2,700,21.000000,0.000000,2,0,69997018,1170,7,1405,6,0,51,4
2,700,21.000000,0.000000,2,0,69997021,1170,7,1405,6,0,51,4
2,700,21.000000,0.000000,2,0,69997024,1170,9,1405,8,0,51,4
2,700,21.000000,0.000000,2,0,69997026,1170,10,1405,9,0,51,4
2,700,21.000000,0.000000,2,0,69997029,1170,11,1405,10,0,51,4
2,700,21.000000,0.000000,2,0,69997032,1170,13,1405,12,0,51,4
2,700,21.000000,0.000000,2,0,69997035,1170,15,1405,14,0,51,4
2,700,21.000000,0.000000,2,0,69997037,1170,16,1405,15,0,51,4
2,700,21.000000,0.000000,2,0,69997040,1170,17,1405,16,0,51,4
2,700,21.000000,0.000000,2,0,69997043,1170,18,1405,17,0,51,4
2,700,21.000000,0.000000,2,0,69997046,1170,20,1406,19,0,51,4
2,700,21.000000,0.000000,2,0,69997048,1171,22,1407,21,0,51,4
2,700,21.000000,0.000000,2,0,69997051,1171,24,1407,23,0,51,4
2,700,21.000000,0.000000,2,0,69997054,1172,25,1408,24,0,51,4
2,700,21.000000,0.000000,2,0,69997057,1173,26,1409,25,0,51,4
2,700,21.000000,0.000000,2,0,69997060,1173,28,1409,27,0,51,4
2,700,21.000000,0.000000,2,0,69997062,1173,29,1409,28,0,51,4
2,700,21.000000,0.000000,2,0,69997065,1174,31,1410,30,0,51,4
2,700,21.000000,0.000000,2,0,69997068,1175,32,1411,31,0,51,4
2,700,21.000000,0.000000,2,0,69997071,1175,35,1411,34,0,51,4
2,700,21.000000,0.000000,2,0,69997073,1175,38,1411,37,0,51,4
2,700,21.000000,0.000000,2,0,69997076,1175,40,1411,39,0,51,4
2,700,21.000000,0.000000,2,0,69997079,1175,43,1411,42,0,51,4
2,700,21.000000,0.000000,2,0,69997082,1175,46,1411,45,0,51,4
2,700,21.000000,0.000000,2,0,69997084,1175,49,1411,48,0,51,4
2,700,21.000000,0.000000,2,0,69997087,1175,51,1411,50,0,51,4
2,700,21.000000,0.000000,2,0,69997090,1175,54,1411,53,0,51,4
2,700,21.000000,0.000000,2,0,69997093,1174,58,1410,57,0,51,4
2,700,21.000000,0.000000,2,0,69997096,1173,59,1409,58,0,51,4
2,700,21.000000,0.000000,2,0,69997098,1169,62,1405,61,0,51,4
2,700,21.000000,0.000000,2,0,69997101,1167,64,1403,63,0,51,4
2,700,21.000000,0.000000,2,0,69997104,1166,66,1402,65,0,51,4
2,700,21.000000,0.000000,2,0,69997107,1164,69,1400,68,0,51,4
2,700,21.000000,0.000000,2,0,69997109,1161,69,1397,68,0,51,4
2,700,21.000000,0.000000,2,0,69997112,1159,72,1395,71,0,51,4
2,700,21.000000,0.000000,2,0,69997115,1156,74,1392,73,0,51,4
2,700,21.000000,0.000000,2,0,69997118,1154,75,1390,74,0,51,4
2,700,21.000000,0.000000,2,0,69997121,1152,77,1388,76,0,51,4
2,700,21.000000,0.000000,2,0,69997123,1150,78,1386,77,0,51,4
2,700,21.000000,0.000000,2,0,69997126,1148,79,1384,78,0,51,4
2,700,21.000000,0.000000,2,0,69997129,1146,81,1382,80,0,51,4
2,700,21.000000,0.000000,2,0,69997132,1144,82,1380,81,0,51,4
2,700,21.000000,0.000000,2,0,69997134,1143,83,1379,82,0,51,4
2,700,21.000000,0.000000,2,0,69997137,1142,83,1378,82,0,51,4
2,700,21.000000,0.000000,2,0,69997140,1142,84,1378,83,0,51,4
2,700,21.000000,0.000000,2,0,69997143,1141,86,1377,85,0,51,4
2,700,21.000000,0.000000,2,0,69997146,1141,87,1377,86,0,51,4
2,700,21.000000,0.000000,2,0,69997149,1140,87,1376,86,0,51,4
2,700,21.000000,0.000000,2,0,69997151,1140,88,1376,87,0,51,4
2,700,21.000000,0.000000,2,0,69997154,1140,89,1376,88,0,51,4
2,700,21.000000,0.000000,2,0,69997157,1140,89,1376,88,0,51,4
2,700,21.000000,0.000000,2,0,69997160,1140,90,1376,89,0,51,4
2,700,21.000000,0.000000,2,0,69997162,1140,91,1376,90,0,51,4
2,700,21.000000,0.000000,2,0,69997165,1140,92,1376,91,0,51,4
2,700,21.000000,0.000000,2,0,69997168,1140,92,1376,91,0,51,4
2,700,21.000000,0.000000,2,0,69997171,1140,92,1376,91,0,51,4
2,700,21.000000,0.000000,2,0,69997173,1140,92,1376,91,0,51,4
2,700,21.000000,0.000000,2,0,69997176,1140,92,1376,91,0,51,4
2,700,21.000000,0.000000,2,0,69997179,1141,92,1377,91,0,51,4
2,700,21.000000,0.000000,2,0,69997182,1142,92,1378,91,0,51,4
2,700,21.000000,0.000000,2,0,69997185,1143,92,1379,91,0,51,4
2,700,21.000000,0.000000,2,0,69997187,1144,92,1380,91,0,51,4
2,700,21.000000,0.000000,2,0,69997190,1146,91,1382,90,0,51,4
2,700,21.000000,0.000000,2,0,69997193,1148,90,1384,89,0,51,4
2,700,21.000000,0.000000,2,0,69997196,1148,90,1384,89,0,51,4
2,700,21.000000,0.000000,2,0,69997199,1148,89,1384,88,0,51,4
2,700,21.000000,0.000000,2,0,69997201,1148,88,1384,87,0,51,4
2,700,21.000000,0.000000,2,0,69997204,1148,86,1384,85,0,51,4
2,700,21.000000,0.000000,2,0,69997207,1148,84,1384,83,0,51,4
2,700,21.000000,0.000000,2,0,69997210,1148,83,1384,82,0,51,4
2,700,21.000000,0.000000,2,0,69997213,1150,82,1386,81,0,51,4
2,700,21.000000,0.000000,2,0,69997215,1152,80,1388,79,0,51,4
2,700,21.000000,0.000000,2,0,69997218,1154,78,1390,77,0,51,4
2,700,21.000000,0.000000,2,0,69997221,1156,77,1392,76,0,51,4
2,700,21.000000,0.000000,2,0,69997224,1158,76,1394,75,0,51,4
2,700,21.000000,0.000000,2,0,69997226,1158,75,1394,74,0,51,4
2,700,21.000000,0.000000,2,0,69997229,1159,73,1395,72,0,51,4
2,700,21.000000,0.000000,2,0,69997232,1161,72,1397,71,0,51,4
2,700,21.000000,0.000000,2,0,69997235,1161,71,1397,70,0,51,4
2,700,21.000000,0.000000,2,0,69997237,1162,68,1398,67,0,51,4
2,700,21.000000,0.000000,2,0,69997240,1164,67,1400,66,0,51,4
2,700,21.000000,0.000000,2,0,69997243,1165,66,1401,65,0,51,4
2,700,21.000000,0.000000,2,0,69997246,1167,65,1403,64,0,51,4
2,700,21.000000,0.000000,2,0,69997249,1169,63,1405,62,0,51,4
2,700,21.000000,0.000000,2,0,69997251,1171,60,1407,59,0,51,4
2,700,21.000000,0.000000,2,0,69997254,1174,58,1410,57,0,51,4
2,700,21.000000,0.000000,2,0,69997257,1176,56,1412,55,0,51,4
2,700,21.000000,0.000000,2,0,69997260,1177,54,1413,53,0,51,4
2,700,21.000000,0.000000,2,0,69997263,1180,52,1416,51,0,51,4
2,700,21.000000,0.000000,2,0,69997265,1182,48,1418,47,0,51,4
2,700,21.000000,0.000000,2,0,69997268,1185,47,1421,46,0,51,4
2,700,21.000000,0.000000,2,0,69997271,1188,44,1424,43,0,51,4
2,700,21.000000,0.000000,2,0,69997274,1191,41,1427,40,0,51,4
2,700,21.000000,0.000000,2,0,69997277,1193,39,1429,38,0,51,4
2,700,21.000000,0.000000,2,0,69997279,1196,38,1432,37,0,51,4
2,700,21.000000,0.000000,2,0,69997282,1199,36,1435,35,0,51,4
2,700,21.000000,0.000000,2,0,69997285,1202,34,1438,33,0,51,4
2,700,21.000000,0.000000,2,0,69997287,1208,32,1444,31,0,51,4
2,700,21.000000,0.000000,2,0,69997290,1211,31,1447,30,0,51,4
2,700,21.000000,0.000000,2,0,69997293,1213,31,1449,30,0,51,4
2,700,21.000000,0.000000,2,0,69997296,1216,30,1452,29,0,51,4
2,700,21.000000,0.000000,2,0,69997299,1217,29,1453,28,0,51,4
2,700,21.000000,0.000000,2,0,69997302,1219,28,1455,27,0,51,4
2,700,21.000000,0.000000,2,0,69997304,1220,27,1456,26,0,51,4
2,700,21.000000,0.000000,2,0,69997307,1222,26,1458,25,0,51,4
2,700,21.000000,0.000000,2,0,69997310,1223,25,1459,24,0,51,4
2,700,21.000000,0.000000,2,0,69997313,1224,23,1460,22,0,51,4
2,700,21.000000,0.000000,2,0,69997315,1224,22,1460,21,0,51,4
2,700,21.000000,0.000000,2,0,69997318,1226,22,1462,21,0,51,4
2,700,21.000000,0.000000,2,0,69997321,1228,22,1464,21,0,51,4
2,700,21.000000,0.000000,2,0,69997324,1229,22.600000,1465,20,0,51,4
2,700,21.000000,0.000000,2,0,69997327,1230,22.600000,1466,19,0,51,4
2,700,21.000000,0.000000,2,0,69997329,1230,22.600000,1466,18,0,51,4
2,700,21.000000,0.000000,2,0,69997332,1230,22.600000,1466,17,0,51,4
2,700,21.000000,0.000000,2,0,69997335,1231,22.600000,1467,17,0,51,4
2,700,21.000000,0.000000,2,0,69997338,1232,22.600000,1468,16,0,51,4
2,700,21.000000,0.000000,2,0,69997340,1232,22.600000,1468,16,0,51,4
2,700,21.000000,0.000000,2,0,69997343,1233,22.600000,1469,16,0,51,4
2,700,21.000000,0.000000,2,0,69997346,1236,22.600000,1472,15,0,51,4
2,700,21.000000,0.000000,2,0,69997349,1236,22.600000,1472,15,0,51,4
2,700,21.000000,0.000000,2,0,69997352,1237,22.600000,1473,15,0,51,4
2,700,21.000000,0.000000,2,0,69997355,1237,22.600000,1473,13,0,51,4
2,700,21.000000,0.000000,2,0,69997357,1239,22.600000,1475,13,0,51,4
2,700,21.000000,0.000000,2,0,69997360,1241,22.600000,1477,12,0,51,4
2,700,21.000000,0.000000,2,0,69997363,1243,22.600000,1479,10,0,51,4
2,700,21.000000,0.000000,2,0,69997365,1246,22.600000,1482,10,0,51,4
2,700,21.000000,0.000000,2,0,69997368,1248,22.600000,1484,10,0,51,4
2,700,21.000000,0.000000,2,0,69997371,1249,22.600000,1485,10,0,51,4
2,700,21.000000,0.000000,2,0,69997374,1250,22.600000,1486,9,0,51,4
2,700,21.000000,0.000000,2,0,69997376,1252,22.600000,1488,9,0,51,4
2,700,21.000000,0.000000,2,0,69997379,1253,22.600000,1489,8,0,51,4
2,700,21.000000,0.000000,2,0,69997382,1256,22.600000,1492,8,0,51,4
2,700,21.000000,0.000000,2,0,69997385,1259,22.600000,1495,8,0,51,4
2,700,21.000000,0.000000,2,0,69997387,1262,22.600000,1498,7,0,51,4
2,700,21.000000,0.000000,2,0,69997390,1264,22.600000,1500,7,0,51,4
2,700,21.000000,0.000000,2,0,69997393,1265,22.600000,1501,7,0,51,4
2,700,21.000000,0.000000,2,0,69997396,1266,22.600000,1502,7,0,51,4
2,700,21.000000,0.000000,2,0,69997399,1266,22.600000,1502,6,0,51,4
2,700,21.000000,0.000000,2,0,69997401,1267,22.600000,1503,6,0,51,4
2,700,21.000000,0.000000,2,0,69997404,1267,22.600000,1503,5,0,51,4
2,700,21.000000,0.000000,2,0,69997407,1267,22.600000,1503,4,0,51,4
2,700,21.000000,0.000000,2,0,69997410,1268,22.600000,1504,4,0,51,4
2,700,21.000000,0.000000,2,0,69997412,1269,22.600000,1505,4,0,51,4
2,700,21.000000,0.000000,2,0,69997415,1271,22.600000,1507,4,0,51,4
2,700,21.000000,0.000000,2,0,69997418,1273,22.600000,1509,4,0,51,4
2,700,21.000000,0.000000,2,0,69997421,1274,22.600000,1510,4,0,51,4
2,700,21.000000,0.000000,2,0,69997424,1276,22.600000,1512,4,0,51,4
2,700,21.000000,0.000000,2,0,69997427,1278,22.600000,1514,4,0,51,4
2,700,21.000000,0.000000,2,0,69997430,1279,22.600000,1515,4,0,51,4
2,700,21.000000,0.000000,2,0,69997432,1281,22.600000,1517,4,0,51,4
2,700,21.000000,0.000000,2,0,69997435,1282,22.600000,1518,4,0,51,4
2,700,21.000000,0.000000,2,0,69997438,1284,22.600000,1520,3,0,51,4
2,700,21.000000,0.000000,2,0,69997440,1286,22.600000,1522,3,0,51,4
2,700,21.000000,0.000000,2,0,69997443,1290,22.600000,1526,3,0,51,4
2,700,21.000000,0.000000,2,0,69997446,1293,22.600000,1529,3,0,51,4
2,700,21.000000,0.000000,2,0,69997449,1295,22.600000,1531,3,0,51,4
2,700,21.000000,0.000000,2,0,69997452,1297,22.600000,1533,3,0,51,4
2,700,21.000000,0.000000,2,0,69997454,1300,22.600000,1536,3,0,51,4
2,700,21.000000,0.000000,2,0,69997457,1302,22.600000,1538,3,0,51,4
2,700,21.000000,0.000000,2,0,69997460,1305,22.600000,1541,3,0,51,4
2,700,21.000000,0.000000,2,0,69997463,1306,22.600000,1542,3,0,51,4
2,700,21.000000,0.000000,2,0,69997465,1307,22.600000,1543,3,0,51,4
2,700,21.000000,0.000000,2,0,69997468,1308,22.600000,1544,3,0,51,4
2,700,21.000000,0.000000,2,0,69997471,1310,22.600000,1546,3,0,51,4
2,700,21.000000,0.000000,2,0,69997474,1312,22.600000,1548,3,0,51,4
2,700,21.000000,0.000000,2,0,69997477,1314,22.600000,1550,3,0,51,4
2,700,21.000000,0.000000,2,0,69997480,1315,22.600000,1551,3,0,51,4
2,700,21.000000,0.000000,2,0,69997483,1315,22.600000,1551,3,0,51,4
2,700,21.000000,0.000000,2,0,69997485,1315,22.600000,1551,3,0,51,4
2,700,21.000000,0.000000,2,0,69997488,1315,22.600000,1551,3,0,51,4
2,700,21.000000,0.000000,2,0,69997491,1315,21.600000,1551,2,0,51,4
2,700,21.000000,0.000000,2,0,69997494,1315,20.600000,1551,1,0,51,4
2,700,21.000000,0.000000,2,0,69997496,1315,20.600000,1551,1,0,51,4
2,700,21.000000,0.000000,2,0,69997499,1315,20.600000,1551,1,0,51,4
2,700,21.000000,0.000000,2,0,69997502,1315,20.600000,1551,1,0,51,4
2,700,21.000000,0.000000,2,0,69997504,1315,20.600000,1551,1,0,51,4
2,700,21.000000,0.000000,2,0,69997507,1315,19.600000,1551,0,0,51,4
2,700,21.000000,0.000000,2,0,69997510,1315,18.600000,1551,-1,0,51,4
2,700,21.000000,0.000000,2,0,69997513,1315,18.600000,1551,-1,0,51,4
2,700,21.000000,0.000000,2,0,69997516,1315,17.600000,1551,-2,0,51,4
2,700,21.000000,0.000000,2,0,69997518,1315,16.600000,1551,-3,0,51,4
2,700,21.000000,0.000000,2,0,69997521,1315,16.600000,1551,-3,0,51,4
2,700,21.000000,0.000000,2,0,69997524,1315,15.600000,1551,-4,0,51,4
2,700,21.000000,0.000000,2,0,69997527,1315,14.600000,1551,-5,0,51,4
2,700,21.000000,0.000000,2,0,69997529,1315,14.600000,1551,-5,0,51,4
2,700,21.000000,0.000000,2,0,69997532,1315,14.600000,1551,-5,0,51,4
2,700,21.000000,0.000000,2,0,69997535,1315,14.600000,1551,-5,0,51,4
2,700,21.000000,0.000000,2,0,69997538,1315,14.600000,1551,-5,0,51,4
2,700,21.000000,0.000000,2,0,69997540,1315,14.600000,1551,-5,0,51,4
2,700,21.000000,0.000000,2,0,69997543,1315,14.600000,1551,-5,0,51,4
2,700,21.000000,0.000000,2,0,69997546,1315,14.600000,1551,-5,0,51,4
2,700,21.000000,0.000000,2,0,69997549,1315,14.600000,1551,-5,0,51,4
2,700,21.000000,0.000000,2,0,69997551,1316,14.600000,1552,-5,0,51,4
2,700,21.000000,0.000000,2,0,69997554,1317,14.600000,1553,-5,0,51,4
2,700,21.000000,0.000000,2,0,69997557,1317,14.600000,1553,-5,0,51,4
2,700,21.000000,0.000000,2,0,69997560,1317,13.600000,1553,-6,0,51,4
2,700,21.000000,0.000000,2,0,69997563,1317,12.600000,1553,-7,0,51,4
2,700,21.000000,0.000000,2,0,69997566,1317,12.600000,1553,-7,0,51,4
2,700,21.000000,0.000000,2,0,69997569,1317,11.600000,1553,-8,0,51,4
2,700,21.000000,0.000000,2,0,69997571,1318,11.600000,1554,-8,0,51,4
2,700,21.000000,0.000000,2,0,69997574,1319,11.600000,1555,-8,0,51,4
2,700,21.000000,0.000000,2,0,69997577,1319,10.600000,1555,-9,0,51,4
2,700,21.000000,0.000000,2,0,69997580,1319,8.600000,1555,-11,0,51,4
2,700,21.000000,0.000000,2,0,69997582,1319,8.600000,1555,-11,0,51,4
2,700,21.000000,0.000000,2,0,69997585,1319,8.600000,1555,-11,0,51,4
2,700,21.000000,0.000000,2,0,69997588,1319,8.600000,1555,-11,0,51,4
2,700,21.000000,0.000000,2,0,69997591,1319,8.600000,1555,-11,0,51,4
2,700,21.000000,0.000000,2,0,69997593,1319,7.600000,1555,-12,0,51,4
2,700,21.000000,0.000000,2,0,69997597,1319,6.600000,1555,-13,0,51,4
2,700,21.000000,0.000000,2,0,69997599,1319,5.600000,1555,-14,0,51,4
2,700,21.000000,0.000000,2,0,69997602,1318,5.600000,1554,-14,0,51,4
2,700,21.000000,0.000000,2,0,69997606,1318,5.600000,1554,-14,0,51,4
2,700,21.000000,0.000000,2,0,69997608,1318,5.600000,1554,-14,0,51,4
2,700,21.000000,0.000000,2,0,69997611,1317,3.600000,1553,-16,0,51,4
2,700,21.000000,0.000000,2,0,69997614,1316,3.600000,1552,-16,0,51,4
2,700,21.000000,0.000000,2,0,69997617,1315,3.600000,1551,-16,0,51,4
2,700,21.000000,0.000000,2,0,69997619,1314,2.600000,1550,-17,0,51,4
2,700,21.000000,0.000000,2,0,69997622,1313,2.600000,1549,-17,0,51,4
2,700,21.000000,0.000000,2,0,69997625,1313,2.600000,1549,-17,0,51,4
2,700,21.000000,0.000000,2,0,69997628,1313,2.600000,1549,-17,0,51,4
2,700,21.000000,0.000000,2,0,69997630,1313,2.600000,1549,-17,0,51,4
2,700,21.000000,0.000000,2,0,69997633,1312,1.600000,1548,-18,0,51,4
2,700,21.000000,0.000000,2,0,69997636,1312,1.600000,1548,-18,0,51,4
2,700,21.000000,0.000000,2,0,69997639,1312,1.600000,1548,-18,0,51,4
2,700,21.000000,0.000000,2,0,69997641,1312,1.600000,1548,-18,0,51,4
2,700,21.000000,0.000000,2,0,69997644,1312,1.600000,1548,-18,0,51,4
2,700,21.000000,0.000000,2,0,69997647,1312,1.600000,1548,-18,0,51,4
2,700,21.000000,0.000000,2,0,69997650,1312,1.600000,1548,-18,0,51,4
2,700,21.000000,0.000000,2,0,69997653,1312,1.600000,1548,-18,0,51,4
2,700,21.000000,0.000000,2,0,69997655,1312,1.600000,1548,-18,0,51,4
2,700,21.000000,0.000000,2,0,69997658,1312,1.600000,1548,-18,0,51,4
2,700,21.000000,0.000000,2,0,69997661,1312,0.600000,1548,-19,0,51,4
2,700,21.000000,0.000000,2,0,69997663,1312,0.600000,1548,-19,0,51,4
2,700,21.000000,0.000000,2,0,69997666,1312,0.600000,1548,-19,0,51,4
2,700,21.000000,0.000000,2,0,69997669,1312,0.600000,1548,-19,0,51,4
2,700,21.000000,0.000000,2,0,69997671,1312,0.600000,1548,-19,0,51,4
2,700,21.000000,0.000000,2,0,69997674,1312,0.600000,1548,-19,0,51,4
2,700,21.000000,0.000000,2,0,69997677,1312,0.600000,1548,-19,0,51,4
2,700,21.000000,0.000000,2,0,69997680,1312,0.600000,1548,-19,0,51,4
2,700,21.000000,0.000000,2,0,69997682,1312,0.600000,1548,-19,0,51,4
2,700,21.000000,0.000000,2,0,69997685,1312,0.600000,1548,-19,0,51,4
2,700,21.000000,0.000000,2,0,69997688,1312,0.600000,1548,-19,0,51,4
2,700,21.000000,0.000000,2,0,69997691,1312,0.600000,1548,-19,0,51,4
2,700,21.000000,0.000000,2,0,69997693,1312,0.600000,1548,-19,0,51,4
2,700,21.000000,0.000000,2,0,69997707,1312,0.600000,1548,-19,0,51,4
