12,350,80.500000,0.000000,0,0,12367052,785,9,785,9,0,26,9
12,350,80.500000,0.000000,0,0,12367053,785,9,785,9,0,26,9
12,350,80.500000,0.000000,0,0,12367056,785,9,785,9,0,26,9
12,350,80.500000,0.000000,0,0,12367059,785,9,785,9,0,26,9
12,350,80.500000,0.000000,0,0,12367061,785,9,785,9,0,26,9
12,350,80.500000,0.000000,0,0,12367064,785,9,785,9,0,26,9
12,350,80.500000,0.000000,0,0,12367067,785,9,785,9,0,26,9
12,350,80.500000,0.000000,0,0,12367070,785,9,785,9,0,26,9
12,350,80.500000,0.000000,0,0,12367073,785,9,785,9,0,26,9
12,350,80.500000,0.000000,0,0,12367075,785,9,785,9,0,26,9
12,350,80.500000,0.000000,0,0,12367078,785,9,785,9,0,26,9
12,350,80.500000,0.000000,0,0,12367081,785,9,785,9,0,26,9
12,350,80.500000,0.000000,0,0,12367084,785,9,785,9,0,26,9
12,350,80.500000,0.000000,0,0,12367087,785,9,785,9,0,26,9
12,350,80.500000,0.000000,0,0,12367089,785,9,785,9,0,26,9
12,350,80.500000,0.000000,0,0,12367092,785,9,785,9,0,26,9
12,350,80.500000,0.000000,0,0,12367094,785,9,785,9,0,26,9
12,350,80.500000,0.000000,0,0,12367097,785,9,785,9,0,26,9
12,350,80.500000,0.000000,0,0,12367100,785,9,785,9,0,26,9
12,350,80.500000,0.000000,0,0,12367103,785,9,785,9,0,26,9
12,350,80.500000,0.000000,0,0,12367106,785,9,785,9,0,26,9
12,350,80.500000,0.000000,0,0,12367108,785,9,785,9,0,26,9
12,350,80.500000,0.000000,0,0,12367112,785,9,785,9,0,26,9
12,350,80.500000,0.000000,0,0,12367114,785,9,785,9,0,26,9
12,350,80.500000,0.000000,0,0,12367117,785,9,785,9,0,26,9
12,350,80.500000,0.000000,0,0,12367120,785,9,785,9,0,26,9
12,350,80.500000,0.000000,0,0,12367123,785,9,785,9,0,26,9
12,350,80.500000,0.000000,0,0,12367125,786,9,786,9,0,26,9
12,350,80.500000,0.000000,0,0,12367128,787,9,787,9,0,26,9
12,350,80.500000,0.000000,0,0,12367131,788,9,788,9,0,26,9
12,350,80.500000,0.000000,0,0,12367133,789,9,789,9,0,26,9
12,350,80.500000,0.000000,0,0,12367136,790,9,790,9,0,26,9
12,350,80.500000,0.000000,0,0,12367139,791,9,791,9,0,26,9
12,350,80.500000,0.000000,0,0,12367142,792,9,792,9,0,26,9
12,350,80.500000,0.000000,0,0,12367145,793,9,793,9,0,26,9
12,350,80.500000,0.000000,0,0,12367147,796,9,796,9,0,26,9
12,350,80.500000,0.000000,0,0,12367150,797,9,797,9,0,26,9
12,350,80.500000,0.000000,0,0,12367153,800,9,800,9,0,26,9
12,350,80.500000,0.000000,0,0,12367156,804,9,804,9,0,26,9
12,350,80.500000,0.000000,0,0,12367159,808,9,808,9,0,26,9
12,350,80.500000,0.000000,0,0,12367162,814,9,814,9,0,26,9
12,350,80.500000,0.000000,0,0,12367164,819,10,819,10,0,26,9
12,350,80.500000,0.000000,0,0,12367167,831,11,831,11,0,26,9
12,350,80.500000,0.000000,0,0,12367170,839,11,839,11,0,26,9
12,350,80.500000,0.000000,0,0,12367173,846,11,846,11,0,26,9
12,350,80.500000,0.000000,0,0,12367175,854,11,854,11,0,26,9
12,350,80.500000,0.000000,0,0,12367178,863,11,863,11,0,26,9
12,350,80.500000,0.000000,0,0,12367181,871,11,871,11,0,26,9
12,350,80.500000,0.000000,0,0,12367184,882,11,882,11,0,26,9
12,350,80.500000,0.000000,0,0,12367187,890,11,890,11,0,26,9
12,350,80.500000,0.000000,0,0,12367189,899,11,899,11,0,26,9
12,350,80.500000,0.000000,0,0,12367192,911,11,911,11,0,26,9
12,350,80.500000,0.000000,0,0,12367195,921,11,921,11,0,26,9
12,350,80.500000,0.000000,0,0,12367197,931,11,931,11,0,26,9
12,350,80.500000,0.000000,0,0,12367200,941,10,941,10,0,26,9
12,350,80.500000,0.000000,0,0,12367203,949,10,949,10,0,26,9
12,350,80.500000,0.000000,0,0,12367206,960,10,960,10,0,26,9
12,350,80.500000,0.000000,0,0,12367209,969,10,969,10,0,26,9
12,350,80.500000,0.000000,0,0,12367211,979,9,979,9,0,26,9
12,350,80.500000,0.000000,0,0,12367214,987,9,987,9,0,26,9
12,350,80.500000,0.000000,0,0,12367217,996,9,996,9,0,26,9
12,350,80.500000,0.000000,0,0,12367220,1004,9,1004,9,0,26,9
12,350,80.500000,0.000000,0,0,12367222,1011,9,1011,9,0,26,9
12,350,80.500000,0.000000,0,0,12367225,1016,9,1016,9,0,26,9
12,350,80.500000,0.000000,0,0,12367228,1024,9,1024,9,0,26,9
12,350,80.500000,0.000000,0,0,12367231,1033,9,1033,9,0,26,9
12,350,80.500000,0.000000,0,0,12367234,1041,9,1041,9,0,26,9
12,350,80.500000,0.000000,0,0,12367237,1047,9,1047,9,0,26,9
12,350,80.500000,0.000000,0,0,12367239,1053,9,1053,9,0,26,9
12,350,80.500000,0.000000,0,0,12367242,1056,9,1056,9,0,26,9
12,350,80.500000,0.000000,0,0,12367245,1062,9,1062,9,0,26,9
12,350,80.500000,0.000000,0,0,12367248,1065,9,1065,9,0,26,9
12,350,80.500000,0.000000,0,0,12367250,1071,9,1071,9,0,26,9
12,350,80.500000,0.000000,0,0,12367253,1076,9,1076,9,0,26,9
12,350,80.500000,0.000000,0,0,12367256,1079,9,1079,9,0,26,9
12,350,80.500000,0.000000,0,0,12367259,1084,9,1084,9,0,26,9
12,350,80.500000,0.000000,0,0,12367262,1087,9,1087,9,0,26,9
12,350,80.500000,0.000000,0,0,12367264,1088,9,1088,9,0,26,9
12,350,80.500000,0.000000,0,0,12367267,1091,9,1091,9,0,26,9
12,350,80.500000,0.000000,0,0,12367270,1092,9,1092,9,0,26,9
12,350,80.500000,0.000000,0,0,12367273,1094,9,1094,9,0,26,9
12,350,80.500000,0.000000,0,0,12367276,1097,9,1097,9,0,26,9
12,350,80.500000,0.000000,0,0,12367278,1098,9,1098,9,0,26,9
12,350,80.500000,0.000000,0,0,12367281,1099,9,1099,9,0,26,9
12,350,80.500000,0.000000,0,0,12367284,1100,9,1100,9,0,26,9
12,350,80.500000,0.000000,0,0,12367286,1101,9,1101,9,0,26,9
12,350,80.500000,0.000000,0,0,12367289,1103,9,1103,9,0,26,9
12,350,80.500000,0.000000,0,0,12367292,1104,9,1104,9,0,26,9
12,350,80.500000,0.000000,0,0,12367295,1105,9,1105,9,0,26,9
12,350,80.500000,0.000000,0,0,12367297,1107,9,1107,9,0,26,9
12,350,80.500000,0.000000,0,0,12367300,1109,9,1109,9,0,26,9
12,350,80.500000,0.000000,0,0,12367303,1109,9,1109,9,0,26,9
12,350,80.500000,0.000000,0,0,12367306,1109,9,1109,9,0,26,9
12,350,80.500000,0.000000,0,0,12367309,1109,8,1109,8,0,26,9
12,350,80.500000,0.000000,0,0,12367312,1110,7,1110,7,0,26,9
12,350,80.500000,0.000000,0,0,12367314,1110,7,1110,7,0,26,9
12,350,80.500000,0.000000,0,0,12367317,1110,7,1110,7,0,26,9
12,350,80.500000,0.000000,0,0,12367320,1110,7,1110,7,0,26,9
12,350,80.500000,0.000000,0,0,12367323,1110,7,1110,7,0,26,9
12,350,80.500000,0.000000,0,0,12367326,1110,7,1110,7,0,26,9
12,350,80.500000,0.000000,0,0,12367328,1110,7,1110,7,0,26,9
12,350,80.500000,0.000000,0,0,12367331,1110,7,1110,7,0,26,9
12,350,80.500000,0.000000,0,0,12367334,1110,7,1110,7,0,26,9
12,350,80.500000,0.000000,0,0,12367336,1111,7,1111,7,0,26,9
12,350,80.500000,0.000000,0,0,12367339,1112,7,1112,7,0,26,9
12,350,80.500000,0.000000,0,0,12367342,1112,7,1112,7,0,26,9
12,350,80.500000,0.000000,0,0,12367345,1112,7,1112,7,0,26,9
12,350,80.500000,0.000000,0,0,12367347,1112,7,1112,7,0,26,9
12,350,80.500000,0.000000,0,0,12367350,1112,7,1112,7,0,26,9
12,350,80.500000,0.000000,0,0,12367353,1112,7,1112,7,0,26,9
12,350,80.500000,0.000000,0,0,12367356,1112,7,1112,7,0,26,9
12,350,80.500000,0.000000,0,0,12367359,1113,6,1113,6,0,26,9
12,350,80.500000,0.000000,0,0,12367361,1114,5,1114,5,0,26,9
12,350,80.500000,0.000000,0,0,12367364,1114,5,1114,5,0,26,9
12,350,80.500000,0.000000,0,0,12367367,1114,5,1114,5,0,26,9
12,350,80.500000,0.000000,0,0,12367370,1115,5,1115,5,0,26,9
12,350,80.500000,0.000000,0,0,12367373,1116,5,1116,5,0,26,9
12,350,80.500000,0.000000,0,0,12367375,1116,5,1116,5,0,26,9
12,350,80.500000,0.000000,0,0,12367378,1117,5,1117,5,0,26,9
12,350,80.500000,0.000000,0,0,12367381,1118,5,1118,5,0,26,9
12,350,80.500000,0.000000,0,0,12367384,1118,4,1118,4,0,26,9
12,350,80.500000,0.000000,0,0,12367387,1118,3,1118,3,0,26,9
12,350,80.500000,0.000000,0,0,12367389,1119,3,1119,3,0,26,9
12,350,80.500000,0.000000,0,0,12367392,1119,3,1119,3,0,26,9
12,350,80.500000,0.000000,0,0,12367395,1119,3,1119,3,0,26,9
12,350,80.500000,0.000000,0,0,12367398,1119,3,1119,3,0,26,9
12,350,80.500000,0.000000,0,0,12367400,1119,3,1119,3,0,26,9
12,350,80.500000,0.000000,0,0,12367403,1119,3,1119,3,0,26,9
12,350,80.500000,0.000000,0,0,12367406,1119,3,1119,3,0,26,9
12,350,80.500000,0.000000,0,0,12367409,1120,3,1120,3,0,26,9
12,350,80.500000,0.000000,0,0,12367412,1121,3,1121,3,0,26,9
12,350,80.500000,0.000000,0,0,12367414,1122,3,1122,3,0,26,9
12,350,80.500000,0.000000,0,0,12367417,1123,3,1123,3,0,26,9
12,350,80.500000,0.000000,0,0,12367421,1124,3,1124,3,0,26,9
12,350,80.500000,0.000000,0,0,12367423,1125,3,1125,3,0,26,9
12,350,80.500000,0.000000,0,0,12367426,1125,3,1125,3,0,26,9
12,350,80.500000,0.000000,0,0,12367430,1125,3,1125,3,0,26,9
12,350,80.500000,0.000000,0,0,12367432,1126,3,1126,3,0,26,9
12,350,80.500000,0.000000,0,0,12367435,1126,3,1126,3,0,26,9
12,350,80.500000,0.000000,0,0,12367437,1127,3,1127,3,0,26,9
12,350,80.500000,0.000000,0,0,12367440,1127,4,1127,4,0,26,9
12,350,80.500000,0.000000,0,0,12367443,1127,4,1127,4,0,26,9
12,350,80.500000,0.000000,0,0,12367445,1127,4,1127,4,0,26,9
12,350,80.500000,0.000000,0,0,12367448,1127,4,1127,4,0,26,9
12,350,80.500000,0.000000,0,0,12367451,1128,4,1128,4,0,26,9
12,350,80.500000,0.000000,0,0,12367453,1129,4,1129,4,0,26,9
12,350,80.500000,0.000000,0,0,12367456,1129,4,1129,4,0,26,9
12,350,80.500000,0.000000,0,0,12367459,1129,4,1129,4,0,26,9
12,350,80.500000,0.000000,0,0,12367462,1129,4,1129,4,0,26,9
12,350,80.500000,0.000000,0,0,12367464,1129,4,1129,4,0,26,9
12,350,80.500000,0.000000,0,0,12367467,1129,4,1129,4,0,26,9
12,350,80.500000,0.000000,0,0,12367470,1129,4,1129,4,0,26,9
12,350,80.500000,0.000000,0,0,12367473,1129,4,1129,4,0,26,9
12,350,80.500000,0.000000,0,0,12367476,1129,4,1129,4,0,26,9
12,350,80.500000,0.000000,0,0,12367478,1129,4,1129,4,0,26,9
12,350,80.500000,0.000000,0,0,12367481,1129,4,1129,4,0,26,9
12,350,80.500000,0.000000,0,0,12367484,1129,4,1129,4,0,26,9
12,350,80.500000,0.000000,0,0,12367487,1129,4,1129,4,0,26,9
12,350,80.500000,0.000000,0,0,12367490,1129,4,1129,4,0,26,9
12,350,80.500000,0.000000,0,0,12367492,1129,4,1129,4,0,26,9
12,350,80.500000,0.000000,0,0,12367495,1129,4,1129,4,0,26,9
12,350,80.500000,0.000000,0,0,12367498,1129,4,1129,4,0,26,9
12,350,80.500000,0.000000,0,0,12367501,1129,4,1129,4,0,26,9
12,350,80.500000,0.000000,0,0,12367503,1129,4,1129,4,0,26,9
12,350,80.500000,0.000000,0,0,12367506,1129,4,1129,4,0,26,9
12,350,80.500000,0.000000,0,0,12367509,1129,4,1129,4,0,26,9
12,350,80.500000,0.000000,0,0,12367511,1129,4,1129,4,0,26,9
12,350,80.500000,0.000000,0,0,12367514,1129,4,1129,4,0,26,9
12,350,80.500000,0.000000,0,0,12367517,1129,4,1129,4,0,26,9
12,350,80.500000,0.000000,0,0,12367520,1129,4,1129,4,0,26,9
12,350,80.500000,0.000000,0,0,12367523,1129,4,1129,4,0,26,9
12,350,80.500000,0.000000,0,0,12367525,1129,4,1129,4,0,26,9
12,350,80.500000,0.000000,0,0,12367528,1129,4,1129,4,0,26,9
12,350,80.500000,0.000000,0,0,12367531,1129,4,1129,4,0,26,9
12,350,80.500000,0.000000,0,0,12367534,1129,4,1129,4,0,26,9
12,350,80.500000,0.000000,0,0,12367545,1129,4,1129,4,0,26,9
