12,350,21.000000,10000.000000,2,0,13057513,778,0,778,0,0,41,6
12,350,21.000000,10000.000000,2,0,13057514,778,0,778,0,0,41,6
12,350,21.000000,10000.000000,2,0,13057516,778,0,778,0,0,41,6
12,350,21.000000,10000.000000,2,0,13057519,778,0,778,0,0,41,6
12,350,21.000000,10000.000000,2,0,13057522,778,0,778,0,0,41,6
12,350,21.000000,10000.000000,2,0,13057525,778,0,778,0,0,41,6
12,350,21.000000,10000.000000,2,0,13057528,778,0,778,0,0,41,6
12,350,21.000000,10000.000000,2,0,13057530,778,0,778,0,0,41,6
12,350,21.000000,10000.000000,2,0,13057533,778,0,778,0,0,41,6
12,350,21.000000,10000.000000,2,0,13057536,778,0,778,0,0,41,6
12,350,21.000000,10000.000000,2,0,13057539,778,0,778,0,0,41,6
12,350,21.000000,10000.000000,2,0,13057542,778,0,778,0,0,41,6
12,350,21.000000,10000.000000,2,0,13057544,778,0,778,0,0,41,6
12,350,21.000000,10000.000000,2,0,13057547,778,0,778,0,0,41,6
12,350,21.000000,10000.000000,2,0,13057550,778,0,778,0,0,41,6
12,350,21.000000,10000.000000,2,0,13057553,778,0,778,0,0,41,6
12,350,21.000000,10000.000000,2,0,13057555,778,0,778,0,0,41,6
12,350,21.000000,10000.000000,2,0,13057558,778,0,778,0,0,41,6
12,350,21.000000,10000.000000,2,0,13057561,778,0,778,0,0,41,6
12,350,21.000000,10000.000000,2,0,13057564,778,0,778,0,0,41,6
12,350,21.000000,10000.000000,2,0,13057567,778,0,778,0,0,41,6
12,350,21.000000,10000.000000,2,0,13057570,778,0,778,0,0,41,6
12,350,21.000000,10000.000000,2,0,13057572,778,0,778,0,0,41,6
12,350,21.000000,10000.000000,2,0,13057575,778,0,778,0,0,41,6
12,350,21.000000,10000.000000,2,0,13057578,778,0,778,0,0,41,6
12,350,21.000000,10000.000000,2,0,13057581,778,0,778,0,0,41,6
12,350,21.000000,10000.000000,2,0,13057583,778,0,778,0,0,41,6
12,350,21.000000,10000.000000,2,0,13057586,778,0,778,0,0,41,6
12,350,21.000000,10000.000000,2,0,13057589,778,0,778,0,0,41,6
12,350,21.000000,10000.000000,2,0,13057592,778,0,778,0,0,41,6
12,350,21.000000,10000.000000,2,0,13057595,778,0,778,0,0,41,6
12,350,21.000000,10000.000000,2,0,13057597,778,0,778,0,0,41,6
12,350,21.000000,10000.000000,2,0,13057600,778,0,778,0,0,41,6
12,350,21.000000,10000.000000,2,0,13057603,778,0,778,0,0,41,6
12,350,21.000000,10000.000000,2,0,13057606,778,0,778,0,0,41,6
12,350,21.000000,10000.000000,2,0,13057608,778,0,778,0,0,41,6
12,350,21.000000,10000.000000,2,0,13057611,778,0,778,0,0,41,6
12,350,21.000000,10000.000000,2,0,13057614,778,0,778,0,0,41,6
12,350,21.000000,10000.000000,2,0,13057617,778,0,778,0,0,41,6
12,350,21.000000,10000.000000,2,0,13057620,778,0,778,0,0,41,6
12,350,21.000000,10000.000000,2,0,13057622,778,0,778,0,0,41,6
12,350,21.000000,10000.000000,2,0,13057625,779,0,779,0,0,41,6
12,350,21.000000,10000.000000,2,0,13057627,780,0,780,0,0,41,6
12,350,21.000000,10000.000000,2,0,13057630,780,0,780,0,0,41,6
12,350,21.000000,10000.000000,2,0,13057633,782,0,782,0,0,41,6
12,350,21.000000,10000.000000,2,0,13057636,784,0,784,0,0,41,6
12,350,21.000000,10000.000000,2,0,13057639,786,0,786,0,0,41,6
12,350,21.000000,10000.000000,2,0,13057642,787,0,787,0,0,41,6
12,350,21.000000,10000.000000,2,0,13057644,789,0,789,0,0,41,6
12,350,21.000000,10000.000000,2,0,13057647,792,0,792,0,0,41,6
12,350,21.000000,10000.000000,2,0,13057650,794,0,794,0,0,41,6
12,350,21.000000,10000.000000,2,0,13057653,796,0,796,0,0,41,6
12,350,21.000000,10000.000000,2,0,13057655,800,0,800,0,0,41,6
12,350,21.000000,10000.000000,2,0,13057658,801,0,801,0,0,41,6
12,350,21.000000,10000.000000,2,0,13057661,805,0,805,0,0,41,6
12,350,21.000000,10000.000000,2,0,13057664,808,0,808,0,0,41,6
12,350,21.000000,10000.000000,2,0,13057667,811,0,811,0,0,41,6
12,350,21.000000,10000.000000,2,0,13057670,815,0,815,0,0,41,6
12,350,21.000000,10000.000000,2,0,13057672,819,0,819,0,0,41,6
12,350,21.000000,10000.000000,2,0,13057675,822,0,822,0,0,41,6
12,350,21.000000,10000.000000,2,0,13057678,826,0,826,0,0,41,6
12,350,21.000000,10000.000000,2,0,13057681,830,0,830,0,0,41,6
12,350,21.000000,10000.000000,2,0,13057684,835,0,835,0,0,41,6
12,350,21.000000,10000.000000,2,0,13057686,840,0,840,0,0,41,6
12,350,21.000000,10000.000000,2,0,13057689,844,0,844,0,0,41,6
12,350,21.000000,10000.000000,2,0,13057692,850,0,850,-1,0,41,6
12,350,21.000000,10000.000000,2,0,13057695,853,0,853,-1,0,41,6
12,350,21.000000,10000.000000,2,0,13057697,858,0,858,-1,0,41,6
12,350,21.000000,10000.000000,2,0,13057700,864,0,864,-1,0,41,6
12,350,21.000000,10000.000000,2,0,13057703,868,0,868,-1,0,41,6
12,350,21.000000,10000.000000,2,0,13057705,874,0,874,-1,0,41,6
12,350,21.000000,10000.000000,2,0,13057708,881,0,881,-2,0,41,6
12,350,21.000000,10000.000000,2,0,13057711,885,0,885,-2,0,41,6
12,350,21.000000,10000.000000,2,0,13057714,892,0,892,-2,0,41,6
12,350,21.000000,10000.000000,2,0,13057717,898,0,898,-2,0,41,6
12,350,21.000000,10000.000000,2,0,13057719,900,0,900,-2,0,41,6
12,350,21.000000,10000.000000,2,0,13057722,905,0,905,-3,0,41,6
12,350,21.000000,10000.000000,2,0,13057725,911,0,911,-3,0,41,6
12,350,21.000000,10000.000000,2,0,13057728,915,0,915,-3,0,41,6
12,350,21.000000,10000.000000,2,0,13057731,918,0,918,-3,0,41,6
12,350,21.000000,10000.000000,2,0,13057733,923,0,923,-3,0,41,6
12,350,21.000000,10000.000000,2,0,13057736,928,0,928,-3,0,41,6
12,350,21.000000,10000.000000,2,0,13057739,930,0,930,-3,0,41,6
12,350,21.000000,10000.000000,2,0,13057742,935,0,935,-4,0,41,6
12,350,21.000000,10000.000000,2,0,13057744,939,0,939,-4,0,41,6
12,350,21.000000,10000.000000,2,0,13057747,942,0,942,-4,0,41,6
12,350,21.000000,10000.000000,2,0,13057750,946,0,946,-4,0,41,6
12,350,21.000000,10000.000000,2,0,13057753,950,0,950,-4,0,41,6
12,350,21.000000,10000.000000,2,0,13057756,954,0,954,-5,0,41,6
12,350,21.000000,10000.000000,2,0,13057759,958,0,958,-5,0,41,6
12,350,21.000000,10000.000000,2,0,13057761,962,0,962,-6,0,41,6
12,350,21.000000,10000.000000,2,0,13057764,967,0,967,-6,0,41,6
12,350,21.000000,10000.000000,2,0,13057767,968,0,968,-6,0,41,6
12,350,21.000000,10000.000000,2,0,13057770,974,0,974,-6,0,41,6
12,350,21.000000,10000.000000,2,0,13057772,983,0,983,-6,0,41,6
12,350,21.000000,10000.000000,2,0,13057775,987,0,987,-6,0,41,6
12,350,21.000000,10000.000000,2,0,13057778,989,0,989,-6,0,41,6
12,350,21.000000,10000.000000,2,0,13057780,991,0,991,-6,0,41,6
12,350,21.000000,10000.000000,2,0,13057783,993,0,993,-6,0,41,6
12,350,21.000000,10000.000000,2,0,13057786,996,0,996,-7,0,41,6
12,350,21.000000,10000.000000,2,0,13057789,998,0,998,-7,0,41,6
12,350,21.000000,10000.000000,2,0,13057792,1001,0,1001,-7,0,41,6
12,350,21.000000,10000.000000,2,0,13057794,1003,0,1003,-7,0,41,6
12,350,21.000000,10000.000000,2,0,13057797,1005,0,1005,-7,0,41,6
12,350,21.000000,10000.000000,2,0,13057800,1007,0,1007,-8,0,41,6
12,350,21.000000,10000.000000,2,0,13057803,1009,0,1009,-8,0,41,6
12,350,21.000000,10000.000000,2,0,13057806,1011,0,1011,-8,0,41,6
12,350,21.000000,10000.000000,2,0,13057808,1013,0,1013,-8,0,41,6
12,350,21.000000,10000.000000,2,0,13057811,1014,0,1014,-8,0,41,6
12,350,21.000000,10000.000000,2,0,13057814,1016,0,1016,-8,0,41,6
12,350,21.000000,10000.000000,2,0,13057817,1017,0,1017,-8,0,41,6
12,350,21.000000,10000.000000,2,0,13057820,1018,0,1018,-9,0,41,6
12,350,21.000000,10000.000000,2,0,13057822,1022,0,1022,-10,0,41,6
12,350,21.000000,10000.000000,2,0,13057825,1024,0,1024,-11,0,41,6
12,350,21.000000,10000.000000,2,0,13057828,1025,0,1025,-11,0,41,6
12,350,21.000000,10000.000000,2,0,13057831,1027,0,1027,-11,0,41,6
12,350,21.000000,10000.000000,2,0,13057834,1028,0,1028,-11,0,41,6
12,350,21.000000,10000.000000,2,0,13057836,1029,0,1029,-12,0,41,6
12,350,21.000000,10000.000000,2,0,13057839,1030,0,1030,-13,0,41,6
12,350,21.000000,10000.000000,2,0,13057842,1032,0,1032,-13,0,41,6
12,350,21.000000,10000.000000,2,0,13057844,1035,0,1035,-13,0,41,6
12,350,21.000000,10000.000000,2,0,13057847,1036,0,1036,-13,0,41,6
12,350,21.000000,10000.000000,2,0,13057850,1038,0,1038,-13,0,41,6
12,350,21.000000,10000.000000,2,0,13057853,1039,0,1039,-13,0,41,6
12,350,21.000000,10000.000000,2,0,13057855,1041,0,1041,-13,0,41,6
12,350,21.000000,10000.000000,2,0,13057858,1042,0,1042,-13,0,41,6
12,350,21.000000,10000.000000,2,0,13057861,1043,0,1043,-13,0,41,6
12,350,21.000000,10000.000000,2,0,13057864,1045,0,1045,-13,0,41,6
12,350,21.000000,10000.000000,2,0,13057867,1046,0,1046,-13,0,41,6
12,350,21.000000,10000.000000,2,0,13057870,1047,0,1047,-13,0,41,6
12,350,21.000000,10000.000000,2,0,13057872,1047,0,1047,-13,0,41,6
12,350,21.000000,10000.000000,2,0,13057875,1049,0,1049,-13,0,41,6
12,350,21.000000,10000.000000,2,0,13057878,1050,0,1050,-13,0,41,6
12,350,21.000000,10000.000000,2,0,13057881,1051,0,1051,-14,0,41,6
12,350,21.000000,10000.000000,2,0,13057883,1052,0,1052,-15,0,41,6
12,350,21.000000,10000.000000,2,0,13057886,1054,0,1054,-15,0,41,6
12,350,21.000000,10000.000000,2,0,13057889,1055,0,1055,-15,0,41,6
12,350,21.000000,10000.000000,2,0,13057892,1056,0,1056,-15,0,41,6
12,350,21.000000,10000.000000,2,0,13057895,1059,0,1059,-15,0,41,6
12,350,21.000000,10000.000000,2,0,13057897,1061,0,1061,-15,0,41,6
12,350,21.000000,10000.000000,2,0,13057900,1062,0,1062,-15,0,41,6
12,350,21.000000,10000.000000,2,0,13057903,1063,0,1063,-15,0,41,6
12,350,21.000000,10000.000000,2,0,13057906,1064,0,1064,-15,0,41,6
12,350,21.000000,10000.000000,2,0,13057908,1065,0,1065,-15,0,41,6
12,350,21.000000,10000.000000,2,0,13057911,1066,0,1066,-15,0,41,6
12,350,21.000000,10000.000000,2,0,13057914,1068,0,1068,-15,0,41,6
12,350,21.000000,10000.000000,2,0,13057917,1070,0,1070,-16,0,41,6
12,350,21.000000,10000.000000,2,0,13057920,1072,0,1072,-17,0,41,6
12,350,21.000000,10000.000000,2,0,13057922,1074,0,1074,-17,0,41,6
12,350,21.000000,10000.000000,2,0,13057925,1078,0,1078,-17,0,41,6
12,350,21.000000,10000.000000,2,0,13057928,1080,0,1080,-17,0,41,6
12,350,21.000000,10000.000000,2,0,13057931,1082,0,1082,-17,0,41,6
12,350,21.000000,10000.000000,2,0,13057934,1083,0,1083,-17,0,41,6
12,350,21.000000,10000.000000,2,0,13057936,1084,0,1084,-17,0,41,6
12,350,21.000000,10000.000000,2,0,13057939,1085,0,1085,-17,0,41,6
12,350,21.000000,10000.000000,2,0,13057942,1086,0,1086,-17,0,41,6
12,350,21.000000,10000.000000,2,0,13057944,1087,0,1087,-17,0,41,6
12,350,21.000000,10000.000000,2,0,13057948,1088,0,1088,-17,0,41,6
12,350,21.000000,10000.000000,2,0,13057950,1089,0,1089,-17,0,41,6
12,350,21.000000,10000.000000,2,0,13057953,1090,0,1090,-18,0,41,6
12,350,21.000000,10000.000000,2,0,13057955,1091,0,1091,-18,0,41,6
12,350,21.000000,10000.000000,2,0,13057958,1094,0,1094,-18,0,41,6
12,350,21.000000,10000.000000,2,0,13057961,1095,0,1095,-18,0,41,6
12,350,21.000000,10000.000000,2,0,13057964,1097,0,1097,-18,0,41,6
12,350,21.000000,10000.000000,2,0,13057967,1099,0,1099,-18,0,41,6
12,350,21.000000,10000.000000,2,0,13057969,1100,0,1100,-18,0,41,6
12,350,21.000000,10000.000000,2,0,13057972,1101,0,1101,-18,0,41,6
12,350,21.000000,10000.000000,2,0,13057975,1102,0,1102,-18,0,41,6
12,350,21.000000,10000.000000,2,0,13057978,1104,0,1104,-18,0,41,6
12,350,21.000000,10000.000000,2,0,13057981,1105,0,1105,-18,0,41,6
12,350,21.000000,10000.000000,2,0,13057983,1106,0,1106,-18,0,41,6
12,350,21.000000,10000.000000,2,0,13057986,1107,0,1107,-18,0,41,6
12,350,21.000000,10000.000000,2,0,13057989,1108,0,1108,-18,0,41,6
12,350,21.000000,10000.000000,2,0,13057992,1109,0,1109,-18,0,41,6
12,350,21.000000,10000.000000,2,0,13057994,1111,0,1111,-18,0,41,6
12,350,21.000000,10000.000000,2,0,13057997,1113,0,1113,-18,0,41,6
12,350,21.000000,10000.000000,2,0,13058000,1115,0,1115,-18,0,41,6
12,350,21.000000,10000.000000,2,0,13058003,1116,0,1116,-18,0,41,6
12,350,21.000000,10000.000000,2,0,13058006,1117,0,1117,-18,0,41,6
12,350,21.000000,10000.000000,2,0,13058009,1118,0,1118,-18,0,41,6
12,350,21.000000,10000.000000,2,0,13058011,1119,0,1119,-18,0,41,6
12,350,21.000000,10000.000000,2,0,13058014,1120,0,1120,-18,0,41,6
12,350,21.000000,10000.000000,2,0,13058017,1121,0,1121,-18,0,41,6
12,350,21.000000,10000.000000,2,0,13058020,1121,0,1121,-18,0,41,6
12,350,21.000000,10000.000000,2,0,13058022,1122,0,1122,-18,0,41,6
12,350,21.000000,10000.000000,2,0,13058025,1123,0,1123,-18,0,41,6
12,350,21.000000,10000.000000,2,0,13058028,1124,0,1124,-18,0,41,6
12,350,21.000000,10000.000000,2,0,13058031,1125,0,1125,-18,0,41,6
12,350,21.000000,10000.000000,2,0,13058034,1126,0,1126,-18,0,41,6
12,350,21.000000,10000.000000,2,0,13058036,1126,0,1126,-18,0,41,6
12,350,21.000000,10000.000000,2,0,13058039,1126,0,1126,-18,0,41,6
12,350,21.000000,10000.000000,2,0,13058042,1126,0,1126,-18,0,41,6
12,350,21.000000,10000.000000,2,0,13058045,1127,0,1127,-18,0,41,6
12,350,21.000000,10000.000000,2,0,13058048,1128,0,1128,-18,0,41,6
12,350,21.000000,10000.000000,2,0,13058050,1128,0,1128,-18,0,41,6
12,350,21.000000,10000.000000,2,0,13058053,1128,0,1128,-18,0,41,6
12,350,21.000000,10000.000000,2,0,13058056,1128,0,1128,-18,0,41,6
12,350,21.000000,10000.000000,2,0,13058058,1129,0,1129,-18,0,41,6
12,350,21.000000,10000.000000,2,0,13058061,1130,0,1130,-18,0,41,6
12,350,21.000000,10000.000000,2,0,13058064,1130,0,1130,-18,0,41,6
12,350,21.000000,10000.000000,2,0,13058067,1130,0,1130,-18,0,41,6
12,350,21.000000,10000.000000,2,0,13058070,1130,0,1130,-18,0,41,6
12,350,21.000000,10000.000000,2,0,13058072,1130,0,1130,-18,0,41,6
12,350,21.000000,10000.000000,2,0,13058075,1130,0,1130,-18,0,41,6
12,350,21.000000,10000.000000,2,0,13058078,1130,0,1130,-18,0,41,6
12,350,21.000000,10000.000000,2,0,13058081,1130,0,1130,-18,0,41,6
12,350,21.000000,10000.000000,2,0,13058083,1131,0,1131,-18,0,41,6
12,350,21.000000,10000.000000,2,0,13058086,1132,0,1132,-18,0,41,6
12,350,21.000000,10000.000000,2,0,13058089,1132,0,1132,-18,0,41,6
12,350,21.000000,10000.000000,2,0,13058092,1132,0,1132,-18,0,41,6
12,350,21.000000,10000.000000,2,0,13058095,1132,0,1132,-18,0,41,6
12,350,21.000000,10000.000000,2,0,13058098,1132,0,1132,-18,0,41,6
12,350,21.000000,10000.000000,2,0,13058100,1133,0,1133,-18,0,41,6
12,350,21.000000,10000.000000,2,0,13058103,1134,0,1134,-18,0,41,6
12,350,21.000000,10000.000000,2,0,13058106,1134,0,1134,-18,0,41,6
12,350,21.000000,10000.000000,2,0,13058109,1134,0,1134,-18,0,41,6
12,350,21.000000,10000.000000,2,0,13058111,1134,0,1134,-18,0,41,6
12,350,21.000000,10000.000000,2,0,13058114,1134,0,1134,-18,0,41,6
12,350,21.000000,10000.000000,2,0,13058117,1134,0,1134,-18,0,41,6
12,350,21.000000,10000.000000,2,0,13058120,1134,0,1134,-18,0,41,6
12,350,21.000000,10000.000000,2,0,13058122,1134,0,1134,-18,0,41,6
12,350,21.000000,10000.000000,2,0,13058125,1134,0,1134,-18,0,41,6
12,350,21.000000,10000.000000,2,0,13058128,1134,0,1134,-18,0,41,6
12,350,21.000000,10000.000000,2,0,13058131,1134,0,1134,-18,0,41,6
12,350,21.000000,10000.000000,2,0,13058134,1134,0,1134,-18,0,41,6
12,350,21.000000,10000.000000,2,0,13058137,1134,0,1134,-18,0,41,6
12,350,21.000000,10000.000000,2,0,13058139,1134,0,1134,-18,0,41,6
12,350,21.000000,10000.000000,2,0,13058142,1134,0,1134,-18,0,41,6
12,350,21.000000,10000.000000,2,0,13058145,1134,0,1134,-18,0,41,6
12,350,21.000000,10000.000000,2,0,13058148,1134,0,1134,-18,0,41,6
12,350,21.000000,10000.000000,2,0,13058150,1134,0,1134,-18,0,41,6
12,350,21.000000,10000.000000,2,0,13058153,1134,0,1134,-18,0,41,6
12,350,21.000000,10000.000000,2,0,13058156,1134,0,1134,-18,0,41,6
12,350,21.000000,10000.000000,2,0,13058159,1134,0,1134,-18,0,41,6
12,350,21.000000,10000.000000,2,0,13058161,1134,0,1134,-18,0,41,6
12,350,21.000000,10000.000000,2,0,13058164,1134,0,1134,-18,0,41,6
12,350,21.000000,10000.000000,2,0,13058167,1134,0,1134,-18,0,41,6
12,350,21.000000,10000.000000,2,0,13058170,1134,0,1134,-18,0,41,6
12,350,21.000000,10000.000000,2,0,13058172,1134,0,1134,-18,0,41,6
12,350,21.000000,10000.000000,2,0,13058175,1134,0,1134,-18,0,41,6
12,350,21.000000,10000.000000,2,0,13058178,1134,0,1134,-18,0,41,6
12,350,21.000000,10000.000000,2,0,13058181,1134,0,1134,-18,0,41,6
12,350,21.000000,10000.000000,2,0,13058184,1134,0,1134,-18,0,41,6
12,350,21.000000,10000.000000,2,0,13058186,1134,0,1134,-18,0,41,6
12,350,21.000000,10000.000000,2,0,13058189,1134,0,1134,-18,0,41,6
12,350,21.000000,10000.000000,2,0,13058192,1134,0,1134,-18,0,41,6
12,350,21.000000,10000.000000,2,0,13058195,1134,0,1134,-18,0,41,6
12,350,21.000000,10000.000000,2,0,13058197,1134,0,1134,-18,0,41,6
12,350,21.000000,10000.000000,2,0,13058200,1134,0,1134,-18,0,41,6
12,350,21.000000,10000.000000,2,0,13058203,1134,0,1134,-18,0,41,6
12,350,21.000000,10000.000000,2,0,13058206,1134,0,1134,-18,0,41,6
12,350,21.000000,10000.000000,2,0,13058208,1134,0,1134,-18,0,41,6
12,350,21.000000,10000.000000,2,0,13058211,1134,0,1134,-18,0,41,6
12,350,21.000000,10000.000000,2,0,13058214,1134,0,1134,-18,0,41,6
12,350,21.000000,10000.000000,2,0,13058217,1134,0,1134,-18,0,41,6
12,350,21.000000,10000.000000,2,0,13058220,1134,0,1134,-18,0,41,6
12,350,21.000000,10000.000000,2,0,13058222,1134,0,1134,-18,0,41,6
12,350,21.000000,10000.000000,2,0,13058226,1134,0,1134,-18,0,41,6
12,350,21.000000,10000.000000,2,0,13058228,1134,0,1134,-18,0,41,6
12,350,21.000000,10000.000000,2,0,13058231,1134,0,1134,-18,0,41,6
12,350,21.000000,10000.000000,2,0,13058234,1134,0,1134,-18,0,41,6
12,350,21.000000,10000.000000,2,0,13058237,1134,0,1134,-18,0,41,6
12,350,21.000000,10000.000000,2,0,13058239,1134,0,1134,-18,0,41,6
12,350,21.000000,10000.000000,2,0,13058242,1134,0,1134,-18,0,41,6
12,350,21.000000,10000.000000,2,0,13058245,1134,0,1134,-18,0,41,6
12,350,21.000000,10000.000000,2,0,13058247,1134,0,1134,-18,0,41,6
12,350,21.000000,10000.000000,2,0,13058250,1134,0,1134,-18,0,41,6
12,350,21.000000,10000.000000,2,0,13058253,1134,0,1134,-18,0,41,6
12,350,21.000000,10000.000000,2,0,13058256,1134,0,1134,-18,0,41,6
12,350,21.000000,10000.000000,2,0,13058259,1135,0,1135,-18,0,41,6
12,350,21.000000,10000.000000,2,0,13058261,1136,0,1136,-18,0,41,6
12,350,21.000000,10000.000000,2,0,13058264,1136,0,1136,-18,0,41,6
12,350,21.000000,10000.000000,2,0,13058267,1136,0,1136,-18,0,41,6
12,350,21.000000,10000.000000,2,0,13058278,1136,0,1136,-18,0,41,6
