12,700,21.000000,10000.000000,2,0,13286765,610,0,610,0,0,53,8
12,700,21.000000,10000.000000,2,0,13286766,610,0,610,0,0,53,8
12,700,21.000000,10000.000000,2,0,13286769,610,0,610,0,0,53,8
12,700,21.000000,10000.000000,2,0,13286772,610,0,610,0,0,53,8
12,700,21.000000,10000.000000,2,0,13286774,610,0,610,0,0,53,8
12,700,21.000000,10000.000000,2,0,13286777,610,0,610,0,0,53,8
12,700,21.000000,10000.000000,2,0,13286780,610,0,610,0,0,53,8
12,700,21.000000,10000.000000,2,0,13286783,610,0,610,0,0,53,8
12,700,21.000000,10000.000000,2,0,13286786,610,0,610,0,0,53,8
12,700,21.000000,10000.000000,2,0,13286788,610,0,610,0,0,53,8
12,700,21.000000,10000.000000,2,0,13286791,610,0,610,0,0,53,8
12,700,21.000000,10000.000000,2,0,13286794,610,0,610,0,0,53,8
12,700,21.000000,10000.000000,2,0,13286797,610,0,610,0,0,53,8
12,700,21.000000,10000.000000,2,0,13286800,610,0,610,0,0,53,8
12,700,21.000000,10000.000000,2,0,13286802,610,0,610,0,0,53,8
12,700,21.000000,10000.000000,2,0,13286805,610,0,610,0,0,53,8
12,700,21.000000,10000.000000,2,0,13286808,610,0,610,0,0,53,8
12,700,21.000000,10000.000000,2,0,13286811,610,0,610,0,0,53,8
12,700,21.000000,10000.000000,2,0,13286814,610,0,610,0,0,53,8
12,700,21.000000,10000.000000,2,0,13286816,610,0,610,0,0,53,8
12,700,21.000000,10000.000000,2,0,13286819,610,0,610,0,0,53,8
12,700,21.000000,10000.000000,2,0,13286822,610,0,610,0,0,53,8
12,700,21.000000,10000.000000,2,0,13286825,610,0,610,0,0,53,8
12,700,21.000000,10000.000000,2,0,13286827,610,0,610,0,0,53,8
12,700,21.000000,10000.000000,2,0,13286830,610,0,610,0,0,53,8
12,700,21.000000,10000.000000,2,0,13286833,610,0,610,0,0,53,8
12,700,21.000000,10000.000000,2,0,13286835,610,0,610,0,0,53,8
12,700,21.000000,10000.000000,2,0,13286838,611,0,611,0,0,53,8
12,700,21.000000,10000.000000,2,0,13286841,612,0,612,0,0,53,8
12,700,21.000000,10000.000000,2,0,13286844,612,0,612,0,0,53,8
12,700,21.000000,10000.000000,2,0,13286847,613,0,613,0,0,53,8
12,700,21.000000,10000.000000,2,0,13286850,614,0,614,0,0,53,8
12,700,21.000000,10000.000000,2,0,13286853,615,0,615,0,0,53,8
12,700,21.000000,10000.000000,2,0,13286855,617,0,617,0,0,53,8
12,700,21.000000,10000.000000,2,0,13286858,618,0,618,0,0,53,8
12,700,21.000000,10000.000000,2,0,13286860,620,0,620,0,0,53,8
12,700,21.000000,10000.000000,2,0,13286863,623,0,623,0,0,53,8
12,700,21.000000,10000.000000,2,0,13286866,626,0,626,0,0,53,8
12,700,21.000000,10000.000000,2,0,13286869,629,0,629,0,0,53,8
12,700,21.000000,10000.000000,2,0,13286872,633,0,633,0,0,53,8
12,700,21.000000,10000.000000,2,0,13286874,639,0,639,0,0,53,8
12,700,21.000000,10000.000000,2,0,13286877,643,0,643,0,0,53,8
12,700,21.000000,10000.000000,2,0,13286880,648,0,648,0,0,53,8
12,700,21.000000,10000.000000,2,0,13286883,654,0,654,0,0,53,8
12,700,21.000000,10000.000000,2,0,13286886,662,0,662,0,0,53,8
12,700,21.000000,10000.000000,2,0,13286888,671,0,671,0,0,53,8
12,700,21.000000,10000.000000,2,0,13286891,678,0,678,0,0,53,8
12,700,21.000000,10000.000000,2,0,13286894,685,0,685,-1,0,53,8
12,700,21.000000,10000.000000,2,0,13286897,694,0,694,-1,0,53,8
12,700,21.000000,10000.000000,2,0,13286899,702,0,702,-1,0,53,8
12,700,21.000000,10000.000000,2,0,13286902,713,0,713,-2,0,53,8
12,700,21.000000,10000.000000,2,0,13286905,723,0,723,-2,0,53,8
12,700,21.000000,10000.000000,2,0,13286908,732,0,732,-2,0,53,8
12,700,21.000000,10000.000000,2,0,13286911,742,0,742,-3,0,53,8
12,700,21.000000,10000.000000,2,0,13286914,753,0,753,-4,0,53,8
12,700,21.000000,10000.000000,2,0,13286916,762,0,762,-5,0,53,8
12,700,21.000000,10000.000000,2,0,13286919,773,0,773,-5,0,53,8
12,700,21.000000,10000.000000,2,0,13286922,785,0,785,-5,0,53,8
12,700,21.000000,10000.000000,2,0,13286925,796,0,796,-7,0,53,8
12,700,21.000000,10000.000000,2,0,13286927,808,0,808,-7,0,53,8
12,700,21.000000,10000.000000,2,0,13286930,817,0,817,-7,0,53,8
12,700,21.000000,10000.000000,2,0,13286933,828,0,828,-7,0,53,8
12,700,21.000000,10000.000000,2,0,13286936,837,0,837,-8,0,53,8
12,700,21.000000,10000.000000,2,0,13286939,846,0,846,-8,0,53,8
12,700,21.000000,10000.000000,2,0,13286941,858,0,858,-8,0,53,8
12,700,21.000000,10000.000000,2,0,13286944,869,0,869,-8,0,53,8
12,700,21.000000,10000.000000,2,0,13286947,879,0,879,-9,0,53,8
12,700,21.000000,10000.000000,2,0,13286950,888,0,888,-9,0,53,8
12,700,21.000000,10000.000000,2,0,13286952,899,0,899,-10,0,53,8
12,700,21.000000,10000.000000,2,0,13286955,907,0,907,-10,0,53,8
12,700,21.000000,10000.000000,2,0,13286958,919,0,919,-10,0,53,8
12,700,21.000000,10000.000000,2,0,13286961,930,0,930,-10,0,53,8
12,700,21.000000,10000.000000,2,0,13286964,941,0,941,-11,0,53,8
12,700,21.000000,10000.000000,2,0,13286966,951,0,951,-11,0,53,8
12,700,21.000000,10000.000000,2,0,13286969,961,0,961,-11,0,53,8
12,700,21.000000,10000.000000,2,0,13286972,969,0,969,-11,0,53,8
12,700,21.000000,10000.000000,2,0,13286975,980,0,980,-13,0,53,8
12,700,21.000000,10000.000000,2,0,13286978,989,0,989,-13,0,53,8
12,700,21.000000,10000.000000,2,0,13286980,997,0,997,-13,0,53,8
12,700,21.000000,10000.000000,2,0,13286983,1007,0,1007,-16,0,53,8
12,700,21.000000,10000.000000,2,0,13286986,1016,0,1016,-16,0,53,8
12,700,21.000000,10000.000000,2,0,13286989,1024,0,1024,-17,0,53,8
12,700,21.000000,10000.000000,2,0,13286991,1031,0,1031,-17,0,53,8
12,700,21.000000,10000.000000,2,0,13286994,1040,0,1040,-17,0,53,8
12,700,21.000000,10000.000000,2,0,13286997,1046,0,1046,-18,0,53,8
12,700,21.000000,10000.000000,2,0,13287000,1055,0,1055,-19,0,53,8
12,700,21.000000,10000.000000,2,0,13287002,1060,0,1060,-20,0,53,8
12,700,21.000000,10000.000000,2,0,13287005,1067,0,1067,-20,0,53,8
12,700,21.000000,10000.000000,2,0,13287008,1075,0,1075,-20,0,53,8
12,700,21.000000,10000.000000,2,0,13287011,1078,0,1078,-20,0,53,8
12,700,21.000000,10000.000000,2,0,13287014,1086,0,1086,-22,0,53,8
12,700,21.000000,10000.000000,2,0,13287016,1091,0,1091,-22,0,53,8
12,700,21.000000,10000.000000,2,0,13287019,1098,0,1098,-23,0,53,8
12,700,21.000000,10000.000000,2,0,13287022,1102,0,1102,-23,0,53,8
12,700,21.000000,10000.000000,2,0,13287025,1109,0,1109,-23,0,53,8
12,700,21.000000,10000.000000,2,0,13287028,1113,0,1113,-24,0,53,8
12,700,21.000000,10000.000000,2,0,13287030,1117,0,1117,-24,0,53,8
12,700,21.000000,10000.000000,2,0,13287033,1122,0,1122,-24,0,53,8
12,700,21.000000,10000.000000,2,0,13287036,1126,0,1126,-25,0,53,8
12,700,21.000000,10000.000000,2,0,13287038,1128,0,1128,-25,0,53,8
12,700,21.000000,10000.000000,2,0,13287041,1132,0,1132,-26,0,53,8
12,700,21.000000,10000.000000,2,0,13287044,1135,0,1135,-26,0,53,8
12,700,21.000000,10000.000000,2,0,13287047,1139,0,1139,-26,0,53,8
12,700,21.000000,10000.000000,2,0,13287049,1141,0,1141,-27,0,53,8
12,700,21.000000,10000.000000,2,0,13287052,1143,0,1143,-27,0,53,8
12,700,21.000000,10000.000000,2,0,13287055,1145,0,1145,-27,0,53,8
12,700,21.000000,10000.000000,2,0,13287058,1147,0,1147,-27,0,53,8
12,700,21.000000,10000.000000,2,0,13287061,1149,0,1149,-27,0,53,8
12,700,21.000000,10000.000000,2,0,13287064,1151,0,1151,-27,0,53,8
12,700,21.000000,10000.000000,2,0,13287066,1154,0,1154,-27,0,53,8
12,700,21.000000,10000.000000,2,0,13287069,1156,0,1156,-27,0,53,8
12,700,21.000000,10000.000000,2,0,13287072,1158,0,1158,-27,0,53,8
12,700,21.000000,10000.000000,2,0,13287075,1160,0,1160,-27,0,53,8
12,700,21.000000,10000.000000,2,0,13287078,1161,0,1161,-27,0,53,8
12,700,21.000000,10000.000000,2,0,13287080,1163,0,1163,-27,0,53,8
12,700,21.000000,10000.000000,2,0,13287083,1165,0,1165,-27,0,53,8
12,700,21.000000,10000.000000,2,0,13287086,1167,0,1167,-27,0,53,8
12,700,21.000000,10000.000000,2,0,13287089,1168,0,1168,-27,0,53,8
12,700,21.000000,10000.000000,2,0,13287091,1169,0,1169,-27,0,53,8
12,700,21.000000,10000.000000,2,0,13287094,1170,0,1170,-28,0,53,8
12,700,21.000000,10000.000000,2,0,13287097,1171,0,1171,-28,0,53,8
12,700,21.000000,10000.000000,2,0,13287100,1173,0,1173,-28,0,53,8
12,700,21.000000,10000.000000,2,0,13287103,1175,0,1175,-29,0,53,8
12,700,21.000000,10000.000000,2,0,13287105,1176,0,1176,-29,0,53,8
12,700,21.000000,10000.000000,2,0,13287108,1177,0,1177,-30,0,53,8
12,700,21.000000,10000.000000,2,0,13287111,1178,0,1178,-30,0,53,8
12,700,21.000000,10000.000000,2,0,13287114,1179,0,1179,-30,0,53,8
12,700,21.000000,10000.000000,2,0,13287117,1180,0,1180,-30,0,53,8
12,700,21.000000,10000.000000,2,0,13287119,1180,0,1180,-31,0,53,8
12,700,21.000000,10000.000000,2,0,13287122,1181,0,1181,-31,0,53,8
12,700,21.000000,10000.000000,2,0,13287124,1182,0,1182,-31,0,53,8
12,700,21.000000,10000.000000,2,0,13287127,1183,0,1183,-31,0,53,8
12,700,21.000000,10000.000000,2,0,13287130,1184,0,1184,-32,0,53,8
12,700,21.000000,10000.000000,2,0,13287133,1185,0,1185,-32,0,53,8
12,700,21.000000,10000.000000,2,0,13287136,1186,0,1186,-32,0,53,8
12,700,21.000000,10000.000000,2,0,13287138,1187,0,1187,-32,0,53,8
12,700,21.000000,10000.000000,2,0,13287141,1188,0,1188,-32,0,53,8
12,700,21.000000,10000.000000,2,0,13287144,1189,0,1189,-32,0,53,8
12,700,21.000000,10000.000000,2,0,13287147,1191,0,1191,-32,0,53,8
12,700,21.000000,10000.000000,2,0,13287150,1191,0,1191,-32,0,53,8
12,700,21.000000,10000.000000,2,0,13287153,1192,0,1192,-32,0,53,8
12,700,21.000000,10000.000000,2,0,13287155,1193,0,1193,-32,0,53,8
12,700,21.000000,10000.000000,2,0,13287158,1194,0,1194,-32,0,53,8
12,700,21.000000,10000.000000,2,0,13287161,1195,0,1195,-32,0,53,8
12,700,21.000000,10000.000000,2,0,13287164,1196,0,1196,-32,0,53,8
12,700,21.000000,10000.000000,2,0,13287166,1197,0,1197,-32,0,53,8
12,700,21.000000,10000.000000,2,0,13287169,1198,0,1198,-32,0,53,8
12,700,21.000000,10000.000000,2,0,13287172,1200,0,1200,-32,0,53,8
12,700,21.000000,10000.000000,2,0,13287175,1201,0,1201,-32,0,53,8
12,700,21.000000,10000.000000,2,0,13287178,1202,0,1202,-32,0,53,8
12,700,21.000000,10000.000000,2,0,13287180,1204,0,1204,-32,0,53,8
12,700,21.000000,10000.000000,2,0,13287183,1205,0,1205,-32,0,53,8
12,700,21.000000,10000.000000,2,0,13287186,1206,0,1206,-32,0,53,8
12,700,21.000000,10000.000000,2,0,13287189,1207,0,1207,-32,0,53,8
12,700,21.000000,10000.000000,2,0,13287192,1209,0,1209,-32,0,53,8
12,700,21.000000,10000.000000,2,0,13287195,1211,0,1211,-32,0,53,8
12,700,21.000000,10000.000000,2,0,13287197,1213,0,1213,-32,0,53,8
12,700,21.000000,10000.000000,2,0,13287200,1215,0,1215,-32,0,53,8
12,700,21.000000,10000.000000,2,0,13287203,1216,0,1216,-32,0,53,8
12,700,21.000000,10000.000000,2,0,13287205,1218,0,1218,-32,0,53,8
12,700,21.000000,10000.000000,2,0,13287208,1222,0,1222,-33,0,53,8
12,700,21.000000,10000.000000,2,0,13287211,1225,0,1225,-33,0,53,8
12,700,21.000000,10000.000000,2,0,13287214,1227,0,1227,-33,0,53,8
12,700,21.000000,10000.000000,2,0,13287216,1230,0,1230,-33,0,53,8
12,700,21.000000,10000.000000,2,0,13287219,1231,0,1231,-34,0,53,8
12,700,21.000000,10000.000000,2,0,13287222,1233,0,1233,-34,0,53,8
12,700,21.000000,10000.000000,2,0,13287225,1234,0,1234,-35,0,53,8
12,700,21.000000,10000.000000,2,0,13287227,1236,0,1236,-35,0,53,8
12,700,21.000000,10000.000000,2,0,13287231,1237,0,1237,-35,0,53,8
12,700,21.000000,10000.000000,2,0,13287233,1239,0,1239,-35,0,53,8
12,700,21.000000,10000.000000,2,0,13287236,1241,0,1241,-36,0,53,8
12,700,21.000000,10000.000000,2,0,13287239,1243,0,1243,-36,0,53,8
12,700,21.000000,10000.000000,2,0,13287242,1245,0,1245,-36,0,53,8
12,700,21.000000,10000.000000,2,0,13287244,1246,0,1246,-36,0,53,8
12,700,21.000000,10000.000000,2,0,13287247,1248,0,1248,-36,0,53,8
12,700,21.000000,10000.000000,2,0,13287250,1250,0,1250,-36,0,53,8
12,700,21.000000,10000.000000,2,0,13287252,1251,0,1251,-37,0,53,8
12,700,21.000000,10000.000000,2,0,13287255,1252,0,1252,-37,0,53,8
12,700,21.000000,10000.000000,2,0,13287258,1253,0,1253,-37,0,53,8
12,700,21.000000,10000.000000,2,0,13287261,1254,0,1254,-37,0,53,8
12,700,21.000000,10000.000000,2,0,13287264,1255,0,1255,-37,0,53,8
12,700,21.000000,10000.000000,2,0,13287267,1256,0,1256,-37,0,53,8
12,700,21.000000,10000.000000,2,0,13287269,1257,0,1257,-37,0,53,8
12,700,21.000000,10000.000000,2,0,13287272,1259,0,1259,-37,0,53,8
12,700,21.000000,10000.000000,2,0,13287275,1260,0,1260,-37,0,53,8
12,700,21.000000,10000.000000,2,0,13287278,1261,0,1261,-37,0,53,8
12,700,21.000000,10000.000000,2,0,13287280,1263,0,1263,-37,0,53,8
12,700,21.000000,10000.000000,2,0,13287283,1264,0,1264,-37,0,53,8
12,700,21.000000,10000.000000,2,0,13287286,1265,0,1265,-37,0,53,8
12,700,21.000000,10000.000000,2,0,13287289,1267,0,1267,-37,0,53,8
12,700,21.000000,10000.000000,2,0,13287292,1270,0,1270,-37,0,53,8
12,700,21.000000,10000.000000,2,0,13287294,1274,0,1274,-37,0,53,8
12,700,21.000000,10000.000000,2,0,13287297,1276,0,1276,-37,0,53,8
12,700,21.000000,10000.000000,2,0,13287300,1278,0,1278,-37,0,53,8
12,700,21.000000,10000.000000,2,0,13287303,1280,0,1280,-37,0,53,8
12,700,21.000000,10000.000000,2,0,13287305,1282,0,1282,-37,0,53,8
12,700,21.000000,10000.000000,2,0,13287308,1283,0,1283,-38,0,53,8
12,700,21.000000,10000.000000,2,0,13287311,1284,0,1284,-38,0,53,8
12,700,21.000000,10000.000000,2,0,13287314,1285,0,1285,-38,0,53,8
12,700,21.000000,10000.000000,2,0,13287317,1286,0,1286,-38,0,53,8
12,700,21.000000,10000.000000,2,0,13287319,1287,0,1287,-38,0,53,8
12,700,21.000000,10000.000000,2,0,13287322,1288,0,1288,-38,0,53,8
12,700,21.000000,10000.000000,2,0,13287325,1289,0,1289,-38,0,53,8
12,700,21.000000,10000.000000,2,0,13287328,1290,0,1290,-38,0,53,8
12,700,21.000000,10000.000000,2,0,13287331,1291,0,1291,-38,0,53,8
12,700,21.000000,10000.000000,2,0,13287333,1292,0,1292,-38,0,53,8
12,700,21.000000,10000.000000,2,0,13287336,1293,0,1293,-38,0,53,8
12,700,21.000000,10000.000000,2,0,13287339,1293,0,1293,-38,0,53,8
12,700,21.000000,10000.000000,2,0,13287342,1293,0,1293,-38,0,53,8
12,700,21.000000,10000.000000,2,0,13287344,1294,0,1294,-38,0,53,8
12,700,21.000000,10000.000000,2,0,13287347,1295,0,1295,-38,0,53,8
12,700,21.000000,10000.000000,2,0,13287350,1296,0,1296,-38,0,53,8
12,700,21.000000,10000.000000,2,0,13287352,1297,0,1297,-38,0,53,8
12,700,21.000000,10000.000000,2,0,13287355,1298,0,1298,-38,0,53,8
12,700,21.000000,10000.000000,2,0,13287358,1299,0,1299,-38,0,53,8
12,700,21.000000,10000.000000,2,0,13287361,1300,0,1300,-38,0,53,8
12,700,21.000000,10000.000000,2,0,13287364,1301,0,1301,-38,0,53,8
12,700,21.000000,10000.000000,2,0,13287366,1302,0,1302,-38,0,53,8
12,700,21.000000,10000.000000,2,0,13287369,1303,0,1303,-38,0,53,8
12,700,21.000000,10000.000000,2,0,13287372,1304,0,1304,-38,0,53,8
12,700,21.000000,10000.000000,2,0,13287375,1305,0,1305,-38,0,53,8
12,700,21.000000,10000.000000,2,0,13287378,1306,0,1306,-38,0,53,8
12,700,21.000000,10000.000000,2,0,13287381,1307,0,1307,-38,0,53,8
12,700,21.000000,10000.000000,2,0,13287383,1308,0,1308,-38,0,53,8
12,700,21.000000,10000.000000,2,0,13287386,1309,0,1309,-38,0,53,8
12,700,21.000000,10000.000000,2,0,13287389,1309,0,1309,-38,0,53,8
12,700,21.000000,10000.000000,2,0,13287391,1309,0,1309,-38,0,53,8
12,700,21.000000,10000.000000,2,0,13287394,1309,0,1309,-38,0,53,8
12,700,21.000000,10000.000000,2,0,13287397,1309,0,1309,-38,0,53,8
12,700,21.000000,10000.000000,2,0,13287400,1309,0,1309,-38,0,53,8
12,700,21.000000,10000.000000,2,0,13287403,1309,0,1309,-38,0,53,8
12,700,21.000000,10000.000000,2,0,13287406,1309,0,1309,-38,0,53,8
12,700,21.000000,10000.000000,2,0,13287408,1309,0,1309,-38,0,53,8
12,700,21.000000,10000.000000,2,0,13287411,1309,0,1309,-38,0,53,8
12,700,21.000000,10000.000000,2,0,13287414,1309,0,1309,-38,0,53,8
12,700,21.000000,10000.000000,2,0,13287417,1309,0,1309,-38,0,53,8
12,700,21.000000,10000.000000,2,0,13287420,1309,0,1309,-38,0,53,8
12,700,21.000000,10000.000000,2,0,13287422,1309,0,1309,-38,0,53,8
12,700,21.000000,10000.000000,2,0,13287425,1309,0,1309,-38,0,53,8
12,700,21.000000,10000.000000,2,0,13287428,1309,0,1309,-38,0,53,8
12,700,21.000000,10000.000000,2,0,13287431,1309,0,1309,-38,0,53,8
12,700,21.000000,10000.000000,2,0,13287433,1309,0,1309,-38,0,53,8
12,700,21.000000,10000.000000,2,0,13287436,1309,0,1309,-38,0,53,8
12,700,21.000000,10000.000000,2,0,13287439,1310,0,1310,-38,0,53,8
12,700,21.000000,10000.000000,2,0,13287442,1311,0,1311,-38,0,53,8
12,700,21.000000,10000.000000,2,0,13287444,1312,0,1312,-38,0,53,8
12,700,21.000000,10000.000000,2,0,13287447,1313,0,1313,-38,0,53,8
12,700,21.000000,10000.000000,2,0,13287450,1314,0,1314,-38,0,53,8
12,700,21.000000,10000.000000,2,0,13287453,1315,0,1315,-38,0,53,8
12,700,21.000000,10000.000000,2,0,13287456,1316,0,1316,-38,0,53,8
12,700,21.000000,10000.000000,2,0,13287458,1317,0,1317,-38,0,53,8
12,700,21.000000,10000.000000,2,0,13287461,1318,0,1318,-38,0,53,8
12,700,21.000000,10000.000000,2,0,13287464,1319,0,1319,-38,0,53,8
12,700,21.000000,10000.000000,2,0,13287467,1320,0,1320,-38,0,53,8
12,700,21.000000,10000.000000,2,0,13287469,1320,0,1320,-38,0,53,8
12,700,21.000000,10000.000000,2,0,13287472,1321,0,1321,-39,0,53,8
12,700,21.000000,10000.000000,2,0,13287475,1322,0,1322,-39,0,53,8
12,700,21.000000,10000.000000,2,0,13287478,1322,0,1322,-39,0,53,8
12,700,21.000000,10000.000000,2,0,13287480,1322,0,1322,-39,0,53,8
12,700,21.000000,10000.000000,2,0,13287483,1322,0,1322,-39,0,53,8
12,700,21.000000,10000.000000,2,0,13287486,1322,0,1322,-39,0,53,8
12,700,21.000000,10000.000000,2,0,13287489,1322,0,1322,-39,0,53,8
12,700,21.000000,10000.000000,2,0,13287492,1322,0,1322,-39,0,53,8
12,700,21.000000,10000.000000,2,0,13287495,1322,0,1322,-39,0,53,8
12,700,21.000000,10000.000000,2,0,13287497,1322,0,1322,-39,0,53,8
12,700,21.000000,10000.000000,2,0,13287500,1322,0,1322,-39,0,53,8
12,700,21.000000,10000.000000,2,0,13287503,1322,0,1322,-39,0,53,8
12,700,21.000000,10000.000000,2,0,13287506,1321,0,1321,-39,0,53,8
12,700,21.000000,10000.000000,2,0,13287508,1320,0,1320,-39,0,53,8
12,700,21.000000,10000.000000,2,0,13287511,1320,0,1320,-39,0,53,8
12,700,21.000000,10000.000000,2,0,13287514,1320,0,1320,-39,0,53,8
12,700,21.000000,10000.000000,2,0,13287517,1319,0,1319,-39,0,53,8
12,700,21.000000,10000.000000,2,0,13287520,1318,0,1318,-39,0,53,8
12,700,21.000000,10000.000000,2,0,13287522,1318,0,1318,-39,0,53,8
12,700,21.000000,10000.000000,2,0,13287525,1318,0,1318,-39,0,53,8
12,700,21.000000,10000.000000,2,0,13287528,1318,0,1318,-39,0,53,8
12,700,21.000000,10000.000000,2,0,13287531,1317,0,1317,-39,0,53,8
12,700,21.000000,10000.000000,2,0,13287533,1316,0,1316,-39,0,53,8
12,700,21.000000,10000.000000,2,0,13287536,1316,0,1316,-39,0,53,8
12,700,21.000000,10000.000000,2,0,13287539,1316,1,1316,-38,0,53,8
12,700,21.000000,10000.000000,2,0,13287542,1316,1,1316,-38,0,53,8
12,700,21.000000,10000.000000,2,0,13287545,1316,1,1316,-38,0,53,8
12,700,21.000000,10000.000000,2,0,13287547,1316,1,1316,-38,0,53,8
12,700,21.000000,10000.000000,2,0,13287550,1316,1,1316,-38,0,53,8
12,700,21.000000,10000.000000,2,0,13287553,1316,1,1316,-38,0,53,8
12,700,21.000000,10000.000000,2,0,13287556,1316,1,1316,-38,0,53,8
12,700,21.000000,10000.000000,2,0,13287559,1316,1,1316,-38,0,53,8
12,700,21.000000,10000.000000,2,0,13287561,1316,1,1316,-38,0,53,8
12,700,21.000000,10000.000000,2,0,13287564,1316,1,1316,-38,0,53,8
12,700,21.000000,10000.000000,2,0,13287566,1316,1,1316,-38,0,53,8
12,700,21.000000,10000.000000,2,0,13287569,1316,1,1316,-38,0,53,8
12,700,21.000000,10000.000000,2,0,13287572,1316,1,1316,-38,0,53,8
12,700,21.000000,10000.000000,2,0,13287575,1316,1,1316,-38,0,53,8
12,700,21.000000,10000.000000,2,0,13287578,1316,1,1316,-38,0,53,8
12,700,21.000000,10000.000000,2,0,13287581,1316,1,1316,-38,0,53,8
12,700,21.000000,10000.000000,2,0,13287583,1316,1,1316,-38,0,53,8
12,700,21.000000,10000.000000,2,0,13287586,1316,1,1316,-38,0,53,8
12,700,21.000000,10000.000000,2,0,13287589,1316,1,1316,-38,0,53,8
12,700,21.000000,10000.000000,2,0,13287592,1316,1,1316,-38,0,53,8
12,700,21.000000,10000.000000,2,0,13287594,1316,1,1316,-38,0,53,8
12,700,21.000000,10000.000000,2,0,13287597,1316,1,1316,-38,0,53,8
12,700,21.000000,10000.000000,2,0,13287600,1316,1,1316,-38,0,53,8
12,700,21.000000,10000.000000,2,0,13287603,1316,1,1316,-38,0,53,8
12,700,21.000000,10000.000000,2,0,13287606,1316,1,1316,-38,0,53,8
12,700,21.000000,10000.000000,2,0,13287609,1316,1,1316,-38,0,53,8
12,700,21.000000,10000.000000,2,0,13287611,1316,1,1316,-38,0,53,8
12,700,21.000000,10000.000000,2,0,13287614,1316,1,1316,-38,0,53,8
12,700,21.000000,10000.000000,2,0,13287617,1316,1,1316,-38,0,53,8
12,700,21.000000,10000.000000,2,0,13287620,1316,1,1316,-38,0,53,8
12,700,21.000000,10000.000000,2,0,13287622,1316,1,1316,-38,0,53,8
12,700,21.000000,10000.000000,2,0,13287625,1316,1,1316,-38,0,53,8
12,700,21.000000,10000.000000,2,0,13287628,1316,1,1316,-38,0,53,8
12,700,21.000000,10000.000000,2,0,13287630,1316,1,1316,-38,0,53,8
12,700,21.000000,10000.000000,2,0,13287633,1316,1,1316,-38,0,53,8
12,700,21.000000,10000.000000,2,0,13287636,1316,1,1316,-38,0,53,8
12,700,21.000000,10000.000000,2,0,13287639,1316,1,1316,-38,0,53,8
12,700,21.000000,10000.000000,2,0,13287642,1316,1,1316,-38,0,53,8
12,700,21.000000,10000.000000,2,0,13287644,1316,1,1316,-38,0,53,8
12,700,21.000000,10000.000000,2,0,13287647,1316,1,1316,-38,0,53,8
12,700,21.000000,10000.000000,2,0,13287650,1316,1,1316,-38,0,53,8
12,700,21.000000,10000.000000,2,0,13287653,1316,1,1316,-38,0,53,8
12,700,21.000000,10000.000000,2,0,13287656,1316,1,1316,-38,0,53,8
12,700,21.000000,10000.000000,2,0,13287658,1316,1,1316,-38,0,53,8
12,700,21.000000,10000.000000,2,0,13287661,1316,1,1316,-38,0,53,8
12,700,21.000000,10000.000000,2,0,13287664,1316,1,1316,-38,0,53,8
12,700,21.000000,10000.000000,2,0,13287667,1316,1,1316,-38,0,53,8
12,700,21.000000,10000.000000,2,0,13287670,1316,1,1316,-38,0,53,8
12,700,21.000000,10000.000000,2,0,13287672,1316,1,1316,-38,0,53,8
12,700,21.000000,10000.000000,2,0,13287675,1316,1,1316,-38,0,53,8
12,700,21.000000,10000.000000,2,0,13287678,1316,1,1316,-38,0,53,8
12,700,21.000000,10000.000000,2,0,13287681,1316,1,1316,-38,0,53,8
12,700,21.000000,10000.000000,2,0,13287684,1316,1,1316,-38,0,53,8
12,700,21.000000,10000.000000,2,0,13287686,1316,1,1316,-38,0,53,8
12,700,21.000000,10000.000000,2,0,13287689,1316,1,1316,-38,0,53,8
12,700,21.000000,10000.000000,2,0,13287692,1316,1,1316,-38,0,53,8
12,700,21.000000,10000.000000,2,0,13287695,1316,1,1316,-38,0,53,8
12,700,21.000000,10000.000000,2,0,13287697,1316,1,1316,-38,0,53,8
12,700,21.000000,10000.000000,2,0,13287700,1316,1,1316,-38,0,53,8
12,700,21.000000,10000.000000,2,0,13287713,1316,1,1316,-38,0,53,8
