8,350,21.000000,0.000000,2,0,102401425,789,0,789,0,0,42,4
8,350,21.000000,0.000000,2,0,102401426,789,0,789,0,0,42,4
8,350,21.000000,0.000000,2,0,102401429,789,0,789,0,0,42,4
8,350,21.000000,0.000000,2,0,102401431,789,0,789,0,0,42,4
8,350,21.000000,0.000000,2,0,102401434,789,0,789,0,0,42,4
8,350,21.000000,0.000000,2,0,102401437,789,0,789,0,0,42,4
8,350,21.000000,0.000000,2,0,102401440,789,0,789,0,0,42,4
8,350,21.000000,0.000000,2,0,102401443,789,0,789,0,0,42,4
8,350,21.000000,0.000000,2,0,102401445,789,0,789,0,0,42,4
8,350,21.000000,0.000000,2,0,102401448,789,0,789,0,0,42,4
8,350,21.000000,0.000000,2,0,102401451,789,0,789,0,0,42,4
8,350,21.000000,0.000000,2,0,102401454,789,0,789,0,0,42,4
8,350,21.000000,0.000000,2,0,102401457,789,0,789,0,0,42,4
8,350,21.000000,0.000000,2,0,102401460,789,0,789,0,0,42,4
8,350,21.000000,0.000000,2,0,102401462,789,0,789,0,0,42,4
8,350,21.000000,0.000000,2,0,102401465,789,0,789,0,0,42,4
8,350,21.000000,0.000000,2,0,102401468,789,0,789,0,0,42,4
8,350,21.000000,0.000000,2,0,102401470,789,0,789,0,0,42,4
8,350,21.000000,0.000000,2,0,102401473,789,0,789,0,0,42,4
8,350,21.000000,0.000000,2,0,102401476,789,0,789,0,0,42,4
8,350,21.000000,0.000000,2,0,102401479,789,0,789,0,0,42,4
8,350,21.000000,0.000000,2,0,102401481,789,0,789,0,0,42,4
8,350,21.000000,0.000000,2,0,102401484,789,0,789,0,0,42,4
8,350,21.000000,0.000000,2,0,102401487,789,0,789,0,0,42,4
8,350,21.000000,0.000000,2,0,102401490,789,0,789,0,0,42,4
8,350,21.000000,0.000000,2,0,102401493,789,0,789,0,0,42,4
8,350,21.000000,0.000000,2,0,102401496,789,0,789,0,0,42,4
8,350,21.000000,0.000000,2,0,102401498,789,0,789,0,0,42,4
8,350,21.000000,0.000000,2,0,102401501,789,0,789,0,0,42,4
8,350,21.000000,0.000000,2,0,102401504,789,0,789,0,0,42,4
8,350,21.000000,0.000000,2,0,102401507,789,0,789,0,0,42,4
8,350,21.000000,0.000000,2,0,102401509,789,0,789,0,0,42,4
8,350,21.000000,0.000000,2,0,102401512,789,0,789,0,0,42,4
8,350,21.000000,0.000000,2,0,102401515,789,0,789,0,0,42,4
8,350,21.000000,0.000000,2,0,102401518,789,0,789,0,0,42,4
8,350,21.000000,0.000000,2,0,102401521,790,0,790,0,0,42,4
8,350,21.000000,0.000000,2,0,102401523,792,0,792,0,0,42,4
8,350,21.000000,0.000000,2,0,102401526,792,1,792,1,0,42,4
8,350,21.000000,0.000000,2,0,102401529,793,1,793,1,0,42,4
8,350,21.000000,0.000000,2,0,102401532,794,1,794,1,0,42,4
8,350,21.000000,0.000000,2,0,102401535,796,1,796,1,0,42,4
8,350,21.000000,0.000000,2,0,102401537,798,1,798,1,0,42,4
8,350,21.000000,0.000000,2,0,102401540,799,1,799,1,0,42,4
8,350,21.000000,0.000000,2,0,102401543,801,2,801,2,0,42,4
8,350,21.000000,0.000000,2,0,102401545,804,2,804,2,0,42,4
8,350,21.000000,0.000000,2,0,102401548,804,3,804,3,0,42,4
8,350,21.000000,0.000000,2,0,102401551,807,3,807,3,0,42,4
8,350,21.000000,0.000000,2,0,102401554,810,4,810,4,0,42,4
8,350,21.000000,0.000000,2,0,102401556,816,5,816,5,0,42,4
8,350,21.000000,0.000000,2,0,102401559,817,5,817,5,0,42,4
8,350,21.000000,0.000000,2,0,102401562,821,7,821,7,0,42,4
8,350,21.000000,0.000000,2,0,102401565,825,7,825,7,0,42,4
8,350,21.000000,0.000000,2,0,102401568,830,8,830,8,0,42,4
8,350,21.000000,0.000000,2,0,102401571,834,8,834,8,0,42,4
8,350,21.000000,0.000000,2,0,102401573,839,8,839,8,0,42,4
8,350,21.000000,0.000000,2,0,102401576,844,8,844,8,0,42,4
8,350,21.000000,0.000000,2,0,102401579,850,9,850,9,0,42,4
8,350,21.000000,0.000000,2,0,102401582,856,9,856,9,0,42,4
8,350,21.000000,0.000000,2,0,102401585,863,9,863,9,0,42,4
8,350,21.000000,0.000000,2,0,102401587,871,9,871,9,0,42,4
8,350,21.000000,0.000000,2,0,102401590,877,10,877,10,0,42,4
8,350,21.000000,0.000000,2,0,102401593,885,10,885,10,0,42,4
8,350,21.000000,0.000000,2,0,102401596,892,11,892,11,0,42,4
8,350,21.000000,0.000000,2,0,102401598,898,11,898,11,0,42,4
8,350,21.000000,0.000000,2,0,102401601,906,12,906,12,0,42,4
8,350,21.000000,0.000000,2,0,102401604,912,12,912,12,0,42,4
8,350,21.000000,0.000000,2,0,102401607,919,12,919,12,0,42,4
8,350,21.000000,0.000000,2,0,102401609,924,12,924,12,0,42,4
8,350,21.000000,0.000000,2,0,102401612,933,12,933,12,0,42,4
8,350,21.000000,0.000000,2,0,102401615,940,13,940,13,0,42,4
8,350,21.000000,0.000000,2,0,102401618,946,13,946,13,0,42,4
8,350,21.000000,0.000000,2,0,102401621,952,14,952,14,0,42,4
8,350,21.000000,0.000000,2,0,102401623,958,14,958,14,0,42,4
8,350,21.000000,0.000000,2,0,102401626,964,14,964,14,0,42,4
8,350,21.000000,0.000000,2,0,102401629,971,14,971,14,0,42,4
8,350,21.000000,0.000000,2,0,102401632,977,14,977,14,0,42,4
8,350,21.000000,0.000000,2,0,102401635,981,14,981,14,0,42,4
8,350,21.000000,0.000000,2,0,102401637,987,15,987,15,0,42,4
8,350,21.000000,0.000000,2,0,102401640,990,15,990,15,0,42,4
8,350,21.000000,0.000000,2,0,102401643,995,15,995,15,0,42,4
8,350,21.000000,0.000000,2,0,102401646,995,15,999,15,0,42,4
8,350,21.000000,0.000000,2,0,102401648,995,15,1003,15,0,42,4
8,350,21.000000,0.000000,2,0,102401651,995,15,1006,15,0,42,4
8,350,21.000000,0.000000,2,0,102401654,995,14,1009,14,0,42,4
8,350,21.000000,0.000000,2,0,102401657,995,14,1012,14,0,42,4
8,350,21.000000,0.000000,2,0,102401659,995,14,1016,14,0,42,4
8,350,21.000000,0.000000,2,0,102401662,995,14,1019,14,0,42,4
8,350,21.000000,0.000000,2,0,102401665,995,13,1021,13,0,42,4
8,350,21.000000,0.000000,2,0,102401668,995,12,1023,12,0,42,4
8,350,21.000000,0.000000,2,0,102401671,995,11,1026,11,0,42,4
8,350,21.000000,0.000000,2,0,102401673,995,9,1031,9,0,42,4
8,350,21.000000,0.000000,2,0,102401676,995,9,1032,9,0,42,4
8,350,21.000000,0.000000,2,0,102401679,995,9,1033,9,0,42,4
8,350,21.000000,0.000000,2,0,102401682,995,8,1037,8,0,42,4
8,350,21.000000,0.000000,2,0,102401685,995,7,1041,7,0,42,4
8,350,21.000000,0.000000,2,0,102401687,995,7,1042,7,0,42,4
8,350,21.000000,0.000000,2,0,102401690,995,6,1045,6,0,42,4
8,350,21.000000,0.000000,2,0,102401693,995,5,1047,5,0,42,4
8,350,21.000000,0.000000,2,0,102401696,995,5,1048,5,0,42,4
8,350,21.000000,0.000000,2,0,102401699,995,5,1049,5,0,42,4
8,350,21.000000,0.000000,2,0,102401701,995,4,1050,4,0,42,4
8,350,21.000000,0.000000,2,0,102401704,995,4,1052,4,0,42,4
8,350,21.000000,0.000000,2,0,102401707,995,4,1054,4,0,42,4
8,350,21.000000,0.000000,2,0,102401710,995,4,1055,4,0,42,4
8,350,21.000000,0.000000,2,0,102401712,995,3,1056,3,0,42,4
8,350,21.000000,0.000000,2,0,102401715,995,3,1057,3,0,42,4
8,350,21.000000,0.000000,2,0,102401718,995,3,1058,3,0,42,4
8,350,21.000000,0.000000,2,0,102401721,995,3,1060,3,0,42,4
8,350,21.000000,0.000000,2,0,102401723,995,3,1061,3,0,42,4
8,350,21.000000,0.000000,2,0,102401726,995,3,1063,3,0,42,4
8,350,21.000000,0.000000,2,0,102401729,995,3,1065,3,0,42,4
8,350,21.000000,0.000000,2,0,102401732,995,3,1067,3,0,42,4
8,350,21.000000,0.000000,2,0,102401735,995,3,1068,3,0,42,4
8,350,21.000000,0.000000,2,0,102401737,995,3,1069,3,0,42,4
8,350,21.000000,0.000000,2,0,102401740,995,3,1070,3,0,42,4
8,350,21.000000,0.000000,2,0,102401743,995,3,1071,3,0,42,4
8,350,21.000000,0.000000,2,0,102401746,995,3,1072,3,0,42,4
8,350,21.000000,0.000000,2,0,102401748,995,3,1073,3,0,42,4
8,350,21.000000,0.000000,2,0,102401751,995,3,1075,3,0,42,4
8,350,21.000000,0.000000,2,0,102401754,995,3,1077,3,0,42,4
8,350,21.000000,0.000000,2,0,102401757,995,3,1078,3,0,42,4
8,350,21.000000,0.000000,2,0,102401760,995,3,1079,3,0,42,4
8,350,21.000000,0.000000,2,0,102401762,995,3,1080,3,0,42,4
8,350,21.000000,0.000000,2,0,102401765,995,3,1082,3,0,42,4
8,350,21.000000,0.000000,2,0,102401768,995,3,1083,3,0,42,4
8,350,21.000000,0.000000,2,0,102401771,995,3,1083,3,0,42,4
8,350,21.000000,0.000000,2,0,102401774,995,3,1085,3,0,42,4
8,350,21.000000,0.000000,2,0,102401776,995,3,1087,3,0,42,4
8,350,21.000000,0.000000,2,0,102401779,995,3,1088,3,0,42,4
8,350,21.000000,0.000000,2,0,102401782,995,3,1089,3,0,42,4
8,350,21.000000,0.000000,2,0,102401784,995,3,1090,3,0,42,4
8,350,21.000000,0.000000,2,0,102401787,995,3,1092,3,0,42,4
8,350,21.000000,0.000000,2,0,102401790,995,3,1093,3,0,42,4
8,350,21.000000,0.000000,2,0,102401793,995,3,1095,3,0,42,4
8,350,21.000000,0.000000,2,0,102401796,995,3,1095,3,0,42,4
8,350,21.000000,0.000000,2,0,102401798,995,3,1096,3,0,42,4
8,350,21.000000,0.000000,2,0,102401801,995,3,1097,3,0,42,4
8,350,21.000000,0.000000,2,0,102401804,995,3,1098,3,0,42,4
8,350,21.000000,0.000000,2,0,102401807,995,3,1099,3,0,42,4
8,350,21.000000,0.000000,2,0,102401810,995,3,1100,3,0,42,4
8,350,21.000000,0.000000,2,0,102401812,995,3,1101,3,0,42,4
8,350,21.000000,0.000000,2,0,102401815,995,3,1102,3,0,42,4
8,350,21.000000,0.000000,2,0,102401818,995,3,1102,3,0,42,4
8,350,21.000000,0.000000,2,0,102401821,995,3,1103,3,0,42,4
8,350,21.000000,0.000000,2,0,102401824,995,3,1104,3,0,42,4
8,350,21.000000,0.000000,2,0,102401826,995,3,1104,3,0,42,4
8,350,21.000000,0.000000,2,0,102401829,995,3,1104,3,0,42,4
8,350,21.000000,0.000000,2,0,102401832,995,3,1105,3,0,42,4
8,350,21.000000,0.000000,2,0,102401835,995,3,1106,3,0,42,4
8,350,21.000000,0.000000,2,0,102401838,995,3,1107,3,0,42,4
8,350,21.000000,0.000000,2,0,102401840,995,3,1107,3,0,42,4
8,350,21.000000,0.000000,2,0,102401843,995,3,1107,3,0,42,4
8,350,21.000000,0.000000,2,0,102401846,995,3,1107,3,0,42,4
8,350,21.000000,0.000000,2,0,102401848,995,3,1108,3,0,42,4
8,350,21.000000,0.000000,2,0,102401851,995,3,1109,3,0,42,4
8,350,21.000000,0.000000,2,0,102401854,995,3,1109,3,0,42,4
8,350,21.000000,0.000000,2,0,102401857,995,3,1109,3,0,42,4
8,350,21.000000,0.000000,2,0,102401859,995,3,1109,3,0,42,4
8,350,21.000000,0.000000,2,0,102401863,995,3,1110,3,0,42,4
8,350,21.000000,0.000000,2,0,102401865,995,3,1111,3,0,42,4
8,350,21.000000,0.000000,2,0,102401868,995,3,1111,3,0,42,4
8,350,21.000000,0.000000,2,0,102401871,995,3,1111,3,0,42,4
8,350,21.000000,0.000000,2,0,102401874,995,3,1112,3,0,42,4
8,350,21.000000,0.000000,2,0,102401877,995,3,1113,3,0,42,4
8,350,21.000000,0.000000,2,0,102401879,995,3,1114,3,0,42,4
8,350,21.000000,0.000000,2,0,102401882,995,3,1115,3,0,42,4
8,350,21.000000,0.000000,2,0,102401885,995,3,1116,3,0,42,4
8,350,21.000000,0.000000,2,0,102401887,995,3,1116,3,0,42,4
8,350,21.000000,0.000000,2,0,102401890,995,2,1116,2,0,42,4
8,350,21.000000,0.000000,2,0,102401893,995,1,1117,1,0,42,4
8,350,21.000000,0.000000,2,0,102401896,995,1,1118,1,0,42,4
8,350,21.000000,0.000000,2,0,102401899,995,1,1119,1,0,42,4
8,350,21.000000,0.000000,2,0,102401901,995,1,1121,1,0,42,4
8,350,21.000000,0.000000,2,0,102401904,995,1,1121,1,0,42,4
8,350,21.000000,0.000000,2,0,102401907,995,1,1123,1,0,42,4
8,350,21.000000,0.000000,2,0,102401910,995,1,1125,1,0,42,4
8,350,21.000000,0.000000,2,0,102401913,995,1,1125,1,0,42,4
8,350,21.000000,0.000000,2,0,102401915,995,1,1125,1,0,42,4
8,350,21.000000,0.000000,2,0,102401918,995,1,1125,1,0,42,4
8,350,21.000000,0.000000,2,0,102401921,995,1,1126,1,0,42,4
8,350,21.000000,0.000000,2,0,102401923,995,1,1126,1,0,42,4
8,350,21.000000,0.000000,2,0,102401926,995,1,1126,1,0,42,4
8,350,21.000000,0.000000,2,0,102401929,995,1,1126,1,0,42,4
8,350,21.000000,0.000000,2,0,102401932,995,1,1126,1,0,42,4
8,350,21.000000,0.000000,2,0,102401935,995,1,1126,1,0,42,4
8,350,21.000000,0.000000,2,0,102401937,995,1,1126,1,0,42,4
8,350,21.000000,0.000000,2,0,102401940,995,1,1126,1,0,42,4
8,350,21.000000,0.000000,2,0,102401943,995,1,1127,1,0,42,4
8,350,21.000000,0.000000,2,0,102401946,995,1,1128,1,0,42,4
8,350,21.000000,0.000000,2,0,102401949,995,1,1128,1,0,42,4
8,350,21.000000,0.000000,2,0,102401951,995,1,1128,1,0,42,4
8,350,21.000000,0.000000,2,0,102401954,995,1,1128,1,0,42,4
8,350,21.000000,0.000000,2,0,102401957,995,1,1128,1,0,42,4
8,350,21.000000,0.000000,2,0,102401960,995,1,1128,1,0,42,4
8,350,21.000000,0.000000,2,0,102401963,995,1,1128,1,0,42,4
8,350,21.000000,0.000000,2,0,102401965,995,1,1128,1,0,42,4
8,350,21.000000,0.000000,2,0,102401968,995,1,1128,1,0,42,4
8,350,21.000000,0.000000,2,0,102401971,995,1,1128,1,0,42,4
8,350,21.000000,0.000000,2,0,102401974,995,1,1128,1,0,42,4
8,350,21.000000,0.000000,2,0,102401976,995,1,1128,1,0,42,4
8,350,21.000000,0.000000,2,0,102401979,995,3,1128,3,0,42,4
8,350,21.000000,0.000000,2,0,102401982,994,3,1127,3,0,42,4
8,350,21.000000,0.000000,2,0,102401985,993,3,1126,3,0,42,4
8,350,21.000000,0.000000,2,0,102401988,993,4,1126,4,0,42,4
8,350,21.000000,0.000000,2,0,102401990,992,4,1125,4,0,42,4
8,350,21.000000,0.000000,2,0,102401993,991,5,1124,5,0,42,4
8,350,21.000000,0.000000,2,0,102401996,991,5,1124,5,0,42,4
8,350,21.000000,0.000000,2,0,102401998,991,5,1124,5,0,42,4
8,350,21.000000,0.000000,2,0,102402001,991,5,1124,5,0,42,4
8,350,21.000000,0.000000,2,0,102402004,991,5,1124,5,0,42,4
8,350,21.000000,0.000000,2,0,102402007,991,6,1124,6,0,42,4
8,350,21.000000,0.000000,2,0,102402010,990,7,1123,7,0,42,4
8,350,21.000000,0.000000,2,0,102402012,990,8,1123,8,0,42,4
8,350,21.000000,0.000000,2,0,102402016,990,9,1123,9,0,42,4
8,350,21.000000,0.000000,2,0,102402018,990,9,1123,9,0,42,4
8,350,21.000000,0.000000,2,0,102402021,990,10,1123,10,0,42,4
8,350,21.000000,0.000000,2,0,102402023,989,10,1122,10,0,42,4
8,350,21.000000,0.000000,2,0,102402026,988,10,1121,10,0,42,4
8,350,21.000000,0.000000,2,0,102402029,988,11,1121,11,0,42,4
8,350,21.000000,0.000000,2,0,102402032,988,12,1121,12,0,42,4
8,350,21.000000,0.000000,2,0,102402035,988,12,1121,12,0,42,4
8,350,21.000000,0.000000,2,0,102402038,988,12,1121,12,0,42,4
8,350,21.000000,0.000000,2,0,102402040,988,13,1121,13,0,42,4
8,350,21.000000,0.000000,2,0,102402043,987,14,1120,14,0,42,4
8,350,21.000000,0.000000,2,0,102402046,987,15,1120,15,0,42,4
8,350,21.000000,0.000000,2,0,102402049,987,16,1120,16,0,42,4
8,350,21.000000,0.000000,2,0,102402051,987,16,1120,16,0,42,4
8,350,21.000000,0.000000,2,0,102402054,987,16,1120,16,0,42,4
8,350,21.000000,0.000000,2,0,102402057,987,17,1120,17,0,42,4
8,350,21.000000,0.000000,2,0,102402060,987,17,1120,17,0,42,4
8,350,21.000000,0.000000,2,0,102402063,987,18,1120,18,0,42,4
8,350,21.000000,0.000000,2,0,102402065,987,19,1120,19,0,42,4
8,350,21.000000,0.000000,2,0,102402068,987,20,1120,20,0,42,4
8,350,21.000000,0.000000,2,0,102402071,987,20,1120,20,0,42,4
8,350,21.000000,0.000000,2,0,102402074,987,20,1120,20,0,42,4
8,350,21.000000,0.000000,2,0,102402077,986,21,1119,21,0,42,4
8,350,21.000000,0.000000,2,0,102402079,985,22,1118,22,0,42,4
8,350,21.000000,0.000000,2,0,102402082,985,22,1118,22,0,42,4
8,350,21.000000,0.000000,2,0,102402085,985,22,1118,22,0,42,4
8,350,21.000000,0.000000,2,0,102402088,985,22,1118,22,0,42,4
8,350,21.000000,0.000000,2,0,102402091,985,22,1118,22,0,42,4
8,350,21.000000,0.000000,2,0,102402093,985,23,1118,23,0,42,4
8,350,21.000000,0.000000,2,0,102402096,985,24,1118,24,0,42,4
8,350,21.000000,0.000000,2,0,102402099,985,25,1118,25,0,42,4
8,350,21.000000,0.000000,2,0,102402102,985,25,1118,25,0,42,4
8,350,21.000000,0.000000,2,0,102402104,985,26,1118,26,0,42,4
8,350,21.000000,0.000000,2,0,102402107,985,27,1118,27,0,42,4
8,350,21.000000,0.000000,2,0,102402110,985,27,1118,27,0,42,4
8,350,21.000000,0.000000,2,0,102402113,985,27,1118,27,0,42,4
8,350,21.000000,0.000000,2,0,102402116,984,27,1117,27,0,42,4
8,350,21.000000,0.000000,2,0,102402118,983,27,1116,27,0,42,4
8,350,21.000000,0.000000,2,0,102402121,983,27,1116,27,0,42,4
8,350,21.000000,0.000000,2,0,102402124,983,27,1116,27,0,42,4
8,350,21.000000,0.000000,2,0,102402127,983,27,1116,27,0,42,4
8,350,21.000000,0.000000,2,0,102402129,983,27,1116,27,0,42,4
8,350,21.000000,0.000000,2,0,102402132,983,28,1116,28,0,42,4
8,350,21.000000,0.000000,2,0,102402135,983,29,1116,29,0,42,4
8,350,21.000000,0.000000,2,0,102402137,983,29,1116,29,0,42,4
8,350,21.000000,0.000000,2,0,102402140,983,29,1116,29,0,42,4
8,350,21.000000,0.000000,2,0,102402143,983,29,1116,29,0,42,4
8,350,21.000000,0.000000,2,0,102402146,983,29,1116,29,0,42,4
8,350,21.000000,0.000000,2,0,102402149,983,30,1116,30,0,42,4
8,350,21.000000,0.000000,2,0,102402152,983,30,1116,30,0,42,4
8,350,21.000000,0.000000,2,0,102402154,983,30,1116,30,0,42,4
8,350,21.000000,0.000000,2,0,102402157,983,30,1116,30,0,42,4
8,350,21.000000,0.000000,2,0,102402160,983,30,1116,30,0,42,4
8,350,21.000000,0.000000,2,0,102402163,983,30,1116,30,0,42,4
8,350,21.000000,0.000000,2,0,102402165,983,30,1116,30,0,42,4
8,350,21.000000,0.000000,2,0,102402168,983,30,1116,30,0,42,4
8,350,21.000000,0.000000,2,0,102402171,983,30,1116,30,0,42,4
8,350,21.000000,0.000000,2,0,102402174,983,30,1116,30,0,42,4
8,350,21.000000,0.000000,2,0,102402177,983,30,1116,30,0,42,4
8,350,21.000000,0.000000,2,0,102402179,983,30,1116,30,0,42,4
8,350,21.000000,0.000000,2,0,102402182,983,30,1116,30,0,42,4
8,350,21.000000,0.000000,2,0,102402185,983,30,1116,30,0,42,4
8,350,21.000000,0.000000,2,0,102402188,983,30,1116,30,0,42,4
8,350,21.000000,0.000000,2,0,102402191,983,30,1116,30,0,42,4
8,350,21.000000,0.000000,2,0,102402193,983,30,1116,30,0,42,4
8,350,21.000000,0.000000,2,0,102402196,983,30,1116,30,0,42,4
8,350,21.000000,0.000000,2,0,102402199,983,30,1116,30,0,42,4
8,350,21.000000,0.000000,2,0,102402202,983,30,1116,30,0,42,4
8,350,21.000000,0.000000,2,0,102402205,983,30,1116,30,0,42,4
8,350,21.000000,0.000000,2,0,102402207,983,30,1116,30,0,42,4
8,350,21.000000,0.000000,2,0,102402210,983,30,1116,30,0,42,4
8,350,21.000000,0.000000,2,0,102402212,983,30,1116,30,0,42,4
8,350,21.000000,0.000000,2,0,102402215,983,30,1116,30,0,42,4
8,350,21.000000,0.000000,2,0,102402218,983,30,1116,30,0,42,4
8,350,21.000000,0.000000,2,0,102402221,983,30,1116,30,0,42,4
8,350,21.000000,0.000000,2,0,102402224,984,30,1117,30,0,42,4
8,350,21.000000,0.000000,2,0,102402226,985,30,1118,30,0,42,4
8,350,21.000000,0.000000,2,0,102402229,986,30,1119,30,0,42,4
8,350,21.000000,0.000000,2,0,102402232,986,30,1119,30,0,42,4
8,350,21.000000,0.000000,2,0,102402235,987,30,1120,30,0,42,4
8,350,21.000000,0.000000,2,0,102402238,988,30,1121,30,0,42,4
8,350,21.000000,0.000000,2,0,102402240,989,30,1122,30,0,42,4
8,350,21.000000,0.000000,2,0,102402243,990,30,1123,30,0,42,4
8,350,21.000000,0.000000,2,0,102402246,991,30,1124,30,0,42,4
8,350,21.000000,0.000000,2,0,102402249,992,30,1125,30,0,42,4
8,350,21.000000,0.000000,2,0,102402252,993,30,1126,30,0,42,4
8,350,21.000000,0.000000,2,0,102402254,994,30,1127,30,0,42,4
8,350,21.000000,0.000000,2,0,102402257,995,30,1128,30,0,42,4
8,350,21.000000,0.000000,2,0,102402260,996,30,1129,30,0,42,4
8,350,21.000000,0.000000,2,0,102402263,998,30,1131,30,0,42,4
8,350,21.000000,0.000000,2,0,102402265,999,30,1132,30,0,42,4
8,350,21.000000,0.000000,2,0,102402268,1000,30,1133,30,0,42,4
8,350,21.000000,0.000000,2,0,102402271,1001,30,1134,30,0,42,4
8,350,21.000000,0.000000,2,0,102402274,1001,29,1134,29,0,42,4
8,350,21.000000,0.000000,2,0,102402277,1004,29,1137,29,0,42,4
8,350,21.000000,0.000000,2,0,102402280,1007,29,1140,29,0,42,4
8,350,21.000000,0.000000,2,0,102402282,1009,29,1142,29,0,42,4
8,350,21.000000,0.000000,2,0,102402285,1011,28,1144,28,0,42,4
8,350,21.000000,0.000000,2,0,102402288,1012,28,1145,28,0,42,4
8,350,21.000000,0.000000,2,0,102402291,1013,28,1146,28,0,42,4
8,350,21.000000,0.000000,2,0,102402293,1015,28,1148,28,0,42,4
8,350,21.000000,0.000000,2,0,102402296,1017,28,1150,28,0,42,4
8,350,21.000000,0.000000,2,0,102402299,1019,27,1152,27,0,42,4
8,350,21.000000,0.000000,2,0,102402302,1020,27,1153,27,0,42,4
8,350,21.000000,0.000000,2,0,102402305,1022,27,1155,27,0,42,4
8,350,21.000000,0.000000,2,0,102402307,1023,27,1156,27,0,42,4
8,350,21.000000,0.000000,2,0,102402310,1025,27,1158,27,0,42,4
8,350,21.000000,0.000000,2,0,102402313,1027,27,1160,27,0,42,4
8,350,21.000000,0.000000,2,0,102402315,1029,27,1162,27,0,42,4
8,350,21.000000,0.000000,2,0,102402318,1031,27,1164,27,0,42,4
8,350,21.000000,0.000000,2,0,102402321,1033,28,1166,28,0,42,4
8,350,21.000000,0.000000,2,0,102402324,1034,28,1167,28,0,42,4
8,350,21.000000,0.000000,2,0,102402327,1035,28,1168,28,0,42,4
8,350,21.000000,0.000000,2,0,102402329,1036,28,1169,28,0,42,4
8,350,21.000000,0.000000,2,0,102402332,1037,28,1170,28,0,42,4
8,350,21.000000,0.000000,2,0,102402335,1039,28,1172,28,0,42,4
8,350,21.000000,0.000000,2,0,102402338,1039,28,1172,28,0,42,4
8,350,21.000000,0.000000,2,0,102402341,1039,28,1172,28,0,42,4
8,350,21.000000,0.000000,2,0,102402344,1039,28,1172,28,0,42,4
8,350,21.000000,0.000000,2,0,102402346,1040,28,1173,28,0,42,4
8,350,21.000000,0.000000,2,0,102402349,1041,28,1174,28,0,42,4
8,350,21.000000,0.000000,2,0,102402352,1042,28,1175,28,0,42,4
8,350,21.000000,0.000000,2,0,102402354,1042,28,1175,28,0,42,4
8,350,21.000000,0.000000,2,0,102402357,1042,28,1175,28,0,42,4
8,350,21.000000,0.000000,2,0,102402360,1043,28,1176,28,0,42,4
8,350,21.000000,0.000000,2,0,102402363,1044,28,1177,28,0,42,4
8,350,21.000000,0.000000,2,0,102402365,1045,28,1178,28,0,42,4
8,350,21.000000,0.000000,2,0,102402368,1046,28,1179,28,0,42,4
8,350,21.000000,0.000000,2,0,102402371,1047,28,1180,28,0,42,4
8,350,21.000000,0.000000,2,0,102402374,1048,28,1181,28,0,42,4
8,350,21.000000,0.000000,2,0,102402377,1048,28,1181,28,0,42,4
8,350,21.000000,0.000000,2,0,102402379,1048,28,1181,28,0,42,4
8,350,21.000000,0.000000,2,0,102402382,1048,26,1181,26,0,42,4
8,350,21.000000,0.000000,2,0,102402385,1049,24,1182,24,0,42,4
8,350,21.000000,0.000000,2,0,102402388,1049,24,1182,24,0,42,4
8,350,21.000000,0.000000,2,0,102402391,1049,24,1182,24,0,42,4
8,350,21.000000,0.000000,2,0,102402393,1049,24,1182,24,0,42,4
8,350,21.000000,0.000000,2,0,102402396,1049,24,1182,24,0,42,4
8,350,21.000000,0.000000,2,0,102402399,1050,24,1183,24,0,42,4
8,350,21.000000,0.000000,2,0,102402402,1051,24,1184,24,0,42,4
8,350,21.000000,0.000000,2,0,102402405,1051,24,1184,24,0,42,4
8,350,21.000000,0.000000,2,0,102402407,1052,24,1185,24,0,42,4
8,350,21.000000,0.000000,2,0,102402410,1052,24,1185,24,0,42,4
8,350,21.000000,0.000000,2,0,102402413,1052,24,1185,24,0,42,4
8,350,21.000000,0.000000,2,0,102402416,1052,24,1185,24,0,42,4
8,350,21.000000,0.000000,2,0,102402419,1052,24,1185,24,0,42,4
8,350,21.000000,0.000000,2,0,102402421,1053,24,1186,24,0,42,4
8,350,21.000000,0.000000,2,0,102402424,1054,24,1187,24,0,42,4
8,350,21.000000,0.000000,2,0,102402427,1055,24,1188,24,0,42,4
8,350,21.000000,0.000000,2,0,102402429,1056,24,1189,24,0,42,4
8,350,21.000000,0.000000,2,0,102402432,1056,24,1189,24,0,42,4
8,350,21.000000,0.000000,2,0,102402435,1058,24,1191,24,0,42,4
8,350,21.000000,0.000000,2,0,102402438,1060,24,1193,24,0,42,4
8,350,21.000000,0.000000,2,0,102402441,1060,24,1193,24,0,42,4
8,350,21.000000,0.000000,2,0,102402443,1061,24,1194,24,0,42,4
8,350,21.000000,0.000000,2,0,102402446,1062,24,1195,24,0,42,4
8,350,21.000000,0.000000,2,0,102402449,1064,24,1197,24,0,42,4
8,350,21.000000,0.000000,2,0,102402452,1064,24,1197,24,0,42,4
8,350,21.000000,0.000000,2,0,102402455,1066,24,1199,24,0,42,4
8,350,21.000000,0.000000,2,0,102402457,1067,24,1200,24,0,42,4
8,350,21.000000,0.000000,2,0,102402460,1068,24,1201,24,0,42,4
8,350,21.000000,0.000000,2,0,102402463,1069,24,1202,24,0,42,4
8,350,21.000000,0.000000,2,0,102402466,1070,24,1203,24,0,42,4
8,350,21.000000,0.000000,2,0,102402469,1072,24,1205,24,0,42,4
8,350,21.000000,0.000000,2,0,102402471,1073,24,1206,24,0,42,4
8,350,21.000000,0.000000,2,0,102402474,1074,24,1207,24,0,42,4
8,350,21.000000,0.000000,2,0,102402477,1075,23,1208,23,0,42,4
8,350,21.000000,0.000000,2,0,102402479,1076,22,1209,22,0,42,4
8,350,21.000000,0.000000,2,0,102402482,1076,22,1209,22,0,42,4
8,350,21.000000,0.000000,2,0,102402485,1078,22.600000,1211,21,0,42,4
8,350,21.000000,0.000000,2,0,102402488,1080,22.600000,1213,20,0,42,4
8,350,21.000000,0.000000,2,0,102402491,1081,22.600000,1214,20,0,42,4
8,350,21.000000,0.000000,2,0,102402493,1082,22.600000,1215,20,0,42,4
8,350,21.000000,0.000000,2,0,102402496,1083,22.600000,1216,20,0,42,4
8,350,21.000000,0.000000,2,0,102402499,1085,22.600000,1218,20,0,42,4
8,350,21.000000,0.000000,2,0,102402502,1087,22.600000,1220,20,0,42,4
8,350,21.000000,0.000000,2,0,102402504,1088,22.600000,1221,20,0,42,4
8,350,21.000000,0.000000,2,0,102402508,1089,22.600000,1222,20,0,42,4
8,350,21.000000,0.000000,2,0,102402510,1090,22.600000,1223,20,0,42,4
8,350,21.000000,0.000000,2,0,102402513,1092,22.600000,1225,19,0,42,4
8,350,21.000000,0.000000,2,0,102402515,1094,22.600000,1227,18,0,42,4
8,350,21.000000,0.000000,2,0,102402518,1095,22.600000,1228,18,0,42,4
8,350,21.000000,0.000000,2,0,102402521,1098,22.600000,1231,18,0,42,4
8,350,21.000000,0.000000,2,0,102402524,1099,22.600000,1232,18,0,42,4
8,350,21.000000,0.000000,2,0,102402527,1100,22.600000,1233,18,0,42,4
8,350,21.000000,0.000000,2,0,102402530,1101,22.600000,1234,18,0,42,4
8,350,21.000000,0.000000,2,0,102402532,1103,22.600000,1236,18,0,42,4
8,350,21.000000,0.000000,2,0,102402535,1106,22.600000,1239,17,0,42,4
8,350,21.000000,0.000000,2,0,102402538,1108,22.600000,1241,17,0,42,4
8,350,21.000000,0.000000,2,0,102402541,1109,22.600000,1242,17,0,42,4
8,350,21.000000,0.000000,2,0,102402544,1110,22.600000,1243,17,0,42,4
8,350,21.000000,0.000000,2,0,102402546,1111,22.600000,1244,16,0,42,4
8,350,21.000000,0.000000,2,0,102402549,1112,22.600000,1245,16,0,42,4
8,350,21.000000,0.000000,2,0,102402552,1113,22.600000,1246,16,0,42,4
8,350,21.000000,0.000000,2,0,102402555,1114,22.600000,1247,16,0,42,4
8,350,21.000000,0.000000,2,0,102402558,1116,22.600000,1249,16,0,42,4
8,350,21.000000,0.000000,2,0,102402560,1117,22.600000,1250,15,0,42,4
8,350,21.000000,0.000000,2,0,102402563,1118,22.600000,1251,15,0,42,4
8,350,21.000000,0.000000,2,0,102402566,1119,22.600000,1252,15,0,42,4
8,350,21.000000,0.000000,2,0,102402568,1120,22.600000,1253,15,0,42,4
8,350,21.000000,0.000000,2,0,102402571,1121,22.600000,1254,15,0,42,4
8,350,21.000000,0.000000,2,0,102402574,1121,22.600000,1254,15,0,42,4
8,350,21.000000,0.000000,2,0,102402577,1122,22.600000,1255,14,0,42,4
8,350,21.000000,0.000000,2,0,102402579,1123,22.600000,1256,14,0,42,4
8,350,21.000000,0.000000,2,0,102402582,1124,22.600000,1257,14,0,42,4
8,350,21.000000,0.000000,2,0,102402585,1125,22.600000,1258,14,0,42,4
8,350,21.000000,0.000000,2,0,102402588,1126,22.600000,1259,14,0,42,4
8,350,21.000000,0.000000,2,0,102402591,1128,22.600000,1261,14,0,42,4
8,350,21.000000,0.000000,2,0,102402594,1130,22.600000,1263,14,0,42,4
8,350,21.000000,0.000000,2,0,102402596,1131,22.600000,1264,14,0,42,4
8,350,21.000000,0.000000,2,0,102402599,1132,22.600000,1265,14,0,42,4
8,350,21.000000,0.000000,2,0,102402602,1132,21.600000,1265,13,0,42,4
8,350,21.000000,0.000000,2,0,102402605,1133,20.600000,1266,12,0,42,4
8,350,21.000000,0.000000,2,0,102402607,1134,20.600000,1267,12,0,42,4
8,350,21.000000,0.000000,2,0,102402610,1135,20.600000,1268,12,0,42,4
8,350,21.000000,0.000000,2,0,102402613,1135,19.600000,1268,11,0,42,4
8,350,21.000000,0.000000,2,0,102402616,1136,19.600000,1269,11,0,42,4
8,350,21.000000,0.000000,2,0,102402619,1137,19.600000,1270,11,0,42,4
8,350,21.000000,0.000000,2,0,102402621,1138,19.600000,1271,11,0,42,4
8,350,21.000000,0.000000,2,0,102402624,1138,19.600000,1271,11,0,42,4
8,350,21.000000,0.000000,2,0,102402627,1138,18.600000,1271,10,0,42,4
8,350,21.000000,0.000000,2,0,102402630,1139,18.600000,1272,10,0,42,4
8,350,21.000000,0.000000,2,0,102402633,1140,18.600000,1273,10,0,42,4
8,350,21.000000,0.000000,2,0,102402635,1141,18.600000,1274,10,0,42,4
8,350,21.000000,0.000000,2,0,102402638,1142,18.600000,1275,10,0,42,4
8,350,21.000000,0.000000,2,0,102402641,1143,18.600000,1276,10,0,42,4
8,350,21.000000,0.000000,2,0,102402644,1144,18.600000,1277,10,0,42,4
8,350,21.000000,0.000000,2,0,102402647,1145,18.600000,1278,10,0,42,4
8,350,21.000000,0.000000,2,0,102402649,1145,18.600000,1278,10,0,42,4
8,350,21.000000,0.000000,2,0,102402652,1146,18.600000,1279,10,0,42,4
8,350,21.000000,0.000000,2,0,102402655,1147,18.600000,1280,10,0,42,4
8,350,21.000000,0.000000,2,0,102402658,1148,18.600000,1281,10,0,42,4
8,350,21.000000,0.000000,2,0,102402660,1149,18.600000,1282,10,0,42,4
8,350,21.000000,0.000000,2,0,102402663,1150,18.600000,1283,10,0,42,4
8,350,21.000000,0.000000,2,0,102402666,1151,18.600000,1284,10,0,42,4
8,350,21.000000,0.000000,2,0,102402668,1151,18.600000,1284,10,0,42,4
8,350,21.000000,0.000000,2,0,102402672,1152,18.600000,1285,10,0,42,4
8,350,21.000000,0.000000,2,0,102402674,1153,18.600000,1286,10,0,42,4
8,350,21.000000,0.000000,2,0,102402677,1153,18.600000,1286,10,0,42,4
8,350,21.000000,0.000000,2,0,102402680,1153,18.600000,1286,10,0,42,4
8,350,21.000000,0.000000,2,0,102402683,1153,18.600000,1286,10,0,42,4
8,350,21.000000,0.000000,2,0,102402685,1153,18.600000,1286,10,0,42,4
8,350,21.000000,0.000000,2,0,102402688,1153,18.600000,1286,10,0,42,4
8,350,21.000000,0.000000,2,0,102402691,1153,18.600000,1286,10,0,42,4
8,350,21.000000,0.000000,2,0,102402694,1153,18.600000,1286,10,0,42,4
8,350,21.000000,0.000000,2,0,102402696,1153,18.600000,1286,10,0,42,4
8,350,21.000000,0.000000,2,0,102402699,1153,18.600000,1286,10,0,42,4
8,350,21.000000,0.000000,2,0,102402702,1153,18.600000,1286,10,0,42,4
8,350,21.000000,0.000000,2,0,102402705,1153,18.600000,1286,10,0,42,4
8,350,21.000000,0.000000,2,0,102402708,1153,18.600000,1286,10,0,42,4
8,350,21.000000,0.000000,2,0,102402710,1153,18.600000,1286,10,0,42,4
8,350,21.000000,0.000000,2,0,102402713,1153,18.600000,1286,10,0,42,4
8,350,21.000000,0.000000,2,0,102402716,1153,18.600000,1286,10,0,42,4
8,350,21.000000,0.000000,2,0,102402718,1153,18.600000,1286,10,0,42,4
8,350,21.000000,0.000000,2,0,102402721,1153,18.600000,1286,10,0,42,4
8,350,21.000000,0.000000,2,0,102402724,1153,18.600000,1286,10,0,42,4
8,350,21.000000,0.000000,2,0,102402727,1153,18.600000,1286,10,0,42,4
8,350,21.000000,0.000000,2,0,102402730,1153,18.600000,1286,10,0,42,4
8,350,21.000000,0.000000,2,0,102402732,1153,18.600000,1286,10,0,42,4
8,350,21.000000,0.000000,2,0,102402735,1153,18.600000,1286,10,0,42,4
8,350,21.000000,0.000000,2,0,102402738,1153,18.600000,1286,10,0,42,4
8,350,21.000000,0.000000,2,0,102402741,1153,18.600000,1286,10,0,42,4
8,350,21.000000,0.000000,2,0,102402744,1153,18.600000,1286,10,0,42,4
8,350,21.000000,0.000000,2,0,102402746,1153,18.600000,1286,10,0,42,4
8,350,21.000000,0.000000,2,0,102402749,1153,18.600000,1286,10,0,42,4
8,350,21.000000,0.000000,2,0,102402752,1153,18.600000,1286,10,0,42,4
8,350,21.000000,0.000000,2,0,102402755,1153,18.600000,1286,10,0,42,4
8,350,21.000000,0.000000,2,0,102402758,1153,18.600000,1286,10,0,42,4
8,350,21.000000,0.000000,2,0,102402760,1153,18.600000,1286,10,0,42,4
8,350,21.000000,0.000000,2,0,102402763,1153,18.600000,1286,10,0,42,4
8,350,21.000000,0.000000,2,0,102402766,1153,18.600000,1286,10,0,42,4
8,350,21.000000,0.000000,2,0,102402769,1153,18.600000,1286,10,0,42,4
8,350,21.000000,0.000000,2,0,102402772,1153,18.600000,1286,10,0,42,4
8,350,21.000000,0.000000,2,0,102402774,1153,18.600000,1286,10,0,42,4
8,350,21.000000,0.000000,2,0,102402777,1153,18.600000,1286,10,0,42,4
8,350,21.000000,0.000000,2,0,102402780,1153,18.600000,1286,10,0,42,4
8,350,21.000000,0.000000,2,0,102402782,1153,18.600000,1286,10,0,42,4
8,350,21.000000,0.000000,2,0,102402785,1153,18.600000,1286,10,0,42,4
8,350,21.000000,0.000000,2,0,102402788,1153,18.600000,1286,10,0,42,4
8,350,21.000000,0.000000,2,0,102402791,1153,18.600000,1286,10,0,42,4
8,350,21.000000,0.000000,2,0,102402794,1153,18.600000,1286,10,0,42,4
8,350,21.000000,0.000000,2,0,102402796,1153,18.600000,1286,10,0,42,4
8,350,21.000000,0.000000,2,0,102402799,1153,18.600000,1286,10,0,42,4
8,350,21.000000,0.000000,2,0,102402802,1153,18.600000,1286,10,0,42,4
8,350,21.000000,0.000000,2,0,102402805,1153,18.600000,1286,10,0,42,4
8,350,21.000000,0.000000,2,0,102402807,1153,18.600000,1286,10,0,42,4
8,350,21.000000,0.000000,2,0,102402810,1153,18.600000,1286,10,0,42,4
8,350,21.000000,0.000000,2,0,102402813,1153,18.600000,1286,10,0,42,4
8,350,21.000000,0.000000,2,0,102402816,1153,18.600000,1286,10,0,42,4
8,350,21.000000,0.000000,2,0,102402819,1152,18.600000,1285,10,0,42,4
8,350,21.000000,0.000000,2,0,102402821,1151,18.600000,1284,10,0,42,4
8,350,21.000000,0.000000,2,0,102402824,1151,18.600000,1284,10,0,42,4
8,350,21.000000,0.000000,2,0,102402827,1151,18.600000,1284,10,0,42,4
8,350,21.000000,0.000000,2,0,102402830,1150,18.600000,1283,10,0,42,4
8,350,21.000000,0.000000,2,0,102402833,1149,18.600000,1282,10,0,42,4
8,350,21.000000,0.000000,2,0,102402835,1149,18.600000,1282,10,0,42,4
8,350,21.000000,0.000000,2,0,102402838,1149,18.600000,1282,10,0,42,4
8,350,21.000000,0.000000,2,0,102402841,1149,18.600000,1282,10,0,42,4
8,350,21.000000,0.000000,2,0,102402844,1149,18.600000,1282,10,0,42,4
8,350,21.000000,0.000000,2,0,102402847,1149,18.600000,1282,10,0,42,4
8,350,21.000000,0.000000,2,0,102402849,1148,18.600000,1281,10,0,42,4
8,350,21.000000,0.000000,2,0,102402852,1148,18.600000,1281,10,0,42,4
8,350,21.000000,0.000000,2,0,102402855,1148,18.600000,1281,10,0,42,4
8,350,21.000000,0.000000,2,0,102402857,1148,18.600000,1281,10,0,42,4
8,350,21.000000,0.000000,2,0,102402861,1146,18.600000,1279,10,0,42,4
8,350,21.000000,0.000000,2,0,102402863,1144,18.600000,1277,10,0,42,4
8,350,21.000000,0.000000,2,0,102402866,1144,18.600000,1277,10,0,42,4
8,350,21.000000,0.000000,2,0,102402868,1144,18.600000,1277,10,0,42,4
8,350,21.000000,0.000000,2,0,102402871,1143,18.600000,1276,10,0,42,4
8,350,21.000000,0.000000,2,0,102402874,1143,19.600000,1276,11,0,42,4
8,350,21.000000,0.000000,2,0,102402877,1142,19.600000,1275,11,0,42,4
8,350,21.000000,0.000000,2,0,102402880,1141,19.600000,1274,11,0,42,4
8,350,21.000000,0.000000,2,0,102402882,1141,19.600000,1274,11,0,42,4
8,350,21.000000,0.000000,2,0,102402885,1140,19.600000,1273,11,0,42,4
8,350,21.000000,0.000000,2,0,102402888,1140,19.600000,1273,11,0,42,4
8,350,21.000000,0.000000,2,0,102402891,1140,19.600000,1273,11,0,42,4
8,350,21.000000,0.000000,2,0,102402894,1140,19.600000,1273,11,0,42,4
8,350,21.000000,0.000000,2,0,102402896,1139,19.600000,1272,11,0,42,4
8,350,21.000000,0.000000,2,0,102402899,1138,19.600000,1271,11,0,42,4
8,350,21.000000,0.000000,2,0,102402902,1137,19.600000,1270,11,0,42,4
8,350,21.000000,0.000000,2,0,102402905,1136,19.600000,1269,11,0,42,4
8,350,21.000000,0.000000,2,0,102402908,1135,19.600000,1268,11,0,42,4
8,350,21.000000,0.000000,2,0,102402911,1135,19.600000,1268,11,0,42,4
8,350,21.000000,0.000000,2,0,102402913,1135,19.600000,1268,11,0,42,4
8,350,21.000000,0.000000,2,0,102402916,1135,19.600000,1268,11,0,42,4
8,350,21.000000,0.000000,2,0,102402919,1134,19.600000,1267,11,0,42,4
8,350,21.000000,0.000000,2,0,102402921,1134,19.600000,1267,11,0,42,4
8,350,21.000000,0.000000,2,0,102402924,1134,19.600000,1267,11,0,42,4
8,350,21.000000,0.000000,2,0,102402927,1134,19.600000,1267,11,0,42,4
8,350,21.000000,0.000000,2,0,102402930,1134,19.600000,1267,11,0,42,4
8,350,21.000000,0.000000,2,0,102402933,1134,19.600000,1267,11,0,42,4
8,350,21.000000,0.000000,2,0,102402935,1134,19.600000,1267,11,0,42,4
8,350,21.000000,0.000000,2,0,102402938,1134,19.600000,1267,11,0,42,4
8,350,21.000000,0.000000,2,0,102402941,1134,19.600000,1267,11,0,42,4
8,350,21.000000,0.000000,2,0,102402944,1134,19.600000,1267,11,0,42,4
8,350,21.000000,0.000000,2,0,102402947,1134,19.600000,1267,11,0,42,4
8,350,21.000000,0.000000,2,0,102402949,1134,19.600000,1267,11,0,42,4
8,350,21.000000,0.000000,2,0,102402952,1134,19.600000,1267,11,0,42,4
8,350,21.000000,0.000000,2,0,102402955,1134,19.600000,1267,11,0,42,4
8,350,21.000000,0.000000,2,0,102402958,1134,19.600000,1267,11,0,42,4
8,350,21.000000,0.000000,2,0,102402961,1134,19.600000,1267,11,0,42,4
8,350,21.000000,0.000000,2,0,102402963,1134,19.600000,1267,11,0,42,4
8,350,21.000000,0.000000,2,0,102402966,1134,19.600000,1267,11,0,42,4
8,350,21.000000,0.000000,2,0,102402969,1134,19.600000,1267,11,0,42,4
8,350,21.000000,0.000000,2,0,102402972,1134,19.600000,1267,11,0,42,4
8,350,21.000000,0.000000,2,0,102402974,1134,19.600000,1267,11,0,42,4
8,350,21.000000,0.000000,2,0,102402977,1134,19.600000,1267,11,0,42,4
8,350,21.000000,0.000000,2,0,102402980,1134,19.600000,1267,11,0,42,4
8,350,21.000000,0.000000,2,0,102402983,1134,19.600000,1267,11,0,42,4
8,350,21.000000,0.000000,2,0,102402985,1134,19.600000,1267,11,0,42,4
8,350,21.000000,0.000000,2,0,102402988,1134,19.600000,1267,11,0,42,4
8,350,21.000000,0.000000,2,0,102402991,1134,19.600000,1267,11,0,42,4
8,350,21.000000,0.000000,2,0,102402994,1134,19.600000,1267,11,0,42,4
8,350,21.000000,0.000000,2,0,102402996,1134,19.600000,1267,11,0,42,4
8,350,21.000000,0.000000,2,0,102402999,1134,19.600000,1267,11,0,42,4
8,350,21.000000,0.000000,2,0,102403002,1134,19.600000,1267,11,0,42,4
8,350,21.000000,0.000000,2,0,102403005,1134,19.600000,1267,11,0,42,4
8,350,21.000000,0.000000,2,0,102403008,1134,19.600000,1267,11,0,42,4
8,350,21.000000,0.000000,2,0,102403010,1134,19.600000,1267,11,0,42,4
8,350,21.000000,0.000000,2,0,102403014,1134,19.600000,1267,11,0,42,4
8,350,21.000000,0.000000,2,0,102403016,1134,19.600000,1267,11,0,42,4
8,350,21.000000,0.000000,2,0,102403019,1134,19.600000,1267,11,0,42,4
8,350,21.000000,0.000000,2,0,102403022,1134,19.600000,1267,11,0,42,4
8,350,21.000000,0.000000,2,0,102403024,1134,19.600000,1267,11,0,42,4
8,350,21.000000,0.000000,2,0,102403027,1134,19.600000,1267,11,0,42,4
8,350,21.000000,0.000000,2,0,102403030,1134,19.600000,1267,11,0,42,4
8,350,21.000000,0.000000,2,0,102403033,1134,19.600000,1267,11,0,42,4
8,350,21.000000,0.000000,2,0,102403036,1134,19.600000,1267,11,0,42,4
8,350,21.000000,0.000000,2,0,102403038,1134,19.600000,1267,11,0,42,4
8,350,21.000000,0.000000,2,0,102403041,1134,19.600000,1267,11,0,42,4
8,350,21.000000,0.000000,2,0,102403044,1134,19.600000,1267,11,0,42,4
8,350,21.000000,0.000000,2,0,102403047,1134,19.600000,1267,11,0,42,4
8,350,21.000000,0.000000,2,0,102403050,1134,19.600000,1267,11,0,42,4
8,350,21.000000,0.000000,2,0,102403052,1134,19.600000,1267,11,0,42,4
8,350,21.000000,0.000000,2,0,102403055,1134,19.600000,1267,11,0,42,4
8,350,21.000000,0.000000,2,0,102403058,1134,19.600000,1267,11,0,42,4
8,350,21.000000,0.000000,2,0,102403060,1134,19.600000,1267,11,0,42,4
8,350,21.000000,0.000000,2,0,102403063,1134,19.600000,1267,11,0,42,4
8,350,21.000000,0.000000,2,0,102403066,1134,19.600000,1267,11,0,42,4
8,350,21.000000,0.000000,2,0,102403069,1134,19.600000,1267,11,0,42,4
8,350,21.000000,0.000000,2,0,102403071,1134,19.600000,1267,11,0,42,4
8,350,21.000000,0.000000,2,0,102403074,1134,19.600000,1267,11,0,42,4
8,350,21.000000,0.000000,2,0,102403077,1134,19.600000,1267,11,0,42,4
8,350,21.000000,0.000000,2,0,102403080,1134,19.600000,1267,11,0,42,4
8,350,21.000000,0.000000,2,0,102403083,1134,19.600000,1267,11,0,42,4
8,350,21.000000,0.000000,2,0,102403085,1134,19.600000,1267,11,0,42,4
8,350,21.000000,0.000000,2,0,102403088,1134,19.600000,1267,11,0,42,4
8,350,21.000000,0.000000,2,0,102403091,1134,19.600000,1267,11,0,42,4
8,350,21.000000,0.000000,2,0,102403094,1134,19.600000,1267,11,0,42,4
8,350,21.000000,0.000000,2,0,102403097,1134,19.600000,1267,11,0,42,4
8,350,21.000000,0.000000,2,0,102403099,1134,19.600000,1267,11,0,42,4
8,350,21.000000,0.000000,2,0,102403102,1134,19.600000,1267,11,0,42,4
8,350,21.000000,0.000000,2,0,102403105,1134,19.600000,1267,11,0,42,4
8,350,21.000000,0.000000,2,0,102403108,1134,19.600000,1267,11,0,42,4
8,350,21.000000,0.000000,2,0,102403111,1134,19.600000,1267,11,0,42,4
8,350,21.000000,0.000000,2,0,102403113,1134,19.600000,1267,11,0,42,4
8,350,21.000000,0.000000,2,0,102403116,1134,19.600000,1267,11,0,42,4
8,350,21.000000,0.000000,2,0,102403119,1134,19.600000,1267,11,0,42,4
8,350,21.000000,0.000000,2,0,102403122,1134,19.600000,1267,11,0,42,4
8,350,21.000000,0.000000,2,0,102403125,1134,19.600000,1267,11,0,42,4
8,350,21.000000,0.000000,2,0,102403127,1134,19.600000,1267,11,0,42,4
8,350,21.000000,0.000000,2,0,102403130,1134,19.600000,1267,11,0,42,4
8,350,21.000000,0.000000,2,0,102403133,1134,19.600000,1267,11,0,42,4
8,350,21.000000,0.000000,2,0,102403135,1134,19.600000,1267,11,0,42,4
8,350,21.000000,0.000000,2,0,102403138,1134,19.600000,1267,11,0,42,4
8,350,21.000000,0.000000,2,0,102403151,1134,19.600000,1267,11,0,42,4
