11,350,21.000000,10000.000000,0,0,6287140,778,0,778,0,0,100,3,0
11,350,21.000000,10000.000000,0,0,6287140,778,0,778,0,0,100,3,0
11,350,21.000000,10000.000000,0,0,6287143,778,0,778,0,0,100,3,0
11,350,21.000000,10000.000000,0,0,6287146,778,0,778,0,0,100,3,0
11,350,21.000000,10000.000000,0,0,6287149,778,0,778,0,0,100,3,0
11,350,21.000000,10000.000000,0,0,6287151,778,0,778,0,0,100,3,0
11,350,21.000000,10000.000000,0,0,6287154,778,0,778,0,0,100,3,0
11,350,21.000000,10000.000000,0,0,6287157,778,0,778,0,0,100,3,0
11,350,21.000000,10000.000000,0,0,6287160,778,0,778,0,0,100,3,0
11,350,21.000000,10000.000000,0,0,6287163,778,0,778,0,0,100,3,0
11,350,21.000000,10000.000000,0,0,6287166,778,0,778,0,0,100,3,0
11,350,21.000000,10000.000000,0,0,6287168,778,0,778,0,0,100,3,0
11,350,21.000000,10000.000000,0,0,6287171,778,0,778,0,0,100,3,0
11,350,21.000000,10000.000000,0,0,6287174,778,0,778,0,0,100,3,0
11,350,21.000000,10000.000000,0,0,6287177,777,0,777,0,0,100,3,0
11,350,21.000000,10000.000000,0,0,6287179,776,0,776,0,0,100,3,0
11,350,21.000000,10000.000000,0,0,6287182,776,0,776,0,0,100,3,0
11,350,21.000000,10000.000000,0,0,6287185,776,0,776,0,0,100,3,0
11,350,21.000000,10000.000000,0,0,6287188,776,0,776,0,0,100,3,0
11,350,21.000000,10000.000000,0,0,6287190,776,0,776,0,0,100,3,0
11,350,21.000000,10000.000000,0,0,6287193,776,0,776,0,0,100,3,0
11,350,21.000000,10000.000000,0,0,6287196,776,0,776,0,0,100,3,0
11,350,21.000000,10000.000000,0,0,6287199,776,0,776,0,0,100,3,0
11,350,21.000000,10000.000000,0,0,6287202,776,0,776,0,0,100,3,0
11,350,21.000000,10000.000000,0,0,6287205,776,0,776,0,0,100,3,0
11,350,21.000000,10000.000000,0,0,6287207,776,0,776,0,0,100,3,0
11,350,21.000000,10000.000000,0,0,6287210,776,0,776,0,0,100,3,0
11,350,21.000000,10000.000000,0,0,6287213,776,0,776,0,0,100,3,0
11,350,21.000000,10000.000000,0,0,6287215,777,0,777,0,0,100,3,0
11,350,21.000000,10000.000000,0,0,6287218,778,0,778,0,0,100,3,0
11,350,21.000000,10000.000000,0,0,6287221,778,0,778,0,0,100,3,0
11,350,21.000000,10000.000000,0,0,6287224,779,0,779,0,0,100,3,0
11,350,21.000000,10000.000000,0,0,6287226,780,0,780,0,0,100,3,0
11,350,21.000000,10000.000000,0,0,6287229,781,0,781,0,0,100,3,0
11,350,21.000000,10000.000000,0,0,6287233,782,0,782,0,0,100,3,0
11,350,21.000000,10000.000000,0,0,6287235,783,0,783,0,0,100,3,0
11,350,21.000000,10000.000000,0,0,6287238,784,0,784,0,0,100,3,0
11,350,21.000000,10000.000000,0,0,6287241,785,0,785,0,0,100,3,0
11,350,21.000000,10000.000000,0,0,6287245,785,0,785,0,0,100,3,0
11,350,21.000000,10000.000000,0,0,6287247,786,0,786,0,0,100,3,0
11,350,21.000000,10000.000000,0,0,6287250,787,1,787,1,0,100,3,0
11,350,21.000000,10000.000000,0,0,6287253,788,1,788,1,0,100,3,0
11,350,21.000000,10000.000000,0,0,6287255,789,1,789,1,0,100,3,0
11,350,21.000000,10000.000000,0,0,6287258,790,1,790,1,0,100,3,0
11,350,21.000000,10000.000000,0,0,6287261,791,1,791,1,0,100,3,0
11,350,21.000000,10000.000000,0,0,6287264,792,1,792,1,0,100,3,0
11,350,21.000000,10000.000000,0,0,6287267,792,2,792,2,0,100,3,0
11,350,21.000000,10000.000000,0,0,6287269,792,2,792,2,0,100,3,0
11,350,21.000000,10000.000000,0,0,6287272,793,2,793,2,0,100,3,0
11,350,21.000000,10000.000000,0,0,6287275,795,2,795,2,0,100,3,0
11,350,21.000000,10000.000000,0,0,6287277,796,2,796,2,0,100,3,0
11,350,21.000000,10000.000000,0,0,6287280,798,2,798,2,0,100,3,0
11,350,21.000000,10000.000000,0,0,6287283,800,2,800,2,0,100,3,0
11,350,21.000000,10000.000000,0,0,6287286,802,2,802,2,0,100,3,0
11,350,21.000000,10000.000000,0,0,6287288,804,3,804,3,0,100,3,0
11,350,21.000000,10000.000000,0,0,6287291,805,3,805,3,0,100,3,0
11,350,21.000000,10000.000000,0,0,6287294,807,3,807,3,0,100,3,0
11,350,21.000000,10000.000000,0,0,6287296,809,3,809,3,0,100,3,0
11,350,21.000000,10000.000000,0,0,6287299,811,3,811,3,0,100,3,0
11,350,21.000000,10000.000000,0,0,6287302,812,3,812,3,0,100,3,0
11,350,21.000000,10000.000000,0,0,6287304,813,3,813,3,0,100,3,0
11,350,21.000000,10000.000000,0,0,6287308,815,4,815,4,0,100,3,0
11,350,21.000000,10000.000000,0,0,6287310,817,4,817,4,0,100,3,0
11,350,21.000000,10000.000000,0,0,6287313,820,4,820,4,0,100,3,0
11,350,21.000000,10000.000000,0,0,6287316,823,4,823,4,0,100,3,0
11,350,21.000000,10000.000000,0,0,6287318,826,4,826,4,0,100,3,0
11,350,21.000000,10000.000000,0,0,6287321,828,4,828,4,0,100,3,0
11,350,21.000000,10000.000000,0,0,6287324,832,4,832,4,0,100,3,0
11,350,21.000000,10000.000000,0,0,6287327,833,4,833,4,0,100,3,0
11,350,21.000000,10000.000000,0,0,6287329,836,4,836,4,0,100,3,0
11,350,21.000000,10000.000000,0,0,6287332,840,4,840,4,0,100,3,0
11,350,21.000000,10000.000000,0,0,6287335,844,4,844,4,0,100,3,0
11,350,21.000000,10000.000000,0,0,6287338,848,4,848,4,0,100,3,0
11,350,21.000000,10000.000000,0,0,6287341,855,4,855,4,0,100,3,0
11,350,21.000000,10000.000000,0,0,6287343,860,4,860,4,0,100,3,0
11,350,21.000000,10000.000000,0,0,6287346,865,4,865,4,0,100,3,0
11,350,21.000000,10000.000000,0,0,6287349,871,4,871,4,0,100,3,0
11,350,21.000000,10000.000000,0,0,6287352,877,4,877,4,0,100,3,0
11,350,21.000000,10000.000000,0,0,6287355,882,4,882,4,0,100,3,0
11,350,21.000000,10000.000000,0,0,6287357,890,4,890,4,0,100,3,0
11,350,21.000000,10000.000000,0,0,6287360,896,4,896,4,0,100,3,0
11,350,21.000000,10000.000000,0,0,6287363,905,4,905,4,0,100,3,0
11,350,21.000000,10000.000000,0,0,6287366,912,4,912,4,0,100,3,0
11,350,21.000000,10000.000000,0,0,6287368,917,4,917,4,0,100,3,0
11,350,21.000000,10000.000000,0,0,6287371,919,4,919,4,0,100,3,0
11,350,21.000000,10000.000000,0,0,6287374,931,4,931,4,0,100,3,0
11,350,21.000000,10000.000000,0,0,6287377,938,4,938,4,0,100,3,0
11,350,21.000000,10000.000000,0,0,6287380,945,4,945,4,0,100,3,0
11,350,21.000000,10000.000000,0,0,6287383,953,4,953,4,0,100,3,0
11,350,21.000000,10000.000000,0,0,6287385,961,4,961,4,0,100,3,0
11,350,21.000000,10000.000000,0,0,6287388,964,4,964,4,0,100,3,0
11,350,21.000000,10000.000000,0,0,6287391,973,4,973,4,0,100,3,0
11,350,21.000000,10000.000000,0,0,6287393,977,4,977,4,0,100,3,0
11,350,21.000000,10000.000000,0,0,6287396,980,4,980,4,0,100,3,0
11,350,21.000000,10000.000000,0,0,6287399,994,4,994,4,0,100,3,0
11,350,21.000000,10000.000000,0,0,6287402,998,4,998,4,0,100,3,0
11,350,21.000000,10000.000000,0,0,6287405,1005,4,1005,4,0,100,3,0
11,350,21.000000,10000.000000,0,0,6287407,1013,4,1013,4,0,100,3,0
11,350,21.000000,10000.000000,0,0,6287410,1015,4,1015,4,0,100,3,0
11,350,21.000000,10000.000000,0,0,6287413,1021,4,1021,4,0,100,3,0
11,350,21.000000,10000.000000,0,0,6287416,1028,4,1028,4,0,100,3,0
11,350,21.000000,10000.000000,0,0,6287418,1032,5,1032,5,0,100,3,0
11,350,21.000000,10000.000000,0,0,6287421,1041,5,1041,5,0,100,3,0
11,350,21.000000,10000.000000,0,0,6287424,1047,5,1047,5,0,100,3,0
11,350,21.000000,10000.000000,0,0,6287427,1052,5,1052,5,0,100,3,0
11,350,21.000000,10000.000000,0,0,6287430,1061,6,1061,6,0,100,3,0
11,350,21.000000,10000.000000,0,0,6287433,1067,6,1067,6,0,100,3,0
11,350,21.000000,10000.000000,0,0,6287435,1073,7,1073,7,0,100,3,0
11,350,21.000000,10000.000000,0,0,6287438,1079,7,1079,7,0,100,3,0
11,350,21.000000,10000.000000,0,0,6287441,1081,7,1081,7,0,100,3,0
11,350,21.000000,10000.000000,0,0,6287443,1088,7,1088,7,0,100,3,0
11,350,21.000000,10000.000000,0,0,6287446,1093,7,1093,7,0,100,3,0
11,350,21.000000,10000.000000,0,0,6287449,1097,7,1097,7,0,100,3,0
11,350,21.000000,10000.000000,0,0,6287452,1102,7,1102,7,0,100,3,0
11,350,21.000000,10000.000000,0,0,6287455,1105,7,1105,7,0,100,3,0
11,350,21.000000,10000.000000,0,0,6287457,1108,7,1108,7,0,100,3,0
11,350,21.000000,10000.000000,0,0,6287460,1109,7,1109,7,0,100,3,0
11,350,21.000000,10000.000000,0,0,6287463,1111,7,1111,7,0,100,3,0
11,350,21.000000,10000.000000,0,0,6287466,1113,7,1113,7,0,100,3,0
11,350,21.000000,10000.000000,0,0,6287468,1114,7,1114,7,0,100,3,0
11,350,21.000000,10000.000000,0,0,6287471,1116,7,1116,7,0,100,3,0
11,350,21.000000,10000.000000,0,0,6287474,1117,7,1117,7,0,100,3,0
11,350,21.000000,10000.000000,0,0,6287477,1118,7,1118,7,0,100,3,0
11,350,21.000000,10000.000000,0,0,6287480,1119,7,1119,7,0,100,3,0
11,350,21.000000,10000.000000,0,0,6287482,1120,7,1120,7,0,100,3,0
11,350,21.000000,10000.000000,0,0,6287485,1121,7,1121,7,0,100,3,0
11,350,21.000000,10000.000000,0,0,6287488,1122,7,1122,7,0,100,3,0
11,350,21.000000,10000.000000,0,0,6287491,1123,7,1123,7,0,100,3,0
11,350,21.000000,10000.000000,0,0,6287494,1123,7,1123,7,0,100,3,0
11,350,21.000000,10000.000000,0,0,6287497,1123,7,1123,7,0,100,3,0
11,350,21.000000,10000.000000,0,0,6287499,1123,7,1123,7,0,100,3,0
11,350,21.000000,10000.000000,0,0,6287502,1123,7,1123,7,0,100,3,0
11,350,21.000000,10000.000000,0,0,6287505,1123,7,1123,7,0,100,3,0
11,350,21.000000,10000.000000,0,0,6287508,1123,7,1123,7,0,100,3,0
11,350,21.000000,10000.000000,0,0,6287510,1123,7,1123,7,0,100,3,0
11,350,21.000000,10000.000000,0,0,6287513,1123,7,1123,7,0,100,3,0
11,350,21.000000,10000.000000,0,0,6287516,1123,7,1123,7,0,100,3,0
11,350,21.000000,10000.000000,0,0,6287519,1123,7,1123,7,0,100,3,0
11,350,21.000000,10000.000000,0,0,6287522,1123,7,1123,7,0,100,3,0
11,350,21.000000,10000.000000,0,0,6287524,1123,7,1123,7,0,100,3,0
11,350,21.000000,10000.000000,0,0,6287527,1123,7,1123,7,0,100,3,0
11,350,21.000000,10000.000000,0,0,6287530,1123,7,1123,7,0,100,3,0
11,350,21.000000,10000.000000,0,0,6287533,1123,7,1123,7,0,100,3,0
11,350,21.000000,10000.000000,0,0,6287535,1123,7,1123,7,0,100,3,0
11,350,21.000000,10000.000000,0,0,6287538,1123,7,1123,7,0,100,3,0
11,350,21.000000,10000.000000,0,0,6287541,1123,7,1123,7,0,100,3,0
11,350,21.000000,10000.000000,0,0,6287544,1123,7,1123,7,0,100,3,0
11,350,21.000000,10000.000000,0,0,6287547,1123,7,1123,7,0,100,3,0
11,350,21.000000,10000.000000,0,0,6287549,1123,7,1123,7,0,100,3,0
11,350,21.000000,10000.000000,0,0,6287552,1123,7,1123,7,0,100,3,0
11,350,21.000000,10000.000000,0,0,6287555,1123,7,1123,7,0,100,3,0
11,350,21.000000,10000.000000,0,0,6287558,1123,7,1123,7,0,100,3,0
11,350,21.000000,10000.000000,0,0,6287560,1123,7,1123,7,0,100,3,0
11,350,21.000000,10000.000000,0,0,6287563,1123,7,1123,7,0,100,3,0
11,350,21.000000,10000.000000,0,0,6287566,1123,7,1123,7,0,100,3,0
11,350,21.000000,10000.000000,0,0,6287569,1123,7,1123,7,0,100,3,0
11,350,21.000000,10000.000000,0,0,6287571,1123,7,1123,7,0,100,3,0
11,350,21.000000,10000.000000,0,0,6287574,1123,7,1123,7,0,100,3,0
11,350,21.000000,10000.000000,0,0,6287577,1123,7,1123,7,0,100,3,0
11,350,21.000000,10000.000000,0,0,6287580,1123,7,1123,7,0,100,3,0
11,350,21.000000,10000.000000,0,0,6287582,1123,7,1123,7,0,100,3,0
11,350,21.000000,10000.000000,0,0,6287585,1123,7,1123,7,0,100,3,0
11,350,21.000000,10000.000000,0,0,6287588,1123,7,1123,7,0,100,3,0
11,350,21.000000,10000.000000,0,0,6287591,1123,7,1123,7,0,100,3,0
11,350,21.000000,10000.000000,0,0,6287594,1123,7,1123,7,0,100,3,0
11,350,21.000000,10000.000000,0,0,6287597,1123,7,1123,7,0,100,3,0
11,350,21.000000,10000.000000,0,0,6287599,1123,7,1123,7,0,100,3,0
11,350,21.000000,10000.000000,0,0,6287602,1123,7,1123,7,0,100,3,0
11,350,21.000000,10000.000000,0,0,6287605,1123,7,1123,7,0,100,3,0
11,350,21.000000,10000.000000,0,0,6287608,1123,7,1123,7,0,100,3,0
11,350,21.000000,10000.000000,0,0,6287610,1123,7,1123,7,0,100,3,0
11,350,21.000000,10000.000000,0,0,6287613,1123,7,1123,7,0,100,3,0
11,350,21.000000,10000.000000,0,0,6287616,1123,7,1123,7,0,100,3,0
11,350,21.000000,10000.000000,0,0,6287619,1123,7,1123,7,0,100,3,0
11,350,21.000000,10000.000000,0,0,6287622,1123,7,1123,7,0,100,3,0
11,350,21.000000,10000.000000,0,0,6287624,1123,7,1123,7,0,100,3,0
11,350,21.000000,10000.000000,0,0,6287627,1123,6,1123,6,0,100,3,0
11,350,21.000000,10000.000000,0,0,6287630,1122,6,1122,6,0,100,3,0
11,350,21.000000,10000.000000,0,0,6287633,1121,6,1121,6,0,100,3,0
11,350,21.000000,10000.000000,0,0,6287635,1121,6,1121,6,0,100,3,0
11,350,21.000000,10000.000000,0,0,6287638,1121,6,1121,6,0,100,3,0
11,350,21.000000,10000.000000,0,0,6287641,1121,6,1121,6,0,100,3,0
11,350,21.000000,10000.000000,0,0,6287643,1120,6,1120,6,0,100,3,0
11,350,21.000000,10000.000000,0,0,6287646,1119,6,1119,6,0,100,3,0
11,350,21.000000,10000.000000,0,0,6287649,1119,6,1119,6,0,100,3,0
11,350,21.000000,10000.000000,0,0,6287652,1119,6,1119,6,0,100,3,0
11,350,21.000000,10000.000000,0,0,6287655,1119,5,1119,5,0,100,3,0
11,350,21.000000,10000.000000,0,0,6287658,1119,4,1119,4,0,100,3,0
11,350,21.000000,10000.000000,0,0,6287661,1119,4,1119,4,0,100,3,0
11,350,21.000000,10000.000000,0,0,6287663,1119,4,1119,4,0,100,3,0
11,350,21.000000,10000.000000,0,0,6287666,1119,4,1119,4,0,100,3,0
11,350,21.000000,10000.000000,0,0,6287669,1119,4,1119,4,0,100,3,0
11,350,21.000000,10000.000000,0,0,6287672,1119,4,1119,4,0,100,3,0
11,350,21.000000,10000.000000,0,0,6287674,1119,4,1119,4,0,100,3,0
11,350,21.000000,10000.000000,0,0,6287677,1119,4,1119,4,0,100,3,0
11,350,21.000000,10000.000000,0,0,6287680,1119,4,1119,4,0,100,3,0
11,350,21.000000,10000.000000,0,0,6287683,1119,4,1119,4,0,100,3,0
11,350,21.000000,10000.000000,0,0,6287685,1119,4,1119,4,0,100,3,0
11,350,21.000000,10000.000000,0,0,6287688,1119,4,1119,4,0,100,3,0
11,350,21.000000,10000.000000,0,0,6287691,1119,4,1119,4,0,100,3,0
11,350,21.000000,10000.000000,0,0,6287694,1119,4,1119,4,0,100,3,0
11,350,21.000000,10000.000000,0,0,6287697,1119,4,1119,4,0,100,3,0
11,350,21.000000,10000.000000,0,0,6287699,1119,4,1119,4,0,100,3,0
11,350,21.000000,10000.000000,0,0,6287702,1119,4,1119,4,0,100,3,0
11,350,21.000000,10000.000000,0,0,6287705,1119,4,1119,4,0,100,3,0
11,350,21.000000,10000.000000,0,0,6287708,1119,4,1119,4,0,100,3,0
11,350,21.000000,10000.000000,0,0,6287711,1119,4,1119,4,0,100,3,0
11,350,21.000000,10000.000000,0,0,6287713,1119,4,1119,4,0,100,3,0
11,350,21.000000,10000.000000,0,0,6287716,1119,4,1119,4,0,100,3,0
11,350,21.000000,10000.000000,0,0,6287719,1119,4,1119,4,0,100,3,0
11,350,21.000000,10000.000000,0,0,6287722,1119,4,1119,4,0,100,3,0
11,350,21.000000,10000.000000,0,0,6287724,1119,4,1119,4,0,100,3,0
11,350,21.000000,10000.000000,0,0,6287727,1119,4,1119,4,0,100,3,0
11,350,21.000000,10000.000000,0,0,6287730,1119,4,1119,4,0,100,3,0
11,350,21.000000,10000.000000,0,0,6287733,1119,4,1119,4,0,100,3,0
11,350,21.000000,10000.000000,0,0,6287736,1119,4,1119,4,0,100,3,0
11,350,21.000000,10000.000000,0,0,6287738,1119,4,1119,4,0,100,3,0
11,350,21.000000,10000.000000,0,0,6287741,1119,4,1119,4,0,100,3,0
11,350,21.000000,10000.000000,0,0,6287744,1119,4,1119,4,0,100,3,0
11,350,21.000000,10000.000000,0,0,6287747,1119,4,1119,4,0,100,3,0
11,350,21.000000,10000.000000,0,0,6287749,1119,4,1119,4,0,100,3,0
11,350,21.000000,10000.000000,0,0,6287752,1119,4,1119,4,0,100,3,0
11,350,21.000000,10000.000000,0,0,6287755,1119,4,1119,4,0,100,3,0
11,350,21.000000,10000.000000,0,0,6287758,1119,4,1119,4,0,100,3,0
11,350,21.000000,10000.000000,0,0,6287761,1119,4,1119,4,0,100,3,0
11,350,21.000000,10000.000000,0,0,6287763,1119,4,1119,4,0,100,3,0
11,350,21.000000,10000.000000,0,0,6287766,1119,4,1119,4,0,100,3,0
11,350,21.000000,10000.000000,0,0,6287769,1119,4,1119,4,0,100,3,0
11,350,21.000000,10000.000000,0,0,6287772,1119,4,1119,4,0,100,3,0
11,350,21.000000,10000.000000,0,0,6287774,1119,4,1119,4,0,100,3,0
11,350,21.000000,10000.000000,0,0,6287777,1119,4,1119,4,0,100,3,0
11,350,21.000000,10000.000000,0,0,6287780,1119,4,1119,4,0,100,3,0
11,350,21.000000,10000.000000,0,0,6287783,1119,4,1119,4,0,100,3,0
11,350,21.000000,10000.000000,0,0,6287786,1119,4,1119,4,0,100,3,0
11,350,21.000000,10000.000000,0,0,6287788,1119,4,1119,4,0,100,3,0
11,350,21.000000,10000.000000,0,0,6287791,1119,4,1119,4,0,100,3,0
11,350,21.000000,10000.000000,0,0,6287794,1119,4,1119,4,0,100,3,0
11,350,21.000000,10000.000000,0,0,6287797,1119,4,1119,4,0,100,3,0
11,350,21.000000,10000.000000,0,0,6287799,1119,4,1119,4,0,100,3,0
11,350,21.000000,10000.000000,0,0,6287802,1119,4,1119,4,0,100,3,0
11,350,21.000000,10000.000000,0,0,6287805,1119,4,1119,4,0,100,3,0
11,350,21.000000,10000.000000,0,0,6287808,1119,4,1119,4,0,100,3,0
11,350,21.000000,10000.000000,0,0,6287811,1119,4,1119,4,0,100,3,0
11,350,21.000000,10000.000000,0,0,6287813,1119,4,1119,4,0,100,3,0
11,350,21.000000,10000.000000,0,0,6287816,1119,4,1119,4,0,100,3,0
11,350,21.000000,10000.000000,0,0,6287819,1119,4,1119,4,0,100,3,0
11,350,21.000000,10000.000000,0,0,6287822,1119,4,1119,4,0,100,3,0
11,350,21.000000,10000.000000,0,0,6287824,1119,4,1119,4,0,100,3,0
11,350,21.000000,10000.000000,0,0,6287827,1119,4,1119,4,0,100,3,0
11,350,21.000000,10000.000000,0,0,6287830,1119,4,1119,4,0,100,3,0
11,350,21.000000,10000.000000,0,0,6287833,1119,4,1119,4,0,100,3,0
11,350,21.000000,10000.000000,0,0,6287835,1119,4,1119,4,0,100,3,0
11,350,21.000000,10000.000000,0,0,6287838,1119,4,1119,4,0,100,3,0
11,350,21.000000,10000.000000,0,0,6287841,1119,4,1119,4,0,100,3,0
11,350,21.000000,10000.000000,0,0,6287844,1119,4,1119,4,0,100,3,0
11,350,21.000000,10000.000000,0,0,6287847,1119,4,1119,4,0,100,3,0
11,350,21.000000,10000.000000,0,0,6287849,1119,4,1119,4,0,100,3,0
11,350,21.000000,10000.000000,0,0,6287852,1119,4,1119,4,0,100,3,0
11,350,21.000000,10000.000000,0,0,6287855,1119,4,1119,4,0,100,3,0
11,350,21.000000,10000.000000,0,0,6287858,1119,4,1119,4,0,100,3,0
11,350,21.000000,10000.000000,0,0,6287861,1119,4,1119,4,0,100,3,0
11,350,21.000000,10000.000000,0,0,6287863,1119,4,1119,4,0,100,3,0
11,350,21.000000,10000.000000,0,0,6287866,1119,4,1119,4,0,100,3,0
11,350,21.000000,10000.000000,0,0,6287869,1119,4,1119,4,0,100,3,0
11,350,21.000000,10000.000000,0,0,6287872,1119,4,1119,4,0,100,3,0
11,350,21.000000,10000.000000,0,0,6287874,1119,4,1119,4,0,100,3,0
11,350,21.000000,10000.000000,0,0,6287877,1119,4,1119,4,0,100,3,0
11,350,21.000000,10000.000000,0,0,6287880,1119,4,1119,4,0,100,3,0
11,350,21.000000,10000.000000,0,0,6287883,1119,4,1119,4,0,100,3,0
11,350,21.000000,10000.000000,0,0,6287886,1119,4,1119,4,0,100,3,0
11,350,21.000000,10000.000000,0,0,6287888,1119,4,1119,4,0,100,3,0
11,350,21.000000,10000.000000,0,0,6287891,1119,4,1119,4,0,100,3,0
11,350,21.000000,10000.000000,0,0,6287894,1119,4,1119,4,0,100,3,0
11,350,21.000000,10000.000000,0,0,6287897,1119,4,1119,4,0,100,3,0
11,350,21.000000,10000.000000,0,0,6287899,1119,4,1119,4,0,100,3,0
11,350,21.000000,10000.000000,0,0,6287902,1119,4,1119,4,0,100,3,0
11,350,21.000000,10000.000000,0,0,6287905,1119,4,1119,4,0,100,3,0
11,350,21.000000,10000.000000,0,0,6287908,1119,4,1119,4,0,100,3,0
11,350,21.000000,10000.000000,0,0,6287911,1119,4,1119,4,0,100,3,0
11,350,21.000000,10000.000000,0,0,6287913,1119,3,1119,3,0,100,3,0
11,350,21.000000,10000.000000,0,0,6287916,1119,2,1119,2,0,100,3,0
11,350,21.000000,10000.000000,0,0,6287919,1119,2,1119,2,0,100,3,0
11,350,21.000000,10000.000000,0,0,6287921,1119,2,1119,2,0,100,3,0
11,350,21.000000,10000.000000,0,0,6287924,1119,2,1119,2,0,100,3,0
11,350,21.000000,10000.000000,0,0,6287927,1119,2,1119,2,0,100,3,0
11,350,21.000000,10000.000000,0,0,6287930,1120,2,1120,2,0,100,3,0
11,350,21.000000,10000.000000,0,0,6287932,1120,2,1120,2,0,100,3,0
11,350,21.000000,10000.000000,0,0,6287936,1121,2,1121,2,0,100,3,0
11,350,21.000000,10000.000000,0,0,6287938,1122,2,1122,2,0,100,3,0
11,350,21.000000,10000.000000,0,0,6287941,1122,2,1122,2,0,100,3,0
11,350,21.000000,10000.000000,0,0,6287944,1122,2,1122,2,0,100,3,0
11,350,21.000000,10000.000000,0,0,6287947,1123,2,1123,2,0,100,3,0
11,350,21.000000,10000.000000,0,0,6287949,1123,2,1123,2,0,100,3,0
11,350,21.000000,10000.000000,0,0,6287952,1123,1,1123,1,0,100,3,0
11,350,21.000000,10000.000000,0,0,6287955,1124,1,1124,1,0,100,3,0
11,350,21.000000,10000.000000,0,0,6287958,1125,1,1125,1,0,100,3,0
11,350,21.000000,10000.000000,0,0,6287961,1125,1,1125,1,0,100,3,0
11,350,21.000000,10000.000000,0,0,6287963,1125,1,1125,1,0,100,3,0
11,350,21.000000,10000.000000,0,0,6287966,1125,1,1125,1,0,100,3,0
11,350,21.000000,10000.000000,0,0,6287969,1126,1,1126,1,0,100,3,0
11,350,21.000000,10000.000000,0,0,6287972,1126,1,1126,1,0,100,3,0
11,350,21.000000,10000.000000,0,0,6287975,1127,1,1127,1,0,100,3,0
11,350,21.000000,10000.000000,0,0,6287977,1127,0,1127,0,0,100,3,0
11,350,21.000000,10000.000000,0,0,6287980,1127,0,1127,-1,0,100,3,0
11,350,21.000000,10000.000000,0,0,6287983,1127,0,1127,-1,0,100,3,0
11,350,21.000000,10000.000000,0,0,6287986,1127,0,1127,-1,0,100,3,0
11,350,21.000000,10000.000000,0,0,6287988,1127,0,1127,-1,0,100,3,0
11,350,21.000000,10000.000000,0,0,6287991,1127,0,1127,-1,0,100,3,0
11,350,21.000000,10000.000000,0,0,6287994,1127,0,1127,-1,0,100,3,0
11,350,21.000000,10000.000000,0,0,6287997,1127,0,1127,-1,0,100,3,0
11,350,21.000000,10000.000000,0,0,6288000,1127,0,1127,-1,0,100,3,0
11,350,21.000000,10000.000000,0,0,6288002,1127,0,1127,-1,0,100,3,0
11,350,21.000000,10000.000000,0,0,6288005,1127,0,1127,-1,0,100,3,0
11,350,21.000000,10000.000000,0,0,6288008,1127,0,1127,-1,0,100,3,0
11,350,21.000000,10000.000000,0,0,6288011,1127,0,1127,-1,0,100,3,0
11,350,21.000000,10000.000000,0,0,6288013,1127,0,1127,-1,0,100,3,0
11,350,21.000000,10000.000000,0,0,6288016,1127,0,1127,-1,0,100,3,0
11,350,21.000000,10000.000000,0,0,6288019,1127,0,1127,-1,0,100,3,0
11,350,21.000000,10000.000000,0,0,6288022,1127,0,1127,-1,0,100,3,0
11,350,21.000000,10000.000000,0,0,6288025,1127,0,1127,-1,0,100,3,0
11,350,21.000000,10000.000000,0,0,6288027,1127,0,1127,-1,0,100,3,0
11,350,21.000000,10000.000000,0,0,6288030,1127,0,1127,-1,0,100,3,0
11,350,21.000000,10000.000000,0,0,6288033,1127,0,1127,-1,0,100,3,0
11,350,21.000000,10000.000000,0,0,6288036,1127,0,1127,-1,0,100,3,0
11,350,21.000000,10000.000000,0,0,6288039,1127,0,1127,-1,0,100,3,0
11,350,21.000000,10000.000000,0,0,6288041,1127,0,1127,-1,0,100,3,0
11,350,21.000000,10000.000000,0,0,6288044,1127,0,1127,-1,0,100,3,0
11,350,21.000000,10000.000000,0,0,6288047,1127,0,1127,-1,0,100,3,0
11,350,21.000000,10000.000000,0,0,6288050,1127,0,1127,-1,0,100,3,0
11,350,21.000000,10000.000000,0,0,6288052,1127,0,1127,-1,0,100,3,0
11,350,21.000000,10000.000000,0,0,6288055,1127,0,1127,-1,0,100,3,0
11,350,21.000000,10000.000000,0,0,6288058,1127,0,1127,-1,0,100,3,0
11,350,21.000000,10000.000000,0,0,6288061,1127,0,1127,-1,0,100,3,0
11,350,21.000000,10000.000000,0,0,6288064,1127,0,1127,-1,0,100,3,0
11,350,21.000000,10000.000000,0,0,6288066,1127,0,1127,-1,0,100,3,0
11,350,21.000000,10000.000000,0,0,6288069,1127,0,1127,-1,0,100,3,0
11,350,21.000000,10000.000000,0,0,6288072,1127,0,1127,-1,0,100,3,0
11,350,21.000000,10000.000000,0,0,6288075,1127,0,1127,-1,0,100,3,0
11,350,21.000000,10000.000000,0,0,6288077,1127,0,1127,-1,0,100,3,0
11,350,21.000000,10000.000000,0,0,6288080,1127,0,1127,-1,0,100,3,0
11,350,21.000000,10000.000000,0,0,6288083,1127,0,1127,-1,0,100,3,0
11,350,21.000000,10000.000000,0,0,6288086,1127,0,1127,-1,0,100,3,0
11,350,21.000000,10000.000000,0,0,6288089,1127,0,1127,-1,0,100,3,0
11,350,21.000000,10000.000000,0,0,6288091,1127,0,1127,-1,0,100,3,0
11,350,21.000000,10000.000000,0,0,6288094,1127,0,1127,-1,0,100,3,0
11,350,21.000000,10000.000000,0,0,6288097,1127,0,1127,-1,0,100,3,0
11,350,21.000000,10000.000000,0,0,6288100,1127,0,1127,-1,0,100,3,0
11,350,21.000000,10000.000000,0,0,6288102,1127,0,1127,-1,0,100,3,0
11,350,21.000000,10000.000000,0,0,6288105,1127,0,1127,-1,0,100,3,0
11,350,21.000000,10000.000000,0,0,6288108,1127,0,1127,-1,0,100,3,0
11,350,21.000000,10000.000000,0,0,6288111,1127,0,1127,-1,0,100,3,0
11,350,21.000000,10000.000000,0,0,6288114,1127,0,1127,-1,0,100,3,0
11,350,21.000000,10000.000000,0,0,6288116,1127,0,1127,-1,0,100,3,0
11,350,21.000000,10000.000000,0,0,6288119,1127,0,1127,-1,0,100,3,0
11,350,21.000000,10000.000000,0,0,6288122,1127,0,1127,-1,0,100,3,0
11,350,21.000000,10000.000000,0,0,6288125,1127,0,1127,-1,0,100,3,0
11,350,21.000000,10000.000000,0,0,6288127,1127,0,1127,-1,0,100,3,0
11,350,21.000000,10000.000000,0,0,6288130,1127,0,1127,-1,0,100,3,0
11,350,21.000000,10000.000000,0,0,6288133,1127,0,1127,-1,0,100,3,0
11,350,21.000000,10000.000000,0,0,6288136,1127,0,1127,-1,0,100,3,0
11,350,21.000000,10000.000000,0,0,6288139,1127,0,1127,-1,0,100,3,0
11,350,21.000000,10000.000000,0,0,6288141,1127,0,1127,-1,0,100,3,0
11,350,21.000000,10000.000000,0,0,6288144,1127,0,1127,-1,0,100,3,0
11,350,21.000000,10000.000000,0,0,6288147,1127,0,1127,-1,0,100,3,0
11,350,21.000000,10000.000000,0,0,6288150,1127,0,1127,-1,0,100,3,0
11,350,21.000000,10000.000000,0,0,6288152,1127,0,1127,-1,0,100,3,0
11,350,21.000000,10000.000000,0,0,6288155,1127,0,1127,-1,0,100,3,0
11,350,21.000000,10000.000000,0,0,6288158,1127,0,1127,-1,0,100,3,0
11,350,21.000000,10000.000000,0,0,6288161,1127,0,1127,-1,0,100,3,0
11,350,21.000000,10000.000000,0,0,6288163,1127,0,1127,-1,0,100,3,0
11,350,21.000000,10000.000000,0,0,6288166,1127,0,1127,-1,0,100,3,0
11,350,21.000000,10000.000000,0,0,6288180,1127,0,1127,-1,0,100,3,0
