11,700,21.000000,10000.000000,1,2,6480626,605,17,605,17,0,114,3,1
11,700,21.000000,10000.000000,1,2,6480627,605,17,605,17,0,114,3,1
11,700,21.000000,10000.000000,1,2,6480630,605,17,605,17,0,114,3,1
11,700,21.000000,10000.000000,1,2,6480633,605,17,605,17,0,114,3,1
11,700,21.000000,10000.000000,1,2,6480635,605,17,605,17,0,114,3,1
11,700,21.000000,10000.000000,1,2,6480638,605,17,605,17,0,114,3,1
11,700,21.000000,10000.000000,1,2,6480641,605,17,605,17,0,114,3,1
11,700,21.000000,10000.000000,1,2,6480643,605,17,605,17,0,114,3,1
11,700,21.000000,10000.000000,1,2,6480646,605,17,605,17,0,114,3,1
11,700,21.000000,10000.000000,1,2,6480649,605,17,605,17,0,114,3,1
11,700,21.000000,10000.000000,1,2,6480652,605,17,605,17,0,114,3,1
11,700,21.000000,10000.000000,1,2,6480655,605,17,605,17,0,114,3,1
11,700,21.000000,10000.000000,1,2,6480658,605,17,605,17,0,114,3,1
11,700,21.000000,10000.000000,1,2,6480660,605,17,605,17,0,114,3,1
11,700,21.000000,10000.000000,1,2,6480663,605,17,605,17,0,114,3,1
11,700,21.000000,10000.000000,1,2,6480666,605,17,605,17,0,114,3,1
11,700,21.000000,10000.000000,1,2,6480669,605,17,605,17,0,114,3,1
11,700,21.000000,10000.000000,1,2,6480671,605,17,605,17,0,114,3,1
11,700,21.000000,10000.000000,1,2,6480674,605,17,605,17,0,114,3,1
11,700,21.000000,10000.000000,1,2,6480677,605,17,605,17,0,114,3,1
11,700,21.000000,10000.000000,1,2,6480680,605,17,605,17,0,114,3,1
11,700,21.000000,10000.000000,1,2,6480683,605,17,605,17,0,114,3,1
11,700,21.000000,10000.000000,1,2,6480685,605,17,605,17,0,114,3,1
11,700,21.000000,10000.000000,1,2,6480688,605,17,605,17,0,114,3,1
11,700,21.000000,10000.000000,1,2,6480691,605,17,605,17,0,114,3,1
11,700,21.000000,10000.000000,1,2,6480694,605,17,605,17,0,114,3,1
11,700,21.000000,10000.000000,1,2,6480696,605,17,605,17,0,114,3,1
11,700,21.000000,10000.000000,1,2,6480699,605,17,605,17,0,114,3,1
11,700,21.000000,10000.000000,1,2,6480702,605,17,605,17,0,114,3,1
11,700,21.000000,10000.000000,1,2,6480705,605,17,605,17,0,114,3,1
11,700,21.000000,10000.000000,1,2,6480707,605,17,605,17,0,114,3,1
11,700,21.000000,10000.000000,1,2,6480710,605,17,605,17,0,114,3,1
11,700,21.000000,10000.000000,1,2,6480713,605,17,605,17,0,114,3,1
11,700,21.000000,10000.000000,1,2,6480716,605,17,605,17,0,114,3,1
11,700,21.000000,10000.000000,1,2,6480719,605,17,605,17,0,114,3,1
11,700,21.000000,10000.000000,1,2,6480721,605,17,605,17,0,114,3,1
11,700,21.000000,10000.000000,1,2,6480724,605,17,605,17,0,114,3,1
11,700,21.000000,10000.000000,1,2,6480727,605,17,605,17,0,114,3,1
11,700,21.000000,10000.000000,1,2,6480730,605,17,605,17,0,114,3,1
11,700,21.000000,10000.000000,1,2,6480732,605,17,605,17,0,114,3,1
11,700,21.000000,10000.000000,1,2,6480735,605,17,605,17,0,114,3,1
11,700,21.000000,10000.000000,1,2,6480738,605,17,605,17,0,114,3,1
11,700,21.000000,10000.000000,1,2,6480741,605,17,605,17,0,114,3,1
11,700,21.000000,10000.000000,1,2,6480744,605,17,605,17,0,114,3,1
11,700,21.000000,10000.000000,1,2,6480746,605,17,605,17,0,114,3,1
11,700,21.000000,10000.000000,1,2,6480749,605,17,605,17,0,114,3,1
11,700,21.000000,10000.000000,1,2,6480752,605,17,605,17,0,114,3,1
11,700,21.000000,10000.000000,1,2,6480755,605,17,605,17,0,114,3,1
11,700,21.000000,10000.000000,1,2,6480758,605,17,605,17,0,114,3,1
11,700,21.000000,10000.000000,1,2,6480760,605,17,605,17,0,114,3,1
11,700,21.000000,10000.000000,1,2,6480763,605,17,605,17,0,114,3,1
11,700,21.000000,10000.000000,1,2,6480766,605,17,605,17,0,114,3,1
11,700,21.000000,10000.000000,1,2,6480769,605,17,605,17,0,114,3,1
11,700,21.000000,10000.000000,1,2,6480772,605,17,605,17,0,114,3,1
11,700,21.000000,10000.000000,1,2,6480774,605,17,605,17,0,114,3,1
11,700,21.000000,10000.000000,1,2,6480777,605,17,605,17,0,114,3,1
11,700,21.000000,10000.000000,1,2,6480780,605,17,605,17,0,114,3,1
11,700,21.000000,10000.000000,1,2,6480783,605,17,605,17,0,114,3,1
11,700,21.000000,10000.000000,1,2,6480786,605,17,605,17,0,114,3,1
11,700,21.000000,10000.000000,1,2,6480788,605,17,605,17,0,114,3,1
11,700,21.000000,10000.000000,1,2,6480791,605,17,605,17,0,114,3,1
11,700,21.000000,10000.000000,1,2,6480794,605,17,605,17,0,114,3,1
11,700,21.000000,10000.000000,1,2,6480797,605,17,605,17,0,114,3,1
11,700,21.000000,10000.000000,1,2,6480799,605,17,605,17,0,114,3,1
11,700,21.000000,10000.000000,1,2,6480802,605,17,605,17,0,114,3,1
11,700,21.000000,10000.000000,1,2,6480805,605,17,605,17,0,114,3,1
11,700,21.000000,10000.000000,1,2,6480808,605,17,605,17,0,114,3,1
11,700,21.000000,10000.000000,1,2,6480811,605,17,605,17,0,114,3,1
11,700,21.000000,10000.000000,1,2,6480813,605,17,605,17,0,114,3,1
11,700,21.000000,10000.000000,1,2,6480816,605,17,605,17,0,114,3,1
11,700,21.000000,10000.000000,1,2,6480819,605,17,605,17,0,114,3,1
11,700,21.000000,10000.000000,1,2,6480822,605,17,605,17,0,114,3,1
11,700,21.000000,10000.000000,1,2,6480824,606,17,606,17,0,114,3,1
11,700,21.000000,10000.000000,1,2,6480827,607,17,607,17,0,114,3,1
11,700,21.000000,10000.000000,1,2,6480830,608,17,608,17,0,114,3,1
11,700,21.000000,10000.000000,1,2,6480833,609,17,609,17,0,114,3,1
11,700,21.000000,10000.000000,1,2,6480836,610,17,610,17,0,114,3,1
11,700,21.000000,10000.000000,1,2,6480838,612,17,612,17,0,114,3,1
11,700,21.000000,10000.000000,1,2,6480841,613,17,613,17,0,114,3,1
11,700,21.000000,10000.000000,1,2,6480844,615,17,615,17,0,114,3,1
11,700,21.000000,10000.000000,1,2,6480847,617,17,617,17,0,114,3,1
11,700,21.000000,10000.000000,1,2,6480849,619,17,619,17,0,114,3,1
11,700,21.000000,10000.000000,1,2,6480852,622,17,622,17,0,114,3,1
11,700,21.000000,10000.000000,1,2,6480855,626,17,626,17,0,114,3,1
11,700,21.000000,10000.000000,1,2,6480858,629,17,629,17,0,114,3,1
11,700,21.000000,10000.000000,1,2,6480861,631,17,631,17,0,114,3,1
11,700,21.000000,10000.000000,1,2,6480863,635,17,635,17,0,114,3,1
11,700,21.000000,10000.000000,1,2,6480866,641,17,641,17,0,114,3,1
11,700,21.000000,10000.000000,1,2,6480869,646,17,646,17,0,114,3,1
11,700,21.000000,10000.000000,1,2,6480872,651,17,651,17,0,114,3,1
11,700,21.000000,10000.000000,1,2,6480874,655,17,655,17,0,114,3,1
11,700,21.000000,10000.000000,1,2,6480877,662,17,662,17,0,114,3,1
11,700,21.000000,10000.000000,1,2,6480880,668,17,668,17,0,114,3,1
11,700,21.000000,10000.000000,1,2,6480883,674,18,674,18,0,114,3,1
11,700,21.000000,10000.000000,1,2,6480886,689,18,689,18,0,114,3,1
11,700,21.000000,10000.000000,1,2,6480888,699,18,699,18,0,114,3,1
11,700,21.000000,10000.000000,1,2,6480891,709,18,709,18,0,114,3,1
11,700,21.000000,10000.000000,1,2,6480894,720,19,720,19,0,114,3,1
11,700,21.000000,10000.000000,1,2,6480897,730,20,730,20,0,114,3,1
11,700,21.000000,10000.000000,1,2,6480900,743,21,743,21,0,114,3,1
11,700,21.000000,10000.000000,1,2,6480903,755,22,755,22,0,114,3,1
11,700,21.000000,10000.000000,1,2,6480905,765,22,765,22,0,114,3,1
11,700,21.000000,10000.000000,1,2,6480908,779,23,779,23,0,114,3,1
11,700,21.000000,10000.000000,1,2,6480911,788,24,788,24,0,114,3,1
11,700,21.000000,10000.000000,1,2,6480914,799,25,799,25,0,114,3,1
11,700,21.000000,10000.000000,1,2,6480916,810,26,810,26,0,114,3,1
11,700,21.000000,10000.000000,1,2,6480919,831,27,831,27,0,114,3,1
11,700,21.000000,10000.000000,1,2,6480922,853,28,853,28,0,114,3,1
11,700,21.000000,10000.000000,1,2,6480924,881,30,881,30,0,114,3,1
11,700,21.000000,10000.000000,1,2,6480928,897,31,897,31,0,114,3,1
11,700,21.000000,10000.000000,1,2,6480930,908,32,908,32,0,114,3,1
11,700,21.000000,10000.000000,1,2,6480933,929,34,929,34,0,114,3,1
11,700,21.000000,10000.000000,1,2,6480936,958,37,958,37,0,114,3,1
11,700,21.000000,10000.000000,1,2,6480939,972,38,972,38,0,114,3,1
11,700,21.000000,10000.000000,1,2,6480941,984,39,984,39,0,114,3,1
11,700,21.000000,10000.000000,1,2,6480944,1004,40,1004,40,0,114,3,1
11,700,21.000000,10000.000000,1,2,6480947,1024,41,1024,41,0,114,3,1
11,700,21.000000,10000.000000,1,2,6480950,1052,43,1052,43,0,114,3,1
11,700,21.000000,10000.000000,1,2,6480953,1067,44,1067,44,0,114,3,1
11,700,21.000000,10000.000000,1,2,6480955,1089,46,1089,46,0,114,3,1
11,700,21.000000,10000.000000,1,2,6480958,1110,47,1110,47,0,114,3,1
11,700,21.000000,10000.000000,1,2,6480961,1125,48,1125,48,0,114,3,1
11,700,21.000000,10000.000000,1,2,6480964,1140,49,1140,49,0,114,3,1
11,700,21.000000,10000.000000,1,2,6480966,1151,49,1151,49,0,114,3,1
11,700,21.000000,10000.000000,1,2,6480969,1174,51,1174,51,0,114,3,1
11,700,21.000000,10000.000000,1,2,6480972,1195,53,1195,53,0,114,3,1
11,700,21.000000,10000.000000,1,2,6480975,1215,55,1215,55,0,114,3,1
11,700,21.000000,10000.000000,1,2,6480977,1236,57,1236,57,0,114,3,1
11,700,21.000000,10000.000000,1,2,6480980,1248,58,1248,58,0,114,3,1
11,700,21.000000,10000.000000,1,2,6480983,1260,59,1260,59,0,114,3,1
11,700,21.000000,10000.000000,1,2,6480986,1273,60,1273,60,0,114,3,1
11,700,21.000000,10000.000000,1,2,6480988,1285,61,1285,61,0,114,3,1
11,700,21.000000,10000.000000,1,2,6480991,1296,61,1296,61,0,114,3,1
11,700,21.000000,10000.000000,1,2,6480994,1300,62,1300,62,0,114,3,1
11,700,21.000000,10000.000000,1,2,6480997,1317,63,1317,63,0,114,3,1
11,700,21.000000,10000.000000,1,2,6481000,1326,63,1326,63,0,114,3,1
11,700,21.000000,10000.000000,1,2,6481003,1329,63,1329,63,0,114,3,1
11,700,21.000000,10000.000000,1,2,6481005,1337,63,1337,63,0,114,3,1
11,700,21.000000,10000.000000,1,2,6481008,1343,63,1343,63,0,114,3,1
11,700,21.000000,10000.000000,1,2,6481010,1346,63,1346,63,0,114,3,1
11,700,21.000000,10000.000000,1,2,6481014,1349,63,1349,63,0,114,3,1
11,700,21.000000,10000.000000,1,2,6481017,1351,63,1351,63,0,114,3,1
11,700,21.000000,10000.000000,1,2,6481019,1353,63,1353,63,0,114,3,1
11,700,21.000000,10000.000000,1,2,6481022,1354,63,1354,63,0,114,3,1
11,700,21.000000,10000.000000,1,2,6481025,1355,63,1355,63,0,114,3,1
11,700,21.000000,10000.000000,1,2,6481028,1355,63,1355,63,0,114,3,1
11,700,21.000000,10000.000000,1,2,6481030,1355,63,1355,63,0,114,3,1
11,700,21.000000,10000.000000,1,2,6481033,1355,63,1355,63,0,114,3,1
11,700,21.000000,10000.000000,1,2,6481035,1355,63,1355,63,0,114,3,1
11,700,21.000000,10000.000000,1,2,6481038,1355,63,1355,63,0,114,3,1
11,700,21.000000,10000.000000,1,2,6481041,1355,63,1355,63,0,114,3,1
11,700,21.000000,10000.000000,1,2,6481044,1355,63,1355,63,0,114,3,1
11,700,21.000000,10000.000000,1,2,6481047,1355,63,1355,63,0,114,3,1
11,700,21.000000,10000.000000,1,2,6481049,1355,63,1355,63,0,114,3,1
11,700,21.000000,10000.000000,1,2,6481052,1355,62,1355,62,0,114,3,1
11,700,21.000000,10000.000000,1,2,6481055,1355,61,1355,61,0,114,3,1
11,700,21.000000,10000.000000,1,2,6481058,1355,60,1355,60,0,114,3,1
11,700,21.000000,10000.000000,1,2,6481061,1354,60,1354,60,0,114,3,1
11,700,21.000000,10000.000000,1,2,6481063,1353,59,1353,59,0,114,3,1
11,700,21.000000,10000.000000,1,2,6481066,1352,58,1352,58,0,114,3,1
11,700,21.000000,10000.000000,1,2,6481069,1351,58,1351,58,0,114,3,1
11,700,21.000000,10000.000000,1,2,6481072,1350,58,1350,58,0,114,3,1
11,700,21.000000,10000.000000,1,2,6481074,1349,57,1349,57,0,114,3,1
11,700,21.000000,10000.000000,1,2,6481077,1348,56,1348,56,0,114,3,1
11,700,21.000000,10000.000000,1,2,6481080,1348,56,1348,56,0,114,3,1
11,700,21.000000,10000.000000,1,2,6481083,1347,55,1347,55,0,114,3,1
11,700,21.000000,10000.000000,1,2,6481086,1346,55,1346,55,0,114,3,1
11,700,21.000000,10000.000000,1,2,6481088,1344,55,1344,55,0,114,3,1
11,700,21.000000,10000.000000,1,2,6481091,1343,54,1343,54,0,114,3,1
11,700,21.000000,10000.000000,1,2,6481094,1342,54,1342,54,0,114,3,1
11,700,21.000000,10000.000000,1,2,6481097,1341,54,1341,54,0,114,3,1
11,700,21.000000,10000.000000,1,2,6481099,1341,54,1341,54,0,114,3,1
11,700,21.000000,10000.000000,1,2,6481102,1341,54,1341,54,0,114,3,1
11,700,21.000000,10000.000000,1,2,6481105,1340,54,1340,54,0,114,3,1
11,700,21.000000,10000.000000,1,2,6481108,1340,54,1340,54,0,114,3,1
11,700,21.000000,10000.000000,1,2,6481111,1340,54,1340,54,0,114,3,1
11,700,21.000000,10000.000000,1,2,6481113,1340,54,1340,54,0,114,3,1
11,700,21.000000,10000.000000,1,2,6481116,1340,54,1340,54,0,114,3,1
11,700,21.000000,10000.000000,1,2,6481119,1340,54,1340,54,0,114,3,1
11,700,21.000000,10000.000000,1,2,6481122,1340,54,1340,54,0,114,3,1
11,700,21.000000,10000.000000,1,2,6481125,1340,54,1340,54,0,114,3,1
11,700,21.000000,10000.000000,1,2,6481127,1340,54,1340,54,0,114,3,1
11,700,21.000000,10000.000000,1,2,6481130,1340,54,1340,54,0,114,3,1
11,700,21.000000,10000.000000,1,2,6481133,1340,54,1340,54,0,114,3,1
11,700,21.000000,10000.000000,1,2,6481136,1340,54,1340,54,0,114,3,1
11,700,21.000000,10000.000000,1,2,6481139,1340,54,1340,54,0,114,3,1
11,700,21.000000,10000.000000,1,2,6481141,1340,53,1340,53,0,114,3,1
11,700,21.000000,10000.000000,1,2,6481144,1340,53,1340,53,0,114,3,1
11,700,21.000000,10000.000000,1,2,6481147,1340,53,1340,53,0,114,3,1
11,700,21.000000,10000.000000,1,2,6481150,1340,53,1340,53,0,114,3,1
11,700,21.000000,10000.000000,1,2,6481152,1340,53,1340,53,0,114,3,1
11,700,21.000000,10000.000000,1,2,6481155,1340,53,1340,53,0,114,3,1
11,700,21.000000,10000.000000,1,2,6481158,1340,53,1340,53,0,114,3,1
11,700,21.000000,10000.000000,1,2,6481161,1340,53,1340,53,0,114,3,1
11,700,21.000000,10000.000000,1,2,6481164,1340,53,1340,53,0,114,3,1
11,700,21.000000,10000.000000,1,2,6481166,1340,53,1340,53,0,114,3,1
11,700,21.000000,10000.000000,1,2,6481169,1340,53,1340,53,0,114,3,1
11,700,21.000000,10000.000000,1,2,6481172,1340,53,1340,53,0,114,3,1
11,700,21.000000,10000.000000,1,2,6481175,1339,52,1339,52,0,114,3,1
11,700,21.000000,10000.000000,1,2,6481177,1338,51,1338,51,0,114,3,1
11,700,21.000000,10000.000000,1,2,6481180,1338,50,1338,50,0,114,3,1
11,700,21.000000,10000.000000,1,2,6481183,1337,50,1337,50,0,114,3,1
11,700,21.000000,10000.000000,1,2,6481186,1336,50,1336,50,0,114,3,1
11,700,21.000000,10000.000000,1,2,6481189,1334,49,1334,49,0,114,3,1
11,700,21.000000,10000.000000,1,2,6481191,1332,48,1332,48,0,114,3,1
11,700,21.000000,10000.000000,1,2,6481194,1331,47,1331,47,0,114,3,1
11,700,21.000000,10000.000000,1,2,6481197,1330,46,1330,46,0,114,3,1
11,700,21.000000,10000.000000,1,2,6481200,1328,46,1328,46,0,114,3,1
11,700,21.000000,10000.000000,1,2,6481202,1326,46,1326,46,0,114,3,1
11,700,21.000000,10000.000000,1,2,6481205,1325,46,1325,46,0,114,3,1
11,700,21.000000,10000.000000,1,2,6481208,1324,45,1324,45,0,114,3,1
11,700,21.000000,10000.000000,1,2,6481211,1322,44,1322,44,0,114,3,1
11,700,21.000000,10000.000000,1,2,6481214,1320,43,1320,43,0,114,3,1
11,700,21.000000,10000.000000,1,2,6481216,1319,43,1319,43,0,114,3,1
11,700,21.000000,10000.000000,1,2,6481219,1318,43,1318,43,0,114,3,1
11,700,21.000000,10000.000000,1,2,6481222,1317,42,1317,42,0,114,3,1
11,700,21.000000,10000.000000,1,2,6481225,1316,42,1316,42,0,114,3,1
11,700,21.000000,10000.000000,1,2,6481227,1315,42,1315,42,0,114,3,1
11,700,21.000000,10000.000000,1,2,6481230,1314,42,1314,42,0,114,3,1
11,700,21.000000,10000.000000,1,2,6481233,1314,41,1314,41,0,114,3,1
11,700,21.000000,10000.000000,1,2,6481236,1314,40,1314,40,0,114,3,1
11,700,21.000000,10000.000000,1,2,6481239,1314,39,1314,39,0,114,3,1
11,700,21.000000,10000.000000,1,2,6481241,1313,39,1313,39,0,114,3,1
11,700,21.000000,10000.000000,1,2,6481244,1312,39,1312,39,0,114,3,1
11,700,21.000000,10000.000000,1,2,6481247,1312,39,1312,39,0,114,3,1
11,700,21.000000,10000.000000,1,2,6481250,1312,38,1312,38,0,114,3,1
11,700,21.000000,10000.000000,1,2,6481253,1311,37,1311,37,0,114,3,1
11,700,21.000000,10000.000000,1,2,6481255,1311,37,1311,37,0,114,3,1
11,700,21.000000,10000.000000,1,2,6481258,1311,37,1311,37,0,114,3,1
11,700,21.000000,10000.000000,1,2,6481261,1311,37,1311,37,0,114,3,1
11,700,21.000000,10000.000000,1,2,6481264,1311,36,1311,36,0,114,3,1
11,700,21.000000,10000.000000,1,2,6481266,1311,35,1311,35,0,114,3,1
11,700,21.000000,10000.000000,1,2,6481269,1311,35,1311,35,0,114,3,1
11,700,21.000000,10000.000000,1,2,6481272,1311,35,1311,35,0,114,3,1
11,700,21.000000,10000.000000,1,2,6481275,1310,34,1310,34,0,114,3,1
11,700,21.000000,10000.000000,1,2,6481277,1310,33,1310,33,0,114,3,1
11,700,21.000000,10000.000000,1,2,6481280,1310,32,1310,32,0,114,3,1
11,700,21.000000,10000.000000,1,2,6481283,1310,32,1310,32,0,114,3,1
11,700,21.000000,10000.000000,1,2,6481286,1310,31,1310,31,0,114,3,1
11,700,21.000000,10000.000000,1,2,6481289,1310,30,1310,30,0,114,3,1
11,700,21.000000,10000.000000,1,2,6481292,1309,30,1309,30,0,114,3,1
11,700,21.000000,10000.000000,1,2,6481294,1309,29,1309,29,0,114,3,1
11,700,21.000000,10000.000000,1,2,6481297,1309,28,1309,28,0,114,3,1
11,700,21.000000,10000.000000,1,2,6481300,1309,28,1309,28,0,114,3,1
11,700,21.000000,10000.000000,1,2,6481303,1308,28,1308,28,0,114,3,1
11,700,21.000000,10000.000000,1,2,6481305,1308,27,1308,27,0,114,3,1
11,700,21.000000,10000.000000,1,2,6481308,1308,26,1308,26,0,114,3,1
11,700,21.000000,10000.000000,1,2,6481311,1308,25,1308,25,0,114,3,1
11,700,21.000000,10000.000000,1,2,6481314,1308,24,1308,24,0,114,3,1
11,700,21.000000,10000.000000,1,2,6481317,1308,24,1308,24,0,114,3,1
11,700,21.000000,10000.000000,1,2,6481319,1308,24,1308,24,0,114,3,1
11,700,21.000000,10000.000000,1,2,6481322,1308,24,1308,24,0,114,3,1
11,700,21.000000,10000.000000,1,2,6481325,1308,24,1308,24,0,114,3,1
11,700,21.000000,10000.000000,1,2,6481328,1308,24,1308,24,0,114,3,1
11,700,21.000000,10000.000000,1,2,6481330,1308,24,1308,24,0,114,3,1
11,700,21.000000,10000.000000,1,2,6481333,1308,24,1308,24,0,114,3,1
11,700,21.000000,10000.000000,1,2,6481336,1308,24,1308,24,0,114,3,1
11,700,21.000000,10000.000000,1,2,6481339,1308,24,1308,24,0,114,3,1
11,700,21.000000,10000.000000,1,2,6481341,1308,24,1308,24,0,114,3,1
11,700,21.000000,10000.000000,1,2,6481344,1308,24,1308,24,0,114,3,1
11,700,21.000000,10000.000000,1,2,6481347,1308,24,1308,24,0,114,3,1
11,700,21.000000,10000.000000,1,2,6481350,1308,24,1308,24,0,114,3,1
11,700,21.000000,10000.000000,1,2,6481353,1308,24,1308,24,0,114,3,1
11,700,21.000000,10000.000000,1,2,6481355,1308,24,1308,24,0,114,3,1
11,700,21.000000,10000.000000,1,2,6481358,1308,24,1308,24,0,114,3,1
11,700,21.000000,10000.000000,1,2,6481361,1308,24,1308,24,0,114,3,1
11,700,21.000000,10000.000000,1,2,6481364,1308,24,1308,24,0,114,3,1
11,700,21.000000,10000.000000,1,2,6481366,1308,24,1308,24,0,114,3,1
11,700,21.000000,10000.000000,1,2,6481369,1308,24,1308,24,0,114,3,1
11,700,21.000000,10000.000000,1,2,6481372,1308,24,1308,24,0,114,3,1
11,700,21.000000,10000.000000,1,2,6481375,1308,24,1308,24,0,114,3,1
11,700,21.000000,10000.000000,1,2,6481377,1308,24,1308,24,0,114,3,1
11,700,21.000000,10000.000000,1,2,6481380,1308,24,1308,24,0,114,3,1
11,700,21.000000,10000.000000,1,2,6481383,1308,24,1308,24,0,114,3,1
11,700,21.000000,10000.000000,1,2,6481386,1308,24,1308,24,0,114,3,1
11,700,21.000000,10000.000000,1,2,6481389,1308,24,1308,24,0,114,3,1
11,700,21.000000,10000.000000,1,2,6481392,1308,24,1308,24,0,114,3,1
11,700,21.000000,10000.000000,1,2,6481394,1308,24,1308,24,0,114,3,1
11,700,21.000000,10000.000000,1,2,6481397,1308,24,1308,24,0,114,3,1
11,700,21.000000,10000.000000,1,2,6481400,1308,24,1308,24,0,114,3,1
11,700,21.000000,10000.000000,1,2,6481403,1308,24,1308,24,0,114,3,1
11,700,21.000000,10000.000000,1,2,6481406,1308,24,1308,24,0,114,3,1
11,700,21.000000,10000.000000,1,2,6481408,1308,24,1308,24,0,114,3,1
11,700,21.000000,10000.000000,1,2,6481411,1308,24,1308,24,0,114,3,1
11,700,21.000000,10000.000000,1,2,6481414,1308,24,1308,24,0,114,3,1
11,700,21.000000,10000.000000,1,2,6481417,1308,24,1308,24,0,114,3,1
11,700,21.000000,10000.000000,1,2,6481419,1308,24,1308,24,0,114,3,1
11,700,21.000000,10000.000000,1,2,6481422,1308,24,1308,24,0,114,3,1
11,700,21.000000,10000.000000,1,2,6481425,1308,24,1308,24,0,114,3,1
11,700,21.000000,10000.000000,1,2,6481428,1308,24,1308,24,0,114,3,1
11,700,21.000000,10000.000000,1,2,6481430,1308,24,1308,24,0,114,3,1
11,700,21.000000,10000.000000,1,2,6481433,1308,24,1308,24,0,114,3,1
11,700,21.000000,10000.000000,1,2,6481436,1308,24,1308,24,0,114,3,1
11,700,21.000000,10000.000000,1,2,6481439,1308,24,1308,24,0,114,3,1
11,700,21.000000,10000.000000,1,2,6481442,1308,23,1308,23,0,114,3,1
11,700,21.000000,10000.000000,1,2,6481444,1308,23,1308,23,0,114,3,1
11,700,21.000000,10000.000000,1,2,6481447,1308,22,1308,22,0,114,3,1
11,700,21.000000,10000.000000,1,2,6481450,1308,21,1308,21,0,114,3,1
11,700,21.000000,10000.000000,1,2,6481453,1308,21,1308,21,0,114,3,1
11,700,21.000000,10000.000000,1,2,6481455,1308,20,1308,20,0,114,3,1
11,700,21.000000,10000.000000,1,2,6481458,1308,19,1308,19,0,114,3,1
11,700,21.000000,10000.000000,1,2,6481461,1308,19,1308,19,0,114,3,1
11,700,21.000000,10000.000000,1,2,6481464,1308,18,1308,18,0,114,3,1
11,700,21.000000,10000.000000,1,2,6481467,1308,18,1308,18,0,114,3,1
11,700,21.000000,10000.000000,1,2,6481469,1309,18,1309,18,0,114,3,1
11,700,21.000000,10000.000000,1,2,6481472,1310,17,1310,17,0,114,3,1
11,700,21.000000,10000.000000,1,2,6481475,1310,16,1310,16,0,114,3,1
11,700,21.000000,10000.000000,1,2,6481478,1310,15,1310,15,0,114,3,1
11,700,21.000000,10000.000000,1,2,6481481,1310,14,1310,14,0,114,3,1
11,700,21.000000,10000.000000,1,2,6481483,1310,13,1310,13,0,114,3,1
11,700,21.000000,10000.000000,1,2,6481486,1310,12,1310,12,0,114,3,1
11,700,21.000000,10000.000000,1,2,6481489,1310,12,1310,12,0,114,3,1
11,700,21.000000,10000.000000,1,2,6481491,1310,11,1310,11,0,114,3,1
11,700,21.000000,10000.000000,1,2,6481495,1310,10,1310,10,0,114,3,1
11,700,21.000000,10000.000000,1,2,6481497,1310,9,1310,9,0,114,3,1
11,700,21.000000,10000.000000,1,2,6481500,1310,9,1310,9,0,114,3,1
11,700,21.000000,10000.000000,1,2,6481503,1310,8,1310,8,0,114,3,1
11,700,21.000000,10000.000000,1,2,6481506,1310,8,1310,8,0,114,3,1
11,700,21.000000,10000.000000,1,2,6481508,1310,7,1310,7,0,114,3,1
11,700,21.000000,10000.000000,1,2,6481511,1310,7,1310,7,0,114,3,1
11,700,21.000000,10000.000000,1,2,6481514,1310,6,1310,6,0,114,3,1
11,700,21.000000,10000.000000,1,2,6481517,1310,5,1310,5,0,114,3,1
11,700,21.000000,10000.000000,1,2,6481520,1310,4,1310,4,0,114,3,1
11,700,21.000000,10000.000000,1,2,6481522,1310,3,1310,3,0,114,3,1
11,700,21.000000,10000.000000,1,2,6481525,1310,3,1310,3,0,114,3,1
11,700,21.000000,10000.000000,1,2,6481528,1310,3,1310,3,0,114,3,1
11,700,21.000000,10000.000000,1,2,6481531,1310,3,1310,3,0,114,3,1
11,700,21.000000,10000.000000,1,2,6481533,1310,3,1310,3,0,114,3,1
11,700,21.000000,10000.000000,1,2,6481536,1310,3,1310,3,0,114,3,1
11,700,21.000000,10000.000000,1,2,6481539,1310,2,1310,2,0,114,3,1
11,700,21.000000,10000.000000,1,2,6481542,1310,2,1310,2,0,114,3,1
11,700,21.000000,10000.000000,1,2,6481545,1310,2,1310,2,0,114,3,1
11,700,21.000000,10000.000000,1,2,6481547,1310,2,1310,2,0,114,3,1
11,700,21.000000,10000.000000,1,2,6481550,1310,2,1310,2,0,114,3,1
11,700,21.000000,10000.000000,1,2,6481553,1310,2,1310,2,0,114,3,1
11,700,21.000000,10000.000000,1,2,6481556,1310,2,1310,2,0,114,3,1
11,700,21.000000,10000.000000,1,2,6481558,1310,2,1310,2,0,114,3,1
11,700,21.000000,10000.000000,1,2,6481561,1310,2,1310,2,0,114,3,1
11,700,21.000000,10000.000000,1,2,6481564,1310,2,1310,2,0,114,3,1
11,700,21.000000,10000.000000,1,2,6481567,1310,2,1310,2,0,114,3,1
11,700,21.000000,10000.000000,1,2,6481570,1310,2,1310,2,0,114,3,1
11,700,21.000000,10000.000000,1,2,6481572,1310,2,1310,2,0,114,3,1
11,700,21.000000,10000.000000,1,2,6481575,1310,2,1310,2,0,114,3,1
11,700,21.000000,10000.000000,1,2,6481578,1310,2,1310,2,0,114,3,1
11,700,21.000000,10000.000000,1,2,6481581,1310,2,1310,2,0,114,3,1
11,700,21.000000,10000.000000,1,2,6481583,1310,2,1310,2,0,114,3,1
11,700,21.000000,10000.000000,1,2,6481586,1310,2,1310,2,0,114,3,1
11,700,21.000000,10000.000000,1,2,6481589,1310,2,1310,2,0,114,3,1
11,700,21.000000,10000.000000,1,2,6481592,1310,2,1310,2,0,114,3,1
11,700,21.000000,10000.000000,1,2,6481595,1310,2,1310,2,0,114,3,1
11,700,21.000000,10000.000000,1,2,6481608,1310,2,1310,2,0,114,3,1
