11,700,21.000000,0.000000,1,2,6466842,618,8,618,8,0,113,2,1
11,700,21.000000,0.000000,1,2,6466843,618,8,618,8,0,113,2,1
11,700,21.000000,0.000000,1,2,6466845,618,8,618,8,0,113,2,1
11,700,21.000000,0.000000,1,2,6466848,618,8,618,8,0,113,2,1
11,700,21.000000,0.000000,1,2,6466851,618,8,618,8,0,113,2,1
11,700,21.000000,0.000000,1,2,6466854,618,8,618,8,0,113,2,1
11,700,21.000000,0.000000,1,2,6466856,618,8,618,8,0,113,2,1
11,700,21.000000,0.000000,1,2,6466859,618,8,618,8,0,113,2,1
11,700,21.000000,0.000000,1,2,6466862,618,8,618,8,0,113,2,1
11,700,21.000000,0.000000,1,2,6466865,618,8,618,8,0,113,2,1
11,700,21.000000,0.000000,1,2,6466868,618,8,618,8,0,113,2,1
11,700,21.000000,0.000000,1,2,6466871,618,8,618,8,0,113,2,1
11,700,21.000000,0.000000,1,2,6466874,618,8,618,8,0,113,2,1
11,700,21.000000,0.000000,1,2,6466876,618,8,618,8,0,113,2,1
11,700,21.000000,0.000000,1,2,6466879,618,8,618,8,0,113,2,1
11,700,21.000000,0.000000,1,2,6466882,618,8,618,8,0,113,2,1
11,700,21.000000,0.000000,1,2,6466885,618,8,618,8,0,113,2,1
11,700,21.000000,0.000000,1,2,6466887,618,8,618,8,0,113,2,1
11,700,21.000000,0.000000,1,2,6466890,618,8,618,8,0,113,2,1
11,700,21.000000,0.000000,1,2,6466893,618,8,618,8,0,113,2,1
11,700,21.000000,0.000000,1,2,6466896,618,8,618,8,0,113,2,1
11,700,21.000000,0.000000,1,2,6466899,618,8,618,8,0,113,2,1
11,700,21.000000,0.000000,1,2,6466901,618,8,618,8,0,113,2,1
11,700,21.000000,0.000000,1,2,6466904,618,8,618,8,0,113,2,1
11,700,21.000000,0.000000,1,2,6466907,618,8,618,8,0,113,2,1
11,700,21.000000,0.000000,1,2,6466910,618,8,618,8,0,113,2,1
11,700,21.000000,0.000000,1,2,6466912,618,8,618,8,0,113,2,1
11,700,21.000000,0.000000,1,2,6466915,618,8,618,8,0,113,2,1
11,700,21.000000,0.000000,1,2,6466918,618,8,618,8,0,113,2,1
11,700,21.000000,0.000000,1,2,6466921,618,8,618,8,0,113,2,1
11,700,21.000000,0.000000,1,2,6466924,618,8,618,8,0,113,2,1
11,700,21.000000,0.000000,1,2,6466926,618,8,618,8,0,113,2,1
11,700,21.000000,0.000000,1,2,6466929,618,8,618,8,0,113,2,1
11,700,21.000000,0.000000,1,2,6466932,618,8,618,8,0,113,2,1
11,700,21.000000,0.000000,1,2,6466935,618,8,618,8,0,113,2,1
11,700,21.000000,0.000000,1,2,6466937,618,8,618,8,0,113,2,1
11,700,21.000000,0.000000,1,2,6466940,619,8,619,8,0,113,2,1
11,700,21.000000,0.000000,1,2,6466943,620,8,620,8,0,113,2,1
11,700,21.000000,0.000000,1,2,6466945,621,8,621,8,0,113,2,1
11,700,21.000000,0.000000,1,2,6466948,622,8,622,8,0,113,2,1
11,700,21.000000,0.000000,1,2,6466951,625,8,625,8,0,113,2,1
11,700,21.000000,0.000000,1,2,6466954,628,8,628,8,0,113,2,1
11,700,21.000000,0.000000,1,2,6466957,631,9,631,9,0,113,2,1
11,700,21.000000,0.000000,1,2,6466959,633,9,633,9,0,113,2,1
11,700,21.000000,0.000000,1,2,6466962,636,9,636,9,0,113,2,1
11,700,21.000000,0.000000,1,2,6466965,638,9,638,9,0,113,2,1
11,700,21.000000,0.000000,1,2,6466968,641,10,641,10,0,113,2,1
11,700,21.000000,0.000000,1,2,6466971,644,11,644,11,0,113,2,1
11,700,21.000000,0.000000,1,2,6466973,646,11,646,11,0,113,2,1
11,700,21.000000,0.000000,1,2,6466976,651,11,651,11,0,113,2,1
11,700,21.000000,0.000000,1,2,6466979,656,11,656,11,0,113,2,1
11,700,21.000000,0.000000,1,2,6466982,660,12,660,12,0,113,2,1
11,700,21.000000,0.000000,1,2,6466985,666,12,666,12,0,113,2,1
11,700,21.000000,0.000000,1,2,6466988,672,13,672,13,0,113,2,1
11,700,21.000000,0.000000,1,2,6466990,678,14,678,14,0,113,2,1
11,700,21.000000,0.000000,1,2,6466993,685,15,685,15,0,113,2,1
11,700,21.000000,0.000000,1,2,6466996,692,16,692,16,0,113,2,1
11,700,21.000000,0.000000,1,2,6466999,697,16,697,16,0,113,2,1
11,700,21.000000,0.000000,1,2,6467001,705,17,705,17,0,113,2,1
11,700,21.000000,0.000000,1,2,6467004,715,18,715,18,0,113,2,1
11,700,21.000000,0.000000,1,2,6467007,726,19,726,19,0,113,2,1
11,700,21.000000,0.000000,1,2,6467010,736,21,736,21,0,113,2,1
11,700,21.000000,0.000000,1,2,6467013,751,23,751,23,0,113,2,1
11,700,21.000000,0.000000,1,2,6467015,756,24,756,24,0,113,2,1
11,700,21.000000,0.000000,1,2,6467018,773,26,773,26,0,113,2,1
11,700,21.000000,0.000000,1,2,6467021,791,28,791,28,0,113,2,1
11,700,21.000000,0.000000,1,2,6467024,799,29,799,29,0,113,2,1
11,700,21.000000,0.000000,1,2,6467026,817,31,817,31,0,113,2,1
11,700,21.000000,0.000000,1,2,6467029,830,32,830,32,0,113,2,1
11,700,21.000000,0.000000,1,2,6467032,850,33,850,33,0,113,2,1
11,700,21.000000,0.000000,1,2,6467035,869,35,869,35,0,113,2,1
11,700,21.000000,0.000000,1,2,6467038,889,37,889,37,0,113,2,1
11,700,21.000000,0.000000,1,2,6467040,900,38,900,38,0,113,2,1
11,700,21.000000,0.000000,1,2,6467043,916,40,916,40,0,113,2,1
11,700,21.000000,0.000000,1,2,6467046,935,42,935,42,0,113,2,1
11,700,21.000000,0.000000,1,2,6467049,957,44,957,44,0,113,2,1
11,700,21.000000,0.000000,1,2,6467052,977,45,977,45,0,113,2,1
11,700,21.000000,0.000000,1,2,6467054,995,47,995,47,0,113,2,1
11,700,21.000000,0.000000,1,2,6467057,1012,49,1012,49,0,113,2,1
11,700,21.000000,0.000000,1,2,6467060,1035,51,1035,51,0,113,2,1
11,700,21.000000,0.000000,1,2,6467063,1058,53,1058,53,0,113,2,1
11,700,21.000000,0.000000,1,2,6467065,1079,55,1079,55,0,113,2,1
11,700,21.000000,0.000000,1,2,6467068,1094,56,1094,56,0,113,2,1
11,700,21.000000,0.000000,1,2,6467071,1105,57,1105,57,0,113,2,1
11,700,21.000000,0.000000,1,2,6467074,1117,58,1117,58,0,113,2,1
11,700,21.000000,0.000000,1,2,6467077,1132,59,1132,59,0,113,2,1
11,700,21.000000,0.000000,1,2,6467079,1157,60,1157,60,0,113,2,1
11,700,21.000000,0.000000,1,2,6467082,1169,61,1169,61,0,113,2,1
11,700,21.000000,0.000000,1,2,6467085,1184,61,1184,61,0,113,2,1
11,700,21.000000,0.000000,1,2,6467088,1191,61,1191,61,0,113,2,1
11,700,21.000000,0.000000,1,2,6467090,1203,61,1203,61,0,113,2,1
11,700,21.000000,0.000000,1,2,6467093,1211,61,1211,61,0,113,2,1
11,700,21.000000,0.000000,1,2,6467096,1222,61,1222,61,0,113,2,1
11,700,21.000000,0.000000,1,2,6467099,1236,61,1236,61,0,113,2,1
11,700,21.000000,0.000000,1,2,6467101,1244,61,1244,61,0,113,2,1
11,700,21.000000,0.000000,1,2,6467104,1252,61,1252,61,0,113,2,1
11,700,21.000000,0.000000,1,2,6467107,1260,61,1260,61,0,113,2,1
11,700,21.000000,0.000000,1,2,6467110,1267,61,1267,61,0,113,2,1
11,700,21.000000,0.000000,1,2,6467112,1273,61,1273,61,0,113,2,1
11,700,21.000000,0.000000,1,2,6467115,1279,60,1279,60,0,113,2,1
11,700,21.000000,0.000000,1,2,6467118,1284,60,1284,60,0,113,2,1
11,700,21.000000,0.000000,1,2,6467121,1290,60,1290,60,0,113,2,1
11,700,21.000000,0.000000,1,2,6467123,1294,60,1294,60,0,113,2,1
11,700,21.000000,0.000000,1,2,6467126,1299,59,1299,59,0,113,2,1
11,700,21.000000,0.000000,1,2,6467129,1303,58,1303,58,0,113,2,1
11,700,21.000000,0.000000,1,2,6467132,1307,58,1307,58,0,113,2,1
11,700,21.000000,0.000000,1,2,6467135,1311,57,1311,57,0,113,2,1
11,700,21.000000,0.000000,1,2,6467137,1313,57,1313,57,0,113,2,1
11,700,21.000000,0.000000,1,2,6467140,1316,56,1316,56,0,113,2,1
11,700,21.000000,0.000000,1,2,6467143,1321,56,1321,56,0,113,2,1
11,700,21.000000,0.000000,1,2,6467146,1324,55,1324,55,0,113,2,1
11,700,21.000000,0.000000,1,2,6467148,1326,55,1326,55,0,113,2,1
11,700,21.000000,0.000000,1,2,6467151,1328,55,1328,55,0,113,2,1
11,700,21.000000,0.000000,1,2,6467154,1330,55,1330,55,0,113,2,1
11,700,21.000000,0.000000,1,2,6467157,1332,54,1332,54,0,113,2,1
11,700,21.000000,0.000000,1,2,6467160,1334,54,1334,54,0,113,2,1
11,700,21.000000,0.000000,1,2,6467162,1335,54,1335,54,0,113,2,1
11,700,21.000000,0.000000,1,2,6467165,1337,54,1337,54,0,113,2,1
11,700,21.000000,0.000000,1,2,6467168,1338,53,1338,53,0,113,2,1
11,700,21.000000,0.000000,1,2,6467171,1341,52,1341,52,0,113,2,1
11,700,21.000000,0.000000,1,2,6467173,1342,52,1342,52,0,113,2,1
11,700,21.000000,0.000000,1,2,6467176,1343,52,1343,52,0,113,2,1
11,700,21.000000,0.000000,1,2,6467179,1344,52,1344,52,0,113,2,1
11,700,21.000000,0.000000,1,2,6467182,1345,52,1345,52,0,113,2,1
11,700,21.000000,0.000000,1,2,6467185,1346,52,1346,52,0,113,2,1
11,700,21.000000,0.000000,1,2,6467187,1347,52,1347,52,0,113,2,1
11,700,21.000000,0.000000,1,2,6467190,1348,52,1348,52,0,113,2,1
11,700,21.000000,0.000000,1,2,6467193,1348,51,1348,51,0,113,2,1
11,700,21.000000,0.000000,1,2,6467196,1349,51,1349,51,0,113,2,1
11,700,21.000000,0.000000,1,2,6467198,1350,51,1350,51,0,113,2,1
11,700,21.000000,0.000000,1,2,6467201,1350,51,1350,51,0,113,2,1
11,700,21.000000,0.000000,1,2,6467204,1350,51,1350,51,0,113,2,1
11,700,21.000000,0.000000,1,2,6467207,1350,51,1350,51,0,113,2,1
11,700,21.000000,0.000000,1,2,6467210,1350,51,1350,51,0,113,2,1
11,700,21.000000,0.000000,1,2,6467212,1350,51,1350,51,0,113,2,1
11,700,21.000000,0.000000,1,2,6467215,1350,51,1350,51,0,113,2,1
11,700,21.000000,0.000000,1,2,6467218,1350,51,1350,51,0,113,2,1
11,700,21.000000,0.000000,1,2,6467221,1350,50,1350,50,0,113,2,1
11,700,21.000000,0.000000,1,2,6467224,1350,49,1350,49,0,113,2,1
11,700,21.000000,0.000000,1,2,6467226,1350,49,1350,49,0,113,2,1
11,700,21.000000,0.000000,1,2,6467229,1351,49,1351,49,0,113,2,1
11,700,21.000000,0.000000,1,2,6467232,1351,48,1351,48,0,113,2,1
11,700,21.000000,0.000000,1,2,6467235,1351,47,1351,47,0,113,2,1
11,700,21.000000,0.000000,1,2,6467237,1351,46,1351,46,0,113,2,1
11,700,21.000000,0.000000,1,2,6467240,1351,46,1351,46,0,113,2,1
11,700,21.000000,0.000000,1,2,6467243,1351,46,1351,46,0,113,2,1
11,700,21.000000,0.000000,1,2,6467246,1351,45,1351,45,0,113,2,1
11,700,21.000000,0.000000,1,2,6467249,1351,45,1351,45,0,113,2,1
11,700,21.000000,0.000000,1,2,6467251,1351,44,1351,44,0,113,2,1
11,700,21.000000,0.000000,1,2,6467254,1352,44,1352,44,0,113,2,1
11,700,21.000000,0.000000,1,2,6467257,1352,43,1352,43,0,113,2,1
11,700,21.000000,0.000000,1,2,6467260,1352,42,1352,42,0,113,2,1
11,700,21.000000,0.000000,1,2,6467262,1352,41,1352,41,0,113,2,1
11,700,21.000000,0.000000,1,2,6467265,1352,41,1352,41,0,113,2,1
11,700,21.000000,0.000000,1,2,6467268,1352,40,1352,40,0,113,2,1
11,700,21.000000,0.000000,1,2,6467271,1352,39,1352,39,0,113,2,1
11,700,21.000000,0.000000,1,2,6467274,1352,38,1352,38,0,113,2,1
11,700,21.000000,0.000000,1,2,6467276,1352,37,1352,37,0,113,2,1
11,700,21.000000,0.000000,1,2,6467279,1352,36,1352,36,0,113,2,1
11,700,21.000000,0.000000,1,2,6467282,1352,35,1352,35,0,113,2,1
11,700,21.000000,0.000000,1,2,6467285,1352,34,1352,34,0,113,2,1
11,700,21.000000,0.000000,1,2,6467287,1352,33,1352,33,0,113,2,1
11,700,21.000000,0.000000,1,2,6467290,1352,32,1352,32,0,113,2,1
11,700,21.000000,0.000000,1,2,6467293,1352,31,1352,31,0,113,2,1
11,700,21.000000,0.000000,1,2,6467296,1351,31,1351,31,0,113,2,1
11,700,21.000000,0.000000,1,2,6467299,1351,30,1351,30,0,113,2,1
11,700,21.000000,0.000000,1,2,6467301,1350,29,1350,29,0,113,2,1
11,700,21.000000,0.000000,1,2,6467304,1349,29,1349,29,0,113,2,1
11,700,21.000000,0.000000,1,2,6467307,1349,28,1349,28,0,113,2,1
11,700,21.000000,0.000000,1,2,6467310,1348,28,1348,28,0,113,2,1
11,700,21.000000,0.000000,1,2,6467312,1347,27,1347,27,0,113,2,1
11,700,21.000000,0.000000,1,2,6467315,1347,26,1347,26,0,113,2,1
11,700,21.000000,0.000000,1,2,6467318,1346,26,1346,26,0,113,2,1
11,700,21.000000,0.000000,1,2,6467321,1346,25,1346,25,0,113,2,1
11,700,21.000000,0.000000,1,2,6467324,1346,24,1346,24,0,113,2,1
11,700,21.000000,0.000000,1,2,6467326,1345,24,1345,24,0,113,2,1
11,700,21.000000,0.000000,1,2,6467329,1344,24,1344,24,0,113,2,1
11,700,21.000000,0.000000,1,2,6467332,1343,24,1343,24,0,113,2,1
11,700,21.000000,0.000000,1,2,6467335,1341,23,1341,23,0,113,2,1
11,700,21.000000,0.000000,1,2,6467338,1340,22,1340,22,0,113,2,1
11,700,21.000000,0.000000,1,2,6467340,1340,21,1340,21,0,113,2,1
11,700,21.000000,0.000000,1,2,6467343,1339,21,1339,21,0,113,2,1
11,700,21.000000,0.000000,1,2,6467346,1338,21,1338,21,0,113,2,1
11,700,21.000000,0.000000,1,2,6467349,1338,20,1338,20,0,113,2,1
11,700,21.000000,0.000000,1,2,6467351,1337,20,1337,20,0,113,2,1
11,700,21.000000,0.000000,1,2,6467354,1336,20,1336,20,0,113,2,1
11,700,21.000000,0.000000,1,2,6467357,1335,19,1335,19,0,113,2,1
11,700,21.000000,0.000000,1,2,6467360,1335,18,1335,18,0,113,2,1
11,700,21.000000,0.000000,1,2,6467362,1334,18,1334,18,0,113,2,1
11,700,21.000000,0.000000,1,2,6467365,1333,18,1333,18,0,113,2,1
11,700,21.000000,0.000000,1,2,6467368,1333,17,1333,17,0,113,2,1
11,700,21.000000,0.000000,1,2,6467371,1332,17,1332,17,0,113,2,1
11,700,21.000000,0.000000,1,2,6467374,1331,17,1331,17,0,113,2,1
11,700,21.000000,0.000000,1,2,6467377,1330,17,1330,17,0,113,2,1
11,700,21.000000,0.000000,1,2,6467379,1329,16,1329,16,0,113,2,1
11,700,21.000000,0.000000,1,2,6467382,1329,16,1329,16,0,113,2,1
11,700,21.000000,0.000000,1,2,6467385,1329,16,1329,16,0,113,2,1
11,700,21.000000,0.000000,1,2,6467387,1329,16,1329,16,0,113,2,1
11,700,21.000000,0.000000,1,2,6467390,1328,16,1328,16,0,113,2,1
11,700,21.000000,0.000000,1,2,6467393,1327,16,1327,16,0,113,2,1
11,700,21.000000,0.000000,1,2,6467396,1327,16,1327,16,0,113,2,1
11,700,21.000000,0.000000,1,2,6467398,1327,16,1327,16,0,113,2,1
11,700,21.000000,0.000000,1,2,6467401,1327,16,1327,16,0,113,2,1
11,700,21.000000,0.000000,1,2,6467404,1327,15,1327,15,0,113,2,1
11,700,21.000000,0.000000,1,2,6467407,1327,14,1327,14,0,113,2,1
11,700,21.000000,0.000000,1,2,6467410,1327,14,1327,14,0,113,2,1
11,700,21.000000,0.000000,1,2,6467412,1327,14,1327,14,0,113,2,1
11,700,21.000000,0.000000,1,2,6467415,1327,14,1327,14,0,113,2,1
11,700,21.000000,0.000000,1,2,6467418,1327,14,1327,14,0,113,2,1
11,700,21.000000,0.000000,1,2,6467421,1327,14,1327,14,0,113,2,1
11,700,21.000000,0.000000,1,2,6467424,1327,14,1327,14,0,113,2,1
11,700,21.000000,0.000000,1,2,6467426,1327,14,1327,14,0,113,2,1
11,700,21.000000,0.000000,1,2,6467429,1327,14,1327,14,0,113,2,1
11,700,21.000000,0.000000,1,2,6467432,1327,14,1327,14,0,113,2,1
11,700,21.000000,0.000000,1,2,6467435,1327,14,1327,14,0,113,2,1
11,700,21.000000,0.000000,1,2,6467437,1327,14,1327,14,0,113,2,1
11,700,21.000000,0.000000,1,2,6467441,1327,14,1327,14,0,113,2,1
11,700,21.000000,0.000000,1,2,6467443,1327,14,1327,14,0,113,2,1
11,700,21.000000,0.000000,1,2,6467446,1327,14,1327,14,0,113,2,1
11,700,21.000000,0.000000,1,2,6467449,1327,14,1327,14,0,113,2,1
11,700,21.000000,0.000000,1,2,6467452,1327,14,1327,14,0,113,2,1
11,700,21.000000,0.000000,1,2,6467454,1327,14,1327,14,0,113,2,1
11,700,21.000000,0.000000,1,2,6467457,1327,14,1327,14,0,113,2,1
11,700,21.000000,0.000000,1,2,6467460,1327,14,1327,14,0,113,2,1
11,700,21.000000,0.000000,1,2,6467463,1327,14,1327,14,0,113,2,1
11,700,21.000000,0.000000,1,2,6467465,1327,14,1327,14,0,113,2,1
11,700,21.000000,0.000000,1,2,6467468,1327,14,1327,14,0,113,2,1
11,700,21.000000,0.000000,1,2,6467471,1327,14,1327,14,0,113,2,1
11,700,21.000000,0.000000,1,2,6467474,1327,14,1327,14,0,113,2,1
11,700,21.000000,0.000000,1,2,6467477,1327,14,1327,14,0,113,2,1
11,700,21.000000,0.000000,1,2,6467479,1327,14,1327,14,0,113,2,1
11,700,21.000000,0.000000,1,2,6467482,1327,14,1327,14,0,113,2,1
11,700,21.000000,0.000000,1,2,6467485,1327,14,1327,14,0,113,2,1
11,700,21.000000,0.000000,1,2,6467488,1327,14,1327,14,0,113,2,1
11,700,21.000000,0.000000,1,2,6467490,1327,14,1327,14,0,113,2,1
11,700,21.000000,0.000000,1,2,6467493,1327,14,1327,14,0,113,2,1
11,700,21.000000,0.000000,1,2,6467496,1327,14,1327,14,0,113,2,1
11,700,21.000000,0.000000,1,2,6467499,1327,14,1327,14,0,113,2,1
11,700,21.000000,0.000000,1,2,6467502,1327,14,1327,14,0,113,2,1
11,700,21.000000,0.000000,1,2,6467504,1327,14,1327,14,0,113,2,1
11,700,21.000000,0.000000,1,2,6467507,1327,14,1327,14,0,113,2,1
11,700,21.000000,0.000000,1,2,6467510,1327,14,1327,14,0,113,2,1
11,700,21.000000,0.000000,1,2,6467513,1327,14,1327,14,0,113,2,1
11,700,21.000000,0.000000,1,2,6467515,1327,14,1327,14,0,113,2,1
11,700,21.000000,0.000000,1,2,6467518,1327,14,1327,14,0,113,2,1
11,700,21.000000,0.000000,1,2,6467521,1327,14,1327,14,0,113,2,1
11,700,21.000000,0.000000,1,2,6467524,1327,14,1327,14,0,113,2,1
11,700,21.000000,0.000000,1,2,6467527,1327,14,1327,14,0,113,2,1
11,700,21.000000,0.000000,1,2,6467529,1327,14,1327,14,0,113,2,1
11,700,21.000000,0.000000,1,2,6467532,1327,14,1327,14,0,113,2,1
11,700,21.000000,0.000000,1,2,6467535,1327,14,1327,14,0,113,2,1
11,700,21.000000,0.000000,1,2,6467538,1327,14,1327,14,0,113,2,1
11,700,21.000000,0.000000,1,2,6467540,1327,14,1327,14,0,113,2,1
11,700,21.000000,0.000000,1,2,6467543,1327,14,1327,14,0,113,2,1
11,700,21.000000,0.000000,1,2,6467546,1326,14,1326,14,0,113,2,1
11,700,21.000000,0.000000,1,2,6467549,1325,14,1325,14,0,113,2,1
11,700,21.000000,0.000000,1,2,6467552,1325,14,1325,14,0,113,2,1
11,700,21.000000,0.000000,1,2,6467554,1325,14,1325,14,0,113,2,1
11,700,21.000000,0.000000,1,2,6467557,1324,14,1324,14,0,113,2,1
11,700,21.000000,0.000000,1,2,6467560,1323,14,1323,14,0,113,2,1
11,700,21.000000,0.000000,1,2,6467563,1323,14,1323,14,0,113,2,1
11,700,21.000000,0.000000,1,2,6467565,1323,14,1323,14,0,113,2,1
11,700,21.000000,0.000000,1,2,6467568,1322,14,1322,14,0,113,2,1
11,700,21.000000,0.000000,1,2,6467571,1321,14,1321,14,0,113,2,1
11,700,21.000000,0.000000,1,2,6467574,1321,14,1321,14,0,113,2,1
11,700,21.000000,0.000000,1,2,6467577,1321,14,1321,14,0,113,2,1
11,700,21.000000,0.000000,1,2,6467579,1320,14,1320,14,0,113,2,1
11,700,21.000000,0.000000,1,2,6467582,1319,14,1319,14,0,113,2,1
11,700,21.000000,0.000000,1,2,6467585,1319,14,1319,14,0,113,2,1
11,700,21.000000,0.000000,1,2,6467588,1318,13,1318,13,0,113,2,1
11,700,21.000000,0.000000,1,2,6467591,1317,12,1317,12,0,113,2,1
11,700,21.000000,0.000000,1,2,6467593,1317,12,1317,12,0,113,2,1
11,700,21.000000,0.000000,1,2,6467596,1317,12,1317,12,0,113,2,1
11,700,21.000000,0.000000,1,2,6467599,1317,12,1317,12,0,113,2,1
11,700,21.000000,0.000000,1,2,6467601,1317,12,1317,12,0,113,2,1
11,700,21.000000,0.000000,1,2,6467604,1317,12,1317,12,0,113,2,1
11,700,21.000000,0.000000,1,2,6467607,1317,12,1317,12,0,113,2,1
11,700,21.000000,0.000000,1,2,6467610,1317,12,1317,12,0,113,2,1
11,700,21.000000,0.000000,1,2,6467613,1317,12,1317,12,0,113,2,1
11,700,21.000000,0.000000,1,2,6467615,1317,12,1317,12,0,113,2,1
11,700,21.000000,0.000000,1,2,6467618,1317,12,1317,12,0,113,2,1
11,700,21.000000,0.000000,1,2,6467621,1317,12,1317,12,0,113,2,1
11,700,21.000000,0.000000,1,2,6467624,1317,12,1317,12,0,113,2,1
11,700,21.000000,0.000000,1,2,6467626,1317,12,1317,12,0,113,2,1
11,700,21.000000,0.000000,1,2,6467629,1317,12,1317,12,0,113,2,1
11,700,21.000000,0.000000,1,2,6467632,1317,12,1317,12,0,113,2,1
11,700,21.000000,0.000000,1,2,6467635,1317,12,1317,12,0,113,2,1
11,700,21.000000,0.000000,1,2,6467638,1317,12,1317,12,0,113,2,1
11,700,21.000000,0.000000,1,2,6467640,1317,12,1317,12,0,113,2,1
11,700,21.000000,0.000000,1,2,6467643,1317,12,1317,12,0,113,2,1
11,700,21.000000,0.000000,1,2,6467646,1317,12,1317,12,0,113,2,1
11,700,21.000000,0.000000,1,2,6467649,1317,12,1317,12,0,113,2,1
11,700,21.000000,0.000000,1,2,6467651,1317,12,1317,12,0,113,2,1
11,700,21.000000,0.000000,1,2,6467654,1317,12,1317,12,0,113,2,1
11,700,21.000000,0.000000,1,2,6467657,1316,12,1316,12,0,113,2,1
11,700,21.000000,0.000000,1,2,6467660,1316,12,1316,12,0,113,2,1
11,700,21.000000,0.000000,1,2,6467663,1316,12,1316,12,0,113,2,1
11,700,21.000000,0.000000,1,2,6467665,1316,12,1316,12,0,113,2,1
11,700,21.000000,0.000000,1,2,6467668,1315,12,1315,12,0,113,2,1
11,700,21.000000,0.000000,1,2,6467671,1315,12,1315,12,0,113,2,1
11,700,21.000000,0.000000,1,2,6467674,1315,12,1315,12,0,113,2,1
11,700,21.000000,0.000000,1,2,6467676,1314,12,1314,12,0,113,2,1
11,700,21.000000,0.000000,1,2,6467679,1313,12,1313,12,0,113,2,1
11,700,21.000000,0.000000,1,2,6467682,1313,12,1313,12,0,113,2,1
11,700,21.000000,0.000000,1,2,6467685,1312,12,1312,12,0,113,2,1
11,700,21.000000,0.000000,1,2,6467688,1311,12,1311,12,0,113,2,1
11,700,21.000000,0.000000,1,2,6467690,1311,12,1311,12,0,113,2,1
11,700,21.000000,0.000000,1,2,6467693,1310,12,1310,12,0,113,2,1
11,700,21.000000,0.000000,1,2,6467696,1310,12,1310,12,0,113,2,1
11,700,21.000000,0.000000,1,2,6467699,1310,12,1310,12,0,113,2,1
11,700,21.000000,0.000000,1,2,6467701,1310,12,1310,12,0,113,2,1
11,700,21.000000,0.000000,1,2,6467704,1310,12,1310,12,0,113,2,1
11,700,21.000000,0.000000,1,2,6467707,1310,12,1310,12,0,113,2,1
11,700,21.000000,0.000000,1,2,6467710,1310,12,1310,12,0,113,2,1
11,700,21.000000,0.000000,1,2,6467713,1310,12,1310,12,0,113,2,1
11,700,21.000000,0.000000,1,2,6467715,1310,12,1310,12,0,113,2,1
11,700,21.000000,0.000000,1,2,6467718,1310,12,1310,12,0,113,2,1
11,700,21.000000,0.000000,1,2,6467721,1310,12,1310,12,0,113,2,1
11,700,21.000000,0.000000,1,2,6467724,1310,12,1310,12,0,113,2,1
11,700,21.000000,0.000000,1,2,6467727,1310,11,1310,11,0,113,2,1
11,700,21.000000,0.000000,1,2,6467729,1310,10,1310,10,0,113,2,1
11,700,21.000000,0.000000,1,2,6467732,1310,10,1310,10,0,113,2,1
11,700,21.000000,0.000000,1,2,6467735,1310,10,1310,10,0,113,2,1
11,700,21.000000,0.000000,1,2,6467738,1310,10,1310,10,0,113,2,1
11,700,21.000000,0.000000,1,2,6467740,1310,10,1310,10,0,113,2,1
11,700,21.000000,0.000000,1,2,6467743,1310,10,1310,10,0,113,2,1
11,700,21.000000,0.000000,1,2,6467746,1310,10,1310,10,0,113,2,1
11,700,21.000000,0.000000,1,2,6467749,1310,10,1310,10,0,113,2,1
11,700,21.000000,0.000000,1,2,6467752,1310,10,1310,10,0,113,2,1
11,700,21.000000,0.000000,1,2,6467755,1310,10,1310,10,0,113,2,1
11,700,21.000000,0.000000,1,2,6467757,1310,10,1310,10,0,113,2,1
11,700,21.000000,0.000000,1,2,6467760,1310,10,1310,10,0,113,2,1
11,700,21.000000,0.000000,1,2,6467763,1310,10,1310,10,0,113,2,1
11,700,21.000000,0.000000,1,2,6467766,1310,10,1310,10,0,113,2,1
11,700,21.000000,0.000000,1,2,6467769,1310,10,1310,10,0,113,2,1
11,700,21.000000,0.000000,1,2,6467771,1310,10,1310,10,0,113,2,1
11,700,21.000000,0.000000,1,2,6467785,1310,10,1310,10,0,113,2,1
