11,700,21.000000,42.000000,0,2,7104641,613,1,613,1,0,161,4,0
11,700,21.000000,42.000000,0,2,7104642,613,1,613,1,0,161,4,0
11,700,21.000000,42.000000,0,2,7104644,613,1,613,1,0,161,4,0
11,700,21.000000,42.000000,0,2,7104647,613,1,613,1,0,161,4,0
11,700,21.000000,42.000000,0,2,7104650,613,1,613,1,0,161,4,0
11,700,21.000000,42.000000,0,2,7104653,613,1,613,1,0,161,4,0
11,700,21.000000,42.000000,0,2,7104655,613,1,613,1,0,161,4,0
11,700,21.000000,42.000000,0,2,7104658,613,1,613,1,0,161,4,0
11,700,21.000000,42.000000,0,2,7104661,613,1,613,1,0,161,4,0
11,700,21.000000,42.000000,0,2,7104664,613,1,613,1,0,161,4,0
11,700,21.000000,42.000000,0,2,7104667,613,1,613,1,0,161,4,0
11,700,21.000000,42.000000,0,2,7104669,613,1,613,1,0,161,4,0
11,700,21.000000,42.000000,0,2,7104672,613,1,613,1,0,161,4,0
11,700,21.000000,42.000000,0,2,7104675,613,1,613,1,0,161,4,0
11,700,21.000000,42.000000,0,2,7104678,613,1,613,1,0,161,4,0
11,700,21.000000,42.000000,0,2,7104680,613,1,613,1,0,161,4,0
11,700,21.000000,42.000000,0,2,7104683,613,1,613,1,0,161,4,0
11,700,21.000000,42.000000,0,2,7104686,613,1,613,1,0,161,4,0
11,700,21.000000,42.000000,0,2,7104689,613,1,613,1,0,161,4,0
11,700,21.000000,42.000000,0,2,7104692,613,1,613,1,0,161,4,0
11,700,21.000000,42.000000,0,2,7104694,613,1,613,1,0,161,4,0
11,700,21.000000,42.000000,0,2,7104697,613,1,613,1,0,161,4,0
11,700,21.000000,42.000000,0,2,7104700,613,1,613,1,0,161,4,0
11,700,21.000000,42.000000,0,2,7104703,613,1,613,1,0,161,4,0
11,700,21.000000,42.000000,0,2,7104705,613,1,613,1,0,161,4,0
11,700,21.000000,42.000000,0,2,7104708,613,1,613,1,0,161,4,0
11,700,21.000000,42.000000,0,2,7104711,613,1,613,1,0,161,4,0
11,700,21.000000,42.000000,0,2,7104714,613,1,613,1,0,161,4,0
11,700,21.000000,42.000000,0,2,7104717,613,1,613,1,0,161,4,0
11,700,21.000000,42.000000,0,2,7104719,613,1,613,1,0,161,4,0
11,700,21.000000,42.000000,0,2,7104722,613,1,613,1,0,161,4,0
11,700,21.000000,42.000000,0,2,7104725,613,1,613,1,0,161,4,0
11,700,21.000000,42.000000,0,2,7104727,613,1,613,1,0,161,4,0
11,700,21.000000,42.000000,0,2,7104730,613,1,613,1,0,161,4,0
11,700,21.000000,42.000000,0,2,7104733,613,1,613,1,0,161,4,0
11,700,21.000000,42.000000,0,2,7104736,613,1,613,1,0,161,4,0
11,700,21.000000,42.000000,0,2,7104739,613,1,613,1,0,161,4,0
11,700,21.000000,42.000000,0,2,7104741,613,1,613,1,0,161,4,0
11,700,21.000000,42.000000,0,2,7104744,613,1,613,1,0,161,4,0
11,700,21.000000,42.000000,0,2,7104747,613,1,613,1,0,161,4,0
11,700,21.000000,42.000000,0,2,7104750,613,1,613,1,0,161,4,0
11,700,21.000000,42.000000,0,2,7104752,613,1,613,1,0,161,4,0
11,700,21.000000,42.000000,0,2,7104755,613,0,613,0,0,161,4,0
11,700,21.000000,42.000000,0,2,7104758,613,0,613,-1,0,161,4,0
11,700,21.000000,42.000000,0,2,7104761,613,0,613,-1,0,161,4,0
11,700,21.000000,42.000000,0,2,7104764,613,0,613,-1,0,161,4,0
11,700,21.000000,42.000000,0,2,7104766,613,0,613,-1,0,161,4,0
11,700,21.000000,42.000000,0,2,7104769,613,0,613,-1,0,161,4,0
11,700,21.000000,42.000000,0,2,7104772,613,0,613,-1,0,161,4,0
11,700,21.000000,42.000000,0,2,7104775,613,0,613,-2,0,161,4,0
11,700,21.000000,42.000000,0,2,7104778,614,0,614,-3,0,161,4,0
11,700,21.000000,42.000000,0,2,7104780,615,0,615,-3,0,161,4,0
11,700,21.000000,42.000000,0,2,7104783,616,0,616,-4,0,161,4,0
11,700,21.000000,42.000000,0,2,7104786,617,0,617,-5,0,161,4,0
11,700,21.000000,42.000000,0,2,7104789,618,0,618,-5,0,161,4,0
11,700,21.000000,42.000000,0,2,7104791,619,0,619,-6,0,161,4,0
11,700,21.000000,42.000000,0,2,7104794,621,0,621,-7,0,161,4,0
11,700,21.000000,42.000000,0,2,7104797,624,0,624,-8,0,161,4,0
11,700,21.000000,42.000000,0,2,7104800,625,0,625,-8,0,161,4,0
11,700,21.000000,42.000000,0,2,7104803,627,0,627,-10,0,161,4,0
11,700,21.000000,42.000000,0,2,7104805,630,0,630,-10,0,161,4,0
11,700,21.000000,42.000000,0,2,7104808,634,0,634,-11,0,161,4,0
11,700,21.000000,42.000000,0,2,7104811,640,0,640,-12,0,161,4,0
11,700,21.000000,42.000000,0,2,7104814,644,0,644,-13,0,161,4,0
11,700,21.000000,42.000000,0,2,7104816,649,0,649,-13,0,161,4,0
11,700,21.000000,42.000000,0,2,7104819,653,0,653,-14,0,161,4,0
11,700,21.000000,42.000000,0,2,7104822,659,0,659,-15,0,161,4,0
11,700,21.000000,42.000000,0,2,7104825,662,0,662,-15,0,161,4,0
11,700,21.000000,42.000000,0,2,7104828,667,0,667,-16,0,161,4,0
11,700,21.000000,42.000000,0,2,7104830,672,0,672,-17,0,161,4,0
11,700,21.000000,42.000000,0,2,7104833,677,0,677,-17,0,161,4,0
11,700,21.000000,42.000000,0,2,7104836,679,0,679,-17,0,161,4,0
11,700,21.000000,42.000000,0,2,7104839,684,0,684,-18,0,161,4,0
11,700,21.000000,42.000000,0,2,7104841,693,0,693,-18,0,161,4,0
11,700,21.000000,42.000000,0,2,7104844,699,0,699,-18,0,161,4,0
11,700,21.000000,42.000000,0,2,7104847,705,0,705,-19,0,161,4,0
11,700,21.000000,42.000000,0,2,7104850,718,0,718,-19,0,161,4,0
11,700,21.000000,42.000000,0,2,7104853,724,0,724,-20,0,161,4,0
11,700,21.000000,42.000000,0,2,7104855,733,0,733,-21,0,161,4,0
11,700,21.000000,42.000000,0,2,7104858,740,0,740,-22,0,161,4,0
11,700,21.000000,42.000000,0,2,7104861,744,0,744,-22,0,161,4,0
11,700,21.000000,42.000000,0,2,7104864,751,0,751,-22,0,161,4,0
11,700,21.000000,42.000000,0,2,7104866,758,0,758,-23,0,161,4,0
11,700,21.000000,42.000000,0,2,7104869,765,0,765,-23,0,161,4,0
11,700,21.000000,42.000000,0,2,7104872,771,0,771,-24,0,161,4,0
11,700,21.000000,42.000000,0,2,7104875,783,0,783,-24,0,161,4,0
11,700,21.000000,42.000000,0,2,7104878,786,0,786,-24,0,161,4,0
11,700,21.000000,42.000000,0,2,7104881,793,0,793,-24,0,161,4,0
11,700,21.000000,42.000000,0,2,7104883,803,0,803,-25,0,161,4,0
11,700,21.000000,42.000000,0,2,7104886,807,0,807,-25,0,161,4,0
11,700,21.000000,42.000000,0,2,7104889,811,0,811,-25,0,161,4,0
11,700,21.000000,42.000000,0,2,7104892,815,0,815,-25,0,161,4,0
11,700,21.000000,42.000000,0,2,7104894,827,0,827,-25,0,161,4,0
11,700,21.000000,42.000000,0,2,7104897,833,0,833,-25,0,161,4,0
11,700,21.000000,42.000000,0,2,7104900,841,0,841,-25,0,161,4,0
11,700,21.000000,42.000000,0,2,7104903,847,0,847,-25,0,161,4,0
11,700,21.000000,42.000000,0,2,7104906,853,0,853,-25,0,161,4,0
11,700,21.000000,42.000000,0,2,7104908,859,0,859,-25,0,161,4,0
11,700,21.000000,42.000000,0,2,7104911,867,0,867,-25,0,161,4,0
11,700,21.000000,42.000000,0,2,7104914,870,0,870,-25,0,161,4,0
11,700,21.000000,42.000000,0,2,7104917,876,0,876,-25,0,161,4,0
11,700,21.000000,42.000000,0,2,7104920,881,0,881,-25,0,161,4,0
11,700,21.000000,42.000000,0,2,7104922,887,0,887,-25,0,161,4,0
11,700,21.000000,42.000000,0,2,7104925,893,0,893,-25,0,161,4,0
11,700,21.000000,42.000000,0,2,7104928,896,0,896,-25,0,161,4,0
11,700,21.000000,42.000000,0,2,7104931,902,0,902,-25,0,161,4,0
11,700,21.000000,42.000000,0,2,7104933,908,0,908,-25,0,161,4,0
11,700,21.000000,42.000000,0,2,7104936,917,0,917,-25,0,161,4,0
11,700,21.000000,42.000000,0,2,7104939,922,0,922,-25,0,161,4,0
11,700,21.000000,42.000000,0,2,7104942,927,0,927,-25,0,161,4,0
11,700,21.000000,42.000000,0,2,7104945,934,0,934,-25,0,161,4,0
11,700,21.000000,42.000000,0,2,7104947,940,0,940,-25,0,161,4,0
11,700,21.000000,42.000000,0,2,7104950,944,0,944,-25,0,161,4,0
11,700,21.000000,42.000000,0,2,7104953,947,0,947,-25,0,161,4,0
11,700,21.000000,42.000000,0,2,7104956,953,0,953,-25,0,161,4,0
11,700,21.000000,42.000000,0,2,7104958,957,0,957,-25,0,161,4,0
11,700,21.000000,42.000000,0,2,7104961,961,0,961,-25,0,161,4,0
11,700,21.000000,42.000000,0,2,7104964,965,0,965,-25,0,161,4,0
11,700,21.000000,42.000000,0,2,7104967,968,0,968,-25,0,161,4,0
11,700,21.000000,42.000000,0,2,7104970,969,0,969,-25,0,161,4,0
11,700,21.000000,42.000000,0,2,7104972,972,0,972,-25,0,161,4,0
11,700,21.000000,42.000000,0,2,7104975,975,0,975,-25,0,161,4,0
11,700,21.000000,42.000000,0,2,7104978,977,0,977,-25,0,161,4,0
11,700,21.000000,42.000000,0,2,7104981,982,0,982,-25,0,161,4,0
11,700,21.000000,42.000000,0,2,7104983,985,0,985,-25,0,161,4,0
11,700,21.000000,42.000000,0,2,7104986,989,0,989,-25,0,161,4,0
11,700,21.000000,42.000000,0,2,7104989,992,0,992,-25,0,161,4,0
11,700,21.000000,42.000000,0,2,7104992,996,0,996,-25,0,161,4,0
11,700,21.000000,42.000000,0,2,7104995,999,0,999,-25,0,161,4,0
11,700,21.000000,42.000000,0,2,7104997,1002,0,1002,-25,0,161,4,0
11,700,21.000000,42.000000,0,2,7105000,1005,0,1005,-25,0,161,4,0
11,700,21.000000,42.000000,0,2,7105003,1008,0,1008,-25,0,161,4,0
11,700,21.000000,42.000000,0,2,7105005,1011,0,1011,-25,0,161,4,0
11,700,21.000000,42.000000,0,2,7105008,1013,0,1013,-25,0,161,4,0
11,700,21.000000,42.000000,0,2,7105011,1016,0,1016,-25,0,161,4,0
11,700,21.000000,42.000000,0,2,7105014,1021,0,1021,-25,0,161,4,0
11,700,21.000000,42.000000,0,2,7105016,1025,0,1025,-25,0,161,4,0
11,700,21.000000,42.000000,0,2,7105019,1028,1,1028,-24,0,161,4,0
11,700,21.000000,42.000000,0,2,7105022,1031,1,1031,-24,0,161,4,0
11,700,21.000000,42.000000,0,2,7105025,1035,1,1035,-24,0,161,4,0
11,700,21.000000,42.000000,0,2,7105028,1039,1,1039,-24,0,161,4,0
11,700,21.000000,42.000000,0,2,7105030,1043,1,1043,-24,0,161,4,0
11,700,21.000000,42.000000,0,2,7105033,1047,1,1047,-24,0,161,4,0
11,700,21.000000,42.000000,0,2,7105036,1052,1,1052,-24,0,161,4,0
11,700,21.000000,42.000000,0,2,7105039,1055,1,1055,-24,0,161,4,0
11,700,21.000000,42.000000,0,2,7105041,1059,1,1059,-24,0,161,4,0
11,700,21.000000,42.000000,0,2,7105044,1062,1,1062,-24,0,161,4,0
11,700,21.000000,42.000000,0,2,7105047,1068,1,1068,-24,0,161,4,0
11,700,21.000000,42.000000,0,2,7105050,1070,1,1070,-24,0,161,4,0
11,700,21.000000,42.000000,0,2,7105052,1074,1,1074,-24,0,161,4,0
11,700,21.000000,42.000000,0,2,7105055,1077,1,1077,-24,0,161,4,0
11,700,21.000000,42.000000,0,2,7105058,1080,1,1080,-24,0,161,4,0
11,700,21.000000,42.000000,0,2,7105061,1084,1,1084,-24,0,161,4,0
11,700,21.000000,42.000000,0,2,7105064,1087,1,1087,-24,0,161,4,0
11,700,21.000000,42.000000,0,2,7105066,1090,0,1090,-25,0,161,4,0
11,700,21.000000,42.000000,0,2,7105069,1092,0,1092,-25,0,161,4,0
11,700,21.000000,42.000000,0,2,7105072,1094,0,1094,-25,0,161,4,0
11,700,21.000000,42.000000,0,2,7105075,1097,0,1097,-25,0,161,4,0
11,700,21.000000,42.000000,0,2,7105078,1099,0,1099,-25,0,161,4,0
11,700,21.000000,42.000000,0,2,7105080,1101,0,1101,-25,0,161,4,0
11,700,21.000000,42.000000,0,2,7105084,1105,0,1105,-26,0,161,4,0
11,700,21.000000,42.000000,0,2,7105086,1108,0,1108,-26,0,161,4,0
11,700,21.000000,42.000000,0,2,7105089,1110,0,1110,-26,0,161,4,0
11,700,21.000000,42.000000,0,2,7105092,1112,0,1112,-26,0,161,4,0
11,700,21.000000,42.000000,0,2,7105095,1115,0,1115,-27,0,161,4,0
11,700,21.000000,42.000000,0,2,7105098,1117,0,1117,-27,0,161,4,0
11,700,21.000000,42.000000,0,2,7105100,1119,0,1119,-27,0,161,4,0
11,700,21.000000,42.000000,0,2,7105103,1121,0,1121,-27,0,161,4,0
11,700,21.000000,42.000000,0,2,7105106,1123,0,1123,-28,0,161,4,0
11,700,21.000000,42.000000,0,2,7105109,1126,0,1126,-28,0,161,4,0
11,700,21.000000,42.000000,0,2,7105111,1127,0,1127,-28,0,161,4,0
11,700,21.000000,42.000000,0,2,7105114,1129,0,1129,-28,0,161,4,0
11,700,21.000000,42.000000,0,2,7105117,1131,0,1131,-28,0,161,4,0
11,700,21.000000,42.000000,0,2,7105120,1133,0,1133,-28,0,161,4,0
11,700,21.000000,42.000000,0,2,7105122,1135,0,1135,-28,0,161,4,0
11,700,21.000000,42.000000,0,2,7105125,1137,0,1137,-28,0,161,4,0
11,700,21.000000,42.000000,0,2,7105128,1140,0,1140,-28,0,161,4,0
11,700,21.000000,42.000000,0,2,7105131,1141,0,1141,-28,0,161,4,0
11,700,21.000000,42.000000,0,2,7105133,1142,0,1142,-28,0,161,4,0
11,700,21.000000,42.000000,0,2,7105136,1144,0,1144,-29,0,161,4,0
11,700,21.000000,42.000000,0,2,7105139,1146,0,1146,-29,0,161,4,0
11,700,21.000000,42.000000,0,2,7105142,1148,0,1148,-29,0,161,4,0
11,700,21.000000,42.000000,0,2,7105144,1150,0,1150,-29,0,161,4,0
11,700,21.000000,42.000000,0,2,7105147,1152,0,1152,-29,0,161,4,0
11,700,21.000000,42.000000,0,2,7105150,1155,0,1155,-30,0,161,4,0
11,700,21.000000,42.000000,0,2,7105153,1157,0,1157,-30,0,161,4,0
11,700,21.000000,42.000000,0,2,7105156,1160,0,1160,-30,0,161,4,0
11,700,21.000000,42.000000,0,2,7105158,1164,0,1164,-30,0,161,4,0
11,700,21.000000,42.000000,0,2,7105161,1167,0,1167,-30,0,161,4,0
11,700,21.000000,42.000000,0,2,7105164,1169,0,1169,-31,0,161,4,0
11,700,21.000000,42.000000,0,2,7105167,1171,0,1171,-31,0,161,4,0
11,700,21.000000,42.000000,0,2,7105170,1176,0,1176,-31,0,161,4,0
11,700,21.000000,42.000000,0,2,7105172,1180,0,1180,-31,0,161,4,0
11,700,21.000000,42.000000,0,2,7105175,1183,0,1183,-31,0,161,4,0
11,700,21.000000,42.000000,0,2,7105178,1184,0,1184,-31,0,161,4,0
11,700,21.000000,42.000000,0,2,7105180,1186,0,1186,-31,0,161,4,0
11,700,21.000000,42.000000,0,2,7105183,1191,0,1191,-31,0,161,4,0
11,700,21.000000,42.000000,0,2,7105186,1195,0,1195,-31,0,161,4,0
11,700,21.000000,42.000000,0,2,7105189,1198,0,1198,-31,0,161,4,0
11,700,21.000000,42.000000,0,2,7105192,1201,0,1201,-31,0,161,4,0
11,700,21.000000,42.000000,0,2,7105194,1204,0,1204,-31,0,161,4,0
11,700,21.000000,42.000000,0,2,7105197,1208,0,1208,-31,0,161,4,0
11,700,21.000000,42.000000,0,2,7105200,1211,0,1211,-31,0,161,4,0
11,700,21.000000,42.000000,0,2,7105203,1214,0,1214,-31,0,161,4,0
11,700,21.000000,42.000000,0,2,7105205,1215,0,1215,-31,0,161,4,0
11,700,21.000000,42.000000,0,2,7105208,1218,0,1218,-31,0,161,4,0
11,700,21.000000,42.000000,0,2,7105211,1221,0,1221,-31,0,161,4,0
11,700,21.000000,42.000000,0,2,7105214,1224,0,1224,-31,0,161,4,0
11,700,21.000000,42.000000,0,2,7105217,1225,0,1225,-31,0,161,4,0
11,700,21.000000,42.000000,0,2,7105219,1227,0,1227,-31,0,161,4,0
11,700,21.000000,42.000000,0,2,7105222,1228,0,1228,-31,0,161,4,0
11,700,21.000000,42.000000,0,2,7105225,1229,0,1229,-31,0,161,4,0
11,700,21.000000,42.000000,0,2,7105228,1230,0,1230,-31,0,161,4,0
11,700,21.000000,42.000000,0,2,7105230,1233,0,1233,-31,0,161,4,0
11,700,21.000000,42.000000,0,2,7105233,1235,0,1235,-31,0,161,4,0
11,700,21.000000,42.000000,0,2,7105236,1237,0,1237,-31,0,161,4,0
11,700,21.000000,42.000000,0,2,7105239,1239,0,1239,-31,0,161,4,0
11,700,21.000000,42.000000,0,2,7105242,1241,0,1241,-31,0,161,4,0
11,700,21.000000,42.000000,0,2,7105244,1242,0,1242,-31,0,161,4,0
11,700,21.000000,42.000000,0,2,7105247,1244,0,1244,-31,0,161,4,0
11,700,21.000000,42.000000,0,2,7105250,1245,0,1245,-31,0,161,4,0
11,700,21.000000,42.000000,0,2,7105253,1246,0,1246,-31,0,161,4,0
11,700,21.000000,42.000000,0,2,7105256,1247,0,1247,-31,0,161,4,0
11,700,21.000000,42.000000,0,2,7105259,1248,0,1248,-31,0,161,4,0
11,700,21.000000,42.000000,0,2,7105261,1249,0,1249,-31,0,161,4,0
11,700,21.000000,42.000000,0,2,7105264,1249,0,1249,-31,0,161,4,0
11,700,21.000000,42.000000,0,2,7105267,1249,0,1249,-31,0,161,4,0
11,700,21.000000,42.000000,0,2,7105270,1249,0,1249,-31,0,161,4,0
11,700,21.000000,42.000000,0,2,7105273,1250,0,1250,-31,0,161,4,0
11,700,21.000000,42.000000,0,2,7105275,1250,0,1250,-31,0,161,4,0
11,700,21.000000,42.000000,0,2,7105278,1250,0,1250,-31,0,161,4,0
11,700,21.000000,42.000000,0,2,7105281,1250,0,1250,-31,0,161,4,0
11,700,21.000000,42.000000,0,2,7105283,1250,0,1250,-31,0,161,4,0
11,700,21.000000,42.000000,0,2,7105286,1250,0,1250,-31,0,161,4,0
11,700,21.000000,42.000000,0,2,7105289,1250,0,1250,-31,0,161,4,0
11,700,21.000000,42.000000,0,2,7105292,1250,0,1250,-31,0,161,4,0
11,700,21.000000,42.000000,0,2,7105295,1250,0,1250,-31,0,161,4,0
11,700,21.000000,42.000000,0,2,7105298,1250,0,1250,-31,0,161,4,0
11,700,21.000000,42.000000,0,2,7105300,1250,0,1250,-31,0,161,4,0
11,700,21.000000,42.000000,0,2,7105303,1250,0,1250,-31,0,161,4,0
11,700,21.000000,42.000000,0,2,7105306,1251,0,1251,-31,0,161,4,0
11,700,21.000000,42.000000,0,2,7105309,1252,0,1252,-31,0,161,4,0
11,700,21.000000,42.000000,0,2,7105312,1253,0,1253,-31,0,161,4,0
11,700,21.000000,42.000000,0,2,7105314,1254,0,1254,-31,0,161,4,0
11,700,21.000000,42.000000,0,2,7105317,1255,0,1255,-31,0,161,4,0
11,700,21.000000,42.000000,0,2,7105320,1256,0,1256,-31,0,161,4,0
11,700,21.000000,42.000000,0,2,7105323,1257,0,1257,-31,0,161,4,0
11,700,21.000000,42.000000,0,2,7105325,1258,0,1258,-31,0,161,4,0
11,700,21.000000,42.000000,0,2,7105328,1259,0,1259,-31,0,161,4,0
11,700,21.000000,42.000000,0,2,7105331,1261,0,1261,-31,0,161,4,0
11,700,21.000000,42.000000,0,2,7105334,1263,0,1263,-31,0,161,4,0
11,700,21.000000,42.000000,0,2,7105336,1266,0,1266,-31,0,161,4,0
11,700,21.000000,42.000000,0,2,7105339,1267,0,1267,-31,0,161,4,0
11,700,21.000000,42.000000,0,2,7105342,1268,0,1268,-31,0,161,4,0
11,700,21.000000,42.000000,0,2,7105345,1270,0,1270,-31,0,161,4,0
11,700,21.000000,42.000000,0,2,7105347,1272,0,1272,-31,0,161,4,0
11,700,21.000000,42.000000,0,2,7105350,1274,0,1274,-31,0,161,4,0
11,700,21.000000,42.000000,0,2,7105353,1276,0,1276,-31,0,161,4,0
11,700,21.000000,42.000000,0,2,7105356,1277,0,1277,-31,0,161,4,0
11,700,21.000000,42.000000,0,2,7105359,1278,0,1278,-31,0,161,4,0
11,700,21.000000,42.000000,0,2,7105361,1280,0,1280,-31,0,161,4,0
11,700,21.000000,42.000000,0,2,7105364,1281,0,1281,-31,0,161,4,0
11,700,21.000000,42.000000,0,2,7105367,1281,0,1281,-31,0,161,4,0
11,700,21.000000,42.000000,0,2,7105369,1282,0,1282,-31,0,161,4,0
11,700,21.000000,42.000000,0,2,7105372,1283,0,1283,-31,0,161,4,0
11,700,21.000000,42.000000,0,2,7105375,1283,0,1283,-31,0,161,4,0
11,700,21.000000,42.000000,0,2,7105378,1283,0,1283,-31,0,161,4,0
11,700,21.000000,42.000000,0,2,7105381,1283,0,1283,-31,0,161,4,0
11,700,21.000000,42.000000,0,2,7105383,1283,0,1283,-31,0,161,4,0
11,700,21.000000,42.000000,0,2,7105387,1283,0,1283,-31,0,161,4,0
11,700,21.000000,42.000000,0,2,7105389,1283,0,1283,-31,0,161,4,0
11,700,21.000000,42.000000,0,2,7105392,1283,0,1283,-31,0,161,4,0
11,700,21.000000,42.000000,0,2,7105395,1283,0,1283,-31,0,161,4,0
11,700,21.000000,42.000000,0,2,7105398,1283,0,1283,-31,0,161,4,0
11,700,21.000000,42.000000,0,2,7105400,1283,0,1283,-31,0,161,4,0
11,700,21.000000,42.000000,0,2,7105403,1283,0,1283,-31,0,161,4,0
11,700,21.000000,42.000000,0,2,7105406,1283,0,1283,-31,0,161,4,0
11,700,21.000000,42.000000,0,2,7105409,1283,0,1283,-31,0,161,4,0
11,700,21.000000,42.000000,0,2,7105412,1283,0,1283,-31,0,161,4,0
11,700,21.000000,42.000000,0,2,7105414,1283,0,1283,-31,0,161,4,0
11,700,21.000000,42.000000,0,2,7105417,1283,0,1283,-31,0,161,4,0
11,700,21.000000,42.000000,0,2,7105420,1283,0,1283,-31,0,161,4,0
11,700,21.000000,42.000000,0,2,7105422,1283,0,1283,-31,0,161,4,0
11,700,21.000000,42.000000,0,2,7105425,1283,0,1283,-31,0,161,4,0
11,700,21.000000,42.000000,0,2,7105428,1283,0,1283,-31,0,161,4,0
11,700,21.000000,42.000000,0,2,7105431,1283,0,1283,-31,0,161,4,0
11,700,21.000000,42.000000,0,2,7105433,1283,0,1283,-31,0,161,4,0
11,700,21.000000,42.000000,0,2,7105437,1283,0,1283,-31,0,161,4,0
11,700,21.000000,42.000000,0,2,7105439,1283,0,1283,-31,0,161,4,0
11,700,21.000000,42.000000,0,2,7105442,1283,0,1283,-31,0,161,4,0
11,700,21.000000,42.000000,0,2,7105445,1283,0,1283,-31,0,161,4,0
11,700,21.000000,42.000000,0,2,7105448,1283,0,1283,-31,0,161,4,0
11,700,21.000000,42.000000,0,2,7105450,1283,0,1283,-31,0,161,4,0
11,700,21.000000,42.000000,0,2,7105453,1283,0,1283,-31,0,161,4,0
11,700,21.000000,42.000000,0,2,7105456,1284,0,1284,-31,0,161,4,0
11,700,21.000000,42.000000,0,2,7105459,1285,0,1285,-31,0,161,4,0
11,700,21.000000,42.000000,0,2,7105462,1285,0,1285,-31,0,161,4,0
11,700,21.000000,42.000000,0,2,7105464,1286,0,1286,-31,0,161,4,0
11,700,21.000000,42.000000,0,2,7105467,1286,0,1286,-31,0,161,4,0
11,700,21.000000,42.000000,0,2,7105470,1287,0,1287,-31,0,161,4,0
11,700,21.000000,42.000000,0,2,7105473,1287,0,1287,-31,0,161,4,0
11,700,21.000000,42.000000,0,2,7105475,1288,0,1288,-31,0,161,4,0
11,700,21.000000,42.000000,0,2,7105478,1289,0,1289,-31,0,161,4,0
11,700,21.000000,42.000000,0,2,7105481,1289,0,1289,-31,0,161,4,0
11,700,21.000000,42.000000,0,2,7105484,1290,0,1290,-31,0,161,4,0
11,700,21.000000,42.000000,0,2,7105486,1290,0,1290,-32,0,161,4,0
11,700,21.000000,42.000000,0,2,7105489,1290,0,1290,-33,0,161,4,0
11,700,21.000000,42.000000,0,2,7105492,1291,0,1291,-33,0,161,4,0
11,700,21.000000,42.000000,0,2,7105495,1293,0,1293,-33,0,161,4,0
11,700,21.000000,42.000000,0,2,7105497,1293,0,1293,-33,0,161,4,0
11,700,21.000000,42.000000,0,2,7105500,1294,0,1294,-33,0,161,4,0
11,700,21.000000,42.000000,0,2,7105503,1295,0,1295,-33,0,161,4,0
11,700,21.000000,42.000000,0,2,7105506,1296,0,1296,-33,0,161,4,0
11,700,21.000000,42.000000,0,2,7105509,1297,0,1297,-33,0,161,4,0
11,700,21.000000,42.000000,0,2,7105512,1298,0,1298,-33,0,161,4,0
11,700,21.000000,42.000000,0,2,7105514,1299,0,1299,-33,0,161,4,0
11,700,21.000000,42.000000,0,2,7105517,1299,0,1299,-34,0,161,4,0
11,700,21.000000,42.000000,0,2,7105520,1300,0,1300,-35,0,161,4,0
11,700,21.000000,42.000000,0,2,7105523,1301,0,1301,-35,0,161,4,0
11,700,21.000000,42.000000,0,2,7105525,1302,0,1302,-35,0,161,4,0
11,700,21.000000,42.000000,0,2,7105528,1303,0,1303,-35,0,161,4,0
11,700,21.000000,42.000000,0,2,7105531,1304,0,1304,-35,0,161,4,0
11,700,21.000000,42.000000,0,2,7105534,1305,0,1305,-35,0,161,4,0
11,700,21.000000,42.000000,0,2,7105536,1306,0,1306,-35,0,161,4,0
11,700,21.000000,42.000000,0,2,7105539,1307,0,1307,-35,0,161,4,0
11,700,21.000000,42.000000,0,2,7105542,1307,0,1307,-35,0,161,4,0
11,700,21.000000,42.000000,0,2,7105545,1307,0,1307,-36,0,161,4,0
11,700,21.000000,42.000000,0,2,7105547,1307,0,1307,-37,0,161,4,0
11,700,21.000000,42.000000,0,2,7105550,1308,0,1308,-37,0,161,4,0
11,700,21.000000,42.000000,0,2,7105553,1309,0,1309,-37,0,161,4,0
11,700,21.000000,42.000000,0,2,7105556,1309,0,1309,-37,0,161,4,0
11,700,21.000000,42.000000,0,2,7105559,1310,0,1310,-37,0,161,4,0
11,700,21.000000,42.000000,0,2,7105561,1311,0,1311,-37,0,161,4,0
11,700,21.000000,42.000000,0,2,7105564,1312,0,1312,-37,0,161,4,0
11,700,21.000000,42.000000,0,2,7105567,1312,0,1312,-38,0,161,4,0
11,700,21.000000,42.000000,0,2,7105570,1312,0,1312,-39,0,161,4,0
11,700,21.000000,42.000000,0,2,7105572,1313,0,1313,-39,0,161,4,0
11,700,21.000000,42.000000,0,2,7105575,1314,0,1314,-39,0,161,4,0
11,700,21.000000,42.000000,0,2,7105578,1315,0,1315,-39,0,161,4,0
11,700,21.000000,42.000000,0,2,7105581,1315,0,1315,-39,0,161,4,0
11,700,21.000000,42.000000,0,2,7105584,1315,0,1315,-39,0,161,4,0
11,700,21.000000,42.000000,0,2,7105586,1316,0,1316,-39,0,161,4,0
11,700,21.000000,42.000000,0,2,7105589,1316,0,1316,-39,0,161,4,0
11,700,21.000000,42.000000,0,2,7105592,1316,0,1316,-39,0,161,4,0
11,700,21.000000,42.000000,0,2,7105595,1316,0,1316,-39,0,161,4,0
11,700,21.000000,42.000000,0,2,7105598,1317,0,1317,-39,0,161,4,0
11,700,21.000000,42.000000,0,2,7105600,1318,0,1318,-39,0,161,4,0
11,700,21.000000,42.000000,0,2,7105603,1318,0,1318,-39,0,161,4,0
11,700,21.000000,42.000000,0,2,7105606,1318,0,1318,-39,0,161,4,0
11,700,21.000000,42.000000,0,2,7105609,1318,0,1318,-39,0,161,4,0
11,700,21.000000,42.000000,0,2,7105611,1318,0,1318,-39,0,161,4,0
11,700,21.000000,42.000000,0,2,7105614,1318,0,1318,-39,0,161,4,0
11,700,21.000000,42.000000,0,2,7105617,1318,0,1318,-39,0,161,4,0
11,700,21.000000,42.000000,0,2,7105620,1318,0,1318,-39,0,161,4,0
11,700,21.000000,42.000000,0,2,7105622,1318,0,1318,-39,0,161,4,0
11,700,21.000000,42.000000,0,2,7105625,1318,0,1318,-39,0,161,4,0
11,700,21.000000,42.000000,0,2,7105628,1318,0,1318,-39,0,161,4,0
11,700,21.000000,42.000000,0,2,7105631,1318,0,1318,-39,0,161,4,0
11,700,21.000000,42.000000,0,2,7105633,1318,0,1318,-39,0,161,4,0
11,700,21.000000,42.000000,0,2,7105637,1318,0,1318,-39,0,161,4,0
11,700,21.000000,42.000000,0,2,7105639,1318,0,1318,-39,0,161,4,0
11,700,21.000000,42.000000,0,2,7105642,1318,0,1318,-39,0,161,4,0
11,700,21.000000,42.000000,0,2,7105645,1318,0,1318,-39,0,161,4,0
11,700,21.000000,42.000000,0,2,7105648,1318,0,1318,-39,0,161,4,0
11,700,21.000000,42.000000,0,2,7105651,1318,0,1318,-39,0,161,4,0
11,700,21.000000,42.000000,0,2,7105653,1318,0,1318,-39,0,161,4,0
11,700,21.000000,42.000000,0,2,7105656,1318,0,1318,-39,0,161,4,0
11,700,21.000000,42.000000,0,2,7105659,1318,0,1318,-39,0,161,4,0
11,700,21.000000,42.000000,0,2,7105662,1318,0,1318,-39,0,161,4,0
11,700,21.000000,42.000000,0,2,7105664,1318,0,1318,-39,0,161,4,0
11,700,21.000000,42.000000,0,2,7105667,1318,0,1318,-39,0,161,4,0
11,700,21.000000,42.000000,0,2,7105670,1318,0,1318,-39,0,161,4,0
11,700,21.000000,42.000000,0,2,7105673,1318,0,1318,-39,0,161,4,0
11,700,21.000000,42.000000,0,2,7105676,1318,0,1318,-39,0,161,4,0
11,700,21.000000,42.000000,0,2,7105678,1318,0,1318,-39,0,161,4,0
11,700,21.000000,42.000000,0,2,7105681,1318,0,1318,-39,0,161,4,0
11,700,21.000000,42.000000,0,2,7105684,1318,0,1318,-39,0,161,4,0
11,700,21.000000,42.000000,0,2,7105687,1318,0,1318,-39,0,161,4,0
11,700,21.000000,42.000000,0,2,7105690,1318,0,1318,-39,0,161,4,0
11,700,21.000000,42.000000,0,2,7105692,1318,0,1318,-39,0,161,4,0
11,700,21.000000,42.000000,0,2,7105695,1318,0,1318,-39,0,161,4,0
11,700,21.000000,42.000000,0,2,7105698,1318,0,1318,-39,0,161,4,0
11,700,21.000000,42.000000,0,2,7105701,1318,0,1318,-39,0,161,4,0
11,700,21.000000,42.000000,0,2,7105703,1318,0,1318,-39,0,161,4,0
11,700,21.000000,42.000000,0,2,7105706,1318,0,1318,-39,0,161,4,0
11,700,21.000000,42.000000,0,2,7105709,1318,0,1318,-39,0,161,4,0
11,700,21.000000,42.000000,0,2,7105712,1318,0,1318,-39,0,161,4,0
11,700,21.000000,42.000000,0,2,7105714,1318,0,1318,-39,0,161,4,0
11,700,21.000000,42.000000,0,2,7105717,1318,0,1318,-39,0,161,4,0
11,700,21.000000,42.000000,0,2,7105720,1318,0,1318,-39,0,161,4,0
11,700,21.000000,42.000000,0,2,7105723,1318,0,1318,-39,0,161,4,0
11,700,21.000000,42.000000,0,2,7105726,1318,0,1318,-39,0,161,4,0
11,700,21.000000,42.000000,0,2,7105728,1318,0,1318,-39,0,161,4,0
11,700,21.000000,42.000000,0,2,7105731,1318,0,1318,-39,0,161,4,0
11,700,21.000000,42.000000,0,2,7105734,1318,0,1318,-39,0,161,4,0
11,700,21.000000,42.000000,0,2,7105737,1318,0,1318,-39,0,161,4,0
11,700,21.000000,42.000000,0,2,7105739,1318,0,1318,-39,0,161,4,0
11,700,21.000000,42.000000,0,2,7105742,1318,0,1318,-39,0,161,4,0
11,700,21.000000,42.000000,0,2,7105755,1318,0,1318,-39,0,161,4,0
