11,700,21.000000,0.000000,1,0,170785159,611,0,611,0,0,34,4
11,700,21.000000,0.000000,1,0,170785160,611,0,611,0,0,34,4
11,700,21.000000,0.000000,1,0,170785163,611,0,611,0,0,34,4
11,700,21.000000,0.000000,1,0,170785165,611,0,611,0,0,34,4
11,700,21.000000,0.000000,1,0,170785168,611,0,611,0,0,34,4
11,700,21.000000,0.000000,1,0,170785171,611,0,611,0,0,34,4
11,700,21.000000,0.000000,1,0,170785174,611,0,611,0,0,34,4
11,700,21.000000,0.000000,1,0,170785177,611,0,611,0,0,34,4
11,700,21.000000,0.000000,1,0,170785179,611,0,611,0,0,34,4
11,700,21.000000,0.000000,1,0,170785182,611,0,611,0,0,34,4
11,700,21.000000,0.000000,1,0,170785185,611,0,611,0,0,34,4
11,700,21.000000,0.000000,1,0,170785188,611,0,611,0,0,34,4
11,700,21.000000,0.000000,1,0,170785191,611,0,611,0,0,34,4
11,700,21.000000,0.000000,1,0,170785193,611,0,611,0,0,34,4
11,700,21.000000,0.000000,1,0,170785196,611,0,611,0,0,34,4
11,700,21.000000,0.000000,1,0,170785199,611,0,611,0,0,34,4
11,700,21.000000,0.000000,1,0,170785202,611,0,611,0,0,34,4
11,700,21.000000,0.000000,1,0,170785204,611,0,611,0,0,34,4
11,700,21.000000,0.000000,1,0,170785207,611,0,611,0,0,34,4
11,700,21.000000,0.000000,1,0,170785210,611,0,611,0,0,34,4
11,700,21.000000,0.000000,1,0,170785213,611,0,611,0,0,34,4
11,700,21.000000,0.000000,1,0,170785215,611,0,611,0,0,34,4
11,700,21.000000,0.000000,1,0,170785218,611,0,611,0,0,34,4
11,700,21.000000,0.000000,1,0,170785221,611,0,611,0,0,34,4
11,700,21.000000,0.000000,1,0,170785224,611,0,611,0,0,34,4
11,700,21.000000,0.000000,1,0,170785227,611,0,611,0,0,34,4
11,700,21.000000,0.000000,1,0,170785229,611,0,611,0,0,34,4
11,700,21.000000,0.000000,1,0,170785232,611,0,611,0,0,34,4
11,700,21.000000,0.000000,1,0,170785235,611,0,611,0,0,34,4
11,700,21.000000,0.000000,1,0,170785238,611,0,611,0,0,34,4
11,700,21.000000,0.000000,1,0,170785241,611,0,611,0,0,34,4
11,700,21.000000,0.000000,1,0,170785243,611,0,611,0,0,34,4
11,700,21.000000,0.000000,1,0,170785246,611,0,611,0,0,34,4
11,700,21.000000,0.000000,1,0,170785249,611,0,611,0,0,34,4
11,700,21.000000,0.000000,1,0,170785252,611,0,611,0,0,34,4
11,700,21.000000,0.000000,1,0,170785255,611,0,611,0,0,34,4
11,700,21.000000,0.000000,1,0,170785257,611,1,611,1,0,34,4
11,700,21.000000,0.000000,1,0,170785260,611,2,611,2,0,34,4
11,700,21.000000,0.000000,1,0,170785263,611,3,611,3,0,34,4
11,700,21.000000,0.000000,1,0,170785266,611,4,611,4,0,34,4
11,700,21.000000,0.000000,1,0,170785269,611,4,611,4,0,34,4
11,700,21.000000,0.000000,1,0,170785271,612,5,612,5,0,34,4
11,700,21.000000,0.000000,1,0,170785274,613,6,613,6,0,34,4
11,700,21.000000,0.000000,1,0,170785277,613,7,613,7,0,34,4
11,700,21.000000,0.000000,1,0,170785279,613,8,613,8,0,34,4
11,700,21.000000,0.000000,1,0,170785282,613,9,613,9,0,34,4
11,700,21.000000,0.000000,1,0,170785285,613,10,613,10,0,34,4
11,700,21.000000,0.000000,1,0,170785288,614,11,614,11,0,34,4
11,700,21.000000,0.000000,1,0,170785290,615,12,615,12,0,34,4
11,700,21.000000,0.000000,1,0,170785293,615,14,615,14,0,34,4
11,700,21.000000,0.000000,1,0,170785296,615,16,615,16,0,34,4
11,700,21.000000,0.000000,1,0,170785299,615,17,615,17,0,34,4
11,700,21.000000,0.000000,1,0,170785302,615,18,615,18,0,34,4
11,700,21.000000,0.000000,1,0,170785304,616,18,616,18,0,34,4
11,700,21.000000,0.000000,1,0,170785307,616,20,616,20,0,34,4
11,700,21.000000,0.000000,1,0,170785310,617,20,617,20,0,34,4
11,700,21.000000,0.000000,1,0,170785313,618,20,618,20,0,34,4
11,700,21.000000,0.000000,1,0,170785316,619,22,619,22,0,34,4
11,700,21.000000,0.000000,1,0,170785318,619,24,619,24,0,34,4
11,700,21.000000,0.000000,1,0,170785321,619,26,619,26,0,34,4
11,700,21.000000,0.000000,1,0,170785324,622,27,622,27,0,34,4
11,700,21.000000,0.000000,1,0,170785327,622,28,622,28,0,34,4
11,700,21.000000,0.000000,1,0,170785329,622,31,622,31,0,34,4
11,700,21.000000,0.000000,1,0,170785332,625,33,625,33,0,34,4
11,700,21.000000,0.000000,1,0,170785335,629,36,629,36,0,34,4
11,700,21.000000,0.000000,1,0,170785338,630,37,630,37,0,34,4
11,700,21.000000,0.000000,1,0,170785341,631,39,631,39,0,34,4
11,700,21.000000,0.000000,1,0,170785343,633,41,633,41,0,34,4
11,700,21.000000,0.000000,1,0,170785346,636,43,636,43,0,34,4
11,700,21.000000,0.000000,1,0,170785349,637,45,637,45,0,34,4
11,700,21.000000,0.000000,1,0,170785352,639,47,639,47,0,34,4
11,700,21.000000,0.000000,1,0,170785355,641,50,641,50,0,34,4
11,700,21.000000,0.000000,1,0,170785357,645,53,645,53,0,34,4
11,700,21.000000,0.000000,1,0,170785360,648,56,648,56,0,34,4
11,700,21.000000,0.000000,1,0,170785363,650,57,650,57,0,34,4
11,700,21.000000,0.000000,1,0,170785365,654,57,654,57,0,34,4
11,700,21.000000,0.000000,1,0,170785368,659,61,659,61,0,34,4
11,700,21.000000,0.000000,1,0,170785371,664,65,664,65,0,34,4
11,700,21.000000,0.000000,1,0,170785374,667,67,667,67,0,34,4
11,700,21.000000,0.000000,1,0,170785377,670,69,670,69,0,34,4
11,700,21.000000,0.000000,1,0,170785379,674,71,674,71,0,34,4
11,700,21.000000,0.000000,1,0,170785382,679,73,679,73,0,34,4
11,700,21.000000,0.000000,1,0,170785385,684,76,684,76,0,34,4
11,700,21.000000,0.000000,1,0,170785388,691,77,691,77,0,34,4
11,700,21.000000,0.000000,1,0,170785391,696,79,696,79,0,34,4
11,700,21.000000,0.000000,1,0,170785394,704,80,704,80,0,34,4
11,700,21.000000,0.000000,1,0,170785396,709,82,709,82,0,34,4
11,700,21.000000,0.000000,1,0,170785399,714,82,714,82,0,34,4
11,700,21.000000,0.000000,1,0,170785402,721,82,721,82,0,34,4
11,700,21.000000,0.000000,1,0,170785405,726,83,726,83,0,34,4
11,700,21.000000,0.000000,1,0,170785407,734,83,734,83,0,34,4
11,700,21.000000,0.000000,1,0,170785410,742,83,742,83,0,34,4
11,700,21.000000,0.000000,1,0,170785413,748,83,748,83,0,34,4
11,700,21.000000,0.000000,1,0,170785415,756,83,756,83,0,34,4
11,700,21.000000,0.000000,1,0,170785418,764,83,764,83,0,34,4
11,700,21.000000,0.000000,1,0,170785421,771,83,771,83,0,34,4
11,700,21.000000,0.000000,1,0,170785424,780,83,780,83,0,34,4
11,700,21.000000,0.000000,1,0,170785427,788,83,788,83,0,34,4
11,700,21.000000,0.000000,1,0,170785429,795,83,795,83,0,34,4
11,700,21.000000,0.000000,1,0,170785432,804,83,804,83,0,34,4
11,700,21.000000,0.000000,1,0,170785435,811,83,811,83,0,34,4
11,700,21.000000,0.000000,1,0,170785438,818,82,818,82,0,34,4
11,700,21.000000,0.000000,1,0,170785441,824,82,824,82,0,34,4
11,700,21.000000,0.000000,1,0,170785443,831,81,831,81,0,34,4
11,700,21.000000,0.000000,1,0,170785446,838,81,838,81,0,34,4
11,700,21.000000,0.000000,1,0,170785449,844,80,844,80,0,34,4
11,700,21.000000,0.000000,1,0,170785452,850,80,850,80,0,34,4
11,700,21.000000,0.000000,1,0,170785454,858,80,858,80,0,34,4
11,700,21.000000,0.000000,1,0,170785457,865,80,865,80,0,34,4
11,700,21.000000,0.000000,1,0,170785460,872,80,872,80,0,34,4
11,700,21.000000,0.000000,1,0,170785463,879,79,879,79,0,34,4
11,700,21.000000,0.000000,1,0,170785466,884,79,884,79,0,34,4
11,700,21.000000,0.000000,1,0,170785468,894,79,894,79,0,34,4
11,700,21.000000,0.000000,1,0,170785471,901,79,901,79,0,34,4
11,700,21.000000,0.000000,1,0,170785474,907,78,907,78,0,34,4
11,700,21.000000,0.000000,1,0,170785477,915,77,915,77,0,34,4
11,700,21.000000,0.000000,1,0,170785480,926,77,926,77,0,34,4
11,700,21.000000,0.000000,1,0,170785482,934,76,934,76,0,34,4
11,700,21.000000,0.000000,1,0,170785485,944,76,944,76,0,34,4
11,700,21.000000,0.000000,1,0,170785488,951,75,951,75,0,34,4
11,700,21.000000,0.000000,1,0,170785491,960,74,960,74,0,34,4
11,700,21.000000,0.000000,1,0,170785494,970,74,970,74,0,34,4
11,700,21.000000,0.000000,1,0,170785496,978,73,978,73,0,34,4
11,700,21.000000,0.000000,1,0,170785499,985,72,985,72,0,34,4
11,700,21.000000,0.000000,1,0,170785502,992,72,992,72,0,34,4
11,700,21.000000,0.000000,1,0,170785505,1001,69,1001,69,0,34,4
11,700,21.000000,0.000000,1,0,170785507,1011,69,1011,69,0,34,4
11,700,21.000000,0.000000,1,0,170785510,1016,67,1016,67,0,34,4
11,700,21.000000,0.000000,1,0,170785513,1025,66,1025,66,0,34,4
11,700,21.000000,0.000000,1,0,170785515,1033,66,1033,66,0,34,4
11,700,21.000000,0.000000,1,0,170785519,1041,65,1041,65,0,34,4
11,700,21.000000,0.000000,1,0,170785521,1048,64,1048,64,0,34,4
11,700,21.000000,0.000000,1,0,170785524,1055,63,1055,63,0,34,4
11,700,21.000000,0.000000,1,0,170785527,1063,63,1063,63,0,34,4
11,700,21.000000,0.000000,1,0,170785530,1073,62,1073,62,0,34,4
11,700,21.000000,0.000000,1,0,170785532,1081,61,1081,61,0,34,4
11,700,21.000000,0.000000,1,0,170785535,1092,61,1092,61,0,34,4
11,700,21.000000,0.000000,1,0,170785538,1100,60,1100,60,0,34,4
11,700,21.000000,0.000000,1,0,170785541,1106,60,1106,60,0,34,4
11,700,21.000000,0.000000,1,0,170785544,1114,59,1114,59,0,34,4
11,700,21.000000,0.000000,1,0,170785546,1121,59,1121,59,0,34,4
11,700,21.000000,0.000000,1,0,170785549,1128,58,1128,58,0,34,4
11,700,21.000000,0.000000,1,0,170785552,1135,57,1135,57,0,34,4
11,700,21.000000,0.000000,1,0,170785555,1142,57,1142,57,0,34,4
11,700,21.000000,0.000000,1,0,170785558,1148,57,1148,57,0,34,4
11,700,21.000000,0.000000,1,0,170785560,1153,56,1153,56,0,34,4
11,700,21.000000,0.000000,1,0,170785563,1167,54,1167,54,0,34,4
11,700,21.000000,0.000000,1,0,170785566,1175,52,1175,52,0,34,4
11,700,21.000000,0.000000,1,0,170785568,1180,51,1180,51,0,34,4
11,700,21.000000,0.000000,1,0,170785571,1187,51,1187,51,0,34,4
11,700,21.000000,0.000000,1,0,170785574,1190,50,1190,50,0,34,4
11,700,21.000000,0.000000,1,0,170785577,1197,50,1197,50,0,34,4
11,700,21.000000,0.000000,1,0,170785580,1203,50,1203,50,0,34,4
11,700,21.000000,0.000000,1,0,170785582,1207,49,1207,49,0,34,4
11,700,21.000000,0.000000,1,0,170785585,1212,49,1212,49,0,34,4
11,700,21.000000,0.000000,1,0,170785588,1217,48,1217,48,0,34,4
11,700,21.000000,0.000000,1,0,170785591,1220,48,1220,48,0,34,4
11,700,21.000000,0.000000,1,0,170785594,1223,48,1223,48,0,34,4
11,700,21.000000,0.000000,1,0,170785596,1226,47,1226,47,0,34,4
11,700,21.000000,0.000000,1,0,170785599,1228,47,1228,47,0,34,4
11,700,21.000000,0.000000,1,0,170785602,1233,46,1233,46,0,34,4
11,700,21.000000,0.000000,1,0,170785605,1236,45,1236,45,0,34,4
11,700,21.000000,0.000000,1,0,170785608,1239,45,1239,45,0,34,4
11,700,21.000000,0.000000,1,0,170785610,1240,45,1240,45,0,34,4
11,700,21.000000,0.000000,1,0,170785613,1243,45,1243,45,0,34,4
11,700,21.000000,0.000000,1,0,170785616,1244,45,1244,45,0,34,4
11,700,21.000000,0.000000,1,0,170785619,1246,45,1246,45,0,34,4
11,700,21.000000,0.000000,1,0,170785621,1249,45,1249,45,0,34,4
11,700,21.000000,0.000000,1,0,170785624,1252,45,1252,45,0,34,4
11,700,21.000000,0.000000,1,0,170785627,1254,45,1254,45,0,34,4
11,700,21.000000,0.000000,1,0,170785630,1256,44,1256,44,0,34,4
11,700,21.000000,0.000000,1,0,170785633,1258,44,1258,44,0,34,4
11,700,21.000000,0.000000,1,0,170785635,1260,44,1260,44,0,34,4
11,700,21.000000,0.000000,1,0,170785638,1261,44,1261,44,0,34,4
11,700,21.000000,0.000000,1,0,170785641,1262,44,1262,44,0,34,4
11,700,21.000000,0.000000,1,0,170785644,1264,44,1264,44,0,34,4
11,700,21.000000,0.000000,1,0,170785646,1265,44,1265,44,0,34,4
11,700,21.000000,0.000000,1,0,170785649,1266,44,1266,44,0,34,4
11,700,21.000000,0.000000,1,0,170785652,1266,43,1266,43,0,34,4
11,700,21.000000,0.000000,1,0,170785655,1267,43,1267,43,0,34,4
11,700,21.000000,0.000000,1,0,170785658,1268,43,1268,43,0,34,4
11,700,21.000000,0.000000,1,0,170785660,1269,43,1269,43,0,34,4
11,700,21.000000,0.000000,1,0,170785663,1270,43,1270,43,0,34,4
11,700,21.000000,0.000000,1,0,170785666,1271,43,1271,43,0,34,4
11,700,21.000000,0.000000,1,0,170785668,1272,43,1272,43,0,34,4
11,700,21.000000,0.000000,1,0,170785671,1274,43,1274,43,0,34,4
11,700,21.000000,0.000000,1,0,170785674,1275,43,1275,43,0,34,4
11,700,21.000000,0.000000,1,0,170785677,1276,43,1276,43,0,34,4
11,700,21.000000,0.000000,1,0,170785680,1278,43,1278,43,0,34,4
11,700,21.000000,0.000000,1,0,170785683,1279,42,1279,42,0,34,4
11,700,21.000000,0.000000,1,0,170785685,1281,41,1281,41,0,34,4
11,700,21.000000,0.000000,1,0,170785688,1281,41,1281,41,0,34,4
11,700,21.000000,0.000000,1,0,170785691,1282,40,1282,40,0,34,4
11,700,21.000000,0.000000,1,0,170785694,1283,40,1283,40,0,34,4
11,700,21.000000,0.000000,1,0,170785697,1284,40,1284,40,0,34,4
11,700,21.000000,0.000000,1,0,170785699,1285,40,1285,40,0,34,4
11,700,21.000000,0.000000,1,0,170785702,1286,40,1286,40,0,34,4
11,700,21.000000,0.000000,1,0,170785705,1286,40,1286,40,0,34,4
11,700,21.000000,0.000000,1,0,170785708,1287,40,1287,40,0,34,4
11,700,21.000000,0.000000,1,0,170785710,1288,40,1288,40,0,34,4
11,700,21.000000,0.000000,1,0,170785713,1289,40,1289,40,0,34,4
11,700,21.000000,0.000000,1,0,170785716,1290,40,1290,40,0,34,4
11,700,21.000000,0.000000,1,0,170785719,1290,40,1290,40,0,34,4
11,700,21.000000,0.000000,1,0,170785721,1291,40,1291,40,0,34,4
11,700,21.000000,0.000000,1,0,170785724,1291,40,1291,40,0,34,4
11,700,21.000000,0.000000,1,0,170785727,1291,40,1291,40,0,34,4
11,700,21.000000,0.000000,1,0,170785730,1292,40,1292,40,0,34,4
11,700,21.000000,0.000000,1,0,170785732,1292,40,1292,40,0,34,4
11,700,21.000000,0.000000,1,0,170785735,1292,40,1292,40,0,34,4
11,700,21.000000,0.000000,1,0,170785738,1293,39,1293,39,0,34,4
11,700,21.000000,0.000000,1,0,170785741,1294,38,1294,38,0,34,4
11,700,21.000000,0.000000,1,0,170785744,1294,38,1294,38,0,34,4
11,700,21.000000,0.000000,1,0,170785747,1294,38,1294,38,0,34,4
11,700,21.000000,0.000000,1,0,170785749,1295,38,1295,38,0,34,4
11,700,21.000000,0.000000,1,0,170785752,1296,38,1296,38,0,34,4
11,700,21.000000,0.000000,1,0,170785755,1296,38,1296,38,0,34,4
11,700,21.000000,0.000000,1,0,170785758,1296,38,1296,38,0,34,4
11,700,21.000000,0.000000,1,0,170785761,1296,38,1296,38,0,34,4
11,700,21.000000,0.000000,1,0,170785763,1296,37,1296,37,0,34,4
11,700,21.000000,0.000000,1,0,170785766,1297,37,1297,37,0,34,4
11,700,21.000000,0.000000,1,0,170785769,1298,37,1298,37,0,34,4
11,700,21.000000,0.000000,1,0,170785771,1298,36,1298,36,0,34,4
11,700,21.000000,0.000000,1,0,170785774,1299,36,1299,36,0,34,4
11,700,21.000000,0.000000,1,0,170785777,1301,35,1301,35,0,34,4
11,700,21.000000,0.000000,1,0,170785780,1301,34,1301,34,0,34,4
11,700,21.000000,0.000000,1,0,170785783,1301,33,1301,33,0,34,4
11,700,21.000000,0.000000,1,0,170785785,1301,32,1301,32,0,34,4
11,700,21.000000,0.000000,1,0,170785788,1302,32,1302,32,0,34,4
11,700,21.000000,0.000000,1,0,170785791,1302,31,1302,31,0,34,4
11,700,21.000000,0.000000,1,0,170785794,1302,30,1302,30,0,34,4
11,700,21.000000,0.000000,1,0,170785796,1302,29,1302,29,0,34,4
11,700,21.000000,0.000000,1,0,170785799,1303,28,1303,28,0,34,4
11,700,21.000000,0.000000,1,0,170785802,1304,27,1304,27,0,34,4
11,700,21.000000,0.000000,1,0,170785805,1304,27,1304,27,0,34,4
11,700,21.000000,0.000000,1,0,170785807,1304,25,1304,25,0,34,4
11,700,21.000000,0.000000,1,0,170785811,1304,24,1304,24,0,34,4
11,700,21.000000,0.000000,1,0,170785813,1304,23,1304,23,0,34,4
11,700,21.000000,0.000000,1,0,170785816,1304,23,1304,23,0,34,4
11,700,21.000000,0.000000,1,0,170785818,1305,22,1305,22,0,34,4
11,700,21.000000,0.000000,1,0,170785821,1306,21,1306,21,0,34,4
11,700,21.000000,0.000000,1,0,170785824,1306,20,1306,20,0,34,4
11,700,21.000000,0.000000,1,0,170785827,1306,19,1306,19,0,34,4
11,700,21.000000,0.000000,1,0,170785830,1306,18,1306,18,0,34,4
11,700,21.000000,0.000000,1,0,170785832,1307,17,1307,17,0,34,4
11,700,21.000000,0.000000,1,0,170785836,1307,16,1307,16,0,34,4
11,700,21.000000,0.000000,1,0,170785838,1307,15,1307,15,0,34,4
11,700,21.000000,0.000000,1,0,170785841,1307,15,1307,15,0,34,4
11,700,21.000000,0.000000,1,0,170785844,1308,14,1308,14,0,34,4
11,700,21.000000,0.000000,1,0,170785847,1309,13,1309,13,0,34,4
11,700,21.000000,0.000000,1,0,170785849,1309,12,1309,12,0,34,4
11,700,21.000000,0.000000,1,0,170785852,1309,11,1309,11,0,34,4
11,700,21.000000,0.000000,1,0,170785855,1311,11,1311,11,0,34,4
11,700,21.000000,0.000000,1,0,170785857,1313,10,1313,10,0,34,4
11,700,21.000000,0.000000,1,0,170785860,1313,9,1313,9,0,34,4
11,700,21.000000,0.000000,1,0,170785863,1313,8,1313,8,0,34,4
11,700,21.000000,0.000000,1,0,170785866,1313,8,1313,8,0,34,4
11,700,21.000000,0.000000,1,0,170785869,1313,8,1313,8,0,34,4
11,700,21.000000,0.000000,1,0,170785871,1313,7,1313,7,0,34,4
11,700,21.000000,0.000000,1,0,170785874,1313,7,1313,7,0,34,4
11,700,21.000000,0.000000,1,0,170785877,1313,7,1313,7,0,34,4
11,700,21.000000,0.000000,1,0,170785880,1313,7,1313,7,0,34,4
11,700,21.000000,0.000000,1,0,170785883,1313,7,1313,7,0,34,4
11,700,21.000000,0.000000,1,0,170785886,1313,7,1313,7,0,34,4
11,700,21.000000,0.000000,1,0,170785888,1313,7,1313,7,0,34,4
11,700,21.000000,0.000000,1,0,170785891,1313,7,1313,7,0,34,4
11,700,21.000000,0.000000,1,0,170785894,1313,7,1313,7,0,34,4
11,700,21.000000,0.000000,1,0,170785897,1313,7,1313,7,0,34,4
11,700,21.000000,0.000000,1,0,170785900,1313,7,1313,7,0,34,4
11,700,21.000000,0.000000,1,0,170785902,1313,7,1313,7,0,34,4
11,700,21.000000,0.000000,1,0,170785905,1313,7,1313,7,0,34,4
11,700,21.000000,0.000000,1,0,170785908,1313,7,1313,7,0,34,4
11,700,21.000000,0.000000,1,0,170785910,1313,7,1313,7,0,34,4
11,700,21.000000,0.000000,1,0,170785913,1313,7,1313,7,0,34,4
11,700,21.000000,0.000000,1,0,170785916,1313,7,1313,7,0,34,4
11,700,21.000000,0.000000,1,0,170785919,1313,7,1313,7,0,34,4
11,700,21.000000,0.000000,1,0,170785922,1313,7,1313,7,0,34,4
11,700,21.000000,0.000000,1,0,170785924,1313,7,1313,7,0,34,4
11,700,21.000000,0.000000,1,0,170785927,1313,7,1313,7,0,34,4
11,700,21.000000,0.000000,1,0,170785930,1313,7,1313,7,0,34,4
11,700,21.000000,0.000000,1,0,170785933,1313,7,1313,7,0,34,4
11,700,21.000000,0.000000,1,0,170785935,1313,7,1313,7,0,34,4
11,700,21.000000,0.000000,1,0,170785938,1313,7,1313,7,0,34,4
11,700,21.000000,0.000000,1,0,170785941,1313,7,1313,7,0,34,4
11,700,21.000000,0.000000,1,0,170785944,1313,7,1313,7,0,34,4
11,700,21.000000,0.000000,1,0,170785947,1313,7,1313,7,0,34,4
11,700,21.000000,0.000000,1,0,170785949,1313,7,1313,7,0,34,4
11,700,21.000000,0.000000,1,0,170785952,1313,7,1313,7,0,34,4
11,700,21.000000,0.000000,1,0,170785955,1313,7,1313,7,0,34,4
11,700,21.000000,0.000000,1,0,170785958,1313,7,1313,7,0,34,4
11,700,21.000000,0.000000,1,0,170785960,1313,7,1313,7,0,34,4
11,700,21.000000,0.000000,1,0,170785963,1313,7,1313,7,0,34,4
11,700,21.000000,0.000000,1,0,170785966,1313,7,1313,7,0,34,4
11,700,21.000000,0.000000,1,0,170785969,1313,7,1313,7,0,34,4
11,700,21.000000,0.000000,1,0,170785971,1313,7,1313,7,0,34,4
11,700,21.000000,0.000000,1,0,170785975,1313,7,1313,7,0,34,4
11,700,21.000000,0.000000,1,0,170785977,1313,7,1313,7,0,34,4
11,700,21.000000,0.000000,1,0,170785980,1313,7,1313,7,0,34,4
11,700,21.000000,0.000000,1,0,170785982,1313,7,1313,7,0,34,4
11,700,21.000000,0.000000,1,0,170785985,1313,7,1313,7,0,34,4
11,700,21.000000,0.000000,1,0,170785988,1313,7,1313,7,0,34,4
11,700,21.000000,0.000000,1,0,170785991,1313,7,1313,7,0,34,4
11,700,21.000000,0.000000,1,0,170785994,1313,7,1313,7,0,34,4
11,700,21.000000,0.000000,1,0,170785997,1313,7,1313,7,0,34,4
11,700,21.000000,0.000000,1,0,170785999,1313,7,1313,7,0,34,4
11,700,21.000000,0.000000,1,0,170786002,1313,7,1313,7,0,34,4
11,700,21.000000,0.000000,1,0,170786005,1313,7,1313,7,0,34,4
11,700,21.000000,0.000000,1,0,170786008,1313,7,1313,7,0,34,4
11,700,21.000000,0.000000,1,0,170786011,1313,7,1313,7,0,34,4
11,700,21.000000,0.000000,1,0,170786013,1313,7,1313,7,0,34,4
11,700,21.000000,0.000000,1,0,170786016,1313,7,1313,7,0,34,4
11,700,21.000000,0.000000,1,0,170786019,1313,7,1313,7,0,34,4
11,700,21.000000,0.000000,1,0,170786021,1313,7,1313,7,0,34,4
11,700,21.000000,0.000000,1,0,170786024,1313,7,1313,7,0,34,4
11,700,21.000000,0.000000,1,0,170786038,1313,7,1313,7,0,34,4
