11,350,21.000000,10000.000000,2,0,1230348891,793,0,793,0,0,52,5
11,350,21.000000,10000.000000,2,0,1230348891,793,0,793,0,0,52,5
11,350,21.000000,10000.000000,2,0,1230348894,793,0,793,0,0,52,5
11,350,21.000000,10000.000000,2,0,1230348897,793,0,793,0,0,52,5
11,350,21.000000,10000.000000,2,0,1230348900,793,0,793,0,0,52,5
11,350,21.000000,10000.000000,2,0,1230348903,793,0,793,0,0,52,5
11,350,21.000000,10000.000000,2,0,1230348906,793,0,793,0,0,52,5
11,350,21.000000,10000.000000,2,0,1230348908,793,0,793,0,0,52,5
11,350,21.000000,10000.000000,2,0,1230348911,793,0,793,0,0,52,5
11,350,21.000000,10000.000000,2,0,1230348913,793,0,793,0,0,52,5
11,350,21.000000,10000.000000,2,0,1230348916,793,0,793,0,0,52,5
11,350,21.000000,10000.000000,2,0,1230348919,793,0,793,0,0,52,5
11,350,21.000000,10000.000000,2,0,1230348922,793,0,793,0,0,52,5
11,350,21.000000,10000.000000,2,0,1230348925,793,0,793,0,0,52,5
11,350,21.000000,10000.000000,2,0,1230348928,793,0,793,0,0,52,5
11,350,21.000000,10000.000000,2,0,1230348930,793,0,793,0,0,52,5
11,350,21.000000,10000.000000,2,0,1230348933,793,0,793,0,0,52,5
11,350,21.000000,10000.000000,2,0,1230348936,793,0,793,0,0,52,5
11,350,21.000000,10000.000000,2,0,1230348938,793,0,793,0,0,52,5
11,350,21.000000,10000.000000,2,0,1230348941,793,0,793,0,0,52,5
11,350,21.000000,10000.000000,2,0,1230348944,793,0,793,0,0,52,5
11,350,21.000000,10000.000000,2,0,1230348947,793,0,793,0,0,52,5
11,350,21.000000,10000.000000,2,0,1230348950,793,0,793,0,0,52,5
11,350,21.000000,10000.000000,2,0,1230348953,793,0,793,0,0,52,5
11,350,21.000000,10000.000000,2,0,1230348955,793,0,793,0,0,52,5
11,350,21.000000,10000.000000,2,0,1230348958,793,0,793,0,0,52,5
11,350,21.000000,10000.000000,2,0,1230348961,793,0,793,0,0,52,5
11,350,21.000000,10000.000000,2,0,1230348964,793,0,793,0,0,52,5
11,350,21.000000,10000.000000,2,0,1230348967,793,0,793,0,0,52,5
11,350,21.000000,10000.000000,2,0,1230348969,793,0,793,0,0,52,5
11,350,21.000000,10000.000000,2,0,1230348972,793,0,793,0,0,52,5
11,350,21.000000,10000.000000,2,0,1230348975,793,0,793,0,0,52,5
11,350,21.000000,10000.000000,2,0,1230348977,793,0,793,0,0,52,5
11,350,21.000000,10000.000000,2,0,1230348980,793,0,793,0,0,52,5
11,350,21.000000,10000.000000,2,0,1230348983,793,0,793,0,0,52,5
11,350,21.000000,10000.000000,2,0,1230348986,793,0,793,0,0,52,5
11,350,21.000000,10000.000000,2,0,1230348989,793,0,793,0,0,52,5
11,350,21.000000,10000.000000,2,0,1230348991,793,0,793,0,0,52,5
11,350,21.000000,10000.000000,2,0,1230348994,793,0,793,0,0,52,5
11,350,21.000000,10000.000000,2,0,1230348997,793,0,793,0,0,52,5
11,350,21.000000,10000.000000,2,0,1230349000,793,0,793,0,0,52,5
11,350,21.000000,10000.000000,2,0,1230349003,793,0,793,0,0,52,5
11,350,21.000000,10000.000000,2,0,1230349005,793,0,793,0,0,52,5
11,350,21.000000,10000.000000,2,0,1230349008,793,0,793,0,0,52,5
11,350,21.000000,10000.000000,2,0,1230349011,793,0,793,0,0,52,5
11,350,21.000000,10000.000000,2,0,1230349014,793,0,793,0,0,52,5
11,350,21.000000,10000.000000,2,0,1230349016,793,0,793,0,0,52,5
11,350,21.000000,10000.000000,2,0,1230349019,793,0,793,0,0,52,5
11,350,21.000000,10000.000000,2,0,1230349022,793,0,793,0,0,52,5
11,350,21.000000,10000.000000,2,0,1230349025,794,1,794,1,0,52,5
11,350,21.000000,10000.000000,2,0,1230349028,795,2,795,2,0,52,5
11,350,21.000000,10000.000000,2,0,1230349030,796,2,796,2,0,52,5
11,350,21.000000,10000.000000,2,0,1230349033,797,2,797,2,0,52,5
11,350,21.000000,10000.000000,2,0,1230349036,798,2,798,2,0,52,5
11,350,21.000000,10000.000000,2,0,1230349039,799,2,799,2,0,52,5
11,350,21.000000,10000.000000,2,0,1230349042,800,2,800,2,0,52,5
11,350,21.000000,10000.000000,2,0,1230349045,802,2,802,2,0,52,5
11,350,21.000000,10000.000000,2,0,1230349047,804,2,804,2,0,52,5
11,350,21.000000,10000.000000,2,0,1230349050,806,2,806,2,0,52,5
11,350,21.000000,10000.000000,2,0,1230349052,808,2,808,2,0,52,5
11,350,21.000000,10000.000000,2,0,1230349055,812,2,812,2,0,52,5
11,350,21.000000,10000.000000,2,0,1230349058,814,2,814,2,0,52,5
11,350,21.000000,10000.000000,2,0,1230349061,817,2,817,2,0,52,5
11,350,21.000000,10000.000000,2,0,1230349064,820,2,820,2,0,52,5
11,350,21.000000,10000.000000,2,0,1230349066,826,2,826,2,0,52,5
11,350,21.000000,10000.000000,2,0,1230349069,830,2,830,2,0,52,5
11,350,21.000000,10000.000000,2,0,1230349072,834,2,834,2,0,52,5
11,350,21.000000,10000.000000,2,0,1230349075,841,2,841,2,0,52,5
11,350,21.000000,10000.000000,2,0,1230349077,847,2,847,2,0,52,5
11,350,21.000000,10000.000000,2,0,1230349080,854,3,854,3,0,52,5
11,350,21.000000,10000.000000,2,0,1230349083,861,3,861,3,0,52,5
11,350,21.000000,10000.000000,2,0,1230349086,869,3,869,3,0,52,5
11,350,21.000000,10000.000000,2,0,1230349089,877,2,877,2,0,52,5
11,350,21.000000,10000.000000,2,0,1230349091,885,2,885,2,0,52,5
11,350,21.000000,10000.000000,2,0,1230349095,894,2,894,2,0,52,5
11,350,21.000000,10000.000000,2,0,1230349097,904,2,904,2,0,52,5
11,350,21.000000,10000.000000,2,0,1230349100,912,2,912,2,0,52,5
11,350,21.000000,10000.000000,2,0,1230349102,920,2,920,2,0,52,5
11,350,21.000000,10000.000000,2,0,1230349105,928,2,928,2,0,52,5
11,350,21.000000,10000.000000,2,0,1230349108,935,2,935,2,0,52,5
11,350,21.000000,10000.000000,2,0,1230349111,943,2,943,2,0,52,5
11,350,21.000000,10000.000000,2,0,1230349114,953,2,953,2,0,52,5
11,350,21.000000,10000.000000,2,0,1230349116,959,2,959,2,0,52,5
11,350,21.000000,10000.000000,2,0,1230349119,966,2,966,2,0,52,5
11,350,21.000000,10000.000000,2,0,1230349122,970,2,970,2,0,52,5
11,350,21.000000,10000.000000,2,0,1230349125,977,2,977,2,0,52,5
11,350,21.000000,10000.000000,2,0,1230349128,981,2,981,2,0,52,5
11,350,21.000000,10000.000000,2,0,1230349131,988,2,988,2,0,52,5
11,350,21.000000,10000.000000,2,0,1230349133,992,2,992,2,0,52,5
11,350,21.000000,10000.000000,2,0,1230349136,995,2,995,2,0,52,5
11,350,21.000000,10000.000000,2,0,1230349139,1000,2,1000,2,0,52,5
11,350,21.000000,10000.000000,2,0,1230349142,1004,2,1004,2,0,52,5
11,350,21.000000,10000.000000,2,0,1230349144,1007,2,1007,2,0,52,5
11,350,21.000000,10000.000000,2,0,1230349147,1011,2,1011,2,0,52,5
11,350,21.000000,10000.000000,2,0,1230349150,1016,2,1016,2,0,52,5
11,350,21.000000,10000.000000,2,0,1230349153,1019,2,1019,2,0,52,5
11,350,21.000000,10000.000000,2,0,1230349156,1022,2,1022,2,0,52,5
11,350,21.000000,10000.000000,2,0,1230349159,1025,2,1025,2,0,52,5
11,350,21.000000,10000.000000,2,0,1230349161,1029,1,1029,1,0,52,5
11,350,21.000000,10000.000000,2,0,1230349164,1031,1,1031,1,0,52,5
11,350,21.000000,10000.000000,2,0,1230349167,1034,1,1034,1,0,52,5
11,350,21.000000,10000.000000,2,0,1230349169,1036,1,1036,1,0,52,5
11,350,21.000000,10000.000000,2,0,1230349172,1037,1,1037,1,0,52,5
11,350,21.000000,10000.000000,2,0,1230349175,1039,1,1039,1,0,52,5
11,350,21.000000,10000.000000,2,0,1230349178,1040,0,1040,0,0,52,5
11,350,21.000000,10000.000000,2,0,1230349181,1041,0,1041,0,0,52,5
11,350,21.000000,10000.000000,2,0,1230349184,1042,0,1042,0,0,52,5
11,350,21.000000,10000.000000,2,0,1230349186,1044,0,1044,0,0,52,5
11,350,21.000000,10000.000000,2,0,1230349189,1044,0,1044,0,0,52,5
11,350,21.000000,10000.000000,2,0,1230349192,1045,0,1045,0,0,52,5
11,350,21.000000,10000.000000,2,0,1230349195,1046,0,1046,0,0,52,5
11,350,21.000000,10000.000000,2,0,1230349198,1047,0,1047,0,0,52,5
11,350,21.000000,10000.000000,2,0,1230349200,1048,0,1048,0,0,52,5
11,350,21.000000,10000.000000,2,0,1230349203,1049,0,1049,0,0,52,5
11,350,21.000000,10000.000000,2,0,1230349206,1049,0,1049,0,0,52,5
11,350,21.000000,10000.000000,2,0,1230349209,1049,0,1049,0,0,52,5
11,350,21.000000,10000.000000,2,0,1230349211,1049,0,1049,0,0,52,5
11,350,21.000000,10000.000000,2,0,1230349214,1049,0,1049,0,0,52,5
11,350,21.000000,10000.000000,2,0,1230349217,1049,0,1049,0,0,52,5
11,350,21.000000,10000.000000,2,0,1230349219,1049,0,1049,0,0,52,5
11,350,21.000000,10000.000000,2,0,1230349223,1049,0,1049,0,0,52,5
11,350,21.000000,10000.000000,2,0,1230349225,1049,0,1049,0,0,52,5
11,350,21.000000,10000.000000,2,0,1230349228,1049,0,1049,-1,0,52,5
11,350,21.000000,10000.000000,2,0,1230349231,1049,0,1049,-1,0,52,5
11,350,21.000000,10000.000000,2,0,1230349233,1050,0,1050,-1,0,52,5
11,350,21.000000,10000.000000,2,0,1230349236,1053,0,1053,-1,0,52,5
11,350,21.000000,10000.000000,2,0,1230349239,1053,0,1053,-1,0,52,5
11,350,21.000000,10000.000000,2,0,1230349242,1055,0,1055,-1,0,52,5
11,350,21.000000,10000.000000,2,0,1230349244,1057,0,1057,-1,0,52,5
11,350,21.000000,10000.000000,2,0,1230349247,1057,0,1057,-1,0,52,5
11,350,21.000000,10000.000000,2,0,1230349250,1058,0,1058,-1,0,52,5
11,350,21.000000,10000.000000,2,0,1230349253,1059,0,1059,-1,0,52,5
11,350,21.000000,10000.000000,2,0,1230349256,1062,0,1062,-1,0,52,5
11,350,21.000000,10000.000000,2,0,1230349258,1063,0,1063,-1,0,52,5
11,350,21.000000,10000.000000,2,0,1230349261,1064,0,1064,-1,0,52,5
11,350,21.000000,10000.000000,2,0,1230349264,1065,0,1065,-1,0,52,5
11,350,21.000000,10000.000000,2,0,1230349267,1066,0,1066,-1,0,52,5
11,350,21.000000,10000.000000,2,0,1230349269,1069,0,1069,-1,0,52,5
11,350,21.000000,10000.000000,2,0,1230349272,1070,0,1070,-1,0,52,5
11,350,21.000000,10000.000000,2,0,1230349275,1071,0,1071,-1,0,52,5
11,350,21.000000,10000.000000,2,0,1230349278,1072,0,1072,-1,0,52,5
11,350,21.000000,10000.000000,2,0,1230349280,1073,0,1073,-1,0,52,5
11,350,21.000000,10000.000000,2,0,1230349284,1075,0,1075,-1,0,52,5
11,350,21.000000,10000.000000,2,0,1230349286,1078,0,1078,-1,0,52,5
11,350,21.000000,10000.000000,2,0,1230349289,1079,0,1079,-1,0,52,5
11,350,21.000000,10000.000000,2,0,1230349292,1080,0,1080,-1,0,52,5
11,350,21.000000,10000.000000,2,0,1230349295,1081,0,1081,-1,0,52,5
11,350,21.000000,10000.000000,2,0,1230349297,1082,0,1082,-1,0,52,5
11,350,21.000000,10000.000000,2,0,1230349300,1083,0,1083,-1,0,52,5
11,350,21.000000,10000.000000,2,0,1230349303,1084,0,1084,-1,0,52,5
11,350,21.000000,10000.000000,2,0,1230349305,1085,0,1085,-1,0,52,5
11,350,21.000000,10000.000000,2,0,1230349308,1086,0,1086,-1,0,52,5
11,350,21.000000,10000.000000,2,0,1230349311,1087,0,1087,-1,0,52,5
11,350,21.000000,10000.000000,2,0,1230349314,1088,0,1088,-1,0,52,5
11,350,21.000000,10000.000000,2,0,1230349317,1089,0,1089,-1,0,52,5
11,350,21.000000,10000.000000,2,0,1230349319,1090,0,1090,-1,0,52,5
11,350,21.000000,10000.000000,2,0,1230349322,1091,0,1091,-1,0,52,5
11,350,21.000000,10000.000000,2,0,1230349325,1091,0,1091,-1,0,52,5
11,350,21.000000,10000.000000,2,0,1230349328,1092,0,1092,-1,0,52,5
11,350,21.000000,10000.000000,2,0,1230349330,1093,0,1093,-1,0,52,5
11,350,21.000000,10000.000000,2,0,1230349333,1094,0,1094,-1,0,52,5
11,350,21.000000,10000.000000,2,0,1230349336,1096,0,1096,-1,0,52,5
11,350,21.000000,10000.000000,2,0,1230349339,1097,0,1097,-1,0,52,5
11,350,21.000000,10000.000000,2,0,1230349342,1098,0,1098,-1,0,52,5
11,350,21.000000,10000.000000,2,0,1230349345,1099,0,1099,-1,0,52,5
11,350,21.000000,10000.000000,2,0,1230349347,1100,0,1100,-1,0,52,5
11,350,21.000000,10000.000000,2,0,1230349350,1102,0,1102,-1,0,52,5
11,350,21.000000,10000.000000,2,0,1230349353,1104,0,1104,-1,0,52,5
11,350,21.000000,10000.000000,2,0,1230349355,1105,0,1105,-1,0,52,5
11,350,21.000000,10000.000000,2,0,1230349358,1106,0,1106,-1,0,52,5
11,350,21.000000,10000.000000,2,0,1230349361,1107,0,1107,-1,0,52,5
11,350,21.000000,10000.000000,2,0,1230349364,1109,0,1109,-1,0,52,5
11,350,21.000000,10000.000000,2,0,1230349367,1110,0,1110,-1,0,52,5
11,350,21.000000,10000.000000,2,0,1230349369,1111,0,1111,-1,0,52,5
11,350,21.000000,10000.000000,2,0,1230349372,1112,0,1112,-1,0,52,5
11,350,21.000000,10000.000000,2,0,1230349375,1113,0,1113,-1,0,52,5
11,350,21.000000,10000.000000,2,0,1230349378,1114,0,1114,-1,0,52,5
11,350,21.000000,10000.000000,2,0,1230349380,1115,0,1115,-1,0,52,5
11,350,21.000000,10000.000000,2,0,1230349383,1116,0,1116,-1,0,52,5
11,350,21.000000,10000.000000,2,0,1230349386,1118,0,1118,-1,0,52,5
11,350,21.000000,10000.000000,2,0,1230349389,1119,0,1119,-1,0,52,5
11,350,21.000000,10000.000000,2,0,1230349392,1121,0,1121,-1,0,52,5
11,350,21.000000,10000.000000,2,0,1230349395,1122,0,1122,-1,0,52,5
11,350,21.000000,10000.000000,2,0,1230349397,1123,0,1123,-1,0,52,5
11,350,21.000000,10000.000000,2,0,1230349400,1124,0,1124,-1,0,52,5
11,350,21.000000,10000.000000,2,0,1230349403,1125,0,1125,-1,0,52,5
11,350,21.000000,10000.000000,2,0,1230349405,1125,0,1125,-1,0,52,5
11,350,21.000000,10000.000000,2,0,1230349409,1125,0,1125,-1,0,52,5
11,350,21.000000,10000.000000,2,0,1230349411,1125,0,1125,-1,0,52,5
11,350,21.000000,10000.000000,2,0,1230349414,1127,0,1127,-1,0,52,5
11,350,21.000000,10000.000000,2,0,1230349417,1127,0,1127,-1,0,52,5
11,350,21.000000,10000.000000,2,0,1230349420,1127,0,1127,-1,0,52,5
11,350,21.000000,10000.000000,2,0,1230349422,1127,0,1127,-1,0,52,5
11,350,21.000000,10000.000000,2,0,1230349425,1127,0,1127,-1,0,52,5
11,350,21.000000,10000.000000,2,0,1230349428,1127,0,1127,-1,0,52,5
11,350,21.000000,10000.000000,2,0,1230349431,1127,0,1127,-2,0,52,5
11,350,21.000000,10000.000000,2,0,1230349433,1127,0,1127,-3,0,52,5
11,350,21.000000,10000.000000,2,0,1230349436,1127,0,1127,-3,0,52,5
11,350,21.000000,10000.000000,2,0,1230349439,1127,0,1127,-3,0,52,5
11,350,21.000000,10000.000000,2,0,1230349442,1127,0,1127,-3,0,52,5
11,350,21.000000,10000.000000,2,0,1230349445,1127,0,1127,-3,0,52,5
11,350,21.000000,10000.000000,2,0,1230349447,1127,0,1127,-3,0,52,5
11,350,21.000000,10000.000000,2,0,1230349450,1127,0,1127,-3,0,52,5
11,350,21.000000,10000.000000,2,0,1230349453,1127,0,1127,-3,0,52,5
11,350,21.000000,10000.000000,2,0,1230349456,1127,0,1127,-3,0,52,5
11,350,21.000000,10000.000000,2,0,1230349459,1127,0,1127,-3,0,52,5
11,350,21.000000,10000.000000,2,0,1230349461,1127,0,1127,-3,0,52,5
11,350,21.000000,10000.000000,2,0,1230349464,1127,0,1127,-3,0,52,5
11,350,21.000000,10000.000000,2,0,1230349467,1127,0,1127,-3,0,52,5
11,350,21.000000,10000.000000,2,0,1230349470,1127,0,1127,-3,0,52,5
11,350,21.000000,10000.000000,2,0,1230349473,1127,0,1127,-3,0,52,5
11,350,21.000000,10000.000000,2,0,1230349475,1127,0,1127,-3,0,52,5
11,350,21.000000,10000.000000,2,0,1230349478,1127,0,1127,-3,0,52,5
11,350,21.000000,10000.000000,2,0,1230349481,1127,0,1127,-3,0,52,5
11,350,21.000000,10000.000000,2,0,1230349484,1127,0,1127,-3,0,52,5
11,350,21.000000,10000.000000,2,0,1230349487,1127,0,1127,-3,0,52,5
11,350,21.000000,10000.000000,2,0,1230349489,1127,0,1127,-3,0,52,5
11,350,21.000000,10000.000000,2,0,1230349492,1127,0,1127,-3,0,52,5
11,350,21.000000,10000.000000,2,0,1230349494,1127,0,1127,-3,0,52,5
11,350,21.000000,10000.000000,2,0,1230349497,1128,0,1128,-3,0,52,5
11,350,21.000000,10000.000000,2,0,1230349500,1129,0,1129,-3,0,52,5
11,350,21.000000,10000.000000,2,0,1230349503,1129,0,1129,-3,0,52,5
11,350,21.000000,10000.000000,2,0,1230349506,1129,0,1129,-3,0,52,5
11,350,21.000000,10000.000000,2,0,1230349508,1130,0,1130,-3,0,52,5
11,350,21.000000,10000.000000,2,0,1230349511,1131,0,1131,-3,0,52,5
11,350,21.000000,10000.000000,2,0,1230349514,1131,0,1131,-3,0,52,5
11,350,21.000000,10000.000000,2,0,1230349517,1131,0,1131,-3,0,52,5
11,350,21.000000,10000.000000,2,0,1230349519,1131,0,1131,-3,0,52,5
11,350,21.000000,10000.000000,2,0,1230349522,1132,0,1132,-3,0,52,5
11,350,21.000000,10000.000000,2,0,1230349525,1133,0,1133,-3,0,52,5
11,350,21.000000,10000.000000,2,0,1230349528,1133,0,1133,-3,0,52,5
11,350,21.000000,10000.000000,2,0,1230349531,1133,0,1133,-3,0,52,5
11,350,21.000000,10000.000000,2,0,1230349533,1133,0,1133,-3,0,52,5
11,350,21.000000,10000.000000,2,0,1230349536,1133,0,1133,-3,0,52,5
11,350,21.000000,10000.000000,2,0,1230349539,1133,0,1133,-3,0,52,5
11,350,21.000000,10000.000000,2,0,1230349542,1133,0,1133,-3,0,52,5
11,350,21.000000,10000.000000,2,0,1230349545,1133,0,1133,-3,0,52,5
11,350,21.000000,10000.000000,2,0,1230349548,1133,0,1133,-3,0,52,5
11,350,21.000000,10000.000000,2,0,1230349550,1133,0,1133,-3,0,52,5
11,350,21.000000,10000.000000,2,0,1230349553,1133,0,1133,-3,0,52,5
11,350,21.000000,10000.000000,2,0,1230349556,1133,0,1133,-3,0,52,5
11,350,21.000000,10000.000000,2,0,1230349559,1133,0,1133,-3,0,52,5
11,350,21.000000,10000.000000,2,0,1230349561,1133,0,1133,-3,0,52,5
11,350,21.000000,10000.000000,2,0,1230349564,1133,0,1133,-3,0,52,5
11,350,21.000000,10000.000000,2,0,1230349567,1133,0,1133,-3,0,52,5
11,350,21.000000,10000.000000,2,0,1230349570,1133,0,1133,-3,0,52,5
11,350,21.000000,10000.000000,2,0,1230349572,1133,0,1133,-3,0,52,5
11,350,21.000000,10000.000000,2,0,1230349575,1133,0,1133,-3,0,52,5
11,350,21.000000,10000.000000,2,0,1230349578,1133,0,1133,-3,0,52,5
11,350,21.000000,10000.000000,2,0,1230349581,1133,0,1133,-3,0,52,5
11,350,21.000000,10000.000000,2,0,1230349584,1133,0,1133,-3,0,52,5
11,350,21.000000,10000.000000,2,0,1230349586,1133,0,1133,-3,0,52,5
11,350,21.000000,10000.000000,2,0,1230349589,1133,0,1133,-3,0,52,5
11,350,21.000000,10000.000000,2,0,1230349592,1133,0,1133,-3,0,52,5
11,350,21.000000,10000.000000,2,0,1230349595,1133,0,1133,-3,0,52,5
11,350,21.000000,10000.000000,2,0,1230349597,1133,0,1133,-3,0,52,5
11,350,21.000000,10000.000000,2,0,1230349601,1133,0,1133,-3,0,52,5
11,350,21.000000,10000.000000,2,0,1230349603,1133,0,1133,-3,0,52,5
11,350,21.000000,10000.000000,2,0,1230349606,1133,0,1133,-3,0,52,5
11,350,21.000000,10000.000000,2,0,1230349609,1133,0,1133,-3,0,52,5
11,350,21.000000,10000.000000,2,0,1230349612,1133,0,1133,-3,0,52,5
11,350,21.000000,10000.000000,2,0,1230349614,1133,0,1133,-3,0,52,5
11,350,21.000000,10000.000000,2,0,1230349617,1133,0,1133,-3,0,52,5
11,350,21.000000,10000.000000,2,0,1230349620,1133,0,1133,-3,0,52,5
11,350,21.000000,10000.000000,2,0,1230349623,1133,0,1133,-3,0,52,5
11,350,21.000000,10000.000000,2,0,1230349625,1133,0,1133,-3,0,52,5
11,350,21.000000,10000.000000,2,0,1230349628,1133,0,1133,-3,0,52,5
11,350,21.000000,10000.000000,2,0,1230349631,1133,0,1133,-3,0,52,5
11,350,21.000000,10000.000000,2,0,1230349633,1133,0,1133,-3,0,52,5
11,350,21.000000,10000.000000,2,0,1230349636,1133,0,1133,-3,0,52,5
11,350,21.000000,10000.000000,2,0,1230349639,1133,0,1133,-3,0,52,5
11,350,21.000000,10000.000000,2,0,1230349642,1133,0,1133,-3,0,52,5
11,350,21.000000,10000.000000,2,0,1230349645,1133,0,1133,-3,0,52,5
11,350,21.000000,10000.000000,2,0,1230349648,1133,0,1133,-3,0,52,5
11,350,21.000000,10000.000000,2,0,1230349650,1133,0,1133,-3,0,52,5
11,350,21.000000,10000.000000,2,0,1230349653,1133,0,1133,-3,0,52,5
11,350,21.000000,10000.000000,2,0,1230349656,1133,0,1133,-3,0,52,5
11,350,21.000000,10000.000000,2,0,1230349658,1133,0,1133,-3,0,52,5
11,350,21.000000,10000.000000,2,0,1230349661,1133,0,1133,-3,0,52,5
11,350,21.000000,10000.000000,2,0,1230349664,1133,0,1133,-3,0,52,5
11,350,21.000000,10000.000000,2,0,1230349667,1133,0,1133,-3,0,52,5
11,350,21.000000,10000.000000,2,0,1230349670,1133,0,1133,-3,0,52,5
11,350,21.000000,10000.000000,2,0,1230349684,1133,0,1133,-3,0,52,5
