11,350,21.000000,42.000000,1,0,5852179,793,10,793,10,0,66,2,0
11,350,21.000000,42.000000,1,0,5852180,793,10,793,10,0,66,2,0
11,350,21.000000,42.000000,1,0,5852182,793,10,793,10,0,66,2,0
11,350,21.000000,42.000000,1,0,5852185,793,10,793,10,0,66,2,0
11,350,21.000000,42.000000,1,0,5852188,793,10,793,10,0,66,2,0
11,350,21.000000,42.000000,1,0,5852191,793,10,793,10,0,66,2,0
11,350,21.000000,42.000000,1,0,5852193,793,10,793,10,0,66,2,0
11,350,21.000000,42.000000,1,0,5852196,793,10,793,10,0,66,2,0
11,350,21.000000,42.000000,1,0,5852199,793,10,793,10,0,66,2,0
11,350,21.000000,42.000000,1,0,5852202,793,10,793,10,0,66,2,0
11,350,21.000000,42.000000,1,0,5852205,793,10,793,10,0,66,2,0
11,350,21.000000,42.000000,1,0,5852207,793,10,793,10,0,66,2,0
11,350,21.000000,42.000000,1,0,5852210,793,10,793,10,0,66,2,0
11,350,21.000000,42.000000,1,0,5852213,793,10,793,10,0,66,2,0
11,350,21.000000,42.000000,1,0,5852216,793,10,793,10,0,66,2,0
11,350,21.000000,42.000000,1,0,5852218,793,10,793,10,0,66,2,0
11,350,21.000000,42.000000,1,0,5852221,793,10,793,10,0,66,2,0
11,350,21.000000,42.000000,1,0,5852224,793,10,793,10,0,66,2,0
11,350,21.000000,42.000000,1,0,5852227,793,10,793,10,0,66,2,0
11,350,21.000000,42.000000,1,0,5852230,793,10,793,10,0,66,2,0
11,350,21.000000,42.000000,1,0,5852232,793,10,793,10,0,66,2,0
11,350,21.000000,42.000000,1,0,5852235,793,10,793,10,0,66,2,0
11,350,21.000000,42.000000,1,0,5852238,793,10,793,10,0,66,2,0
11,350,21.000000,42.000000,1,0,5852241,793,10,793,10,0,66,2,0
11,350,21.000000,42.000000,1,0,5852243,793,10,793,10,0,66,2,0
11,350,21.000000,42.000000,1,0,5852246,793,10,793,10,0,66,2,0
11,350,21.000000,42.000000,1,0,5852249,793,10,793,10,0,66,2,0
11,350,21.000000,42.000000,1,0,5852252,793,10,793,10,0,66,2,0
11,350,21.000000,42.000000,1,0,5852255,793,10,793,10,0,66,2,0
11,350,21.000000,42.000000,1,0,5852257,793,10,793,10,0,66,2,0
11,350,21.000000,42.000000,1,0,5852260,793,10,793,10,0,66,2,0
11,350,21.000000,42.000000,1,0,5852263,793,10,793,10,0,66,2,0
11,350,21.000000,42.000000,1,0,5852266,793,10,793,10,0,66,2,0
11,350,21.000000,42.000000,1,0,5852268,793,10,793,10,0,66,2,0
11,350,21.000000,42.000000,1,0,5852271,793,10,793,10,0,66,2,0
11,350,21.000000,42.000000,1,0,5852274,793,10,793,10,0,66,2,0
11,350,21.000000,42.000000,1,0,5852277,793,10,793,10,0,66,2,0
11,350,21.000000,42.000000,1,0,5852280,793,10,793,10,0,66,2,0
11,350,21.000000,42.000000,1,0,5852283,793,10,793,10,0,66,2,0
11,350,21.000000,42.000000,1,0,5852285,794,10,794,10,0,66,2,0
11,350,21.000000,42.000000,1,0,5852288,795,10,795,10,0,66,2,0
11,350,21.000000,42.000000,1,0,5852291,796,10,796,10,0,66,2,0
11,350,21.000000,42.000000,1,0,5852294,797,10,797,10,0,66,2,0
11,350,21.000000,42.000000,1,0,5852297,799,10,799,10,0,66,2,0
11,350,21.000000,42.000000,1,0,5852299,800,10,800,10,0,66,2,0
11,350,21.000000,42.000000,1,0,5852302,801,10,801,10,0,66,2,0
11,350,21.000000,42.000000,1,0,5852305,803,10,803,10,0,66,2,0
11,350,21.000000,42.000000,1,0,5852307,804,10,804,10,0,66,2,0
11,350,21.000000,42.000000,1,0,5852310,806,10,806,10,0,66,2,0
11,350,21.000000,42.000000,1,0,5852313,808,10,808,10,0,66,2,0
11,350,21.000000,42.000000,1,0,5852316,810,10,810,10,0,66,2,0
11,350,21.000000,42.000000,1,0,5852319,812,10,812,10,0,66,2,0
11,350,21.000000,42.000000,1,0,5852321,813,10,813,10,0,66,2,0
11,350,21.000000,42.000000,1,0,5852324,815,10,815,10,0,66,2,0
11,350,21.000000,42.000000,1,0,5852327,818,11,818,11,0,66,2,0
11,350,21.000000,42.000000,1,0,5852330,821,11,821,11,0,66,2,0
11,350,21.000000,42.000000,1,0,5852332,825,11,825,11,0,66,2,0
11,350,21.000000,42.000000,1,0,5852335,828,11,828,11,0,66,2,0
11,350,21.000000,42.000000,1,0,5852338,832,11,832,11,0,66,2,0
11,350,21.000000,42.000000,1,0,5852341,836,11,836,11,0,66,2,0
11,350,21.000000,42.000000,1,0,5852343,840,12,840,12,0,66,2,0
11,350,21.000000,42.000000,1,0,5852346,845,12,845,12,0,66,2,0
11,350,21.000000,42.000000,1,0,5852349,850,13,850,13,0,66,2,0
11,350,21.000000,42.000000,1,0,5852352,855,13,855,13,0,66,2,0
11,350,21.000000,42.000000,1,0,5852355,861,13,861,13,0,66,2,0
11,350,21.000000,42.000000,1,0,5852357,871,13,871,13,0,66,2,0
11,350,21.000000,42.000000,1,0,5852360,877,14,877,14,0,66,2,0
11,350,21.000000,42.000000,1,0,5852363,883,15,883,15,0,66,2,0
11,350,21.000000,42.000000,1,0,5852366,888,15,888,15,0,66,2,0
11,350,21.000000,42.000000,1,0,5852368,896,16,896,16,0,66,2,0
11,350,21.000000,42.000000,1,0,5852371,903,17,903,17,0,66,2,0
11,350,21.000000,42.000000,1,0,5852374,914,18,914,18,0,66,2,0
11,350,21.000000,42.000000,1,0,5852377,925,19,925,19,0,66,2,0
11,350,21.000000,42.000000,1,0,5852380,930,20,930,20,0,66,2,0
11,350,21.000000,42.000000,1,0,5852382,941,21,941,21,0,66,2,0
11,350,21.000000,42.000000,1,0,5852385,951,21,951,21,0,66,2,0
11,350,21.000000,42.000000,1,0,5852388,961,22,961,22,0,66,2,0
11,350,21.000000,42.000000,1,0,5852391,971,23,971,23,0,66,2,0
11,350,21.000000,42.000000,1,0,5852394,986,24,986,24,0,66,2,0
11,350,21.000000,42.000000,1,0,5852396,999,25,999,25,0,66,2,0
11,350,21.000000,42.000000,1,0,5852399,1009,26,1009,26,0,66,2,0
11,350,21.000000,42.000000,1,0,5852402,1022,27,1022,27,0,66,2,0
11,350,21.000000,42.000000,1,0,5852405,1031,28,1031,28,0,66,2,0
11,350,21.000000,42.000000,1,0,5852407,1044,29,1044,29,0,66,2,0
11,350,21.000000,42.000000,1,0,5852410,1053,30,1053,30,0,66,2,0
11,350,21.000000,42.000000,1,0,5852413,1060,30,1060,30,0,66,2,0
11,350,21.000000,42.000000,1,0,5852416,1070,31,1070,31,0,66,2,0
11,350,21.000000,42.000000,1,0,5852418,1083,32,1083,32,0,66,2,0
11,350,21.000000,42.000000,1,0,5852421,1095,32,1095,32,0,66,2,0
11,350,21.000000,42.000000,1,0,5852424,1100,33,1100,33,0,66,2,0
11,350,21.000000,42.000000,1,0,5852427,1111,34,1111,34,0,66,2,0
11,350,21.000000,42.000000,1,0,5852430,1118,34,1118,34,0,66,2,0
11,350,21.000000,42.000000,1,0,5852432,1122,34,1122,34,0,66,2,0
11,350,21.000000,42.000000,1,0,5852435,1132,35,1132,35,0,66,2,0
11,350,21.000000,42.000000,1,0,5852438,1138,35,1138,35,0,66,2,0
11,350,21.000000,42.000000,1,0,5852441,1141,35,1141,35,0,66,2,0
11,350,21.000000,42.000000,1,0,5852444,1147,35,1147,35,0,66,2,0
11,350,21.000000,42.000000,1,0,5852446,1151,35,1151,35,0,66,2,0
11,350,21.000000,42.000000,1,0,5852449,1153,35,1153,35,0,66,2,0
11,350,21.000000,42.000000,1,0,5852452,1157,35,1157,35,0,66,2,0
11,350,21.000000,42.000000,1,0,5852455,1161,35,1161,35,0,66,2,0
11,350,21.000000,42.000000,1,0,5852457,1164,35,1164,35,0,66,2,0
11,350,21.000000,42.000000,1,0,5852460,1166,35,1166,35,0,66,2,0
11,350,21.000000,42.000000,1,0,5852463,1167,35,1167,35,0,66,2,0
11,350,21.000000,42.000000,1,0,5852466,1168,35,1168,35,0,66,2,0
11,350,21.000000,42.000000,1,0,5852469,1168,34,1168,34,0,66,2,0
11,350,21.000000,42.000000,1,0,5852471,1169,34,1169,34,0,66,2,0
11,350,21.000000,42.000000,1,0,5852474,1170,34,1170,34,0,66,2,0
11,350,21.000000,42.000000,1,0,5852477,1170,34,1170,34,0,66,2,0
11,350,21.000000,42.000000,1,0,5852480,1170,34,1170,34,0,66,2,0
11,350,21.000000,42.000000,1,0,5852482,1170,33,1170,33,0,66,2,0
11,350,21.000000,42.000000,1,0,5852485,1170,32,1170,32,0,66,2,0
11,350,21.000000,42.000000,1,0,5852488,1170,32,1170,32,0,66,2,0
11,350,21.000000,42.000000,1,0,5852491,1170,32,1170,32,0,66,2,0
11,350,21.000000,42.000000,1,0,5852494,1170,32,1170,32,0,66,2,0
11,350,21.000000,42.000000,1,0,5852497,1170,31,1170,31,0,66,2,0
11,350,21.000000,42.000000,1,0,5852499,1169,31,1169,31,0,66,2,0
11,350,21.000000,42.000000,1,0,5852502,1168,31,1168,31,0,66,2,0
11,350,21.000000,42.000000,1,0,5852505,1167,31,1167,31,0,66,2,0
11,350,21.000000,42.000000,1,0,5852508,1166,31,1166,31,0,66,2,0
11,350,21.000000,42.000000,1,0,5852510,1165,31,1165,31,0,66,2,0
11,350,21.000000,42.000000,1,0,5852513,1165,30,1165,30,0,66,2,0
11,350,21.000000,42.000000,1,0,5852516,1164,30,1164,30,0,66,2,0
11,350,21.000000,42.000000,1,0,5852519,1163,30,1163,30,0,66,2,0
11,350,21.000000,42.000000,1,0,5852522,1163,30,1163,30,0,66,2,0
11,350,21.000000,42.000000,1,0,5852524,1163,30,1163,30,0,66,2,0
11,350,21.000000,42.000000,1,0,5852527,1163,30,1163,30,0,66,2,0
11,350,21.000000,42.000000,1,0,5852530,1163,30,1163,30,0,66,2,0
11,350,21.000000,42.000000,1,0,5852533,1163,30,1163,30,0,66,2,0
11,350,21.000000,42.000000,1,0,5852535,1163,30,1163,30,0,66,2,0
11,350,21.000000,42.000000,1,0,5852538,1163,30,1163,30,0,66,2,0
11,350,21.000000,42.000000,1,0,5852541,1163,30,1163,30,0,66,2,0
11,350,21.000000,42.000000,1,0,5852544,1163,30,1163,30,0,66,2,0
11,350,21.000000,42.000000,1,0,5852546,1163,30,1163,30,0,66,2,0
11,350,21.000000,42.000000,1,0,5852549,1163,30,1163,30,0,66,2,0
11,350,21.000000,42.000000,1,0,5852552,1163,30,1163,30,0,66,2,0
11,350,21.000000,42.000000,1,0,5852555,1163,30,1163,30,0,66,2,0
11,350,21.000000,42.000000,1,0,5852558,1163,30,1163,30,0,66,2,0
11,350,21.000000,42.000000,1,0,5852560,1163,30,1163,30,0,66,2,0
11,350,21.000000,42.000000,1,0,5852563,1163,30,1163,30,0,66,2,0
11,350,21.000000,42.000000,1,0,5852566,1163,30,1163,30,0,66,2,0
11,350,21.000000,42.000000,1,0,5852569,1163,30,1163,30,0,66,2,0
11,350,21.000000,42.000000,1,0,5852571,1163,30,1163,30,0,66,2,0
11,350,21.000000,42.000000,1,0,5852574,1163,30,1163,30,0,66,2,0
11,350,21.000000,42.000000,1,0,5852577,1163,30,1163,30,0,66,2,0
11,350,21.000000,42.000000,1,0,5852580,1163,30,1163,30,0,66,2,0
11,350,21.000000,42.000000,1,0,5852583,1163,30,1163,30,0,66,2,0
11,350,21.000000,42.000000,1,0,5852585,1163,30,1163,30,0,66,2,0
11,350,21.000000,42.000000,1,0,5852588,1163,30,1163,30,0,66,2,0
11,350,21.000000,42.000000,1,0,5852591,1163,30,1163,30,0,66,2,0
11,350,21.000000,42.000000,1,0,5852594,1163,30,1163,30,0,66,2,0
11,350,21.000000,42.000000,1,0,5852596,1163,30,1163,30,0,66,2,0
11,350,21.000000,42.000000,1,0,5852599,1163,30,1163,30,0,66,2,0
11,350,21.000000,42.000000,1,0,5852602,1163,29,1163,29,0,66,2,0
11,350,21.000000,42.000000,1,0,5852605,1162,29,1162,29,0,66,2,0
11,350,21.000000,42.000000,1,0,5852608,1161,29,1161,29,0,66,2,0
11,350,21.000000,42.000000,1,0,5852610,1160,29,1160,29,0,66,2,0
11,350,21.000000,42.000000,1,0,5852613,1159,29,1159,29,0,66,2,0
11,350,21.000000,42.000000,1,0,5852616,1158,29,1158,29,0,66,2,0
11,350,21.000000,42.000000,1,0,5852619,1157,29,1157,29,0,66,2,0
11,350,21.000000,42.000000,1,0,5852621,1155,29,1155,29,0,66,2,0
11,350,21.000000,42.000000,1,0,5852624,1155,28,1155,28,0,66,2,0
11,350,21.000000,42.000000,1,0,5852627,1154,28,1154,28,0,66,2,0
11,350,21.000000,42.000000,1,0,5852630,1153,28,1153,28,0,66,2,0
11,350,21.000000,42.000000,1,0,5852632,1152,28,1152,28,0,66,2,0
11,350,21.000000,42.000000,1,0,5852635,1150,28,1150,28,0,66,2,0
11,350,21.000000,42.000000,1,0,5852638,1148,28,1148,28,0,66,2,0
11,350,21.000000,42.000000,1,0,5852641,1147,28,1147,28,0,66,2,0
11,350,21.000000,42.000000,1,0,5852643,1146,28,1146,28,0,66,2,0
11,350,21.000000,42.000000,1,0,5852646,1145,28,1145,28,0,66,2,0
11,350,21.000000,42.000000,1,0,5852649,1144,28,1144,28,0,66,2,0
11,350,21.000000,42.000000,1,0,5852652,1142,28,1142,28,0,66,2,0
11,350,21.000000,42.000000,1,0,5852655,1141,28,1141,28,0,66,2,0
11,350,21.000000,42.000000,1,0,5852658,1140,28,1140,28,0,66,2,0
11,350,21.000000,42.000000,1,0,5852660,1139,27,1139,27,0,66,2,0
11,350,21.000000,42.000000,1,0,5852663,1138,27,1138,27,0,66,2,0
11,350,21.000000,42.000000,1,0,5852666,1137,27,1137,27,0,66,2,0
11,350,21.000000,42.000000,1,0,5852668,1136,27,1136,27,0,66,2,0
11,350,21.000000,42.000000,1,0,5852671,1135,27,1135,27,0,66,2,0
11,350,21.000000,42.000000,1,0,5852674,1134,27,1134,27,0,66,2,0
11,350,21.000000,42.000000,1,0,5852677,1132,27,1132,27,0,66,2,0
11,350,21.000000,42.000000,1,0,5852680,1130,26,1130,26,0,66,2,0
11,350,21.000000,42.000000,1,0,5852682,1129,26,1129,26,0,66,2,0
11,350,21.000000,42.000000,1,0,5852685,1128,26,1128,26,0,66,2,0
11,350,21.000000,42.000000,1,0,5852688,1127,26,1127,26,0,66,2,0
11,350,21.000000,42.000000,1,0,5852691,1126,26,1126,26,0,66,2,0
11,350,21.000000,42.000000,1,0,5852694,1126,26,1126,26,0,66,2,0
11,350,21.000000,42.000000,1,0,5852696,1125,26,1125,26,0,66,2,0
11,350,21.000000,42.000000,1,0,5852699,1124,26,1124,26,0,66,2,0
11,350,21.000000,42.000000,1,0,5852702,1123,26,1123,26,0,66,2,0
11,350,21.000000,42.000000,1,0,5852705,1123,26,1123,26,0,66,2,0
11,350,21.000000,42.000000,1,0,5852707,1123,25,1123,25,0,66,2,0
11,350,21.000000,42.000000,1,0,5852711,1122,25,1122,25,0,66,2,0
11,350,21.000000,42.000000,1,0,5852713,1121,25,1121,25,0,66,2,0
11,350,21.000000,42.000000,1,0,5852716,1121,25,1121,25,0,66,2,0
11,350,21.000000,42.000000,1,0,5852719,1121,25,1121,25,0,66,2,0
11,350,21.000000,42.000000,1,0,5852721,1121,25,1121,25,0,66,2,0
11,350,21.000000,42.000000,1,0,5852724,1121,25,1121,25,0,66,2,0
11,350,21.000000,42.000000,1,0,5852727,1121,25,1121,25,0,66,2,0
11,350,21.000000,42.000000,1,0,5852730,1121,25,1121,25,0,66,2,0
11,350,21.000000,42.000000,1,0,5852733,1121,25,1121,25,0,66,2,0
11,350,21.000000,42.000000,1,0,5852735,1121,25,1121,25,0,66,2,0
11,350,21.000000,42.000000,1,0,5852738,1121,25,1121,25,0,66,2,0
11,350,21.000000,42.000000,1,0,5852741,1121,25,1121,25,0,66,2,0
11,350,21.000000,42.000000,1,0,5852744,1121,25,1121,25,0,66,2,0
11,350,21.000000,42.000000,1,0,5852747,1121,25,1121,25,0,66,2,0
11,350,21.000000,42.000000,1,0,5852749,1121,25,1121,25,0,66,2,0
11,350,21.000000,42.000000,1,0,5852752,1121,25,1121,25,0,66,2,0
11,350,21.000000,42.000000,1,0,5852755,1121,25,1121,25,0,66,2,0
11,350,21.000000,42.000000,1,0,5852758,1121,25,1121,25,0,66,2,0
11,350,21.000000,42.000000,1,0,5852760,1121,25,1121,25,0,66,2,0
11,350,21.000000,42.000000,1,0,5852763,1121,25,1121,25,0,66,2,0
11,350,21.000000,42.000000,1,0,5852766,1121,25,1121,25,0,66,2,0
11,350,21.000000,42.000000,1,0,5852769,1121,25,1121,25,0,66,2,0
11,350,21.000000,42.000000,1,0,5852772,1121,25,1121,25,0,66,2,0
11,350,21.000000,42.000000,1,0,5852774,1121,25,1121,25,0,66,2,0
11,350,21.000000,42.000000,1,0,5852777,1121,25,1121,25,0,66,2,0
11,350,21.000000,42.000000,1,0,5852780,1121,25,1121,25,0,66,2,0
11,350,21.000000,42.000000,1,0,5852783,1121,25,1121,25,0,66,2,0
11,350,21.000000,42.000000,1,0,5852785,1121,25,1121,25,0,66,2,0
11,350,21.000000,42.000000,1,0,5852788,1121,25,1121,25,0,66,2,0
11,350,21.000000,42.000000,1,0,5852791,1121,25,1121,25,0,66,2,0
11,350,21.000000,42.000000,1,0,5852794,1121,25,1121,25,0,66,2,0
11,350,21.000000,42.000000,1,0,5852797,1121,25,1121,25,0,66,2,0
11,350,21.000000,42.000000,1,0,5852799,1121,25,1121,25,0,66,2,0
11,350,21.000000,42.000000,1,0,5852802,1121,25,1121,25,0,66,2,0
11,350,21.000000,42.000000,1,0,5852805,1121,25,1121,25,0,66,2,0
11,350,21.000000,42.000000,1,0,5852808,1121,25,1121,25,0,66,2,0
11,350,21.000000,42.000000,1,0,5852811,1121,25,1121,25,0,66,2,0
11,350,21.000000,42.000000,1,0,5852813,1121,25,1121,25,0,66,2,0
11,350,21.000000,42.000000,1,0,5852816,1121,25,1121,25,0,66,2,0
11,350,21.000000,42.000000,1,0,5852819,1121,25,1121,25,0,66,2,0
11,350,21.000000,42.000000,1,0,5852822,1121,24,1121,24,0,66,2,0
11,350,21.000000,42.000000,1,0,5852825,1121,23,1121,23,0,66,2,0
11,350,21.000000,42.000000,1,0,5852827,1121,23,1121,23,0,66,2,0
11,350,21.000000,42.000000,1,0,5852830,1121,23,1121,23,0,66,2,0
11,350,21.000000,42.000000,1,0,5852833,1121,23,1121,23,0,66,2,0
11,350,21.000000,42.000000,1,0,5852836,1121,23,1121,23,0,66,2,0
11,350,21.000000,42.000000,1,0,5852838,1121,23,1121,23,0,66,2,0
11,350,21.000000,42.000000,1,0,5852841,1121,23,1121,23,0,66,2,0
11,350,21.000000,42.000000,1,0,5852844,1121,23,1121,23,0,66,2,0
11,350,21.000000,42.000000,1,0,5852847,1121,23,1121,23,0,66,2,0
11,350,21.000000,42.000000,1,0,5852849,1121,23,1121,23,0,66,2,0
11,350,21.000000,42.000000,1,0,5852852,1121,23,1121,23,0,66,2,0
11,350,21.000000,42.000000,1,0,5852855,1121,23,1121,23,0,66,2,0
11,350,21.000000,42.000000,1,0,5852858,1121,23,1121,23,0,66,2,0
11,350,21.000000,42.000000,1,0,5852861,1121,23,1121,23,0,66,2,0
11,350,21.000000,42.000000,1,0,5852863,1121,23,1121,23,0,66,2,0
11,350,21.000000,42.000000,1,0,5852866,1121,23,1121,23,0,66,2,0
11,350,21.000000,42.000000,1,0,5852869,1121,23,1121,23,0,66,2,0
11,350,21.000000,42.000000,1,0,5852872,1121,23,1121,23,0,66,2,0
11,350,21.000000,42.000000,1,0,5852875,1121,23,1121,23,0,66,2,0
11,350,21.000000,42.000000,1,0,5852877,1121,23,1121,23,0,66,2,0
11,350,21.000000,42.000000,1,0,5852880,1121,23,1121,23,0,66,2,0
11,350,21.000000,42.000000,1,0,5852883,1121,23,1121,23,0,66,2,0
11,350,21.000000,42.000000,1,0,5852886,1121,23,1121,23,0,66,2,0
11,350,21.000000,42.000000,1,0,5852889,1121,23,1121,23,0,66,2,0
11,350,21.000000,42.000000,1,0,5852891,1121,23,1121,23,0,66,2,0
11,350,21.000000,42.000000,1,0,5852894,1121,22,1121,22,0,66,2,0
11,350,21.000000,42.000000,1,0,5852897,1121,22,1121,22,0,66,2,0
11,350,21.000000,42.000000,1,0,5852900,1121,22,1121,22,0,66,2,0
11,350,21.000000,42.000000,1,0,5852902,1121,22,1121,22,0,66,2,0
11,350,21.000000,42.000000,1,0,5852905,1121,22,1121,22,0,66,2,0
11,350,21.000000,42.000000,1,0,5852908,1121,22,1121,22,0,66,2,0
11,350,21.000000,42.000000,1,0,5852911,1121,22,1121,22,0,66,2,0
11,350,21.000000,42.000000,1,0,5852914,1121,21,1121,21,0,66,2,0
11,350,21.000000,42.000000,1,0,5852916,1121,21,1121,21,0,66,2,0
11,350,21.000000,42.000000,1,0,5852919,1121,21,1121,21,0,66,2,0
11,350,21.000000,42.000000,1,0,5852922,1121,20,1121,20,0,66,2,0
11,350,21.000000,42.000000,1,0,5852925,1121,19,1121,19,0,66,2,0
11,350,21.000000,42.000000,1,0,5852927,1121,19,1121,19,0,66,2,0
11,350,21.000000,42.000000,1,0,5852930,1122,19,1122,19,0,66,2,0
11,350,21.000000,42.000000,1,0,5852933,1123,19,1123,19,0,66,2,0
11,350,21.000000,42.000000,1,0,5852936,1123,19,1123,19,0,66,2,0
11,350,21.000000,42.000000,1,0,5852939,1123,19,1123,19,0,66,2,0
11,350,21.000000,42.000000,1,0,5852941,1123,19,1123,19,0,66,2,0
11,350,21.000000,42.000000,1,0,5852944,1123,19,1123,19,0,66,2,0
11,350,21.000000,42.000000,1,0,5852947,1123,19,1123,19,0,66,2,0
11,350,21.000000,42.000000,1,0,5852950,1123,19,1123,19,0,66,2,0
11,350,21.000000,42.000000,1,0,5852952,1123,19,1123,19,0,66,2,0
11,350,21.000000,42.000000,1,0,5852955,1123,19,1123,19,0,66,2,0
11,350,21.000000,42.000000,1,0,5852958,1123,18,1123,18,0,66,2,0
11,350,21.000000,42.000000,1,0,5852961,1123,18,1123,18,0,66,2,0
11,350,21.000000,42.000000,1,0,5852963,1123,18,1123,18,0,66,2,0
11,350,21.000000,42.000000,1,0,5852966,1123,18,1123,18,0,66,2,0
11,350,21.000000,42.000000,1,0,5852969,1124,18,1124,18,0,66,2,0
11,350,21.000000,42.000000,1,0,5852972,1125,18,1125,18,0,66,2,0
11,350,21.000000,42.000000,1,0,5852974,1125,18,1125,18,0,66,2,0
11,350,21.000000,42.000000,1,0,5852978,1125,18,1125,18,0,66,2,0
11,350,21.000000,42.000000,1,0,5852980,1125,18,1125,18,0,66,2,0
11,350,21.000000,42.000000,1,0,5852983,1125,18,1125,18,0,66,2,0
11,350,21.000000,42.000000,1,0,5852986,1125,18,1125,18,0,66,2,0
11,350,21.000000,42.000000,1,0,5852989,1125,18,1125,18,0,66,2,0
11,350,21.000000,42.000000,1,0,5852991,1125,17,1125,17,0,66,2,0
11,350,21.000000,42.000000,1,0,5852994,1125,16,1125,16,0,66,2,0
11,350,21.000000,42.000000,1,0,5852997,1125,16,1125,16,0,66,2,0
11,350,21.000000,42.000000,1,0,5853000,1125,16,1125,16,0,66,2,0
11,350,21.000000,42.000000,1,0,5853002,1125,16,1125,16,0,66,2,0
11,350,21.000000,42.000000,1,0,5853005,1125,16,1125,16,0,66,2,0
11,350,21.000000,42.000000,1,0,5853008,1125,16,1125,16,0,66,2,0
11,350,21.000000,42.000000,1,0,5853011,1125,16,1125,16,0,66,2,0
11,350,21.000000,42.000000,1,0,5853013,1125,16,1125,16,0,66,2,0
11,350,21.000000,42.000000,1,0,5853016,1125,16,1125,16,0,66,2,0
11,350,21.000000,42.000000,1,0,5853019,1125,16,1125,16,0,66,2,0
11,350,21.000000,42.000000,1,0,5853022,1125,16,1125,16,0,66,2,0
11,350,21.000000,42.000000,1,0,5853025,1125,16,1125,16,0,66,2,0
11,350,21.000000,42.000000,1,0,5853028,1125,16,1125,16,0,66,2,0
11,350,21.000000,42.000000,1,0,5853030,1125,16,1125,16,0,66,2,0
11,350,21.000000,42.000000,1,0,5853033,1125,16,1125,16,0,66,2,0
11,350,21.000000,42.000000,1,0,5853036,1125,16,1125,16,0,66,2,0
11,350,21.000000,42.000000,1,0,5853038,1125,16,1125,16,0,66,2,0
11,350,21.000000,42.000000,1,0,5853041,1125,15,1125,15,0,66,2,0
11,350,21.000000,42.000000,1,0,5853044,1126,14,1126,14,0,66,2,0
11,350,21.000000,42.000000,1,0,5853047,1126,14,1126,14,0,66,2,0
11,350,21.000000,42.000000,1,0,5853049,1126,14,1126,14,0,66,2,0
11,350,21.000000,42.000000,1,0,5853052,1126,14,1126,14,0,66,2,0
11,350,21.000000,42.000000,1,0,5853055,1126,14,1126,14,0,66,2,0
11,350,21.000000,42.000000,1,0,5853058,1126,13,1126,13,0,66,2,0
11,350,21.000000,42.000000,1,0,5853060,1127,13,1127,13,0,66,2,0
11,350,21.000000,42.000000,1,0,5853063,1128,13,1128,13,0,66,2,0
11,350,21.000000,42.000000,1,0,5853066,1128,13,1128,13,0,66,2,0
11,350,21.000000,42.000000,1,0,5853069,1128,13,1128,13,0,66,2,0
11,350,21.000000,42.000000,1,0,5853072,1128,13,1128,13,0,66,2,0
11,350,21.000000,42.000000,1,0,5853075,1129,13,1129,13,0,66,2,0
11,350,21.000000,42.000000,1,0,5853077,1130,13,1130,13,0,66,2,0
11,350,21.000000,42.000000,1,0,5853080,1131,13,1131,13,0,66,2,0
11,350,21.000000,42.000000,1,0,5853083,1131,12,1131,12,0,66,2,0
11,350,21.000000,42.000000,1,0,5853086,1132,12,1132,12,0,66,2,0
11,350,21.000000,42.000000,1,0,5853088,1133,12,1133,12,0,66,2,0
11,350,21.000000,42.000000,1,0,5853091,1134,12,1134,12,0,66,2,0
11,350,21.000000,42.000000,1,0,5853094,1135,12,1135,12,0,66,2,0
11,350,21.000000,42.000000,1,0,5853097,1135,12,1135,12,0,66,2,0
11,350,21.000000,42.000000,1,0,5853099,1136,12,1136,12,0,66,2,0
11,350,21.000000,42.000000,1,0,5853102,1137,12,1137,12,0,66,2,0
11,350,21.000000,42.000000,1,0,5853105,1138,12,1138,12,0,66,2,0
11,350,21.000000,42.000000,1,0,5853108,1139,12,1139,12,0,66,2,0
11,350,21.000000,42.000000,1,0,5853111,1139,12,1139,12,0,66,2,0
11,350,21.000000,42.000000,1,0,5853113,1139,12,1139,12,0,66,2,0
11,350,21.000000,42.000000,1,0,5853116,1139,12,1139,12,0,66,2,0
11,350,21.000000,42.000000,1,0,5853119,1139,12,1139,12,0,66,2,0
11,350,21.000000,42.000000,1,0,5853122,1139,12,1139,12,0,66,2,0
11,350,21.000000,42.000000,1,0,5853125,1139,12,1139,12,0,66,2,0
11,350,21.000000,42.000000,1,0,5853127,1139,12,1139,12,0,66,2,0
11,350,21.000000,42.000000,1,0,5853130,1139,12,1139,12,0,66,2,0
11,350,21.000000,42.000000,1,0,5853133,1139,12,1139,12,0,66,2,0
11,350,21.000000,42.000000,1,0,5853136,1139,12,1139,12,0,66,2,0
11,350,21.000000,42.000000,1,0,5853138,1139,12,1139,12,0,66,2,0
11,350,21.000000,42.000000,1,0,5853141,1139,12,1139,12,0,66,2,0
11,350,21.000000,42.000000,1,0,5853144,1139,12,1139,12,0,66,2,0
11,350,21.000000,42.000000,1,0,5853147,1139,12,1139,12,0,66,2,0
11,350,21.000000,42.000000,1,0,5853150,1139,12,1139,12,0,66,2,0
11,350,21.000000,42.000000,1,0,5853153,1139,12,1139,12,0,66,2,0
11,350,21.000000,42.000000,1,0,5853155,1139,12,1139,12,0,66,2,0
11,350,21.000000,42.000000,1,0,5853158,1139,12,1139,12,0,66,2,0
11,350,21.000000,42.000000,1,0,5853161,1139,12,1139,12,0,66,2,0
11,350,21.000000,42.000000,1,0,5853164,1139,12,1139,12,0,66,2,0
11,350,21.000000,42.000000,1,0,5853167,1139,12,1139,12,0,66,2,0
11,350,21.000000,42.000000,1,0,5853169,1139,12,1139,12,0,66,2,0
11,350,21.000000,42.000000,1,0,5853172,1139,12,1139,12,0,66,2,0
11,350,21.000000,42.000000,1,0,5853175,1139,12,1139,12,0,66,2,0
11,350,21.000000,42.000000,1,0,5853178,1139,12,1139,12,0,66,2,0
11,350,21.000000,42.000000,1,0,5853180,1139,12,1139,12,0,66,2,0
11,350,21.000000,42.000000,1,0,5853183,1139,12,1139,12,0,66,2,0
11,350,21.000000,42.000000,1,0,5853186,1139,12,1139,12,0,66,2,0
11,350,21.000000,42.000000,1,0,5853189,1139,12,1139,12,0,66,2,0
11,350,21.000000,42.000000,1,0,5853191,1139,12,1139,12,0,66,2,0
11,350,21.000000,42.000000,1,0,5853194,1139,11,1139,11,0,66,2,0
11,350,21.000000,42.000000,1,0,5853197,1139,10,1139,10,0,66,2,0
11,350,21.000000,42.000000,1,0,5853200,1139,10,1139,10,0,66,2,0
11,350,21.000000,42.000000,1,0,5853203,1139,10,1139,10,0,66,2,0
11,350,21.000000,42.000000,1,0,5853205,1139,10,1139,10,0,66,2,0
11,350,21.000000,42.000000,1,0,5853219,1139,10,1139,10,0,66,2,0
