11,350,21.000000,0.000000,1,0,5973222,780,6,780,6,0,77,2,0
11,350,21.000000,0.000000,1,0,5973223,780,6,780,6,0,77,2,0
11,350,21.000000,0.000000,1,0,5973225,780,6,780,6,0,77,2,0
11,350,21.000000,0.000000,1,0,5973228,780,6,780,6,0,77,2,0
11,350,21.000000,0.000000,1,0,5973231,780,6,780,6,0,77,2,0
11,350,21.000000,0.000000,1,0,5973234,780,6,780,6,0,77,2,0
11,350,21.000000,0.000000,1,0,5973236,780,6,780,6,0,77,2,0
11,350,21.000000,0.000000,1,0,5973239,781,6,781,6,0,77,2,0
11,350,21.000000,0.000000,1,0,5973242,782,6,782,6,0,77,2,0
11,350,21.000000,0.000000,1,0,5973245,782,6,782,6,0,77,2,0
11,350,21.000000,0.000000,1,0,5973248,782,6,782,6,0,77,2,0
11,350,21.000000,0.000000,1,0,5973251,782,6,782,6,0,77,2,0
11,350,21.000000,0.000000,1,0,5973253,782,6,782,6,0,77,2,0
11,350,21.000000,0.000000,1,0,5973256,782,6,782,6,0,77,2,0
11,350,21.000000,0.000000,1,0,5973259,782,6,782,6,0,77,2,0
11,350,21.000000,0.000000,1,0,5973262,782,6,782,6,0,77,2,0
11,350,21.000000,0.000000,1,0,5973264,782,6,782,6,0,77,2,0
11,350,21.000000,0.000000,1,0,5973267,782,6,782,6,0,77,2,0
11,350,21.000000,0.000000,1,0,5973270,782,6,782,6,0,77,2,0
11,350,21.000000,0.000000,1,0,5973273,782,6,782,6,0,77,2,0
11,350,21.000000,0.000000,1,0,5973275,783,6,783,6,0,77,2,0
11,350,21.000000,0.000000,1,0,5973278,783,6,783,6,0,77,2,0
11,350,21.000000,0.000000,1,0,5973281,783,6,783,6,0,77,2,0
11,350,21.000000,0.000000,1,0,5973284,783,6,783,6,0,77,2,0
11,350,21.000000,0.000000,1,0,5973287,783,6,783,6,0,77,2,0
11,350,21.000000,0.000000,1,0,5973289,783,6,783,6,0,77,2,0
11,350,21.000000,0.000000,1,0,5973292,783,6,783,6,0,77,2,0
11,350,21.000000,0.000000,1,0,5973295,783,6,783,6,0,77,2,0
11,350,21.000000,0.000000,1,0,5973298,784,6,784,6,0,77,2,0
11,350,21.000000,0.000000,1,0,5973301,785,6,785,6,0,77,2,0
11,350,21.000000,0.000000,1,0,5973303,786,6,786,6,0,77,2,0
11,350,21.000000,0.000000,1,0,5973306,786,6,786,6,0,77,2,0
11,350,21.000000,0.000000,1,0,5973309,787,6,787,6,0,77,2,0
11,350,21.000000,0.000000,1,0,5973312,788,6,788,6,0,77,2,0
11,350,21.000000,0.000000,1,0,5973314,789,6,789,6,0,77,2,0
11,350,21.000000,0.000000,1,0,5973317,790,6,790,6,0,77,2,0
11,350,21.000000,0.000000,1,0,5973320,792,6,792,6,0,77,2,0
11,350,21.000000,0.000000,1,0,5973323,793,6,793,6,0,77,2,0
11,350,21.000000,0.000000,1,0,5973325,794,6,794,6,0,77,2,0
11,350,21.000000,0.000000,1,0,5973328,795,6,795,6,0,77,2,0
11,350,21.000000,0.000000,1,0,5973331,796,5,796,5,0,77,2,0
11,350,21.000000,0.000000,1,0,5973334,797,5,797,5,0,77,2,0
11,350,21.000000,0.000000,1,0,5973337,799,5,799,5,0,77,2,0
11,350,21.000000,0.000000,1,0,5973339,801,5,801,5,0,77,2,0
11,350,21.000000,0.000000,1,0,5973342,802,5,802,5,0,77,2,0
11,350,21.000000,0.000000,1,0,5973345,803,5,803,5,0,77,2,0
11,350,21.000000,0.000000,1,0,5973348,804,5,804,5,0,77,2,0
11,350,21.000000,0.000000,1,0,5973350,805,5,805,5,0,77,2,0
11,350,21.000000,0.000000,1,0,5973353,806,5,806,5,0,77,2,0
11,350,21.000000,0.000000,1,0,5973356,808,5,808,5,0,77,2,0
11,350,21.000000,0.000000,1,0,5973359,810,5,810,5,0,77,2,0
11,350,21.000000,0.000000,1,0,5973361,812,5,812,5,0,77,2,0
11,350,21.000000,0.000000,1,0,5973364,815,5,815,5,0,77,2,0
11,350,21.000000,0.000000,1,0,5973367,818,5,818,5,0,77,2,0
11,350,21.000000,0.000000,1,0,5973370,820,5,820,5,0,77,2,0
11,350,21.000000,0.000000,1,0,5973372,823,5,823,5,0,77,2,0
11,350,21.000000,0.000000,1,0,5973375,827,5,827,5,0,77,2,0
11,350,21.000000,0.000000,1,0,5973378,828,5,828,5,0,77,2,0
11,350,21.000000,0.000000,1,0,5973381,832,5,832,5,0,77,2,0
11,350,21.000000,0.000000,1,0,5973384,835,5,835,5,0,77,2,0
11,350,21.000000,0.000000,1,0,5973386,840,5,840,5,0,77,2,0
11,350,21.000000,0.000000,1,0,5973389,844,5,844,5,0,77,2,0
11,350,21.000000,0.000000,1,0,5973392,848,5,848,5,0,77,2,0
11,350,21.000000,0.000000,1,0,5973395,854,5,854,5,0,77,2,0
11,350,21.000000,0.000000,1,0,5973398,863,5,863,5,0,77,2,0
11,350,21.000000,0.000000,1,0,5973401,869,5,869,5,0,77,2,0
11,350,21.000000,0.000000,1,0,5973403,876,5,876,5,0,77,2,0
11,350,21.000000,0.000000,1,0,5973406,887,5,887,5,0,77,2,0
11,350,21.000000,0.000000,1,0,5973409,895,5,895,5,0,77,2,0
11,350,21.000000,0.000000,1,0,5973411,902,5,902,5,0,77,2,0
11,350,21.000000,0.000000,1,0,5973414,908,5,908,5,0,77,2,0
11,350,21.000000,0.000000,1,0,5973417,918,5,918,5,0,77,2,0
11,350,21.000000,0.000000,1,0,5973420,924,5,924,5,0,77,2,0
11,350,21.000000,0.000000,1,0,5973423,933,5,933,5,0,77,2,0
11,350,21.000000,0.000000,1,0,5973425,944,5,944,5,0,77,2,0
11,350,21.000000,0.000000,1,0,5973428,948,5,948,5,0,77,2,0
11,350,21.000000,0.000000,1,0,5973431,959,5,959,5,0,77,2,0
11,350,21.000000,0.000000,1,0,5973434,969,5,969,5,0,77,2,0
11,350,21.000000,0.000000,1,0,5973437,978,5,978,5,0,77,2,0
11,350,21.000000,0.000000,1,0,5973439,990,5,990,5,0,77,2,0
11,350,21.000000,0.000000,1,0,5973442,998,5,998,5,0,77,2,0
11,350,21.000000,0.000000,1,0,5973445,1010,5,1010,5,0,77,2,0
11,350,21.000000,0.000000,1,0,5973448,1017,5,1017,5,0,77,2,0
11,350,21.000000,0.000000,1,0,5973451,1026,5,1026,5,0,77,2,0
11,350,21.000000,0.000000,1,0,5973453,1034,5,1034,5,0,77,2,0
11,350,21.000000,0.000000,1,0,5973456,1037,5,1037,5,0,77,2,0
11,350,21.000000,0.000000,1,0,5973459,1045,5,1045,5,0,77,2,0
11,350,21.000000,0.000000,1,0,5973462,1052,5,1052,5,0,77,2,0
11,350,21.000000,0.000000,1,0,5973464,1057,5,1057,5,0,77,2,0
11,350,21.000000,0.000000,1,0,5973467,1061,5,1061,5,0,77,2,0
11,350,21.000000,0.000000,1,0,5973470,1065,6,1065,6,0,77,2,0
11,350,21.000000,0.000000,1,0,5973473,1069,6,1069,6,0,77,2,0
11,350,21.000000,0.000000,1,0,5973475,1072,6,1072,6,0,77,2,0
11,350,21.000000,0.000000,1,0,5973478,1076,6,1076,6,0,77,2,0
11,350,21.000000,0.000000,1,0,5973481,1078,6,1078,6,0,77,2,0
11,350,21.000000,0.000000,1,0,5973484,1081,6,1081,6,0,77,2,0
11,350,21.000000,0.000000,1,0,5973487,1083,6,1083,6,0,77,2,0
11,350,21.000000,0.000000,1,0,5973489,1086,6,1086,6,0,77,2,0
11,350,21.000000,0.000000,1,0,5973492,1088,6,1088,6,0,77,2,0
11,350,21.000000,0.000000,1,0,5973495,1090,6,1090,6,0,77,2,0
11,350,21.000000,0.000000,1,0,5973498,1091,6,1091,6,0,77,2,0
11,350,21.000000,0.000000,1,0,5973501,1092,6,1092,6,0,77,2,0
11,350,21.000000,0.000000,1,0,5973503,1093,6,1093,6,0,77,2,0
11,350,21.000000,0.000000,1,0,5973506,1094,6,1094,6,0,77,2,0
11,350,21.000000,0.000000,1,0,5973509,1095,6,1095,6,0,77,2,0
11,350,21.000000,0.000000,1,0,5973512,1096,6,1096,6,0,77,2,0
11,350,21.000000,0.000000,1,0,5973515,1098,6,1098,6,0,77,2,0
11,350,21.000000,0.000000,1,0,5973517,1099,6,1099,6,0,77,2,0
11,350,21.000000,0.000000,1,0,5973520,1100,6,1100,6,0,77,2,0
11,350,21.000000,0.000000,1,0,5973523,1102,6,1102,6,0,77,2,0
11,350,21.000000,0.000000,1,0,5973526,1103,6,1103,6,0,77,2,0
11,350,21.000000,0.000000,1,0,5973528,1104,6,1104,6,0,77,2,0
11,350,21.000000,0.000000,1,0,5973531,1105,6,1105,6,0,77,2,0
11,350,21.000000,0.000000,1,0,5973534,1106,5,1106,5,0,77,2,0
11,350,21.000000,0.000000,1,0,5973537,1107,5,1107,5,0,77,2,0
11,350,21.000000,0.000000,1,0,5973539,1109,5,1109,5,0,77,2,0
11,350,21.000000,0.000000,1,0,5973542,1110,5,1110,5,0,77,2,0
11,350,21.000000,0.000000,1,0,5973545,1111,5,1111,5,0,77,2,0
11,350,21.000000,0.000000,1,0,5973548,1113,5,1113,5,0,77,2,0
11,350,21.000000,0.000000,1,0,5973551,1114,5,1114,5,0,77,2,0
11,350,21.000000,0.000000,1,0,5973554,1116,5,1116,5,0,77,2,0
11,350,21.000000,0.000000,1,0,5973556,1117,5,1117,5,0,77,2,0
11,350,21.000000,0.000000,1,0,5973559,1119,5,1119,5,0,77,2,0
11,350,21.000000,0.000000,1,0,5973562,1121,5,1121,5,0,77,2,0
11,350,21.000000,0.000000,1,0,5973565,1122,5,1122,5,0,77,2,0
11,350,21.000000,0.000000,1,0,5973567,1124,5,1124,5,0,77,2,0
11,350,21.000000,0.000000,1,0,5973570,1125,5,1125,5,0,77,2,0
11,350,21.000000,0.000000,1,0,5973573,1127,5,1127,5,0,77,2,0
11,350,21.000000,0.000000,1,0,5973576,1129,5,1129,5,0,77,2,0
11,350,21.000000,0.000000,1,0,5973579,1130,5,1130,5,0,77,2,0
11,350,21.000000,0.000000,1,0,5973581,1131,5,1131,5,0,77,2,0
11,350,21.000000,0.000000,1,0,5973584,1132,5,1132,5,0,77,2,0
11,350,21.000000,0.000000,1,0,5973587,1133,5,1133,5,0,77,2,0
11,350,21.000000,0.000000,1,0,5973590,1134,5,1134,5,0,77,2,0
11,350,21.000000,0.000000,1,0,5973592,1135,5,1135,5,0,77,2,0
11,350,21.000000,0.000000,1,0,5973595,1136,5,1136,5,0,77,2,0
11,350,21.000000,0.000000,1,0,5973598,1137,5,1137,5,0,77,2,0
11,350,21.000000,0.000000,1,0,5973601,1138,5,1138,5,0,77,2,0
11,350,21.000000,0.000000,1,0,5973603,1139,5,1139,5,0,77,2,0
11,350,21.000000,0.000000,1,0,5973606,1139,5,1139,5,0,77,2,0
11,350,21.000000,0.000000,1,0,5973609,1139,5,1139,5,0,77,2,0
11,350,21.000000,0.000000,1,0,5973612,1139,5,1139,5,0,77,2,0
11,350,21.000000,0.000000,1,0,5973614,1139,5,1139,5,0,77,2,0
11,350,21.000000,0.000000,1,0,5973617,1139,5,1139,5,0,77,2,0
11,350,21.000000,0.000000,1,0,5973620,1139,5,1139,5,0,77,2,0
11,350,21.000000,0.000000,1,0,5973623,1139,5,1139,5,0,77,2,0
11,350,21.000000,0.000000,1,0,5973626,1139,5,1139,5,0,77,2,0
11,350,21.000000,0.000000,1,0,5973628,1139,5,1139,5,0,77,2,0
11,350,21.000000,0.000000,1,0,5973631,1139,5,1139,5,0,77,2,0
11,350,21.000000,0.000000,1,0,5973634,1139,5,1139,5,0,77,2,0
11,350,21.000000,0.000000,1,0,5973637,1139,5,1139,5,0,77,2,0
11,350,21.000000,0.000000,1,0,5973640,1139,5,1139,5,0,77,2,0
11,350,21.000000,0.000000,1,0,5973642,1139,5,1139,5,0,77,2,0
11,350,21.000000,0.000000,1,0,5973645,1139,5,1139,5,0,77,2,0
11,350,21.000000,0.000000,1,0,5973648,1140,5,1140,5,0,77,2,0
11,350,21.000000,0.000000,1,0,5973651,1140,5,1140,5,0,77,2,0
11,350,21.000000,0.000000,1,0,5973653,1140,5,1140,5,0,77,2,0
11,350,21.000000,0.000000,1,0,5973656,1140,5,1140,5,0,77,2,0
11,350,21.000000,0.000000,1,0,5973659,1140,5,1140,5,0,77,2,0
11,350,21.000000,0.000000,1,0,5973662,1140,5,1140,5,0,77,2,0
11,350,21.000000,0.000000,1,0,5973665,1140,5,1140,5,0,77,2,0
11,350,21.000000,0.000000,1,0,5973668,1140,5,1140,5,0,77,2,0
11,350,21.000000,0.000000,1,0,5973670,1140,5,1140,5,0,77,2,0
11,350,21.000000,0.000000,1,0,5973673,1140,5,1140,5,0,77,2,0
11,350,21.000000,0.000000,1,0,5973676,1140,5,1140,5,0,77,2,0
11,350,21.000000,0.000000,1,0,5973678,1140,5,1140,5,0,77,2,0
11,350,21.000000,0.000000,1,0,5973681,1140,5,1140,5,0,77,2,0
11,350,21.000000,0.000000,1,0,5973684,1140,5,1140,5,0,77,2,0
11,350,21.000000,0.000000,1,0,5973687,1140,5,1140,5,0,77,2,0
11,350,21.000000,0.000000,1,0,5973690,1140,5,1140,5,0,77,2,0
11,350,21.000000,0.000000,1,0,5973692,1140,5,1140,5,0,77,2,0
11,350,21.000000,0.000000,1,0,5973695,1140,5,1140,5,0,77,2,0
11,350,21.000000,0.000000,1,0,5973698,1140,5,1140,5,0,77,2,0
11,350,21.000000,0.000000,1,0,5973701,1140,5,1140,5,0,77,2,0
11,350,21.000000,0.000000,1,0,5973703,1140,5,1140,5,0,77,2,0
11,350,21.000000,0.000000,1,0,5973706,1140,5,1140,5,0,77,2,0
11,350,21.000000,0.000000,1,0,5973709,1140,5,1140,5,0,77,2,0
11,350,21.000000,0.000000,1,0,5973712,1140,5,1140,5,0,77,2,0
11,350,21.000000,0.000000,1,0,5973714,1140,5,1140,5,0,77,2,0
11,350,21.000000,0.000000,1,0,5973717,1140,5,1140,5,0,77,2,0
11,350,21.000000,0.000000,1,0,5973720,1140,5,1140,5,0,77,2,0
11,350,21.000000,0.000000,1,0,5973723,1140,5,1140,5,0,77,2,0
11,350,21.000000,0.000000,1,0,5973726,1140,5,1140,5,0,77,2,0
11,350,21.000000,0.000000,1,0,5973728,1140,5,1140,5,0,77,2,0
11,350,21.000000,0.000000,1,0,5973731,1140,5,1140,5,0,77,2,0
11,350,21.000000,0.000000,1,0,5973734,1140,5,1140,5,0,77,2,0
11,350,21.000000,0.000000,1,0,5973736,1140,5,1140,5,0,77,2,0
11,350,21.000000,0.000000,1,0,5973739,1140,5,1140,5,0,77,2,0
11,350,21.000000,0.000000,1,0,5973743,1140,5,1140,5,0,77,2,0
11,350,21.000000,0.000000,1,0,5973745,1140,5,1140,5,0,77,2,0
11,350,21.000000,0.000000,1,0,5973748,1140,5,1140,5,0,77,2,0
11,350,21.000000,0.000000,1,0,5973750,1140,5,1140,5,0,77,2,0
11,350,21.000000,0.000000,1,0,5973754,1140,5,1140,5,0,77,2,0
11,350,21.000000,0.000000,1,0,5973756,1140,5,1140,5,0,77,2,0
11,350,21.000000,0.000000,1,0,5973759,1140,5,1140,5,0,77,2,0
11,350,21.000000,0.000000,1,0,5973762,1140,5,1140,5,0,77,2,0
11,350,21.000000,0.000000,1,0,5973765,1140,5,1140,5,0,77,2,0
11,350,21.000000,0.000000,1,0,5973767,1140,5,1140,5,0,77,2,0
11,350,21.000000,0.000000,1,0,5973770,1140,5,1140,5,0,77,2,0
11,350,21.000000,0.000000,1,0,5973773,1140,5,1140,5,0,77,2,0
11,350,21.000000,0.000000,1,0,5973776,1140,5,1140,5,0,77,2,0
11,350,21.000000,0.000000,1,0,5973778,1140,5,1140,5,0,77,2,0
11,350,21.000000,0.000000,1,0,5973781,1140,5,1140,5,0,77,2,0
11,350,21.000000,0.000000,1,0,5973784,1140,5,1140,5,0,77,2,0
11,350,21.000000,0.000000,1,0,5973787,1139,5,1139,5,0,77,2,0
11,350,21.000000,0.000000,1,0,5973790,1139,5,1139,5,0,77,2,0
11,350,21.000000,0.000000,1,0,5973792,1139,5,1139,5,0,77,2,0
11,350,21.000000,0.000000,1,0,5973795,1139,5,1139,5,0,77,2,0
11,350,21.000000,0.000000,1,0,5973798,1139,5,1139,5,0,77,2,0
11,350,21.000000,0.000000,1,0,5973801,1139,5,1139,5,0,77,2,0
11,350,21.000000,0.000000,1,0,5973803,1139,5,1139,5,0,77,2,0
11,350,21.000000,0.000000,1,0,5973806,1139,5,1139,5,0,77,2,0
11,350,21.000000,0.000000,1,0,5973809,1139,5,1139,5,0,77,2,0
11,350,21.000000,0.000000,1,0,5973812,1139,5,1139,5,0,77,2,0
11,350,21.000000,0.000000,1,0,5973815,1139,5,1139,5,0,77,2,0
11,350,21.000000,0.000000,1,0,5973817,1139,5,1139,5,0,77,2,0
11,350,21.000000,0.000000,1,0,5973820,1139,5,1139,5,0,77,2,0
11,350,21.000000,0.000000,1,0,5973823,1139,5,1139,5,0,77,2,0
11,350,21.000000,0.000000,1,0,5973826,1139,5,1139,5,0,77,2,0
11,350,21.000000,0.000000,1,0,5973829,1139,5,1139,5,0,77,2,0
11,350,21.000000,0.000000,1,0,5973831,1139,5,1139,5,0,77,2,0
11,350,21.000000,0.000000,1,0,5973834,1139,5,1139,5,0,77,2,0
11,350,21.000000,0.000000,1,0,5973837,1139,5,1139,5,0,77,2,0
11,350,21.000000,0.000000,1,0,5973840,1139,5,1139,5,0,77,2,0
11,350,21.000000,0.000000,1,0,5973843,1139,5,1139,5,0,77,2,0
11,350,21.000000,0.000000,1,0,5973845,1139,5,1139,5,0,77,2,0
11,350,21.000000,0.000000,1,0,5973848,1139,5,1139,5,0,77,2,0
11,350,21.000000,0.000000,1,0,5973851,1139,5,1139,5,0,77,2,0
11,350,21.000000,0.000000,1,0,5973854,1139,5,1139,5,0,77,2,0
11,350,21.000000,0.000000,1,0,5973857,1139,5,1139,5,0,77,2,0
11,350,21.000000,0.000000,1,0,5973859,1139,5,1139,5,0,77,2,0
11,350,21.000000,0.000000,1,0,5973862,1139,5,1139,5,0,77,2,0
11,350,21.000000,0.000000,1,0,5973865,1139,5,1139,5,0,77,2,0
11,350,21.000000,0.000000,1,0,5973867,1139,5,1139,5,0,77,2,0
11,350,21.000000,0.000000,1,0,5973870,1139,5,1139,5,0,77,2,0
11,350,21.000000,0.000000,1,0,5973873,1139,5,1139,5,0,77,2,0
11,350,21.000000,0.000000,1,0,5973876,1139,5,1139,5,0,77,2,0
11,350,21.000000,0.000000,1,0,5973879,1139,5,1139,5,0,77,2,0
11,350,21.000000,0.000000,1,0,5973881,1139,5,1139,5,0,77,2,0
11,350,21.000000,0.000000,1,0,5973884,1139,5,1139,5,0,77,2,0
11,350,21.000000,0.000000,1,0,5973887,1139,5,1139,5,0,77,2,0
11,350,21.000000,0.000000,1,0,5973890,1139,5,1139,5,0,77,2,0
11,350,21.000000,0.000000,1,0,5973892,1139,5,1139,5,0,77,2,0
11,350,21.000000,0.000000,1,0,5973895,1139,5,1139,5,0,77,2,0
11,350,21.000000,0.000000,1,0,5973898,1139,5,1139,5,0,77,2,0
11,350,21.000000,0.000000,1,0,5973901,1139,5,1139,5,0,77,2,0
11,350,21.000000,0.000000,1,0,5973914,1139,5,1139,5,0,77,2,0
