11,350,21.000000,10000.000000,0,0,6275604,786,5,786,5,1,99,4,0
11,350,21.000000,10000.000000,0,0,6275605,786,5,786,5,1,99,4,0
11,350,21.000000,10000.000000,0,0,6275608,786,5,786,5,1,99,4,0
11,350,21.000000,10000.000000,0,0,6275610,786,5,786,5,1,99,4,0
11,350,21.000000,10000.000000,0,0,6275613,786,5,786,5,1,99,4,0
11,350,21.000000,10000.000000,0,0,6275616,786,5,786,5,1,99,4,0
11,350,21.000000,10000.000000,0,0,6275619,786,5,786,5,1,99,4,0
11,350,21.000000,10000.000000,0,0,6275622,786,5,786,5,1,99,4,0
11,350,21.000000,10000.000000,0,0,6275625,786,5,786,5,1,99,4,0
11,350,21.000000,10000.000000,0,0,6275627,786,5,786,5,1,99,4,0
11,350,21.000000,10000.000000,0,0,6275630,786,5,786,5,1,99,4,0
11,350,21.000000,10000.000000,0,0,6275633,786,5,786,5,1,99,4,0
11,350,21.000000,10000.000000,0,0,6275636,786,5,786,5,1,99,4,0
11,350,21.000000,10000.000000,0,0,6275638,786,5,786,5,1,99,4,0
11,350,21.000000,10000.000000,0,0,6275641,786,5,786,5,1,99,4,0
11,350,21.000000,10000.000000,0,0,6275644,786,5,786,5,1,99,4,0
11,350,21.000000,10000.000000,0,0,6275646,786,5,786,5,1,99,4,0
11,350,21.000000,10000.000000,0,0,6275649,786,5,786,5,1,99,4,0
11,350,21.000000,10000.000000,0,0,6275652,786,5,786,5,1,99,4,0
11,350,21.000000,10000.000000,0,0,6275655,786,5,786,5,1,99,4,0
11,350,21.000000,10000.000000,0,0,6275658,786,5,786,5,1,99,4,0
11,350,21.000000,10000.000000,0,0,6275660,786,5,786,5,1,99,4,0
11,350,21.000000,10000.000000,0,0,6275663,786,5,786,5,1,99,4,0
11,350,21.000000,10000.000000,0,0,6275666,786,5,786,5,1,99,4,0
11,350,21.000000,10000.000000,0,0,6275669,786,5,786,5,1,99,4,0
11,350,21.000000,10000.000000,0,0,6275671,786,5,786,5,1,99,4,0
11,350,21.000000,10000.000000,0,0,6275674,786,5,786,5,1,99,4,0
11,350,21.000000,10000.000000,0,0,6275677,786,5,786,5,1,99,4,0
11,350,21.000000,10000.000000,0,0,6275680,787,5,787,5,1,99,4,0
11,350,21.000000,10000.000000,0,0,6275683,788,5,788,5,1,99,4,0
11,350,21.000000,10000.000000,0,0,6275685,789,5,789,5,1,99,4,0
11,350,21.000000,10000.000000,0,0,6275688,790,5,790,5,1,99,4,0
11,350,21.000000,10000.000000,0,0,6275691,791,5,791,5,1,99,4,0
11,350,21.000000,10000.000000,0,0,6275694,793,5,793,5,1,99,4,0
11,350,21.000000,10000.000000,0,0,6275697,794,5,794,5,1,99,4,0
11,350,21.000000,10000.000000,0,0,6275700,795,5,795,5,1,99,4,0
11,350,21.000000,10000.000000,0,0,6275702,796,5,796,5,1,99,4,0
11,350,21.000000,10000.000000,0,0,6275705,797,5,797,5,1,99,4,0
11,350,21.000000,10000.000000,0,0,6275708,798,5,798,5,1,99,4,0
11,350,21.000000,10000.000000,0,0,6275711,800,5,800,5,1,99,4,0
11,350,21.000000,10000.000000,0,0,6275713,802,5,802,5,1,99,4,0
11,350,21.000000,10000.000000,0,0,6275716,804,5,804,5,1,99,4,0
11,350,21.000000,10000.000000,0,0,6275719,806,5,806,5,1,99,4,0
11,350,21.000000,10000.000000,0,0,6275722,809,5,809,5,1,99,4,0
11,350,21.000000,10000.000000,0,0,6275725,811,5,811,5,1,99,4,0
11,350,21.000000,10000.000000,0,0,6275727,814,5,814,5,1,99,4,0
11,350,21.000000,10000.000000,0,0,6275730,816,5,816,5,1,99,4,0
11,350,21.000000,10000.000000,0,0,6275733,819,5,819,5,1,99,4,0
11,350,21.000000,10000.000000,0,0,6275736,822,5,822,5,1,99,4,0
11,350,21.000000,10000.000000,0,0,6275738,825,5,825,5,1,99,4,0
11,350,21.000000,10000.000000,0,0,6275741,826,5,826,5,1,99,4,0
11,350,21.000000,10000.000000,0,0,6275744,832,5,832,5,1,99,4,0
11,350,21.000000,10000.000000,0,0,6275747,834,5,834,5,1,99,4,0
11,350,21.000000,10000.000000,0,0,6275749,838,5,838,5,1,99,4,0
11,350,21.000000,10000.000000,0,0,6275752,843,5,843,5,1,99,4,0
11,350,21.000000,10000.000000,0,0,6275755,847,5,847,5,1,99,4,0
11,350,21.000000,10000.000000,0,0,6275758,851,5,851,5,1,99,4,0
11,350,21.000000,10000.000000,0,0,6275761,856,4,856,4,1,99,4,0
11,350,21.000000,10000.000000,0,0,6275764,859,4,859,4,1,99,4,0
11,350,21.000000,10000.000000,0,0,6275766,867,3,867,3,1,99,4,0
11,350,21.000000,10000.000000,0,0,6275769,871,3,871,3,1,99,4,0
11,350,21.000000,10000.000000,0,0,6275772,877,3,877,3,1,99,4,0
11,350,21.000000,10000.000000,0,0,6275775,882,2,882,2,1,99,4,0
11,350,21.000000,10000.000000,0,0,6275777,885,1,885,1,1,99,4,0
11,350,21.000000,10000.000000,0,0,6275780,894,0,894,0,1,99,4,0
11,350,21.000000,10000.000000,0,0,6275783,901,0,901,0,1,99,4,0
11,350,21.000000,10000.000000,0,0,6275786,906,0,906,0,1,99,4,0
11,350,21.000000,10000.000000,0,0,6275788,909,0,909,0,1,99,4,0
11,350,21.000000,10000.000000,0,0,6275791,912,0,912,-1,1,99,4,0
11,350,21.000000,10000.000000,0,0,6275794,917,0,917,-2,1,99,4,0
11,350,21.000000,10000.000000,0,0,6275797,922,0,922,-2,1,99,4,0
11,350,21.000000,10000.000000,0,0,6275799,930,0,930,-3,1,99,4,0
11,350,21.000000,10000.000000,0,0,6275802,936,0,936,-4,1,99,4,0
11,350,21.000000,10000.000000,0,0,6275805,942,0,942,-4,1,99,4,0
11,350,21.000000,10000.000000,0,0,6275808,948,0,948,-5,1,99,4,0
11,350,21.000000,10000.000000,0,0,6275811,954,0,954,-5,1,99,4,0
11,350,21.000000,10000.000000,0,0,6275813,960,0,960,-6,1,99,4,0
11,350,21.000000,10000.000000,0,0,6275816,967,0,967,-7,1,99,4,0
11,350,21.000000,10000.000000,0,0,6275819,973,0,973,-7,1,99,4,0
11,350,21.000000,10000.000000,0,0,6275822,979,0,979,-7,1,99,4,0
11,350,21.000000,10000.000000,0,0,6275824,986,0,986,-8,1,99,4,0
11,350,21.000000,10000.000000,0,0,6275828,992,0,992,-8,1,99,4,0
11,350,21.000000,10000.000000,0,0,6275830,998,0,998,-9,1,99,4,0
11,350,21.000000,10000.000000,0,0,6275833,1005,0,1005,-10,1,99,4,0
11,350,21.000000,10000.000000,0,0,6275836,1011,0,1011,-11,1,99,4,0
11,350,21.000000,10000.000000,0,0,6275839,1017,0,1017,-11,1,99,4,0
11,350,21.000000,10000.000000,0,0,6275841,1021,0,1021,-12,1,99,4,0
11,350,21.000000,10000.000000,0,0,6275844,1027,0,1027,-12,1,99,4,0
11,350,21.000000,10000.000000,0,0,6275847,1032,0,1032,-12,1,99,4,0
11,350,21.000000,10000.000000,0,0,6275850,1037,0,1037,-13,1,99,4,0
11,350,21.000000,10000.000000,0,0,6275852,1042,0,1042,-13,1,99,4,0
11,350,21.000000,10000.000000,0,0,6275855,1045,0,1045,-13,1,99,4,0
11,350,21.000000,10000.000000,0,0,6275858,1053,0,1053,-14,1,99,4,0
11,350,21.000000,10000.000000,0,0,6275861,1058,0,1058,-15,1,99,4,0
11,350,21.000000,10000.000000,0,0,6275864,1062,0,1062,-15,1,99,4,0
11,350,21.000000,10000.000000,0,0,6275866,1066,0,1066,-16,1,99,4,0
11,350,21.000000,10000.000000,0,0,6275869,1070,0,1070,-16,1,99,4,0
11,350,21.000000,10000.000000,0,0,6275872,1075,0,1075,-16,1,99,4,0
11,350,21.000000,10000.000000,0,0,6275875,1077,0,1077,-16,1,99,4,0
11,350,21.000000,10000.000000,0,0,6275877,1081,0,1081,-16,1,99,4,0
11,350,21.000000,10000.000000,0,0,6275880,1084,0,1084,-16,1,99,4,0
11,350,21.000000,10000.000000,0,0,6275883,1090,0,1090,-16,1,99,4,0
11,350,21.000000,10000.000000,0,0,6275886,1093,0,1093,-16,1,99,4,0
11,350,21.000000,10000.000000,0,0,6275888,1095,0,1095,-16,1,99,4,0
11,350,21.000000,10000.000000,0,0,6275891,1098,0,1098,-16,1,99,4,0
11,350,21.000000,10000.000000,0,0,6275894,1104,0,1104,-16,1,99,4,0
11,350,21.000000,10000.000000,0,0,6275897,1107,0,1107,-17,1,99,4,0
11,350,21.000000,10000.000000,0,0,6275900,1110,0,1110,-17,1,99,4,0
11,350,21.000000,10000.000000,0,0,6275903,1112,0,1112,-17,1,99,4,0
11,350,21.000000,10000.000000,0,0,6275905,1115,0,1115,-17,1,99,4,0
11,350,21.000000,10000.000000,0,0,6275908,1116,0,1116,-17,1,99,4,0
11,350,21.000000,10000.000000,0,0,6275911,1118,0,1118,-17,1,99,4,0
11,350,21.000000,10000.000000,0,0,6275914,1119,0,1119,-17,1,99,4,0
11,350,21.000000,10000.000000,0,0,6275916,1121,0,1121,-18,1,99,4,0
11,350,21.000000,10000.000000,0,0,6275919,1122,0,1122,-18,1,99,4,0
11,350,21.000000,10000.000000,0,0,6275922,1123,0,1123,-18,1,99,4,0
11,350,21.000000,10000.000000,0,0,6275925,1124,0,1124,-18,1,99,4,0
11,350,21.000000,10000.000000,0,0,6275928,1126,0,1126,-18,1,99,4,0
11,350,21.000000,10000.000000,0,0,6275930,1127,0,1127,-18,1,99,4,0
11,350,21.000000,10000.000000,0,0,6275933,1128,0,1128,-18,1,99,4,0
11,350,21.000000,10000.000000,0,0,6275935,1129,0,1129,-18,1,99,4,0
11,350,21.000000,10000.000000,0,0,6275938,1130,0,1130,-18,1,99,4,0
11,350,21.000000,10000.000000,0,0,6275941,1131,0,1131,-18,1,99,4,0
11,350,21.000000,10000.000000,0,0,6275944,1132,0,1132,-18,1,99,4,0
11,350,21.000000,10000.000000,0,0,6275947,1132,0,1132,-18,1,99,4,0
11,350,21.000000,10000.000000,0,0,6275949,1133,0,1133,-18,1,99,4,0
11,350,21.000000,10000.000000,0,0,6275952,1133,0,1133,-18,1,99,4,0
11,350,21.000000,10000.000000,0,0,6275955,1133,0,1133,-18,1,99,4,0
11,350,21.000000,10000.000000,0,0,6275958,1133,0,1133,-18,1,99,4,0
11,350,21.000000,10000.000000,0,0,6275960,1133,0,1133,-18,1,99,4,0
11,350,21.000000,10000.000000,0,0,6275963,1133,0,1133,-18,1,99,4,0
11,350,21.000000,10000.000000,0,0,6275966,1133,0,1133,-18,1,99,4,0
11,350,21.000000,10000.000000,0,0,6275969,1133,0,1133,-18,1,99,4,0
11,350,21.000000,10000.000000,0,0,6275972,1133,0,1133,-18,1,99,4,0
11,350,21.000000,10000.000000,0,0,6275974,1133,0,1133,-18,1,99,4,0
11,350,21.000000,10000.000000,0,0,6275977,1133,0,1133,-18,1,99,4,0
11,350,21.000000,10000.000000,0,0,6275980,1133,0,1133,-18,1,99,4,0
11,350,21.000000,10000.000000,0,0,6275983,1133,0,1133,-18,1,99,4,0
11,350,21.000000,10000.000000,0,0,6275986,1133,0,1133,-18,1,99,4,0
11,350,21.000000,10000.000000,0,0,6275988,1133,0,1133,-18,1,99,4,0
11,350,21.000000,10000.000000,0,0,6275992,1133,0,1133,-18,1,99,4,0
11,350,21.000000,10000.000000,0,0,6275994,1133,0,1133,-18,1,99,4,0
11,350,21.000000,10000.000000,0,0,6275997,1133,0,1133,-18,1,99,4,0
11,350,21.000000,10000.000000,0,0,6276000,1133,0,1133,-18,1,99,4,0
11,350,21.000000,10000.000000,0,0,6276003,1133,0,1133,-18,1,99,4,0
11,350,21.000000,10000.000000,0,0,6276005,1133,0,1133,-18,1,99,4,0
11,350,21.000000,10000.000000,0,0,6276008,1133,0,1133,-18,1,99,4,0
11,350,21.000000,10000.000000,0,0,6276011,1133,0,1133,-18,1,99,4,0
11,350,21.000000,10000.000000,0,0,6276014,1133,0,1133,-18,1,99,4,0
11,350,21.000000,10000.000000,0,0,6276016,1133,0,1133,-18,1,99,4,0
11,350,21.000000,10000.000000,0,0,6276019,1133,0,1133,-18,1,99,4,0
11,350,21.000000,10000.000000,0,0,6276022,1133,0,1133,-18,1,99,4,0
11,350,21.000000,10000.000000,0,0,6276025,1133,0,1133,-18,1,99,4,0
11,350,21.000000,10000.000000,0,0,6276028,1133,0,1133,-18,1,99,4,0
11,350,21.000000,10000.000000,0,0,6276030,1133,0,1133,-18,1,99,4,0
11,350,21.000000,10000.000000,0,0,6276033,1133,0,1133,-18,1,99,4,0
11,350,21.000000,10000.000000,0,0,6276036,1133,0,1133,-18,1,99,4,0
11,350,21.000000,10000.000000,0,0,6276039,1133,0,1133,-18,1,99,4,0
11,350,21.000000,10000.000000,0,0,6276042,1133,0,1133,-18,1,99,4,0
11,350,21.000000,10000.000000,0,0,6276044,1133,0,1133,-18,1,99,4,0
11,350,21.000000,10000.000000,0,0,6276047,1133,0,1133,-18,1,99,4,0
11,350,21.000000,10000.000000,0,0,6276050,1133,0,1133,-18,1,99,4,0
11,350,21.000000,10000.000000,0,0,6276052,1133,0,1133,-18,1,99,4,0
11,350,21.000000,10000.000000,0,0,6276055,1133,0,1133,-18,1,99,4,0
11,350,21.000000,10000.000000,0,0,6276058,1133,0,1133,-18,1,99,4,0
11,350,21.000000,10000.000000,0,0,6276061,1133,0,1133,-18,1,99,4,0
11,350,21.000000,10000.000000,0,0,6276063,1133,0,1133,-18,1,99,4,0
11,350,21.000000,10000.000000,0,0,6276066,1133,0,1133,-18,1,99,4,0
11,350,21.000000,10000.000000,0,0,6276069,1133,0,1133,-18,1,99,4,0
11,350,21.000000,10000.000000,0,0,6276072,1133,0,1133,-18,1,99,4,0
11,350,21.000000,10000.000000,0,0,6276075,1133,0,1133,-18,1,99,4,0
11,350,21.000000,10000.000000,0,0,6276078,1133,0,1133,-18,1,99,4,0
11,350,21.000000,10000.000000,0,0,6276080,1133,0,1133,-18,1,99,4,0
11,350,21.000000,10000.000000,0,0,6276083,1133,0,1133,-18,1,99,4,0
11,350,21.000000,10000.000000,0,0,6276086,1133,0,1133,-18,1,99,4,0
11,350,21.000000,10000.000000,0,0,6276089,1133,0,1133,-18,1,99,4,0
11,350,21.000000,10000.000000,0,0,6276091,1133,0,1133,-18,1,99,4,0
11,350,21.000000,10000.000000,0,0,6276094,1133,0,1133,-18,1,99,4,0
11,350,21.000000,10000.000000,0,0,6276097,1133,0,1133,-18,1,99,4,0
11,350,21.000000,10000.000000,0,0,6276100,1133,0,1133,-18,1,99,4,0
11,350,21.000000,10000.000000,0,0,6276103,1133,0,1133,-18,1,99,4,0
11,350,21.000000,10000.000000,0,0,6276105,1133,0,1133,-18,1,99,4,0
11,350,21.000000,10000.000000,0,0,6276108,1133,0,1133,-18,1,99,4,0
11,350,21.000000,10000.000000,0,0,6276111,1133,0,1133,-18,1,99,4,0
11,350,21.000000,10000.000000,0,0,6276114,1133,0,1133,-18,1,99,4,0
11,350,21.000000,10000.000000,0,0,6276116,1133,0,1133,-18,1,99,4,0
11,350,21.000000,10000.000000,0,0,6276119,1133,0,1133,-18,1,99,4,0
11,350,21.000000,10000.000000,0,0,6276122,1133,0,1133,-18,1,99,4,0
11,350,21.000000,10000.000000,0,0,6276125,1133,0,1133,-18,1,99,4,0
11,350,21.000000,10000.000000,0,0,6276127,1133,0,1133,-18,1,99,4,0
11,350,21.000000,10000.000000,0,0,6276130,1133,0,1133,-18,1,99,4,0
11,350,21.000000,10000.000000,0,0,6276133,1133,0,1133,-18,1,99,4,0
11,350,21.000000,10000.000000,0,0,6276136,1133,0,1133,-18,1,99,4,0
11,350,21.000000,10000.000000,0,0,6276139,1133,0,1133,-18,1,99,4,0
11,350,21.000000,10000.000000,0,0,6276141,1133,0,1133,-18,1,99,4,0
11,350,21.000000,10000.000000,0,0,6276144,1133,0,1133,-18,1,99,4,0
11,350,21.000000,10000.000000,0,0,6276147,1133,0,1133,-18,1,99,4,0
11,350,21.000000,10000.000000,0,0,6276150,1133,0,1133,-18,1,99,4,0
11,350,21.000000,10000.000000,0,0,6276152,1133,0,1133,-18,1,99,4,0
11,350,21.000000,10000.000000,0,0,6276155,1133,0,1133,-18,1,99,4,0
11,350,21.000000,10000.000000,0,0,6276158,1133,0,1133,-18,1,99,4,0
11,350,21.000000,10000.000000,0,0,6276161,1133,0,1133,-18,1,99,4,0
11,350,21.000000,10000.000000,0,0,6276164,1133,0,1133,-18,1,99,4,0
11,350,21.000000,10000.000000,0,0,6276167,1133,0,1133,-18,1,99,4,0
11,350,21.000000,10000.000000,0,0,6276169,1133,0,1133,-18,1,99,4,0
11,350,21.000000,10000.000000,0,0,6276172,1133,0,1133,-18,1,99,4,0
11,350,21.000000,10000.000000,0,0,6276175,1133,0,1133,-18,1,99,4,0
11,350,21.000000,10000.000000,0,0,6276177,1133,0,1133,-18,1,99,4,0
11,350,21.000000,10000.000000,0,0,6276180,1133,0,1133,-18,1,99,4,0
11,350,21.000000,10000.000000,0,0,6276183,1133,0,1133,-18,1,99,4,0
11,350,21.000000,10000.000000,0,0,6276186,1133,0,1133,-18,1,99,4,0
11,350,21.000000,10000.000000,0,0,6276189,1133,0,1133,-18,1,99,4,0
11,350,21.000000,10000.000000,0,0,6276191,1133,0,1133,-18,1,99,4,0
11,350,21.000000,10000.000000,0,0,6276194,1133,0,1133,-18,1,99,4,0
11,350,21.000000,10000.000000,0,0,6276197,1133,0,1133,-18,1,99,4,0
11,350,21.000000,10000.000000,0,0,6276200,1133,0,1133,-18,1,99,4,0
11,350,21.000000,10000.000000,0,0,6276202,1133,0,1133,-18,1,99,4,0
11,350,21.000000,10000.000000,0,0,6276205,1133,0,1133,-18,1,99,4,0
11,350,21.000000,10000.000000,0,0,6276208,1133,0,1133,-18,1,99,4,0
11,350,21.000000,10000.000000,0,0,6276211,1133,0,1133,-18,1,99,4,0
11,350,21.000000,10000.000000,0,0,6276214,1133,0,1133,-18,1,99,4,0
11,350,21.000000,10000.000000,0,0,6276216,1133,0,1133,-18,1,99,4,0
11,350,21.000000,10000.000000,0,0,6276219,1133,0,1133,-18,1,99,4,0
11,350,21.000000,10000.000000,0,0,6276222,1133,0,1133,-18,1,99,4,0
11,350,21.000000,10000.000000,0,0,6276225,1133,0,1133,-18,1,99,4,0
11,350,21.000000,10000.000000,0,0,6276227,1133,0,1133,-18,1,99,4,0
11,350,21.000000,10000.000000,0,0,6276230,1133,0,1133,-18,1,99,4,0
11,350,21.000000,10000.000000,0,0,6276233,1133,0,1133,-18,1,99,4,0
11,350,21.000000,10000.000000,0,0,6276247,1133,0,1133,-18,0,99,4,0
