4,700,80.500000,10000.000000,0,0,77165922,582,0,582,0,0,35,0
4,700,80.500000,10000.000000,0,0,77165923,582,0,582,0,0,35,0
4,700,80.500000,10000.000000,0,0,77165926,582,0,582,0,0,35,0
4,700,80.500000,10000.000000,0,0,77165929,582,0,582,0,0,35,0
4,700,80.500000,10000.000000,0,0,77165931,582,0,582,0,0,35,0
4,700,80.500000,10000.000000,0,0,77165934,582,0,582,0,0,35,0
4,700,80.500000,10000.000000,0,0,77165937,582,0,582,0,0,35,0
4,700,80.500000,10000.000000,0,0,77165940,582,0,582,0,0,35,0
4,700,80.500000,10000.000000,0,0,77165942,582,0,582,0,0,35,0
4,700,80.500000,10000.000000,0,0,77165945,582,0,582,0,0,35,0
4,700,80.500000,10000.000000,0,0,77165948,582,0,582,0,0,35,0
4,700,80.500000,10000.000000,0,0,77165951,582,0,582,0,0,35,0
4,700,80.500000,10000.000000,0,0,77165954,582,0,582,0,0,35,0
4,700,80.500000,10000.000000,0,0,77165956,582,0,582,0,0,35,0
4,700,80.500000,10000.000000,0,0,77165959,582,0,582,-1,0,35,0
4,700,80.500000,10000.000000,0,0,77165962,582,0,582,-2,0,35,0
4,700,80.500000,10000.000000,0,0,77165965,582,0,582,-4,0,35,0
4,700,80.500000,10000.000000,0,0,77165968,582,0,582,-6,0,35,0
4,700,80.500000,10000.000000,0,0,77165970,582,0,582,-6,0,35,0
4,700,80.500000,10000.000000,0,0,77165973,581,0,581,-6,0,35,0
4,700,80.500000,10000.000000,0,0,77165976,580,0,580,-6,0,35,0
4,700,80.500000,10000.000000,0,0,77165979,580,0,580,-7,0,35,0
4,700,80.500000,10000.000000,0,0,77165981,579,0,579,-7,0,35,0
4,700,80.500000,10000.000000,0,0,77165984,578,0,578,-7,0,35,0
4,700,80.500000,10000.000000,0,0,77165987,578,0,578,-7,0,35,0
4,700,80.500000,10000.000000,0,0,77165990,578,0,578,-7,0,35,0
4,700,80.500000,10000.000000,0,0,77165992,578,0,578,-9,0,35,0
4,700,80.500000,10000.000000,0,0,77165995,578,0,578,-11,0,35,0
4,700,80.500000,10000.000000,0,0,77165998,578,0,578,-11,0,35,0
4,700,80.500000,10000.000000,0,0,77166001,578,0,578,-11,0,35,0
4,700,80.500000,10000.000000,0,0,77166004,577,0,577,-11,0,35,0
4,700,80.500000,10000.000000,0,0,77166006,577,0,577,-11,0,35,0
4,700,80.500000,10000.000000,0,0,77166009,577,0,577,-12,0,35,0
4,700,80.500000,10000.000000,0,0,77166012,577,0,577,-13,0,35,0
4,700,80.500000,10000.000000,0,0,77166015,577,0,577,-13,0,35,0
4,700,80.500000,10000.000000,0,0,77166017,576,0,576,-13,0,35,0
4,700,80.500000,10000.000000,0,0,77166020,576,0,576,-14,0,35,0
4,700,80.500000,10000.000000,0,0,77166023,576,0,576,-15,0,35,0
4,700,80.500000,10000.000000,0,0,77166026,576,0,576,-15,0,35,0
4,700,80.500000,10000.000000,0,0,77166029,576,0,576,-15,0,35,0
4,700,80.500000,10000.000000,0,0,77166031,576,0,576,-16,0,35,0
4,700,80.500000,10000.000000,0,0,77166034,576,0,576,-17,0,35,0
4,700,80.500000,10000.000000,0,0,77166037,576,0,576,-18,0,35,0
4,700,80.500000,10000.000000,0,0,77166040,576,0,576,-18,0,35,0
4,700,80.500000,10000.000000,0,0,77166042,576,0,576,-19,0,35,0
4,700,80.500000,10000.000000,0,0,77166045,576,0,576,-20,0,35,0
4,700,80.500000,10000.000000,0,0,77166048,576,0,576,-20,0,35,0
4,700,80.500000,10000.000000,0,0,77166051,576,0,576,-21,0,35,0
4,700,80.500000,10000.000000,0,0,77166054,576,0,576,-22,0,35,0
4,700,80.500000,10000.000000,0,0,77166056,576,0,576,-23,0,35,0
4,700,80.500000,10000.000000,0,0,77166059,576,0,576,-24,0,35,0
4,700,80.500000,10000.000000,0,0,77166062,576,0,576,-24,0,35,0
4,700,80.500000,10000.000000,0,0,77166064,576,0,576,-24,0,35,0
4,700,80.500000,10000.000000,0,0,77166067,576,0,576,-24,0,35,0
4,700,80.500000,10000.000000,0,0,77166070,576,0,576,-24,0,35,0
4,700,80.500000,10000.000000,0,0,77166073,576,0,576,-25,0,35,0
4,700,80.500000,10000.000000,0,0,77166076,577,0,577,-25,0,35,0
4,700,80.500000,10000.000000,0,0,77166078,578,0,578,-25,0,35,0
4,700,80.500000,10000.000000,0,0,77166081,578,0,578,-26,0,35,0
4,700,80.500000,10000.000000,0,0,77166084,578,0,578,-27,0,35,0
4,700,80.500000,10000.000000,0,0,77166087,578,0,578,-28,0,35,0
4,700,80.500000,10000.000000,0,0,77166089,579,0,579,-28,0,35,0
4,700,80.500000,10000.000000,0,0,77166092,580,0,580,-28,0,35,0
4,700,80.500000,10000.000000,0,0,77166095,581,0,581,-31,0,35,0
4,700,80.500000,10000.000000,0,0,77166098,582,0,582,-34,0,35,0
4,700,80.500000,10000.000000,0,0,77166101,582,0,582,-34,0,35,0
4,700,80.500000,10000.000000,0,0,77166103,582,0,582,-35,0,35,0
4,700,80.500000,10000.000000,0,0,77166106,583,0,583,-36,0,35,0
4,700,80.500000,10000.000000,0,0,77166109,583,0,583,-37,0,35,0
4,700,80.500000,10000.000000,0,0,77166112,584,0,584,-37,0,35,0
4,700,80.500000,10000.000000,0,0,77166114,584,0,584,-38,0,35,0
4,700,80.500000,10000.000000,0,0,77166117,584,0,584,-39,0,35,0
4,700,80.500000,10000.000000,0,0,77166120,584,0,584,-40,0,35,0
4,700,80.500000,10000.000000,0,0,77166123,586,0,586,-40,0,35,0
4,700,80.500000,10000.000000,0,0,77166126,587,0,587,-40,0,35,0
4,700,80.500000,10000.000000,0,0,77166128,587,0,587,-41,0,35,0
4,700,80.500000,10000.000000,0,0,77166131,588,0,588,-43,0,35,0
4,700,80.500000,10000.000000,0,0,77166134,589,0,589,-43,0,35,0
4,700,80.500000,10000.000000,0,0,77166137,589,0,589,-44,0,35,0
4,700,80.500000,10000.000000,0,0,77166140,591,0,591,-44,0,35,0
4,700,80.500000,10000.000000,0,0,77166142,593,0,593,-46,0,35,0
4,700,80.500000,10000.000000,0,0,77166145,594,0,594,-47,0,35,0
4,700,80.500000,10000.000000,0,0,77166148,594,0,594,-48,0,35,0
4,700,80.500000,10000.000000,0,0,77166151,596,0,596,-50,0,35,0
4,700,80.500000,10000.000000,0,0,77166153,597,0,597,-51,0,35,0
4,700,80.500000,10000.000000,0,0,77166156,599,0,599,-52,0,35,0
4,700,80.500000,10000.000000,0,0,77166159,603,0,603,-56,0,35,0
4,700,80.500000,10000.000000,0,0,77166162,604,0,604,-56,0,35,0
4,700,80.500000,10000.000000,0,0,77166164,606,0,606,-58,0,35,0
4,700,80.500000,10000.000000,0,0,77166167,607,0,607,-60,0,35,0
4,700,80.500000,10000.000000,0,0,77166170,608,0,608,-62,0,35,0
4,700,80.500000,10000.000000,0,0,77166173,613,0,613,-65,0,35,0
4,700,80.500000,10000.000000,0,0,77166176,615,0,615,-66,0,35,0
4,700,80.500000,10000.000000,0,0,77166178,617,0,617,-68,0,35,0
4,700,80.500000,10000.000000,0,0,77166181,622,0,622,-71,0,35,0
4,700,80.500000,10000.000000,0,0,77166184,625,0,625,-74,0,35,0
4,700,80.500000,10000.000000,0,0,77166187,627,0,627,-75,0,35,0
4,700,80.500000,10000.000000,0,0,77166190,629,0,629,-76,0,35,0
4,700,80.500000,10000.000000,0,0,77166192,631,0,631,-80,0,35,0
4,700,80.500000,10000.000000,0,0,77166195,633,0,633,-83,0,35,0
4,700,80.500000,10000.000000,0,0,77166198,638,0,638,-86,0,35,0
4,700,80.500000,10000.000000,0,0,77166201,640,0,640,-87,0,35,0
4,700,80.500000,10000.000000,0,0,77166203,645,0,645,-91,0,35,0
4,700,80.500000,10000.000000,0,0,77166206,649,0,649,-93,0,35,0
4,700,80.500000,10000.000000,0,0,77166209,653,0,653,-96,0,35,0
4,700,80.500000,10000.000000,0,0,77166212,658,0,658,-100,0,35,0
4,700,80.500000,10000.000000,0,0,77166215,664,0,664,-103,0,35,0
4,700,80.500000,10000.000000,0,0,77166217,668,0,668,-106,0,35,0
4,700,80.500000,10000.000000,0,0,77166220,673,0,673,-109,0,35,0
4,700,80.500000,10000.000000,0,0,77166223,675,0,675,-110,0,35,0
4,700,80.500000,10000.000000,0,0,77166226,678,0,678,-114,0,35,0
4,700,80.500000,10000.000000,0,0,77166229,680,0,680,-115,0,35,0
4,700,80.500000,10000.000000,0,0,77166231,683,0,683,-118,0,35,0
4,700,80.500000,10000.000000,0,0,77166234,689,0,689,-119,0,35,0
4,700,80.500000,10000.000000,0,0,77166237,691,0,691,-124,0,35,0
4,700,80.500000,10000.000000,0,0,77166240,694,0,694,-125,0,35,0
4,700,80.500000,10000.000000,0,0,77166242,698,0,698,-128,0,35,0
4,700,80.500000,10000.000000,0,0,77166245,701,0,701,-129,0,35,0
4,700,80.500000,10000.000000,0,0,77166248,706,0,706,-133,0,35,0
4,700,80.500000,10000.000000,0,0,77166251,708,0,708,-135,0,35,0
4,700,80.500000,10000.000000,0,0,77166253,713,0,713,-138,0,35,0
4,700,80.500000,10000.000000,0,0,77166256,717,0,717,-142,0,35,0
4,700,80.500000,10000.000000,0,0,77166259,722,0,722,-144,0,35,0
4,700,80.500000,10000.000000,0,0,77166262,726,0,726,-147,0,35,0
4,700,80.500000,10000.000000,0,0,77166265,732,0,732,-150,0,35,0
4,700,80.500000,10000.000000,0,0,77166267,736,0,736,-152,0,35,0
4,700,80.500000,10000.000000,0,0,77166270,741,0,741,-156,0,35,0
4,700,80.500000,10000.000000,0,0,77166273,745,0,745,-159,0,35,0
4,700,80.500000,10000.000000,0,0,77166276,751,0,751,-162,0,35,0
4,700,80.500000,10000.000000,0,0,77166279,754,0,754,-164,0,35,0
4,700,80.500000,10000.000000,0,0,77166281,757,0,757,-165,0,35,0
4,700,80.500000,10000.000000,0,0,77166284,764,0,764,-168,0,35,0
4,700,80.500000,10000.000000,0,0,77166287,767,0,767,-172,0,35,0
4,700,80.500000,10000.000000,0,0,77166290,772,0,772,-174,0,35,0
4,700,80.500000,10000.000000,0,0,77166292,776,0,776,-178,0,35,0
4,700,80.500000,10000.000000,0,0,77166295,779,0,779,-181,0,35,0
4,700,80.500000,10000.000000,0,0,77166298,784,0,784,-183,0,35,0
4,700,80.500000,10000.000000,0,0,77166301,788,0,788,-185,0,35,0
4,700,80.500000,10000.000000,0,0,77166304,793,0,793,-188,0,35,0
4,700,80.500000,10000.000000,0,0,77166307,797,0,797,-192,0,35,0
4,700,80.500000,10000.000000,0,0,77166309,801,0,801,-196,0,35,0
4,700,80.500000,10000.000000,0,0,77166312,807,0,807,-199,0,35,0
4,700,80.500000,10000.000000,0,0,77166315,809,0,809,-200,0,35,0
4,700,80.500000,10000.000000,0,0,77166318,814,0,814,-203,0,35,0
4,700,80.500000,10000.000000,0,0,77166320,818,0,818,-203,0,35,0
4,700,80.500000,10000.000000,0,0,77166323,821,0,821,-206,0,35,0
4,700,80.500000,10000.000000,0,0,77166326,825,0,825,-208,0,35,0
4,700,80.500000,10000.000000,0,0,77166329,830,0,830,-211,0,35,0
4,700,80.500000,10000.000000,0,0,77166332,833,0,833,-212,0,35,0
4,700,80.500000,10000.000000,0,0,77166334,840,0,840,-218,0,35,0
4,700,80.500000,10000.000000,0,0,77166337,843,0,843,-218,0,35,0
4,700,80.500000,10000.000000,0,0,77166340,845,0,845,-222,0,35,0
4,700,80.500000,10000.000000,0,0,77166343,851,0,851,-223,0,35,0
4,700,80.500000,10000.000000,0,0,77166345,856,0,856,-226,0,35,0
4,700,80.500000,10000.000000,0,0,77166348,859,0,859,-228,0,35,0
4,700,80.500000,10000.000000,0,0,77166351,864,0,864,-229,0,35,0
4,700,80.500000,10000.000000,0,0,77166354,868,0,868,-231,0,35,0
4,700,80.500000,10000.000000,0,0,77166357,872,0,872,-233,0,35,0
4,700,80.500000,10000.000000,0,0,77166359,876,0,876,-235,0,35,0
4,700,80.500000,10000.000000,0,0,77166362,880,0,880,-238,0,35,0
4,700,80.500000,10000.000000,0,0,77166365,884,0,884,-238,0,35,0
4,700,80.500000,10000.000000,0,0,77166368,887,0,887,-240,0,35,0
4,700,80.500000,10000.000000,0,0,77166370,891,0,891,-242,0,35,0
4,700,80.500000,10000.000000,0,0,77166373,892,0,892,-244,0,35,0
4,700,80.500000,10000.000000,0,0,77166376,895,0,895,-245,0,35,0
4,700,80.500000,10000.000000,0,0,77166379,899,0,899,-248,0,35,0
4,700,80.500000,10000.000000,0,0,77166382,903,0,903,-250,0,35,0
4,700,80.500000,10000.000000,0,0,77166384,906,0,906,-250,0,35,0
4,700,80.500000,10000.000000,0,0,77166387,907,0,907,-252,0,35,0
4,700,80.500000,10000.000000,0,0,77166390,909,0,909,-255,0,35,0
4,700,80.500000,10000.000000,0,0,77166393,912,0,912,-257,0,35,0
4,700,80.500000,10000.000000,0,0,77166395,915,0,915,-257,0,35,0
4,700,80.500000,10000.000000,0,0,77166398,916,0,916,-258,0,35,0
4,700,80.500000,10000.000000,0,0,77166401,920,0,920,-259,0,35,0
4,700,80.500000,10000.000000,0,0,77166404,925,0,925,-262,0,35,0
4,700,80.500000,10000.000000,0,0,77166407,929,0,929,-262,0,35,0
4,700,80.500000,10000.000000,0,0,77166409,933,0,933,-263,0,35,0
4,700,80.500000,10000.000000,0,0,77166412,936,0,936,-263,0,35,0
4,700,80.500000,10000.000000,0,0,77166415,938,0,938,-266,0,35,0
4,700,80.500000,10000.000000,0,0,77166418,941,0,941,-266,0,35,0
4,700,80.500000,10000.000000,0,0,77166421,943,0,943,-268,0,35,0
4,700,80.500000,10000.000000,0,0,77166423,945,0,945,-268,0,35,0
4,700,80.500000,10000.000000,0,0,77166426,949,0,949,-270,0,35,0
4,700,80.500000,10000.000000,0,0,77166429,953,0,953,-271,0,35,0
4,700,80.500000,10000.000000,0,0,77166432,955,0,955,-273,0,35,0
4,700,80.500000,10000.000000,0,0,77166434,960,0,960,-274,0,35,0
4,700,80.500000,10000.000000,0,0,77166437,962,0,962,-275,0,35,0
4,700,80.500000,10000.000000,0,0,77166440,966,0,966,-275,0,35,0
4,700,80.500000,10000.000000,0,0,77166443,969,0,969,-277,0,35,0
4,700,80.500000,10000.000000,0,0,77166445,971,0,971,-277,0,35,0
4,700,80.500000,10000.000000,0,0,77166448,973,0,973,-278,0,35,0
4,700,80.500000,10000.000000,0,0,77166451,975,0,975,-279,0,35,0
4,700,80.500000,10000.000000,0,0,77166453,977,0,977,-280,0,35,0
4,700,80.500000,10000.000000,0,0,77166457,980,0,980,-282,0,35,0
4,700,80.500000,10000.000000,0,0,77166460,982,0,982,-283,0,35,0
4,700,80.500000,10000.000000,0,0,77166462,985,0,985,-283,0,35,0
4,700,80.500000,10000.000000,0,0,77166465,987,0,987,-285,0,35,0
4,700,80.500000,10000.000000,0,0,77166468,988,0,988,-286,0,35,0
4,700,80.500000,10000.000000,0,0,77166471,992,0,992,-286,0,35,0
4,700,80.500000,10000.000000,0,0,77166473,992,0,992,-288,0,35,0
4,700,80.500000,10000.000000,0,0,77166476,995,0,995,-288,0,35,0
4,700,80.500000,10000.000000,0,0,77166479,997,0,997,-289,0,35,0
4,700,80.500000,10000.000000,0,0,77166482,1002,0,1002,-291,0,35,0
4,700,80.500000,10000.000000,0,0,77166484,1004,0,1004,-293,0,35,0
4,700,80.500000,10000.000000,0,0,77166487,1008,0,1008,-293,0,35,0
4,700,80.500000,10000.000000,0,0,77166490,1009,0,1009,-293,0,35,0
4,700,80.500000,10000.000000,0,0,77166493,1012,0,1012,-294,0,35,0
4,700,80.500000,10000.000000,0,0,77166496,1014,0,1014,-295,0,35,0
4,700,80.500000,10000.000000,0,0,77166498,1015,0,1015,-296,0,35,0
4,700,80.500000,10000.000000,0,0,77166501,1017,0,1017,-297,0,35,0
4,700,80.500000,10000.000000,0,0,77166504,1021,0,1021,-297,0,35,0
4,700,80.500000,10000.000000,0,0,77166507,1022,0,1022,-298,0,35,0
4,700,80.500000,10000.000000,0,0,77166509,1023,0,1023,-298,0,35,0
4,700,80.500000,10000.000000,0,0,77166512,1025,0,1025,-298,0,35,0
4,700,80.500000,10000.000000,0,0,77166515,1027,0,1027,-299,0,35,0
4,700,80.500000,10000.000000,0,0,77166518,1027,0,1027,-300,0,35,0
4,700,80.500000,10000.000000,0,0,77166521,1029,0,1029,-300,0,35,0
4,700,80.500000,10000.000000,0,0,77166523,1031,0,1031,-301,0,35,0
4,700,80.500000,10000.000000,0,0,77166526,1033,0,1033,-301,0,35,0
4,700,80.500000,10000.000000,0,0,77166529,1035,0,1035,-302,0,35,0
4,700,80.500000,10000.000000,0,0,77166532,1036,0,1036,-303,0,35,0
4,700,80.500000,10000.000000,0,0,77166535,1038,0,1038,-304,0,35,0
4,700,80.500000,10000.000000,0,0,77166537,1040,0,1040,-305,0,35,0
4,700,80.500000,10000.000000,0,0,77166540,1043,0,1043,-306,0,35,0
4,700,80.500000,10000.000000,0,0,77166542,1047,0,1047,-307,0,35,0
4,700,80.500000,10000.000000,0,0,77166545,1050,0,1050,-308,0,35,0
4,700,80.500000,10000.000000,0,0,77166549,1053,0,1053,-310,0,35,0
4,700,80.500000,10000.000000,0,0,77166551,1055,0,1055,-311,0,35,0
4,700,80.500000,10000.000000,0,0,77166554,1059,0,1059,-313,0,35,0
4,700,80.500000,10000.000000,0,0,77166557,1062,0,1062,-314,0,35,0
4,700,80.500000,10000.000000,0,0,77166560,1065,0,1065,-315,0,35,0
4,700,80.500000,10000.000000,0,0,77166562,1066,0,1066,-316,0,35,0
4,700,80.500000,10000.000000,0,0,77166565,1069,0,1069,-317,0,35,0
4,700,80.500000,10000.000000,0,0,77166568,1070,0,1070,-319,0,35,0
4,700,80.500000,10000.000000,0,0,77166571,1073,0,1073,-320,0,35,0
4,700,80.500000,10000.000000,0,0,77166573,1076,0,1076,-320,0,35,0
4,700,80.500000,10000.000000,0,0,77166576,1078,0,1078,-321,0,35,0
4,700,80.500000,10000.000000,0,0,77166579,1081,0,1081,-322,0,35,0
4,700,80.500000,10000.000000,0,0,77166581,1084,0,1084,-322,0,35,0
4,700,80.500000,10000.000000,0,0,77166584,1086,0,1086,-325,0,35,0
4,700,80.500000,10000.000000,0,0,77166587,1089,0,1089,-325,0,35,0
4,700,80.500000,10000.000000,0,0,77166590,1090,0,1090,-327,0,35,0
4,700,80.500000,10000.000000,0,0,77166593,1094,0,1094,-327,0,35,0
4,700,80.500000,10000.000000,0,0,77166596,1097,0,1097,-327,0,35,0
4,700,80.500000,10000.000000,0,0,77166598,1101,0,1101,-329,0,35,0
4,700,80.500000,10000.000000,0,0,77166601,1103,0,1103,-329,0,35,0
4,700,80.500000,10000.000000,0,0,77166604,1106,0,1106,-330,0,35,0
4,700,80.500000,10000.000000,0,0,77166607,1111,0,1111,-331,0,35,0
4,700,80.500000,10000.000000,0,0,77166610,1113,0,1113,-331,0,35,0
4,700,80.500000,10000.000000,0,0,77166612,1115,0,1115,-333,0,35,0
4,700,80.500000,10000.000000,0,0,77166615,1119,0,1119,-334,0,35,0
4,700,80.500000,10000.000000,0,0,77166618,1121,0,1121,-335,0,35,0
4,700,80.500000,10000.000000,0,0,77166621,1125,0,1125,-336,0,35,0
4,700,80.500000,10000.000000,0,0,77166623,1127,0,1127,-337,0,35,0
4,700,80.500000,10000.000000,0,0,77166626,1130,0,1130,-337,0,35,0
4,700,80.500000,10000.000000,0,0,77166629,1134,0,1134,-338,0,35,0
4,700,80.500000,10000.000000,0,0,77166632,1136,0,1136,-339,0,35,0
4,700,80.500000,10000.000000,0,0,77166635,1138,0,1138,-340,0,35,0
4,700,80.500000,10000.000000,0,0,77166637,1140,0,1140,-342,0,35,0
4,700,80.500000,10000.000000,0,0,77166640,1143,0,1143,-343,0,35,0
4,700,80.500000,10000.000000,0,0,77166643,1144,0,1144,-343,0,35,0
4,700,80.500000,10000.000000,0,0,77166646,1146,0,1146,-344,0,35,0
4,700,80.500000,10000.000000,0,0,77166648,1147,0,1147,-344,0,35,0
4,700,80.500000,10000.000000,0,0,77166651,1149,0,1149,-345,0,35,0
4,700,80.500000,10000.000000,0,0,77166654,1152,0,1152,-347,0,35,0
4,700,80.500000,10000.000000,0,0,77166657,1153,0,1153,-348,0,35,0
4,700,80.500000,10000.000000,0,0,77166659,1155,0,1155,-348,0,35,0
4,700,80.500000,10000.000000,0,0,77166662,1157,0,1157,-348,0,35,0
4,700,80.500000,10000.000000,0,0,77166665,1159,0,1159,-349,0,35,0
4,700,80.500000,10000.000000,0,0,77166668,1162,0,1162,-351,0,35,0
4,700,80.500000,10000.000000,0,0,77166671,1164,0,1164,-352,0,35,0
4,700,80.500000,10000.000000,0,0,77166674,1166,0,1166,-353,0,35,0
4,700,80.500000,10000.000000,0,0,77166676,1169,0,1169,-354,0,35,0
4,700,80.500000,10000.000000,0,0,77166679,1171,0,1171,-355,0,35,0
4,700,80.500000,10000.000000,0,0,77166682,1172,0,1172,-355,0,35,0
4,700,80.500000,10000.000000,0,0,77166685,1175,0,1175,-357,0,35,0
4,700,80.500000,10000.000000,0,0,77166687,1176,0,1176,-358,0,35,0
4,700,80.500000,10000.000000,0,0,77166690,1178,0,1178,-359,0,35,0
4,700,80.500000,10000.000000,0,0,77166693,1180,0,1180,-359,0,35,0
4,700,80.500000,10000.000000,0,0,77166696,1181,0,1181,-360,0,35,0
4,700,80.500000,10000.000000,0,0,77166699,1184,0,1184,-362,0,35,0
4,700,80.500000,10000.000000,0,0,77166701,1186,0,1186,-363,0,35,0
4,700,80.500000,10000.000000,0,0,77166704,1188,0,1188,-364,0,35,0
4,700,80.500000,10000.000000,0,0,77166707,1189,0,1189,-364,0,35,0
4,700,80.500000,10000.000000,0,0,77166710,1190,0,1190,-364,0,35,0
4,700,80.500000,10000.000000,0,0,77166712,1192,0,1192,-365,0,35,0
4,700,80.500000,10000.000000,0,0,77166715,1193,0,1193,-366,0,35,0
4,700,80.500000,10000.000000,0,0,77166718,1197,0,1197,-368,0,35,0
4,700,80.500000,10000.000000,0,0,77166720,1202,0,1202,-371,0,35,0
4,700,80.500000,10000.000000,0,0,77166723,1202,0,1202,-372,0,35,0
4,700,80.500000,10000.000000,0,0,77166726,1205,0,1205,-372,0,35,0
4,700,80.500000,10000.000000,0,0,77166729,1207,0,1207,-373,0,35,0
4,700,80.500000,10000.000000,0,0,77166732,1209,0,1209,-375,0,35,0
4,700,80.500000,10000.000000,0,0,77166734,1210,0,1210,-375,0,35,0
4,700,80.500000,10000.000000,0,0,77166737,1212,0,1212,-376,0,35,0
4,700,80.500000,10000.000000,0,0,77166740,1213,0,1213,-376,0,35,0
4,700,80.500000,10000.000000,0,0,77166743,1214,0,1214,-378,0,35,0
4,700,80.500000,10000.000000,0,0,77166746,1215,0,1215,-380,0,35,0
4,700,80.500000,10000.000000,0,0,77166749,1216,0,1216,-380,0,35,0
4,700,80.500000,10000.000000,0,0,77166751,1218,0,1218,-380,0,35,0
4,700,80.500000,10000.000000,0,0,77166754,1219,0,1219,-382,0,35,0
4,700,80.500000,10000.000000,0,0,77166757,1221,0,1221,-382,0,35,0
4,700,80.500000,10000.000000,0,0,77166760,1222,0,1222,-382,0,35,0
4,700,80.500000,10000.000000,0,0,77166763,1223,0,1223,-383,0,35,0
4,700,80.500000,10000.000000,0,0,77166765,1224,0,1224,-384,0,35,0
4,700,80.500000,10000.000000,0,0,77166768,1225,0,1225,-384,0,35,0
4,700,80.500000,10000.000000,0,0,77166771,1227,0,1227,-385,0,35,0
4,700,80.500000,10000.000000,0,0,77166774,1228,0,1228,-385,0,35,0
4,700,80.500000,10000.000000,0,0,77166776,1228,0,1228,-386,0,35,0
4,700,80.500000,10000.000000,0,0,77166779,1231,0,1231,-387,0,35,0
4,700,80.500000,10000.000000,0,0,77166782,1235,0,1235,-388,0,35,0
4,700,80.500000,10000.000000,0,0,77166785,1237,0,1237,-389,0,35,0
4,700,80.500000,10000.000000,0,0,77166787,1239,0,1239,-391,0,35,0
4,700,80.500000,10000.000000,0,0,77166790,1241,0,1241,-393,0,35,0
4,700,80.500000,10000.000000,0,0,77166793,1242,0,1242,-393,0,35,0
4,700,80.500000,10000.000000,0,0,77166796,1245,0,1245,-394,0,35,0
4,700,80.500000,10000.000000,0,0,77166798,1245,0,1245,-395,0,35,0
4,700,80.500000,10000.000000,0,0,77166801,1247,0,1247,-395,0,35,0
4,700,80.500000,10000.000000,0,0,77166804,1249,0,1249,-396,0,35,0
4,700,80.500000,10000.000000,0,0,77166807,1251,0,1251,-397,0,35,0
4,700,80.500000,10000.000000,0,0,77166810,1254,0,1254,-399,0,35,0
4,700,80.500000,10000.000000,0,0,77166813,1256,0,1256,-400,0,35,0
4,700,80.500000,10000.000000,0,0,77166815,1257,0,1257,-400,0,35,0
4,700,80.500000,10000.000000,0,0,77166818,1260,0,1260,-402,0,35,0
4,700,80.500000,10000.000000,0,0,77166821,1261,0,1261,-402,0,35,0
4,700,80.500000,10000.000000,0,0,77166824,1262,0,1262,-403,0,35,0
4,700,80.500000,10000.000000,0,0,77166826,1264,0,1264,-404,0,35,0
4,700,80.500000,10000.000000,0,0,77166829,1266,0,1266,-405,0,35,0
4,700,80.500000,10000.000000,0,0,77166832,1268,0,1268,-405,0,35,0
4,700,80.500000,10000.000000,0,0,77166835,1270,0,1270,-406,0,35,0
4,700,80.500000,10000.000000,0,0,77166837,1271,0,1271,-406,0,35,0
4,700,80.500000,10000.000000,0,0,77166840,1273,0,1273,-408,0,35,0
4,700,80.500000,10000.000000,0,0,77166843,1275,0,1275,-409,0,35,0
4,700,80.500000,10000.000000,0,0,77166846,1276,0,1276,-410,0,35,0
4,700,80.500000,10000.000000,0,0,77166848,1277,0,1277,-410,0,35,0
4,700,80.500000,10000.000000,0,0,77166851,1281,0,1281,-411,0,35,0
4,700,80.500000,10000.000000,0,0,77166854,1282,0,1282,-411,0,35,0
4,700,80.500000,10000.000000,0,0,77166857,1283,0,1283,-412,0,35,0
4,700,80.500000,10000.000000,0,0,77166860,1288,0,1288,-416,0,35,0
4,700,80.500000,10000.000000,0,0,77166862,1291,0,1291,-417,0,35,0
4,700,80.500000,10000.000000,0,0,77166865,1292,0,1292,-418,0,35,0
4,700,80.500000,10000.000000,0,0,77166868,1293,0,1293,-418,0,35,0
4,700,80.500000,10000.000000,0,0,77166871,1295,0,1295,-419,0,35,0
4,700,80.500000,10000.000000,0,0,77166873,1296,0,1296,-421,0,35,0
4,700,80.500000,10000.000000,0,0,77166876,1298,0,1298,-421,0,35,0
4,700,80.500000,10000.000000,0,0,77166879,1299,0,1299,-421,0,35,0
4,700,80.500000,10000.000000,0,0,77166882,1300,0,1300,-422,0,35,0
4,700,80.500000,10000.000000,0,0,77166885,1301,0,1301,-423,0,35,0
4,700,80.500000,10000.000000,0,0,77166887,1303,0,1303,-423,0,35,0
4,700,80.500000,10000.000000,0,0,77166890,1305,0,1305,-424,0,35,0
4,700,80.500000,10000.000000,0,0,77166893,1305,0,1305,-425,0,35,0
4,700,80.500000,10000.000000,0,0,77166896,1306,0,1306,-425,0,35,0
4,700,80.500000,10000.000000,0,0,77166898,1307,0,1307,-426,0,35,0
4,700,80.500000,10000.000000,0,0,77166901,1309,0,1309,-427,0,35,0
4,700,80.500000,10000.000000,0,0,77166904,1309,0,1309,-428,0,35,0
4,700,80.500000,10000.000000,0,0,77166907,1309,0,1309,-429,0,35,0
4,700,80.500000,10000.000000,0,0,77166910,1310,0,1310,-429,0,35,0
4,700,80.500000,10000.000000,0,0,77166913,1311,0,1311,-431,0,35,0
4,700,80.500000,10000.000000,0,0,77166915,1312,0,1312,-431,0,35,0
4,700,80.500000,10000.000000,0,0,77166918,1313,0,1313,-431,0,35,0
4,700,80.500000,10000.000000,0,0,77166921,1313,0,1313,-431,0,35,0
4,700,80.500000,10000.000000,0,0,77166923,1314,0,1314,-431,0,35,0
4,700,80.500000,10000.000000,0,0,77166926,1315,0,1315,-431,0,35,0
4,700,80.500000,10000.000000,0,0,77166929,1315,0,1315,-431,0,35,0
4,700,80.500000,10000.000000,0,0,77166932,1316,0,1316,-431,0,35,0
4,700,80.500000,10000.000000,0,0,77166935,1316,0,1316,-433,0,35,0
4,700,80.500000,10000.000000,0,0,77166938,1316,0,1316,-435,0,35,0
4,700,80.500000,10000.000000,0,0,77166940,1316,0,1316,-435,0,35,0
4,700,80.500000,10000.000000,0,0,77166943,1316,0,1316,-435,0,35,0
4,700,80.500000,10000.000000,0,0,77166946,1316,0,1316,-435,0,35,0
4,700,80.500000,10000.000000,0,0,77166948,1316,0,1316,-435,0,35,0
4,700,80.500000,10000.000000,0,0,77166951,1316,0,1316,-435,0,35,0
4,700,80.500000,10000.000000,0,0,77166954,1316,0,1316,-435,0,35,0
4,700,80.500000,10000.000000,0,0,77166957,1316,0,1316,-435,0,35,0
4,700,80.500000,10000.000000,0,0,77166960,1316,0,1316,-435,0,35,0
4,700,80.500000,10000.000000,0,0,77166962,1316,0,1316,-435,0,35,0
4,700,80.500000,10000.000000,0,0,77166965,1316,0,1316,-435,0,35,0
4,700,80.500000,10000.000000,0,0,77166968,1316,0,1316,-435,0,35,0
4,700,80.500000,10000.000000,0,0,77166971,1316,0,1316,-435,0,35,0
4,700,80.500000,10000.000000,0,0,77166974,1316,0,1316,-435,0,35,0
4,700,80.500000,10000.000000,0,0,77166976,1316,0,1316,-435,0,35,0
4,700,80.500000,10000.000000,0,0,77166979,1316,0,1316,-435,0,35,0
4,700,80.500000,10000.000000,0,0,77166982,1316,0,1316,-435,0,35,0
4,700,80.500000,10000.000000,0,0,77166985,1316,0,1316,-435,0,35,0
4,700,80.500000,10000.000000,0,0,77166987,1316,0,1316,-435,0,35,0
4,700,80.500000,10000.000000,0,0,77166990,1316,0,1316,-435,0,35,0
4,700,80.500000,10000.000000,0,0,77166993,1316,0,1316,-435,0,35,0
4,700,80.500000,10000.000000,0,0,77167006,1316,0,1316,-435,0,35,0
