4,700,80.500000,0.000000,2,0,77707176,593,0,593,0,0,49,2
4,700,80.500000,0.000000,2,0,77707177,593,0,593,0,0,49,2
4,700,80.500000,0.000000,2,0,77707180,593,0,593,0,0,49,2
4,700,80.500000,0.000000,2,0,77707182,593,0,593,0,0,49,2
4,700,80.500000,0.000000,2,0,77707185,593,0,593,0,0,49,2
4,700,80.500000,0.000000,2,0,77707188,593,0,593,0,0,49,2
4,700,80.500000,0.000000,2,0,77707191,593,0,593,0,0,49,2
4,700,80.500000,0.000000,2,0,77707194,593,0,593,0,0,49,2
4,700,80.500000,0.000000,2,0,77707196,593,0,593,0,0,49,2
4,700,80.500000,0.000000,2,0,77707199,593,0,593,0,0,49,2
4,700,80.500000,0.000000,2,0,77707202,593,0,593,0,0,49,2
4,700,80.500000,0.000000,2,0,77707205,593,0,593,0,0,49,2
4,700,80.500000,0.000000,2,0,77707208,593,0,593,0,0,49,2
4,700,80.500000,0.000000,2,0,77707210,593,0,593,0,0,49,2
4,700,80.500000,0.000000,2,0,77707213,593,0,593,0,0,49,2
4,700,80.500000,0.000000,2,0,77707216,593,0,593,0,0,49,2
4,700,80.500000,0.000000,2,0,77707218,593,0,593,0,0,49,2
4,700,80.500000,0.000000,2,0,77707221,593,0,593,0,0,49,2
4,700,80.500000,0.000000,2,0,77707224,593,0,593,0,0,49,2
4,700,80.500000,0.000000,2,0,77707226,593,0,593,0,0,49,2
4,700,80.500000,0.000000,2,0,77707229,593,0,593,0,0,49,2
4,700,80.500000,0.000000,2,0,77707232,593,0,593,0,0,49,2
4,700,80.500000,0.000000,2,0,77707235,593,0,593,0,0,49,2
4,700,80.500000,0.000000,2,0,77707238,593,0,593,0,0,49,2
4,700,80.500000,0.000000,2,0,77707241,593,1,593,1,0,49,2
4,700,80.500000,0.000000,2,0,77707243,593,2,593,2,0,49,2
4,700,80.500000,0.000000,2,0,77707246,593,3,593,3,0,49,2
4,700,80.500000,0.000000,2,0,77707249,593,4,593,4,0,49,2
4,700,80.500000,0.000000,2,0,77707252,593,4,593,4,0,49,2
4,700,80.500000,0.000000,2,0,77707254,593,6,593,6,0,49,2
4,700,80.500000,0.000000,2,0,77707257,594,7,594,7,0,49,2
4,700,80.500000,0.000000,2,0,77707260,595,9,595,9,0,49,2
4,700,80.500000,0.000000,2,0,77707263,595,10,595,10,0,49,2
4,700,80.500000,0.000000,2,0,77707266,595,11,595,11,0,49,2
4,700,80.500000,0.000000,2,0,77707268,596,14,596,14,0,49,2
4,700,80.500000,0.000000,2,0,77707271,596,15,596,15,0,49,2
4,700,80.500000,0.000000,2,0,77707274,598,18,598,18,0,49,2
4,700,80.500000,0.000000,2,0,77707276,598,19,598,19,0,49,2
4,700,80.500000,0.000000,2,0,77707279,599,21,599,21,0,49,2
4,700,80.500000,0.000000,2,0,77707282,601,24,601,24,0,49,2
4,700,80.500000,0.000000,2,0,77707285,603,26,603,26,0,49,2
4,700,80.500000,0.000000,2,0,77707288,604,28,604,28,0,49,2
4,700,80.500000,0.000000,2,0,77707290,606,30,606,30,0,49,2
4,700,80.500000,0.000000,2,0,77707294,608,33,608,33,0,49,2
4,700,80.500000,0.000000,2,0,77707297,610,35,610,35,0,49,2
4,700,80.500000,0.000000,2,0,77707300,611,36,611,36,0,49,2
4,700,80.500000,0.000000,2,0,77707302,612,39,612,39,0,49,2
4,700,80.500000,0.000000,2,0,77707305,616,41,616,41,0,49,2
4,700,80.500000,0.000000,2,0,77707308,619,45,619,45,0,49,2
4,700,80.500000,0.000000,2,0,77707311,619,46,619,46,0,49,2
4,700,80.500000,0.000000,2,0,77707314,623,48,623,48,0,49,2
4,700,80.500000,0.000000,2,0,77707316,627,51,627,51,0,49,2
4,700,80.500000,0.000000,2,0,77707319,630,53,630,53,0,49,2
4,700,80.500000,0.000000,2,0,77707321,633,55,633,55,0,49,2
4,700,80.500000,0.000000,2,0,77707324,636,58,636,58,0,49,2
4,700,80.500000,0.000000,2,0,77707327,639,60,639,60,0,49,2
4,700,80.500000,0.000000,2,0,77707330,644,65,644,65,0,49,2
4,700,80.500000,0.000000,2,0,77707332,649,68,649,68,0,49,2
4,700,80.500000,0.000000,2,0,77707335,655,72,655,72,0,49,2
4,700,80.500000,0.000000,2,0,77707338,660,75,660,75,0,49,2
4,700,80.500000,0.000000,2,0,77707341,665,77,665,77,0,49,2
4,700,80.500000,0.000000,2,0,77707343,675,82,675,82,0,49,2
4,700,80.500000,0.000000,2,0,77707346,684,86,684,86,0,49,2
4,700,80.500000,0.000000,2,0,77707349,693,89,693,89,0,49,2
4,700,80.500000,0.000000,2,0,77707352,704,94,704,94,0,49,2
4,700,80.500000,0.000000,2,0,77707355,712,98,712,98,0,49,2
4,700,80.500000,0.000000,2,0,77707357,722,100,722,100,0,49,2
4,700,80.500000,0.000000,2,0,77707360,732,103,732,103,0,49,2
4,700,80.500000,0.000000,2,0,77707363,743,107,743,107,0,49,2
4,700,80.500000,0.000000,2,0,77707366,753,108,753,108,0,49,2
4,700,80.500000,0.000000,2,0,77707368,764,112,764,112,0,49,2
4,700,80.500000,0.000000,2,0,77707372,779,114,779,114,0,49,2
4,700,80.500000,0.000000,2,0,77707374,789,116,789,116,0,49,2
4,700,80.500000,0.000000,2,0,77707377,803,120,803,120,0,49,2
4,700,80.500000,0.000000,2,0,77707380,814,123,814,123,0,49,2
4,700,80.500000,0.000000,2,0,77707383,828,124,828,124,0,49,2
4,700,80.500000,0.000000,2,0,77707385,841,124,841,124,0,49,2
4,700,80.500000,0.000000,2,0,77707388,854,124,854,124,0,49,2
4,700,80.500000,0.000000,2,0,77707391,865,126,865,126,0,49,2
4,700,80.500000,0.000000,2,0,77707394,879,126,879,126,0,49,2
4,700,80.500000,0.000000,2,0,77707396,892,127,892,127,0,49,2
4,700,80.500000,0.000000,2,0,77707399,906,128,906,128,0,49,2
4,700,80.500000,0.000000,2,0,77707402,920,129,920,129,0,49,2
4,700,80.500000,0.000000,2,0,77707405,948,131,948,131,0,49,2
4,700,80.500000,0.000000,2,0,77707408,964,132,964,132,0,49,2
4,700,80.500000,0.000000,2,0,77707410,977,132,977,132,0,49,2
4,700,80.500000,0.000000,2,0,77707413,997,132,997,132,0,49,2
4,700,80.500000,0.000000,2,0,77707416,1011,132,1011,132,0,49,2
4,700,80.500000,0.000000,2,0,77707418,1028,134,1028,134,0,49,2
4,700,80.500000,0.000000,2,0,77707421,1043,134,1043,134,0,49,2
4,700,80.500000,0.000000,2,0,77707424,1061,134,1061,134,0,49,2
4,700,80.500000,0.000000,2,0,77707427,1080,134,1080,134,0,49,2
4,700,80.500000,0.000000,2,0,77707429,1097,134,1097,134,0,49,2
4,700,80.500000,0.000000,2,0,77707432,1113,134,1113,134,0,49,2
4,700,80.500000,0.000000,2,0,77707435,1129,134,1129,134,0,49,2
4,700,80.500000,0.000000,2,0,77707438,1142,134,1142,134,0,49,2
4,700,80.500000,0.000000,2,0,77707441,1159,134,1159,134,0,49,2
4,700,80.500000,0.000000,2,0,77707444,1174,134,1174,134,0,49,2
4,700,80.500000,0.000000,2,0,77707446,1185,134,1185,134,0,49,2
4,700,80.500000,0.000000,2,0,77707449,1201,134,1201,134,0,49,2
4,700,80.500000,0.000000,2,0,77707452,1214,134,1214,134,0,49,2
4,700,80.500000,0.000000,2,0,77707455,1229,132,1229,132,0,49,2
4,700,80.500000,0.000000,2,0,77707458,1241,132,1241,132,0,49,2
4,700,80.500000,0.000000,2,0,77707460,1257,132,1257,132,0,49,2
4,700,80.500000,0.000000,2,0,77707463,1270,131,1270,131,0,49,2
4,700,80.500000,0.000000,2,0,77707466,1281,130,1281,130,0,49,2
4,700,80.500000,0.000000,2,0,77707469,1293,129,1293,129,0,49,2
4,700,80.500000,0.000000,2,0,77707472,1302,128,1302,128,0,49,2
4,700,80.500000,0.000000,2,0,77707474,1311,128,1311,128,0,49,2
4,700,80.500000,0.000000,2,0,77707477,1318,126,1318,126,0,49,2
4,700,80.500000,0.000000,2,0,77707480,1328,125,1328,125,0,49,2
4,700,80.500000,0.000000,2,0,77707483,1333,124,1333,124,0,49,2
4,700,80.500000,0.000000,2,0,77707485,1340,122,1340,122,0,49,2
4,700,80.500000,0.000000,2,0,77707488,1348,120,1348,120,0,49,2
4,700,80.500000,0.000000,2,0,77707491,1356,119,1356,119,0,49,2
4,700,80.500000,0.000000,2,0,77707494,1359,117,1359,117,0,49,2
4,700,80.500000,0.000000,2,0,77707497,1366,116,1366,116,0,49,2
4,700,80.500000,0.000000,2,0,77707499,1368,115,1368,115,0,49,2
4,700,80.500000,0.000000,2,0,77707502,1373,114,1373,114,0,49,2
4,700,80.500000,0.000000,2,0,77707504,1377,113,1377,113,0,49,2
4,700,80.500000,0.000000,2,0,77707507,1379,113,1379,113,0,49,2
4,700,80.500000,0.000000,2,0,77707510,1382,112,1382,112,0,49,2
4,700,80.500000,0.000000,2,0,77707513,1386,111,1386,111,0,49,2
4,700,80.500000,0.000000,2,0,77707516,1387,110,1387,110,0,49,2
4,700,80.500000,0.000000,2,0,77707518,1389,109,1389,109,0,49,2
4,700,80.500000,0.000000,2,0,77707521,1389,108,1389,108,0,49,2
4,700,80.500000,0.000000,2,0,77707524,1391,108,1391,108,0,49,2
4,700,80.500000,0.000000,2,0,77707527,1391,107,1391,107,0,49,2
4,700,80.500000,0.000000,2,0,77707530,1391,106,1391,106,0,49,2
4,700,80.500000,0.000000,2,0,77707533,1392,106,1392,106,0,49,2
4,700,80.500000,0.000000,2,0,77707535,1392,105,1392,105,0,49,2
4,700,80.500000,0.000000,2,0,77707538,1392,104,1392,104,0,49,2
4,700,80.500000,0.000000,2,0,77707541,1392,104,1392,104,0,49,2
4,700,80.500000,0.000000,2,0,77707544,1392,104,1392,104,0,49,2
4,700,80.500000,0.000000,2,0,77707547,1392,104,1392,104,0,49,2
4,700,80.500000,0.000000,2,0,77707550,1392,103,1392,103,0,49,2
4,700,80.500000,0.000000,2,0,77707552,1392,102,1392,102,0,49,2
4,700,80.500000,0.000000,2,0,77707555,1392,101,1392,101,0,49,2
4,700,80.500000,0.000000,2,0,77707558,1392,100,1392,100,0,49,2
4,700,80.500000,0.000000,2,0,77707561,1392,99,1392,99,0,49,2
4,700,80.500000,0.000000,2,0,77707563,1392,98,1392,98,0,49,2
4,700,80.500000,0.000000,2,0,77707566,1392,96,1392,96,0,49,2
4,700,80.500000,0.000000,2,0,77707569,1392,95,1392,95,0,49,2
4,700,80.500000,0.000000,2,0,77707572,1392,94,1392,94,0,49,2
4,700,80.500000,0.000000,2,0,77707574,1391,91,1391,91,0,49,2
4,700,80.500000,0.000000,2,0,77707577,1390,88,1390,88,0,49,2
4,700,80.500000,0.000000,2,0,77707580,1389,87,1389,87,0,49,2
4,700,80.500000,0.000000,2,0,77707583,1389,86,1389,86,0,49,2
4,700,80.500000,0.000000,2,0,77707585,1389,85,1389,85,0,49,2
4,700,80.500000,0.000000,2,0,77707588,1389,83,1389,83,0,49,2
4,700,80.500000,0.000000,2,0,77707591,1389,82,1389,82,0,49,2
4,700,80.500000,0.000000,2,0,77707594,1388,82,1388,82,0,49,2
4,700,80.500000,0.000000,2,0,77707597,1388,80,1388,80,0,49,2
4,700,80.500000,0.000000,2,0,77707599,1387,78,1387,78,0,49,2
4,700,80.500000,0.000000,2,0,77707602,1386,76,1386,76,0,49,2
4,700,80.500000,0.000000,2,0,77707606,1386,75,1386,75,0,49,2
4,700,80.500000,0.000000,2,0,77707608,1385,74,1385,74,0,49,2
4,700,80.500000,0.000000,2,0,77707611,1384,74,1384,74,0,49,2
4,700,80.500000,0.000000,2,0,77707614,1384,72,1384,72,0,49,2
4,700,80.500000,0.000000,2,0,77707618,1381,69,1381,69,0,49,2
4,700,80.500000,0.000000,2,0,77707620,1381,68,1381,68,0,49,2
4,700,80.500000,0.000000,2,0,77707623,1381,68,1381,68,0,49,2
4,700,80.500000,0.000000,2,0,77707625,1379,67,1379,67,0,49,2
4,700,80.500000,0.000000,2,0,77707628,1378,64,1378,64,0,49,2
4,700,80.500000,0.000000,2,0,77707631,1378,64,1378,64,0,49,2
4,700,80.500000,0.000000,2,0,77707633,1374,61,1374,61,0,49,2
4,700,80.500000,0.000000,2,0,77707636,1370,58,1370,58,0,49,2
4,700,80.500000,0.000000,2,0,77707638,1369,57,1369,57,0,49,2
4,700,80.500000,0.000000,2,0,77707641,1366,56,1366,56,0,49,2
4,700,80.500000,0.000000,2,0,77707644,1364,54,1364,54,0,49,2
4,700,80.500000,0.000000,2,0,77707647,1363,52,1363,52,0,49,2
4,700,80.500000,0.000000,2,0,77707649,1360,50,1360,50,0,49,2
4,700,80.500000,0.000000,2,0,77707652,1359,48,1359,48,0,49,2
4,700,80.500000,0.000000,2,0,77707655,1357,46,1357,46,0,49,2
4,700,80.500000,0.000000,2,0,77707658,1355,44,1355,44,0,49,2
4,700,80.500000,0.000000,2,0,77707660,1352,43,1352,43,0,49,2
4,700,80.500000,0.000000,2,0,77707663,1351,42,1351,42,0,49,2
4,700,80.500000,0.000000,2,0,77707666,1346,39,1346,39,0,49,2
4,700,80.500000,0.000000,2,0,77707669,1342,35,1342,35,0,49,2
4,700,80.500000,0.000000,2,0,77707672,1339,35,1339,35,0,49,2
4,700,80.500000,0.000000,2,0,77707674,1336,32,1336,32,0,49,2
4,700,80.500000,0.000000,2,0,77707677,1331,29,1331,29,0,49,2
4,700,80.500000,0.000000,2,0,77707680,1328,27,1328,27,0,49,2
4,700,80.500000,0.000000,2,0,77707682,1326,26,1326,26,0,49,2
4,700,80.500000,0.000000,2,0,77707685,1322,24,1322,24,0,49,2
4,700,80.500000,0.000000,2,0,77707688,1319,22,1319,22,0,49,2
4,700,80.500000,0.000000,2,0,77707691,1317,22,1317,22,0,49,2
4,700,80.500000,0.000000,2,0,77707693,1309,17,1309,17,0,49,2
4,700,80.500000,0.000000,2,0,77707696,1307,16,1307,16,0,49,2
4,700,80.500000,0.000000,2,0,77707699,1302,13,1302,13,0,49,2
4,700,80.500000,0.000000,2,0,77707702,1299,11,1299,11,0,49,2
4,700,80.500000,0.000000,2,0,77707705,1296,10,1296,10,0,49,2
4,700,80.500000,0.000000,2,0,77707707,1292,9,1292,9,0,49,2
4,700,80.500000,0.000000,2,0,77707710,1288,6,1288,6,0,49,2
4,700,80.500000,0.000000,2,0,77707713,1285,3,1285,3,0,49,2
4,700,80.500000,0.000000,2,0,77707716,1282,1,1282,1,0,49,2
4,700,80.500000,0.000000,2,0,77707718,1278,0,1278,-2,0,49,2
4,700,80.500000,0.000000,2,0,77707721,1274,0,1274,-3,0,49,2
4,700,80.500000,0.000000,2,0,77707724,1271,0,1270,-5,0,49,2
4,700,80.500000,0.000000,2,0,77707727,1271,0,1264,-8,0,49,2
4,700,80.500000,0.000000,2,0,77707730,1271,0,1263,-8,0,49,2
4,700,80.500000,0.000000,2,0,77707732,1271,0,1259,-11,0,49,2
4,700,80.500000,0.000000,2,0,77707735,1271,0,1257,-11,0,49,2
4,700,80.500000,0.000000,2,0,77707738,1271,0,1256,-12,0,49,2
4,700,80.500000,0.000000,2,0,77707741,1271,0,1254,-14,0,49,2
4,700,80.500000,0.000000,2,0,77707743,1271,0,1252,-14,0,49,2
4,700,80.500000,0.000000,2,0,77707746,1271,0,1251,-14,0,49,2
4,700,80.500000,0.000000,2,0,77707749,1271,0,1248,-15,0,49,2
4,700,80.500000,0.000000,2,0,77707752,1271,0,1245,-16,0,49,2
4,700,80.500000,0.000000,2,0,77707755,1271,0,1243,-16,0,49,2
4,700,80.500000,0.000000,2,0,77707758,1271,0,1242,-17,0,49,2
4,700,80.500000,0.000000,2,0,77707761,1271,0,1241,-18,0,49,2
4,700,80.500000,0.000000,2,0,77707763,1271,0,1238,-19,0,49,2
4,700,80.500000,0.000000,2,0,77707766,1271,0,1237,-19,0,49,2
4,700,80.500000,0.000000,2,0,77707768,1271,0,1236,-20,0,49,2
4,700,80.500000,0.000000,2,0,77707772,1271,0,1235,-21,0,49,2
4,700,80.500000,0.000000,2,0,77707775,1271,0,1234,-22,0,49,2
4,700,80.500000,0.000000,2,0,77707777,1271,0,1233,-22,0,49,2
4,700,80.500000,0.000000,2,0,77707780,1271,0,1233,-23,0,49,2
4,700,80.500000,0.000000,2,0,77707783,1271,0,1232,-23,0,49,2
4,700,80.500000,0.000000,2,0,77707785,1271,0,1231,-23,0,49,2
4,700,80.500000,0.000000,2,0,77707788,1271,0,1231,-23,0,49,2
4,700,80.500000,0.000000,2,0,77707791,1271,0,1229,-23,0,49,2
4,700,80.500000,0.000000,2,0,77707794,1271,0,1229,-23,0,49,2
4,700,80.500000,0.000000,2,0,77707797,1271,0,1228,-23,0,49,2
4,700,80.500000,0.000000,2,0,77707799,1271,0,1228,-24,0,49,2
4,700,80.500000,0.000000,2,0,77707802,1271,0,1227,-24,0,49,2
4,700,80.500000,0.000000,2,0,77707805,1271,0,1226,-24,0,49,2
4,700,80.500000,0.000000,2,0,77707808,1271,0,1226,-24,0,49,2
4,700,80.500000,0.000000,2,0,77707810,1271,0,1226,-24,0,49,2
4,700,80.500000,0.000000,2,0,77707813,1271,0,1225,-24,0,49,2
4,700,80.500000,0.000000,2,0,77707816,1271,0,1224,-24,0,49,2
4,700,80.500000,0.000000,2,0,77707819,1271,0,1224,-24,0,49,2
4,700,80.500000,0.000000,2,0,77707822,1271,0,1223,-24,0,49,2
4,700,80.500000,0.000000,2,0,77707824,1271,0,1222,-24,0,49,2
4,700,80.500000,0.000000,2,0,77707827,1271,0,1222,-24,0,49,2
4,700,80.500000,0.000000,2,0,77707830,1271,0,1222,-24,0,49,2
4,700,80.500000,0.000000,2,0,77707833,1271,0,1222,-24,0,49,2
4,700,80.500000,0.000000,2,0,77707836,1271,0,1222,-24,0,49,2
4,700,80.500000,0.000000,2,0,77707838,1271,0,1222,-24,0,49,2
4,700,80.500000,0.000000,2,0,77707841,1271,0,1221,-24,0,49,2
4,700,80.500000,0.000000,2,0,77707844,1271,0,1221,-24,0,49,2
4,700,80.500000,0.000000,2,0,77707847,1271,0,1221,-24,0,49,2
4,700,80.500000,0.000000,2,0,77707849,1271,0,1221,-24,0,49,2
4,700,80.500000,0.000000,2,0,77707852,1271,0,1220,-24,0,49,2
4,700,80.500000,0.000000,2,0,77707855,1271,0,1218,-24,0,49,2
4,700,80.500000,0.000000,2,0,77707858,1271,0,1218,-24,0,49,2
4,700,80.500000,0.000000,2,0,77707861,1271,0,1218,-24,0,49,2
4,700,80.500000,0.000000,2,0,77707863,1271,0,1218,-24,0,49,2
4,700,80.500000,0.000000,2,0,77707866,1271,0,1218,-24,0,49,2
4,700,80.500000,0.000000,2,0,77707869,1271,0,1217,-24,0,49,2
4,700,80.500000,0.000000,2,0,77707872,1271,0,1216,-24,0,49,2
4,700,80.500000,0.000000,2,0,77707875,1271,0,1216,-24,0,49,2
4,700,80.500000,0.000000,2,0,77707877,1271,0,1216,-24,0,49,2
4,700,80.500000,0.000000,2,0,77707880,1271,0,1215,-24,0,49,2
4,700,80.500000,0.000000,2,0,77707883,1271,0,1214,-24,0,49,2
4,700,80.500000,0.000000,2,0,77707886,1271,0,1214,-24,0,49,2
4,700,80.500000,0.000000,2,0,77707888,1271,0,1213,-24,0,49,2
4,700,80.500000,0.000000,2,0,77707891,1271,0,1211,-24,0,49,2
4,700,80.500000,0.000000,2,0,77707894,1271,0,1211,-24,0,49,2
4,700,80.500000,0.000000,2,0,77707897,1271,0,1211,-24,0,49,2
4,700,80.500000,0.000000,2,0,77707900,1271,0,1211,-24,0,49,2
4,700,80.500000,0.000000,2,0,77707902,1271,0,1211,-24,0,49,2
4,700,80.500000,0.000000,2,0,77707905,1271,0,1211,-24,0,49,2
4,700,80.500000,0.000000,2,0,77707908,1271,0,1211,-24,0,49,2
4,700,80.500000,0.000000,2,0,77707911,1271,0,1211,-24,0,49,2
4,700,80.500000,0.000000,2,0,77707913,1271,0,1210,-24,0,49,2
4,700,80.500000,0.000000,2,0,77707916,1271,0,1209,-24,0,49,2
4,700,80.500000,0.000000,2,0,77707919,1271,0,1209,-24,0,49,2
4,700,80.500000,0.000000,2,0,77707922,1271,0,1209,-24,0,49,2
4,700,80.500000,0.000000,2,0,77707925,1271,0,1208,-24,0,49,2
4,700,80.500000,0.000000,2,0,77707927,1271,0,1207,-24,0,49,2
4,700,80.500000,0.000000,2,0,77707930,1271,0,1207,-24,0,49,2
4,700,80.500000,0.000000,2,0,77707933,1271,0,1207,-24,0,49,2
4,700,80.500000,0.000000,2,0,77707936,1271,0,1207,-24,0,49,2
4,700,80.500000,0.000000,2,0,77707938,1271,0,1207,-24,0,49,2
4,700,80.500000,0.000000,2,0,77707941,1271,0,1207,-24,0,49,2
4,700,80.500000,0.000000,2,0,77707944,1271,0,1207,-24,0,49,2
4,700,80.500000,0.000000,2,0,77707947,1271,0,1207,-24,0,49,2
4,700,80.500000,0.000000,2,0,77707950,1271,0,1207,-24,0,49,2
4,700,80.500000,0.000000,2,0,77707952,1271,0,1207,-24,0,49,2
4,700,80.500000,0.000000,2,0,77707955,1271,0,1207,-24,0,49,2
4,700,80.500000,0.000000,2,0,77707958,1271,0,1207,-24,0,49,2
4,700,80.500000,0.000000,2,0,77707961,1271,0,1207,-24,0,49,2
4,700,80.500000,0.000000,2,0,77707963,1271,0,1207,-24,0,49,2
4,700,80.500000,0.000000,2,0,77707966,1271,1,1207,-23,0,49,2
4,700,80.500000,0.000000,2,0,77707969,1271,2,1207,-22,0,49,2
4,700,80.500000,0.000000,2,0,77707972,1271,2,1207,-22,0,49,2
4,700,80.500000,0.000000,2,0,77707974,1271,2,1207,-22,0,49,2
4,700,80.500000,0.000000,2,0,77707977,1271,2,1207,-22,0,49,2
4,700,80.500000,0.000000,2,0,77707980,1271,2,1207,-22,0,49,2
4,700,80.500000,0.000000,2,0,77707983,1271,2,1207,-22,0,49,2
4,700,80.500000,0.000000,2,0,77707985,1271,2,1207,-22,0,49,2
4,700,80.500000,0.000000,2,0,77707988,1271,2,1207,-22,0,49,2
4,700,80.500000,0.000000,2,0,77708002,1271,2,1207,-22,0,49,2
