4,350,80.500000,42.000000,2,0,77825206,799,0,799,0,0,54,9
4,350,80.500000,42.000000,2,0,77825206,799,0,799,0,0,54,9
4,350,80.500000,42.000000,2,0,77825209,799,0,799,0,0,54,9
4,350,80.500000,42.000000,2,0,77825212,799,0,799,0,0,54,9
4,350,80.500000,42.000000,2,0,77825215,799,0,799,0,0,54,9
4,350,80.500000,42.000000,2,0,77825217,799,0,799,0,0,54,9
4,350,80.500000,42.000000,2,0,77825220,799,0,799,0,0,54,9
4,350,80.500000,42.000000,2,0,77825223,799,0,799,0,0,54,9
4,350,80.500000,42.000000,2,0,77825226,799,0,799,0,0,54,9
4,350,80.500000,42.000000,2,0,77825229,799,0,799,0,0,54,9
4,350,80.500000,42.000000,2,0,77825231,799,0,799,0,0,54,9
4,350,80.500000,42.000000,2,0,77825234,799,0,799,0,0,54,9
4,350,80.500000,42.000000,2,0,77825237,799,0,799,0,0,54,9
4,350,80.500000,42.000000,2,0,77825240,799,0,799,0,0,54,9
4,350,80.500000,42.000000,2,0,77825243,799,0,799,0,0,54,9
4,350,80.500000,42.000000,2,0,77825245,799,0,799,0,0,54,9
4,350,80.500000,42.000000,2,0,77825248,799,0,799,0,0,54,9
4,350,80.500000,42.000000,2,0,77825251,799,0,799,0,0,54,9
4,350,80.500000,42.000000,2,0,77825254,799,0,799,0,0,54,9
4,350,80.500000,42.000000,2,0,77825256,799,0,799,0,0,54,9
4,350,80.500000,42.000000,2,0,77825259,799,0,799,0,0,54,9
4,350,80.500000,42.000000,2,0,77825262,799,0,799,0,0,54,9
4,350,80.500000,42.000000,2,0,77825265,799,0,799,0,0,54,9
4,350,80.500000,42.000000,2,0,77825268,799,0,799,0,0,54,9
4,350,80.500000,42.000000,2,0,77825270,799,0,799,0,0,54,9
4,350,80.500000,42.000000,2,0,77825273,799,0,799,0,0,54,9
4,350,80.500000,42.000000,2,0,77825276,799,0,799,0,0,54,9
4,350,80.500000,42.000000,2,0,77825279,799,0,799,0,0,54,9
4,350,80.500000,42.000000,2,0,77825281,799,0,799,0,0,54,9
4,350,80.500000,42.000000,2,0,77825284,799,1,799,1,0,54,9
4,350,80.500000,42.000000,2,0,77825287,799,2,799,2,0,54,9
4,350,80.500000,42.000000,2,0,77825290,799,2,799,2,0,54,9
4,350,80.500000,42.000000,2,0,77825293,801,2,801,2,0,54,9
4,350,80.500000,42.000000,2,0,77825295,802,2,802,2,0,54,9
4,350,80.500000,42.000000,2,0,77825298,803,2,803,2,0,54,9
4,350,80.500000,42.000000,2,0,77825301,804,2,804,2,0,54,9
4,350,80.500000,42.000000,2,0,77825304,805,2,805,2,0,54,9
4,350,80.500000,42.000000,2,0,77825306,805,4,805,4,0,54,9
4,350,80.500000,42.000000,2,0,77825309,807,5,807,5,0,54,9
4,350,80.500000,42.000000,2,0,77825312,808,5,808,5,0,54,9
4,350,80.500000,42.000000,2,0,77825315,810,5,810,5,0,54,9
4,350,80.500000,42.000000,2,0,77825318,810,6,810,6,0,54,9
4,350,80.500000,42.000000,2,0,77825320,812,9,812,9,0,54,9
4,350,80.500000,42.000000,2,0,77825323,815,9,815,9,0,54,9
4,350,80.500000,42.000000,2,0,77825326,816,9,816,9,0,54,9
4,350,80.500000,42.000000,2,0,77825329,817,11,817,11,0,54,9
4,350,80.500000,42.000000,2,0,77825331,820,12,820,12,0,54,9
4,350,80.500000,42.000000,2,0,77825334,822,13,822,13,0,54,9
4,350,80.500000,42.000000,2,0,77825337,824,14,824,14,0,54,9
4,350,80.500000,42.000000,2,0,77825340,826,16,826,16,0,54,9
4,350,80.500000,42.000000,2,0,77825343,827,16,827,16,0,54,9
4,350,80.500000,42.000000,2,0,77825345,831,19,831,19,0,54,9
4,350,80.500000,42.000000,2,0,77825348,833,20,833,20,0,54,9
4,350,80.500000,42.000000,2,0,77825351,834,20,834,20,0,54,9
4,350,80.500000,42.000000,2,0,77825354,839,23,839,23,0,54,9
4,350,80.500000,42.000000,2,0,77825356,841,24,841,24,0,54,9
4,350,80.500000,42.000000,2,0,77825359,844,26,844,26,0,54,9
4,350,80.500000,42.000000,2,0,77825362,849,28,849,28,0,54,9
4,350,80.500000,42.000000,2,0,77825365,854,31,854,31,0,54,9
4,350,80.500000,42.000000,2,0,77825368,857,32,857,32,0,54,9
4,350,80.500000,42.000000,2,0,77825371,860,32,860,32,0,54,9
4,350,80.500000,42.000000,2,0,77825373,865,35,865,35,0,54,9
4,350,80.500000,42.000000,2,0,77825376,867,38,867,38,0,54,9
4,350,80.500000,42.000000,2,0,77825379,870,39,870,39,0,54,9
4,350,80.500000,42.000000,2,0,77825381,874,41,874,41,0,54,9
4,350,80.500000,42.000000,2,0,77825384,880,43,880,43,0,54,9
4,350,80.500000,42.000000,2,0,77825387,886,46,886,46,0,54,9
4,350,80.500000,42.000000,2,0,77825390,888,48,888,48,0,54,9
4,350,80.500000,42.000000,2,0,77825393,891,48,891,48,0,54,9
4,350,80.500000,42.000000,2,0,77825395,896,51,896,51,0,54,9
4,350,80.500000,42.000000,2,0,77825398,901,52,901,52,0,54,9
4,350,80.500000,42.000000,2,0,77825401,905,54,905,54,0,54,9
4,350,80.500000,42.000000,2,0,77825404,908,55,908,55,0,54,9
4,350,80.500000,42.000000,2,0,77825407,910,56,910,56,0,54,9
4,350,80.500000,42.000000,2,0,77825409,914,56,914,56,0,54,9
4,350,80.500000,42.000000,2,0,77825412,917,56,917,56,0,54,9
4,350,80.500000,42.000000,2,0,77825415,922,56,922,56,0,54,9
4,350,80.500000,42.000000,2,0,77825418,925,57,925,57,0,54,9
4,350,80.500000,42.000000,2,0,77825421,928,58,928,58,0,54,9
4,350,80.500000,42.000000,2,0,77825424,934,58,934,58,0,54,9
4,350,80.500000,42.000000,2,0,77825426,937,58,937,58,0,54,9
4,350,80.500000,42.000000,2,0,77825429,941,58,941,58,0,54,9
4,350,80.500000,42.000000,2,0,77825432,945,58,945,58,0,54,9
4,350,80.500000,42.000000,2,0,77825434,948,58,948,58,0,54,9
4,350,80.500000,42.000000,2,0,77825437,952,59,952,59,0,54,9
4,350,80.500000,42.000000,2,0,77825440,955,59,955,59,0,54,9
4,350,80.500000,42.000000,2,0,77825443,959,59,959,59,0,54,9
4,350,80.500000,42.000000,2,0,77825445,965,59,965,59,0,54,9
4,350,80.500000,42.000000,2,0,77825448,968,59,968,59,0,54,9
4,350,80.500000,42.000000,2,0,77825451,972,59,972,59,0,54,9
4,350,80.500000,42.000000,2,0,77825454,976,59,976,59,0,54,9
4,350,80.500000,42.000000,2,0,77825457,980,59,980,59,0,54,9
4,350,80.500000,42.000000,2,0,77825459,982,59,982,59,0,54,9
4,350,80.500000,42.000000,2,0,77825462,987,59,987,59,0,54,9
4,350,80.500000,42.000000,2,0,77825465,990,59,990,59,0,54,9
4,350,80.500000,42.000000,2,0,77825468,995,59,995,59,0,54,9
4,350,80.500000,42.000000,2,0,77825470,997,59,997,59,0,54,9
4,350,80.500000,42.000000,2,0,77825473,1001,59,1001,59,0,54,9
4,350,80.500000,42.000000,2,0,77825476,1004,57,1004,57,0,54,9
4,350,80.500000,42.000000,2,0,77825479,1007,57,1007,57,0,54,9
4,350,80.500000,42.000000,2,0,77825482,1009,57,1009,57,0,54,9
4,350,80.500000,42.000000,2,0,77825484,1015,56,1015,56,0,54,9
4,350,80.500000,42.000000,2,0,77825487,1019,56,1019,56,0,54,9
4,350,80.500000,42.000000,2,0,77825490,1023,56,1023,56,0,54,9
4,350,80.500000,42.000000,2,0,77825493,1026,55,1026,55,0,54,9
4,350,80.500000,42.000000,2,0,77825495,1028,54,1028,54,0,54,9
4,350,80.500000,42.000000,2,0,77825498,1031,54,1031,54,0,54,9
4,350,80.500000,42.000000,2,0,77825501,1036,53,1036,53,0,54,9
4,350,80.500000,42.000000,2,0,77825504,1038,52,1038,52,0,54,9
4,350,80.500000,42.000000,2,0,77825507,1040,52,1040,52,0,54,9
4,350,80.500000,42.000000,2,0,77825509,1042,51,1042,51,0,54,9
4,350,80.500000,42.000000,2,0,77825512,1044,50,1044,50,0,54,9
4,350,80.500000,42.000000,2,0,77825515,1046,50,1046,50,0,54,9
4,350,80.500000,42.000000,2,0,77825518,1047,48,1047,48,0,54,9
4,350,80.500000,42.000000,2,0,77825520,1049,48,1049,48,0,54,9
4,350,80.500000,42.000000,2,0,77825523,1052,47,1052,47,0,54,9
4,350,80.500000,42.000000,2,0,77825527,1053,46,1053,46,0,54,9
4,350,80.500000,42.000000,2,0,77825529,1053,45,1053,45,0,54,9
4,350,80.500000,42.000000,2,0,77825532,1055,44,1055,44,0,54,9
4,350,80.500000,42.000000,2,0,77825535,1057,44,1057,44,0,54,9
4,350,80.500000,42.000000,2,0,77825537,1058,42,1058,42,0,54,9
4,350,80.500000,42.000000,2,0,77825540,1059,42,1059,42,0,54,9
4,350,80.500000,42.000000,2,0,77825543,1060,41,1060,41,0,54,9
4,350,80.500000,42.000000,2,0,77825546,1061,40,1061,40,0,54,9
4,350,80.500000,42.000000,2,0,77825548,1062,38,1062,38,0,54,9
4,350,80.500000,42.000000,2,0,77825551,1064,38,1064,38,0,54,9
4,350,80.500000,42.000000,2,0,77825554,1066,37,1066,37,0,54,9
4,350,80.500000,42.000000,2,0,77825557,1067,37,1067,37,0,54,9
4,350,80.500000,42.000000,2,0,77825560,1067,36,1067,36,0,54,9
4,350,80.500000,42.000000,2,0,77825562,1068,36,1068,36,0,54,9
4,350,80.500000,42.000000,2,0,77825565,1069,36,1069,36,0,54,9
4,350,80.500000,42.000000,2,0,77825568,1070,36,1070,36,0,54,9
4,350,80.500000,42.000000,2,0,77825570,1071,35,1071,35,0,54,9
4,350,80.500000,42.000000,2,0,77825573,1072,34,1072,34,0,54,9
4,350,80.500000,42.000000,2,0,77825576,1073,33,1073,33,0,54,9
4,350,80.500000,42.000000,2,0,77825579,1074,31,1074,31,0,54,9
4,350,80.500000,42.000000,2,0,77825582,1074,31,1074,31,0,54,9
4,350,80.500000,42.000000,2,0,77825584,1075,31,1075,31,0,54,9
4,350,80.500000,42.000000,2,0,77825587,1075,31,1075,31,0,54,9
4,350,80.500000,42.000000,2,0,77825590,1077,30,1077,30,0,54,9
4,350,80.500000,42.000000,2,0,77825593,1079,30,1079,30,0,54,9
4,350,80.500000,42.000000,2,0,77825596,1081,30,1081,30,0,54,9
4,350,80.500000,42.000000,2,0,77825598,1082,29,1082,29,0,54,9
4,350,80.500000,42.000000,2,0,77825601,1083,29,1083,29,0,54,9
4,350,80.500000,42.000000,2,0,77825604,1083,28,1083,28,0,54,9
4,350,80.500000,42.000000,2,0,77825607,1084,27,1084,27,0,54,9
4,350,80.500000,42.000000,2,0,77825610,1085,27,1085,27,0,54,9
4,350,80.500000,42.000000,2,0,77825612,1086,26,1086,26,0,54,9
4,350,80.500000,42.000000,2,0,77825615,1087,25,1087,25,0,54,9
4,350,80.500000,42.000000,2,0,77825618,1088,23,1088,23,0,54,9
4,350,80.500000,42.000000,2,0,77825621,1090,21,1090,21,0,54,9
4,350,80.500000,42.000000,2,0,77825623,1091,21,1091,21,0,54,9
4,350,80.500000,42.000000,2,0,77825626,1092,20,1092,20,0,54,9
4,350,80.500000,42.000000,2,0,77825629,1095,19,1095,19,0,54,9
4,350,80.500000,42.000000,2,0,77825632,1096,18,1096,18,0,54,9
4,350,80.500000,42.000000,2,0,77825634,1098,17,1098,17,0,54,9
4,350,80.500000,42.000000,2,0,77825637,1100,16,1100,16,0,54,9
4,350,80.500000,42.000000,2,0,77825640,1101,15,1101,15,0,54,9
4,350,80.500000,42.000000,2,0,77825643,1103,14,1103,14,0,54,9
4,350,80.500000,42.000000,2,0,77825646,1105,12,1105,12,0,54,9
4,350,80.500000,42.000000,2,0,77825649,1109,10,1109,10,0,54,9
4,350,80.500000,42.000000,2,0,77825651,1109,9,1109,9,0,54,9
4,350,80.500000,42.000000,2,0,77825654,1109,8,1109,8,0,54,9
4,350,80.500000,42.000000,2,0,77825657,1110,8,1110,8,0,54,9
4,350,80.500000,42.000000,2,0,77825660,1111,8,1111,8,0,54,9
4,350,80.500000,42.000000,2,0,77825663,1112,8,1112,8,0,54,9
4,350,80.500000,42.000000,2,0,77825665,1112,7,1112,7,0,54,9
4,350,80.500000,42.000000,2,0,77825668,1112,6,1112,6,0,54,9
4,350,80.500000,42.000000,2,0,77825671,1113,6,1113,6,0,54,9
4,350,80.500000,42.000000,2,0,77825674,1114,6,1114,6,0,54,9
4,350,80.500000,42.000000,2,0,77825676,1115,6,1115,6,0,54,9
4,350,80.500000,42.000000,2,0,77825679,1116,6,1116,6,0,54,9
4,350,80.500000,42.000000,2,0,77825682,1116,6,1116,6,0,54,9
4,350,80.500000,42.000000,2,0,77825685,1116,6,1116,6,0,54,9
4,350,80.500000,42.000000,2,0,77825688,1116,6,1116,6,0,54,9
4,350,80.500000,42.000000,2,0,77825690,1116,5,1116,5,0,54,9
4,350,80.500000,42.000000,2,0,77825693,1117,4,1117,4,0,54,9
4,350,80.500000,42.000000,2,0,77825696,1117,4,1117,4,0,54,9
4,350,80.500000,42.000000,2,0,77825699,1117,4,1117,4,0,54,9
4,350,80.500000,42.000000,2,0,77825701,1117,4,1117,4,0,54,9
4,350,80.500000,42.000000,2,0,77825704,1117,4,1117,4,0,54,9
4,350,80.500000,42.000000,2,0,77825707,1117,4,1117,4,0,54,9
4,350,80.500000,42.000000,2,0,77825710,1117,4,1117,4,0,54,9
4,350,80.500000,42.000000,2,0,77825713,1117,4,1117,4,0,54,9
4,350,80.500000,42.000000,2,0,77825715,1117,4,1117,4,0,54,9
4,350,80.500000,42.000000,2,0,77825718,1117,4,1117,4,0,54,9
4,350,80.500000,42.000000,2,0,77825721,1117,4,1117,4,0,54,9
4,350,80.500000,42.000000,2,0,77825724,1117,3,1117,3,0,54,9
4,350,80.500000,42.000000,2,0,77825726,1117,2,1117,2,0,54,9
4,350,80.500000,42.000000,2,0,77825729,1118,2,1118,2,0,54,9
4,350,80.500000,42.000000,2,0,77825732,1119,2,1119,2,0,54,9
4,350,80.500000,42.000000,2,0,77825735,1119,2,1119,2,0,54,9
4,350,80.500000,42.000000,2,0,77825738,1119,2,1119,2,0,54,9
4,350,80.500000,42.000000,2,0,77825740,1119,2,1119,2,0,54,9
4,350,80.500000,42.000000,2,0,77825743,1119,2,1119,2,0,54,9
4,350,80.500000,42.000000,2,0,77825746,1119,2,1119,2,0,54,9
4,350,80.500000,42.000000,2,0,77825749,1119,2,1119,2,0,54,9
4,350,80.500000,42.000000,2,0,77825751,1119,1,1119,1,0,54,9
4,350,80.500000,42.000000,2,0,77825754,1119,0,1119,0,0,54,9
4,350,80.500000,42.000000,2,0,77825757,1119,0,1119,0,0,54,9
4,350,80.500000,42.000000,2,0,77825760,1119,0,1119,0,0,54,9
4,350,80.500000,42.000000,2,0,77825763,1119,0,1119,0,0,54,9
4,350,80.500000,42.000000,2,0,77825765,1119,0,1119,0,0,54,9
4,350,80.500000,42.000000,2,0,77825768,1119,0,1119,0,0,54,9
4,350,80.500000,42.000000,2,0,77825771,1119,0,1119,0,0,54,9
4,350,80.500000,42.000000,2,0,77825774,1119,0,1119,0,0,54,9
4,350,80.500000,42.000000,2,0,77825776,1119,0,1119,0,0,54,9
4,350,80.500000,42.000000,2,0,77825779,1119,0,1119,0,0,54,9
4,350,80.500000,42.000000,2,0,77825782,1119,0,1119,0,0,54,9
4,350,80.500000,42.000000,2,0,77825785,1119,0,1119,0,0,54,9
4,350,80.500000,42.000000,2,0,77825788,1119,0,1119,0,0,54,9
4,350,80.500000,42.000000,2,0,77825790,1119,0,1119,0,0,54,9
4,350,80.500000,42.000000,2,0,77825793,1119,0,1119,0,0,54,9
4,350,80.500000,42.000000,2,0,77825796,1119,0,1119,0,0,54,9
4,350,80.500000,42.000000,2,0,77825799,1119,0,1119,0,0,54,9
4,350,80.500000,42.000000,2,0,77825802,1119,0,1119,0,0,54,9
4,350,80.500000,42.000000,2,0,77825813,1119,0,1119,0,0,54,9
