4,350,21.000000,10000.000000,2,0,77905241,777,0,777,0,0,58,2
4,350,21.000000,10000.000000,2,0,77905241,777,0,777,0,0,58,2
4,350,21.000000,10000.000000,2,0,77905244,777,0,777,0,0,58,2
4,350,21.000000,10000.000000,2,0,77905247,777,0,777,0,0,58,2
4,350,21.000000,10000.000000,2,0,77905249,777,0,777,0,0,58,2
4,350,21.000000,10000.000000,2,0,77905252,777,0,777,0,0,58,2
4,350,21.000000,10000.000000,2,0,77905255,777,0,777,0,0,58,2
4,350,21.000000,10000.000000,2,0,77905258,777,0,777,0,0,58,2
4,350,21.000000,10000.000000,2,0,77905261,777,0,777,0,0,58,2
4,350,21.000000,10000.000000,2,0,77905263,777,0,777,0,0,58,2
4,350,21.000000,10000.000000,2,0,77905266,777,0,777,0,0,58,2
4,350,21.000000,10000.000000,2,0,77905269,777,0,777,0,0,58,2
4,350,21.000000,10000.000000,2,0,77905272,777,0,777,0,0,58,2
4,350,21.000000,10000.000000,2,0,77905275,777,0,777,0,0,58,2
4,350,21.000000,10000.000000,2,0,77905277,777,0,777,0,0,58,2
4,350,21.000000,10000.000000,2,0,77905280,777,0,777,0,0,58,2
4,350,21.000000,10000.000000,2,0,77905283,777,0,777,0,0,58,2
4,350,21.000000,10000.000000,2,0,77905286,777,0,777,0,0,58,2
4,350,21.000000,10000.000000,2,0,77905288,777,0,777,-1,0,58,2
4,350,21.000000,10000.000000,2,0,77905291,777,0,777,-2,0,58,2
4,350,21.000000,10000.000000,2,0,77905294,777,0,777,-2,0,58,2
4,350,21.000000,10000.000000,2,0,77905297,777,0,777,-2,0,58,2
4,350,21.000000,10000.000000,2,0,77905300,777,0,777,-2,0,58,2
4,350,21.000000,10000.000000,2,0,77905302,777,0,777,-2,0,58,2
4,350,21.000000,10000.000000,2,0,77905305,777,0,777,-2,0,58,2
4,350,21.000000,10000.000000,2,0,77905308,777,0,777,-2,0,58,2
4,350,21.000000,10000.000000,2,0,77905311,777,0,777,-2,0,58,2
4,350,21.000000,10000.000000,2,0,77905313,777,0,777,-2,0,58,2
4,350,21.000000,10000.000000,2,0,77905316,777,0,777,-2,0,58,2
4,350,21.000000,10000.000000,2,0,77905319,777,0,777,-2,0,58,2
4,350,21.000000,10000.000000,2,0,77905322,777,0,777,-2,0,58,2
4,350,21.000000,10000.000000,2,0,77905325,777,0,777,-2,0,58,2
4,350,21.000000,10000.000000,2,0,77905327,777,0,777,-2,0,58,2
4,350,21.000000,10000.000000,2,0,77905330,777,0,777,-2,0,58,2
4,350,21.000000,10000.000000,2,0,77905333,777,0,777,-2,0,58,2
4,350,21.000000,10000.000000,2,0,77905336,778,0,778,-2,0,58,2
4,350,21.000000,10000.000000,2,0,77905339,779,0,779,-2,0,58,2
4,350,21.000000,10000.000000,2,0,77905341,779,0,779,-2,0,58,2
4,350,21.000000,10000.000000,2,0,77905344,779,0,779,-2,0,58,2
4,350,21.000000,10000.000000,2,0,77905347,779,0,779,-2,0,58,2
4,350,21.000000,10000.000000,2,0,77905350,779,0,779,-2,0,58,2
4,350,21.000000,10000.000000,2,0,77905352,780,0,780,-2,0,58,2
4,350,21.000000,10000.000000,2,0,77905355,781,0,781,-2,0,58,2
4,350,21.000000,10000.000000,2,0,77905358,781,0,781,-2,0,58,2
4,350,21.000000,10000.000000,2,0,77905361,781,0,781,-2,0,58,2
4,350,21.000000,10000.000000,2,0,77905363,783,0,783,-2,0,58,2
4,350,21.000000,10000.000000,2,0,77905366,785,0,785,-2,0,58,2
4,350,21.000000,10000.000000,2,0,77905369,785,0,785,-2,0,58,2
4,350,21.000000,10000.000000,2,0,77905372,785,0,785,-2,0,58,2
4,350,21.000000,10000.000000,2,0,77905375,786,0,786,-2,0,58,2
4,350,21.000000,10000.000000,2,0,77905378,787,0,787,-2,0,58,2
4,350,21.000000,10000.000000,2,0,77905380,788,0,788,-2,0,58,2
4,350,21.000000,10000.000000,2,0,77905383,789,0,789,-2,0,58,2
4,350,21.000000,10000.000000,2,0,77905386,790,0,790,-2,0,58,2
4,350,21.000000,10000.000000,2,0,77905389,791,0,791,-2,0,58,2
4,350,21.000000,10000.000000,2,0,77905391,793,0,793,-2,0,58,2
4,350,21.000000,10000.000000,2,0,77905394,794,0,794,-2,0,58,2
4,350,21.000000,10000.000000,2,0,77905397,795,1,795,-1,0,58,2
4,350,21.000000,10000.000000,2,0,77905400,796,1,796,-1,0,58,2
4,350,21.000000,10000.000000,2,0,77905403,797,1,797,-1,0,58,2
4,350,21.000000,10000.000000,2,0,77905405,798,1,798,-1,0,58,2
4,350,21.000000,10000.000000,2,0,77905408,800,2,800,0,0,58,2
4,350,21.000000,10000.000000,2,0,77905411,802,3,802,1,0,58,2
4,350,21.000000,10000.000000,2,0,77905413,804,3,804,1,0,58,2
4,350,21.000000,10000.000000,2,0,77905416,804,4,804,2,0,58,2
4,350,21.000000,10000.000000,2,0,77905419,804,5,804,3,0,58,2
4,350,21.000000,10000.000000,2,0,77905422,805,5,805,3,0,58,2
4,350,21.000000,10000.000000,2,0,77905425,806,5,806,3,0,58,2
4,350,21.000000,10000.000000,2,0,77905427,807,6,807,4,0,58,2
4,350,21.000000,10000.000000,2,0,77905430,809,7,809,5,0,58,2
4,350,21.000000,10000.000000,2,0,77905433,810,7,810,5,0,58,2
4,350,21.000000,10000.000000,2,0,77905436,811,8,811,6,0,58,2
4,350,21.000000,10000.000000,2,0,77905439,812,9,812,7,0,58,2
4,350,21.000000,10000.000000,2,0,77905441,814,10,814,8,0,58,2
4,350,21.000000,10000.000000,2,0,77905444,816,10,816,8,0,58,2
4,350,21.000000,10000.000000,2,0,77905447,818,10,818,8,0,58,2
4,350,21.000000,10000.000000,2,0,77905450,819,11,819,9,0,58,2
4,350,21.000000,10000.000000,2,0,77905453,822,13,822,11,0,58,2
4,350,21.000000,10000.000000,2,0,77905455,826,15,826,13,0,58,2
4,350,21.000000,10000.000000,2,0,77905458,829,17,829,15,0,58,2
4,350,21.000000,10000.000000,2,0,77905461,831,19,831,17,0,58,2
4,350,21.000000,10000.000000,2,0,77905464,833,19,833,17,0,58,2
4,350,21.000000,10000.000000,2,0,77905466,837,20,837,18,0,58,2
4,350,21.000000,10000.000000,2,0,77905469,840,21,840,19,0,58,2
4,350,21.000000,10000.000000,2,0,77905472,842,21,842,19,0,58,2
4,350,21.000000,10000.000000,2,0,77905475,845,23,845,21,0,58,2
4,350,21.000000,10000.000000,2,0,77905477,848,24,848,22,0,58,2
4,350,21.000000,10000.000000,2,0,77905480,853,26,853,24,0,58,2
4,350,21.000000,10000.000000,2,0,77905483,856,27,856,25,0,58,2
4,350,21.000000,10000.000000,2,0,77905486,860,28,860,26,0,58,2
4,350,21.000000,10000.000000,2,0,77905489,865,29,865,27,0,58,2
4,350,21.000000,10000.000000,2,0,77905491,868,31,868,29,0,58,2
4,350,21.000000,10000.000000,2,0,77905494,869,31,869,29,0,58,2
4,350,21.000000,10000.000000,2,0,77905497,874,32,874,30,0,58,2
4,350,21.000000,10000.000000,2,0,77905500,880,33,880,31,0,58,2
4,350,21.000000,10000.000000,2,0,77905502,882,34,882,32,0,58,2
4,350,21.000000,10000.000000,2,0,77905505,887,35,887,33,0,58,2
4,350,21.000000,10000.000000,2,0,77905508,897,38,897,36,0,58,2
4,350,21.000000,10000.000000,2,0,77905511,901,39,901,37,0,58,2
4,350,21.000000,10000.000000,2,0,77905514,904,40,904,38,0,58,2
4,350,21.000000,10000.000000,2,0,77905516,907,40,907,38,0,58,2
4,350,21.000000,10000.000000,2,0,77905519,911,40,911,38,0,58,2
4,350,21.000000,10000.000000,2,0,77905522,914,40,914,38,0,58,2
4,350,21.000000,10000.000000,2,0,77905525,918,40,918,38,0,58,2
4,350,21.000000,10000.000000,2,0,77905528,921,41,921,39,0,58,2
4,350,21.000000,10000.000000,2,0,77905530,925,43,925,41,0,58,2
4,350,21.000000,10000.000000,2,0,77905533,927,43,927,41,0,58,2
4,350,21.000000,10000.000000,2,0,77905536,931,43,931,41,0,58,2
4,350,21.000000,10000.000000,2,0,77905539,934,43,934,41,0,58,2
4,350,21.000000,10000.000000,2,0,77905542,940,43,940,41,0,58,2
4,350,21.000000,10000.000000,2,0,77905544,942,43,942,41,0,58,2
4,350,21.000000,10000.000000,2,0,77905547,946,43,946,41,0,58,2
4,350,21.000000,10000.000000,2,0,77905550,949,43,949,41,0,58,2
4,350,21.000000,10000.000000,2,0,77905553,953,43,953,41,0,58,2
4,350,21.000000,10000.000000,2,0,77905556,955,43,955,41,0,58,2
4,350,21.000000,10000.000000,2,0,77905559,957,43,957,41,0,58,2
4,350,21.000000,10000.000000,2,0,77905562,961,43,961,41,0,58,2
4,350,21.000000,10000.000000,2,0,77905564,963,43,963,41,0,58,2
4,350,21.000000,10000.000000,2,0,77905567,966,43,966,41,0,58,2
4,350,21.000000,10000.000000,2,0,77905570,967,43,967,41,0,58,2
4,350,21.000000,10000.000000,2,0,77905572,970,43,970,41,0,58,2
4,350,21.000000,10000.000000,2,0,77905575,972,42,972,40,0,58,2
4,350,21.000000,10000.000000,2,0,77905578,973,42,973,40,0,58,2
4,350,21.000000,10000.000000,2,0,77905581,974,41,974,39,0,58,2
4,350,21.000000,10000.000000,2,0,77905583,976,41,976,39,0,58,2
4,350,21.000000,10000.000000,2,0,77905586,976,40,976,38,0,58,2
4,350,21.000000,10000.000000,2,0,77905589,978,40,978,38,0,58,2
4,350,21.000000,10000.000000,2,0,77905592,980,39,980,37,0,58,2
4,350,21.000000,10000.000000,2,0,77905594,981,38,981,36,0,58,2
4,350,21.000000,10000.000000,2,0,77905597,983,38,983,36,0,58,2
4,350,21.000000,10000.000000,2,0,77905600,984,36,984,34,0,58,2
4,350,21.000000,10000.000000,2,0,77905602,986,36,986,34,0,58,2
4,350,21.000000,10000.000000,2,0,77905605,988,36,988,34,0,58,2
4,350,21.000000,10000.000000,2,0,77905608,990,36,990,34,0,58,2
4,350,21.000000,10000.000000,2,0,77905611,993,35,993,33,0,58,2
4,350,21.000000,10000.000000,2,0,77905614,994,34,994,32,0,58,2
4,350,21.000000,10000.000000,2,0,77905616,996,33,996,31,0,58,2
4,350,21.000000,10000.000000,2,0,77905619,998,32,998,30,0,58,2
4,350,21.000000,10000.000000,2,0,77905622,999,31,999,29,0,58,2
4,350,21.000000,10000.000000,2,0,77905625,1003,30,1003,28,0,58,2
4,350,21.000000,10000.000000,2,0,77905627,1005,29,1005,27,0,58,2
4,350,21.000000,10000.000000,2,0,77905630,1006,29,1006,27,0,58,2
4,350,21.000000,10000.000000,2,0,77905633,1008,28,1008,26,0,58,2
4,350,21.000000,10000.000000,2,0,77905636,1009,26,1009,24,0,58,2
4,350,21.000000,10000.000000,2,0,77905638,1012,26,1012,24,0,58,2
4,350,21.000000,10000.000000,2,0,77905641,1012,25,1012,23,0,58,2
4,350,21.000000,10000.000000,2,0,77905644,1015,25,1015,23,0,58,2
4,350,21.000000,10000.000000,2,0,77905647,1018,23,1018,21,0,58,2
4,350,21.000000,10000.000000,2,0,77905650,1021,23,1021,21,0,58,2
4,350,21.000000,10000.000000,2,0,77905652,1023,20,1023,18,0,58,2
4,350,21.000000,10000.000000,2,0,77905655,1025,20,1025,18,0,58,2
4,350,21.000000,10000.000000,2,0,77905658,1026,18,1026,16,0,58,2
4,350,21.000000,10000.000000,2,0,77905661,1029,18,1029,16,0,58,2
4,350,21.000000,10000.000000,2,0,77905664,1031,18,1031,16,0,58,2
4,350,21.000000,10000.000000,2,0,77905666,1035,16,1035,14,0,58,2
4,350,21.000000,10000.000000,2,0,77905669,1036,14,1036,12,0,58,2
4,350,21.000000,10000.000000,2,0,77905672,1038,12,1038,10,0,58,2
4,350,21.000000,10000.000000,2,0,77905675,1042,11,1042,9,0,58,2
4,350,21.000000,10000.000000,2,0,77905677,1045,10,1045,8,0,58,2
4,350,21.000000,10000.000000,2,0,77905680,1047,10,1047,8,0,58,2
4,350,21.000000,10000.000000,2,0,77905683,1049,7,1049,5,0,58,2
4,350,21.000000,10000.000000,2,0,77905686,1050,6,1050,4,0,58,2
4,350,21.000000,10000.000000,2,0,77905688,1052,5,1052,3,0,58,2
4,350,21.000000,10000.000000,2,0,77905691,1054,4,1054,2,0,58,2
4,350,21.000000,10000.000000,2,0,77905695,1056,3,1056,1,0,58,2
4,350,21.000000,10000.000000,2,0,77905697,1058,3,1058,1,0,58,2
4,350,21.000000,10000.000000,2,0,77905700,1059,1,1059,-1,0,58,2
4,350,21.000000,10000.000000,2,0,77905703,1061,0,1061,-2,0,58,2
4,350,21.000000,10000.000000,2,0,77905706,1063,0,1063,-4,0,58,2
4,350,21.000000,10000.000000,2,0,77905708,1064,0,1064,-4,0,58,2
4,350,21.000000,10000.000000,2,0,77905711,1066,0,1066,-6,0,58,2
4,350,21.000000,10000.000000,2,0,77905714,1068,0,1068,-6,0,58,2
4,350,21.000000,10000.000000,2,0,77905717,1070,0,1070,-6,0,58,2
4,350,21.000000,10000.000000,2,0,77905720,1071,0,1071,-6,0,58,2
4,350,21.000000,10000.000000,2,0,77905722,1072,0,1072,-6,0,58,2
4,350,21.000000,10000.000000,2,0,77905725,1074,0,1074,-7,0,58,2
4,350,21.000000,10000.000000,2,0,77905728,1075,0,1075,-8,0,58,2
4,350,21.000000,10000.000000,2,0,77905731,1075,0,1075,-9,0,58,2
4,350,21.000000,10000.000000,2,0,77905733,1076,0,1076,-9,0,58,2
4,350,21.000000,10000.000000,2,0,77905736,1077,0,1077,-9,0,58,2
4,350,21.000000,10000.000000,2,0,77905739,1078,0,1078,-9,0,58,2
4,350,21.000000,10000.000000,2,0,77905742,1079,0,1079,-10,0,58,2
4,350,21.000000,10000.000000,2,0,77905744,1080,0,1080,-10,0,58,2
4,350,21.000000,10000.000000,2,0,77905747,1081,0,1081,-10,0,58,2
4,350,21.000000,10000.000000,2,0,77905750,1083,0,1083,-10,0,58,2
4,350,21.000000,10000.000000,2,0,77905753,1084,0,1084,-11,0,58,2
4,350,21.000000,10000.000000,2,0,77905756,1086,0,1086,-12,0,58,2
4,350,21.000000,10000.000000,2,0,77905758,1087,0,1087,-12,0,58,2
4,350,21.000000,10000.000000,2,0,77905761,1088,0,1088,-12,0,58,2
4,350,21.000000,10000.000000,2,0,77905764,1089,0,1089,-12,0,58,2
4,350,21.000000,10000.000000,2,0,77905767,1090,0,1090,-12,0,58,2
4,350,21.000000,10000.000000,2,0,77905769,1091,0,1091,-12,0,58,2
4,350,21.000000,10000.000000,2,0,77905772,1092,0,1092,-12,0,58,2
4,350,21.000000,10000.000000,2,0,77905775,1093,0,1093,-12,0,58,2
4,350,21.000000,10000.000000,2,0,77905778,1095,0,1095,-12,0,58,2
4,350,21.000000,10000.000000,2,0,77905781,1096,0,1096,-13,0,58,2
4,350,21.000000,10000.000000,2,0,77905783,1097,0,1097,-13,0,58,2
4,350,21.000000,10000.000000,2,0,77905786,1099,0,1099,-13,0,58,2
4,350,21.000000,10000.000000,2,0,77905789,1102,0,1102,-13,0,58,2
4,350,21.000000,10000.000000,2,0,77905791,1104,0,1104,-13,0,58,2
4,350,21.000000,10000.000000,2,0,77905794,1104,0,1104,-14,0,58,2
4,350,21.000000,10000.000000,2,0,77905797,1106,0,1106,-14,0,58,2
4,350,21.000000,10000.000000,2,0,77905800,1107,0,1107,-15,0,58,2
4,350,21.000000,10000.000000,2,0,77905802,1108,0,1108,-15,0,58,2
4,350,21.000000,10000.000000,2,0,77905805,1109,0,1109,-16,0,58,2
4,350,21.000000,10000.000000,2,0,77905808,1110,0,1110,-17,0,58,2
4,350,21.000000,10000.000000,2,0,77905811,1112,0,1112,-17,0,58,2
4,350,21.000000,10000.000000,2,0,77905814,1112,0,1112,-18,0,58,2
4,350,21.000000,10000.000000,2,0,77905817,1113,0,1113,-18,0,58,2
4,350,21.000000,10000.000000,2,0,77905819,1115,0,1115,-18,0,58,2
4,350,21.000000,10000.000000,2,0,77905822,1116,0,1116,-19,0,58,2
4,350,21.000000,10000.000000,2,0,77905825,1117,0,1117,-19,0,58,2
4,350,21.000000,10000.000000,2,0,77905828,1119,0,1119,-19,0,58,2
4,350,21.000000,10000.000000,2,0,77905831,1120,0,1120,-19,0,58,2
4,350,21.000000,10000.000000,2,0,77905833,1121,0,1121,-19,0,58,2
4,350,21.000000,10000.000000,2,0,77905836,1125,0,1125,-19,0,58,2
4,350,21.000000,10000.000000,2,0,77905839,1125,0,1125,-20,0,58,2
4,350,21.000000,10000.000000,2,0,77905841,1125,0,1125,-21,0,58,2
4,350,21.000000,10000.000000,2,0,77905844,1125,0,1125,-22,0,58,2
4,350,21.000000,10000.000000,2,0,77905847,1126,0,1126,-22,0,58,2
4,350,21.000000,10000.000000,2,0,77905850,1127,0,1127,-22,0,58,2
4,350,21.000000,10000.000000,2,0,77905853,1128,0,1128,-22,0,58,2
4,350,21.000000,10000.000000,2,0,77905855,1129,0,1129,-22,0,58,2
4,350,21.000000,10000.000000,2,0,77905858,1129,0,1129,-22,0,58,2
4,350,21.000000,10000.000000,2,0,77905861,1130,0,1130,-22,0,58,2
4,350,21.000000,10000.000000,2,0,77905864,1131,0,1131,-22,0,58,2
4,350,21.000000,10000.000000,2,0,77905866,1131,0,1131,-22,0,58,2
4,350,21.000000,10000.000000,2,0,77905869,1131,0,1131,-22,0,58,2
4,350,21.000000,10000.000000,2,0,77905872,1132,0,1132,-22,0,58,2
4,350,21.000000,10000.000000,2,0,77905875,1133,0,1133,-22,0,58,2
4,350,21.000000,10000.000000,2,0,77905878,1133,0,1133,-22,0,58,2
4,350,21.000000,10000.000000,2,0,77905881,1134,0,1134,-22,0,58,2
4,350,21.000000,10000.000000,2,0,77905883,1135,0,1135,-22,0,58,2
4,350,21.000000,10000.000000,2,0,77905886,1135,0,1135,-22,0,58,2
4,350,21.000000,10000.000000,2,0,77905889,1135,0,1135,-22,0,58,2
4,350,21.000000,10000.000000,2,0,77905891,1136,0,1136,-22,0,58,2
4,350,21.000000,10000.000000,2,0,77905894,1136,0,1136,-22,0,58,2
4,350,21.000000,10000.000000,2,0,77905897,1136,0,1136,-22,0,58,2
4,350,21.000000,10000.000000,2,0,77905900,1137,0,1137,-22,0,58,2
4,350,21.000000,10000.000000,2,0,77905903,1137,0,1137,-22,0,58,2
4,350,21.000000,10000.000000,2,0,77905905,1137,0,1137,-23,0,58,2
4,350,21.000000,10000.000000,2,0,77905908,1137,0,1137,-24,0,58,2
4,350,21.000000,10000.000000,2,0,77905911,1137,0,1137,-24,0,58,2
4,350,21.000000,10000.000000,2,0,77905914,1138,0,1138,-24,0,58,2
4,350,21.000000,10000.000000,2,0,77905916,1139,0,1139,-24,0,58,2
4,350,21.000000,10000.000000,2,0,77905919,1139,0,1139,-24,0,58,2
4,350,21.000000,10000.000000,2,0,77905922,1140,0,1140,-24,0,58,2
4,350,21.000000,10000.000000,2,0,77905925,1141,0,1141,-24,0,58,2
4,350,21.000000,10000.000000,2,0,77905928,1141,0,1141,-24,0,58,2
4,350,21.000000,10000.000000,2,0,77905930,1141,0,1141,-24,0,58,2
4,350,21.000000,10000.000000,2,0,77905933,1141,0,1141,-24,0,58,2
4,350,21.000000,10000.000000,2,0,77905936,1142,0,1142,-24,0,58,2
4,350,21.000000,10000.000000,2,0,77905939,1143,0,1143,-24,0,58,2
4,350,21.000000,10000.000000,2,0,77905941,1143,0,1143,-24,0,58,2
4,350,21.000000,10000.000000,2,0,77905944,1143,0,1143,-24,0,58,2
4,350,21.000000,10000.000000,2,0,77905947,1143,0,1143,-24,0,58,2
4,350,21.000000,10000.000000,2,0,77905950,1143,0,1143,-24,0,58,2
4,350,21.000000,10000.000000,2,0,77905953,1143,0,1143,-24,0,58,2
4,350,21.000000,10000.000000,2,0,77905956,1143,0,1143,-24,0,58,2
4,350,21.000000,10000.000000,2,0,77905958,1143,0,1143,-24,0,58,2
4,350,21.000000,10000.000000,2,0,77905961,1143,0,1143,-24,0,58,2
4,350,21.000000,10000.000000,2,0,77905964,1143,0,1143,-24,0,58,2
4,350,21.000000,10000.000000,2,0,77905967,1143,0,1143,-24,0,58,2
4,350,21.000000,10000.000000,2,0,77905969,1143,0,1143,-24,0,58,2
4,350,21.000000,10000.000000,2,0,77905972,1143,0,1143,-24,0,58,2
4,350,21.000000,10000.000000,2,0,77905975,1143,0,1143,-24,0,58,2
4,350,21.000000,10000.000000,2,0,77905978,1143,0,1143,-24,0,58,2
4,350,21.000000,10000.000000,2,0,77905981,1143,0,1143,-24,0,58,2
4,350,21.000000,10000.000000,2,0,77905983,1143,0,1143,-24,0,58,2
4,350,21.000000,10000.000000,2,0,77905986,1143,0,1143,-24,0,58,2
4,350,21.000000,10000.000000,2,0,77905989,1143,0,1143,-24,0,58,2
4,350,21.000000,10000.000000,2,0,77905992,1143,0,1143,-24,0,58,2
4,350,21.000000,10000.000000,2,0,77905995,1143,0,1143,-24,0,58,2
4,350,21.000000,10000.000000,2,0,77905997,1143,0,1143,-24,0,58,2
4,350,21.000000,10000.000000,2,0,77906000,1143,0,1143,-24,0,58,2
4,350,21.000000,10000.000000,2,0,77906003,1143,0,1143,-24,0,58,2
4,350,21.000000,10000.000000,2,0,77906006,1143,0,1143,-24,0,58,2
4,350,21.000000,10000.000000,2,0,77906008,1143,0,1143,-24,0,58,2
4,350,21.000000,10000.000000,2,0,77906011,1143,0,1143,-24,0,58,2
4,350,21.000000,10000.000000,2,0,77906014,1142,0,1142,-24,0,58,2
4,350,21.000000,10000.000000,2,0,77906017,1141,0,1141,-24,0,58,2
4,350,21.000000,10000.000000,2,0,77906019,1141,0,1141,-24,0,58,2
4,350,21.000000,10000.000000,2,0,77906023,1141,0,1141,-24,0,58,2
4,350,21.000000,10000.000000,2,0,77906025,1141,0,1141,-24,0,58,2
4,350,21.000000,10000.000000,2,0,77906028,1141,0,1141,-24,0,58,2
4,350,21.000000,10000.000000,2,0,77906031,1141,0,1141,-24,0,58,2
4,350,21.000000,10000.000000,2,0,77906034,1141,0,1141,-24,0,58,2
4,350,21.000000,10000.000000,2,0,77906036,1140,0,1140,-24,0,58,2
4,350,21.000000,10000.000000,2,0,77906039,1139,0,1139,-24,0,58,2
4,350,21.000000,10000.000000,2,0,77906042,1139,0,1139,-24,0,58,2
4,350,21.000000,10000.000000,2,0,77906045,1139,0,1139,-24,0,58,2
4,350,21.000000,10000.000000,2,0,77906048,1139,0,1139,-24,0,58,2
4,350,21.000000,10000.000000,2,0,77906050,1139,0,1139,-24,0,58,2
4,350,21.000000,10000.000000,2,0,77906064,1139,0,1139,-24,0,58,2
