9,350,80.500000,10000.000000,1,0,108688487,786,5,786,5,0,4,9
9,350,80.500000,10000.000000,1,0,108688488,786,5,786,5,0,4,9
9,350,80.500000,10000.000000,1,0,108688491,786,5,786,5,0,4,9
9,350,80.500000,10000.000000,1,0,108688494,786,5,786,5,0,4,9
9,350,80.500000,10000.000000,1,0,108688496,786,5,786,5,0,4,9
9,350,80.500000,10000.000000,1,0,108688499,786,5,786,5,0,4,9
9,350,80.500000,10000.000000,1,0,108688502,786,5,786,5,0,4,9
9,350,80.500000,10000.000000,1,0,108688505,786,5,786,5,0,4,9
9,350,80.500000,10000.000000,1,0,108688508,786,5,786,5,0,4,9
9,350,80.500000,10000.000000,1,0,108688510,786,5,786,5,0,4,9
9,350,80.500000,10000.000000,1,0,108688513,786,5,786,5,0,4,9
9,350,80.500000,10000.000000,1,0,108688516,786,5,786,5,0,4,9
9,350,80.500000,10000.000000,1,0,108688519,786,5,786,5,0,4,9
9,350,80.500000,10000.000000,1,0,108688521,786,5,786,5,0,4,9
9,350,80.500000,10000.000000,1,0,108688524,786,5,786,5,0,4,9
9,350,80.500000,10000.000000,1,0,108688528,786,5,786,5,0,4,9
9,350,80.500000,10000.000000,1,0,108688531,786,5,786,5,0,4,9
9,350,80.500000,10000.000000,1,0,108688533,786,5,786,5,0,4,9
9,350,80.500000,10000.000000,1,0,108688536,786,5,786,5,0,4,9
9,350,80.500000,10000.000000,1,0,108688538,786,5,786,5,0,4,9
9,350,80.500000,10000.000000,1,0,108688541,786,5,786,5,0,4,9
9,350,80.500000,10000.000000,1,0,108688544,786,5,786,5,0,4,9
9,350,80.500000,10000.000000,1,0,108688546,786,5,786,5,0,4,9
9,350,80.500000,10000.000000,1,0,108688549,786,5,786,5,0,4,9
9,350,80.500000,10000.000000,1,0,108688552,786,5,786,5,0,4,9
9,350,80.500000,10000.000000,1,0,108688555,786,6,786,6,0,4,9
9,350,80.500000,10000.000000,1,0,108688558,786,7,786,7,0,4,9
9,350,80.500000,10000.000000,1,0,108688560,786,9,786,9,0,4,9
9,350,80.500000,10000.000000,1,0,108688563,786,11,786,11,0,4,9
9,350,80.500000,10000.000000,1,0,108688566,786,12,786,12,0,4,9
9,350,80.500000,10000.000000,1,0,108688568,786,13,786,13,0,4,9
9,350,80.500000,10000.000000,1,0,108688571,786,14,786,14,0,4,9
9,350,80.500000,10000.000000,1,0,108688574,787,17,787,17,0,4,9
9,350,80.500000,10000.000000,1,0,108688577,787,19,787,19,0,4,9
9,350,80.500000,10000.000000,1,0,108688580,788,21,788,21,0,4,9
9,350,80.500000,10000.000000,1,0,108688583,788,24,788,24,0,4,9
9,350,80.500000,10000.000000,1,0,108688585,790,27,790,27,0,4,9
9,350,80.500000,10000.000000,1,0,108688588,792,29,792,29,0,4,9
9,350,80.500000,10000.000000,1,0,108688591,792,31,792,31,0,4,9
9,350,80.500000,10000.000000,1,0,108688594,796,36,796,36,0,4,9
9,350,80.500000,10000.000000,1,0,108688596,800,40,800,40,0,4,9
9,350,80.500000,10000.000000,1,0,108688599,802,43,802,43,0,4,9
9,350,80.500000,10000.000000,1,0,108688602,807,47,807,47,0,4,9
9,350,80.500000,10000.000000,1,0,108688605,809,48,809,48,0,4,9
9,350,80.500000,10000.000000,1,0,108688608,813,51,813,51,0,4,9
9,350,80.500000,10000.000000,1,0,108688610,821,56,821,56,0,4,9
9,350,80.500000,10000.000000,1,0,108688613,827,58,827,58,0,4,9
9,350,80.500000,10000.000000,1,0,108688616,836,63,836,63,0,4,9
9,350,80.500000,10000.000000,1,0,108688619,846,65,846,65,0,4,9
9,350,80.500000,10000.000000,1,0,108688622,850,67,850,67,0,4,9
9,350,80.500000,10000.000000,1,0,108688624,858,69,858,69,0,4,9
9,350,80.500000,10000.000000,1,0,108688627,862,70,862,70,0,4,9
9,350,80.500000,10000.000000,1,0,108688630,871,71,871,71,0,4,9
9,350,80.500000,10000.000000,1,0,108688633,879,72,879,72,0,4,9
9,350,80.500000,10000.000000,1,0,108688635,886,73,886,73,0,4,9
9,350,80.500000,10000.000000,1,0,108688638,894,73,894,73,0,4,9
9,350,80.500000,10000.000000,1,0,108688641,902,73,902,73,0,4,9
9,350,80.500000,10000.000000,1,0,108688644,910,73,910,73,0,4,9
9,350,80.500000,10000.000000,1,0,108688647,920,73,920,73,0,4,9
9,350,80.500000,10000.000000,1,0,108688650,931,73,931,73,0,4,9
9,350,80.500000,10000.000000,1,0,108688652,941,73,941,73,0,4,9
9,350,80.500000,10000.000000,1,0,108688655,951,73,951,73,0,4,9
9,350,80.500000,10000.000000,1,0,108688658,959,73,959,73,0,4,9
9,350,80.500000,10000.000000,1,0,108688661,968,73,968,73,0,4,9
9,350,80.500000,10000.000000,1,0,108688663,977,73,977,73,0,4,9
9,350,80.500000,10000.000000,1,0,108688666,985,73,985,73,0,4,9
9,350,80.500000,10000.000000,1,0,108688669,992,72,992,72,0,4,9
9,350,80.500000,10000.000000,1,0,108688671,1000,72,1000,72,0,4,9
9,350,80.500000,10000.000000,1,0,108688674,1005,72,1005,72,0,4,9
9,350,80.500000,10000.000000,1,0,108688677,1013,71,1013,71,0,4,9
9,350,80.500000,10000.000000,1,0,108688680,1017,70,1017,70,0,4,9
9,350,80.500000,10000.000000,1,0,108688683,1023,70,1023,70,0,4,9
9,350,80.500000,10000.000000,1,0,108688685,1027,70,1027,70,0,4,9
9,350,80.500000,10000.000000,1,0,108688688,1030,69,1030,69,0,4,9
9,350,80.500000,10000.000000,1,0,108688691,1037,69,1037,69,0,4,9
9,350,80.500000,10000.000000,1,0,108688694,1040,69,1040,69,0,4,9
9,350,80.500000,10000.000000,1,0,108688697,1044,69,1044,69,0,4,9
9,350,80.500000,10000.000000,1,0,108688699,1048,69,1048,69,0,4,9
9,350,80.500000,10000.000000,1,0,108688702,1051,69,1051,69,0,4,9
9,350,80.500000,10000.000000,1,0,108688705,1055,67,1055,67,0,4,9
9,350,80.500000,10000.000000,1,0,108688708,1057,67,1057,67,0,4,9
9,350,80.500000,10000.000000,1,0,108688711,1059,66,1059,66,0,4,9
9,350,80.500000,10000.000000,1,0,108688713,1062,65,1062,65,0,4,9
9,350,80.500000,10000.000000,1,0,108688716,1067,63,1067,63,0,4,9
9,350,80.500000,10000.000000,1,0,108688719,1069,62,1069,62,0,4,9
9,350,80.500000,10000.000000,1,0,108688722,1071,60,1071,60,0,4,9
9,350,80.500000,10000.000000,1,0,108688725,1072,59,1072,59,0,4,9
9,350,80.500000,10000.000000,1,0,108688727,1074,59,1074,59,0,4,9
9,350,80.500000,10000.000000,1,0,108688730,1074,58,1074,58,0,4,9
9,350,80.500000,10000.000000,1,0,108688732,1076,58,1076,58,0,4,9
9,350,80.500000,10000.000000,1,0,108688735,1078,57,1078,57,0,4,9
9,350,80.500000,10000.000000,1,0,108688738,1079,56,1079,56,0,4,9
9,350,80.500000,10000.000000,1,0,108688741,1081,56,1081,56,0,4,9
9,350,80.500000,10000.000000,1,0,108688744,1082,55,1082,55,0,4,9
9,350,80.500000,10000.000000,1,0,108688746,1083,55,1083,55,0,4,9
9,350,80.500000,10000.000000,1,0,108688750,1084,54,1084,54,0,4,9
9,350,80.500000,10000.000000,1,0,108688752,1086,52,1086,52,0,4,9
9,350,80.500000,10000.000000,1,0,108688755,1088,51,1088,51,0,4,9
9,350,80.500000,10000.000000,1,0,108688757,1089,51,1089,51,0,4,9
9,350,80.500000,10000.000000,1,0,108688760,1091,50,1091,50,0,4,9
9,350,80.500000,10000.000000,1,0,108688763,1092,50,1092,50,0,4,9
9,350,80.500000,10000.000000,1,0,108688766,1095,48,1095,48,0,4,9
9,350,80.500000,10000.000000,1,0,108688769,1098,46,1098,46,0,4,9
9,350,80.500000,10000.000000,1,0,108688771,1100,46,1100,46,0,4,9
9,350,80.500000,10000.000000,1,0,108688774,1101,46,1101,46,0,4,9
9,350,80.500000,10000.000000,1,0,108688777,1102,46,1102,46,0,4,9
9,350,80.500000,10000.000000,1,0,108688780,1102,45,1102,45,0,4,9
9,350,80.500000,10000.000000,1,0,108688783,1104,43,1104,43,0,4,9
9,350,80.500000,10000.000000,1,0,108688785,1105,43,1105,43,0,4,9
9,350,80.500000,10000.000000,1,0,108688788,1106,41,1106,41,0,4,9
9,350,80.500000,10000.000000,1,0,108688791,1108,42,1108,42,0,4,9
9,350,80.500000,10000.000000,1,0,108688794,1110,43,1110,43,0,4,9
9,350,80.500000,10000.000000,1,0,108688796,1110,43,1110,43,0,4,9
9,350,80.500000,10000.000000,1,0,108688800,1110,43,1110,43,0,4,9
9,350,80.500000,10000.000000,1,0,108688802,1110,42,1110,42,0,4,9
9,350,80.500000,10000.000000,1,0,108688805,1110,41,1110,41,0,4,9
9,350,80.500000,10000.000000,1,0,108688808,1110,41,1110,41,0,4,9
9,350,80.500000,10000.000000,1,0,108688810,1110,41,1110,41,0,4,9
9,350,80.500000,10000.000000,1,0,108688813,1110,41,1110,41,0,4,9
9,350,80.500000,10000.000000,1,0,108688816,1110,41,1110,41,0,4,9
9,350,80.500000,10000.000000,1,0,108688819,1110,41,1110,41,0,4,9
9,350,80.500000,10000.000000,1,0,108688822,1110,41,1110,41,0,4,9
9,350,80.500000,10000.000000,1,0,108688824,1110,41,1110,41,0,4,9
9,350,80.500000,10000.000000,1,0,108688827,1110,41,1110,41,0,4,9
9,350,80.500000,10000.000000,1,0,108688830,1110,41,1110,41,0,4,9
9,350,80.500000,10000.000000,1,0,108688833,1111,41,1111,41,0,4,9
9,350,80.500000,10000.000000,1,0,108688836,1111,41,1111,41,0,4,9
9,350,80.500000,10000.000000,1,0,108688838,1111,41,1111,41,0,4,9
9,350,80.500000,10000.000000,1,0,108688841,1111,41,1111,41,0,4,9
9,350,80.500000,10000.000000,1,0,108688844,1111,40,1111,40,0,4,9
9,350,80.500000,10000.000000,1,0,108688847,1111,39,1111,39,0,4,9
9,350,80.500000,10000.000000,1,0,108688850,1112,39,1112,39,0,4,9
9,350,80.500000,10000.000000,1,0,108688852,1113,39,1113,39,0,4,9
9,350,80.500000,10000.000000,1,0,108688855,1114,39,1114,39,0,4,9
9,350,80.500000,10000.000000,1,0,108688858,1114,39,1114,39,0,4,9
9,350,80.500000,10000.000000,1,0,108688860,1115,38,1115,38,0,4,9
9,350,80.500000,10000.000000,1,0,108688864,1115,38,1115,38,0,4,9
9,350,80.500000,10000.000000,1,0,108688866,1116,37,1116,37,0,4,9
9,350,80.500000,10000.000000,1,0,108688869,1117,36,1117,36,0,4,9
9,350,80.500000,10000.000000,1,0,108688872,1118,35,1118,35,0,4,9
9,350,80.500000,10000.000000,1,0,108688874,1118,34,1118,34,0,4,9
9,350,80.500000,10000.000000,1,0,108688877,1119,34,1119,34,0,4,9
9,350,80.500000,10000.000000,1,0,108688880,1119,33,1119,33,0,4,9
9,350,80.500000,10000.000000,1,0,108688883,1120,33,1120,33,0,4,9
9,350,80.500000,10000.000000,1,0,108688886,1121,33,1121,33,0,4,9
9,350,80.500000,10000.000000,1,0,108688888,1121,31,1121,31,0,4,9
9,350,80.500000,10000.000000,1,0,108688891,1121,29,1121,29,0,4,9
9,350,80.500000,10000.000000,1,0,108688894,1123,29,1123,29,0,4,9
9,350,80.500000,10000.000000,1,0,108688897,1123,28,1123,28,0,4,9
9,350,80.500000,10000.000000,1,0,108688900,1123,27,1123,27,0,4,9
9,350,80.500000,10000.000000,1,0,108688902,1125,27,1125,27,0,4,9
9,350,80.500000,10000.000000,1,0,108688905,1125,26,1125,26,0,4,9
9,350,80.500000,10000.000000,1,0,108688908,1125,25,1125,25,0,4,9
9,350,80.500000,10000.000000,1,0,108688910,1125,24,1125,24,0,4,9
9,350,80.500000,10000.000000,1,0,108688913,1125,23,1125,23,0,4,9
9,350,80.500000,10000.000000,1,0,108688916,1126,23,1126,23,0,4,9
9,350,80.500000,10000.000000,1,0,108688919,1126,22,1126,22,0,4,9
9,350,80.500000,10000.000000,1,0,108688922,1126,21,1126,21,0,4,9
9,350,80.500000,10000.000000,1,0,108688924,1126,20,1126,20,0,4,9
9,350,80.500000,10000.000000,1,0,108688927,1127,20,1127,20,0,4,9
9,350,80.500000,10000.000000,1,0,108688930,1128,20,1128,20,0,4,9
9,350,80.500000,10000.000000,1,0,108688933,1128,19,1128,19,0,4,9
9,350,80.500000,10000.000000,1,0,108688936,1128,18,1128,18,0,4,9
9,350,80.500000,10000.000000,1,0,108688939,1128,17,1128,17,0,4,9
9,350,80.500000,10000.000000,1,0,108688941,1130,17,1130,17,0,4,9
9,350,80.500000,10000.000000,1,0,108688944,1132,16,1132,16,0,4,9
9,350,80.500000,10000.000000,1,0,108688947,1132,15,1132,15,0,4,9
9,350,80.500000,10000.000000,1,0,108688950,1132,15,1132,15,0,4,9
9,350,80.500000,10000.000000,1,0,108688952,1132,15,1132,15,0,4,9
9,350,80.500000,10000.000000,1,0,108688955,1132,15,1132,15,0,4,9
9,350,80.500000,10000.000000,1,0,108688958,1132,15,1132,15,0,4,9
9,350,80.500000,10000.000000,1,0,108688961,1132,15,1132,15,0,4,9
9,350,80.500000,10000.000000,1,0,108688963,1132,15,1132,15,0,4,9
9,350,80.500000,10000.000000,1,0,108688966,1132,15,1132,15,0,4,9
9,350,80.500000,10000.000000,1,0,108688969,1132,15,1132,15,0,4,9
9,350,80.500000,10000.000000,1,0,108688972,1132,15,1132,15,0,4,9
9,350,80.500000,10000.000000,1,0,108688975,1132,15,1132,15,0,4,9
9,350,80.500000,10000.000000,1,0,108688977,1132,15,1132,15,0,4,9
9,350,80.500000,10000.000000,1,0,108688980,1132,15,1132,15,0,4,9
9,350,80.500000,10000.000000,1,0,108688983,1132,15,1132,15,0,4,9
9,350,80.500000,10000.000000,1,0,108688986,1132,15,1132,15,0,4,9
9,350,80.500000,10000.000000,1,0,108688989,1132,15,1132,15,0,4,9
9,350,80.500000,10000.000000,1,0,108688991,1132,15,1132,15,0,4,9
9,350,80.500000,10000.000000,1,0,108688994,1132,15,1132,15,0,4,9
9,350,80.500000,10000.000000,1,0,108688997,1132,15,1132,15,0,4,9
9,350,80.500000,10000.000000,1,0,108688999,1132,15,1132,15,0,4,9
9,350,80.500000,10000.000000,1,0,108689002,1132,15,1132,15,0,4,9
9,350,80.500000,10000.000000,1,0,108689005,1132,15,1132,15,0,4,9
9,350,80.500000,10000.000000,1,0,108689008,1132,15,1132,15,0,4,9
9,350,80.500000,10000.000000,1,0,108689011,1132,15,1132,15,0,4,9
9,350,80.500000,10000.000000,1,0,108689022,1132,15,1132,15,0,4,9
