12,700,21.000000,10000.000000,0,0,12389203,610,0,610,0,0,28,0
12,700,21.000000,10000.000000,0,0,12389204,610,0,610,0,0,28,0
12,700,21.000000,10000.000000,0,0,12389207,610,0,610,0,0,28,0
12,700,21.000000,10000.000000,0,0,12389209,610,0,610,0,0,28,0
12,700,21.000000,10000.000000,0,0,12389212,610,0,610,0,0,28,0
12,700,21.000000,10000.000000,0,0,12389215,610,0,610,0,0,28,0
12,700,21.000000,10000.000000,0,0,12389218,610,0,610,0,0,28,0
12,700,21.000000,10000.000000,0,0,12389221,610,0,610,0,0,28,0
12,700,21.000000,10000.000000,0,0,12389224,610,0,610,0,0,28,0
12,700,21.000000,10000.000000,0,0,12389226,610,0,610,0,0,28,0
12,700,21.000000,10000.000000,0,0,12389229,610,0,610,0,0,28,0
12,700,21.000000,10000.000000,0,0,12389232,610,0,610,0,0,28,0
12,700,21.000000,10000.000000,0,0,12389235,610,0,610,0,0,28,0
12,700,21.000000,10000.000000,0,0,12389238,610,0,610,0,0,28,0
12,700,21.000000,10000.000000,0,0,12389240,610,0,610,0,0,28,0
12,700,21.000000,10000.000000,0,0,12389243,610,0,610,0,0,28,0
12,700,21.000000,10000.000000,0,0,12389246,610,0,610,0,0,28,0
12,700,21.000000,10000.000000,0,0,12389248,610,0,610,0,0,28,0
12,700,21.000000,10000.000000,0,0,12389251,610,0,610,0,0,28,0
12,700,21.000000,10000.000000,0,0,12389254,610,0,610,0,0,28,0
12,700,21.000000,10000.000000,0,0,12389257,610,0,610,0,0,28,0
12,700,21.000000,10000.000000,0,0,12389260,610,0,610,0,0,28,0
12,700,21.000000,10000.000000,0,0,12389263,610,0,610,0,0,28,0
12,700,21.000000,10000.000000,0,0,12389265,610,0,610,0,0,28,0
12,700,21.000000,10000.000000,0,0,12389268,610,0,610,0,0,28,0
12,700,21.000000,10000.000000,0,0,12389271,610,0,610,0,0,28,0
12,700,21.000000,10000.000000,0,0,12389273,610,0,610,0,0,28,0
12,700,21.000000,10000.000000,0,0,12389276,610,0,610,0,0,28,0
12,700,21.000000,10000.000000,0,0,12389279,610,0,610,0,0,28,0
12,700,21.000000,10000.000000,0,0,12389282,610,0,610,0,0,28,0
12,700,21.000000,10000.000000,0,0,12389285,610,0,610,0,0,28,0
12,700,21.000000,10000.000000,0,0,12389287,610,0,610,0,0,28,0
12,700,21.000000,10000.000000,0,0,12389290,610,0,610,0,0,28,0
12,700,21.000000,10000.000000,0,0,12389293,610,0,610,0,0,28,0
12,700,21.000000,10000.000000,0,0,12389295,610,0,610,0,0,28,0
12,700,21.000000,10000.000000,0,0,12389299,610,0,610,0,0,28,0
12,700,21.000000,10000.000000,0,0,12389301,610,0,610,0,0,28,0
12,700,21.000000,10000.000000,0,0,12389304,610,0,610,0,0,28,0
12,700,21.000000,10000.000000,0,0,12389307,610,0,610,0,0,28,0
12,700,21.000000,10000.000000,0,0,12389309,610,0,610,0,0,28,0
12,700,21.000000,10000.000000,0,0,12389312,610,0,610,0,0,28,0
12,700,21.000000,10000.000000,0,0,12389315,610,0,610,0,0,28,0
12,700,21.000000,10000.000000,0,0,12389318,610,0,610,0,0,28,0
12,700,21.000000,10000.000000,0,0,12389321,611,0,611,0,0,28,0
12,700,21.000000,10000.000000,0,0,12389323,612,0,612,0,0,28,0
12,700,21.000000,10000.000000,0,0,12389326,613,0,613,0,0,28,0
12,700,21.000000,10000.000000,0,0,12389329,615,0,615,0,0,28,0
12,700,21.000000,10000.000000,0,0,12389332,616,0,616,0,0,28,0
12,700,21.000000,10000.000000,0,0,12389334,618,1,618,1,0,28,0
12,700,21.000000,10000.000000,0,0,12389337,620,1,620,1,0,28,0
12,700,21.000000,10000.000000,0,0,12389340,623,1,623,1,0,28,0
12,700,21.000000,10000.000000,0,0,12389343,626,1,626,1,0,28,0
12,700,21.000000,10000.000000,0,0,12389346,631,1,631,1,0,28,0
12,700,21.000000,10000.000000,0,0,12389349,634,1,634,1,0,28,0
12,700,21.000000,10000.000000,0,0,12389351,638,1,638,1,0,28,0
12,700,21.000000,10000.000000,0,0,12389354,645,1,645,1,0,28,0
12,700,21.000000,10000.000000,0,0,12389357,652,1,652,1,0,28,0
12,700,21.000000,10000.000000,0,0,12389359,658,2,658,2,0,28,0
12,700,21.000000,10000.000000,0,0,12389362,668,2,668,2,0,28,0
12,700,21.000000,10000.000000,0,0,12389365,680,2,680,2,0,28,0
12,700,21.000000,10000.000000,0,0,12389368,691,2,691,2,0,28,0
12,700,21.000000,10000.000000,0,0,12389371,703,1,703,1,0,28,0
12,700,21.000000,10000.000000,0,0,12389374,717,1,717,1,0,28,0
12,700,21.000000,10000.000000,0,0,12389377,729,1,729,1,0,28,0
12,700,21.000000,10000.000000,0,0,12389379,742,1,742,1,0,28,0
12,700,21.000000,10000.000000,0,0,12389382,759,0,759,0,0,28,0
12,700,21.000000,10000.000000,0,0,12389384,773,0,773,0,0,28,0
12,700,21.000000,10000.000000,0,0,12389387,792,0,792,0,0,28,0
12,700,21.000000,10000.000000,0,0,12389390,807,0,807,0,0,28,0
12,700,21.000000,10000.000000,0,0,12389393,825,0,825,-1,0,28,0
12,700,21.000000,10000.000000,0,0,12389396,842,0,842,-3,0,28,0
12,700,21.000000,10000.000000,0,0,12389398,864,0,864,-3,0,28,0
12,700,21.000000,10000.000000,0,0,12389401,883,0,883,-3,0,28,0
12,700,21.000000,10000.000000,0,0,12389404,903,0,903,-3,0,28,0
12,700,21.000000,10000.000000,0,0,12389407,917,0,917,-3,0,28,0
12,700,21.000000,10000.000000,0,0,12389410,936,0,936,-3,0,28,0
12,700,21.000000,10000.000000,0,0,12389412,954,2,954,-1,0,28,0
12,700,21.000000,10000.000000,0,0,12389415,968,2,968,-1,0,28,0
12,700,21.000000,10000.000000,0,0,12389418,983,2,983,-1,0,28,0
12,700,21.000000,10000.000000,0,0,12389421,1000,4,1000,1,0,28,0
12,700,21.000000,10000.000000,0,0,12389424,1013,4,1013,1,0,28,0
12,700,21.000000,10000.000000,0,0,12389427,1027,4,1027,1,0,28,0
12,700,21.000000,10000.000000,0,0,12389430,1039,6,1039,3,0,28,0
12,700,21.000000,10000.000000,0,0,12389433,1052,6,1052,3,0,28,0
12,700,21.000000,10000.000000,0,0,12389436,1076,6,1076,3,0,28,0
12,700,21.000000,10000.000000,0,0,12389440,1089,7,1089,4,0,28,0
12,700,21.000000,10000.000000,0,0,12389442,1098,7,1098,4,0,28,0
12,700,21.000000,10000.000000,0,0,12389445,1112,8,1112,5,0,28,0
12,700,21.000000,10000.000000,0,0,12389447,1123,9,1123,6,0,28,0
12,700,21.000000,10000.000000,0,0,12389450,1132,9,1132,6,0,28,0
12,700,21.000000,10000.000000,0,0,12389452,1144,9,1144,6,0,28,0
12,700,21.000000,10000.000000,0,0,12389455,1153,10,1153,7,0,28,0
12,700,21.000000,10000.000000,0,0,12389458,1162,10,1162,7,0,28,0
12,700,21.000000,10000.000000,0,0,12389460,1172,10,1172,7,0,28,0
12,700,21.000000,10000.000000,0,0,12389463,1172,10,1172,7,0,28,0
12,700,21.000000,10000.000000,0,0,12389465,1179,10,1179,7,0,28,0
12,700,21.000000,10000.000000,0,0,12389468,1187,10,1187,7,0,28,0
12,700,21.000000,10000.000000,0,0,12389471,1195,10,1195,7,0,28,0
12,700,21.000000,10000.000000,0,0,12389474,1200,10,1200,7,0,28,0
12,700,21.000000,10000.000000,0,0,12389477,1207,10,1207,7,0,28,0
12,700,21.000000,10000.000000,0,0,12389479,1211,10,1211,7,0,28,0
12,700,21.000000,10000.000000,0,0,12389482,1219,10,1219,7,0,28,0
12,700,21.000000,10000.000000,0,0,12389485,1222,11,1222,8,0,28,0
12,700,21.000000,10000.000000,0,0,12389487,1224,11,1224,8,0,28,0
12,700,21.000000,10000.000000,0,0,12389490,1228,11,1228,8,0,28,0
12,700,21.000000,10000.000000,0,0,12389493,1232,11,1232,8,0,28,0
12,700,21.000000,10000.000000,0,0,12389496,1234,11,1234,8,0,28,0
12,700,21.000000,10000.000000,0,0,12389499,1238,11,1238,8,0,28,0
12,700,21.000000,10000.000000,0,0,12389501,1241,11,1241,8,0,28,0
12,700,21.000000,10000.000000,0,0,12389504,1244,11,1244,8,0,28,0
12,700,21.000000,10000.000000,0,0,12389507,1246,11,1246,8,0,28,0
12,700,21.000000,10000.000000,0,0,12389510,1248,11,1248,8,0,28,0
12,700,21.000000,10000.000000,0,0,12389512,1250,11,1250,8,0,28,0
12,700,21.000000,10000.000000,0,0,12389515,1253,11,1253,8,0,28,0
12,700,21.000000,10000.000000,0,0,12389518,1255,11,1255,8,0,28,0
12,700,21.000000,10000.000000,0,0,12389521,1257,11,1257,8,0,28,0
12,700,21.000000,10000.000000,0,0,12389524,1259,11,1259,8,0,28,0
12,700,21.000000,10000.000000,0,0,12389526,1261,11,1261,8,0,28,0
12,700,21.000000,10000.000000,0,0,12389529,1262,11,1262,8,0,28,0
12,700,21.000000,10000.000000,0,0,12389532,1263,11,1263,8,0,28,0
12,700,21.000000,10000.000000,0,0,12389535,1264,11,1264,8,0,28,0
12,700,21.000000,10000.000000,0,0,12389538,1266,11,1266,8,0,28,0
12,700,21.000000,10000.000000,0,0,12389540,1267,11,1267,8,0,28,0
12,700,21.000000,10000.000000,0,0,12389543,1269,11,1269,8,0,28,0
12,700,21.000000,10000.000000,0,0,12389546,1271,11,1271,8,0,28,0
12,700,21.000000,10000.000000,0,0,12389549,1272,11,1272,8,0,28,0
12,700,21.000000,10000.000000,0,0,12389551,1274,11,1274,8,0,28,0
12,700,21.000000,10000.000000,0,0,12389554,1276,11,1276,8,0,28,0
12,700,21.000000,10000.000000,0,0,12389557,1277,11,1277,8,0,28,0
12,700,21.000000,10000.000000,0,0,12389560,1278,11,1278,8,0,28,0
12,700,21.000000,10000.000000,0,0,12389563,1279,11,1279,8,0,28,0
12,700,21.000000,10000.000000,0,0,12389566,1280,11,1280,8,0,28,0
12,700,21.000000,10000.000000,0,0,12389568,1281,11,1281,8,0,28,0
12,700,21.000000,10000.000000,0,0,12389571,1282,11,1282,8,0,28,0
12,700,21.000000,10000.000000,0,0,12389573,1283,11,1283,8,0,28,0
12,700,21.000000,10000.000000,0,0,12389576,1284,11,1284,8,0,28,0
12,700,21.000000,10000.000000,0,0,12389579,1284,11,1284,8,0,28,0
12,700,21.000000,10000.000000,0,0,12389582,1284,11,1284,8,0,28,0
12,700,21.000000,10000.000000,0,0,12389585,1284,11,1284,8,0,28,0
12,700,21.000000,10000.000000,0,0,12389587,1284,11,1284,8,0,28,0
12,700,21.000000,10000.000000,0,0,12389590,1284,11,1284,8,0,28,0
12,700,21.000000,10000.000000,0,0,12389593,1285,11,1285,8,0,28,0
12,700,21.000000,10000.000000,0,0,12389596,1286,11,1286,8,0,28,0
12,700,21.000000,10000.000000,0,0,12389599,1286,11,1286,8,0,28,0
12,700,21.000000,10000.000000,0,0,12389601,1286,11,1286,8,0,28,0
12,700,21.000000,10000.000000,0,0,12389604,1286,11,1286,8,0,28,0
12,700,21.000000,10000.000000,0,0,12389607,1286,11,1286,8,0,28,0
12,700,21.000000,10000.000000,0,0,12389610,1286,11,1286,8,0,28,0
12,700,21.000000,10000.000000,0,0,12389613,1286,11,1286,8,0,28,0
12,700,21.000000,10000.000000,0,0,12389615,1286,11,1286,8,0,28,0
12,700,21.000000,10000.000000,0,0,12389618,1286,11,1286,8,0,28,0
12,700,21.000000,10000.000000,0,0,12389621,1286,11,1286,8,0,28,0
12,700,21.000000,10000.000000,0,0,12389624,1286,11,1286,8,0,28,0
12,700,21.000000,10000.000000,0,0,12389627,1286,11,1286,8,0,28,0
12,700,21.000000,10000.000000,0,0,12389629,1286,11,1286,8,0,28,0
12,700,21.000000,10000.000000,0,0,12389632,1286,11,1286,8,0,28,0
12,700,21.000000,10000.000000,0,0,12389635,1286,11,1286,8,0,28,0
12,700,21.000000,10000.000000,0,0,12389638,1286,11,1286,8,0,28,0
12,700,21.000000,10000.000000,0,0,12389641,1286,11,1286,8,0,28,0
12,700,21.000000,10000.000000,0,0,12389643,1286,11,1286,8,0,28,0
12,700,21.000000,10000.000000,0,0,12389646,1286,11,1286,8,0,28,0
12,700,21.000000,10000.000000,0,0,12389649,1286,11,1286,8,0,28,0
12,700,21.000000,10000.000000,0,0,12389652,1286,11,1286,8,0,28,0
12,700,21.000000,10000.000000,0,0,12389654,1286,11,1286,8,0,28,0
12,700,21.000000,10000.000000,0,0,12389657,1286,11,1286,8,0,28,0
12,700,21.000000,10000.000000,0,0,12389660,1286,11,1286,8,0,28,0
12,700,21.000000,10000.000000,0,0,12389662,1286,11,1286,8,0,28,0
12,700,21.000000,10000.000000,0,0,12389665,1287,12,1287,9,0,28,0
12,700,21.000000,10000.000000,0,0,12389668,1288,13,1288,10,0,28,0
12,700,21.000000,10000.000000,0,0,12389671,1288,13,1288,10,0,28,0
12,700,21.000000,10000.000000,0,0,12389674,1289,13,1289,10,0,28,0
12,700,21.000000,10000.000000,0,0,12389676,1290,13,1290,10,0,28,0
12,700,21.000000,10000.000000,0,0,12389679,1291,13,1291,10,0,28,0
12,700,21.000000,10000.000000,0,0,12389682,1292,13,1292,10,0,28,0
12,700,21.000000,10000.000000,0,0,12389685,1293,13,1293,10,0,28,0
12,700,21.000000,10000.000000,0,0,12389688,1294,13,1294,10,0,28,0
12,700,21.000000,10000.000000,0,0,12389690,1295,13,1295,10,0,28,0
12,700,21.000000,10000.000000,0,0,12389693,1296,13,1296,10,0,28,0
12,700,21.000000,10000.000000,0,0,12389696,1297,13,1297,10,0,28,0
12,700,21.000000,10000.000000,0,0,12389699,1297,13,1297,10,0,28,0
12,700,21.000000,10000.000000,0,0,12389702,1297,13,1297,10,0,28,0
12,700,21.000000,10000.000000,0,0,12389704,1297,13,1297,10,0,28,0
12,700,21.000000,10000.000000,0,0,12389707,1297,13,1297,10,0,28,0
12,700,21.000000,10000.000000,0,0,12389710,1297,13,1297,10,0,28,0
12,700,21.000000,10000.000000,0,0,12389713,1298,13,1298,10,0,28,0
12,700,21.000000,10000.000000,0,0,12389716,1299,13,1299,10,0,28,0
12,700,21.000000,10000.000000,0,0,12389719,1299,13,1299,10,0,28,0
12,700,21.000000,10000.000000,0,0,12389721,1299,13,1299,10,0,28,0
12,700,21.000000,10000.000000,0,0,12389724,1299,13,1299,10,0,28,0
12,700,21.000000,10000.000000,0,0,12389727,1299,13,1299,10,0,28,0
12,700,21.000000,10000.000000,0,0,12389729,1299,13,1299,10,0,28,0
12,700,21.000000,10000.000000,0,0,12389732,1299,13,1299,10,0,28,0
12,700,21.000000,10000.000000,0,0,12389735,1299,13,1299,10,0,28,0
12,700,21.000000,10000.000000,0,0,12389738,1299,13,1299,10,0,28,0
12,700,21.000000,10000.000000,0,0,12389741,1299,13,1299,10,0,28,0
12,700,21.000000,10000.000000,0,0,12389743,1299,13,1299,10,0,28,0
12,700,21.000000,10000.000000,0,0,12389746,1299,13,1299,10,0,28,0
12,700,21.000000,10000.000000,0,0,12389749,1299,13,1299,10,0,28,0
12,700,21.000000,10000.000000,0,0,12389752,1300,13,1300,10,0,28,0
12,700,21.000000,10000.000000,0,0,12389755,1300,13,1300,10,0,28,0
12,700,21.000000,10000.000000,0,0,12389758,1300,13,1300,10,0,28,0
12,700,21.000000,10000.000000,0,0,12389760,1300,13,1300,10,0,28,0
12,700,21.000000,10000.000000,0,0,12389763,1300,13,1300,10,0,28,0
12,700,21.000000,10000.000000,0,0,12389766,1301,13,1301,10,0,28,0
12,700,21.000000,10000.000000,0,0,12389769,1302,13,1302,10,0,28,0
12,700,21.000000,10000.000000,0,0,12389771,1303,13,1303,10,0,28,0
12,700,21.000000,10000.000000,0,0,12389774,1304,13,1304,10,0,28,0
12,700,21.000000,10000.000000,0,0,12389777,1304,13,1304,10,0,28,0
12,700,21.000000,10000.000000,0,0,12389780,1305,13,1305,10,0,28,0
12,700,21.000000,10000.000000,0,0,12389782,1306,13,1306,10,0,28,0
12,700,21.000000,10000.000000,0,0,12389785,1306,13,1306,10,0,28,0
12,700,21.000000,10000.000000,0,0,12389788,1307,13,1307,10,0,28,0
12,700,21.000000,10000.000000,0,0,12389791,1308,13,1308,10,0,28,0
12,700,21.000000,10000.000000,0,0,12389793,1308,13,1308,10,0,28,0
12,700,21.000000,10000.000000,0,0,12389796,1308,13,1308,10,0,28,0
12,700,21.000000,10000.000000,0,0,12389799,1308,13,1308,10,0,28,0
12,700,21.000000,10000.000000,0,0,12389802,1308,13,1308,10,0,28,0
12,700,21.000000,10000.000000,0,0,12389805,1308,13,1308,10,0,28,0
12,700,21.000000,10000.000000,0,0,12389807,1308,13,1308,10,0,28,0
12,700,21.000000,10000.000000,0,0,12389810,1308,13,1308,10,0,28,0
12,700,21.000000,10000.000000,0,0,12389813,1308,13,1308,10,0,28,0
12,700,21.000000,10000.000000,0,0,12389815,1308,13,1308,10,0,28,0
12,700,21.000000,10000.000000,0,0,12389818,1308,13,1308,10,0,28,0
12,700,21.000000,10000.000000,0,0,12389821,1308,13,1308,10,0,28,0
12,700,21.000000,10000.000000,0,0,12389824,1308,13,1308,10,0,28,0
12,700,21.000000,10000.000000,0,0,12389827,1308,13,1308,10,0,28,0
12,700,21.000000,10000.000000,0,0,12389829,1308,13,1308,10,0,28,0
12,700,21.000000,10000.000000,0,0,12389832,1308,13,1308,10,0,28,0
12,700,21.000000,10000.000000,0,0,12389835,1308,13,1308,10,0,28,0
12,700,21.000000,10000.000000,0,0,12389838,1308,13,1308,10,0,28,0
12,700,21.000000,10000.000000,0,0,12389841,1308,13,1308,10,0,28,0
12,700,21.000000,10000.000000,0,0,12389844,1308,13,1308,10,0,28,0
12,700,21.000000,10000.000000,0,0,12389846,1308,13,1308,10,0,28,0
12,700,21.000000,10000.000000,0,0,12389849,1308,13,1308,10,0,28,0
12,700,21.000000,10000.000000,0,0,12389852,1308,13,1308,10,0,28,0
12,700,21.000000,10000.000000,0,0,12389855,1308,13,1308,10,0,28,0
12,700,21.000000,10000.000000,0,0,12389857,1308,13,1308,10,0,28,0
12,700,21.000000,10000.000000,0,0,12389860,1308,13,1308,10,0,28,0
12,700,21.000000,10000.000000,0,0,12389863,1308,13,1308,10,0,28,0
12,700,21.000000,10000.000000,0,0,12389865,1308,13,1308,10,0,28,0
12,700,21.000000,10000.000000,0,0,12389868,1308,13,1308,10,0,28,0
12,700,21.000000,10000.000000,0,0,12389871,1308,13,1308,10,0,28,0
12,700,21.000000,10000.000000,0,0,12389874,1308,13,1308,10,0,28,0
12,700,21.000000,10000.000000,0,0,12389877,1308,13,1308,10,0,28,0
12,700,21.000000,10000.000000,0,0,12389879,1308,13,1308,10,0,28,0
12,700,21.000000,10000.000000,0,0,12389882,1308,13,1308,10,0,28,0
12,700,21.000000,10000.000000,0,0,12389885,1308,13,1308,10,0,28,0
12,700,21.000000,10000.000000,0,0,12389888,1308,13,1308,10,0,28,0
12,700,21.000000,10000.000000,0,0,12389901,1308,13,1308,10,0,28,0
