12,700,21.000000,42.000000,0,0,12331317,615,0,615,0,0,24,9
12,700,21.000000,42.000000,0,0,12331318,615,0,615,0,0,24,9
12,700,21.000000,42.000000,0,0,12331321,615,0,615,0,0,24,9
12,700,21.000000,42.000000,0,0,12331323,615,0,615,0,0,24,9
12,700,21.000000,42.000000,0,0,12331326,615,0,615,0,0,24,9
12,700,21.000000,42.000000,0,0,12331329,615,0,615,0,0,24,9
12,700,21.000000,42.000000,0,0,12331331,615,0,615,0,0,24,9
12,700,21.000000,42.000000,0,0,12331334,615,0,615,0,0,24,9
12,700,21.000000,42.000000,0,0,12331337,615,0,615,0,0,24,9
12,700,21.000000,42.000000,0,0,12331340,615,0,615,0,0,24,9
12,700,21.000000,42.000000,0,0,12331343,615,0,615,0,0,24,9
12,700,21.000000,42.000000,0,0,12331346,615,0,615,0,0,24,9
12,700,21.000000,42.000000,0,0,12331348,615,0,615,0,0,24,9
12,700,21.000000,42.000000,0,0,12331351,615,0,615,0,0,24,9
12,700,21.000000,42.000000,0,0,12331353,615,0,615,0,0,24,9
12,700,21.000000,42.000000,0,0,12331356,615,0,615,0,0,24,9
12,700,21.000000,42.000000,0,0,12331359,615,0,615,0,0,24,9
12,700,21.000000,42.000000,0,0,12331362,615,0,615,0,0,24,9
12,700,21.000000,42.000000,0,0,12331365,615,0,615,0,0,24,9
12,700,21.000000,42.000000,0,0,12331367,615,0,615,0,0,24,9
12,700,21.000000,42.000000,0,0,12331370,615,0,615,0,0,24,9
12,700,21.000000,42.000000,0,0,12331373,615,0,615,0,0,24,9
12,700,21.000000,42.000000,0,0,12331376,615,0,615,0,0,24,9
12,700,21.000000,42.000000,0,0,12331379,615,0,615,0,0,24,9
12,700,21.000000,42.000000,0,0,12331382,615,0,615,0,0,24,9
12,700,21.000000,42.000000,0,0,12331384,615,0,615,0,0,24,9
12,700,21.000000,42.000000,0,0,12331387,615,0,615,0,0,24,9
12,700,21.000000,42.000000,0,0,12331390,615,0,615,0,0,24,9
12,700,21.000000,42.000000,0,0,12331393,615,0,615,0,0,24,9
12,700,21.000000,42.000000,0,0,12331396,615,0,615,0,0,24,9
12,700,21.000000,42.000000,0,0,12331398,615,0,615,0,0,24,9
12,700,21.000000,42.000000,0,0,12331401,615,0,615,0,0,24,9
12,700,21.000000,42.000000,0,0,12331404,615,0,615,0,0,24,9
12,700,21.000000,42.000000,0,0,12331407,615,0,615,0,0,24,9
12,700,21.000000,42.000000,0,0,12331410,615,0,615,0,0,24,9
12,700,21.000000,42.000000,0,0,12331412,615,0,615,0,0,24,9
12,700,21.000000,42.000000,0,0,12331415,615,0,615,0,0,24,9
12,700,21.000000,42.000000,0,0,12331417,615,0,615,0,0,24,9
12,700,21.000000,42.000000,0,0,12331420,615,0,615,0,0,24,9
12,700,21.000000,42.000000,0,0,12331423,615,0,615,0,0,24,9
12,700,21.000000,42.000000,0,0,12331426,615,0,615,0,0,24,9
12,700,21.000000,42.000000,0,0,12331429,615,0,615,0,0,24,9
12,700,21.000000,42.000000,0,0,12331432,615,0,615,0,0,24,9
12,700,21.000000,42.000000,0,0,12331434,615,0,615,0,0,24,9
12,700,21.000000,42.000000,0,0,12331437,615,0,615,0,0,24,9
12,700,21.000000,42.000000,0,0,12331440,615,0,615,0,0,24,9
12,700,21.000000,42.000000,0,0,12331443,615,0,615,-1,0,24,9
12,700,21.000000,42.000000,0,0,12331445,616,0,616,-2,0,24,9
12,700,21.000000,42.000000,0,0,12331448,616,0,616,-2,0,24,9
12,700,21.000000,42.000000,0,0,12331451,617,0,617,-2,0,24,9
12,700,21.000000,42.000000,0,0,12331454,620,0,620,-2,0,24,9
12,700,21.000000,42.000000,0,0,12331457,623,0,623,-2,0,24,9
12,700,21.000000,42.000000,0,0,12331459,624,0,624,-2,0,24,9
12,700,21.000000,42.000000,0,0,12331462,626,0,626,-2,0,24,9
12,700,21.000000,42.000000,0,0,12331465,627,0,627,-2,0,24,9
12,700,21.000000,42.000000,0,0,12331467,629,0,629,-2,0,24,9
12,700,21.000000,42.000000,0,0,12331470,630,0,630,-2,0,24,9
12,700,21.000000,42.000000,0,0,12331473,633,0,633,-2,0,24,9
12,700,21.000000,42.000000,0,0,12331476,635,0,635,-3,0,24,9
12,700,21.000000,42.000000,0,0,12331479,638,0,638,-3,0,24,9
12,700,21.000000,42.000000,0,0,12331482,642,0,642,-3,0,24,9
12,700,21.000000,42.000000,0,0,12331484,648,0,648,-4,0,24,9
12,700,21.000000,42.000000,0,0,12331487,657,0,657,-7,0,24,9
12,700,21.000000,42.000000,0,0,12331490,661,0,661,-8,0,24,9
12,700,21.000000,42.000000,0,0,12331493,667,0,667,-8,0,24,9
12,700,21.000000,42.000000,0,0,12331495,673,0,673,-10,0,24,9
12,700,21.000000,42.000000,0,0,12331498,682,0,682,-11,0,24,9
12,700,21.000000,42.000000,0,0,12331501,685,0,685,-12,0,24,9
12,700,21.000000,42.000000,0,0,12331504,696,0,696,-14,0,24,9
12,700,21.000000,42.000000,0,0,12331507,704,0,704,-15,0,24,9
12,700,21.000000,42.000000,0,0,12331509,714,0,714,-17,0,24,9
12,700,21.000000,42.000000,0,0,12331512,723,0,723,-18,0,24,9
12,700,21.000000,42.000000,0,0,12331515,734,0,734,-21,0,24,9
12,700,21.000000,42.000000,0,0,12331518,745,0,745,-22,0,24,9
12,700,21.000000,42.000000,0,0,12331521,757,0,757,-26,0,24,9
12,700,21.000000,42.000000,0,0,12331523,769,0,769,-28,0,24,9
12,700,21.000000,42.000000,0,0,12331526,780,0,780,-31,0,24,9
12,700,21.000000,42.000000,0,0,12331529,797,0,797,-34,0,24,9
12,700,21.000000,42.000000,0,0,12331531,810,0,810,-35,0,24,9
12,700,21.000000,42.000000,0,0,12331534,825,0,825,-36,0,24,9
12,700,21.000000,42.000000,0,0,12331537,852,0,852,-41,0,24,9
12,700,21.000000,42.000000,0,0,12331540,865,0,865,-42,0,24,9
12,700,21.000000,42.000000,0,0,12331543,879,0,879,-43,0,24,9
12,700,21.000000,42.000000,0,0,12331546,892,0,892,-45,0,24,9
12,700,21.000000,42.000000,0,0,12331548,907,0,907,-45,0,24,9
12,700,21.000000,42.000000,0,0,12331551,920,0,920,-47,0,24,9
12,700,21.000000,42.000000,0,0,12331554,934,0,934,-49,0,24,9
12,700,21.000000,42.000000,0,0,12331557,946,0,946,-51,0,24,9
12,700,21.000000,42.000000,0,0,12331559,960,0,960,-53,0,24,9
12,700,21.000000,42.000000,0,0,12331562,972,0,972,-53,0,24,9
12,700,21.000000,42.000000,0,0,12331565,985,0,985,-53,0,24,9
12,700,21.000000,42.000000,0,0,12331568,1000,0,1000,-54,0,24,9
12,700,21.000000,42.000000,0,0,12331571,1012,0,1012,-55,0,24,9
12,700,21.000000,42.000000,0,0,12331573,1026,0,1026,-56,0,24,9
12,700,21.000000,42.000000,0,0,12331576,1037,0,1037,-57,0,24,9
12,700,21.000000,42.000000,0,0,12331579,1051,0,1051,-60,0,24,9
12,700,21.000000,42.000000,0,0,12331582,1063,0,1063,-62,0,24,9
12,700,21.000000,42.000000,0,0,12331585,1074,0,1074,-63,0,24,9
12,700,21.000000,42.000000,0,0,12331587,1086,0,1086,-63,0,24,9
12,700,21.000000,42.000000,0,0,12331590,1097,0,1097,-65,0,24,9
12,700,21.000000,42.000000,0,0,12331593,1108,0,1108,-66,0,24,9
12,700,21.000000,42.000000,0,0,12331596,1119,0,1119,-68,0,24,9
12,700,21.000000,42.000000,0,0,12331598,1129,0,1129,-68,0,24,9
12,700,21.000000,42.000000,0,0,12331601,1137,0,1137,-69,0,24,9
12,700,21.000000,42.000000,0,0,12331604,1145,0,1145,-69,0,24,9
12,700,21.000000,42.000000,0,0,12331606,1151,0,1151,-70,0,24,9
12,700,21.000000,42.000000,0,0,12331609,1158,0,1158,-70,0,24,9
12,700,21.000000,42.000000,0,0,12331612,1165,0,1165,-70,0,24,9
12,700,21.000000,42.000000,0,0,12331615,1173,0,1173,-70,0,24,9
12,700,21.000000,42.000000,0,0,12331618,1180,0,1180,-70,0,24,9
12,700,21.000000,42.000000,0,0,12331621,1184,0,1184,-70,0,24,9
12,700,21.000000,42.000000,0,0,12331623,1187,0,1187,-70,0,24,9
12,700,21.000000,42.000000,0,0,12331626,1191,0,1191,-70,0,24,9
12,700,21.000000,42.000000,0,0,12331629,1195,0,1195,-70,0,24,9
12,700,21.000000,42.000000,0,0,12331631,1198,0,1198,-70,0,24,9
12,700,21.000000,42.000000,0,0,12331634,1201,0,1201,-70,0,24,9
12,700,21.000000,42.000000,0,0,12331637,1204,0,1204,-70,0,24,9
12,700,21.000000,42.000000,0,0,12331640,1207,0,1207,-70,0,24,9
12,700,21.000000,42.000000,0,0,12331643,1209,0,1209,-70,0,24,9
12,700,21.000000,42.000000,0,0,12331646,1212,0,1212,-70,0,24,9
12,700,21.000000,42.000000,0,0,12331648,1215,0,1215,-70,0,24,9
12,700,21.000000,42.000000,0,0,12331651,1215,0,1215,-71,0,24,9
12,700,21.000000,42.000000,0,0,12331654,1216,0,1216,-71,0,24,9
12,700,21.000000,42.000000,0,0,12331657,1217,0,1217,-71,0,24,9
12,700,21.000000,42.000000,0,0,12331660,1218,0,1218,-71,0,24,9
12,700,21.000000,42.000000,0,0,12331662,1218,0,1218,-71,0,24,9
12,700,21.000000,42.000000,0,0,12331665,1218,0,1218,-71,0,24,9
12,700,21.000000,42.000000,0,0,12331668,1218,0,1218,-71,0,24,9
12,700,21.000000,42.000000,0,0,12331671,1218,0,1218,-71,0,24,9
12,700,21.000000,42.000000,0,0,12331674,1218,0,1218,-71,0,24,9
12,700,21.000000,42.000000,0,0,12331677,1218,0,1218,-71,0,24,9
12,700,21.000000,42.000000,0,0,12331679,1218,0,1218,-71,0,24,9
12,700,21.000000,42.000000,0,0,12331682,1218,0,1218,-71,0,24,9
12,700,21.000000,42.000000,0,0,12331685,1218,0,1218,-71,0,24,9
12,700,21.000000,42.000000,0,0,12331688,1218,0,1218,-71,0,24,9
12,700,21.000000,42.000000,0,0,12331690,1218,0,1218,-71,0,24,9
12,700,21.000000,42.000000,0,0,12331693,1218,0,1218,-71,0,24,9
12,700,21.000000,42.000000,0,0,12331695,1218,0,1218,-71,0,24,9
12,700,21.000000,42.000000,0,0,12331698,1218,0,1218,-71,0,24,9
12,700,21.000000,42.000000,0,0,12331701,1218,0,1218,-71,0,24,9
12,700,21.000000,42.000000,0,0,12331704,1218,0,1218,-72,0,24,9
12,700,21.000000,42.000000,0,0,12331707,1218,0,1218,-72,0,24,9
12,700,21.000000,42.000000,0,0,12331709,1219,0,1219,-72,0,24,9
12,700,21.000000,42.000000,0,0,12331712,1220,0,1220,-72,0,24,9
12,700,21.000000,42.000000,0,0,12331715,1221,0,1221,-73,0,24,9
12,700,21.000000,42.000000,0,0,12331718,1222,0,1222,-73,0,24,9
12,700,21.000000,42.000000,0,0,12331721,1223,0,1223,-73,0,24,9
12,700,21.000000,42.000000,0,0,12331723,1224,0,1224,-73,0,24,9
12,700,21.000000,42.000000,0,0,12331726,1224,0,1224,-74,0,24,9
12,700,21.000000,42.000000,0,0,12331729,1224,0,1224,-75,0,24,9
12,700,21.000000,42.000000,0,0,12331732,1227,0,1227,-75,0,24,9
12,700,21.000000,42.000000,0,0,12331734,1228,0,1228,-75,0,24,9
12,700,21.000000,42.000000,0,0,12331737,1230,0,1230,-75,0,24,9
12,700,21.000000,42.000000,0,0,12331740,1230,0,1230,-75,0,24,9
12,700,21.000000,42.000000,0,0,12331743,1230,0,1230,-75,0,24,9
12,700,21.000000,42.000000,0,0,12331745,1231,0,1231,-75,0,24,9
12,700,21.000000,42.000000,0,0,12331748,1231,0,1231,-75,0,24,9
12,700,21.000000,42.000000,0,0,12331752,1232,0,1232,-75,0,24,9
12,700,21.000000,42.000000,0,0,12331755,1232,0,1232,-75,0,24,9
12,700,21.000000,42.000000,0,0,12331758,1232,0,1232,-75,0,24,9
12,700,21.000000,42.000000,0,0,12331761,1232,0,1232,-75,0,24,9
12,700,21.000000,42.000000,0,0,12331763,1232,0,1232,-75,0,24,9
12,700,21.000000,42.000000,0,0,12331766,1232,0,1232,-75,0,24,9
12,700,21.000000,42.000000,0,0,12331768,1233,0,1233,-75,0,24,9
12,700,21.000000,42.000000,0,0,12331771,1233,0,1233,-75,0,24,9
12,700,21.000000,42.000000,0,0,12331774,1233,0,1233,-75,0,24,9
12,700,21.000000,42.000000,0,0,12331776,1233,0,1233,-75,0,24,9
12,700,21.000000,42.000000,0,0,12331780,1233,0,1233,-75,0,24,9
12,700,21.000000,42.000000,0,0,12331783,1233,0,1233,-75,0,24,9
12,700,21.000000,42.000000,0,0,12331785,1233,0,1233,-75,0,24,9
12,700,21.000000,42.000000,0,0,12331788,1233,0,1233,-75,0,24,9
12,700,21.000000,42.000000,0,0,12331790,1234,0,1234,-75,0,24,9
12,700,21.000000,42.000000,0,0,12331793,1236,0,1236,-75,0,24,9
12,700,21.000000,42.000000,0,0,12331796,1237,0,1237,-75,0,24,9
12,700,21.000000,42.000000,0,0,12331799,1238,0,1238,-75,0,24,9
12,700,21.000000,42.000000,0,0,12331801,1239,0,1239,-75,0,24,9
12,700,21.000000,42.000000,0,0,12331804,1240,0,1240,-75,0,24,9
12,700,21.000000,42.000000,0,0,12331808,1241,0,1241,-75,0,24,9
12,700,21.000000,42.000000,0,0,12331810,1243,0,1243,-75,0,24,9
12,700,21.000000,42.000000,0,0,12331812,1245,0,1245,-75,0,24,9
12,700,21.000000,42.000000,0,0,12331815,1246,0,1246,-75,0,24,9
12,700,21.000000,42.000000,0,0,12331818,1247,0,1247,-75,0,24,9
12,700,21.000000,42.000000,0,0,12331820,1249,0,1249,-75,0,24,9
12,700,21.000000,42.000000,0,0,12331823,1251,0,1251,-75,0,24,9
12,700,21.000000,42.000000,0,0,12331826,1252,0,1252,-75,0,24,9
12,700,21.000000,42.000000,0,0,12331829,1253,0,1253,-75,0,24,9
12,700,21.000000,42.000000,0,0,12331832,1253,0,1253,-75,0,24,9
12,700,21.000000,42.000000,0,0,12331834,1253,0,1253,-75,0,24,9
12,700,21.000000,42.000000,0,0,12331837,1253,0,1253,-75,0,24,9
12,700,21.000000,42.000000,0,0,12331840,1253,0,1253,-75,0,24,9
12,700,21.000000,42.000000,0,0,12331843,1253,0,1253,-75,0,24,9
12,700,21.000000,42.000000,0,0,12331846,1253,0,1253,-75,0,24,9
12,700,21.000000,42.000000,0,0,12331848,1253,0,1253,-75,0,24,9
12,700,21.000000,42.000000,0,0,12331851,1253,0,1253,-75,0,24,9
12,700,21.000000,42.000000,0,0,12331854,1253,0,1253,-75,0,24,9
12,700,21.000000,42.000000,0,0,12331857,1253,0,1253,-75,0,24,9
12,700,21.000000,42.000000,0,0,12331859,1253,0,1253,-75,0,24,9
12,700,21.000000,42.000000,0,0,12331862,1253,0,1253,-75,0,24,9
12,700,21.000000,42.000000,0,0,12331865,1253,0,1253,-75,0,24,9
12,700,21.000000,42.000000,0,0,12331868,1253,0,1253,-75,0,24,9
12,700,21.000000,42.000000,0,0,12331871,1253,0,1253,-75,0,24,9
12,700,21.000000,42.000000,0,0,12331873,1253,0,1253,-75,0,24,9
12,700,21.000000,42.000000,0,0,12331876,1253,0,1253,-75,0,24,9
12,700,21.000000,42.000000,0,0,12331879,1253,0,1253,-75,0,24,9
12,700,21.000000,42.000000,0,0,12331882,1253,0,1253,-75,0,24,9
12,700,21.000000,42.000000,0,0,12331885,1253,0,1253,-75,0,24,9
12,700,21.000000,42.000000,0,0,12331887,1253,0,1253,-75,0,24,9
12,700,21.000000,42.000000,0,0,12331890,1253,0,1253,-75,0,24,9
12,700,21.000000,42.000000,0,0,12331893,1253,0,1253,-75,0,24,9
12,700,21.000000,42.000000,0,0,12331896,1254,0,1254,-75,0,24,9
12,700,21.000000,42.000000,0,0,12331898,1255,0,1255,-75,0,24,9
12,700,21.000000,42.000000,0,0,12331901,1256,1,1256,-74,0,24,9
12,700,21.000000,42.000000,0,0,12331904,1257,2,1257,-73,0,24,9
12,700,21.000000,42.000000,0,0,12331907,1259,2,1259,-73,0,24,9
12,700,21.000000,42.000000,0,0,12331910,1260,2,1260,-73,0,24,9
12,700,21.000000,42.000000,0,0,12331912,1260,3,1260,-72,0,24,9
12,700,21.000000,42.000000,0,0,12331915,1262,4,1262,-71,0,24,9
12,700,21.000000,42.000000,0,0,12331918,1262,6,1262,-69,0,24,9
12,700,21.000000,42.000000,0,0,12331921,1263,6,1263,-69,0,24,9
12,700,21.000000,42.000000,0,0,12331923,1265,6,1265,-69,0,24,9
12,700,21.000000,42.000000,0,0,12331926,1267,6,1267,-69,0,24,9
12,700,21.000000,42.000000,0,0,12331929,1268,6,1268,-69,0,24,9
12,700,21.000000,42.000000,0,0,12331932,1269,6,1269,-69,0,24,9
12,700,21.000000,42.000000,0,0,12331935,1270,7,1270,-68,0,24,9
12,700,21.000000,42.000000,0,0,12331937,1272,8,1272,-67,0,24,9
12,700,21.000000,42.000000,0,0,12331940,1274,9,1274,-66,0,24,9
12,700,21.000000,42.000000,0,0,12331943,1275,9,1275,-66,0,24,9
12,700,21.000000,42.000000,0,0,12331946,1275,10,1275,-65,0,24,9
12,700,21.000000,42.000000,0,0,12331949,1275,11,1275,-64,0,24,9
12,700,21.000000,42.000000,0,0,12331951,1276,11,1276,-64,0,24,9
12,700,21.000000,42.000000,0,0,12331954,1276,11,1276,-64,0,24,9
12,700,21.000000,42.000000,0,0,12331957,1277,11,1277,-64,0,24,9
12,700,21.000000,42.000000,0,0,12331960,1278,11,1278,-64,0,24,9
12,700,21.000000,42.000000,0,0,12331963,1278,11,1278,-64,0,24,9
12,700,21.000000,42.000000,0,0,12331966,1278,11,1278,-64,0,24,9
12,700,21.000000,42.000000,0,0,12331968,1278,11,1278,-64,0,24,9
12,700,21.000000,42.000000,0,0,12331971,1278,11,1278,-64,0,24,9
12,700,21.000000,42.000000,0,0,12331974,1278,11,1278,-64,0,24,9
12,700,21.000000,42.000000,0,0,12331976,1278,11,1278,-64,0,24,9
12,700,21.000000,42.000000,0,0,12331979,1278,11,1278,-64,0,24,9
12,700,21.000000,42.000000,0,0,12331982,1278,11,1278,-64,0,24,9
12,700,21.000000,42.000000,0,0,12331985,1278,11,1278,-64,0,24,9
12,700,21.000000,42.000000,0,0,12331987,1278,11,1278,-64,0,24,9
12,700,21.000000,42.000000,0,0,12331990,1278,11,1278,-64,0,24,9
12,700,21.000000,42.000000,0,0,12331993,1279,11,1279,-64,0,24,9
12,700,21.000000,42.000000,0,0,12331996,1280,11,1280,-64,0,24,9
12,700,21.000000,42.000000,0,0,12331999,1281,11,1281,-64,0,24,9
12,700,21.000000,42.000000,0,0,12332001,1282,11,1282,-64,0,24,9
12,700,21.000000,42.000000,0,0,12332004,1283,11,1283,-64,0,24,9
12,700,21.000000,42.000000,0,0,12332007,1284,11,1284,-64,0,24,9
12,700,21.000000,42.000000,0,0,12332010,1285,11,1285,-64,0,24,9
12,700,21.000000,42.000000,0,0,12332013,1286,11,1286,-64,0,24,9
12,700,21.000000,42.000000,0,0,12332015,1287,11,1287,-64,0,24,9
12,700,21.000000,42.000000,0,0,12332018,1288,11,1288,-64,0,24,9
12,700,21.000000,42.000000,0,0,12332021,1288,11,1288,-64,0,24,9
12,700,21.000000,42.000000,0,0,12332024,1289,11,1289,-64,0,24,9
12,700,21.000000,42.000000,0,0,12332027,1290,11,1290,-64,0,24,9
12,700,21.000000,42.000000,0,0,12332029,1291,11,1291,-64,0,24,9
12,700,21.000000,42.000000,0,0,12332032,1292,11,1292,-64,0,24,9
12,700,21.000000,42.000000,0,0,12332035,1293,11,1293,-64,0,24,9
12,700,21.000000,42.000000,0,0,12332038,1294,11,1294,-64,0,24,9
12,700,21.000000,42.000000,0,0,12332040,1294,11,1294,-64,0,24,9
12,700,21.000000,42.000000,0,0,12332043,1294,11,1294,-64,0,24,9
12,700,21.000000,42.000000,0,0,12332046,1295,11,1295,-64,0,24,9
12,700,21.000000,42.000000,0,0,12332049,1295,11,1295,-64,0,24,9
12,700,21.000000,42.000000,0,0,12332051,1295,11,1295,-64,0,24,9
12,700,21.000000,42.000000,0,0,12332054,1295,11,1295,-64,0,24,9
12,700,21.000000,42.000000,0,0,12332057,1296,11,1296,-64,0,24,9
12,700,21.000000,42.000000,0,0,12332060,1297,11,1297,-64,0,24,9
12,700,21.000000,42.000000,0,0,12332063,1297,11,1297,-64,0,24,9
12,700,21.000000,42.000000,0,0,12332065,1297,11,1297,-64,0,24,9
12,700,21.000000,42.000000,0,0,12332068,1297,11,1297,-64,0,24,9
12,700,21.000000,42.000000,0,0,12332071,1297,11,1297,-64,0,24,9
12,700,21.000000,42.000000,0,0,12332074,1297,11,1297,-64,0,24,9
12,700,21.000000,42.000000,0,0,12332077,1297,11,1297,-64,0,24,9
12,700,21.000000,42.000000,0,0,12332079,1297,11,1297,-64,0,24,9
12,700,21.000000,42.000000,0,0,12332082,1297,11,1297,-64,0,24,9
12,700,21.000000,42.000000,0,0,12332085,1297,11,1297,-64,0,24,9
12,700,21.000000,42.000000,0,0,12332088,1298,11,1298,-64,0,24,9
12,700,21.000000,42.000000,0,0,12332091,1299,11,1299,-64,0,24,9
12,700,21.000000,42.000000,0,0,12332093,1300,11,1300,-64,0,24,9
12,700,21.000000,42.000000,0,0,12332096,1301,11,1301,-64,0,24,9
12,700,21.000000,42.000000,0,0,12332099,1301,11,1301,-64,0,24,9
12,700,21.000000,42.000000,0,0,12332102,1301,11,1301,-64,0,24,9
12,700,21.000000,42.000000,0,0,12332105,1302,11,1302,-64,0,24,9
12,700,21.000000,42.000000,0,0,12332107,1303,11,1303,-64,0,24,9
12,700,21.000000,42.000000,0,0,12332110,1304,11,1304,-64,0,24,9
12,700,21.000000,42.000000,0,0,12332113,1305,11,1305,-64,0,24,9
12,700,21.000000,42.000000,0,0,12332115,1306,11,1306,-64,0,24,9
12,700,21.000000,42.000000,0,0,12332118,1306,11,1306,-64,0,24,9
12,700,21.000000,42.000000,0,0,12332121,1307,11,1307,-64,0,24,9
12,700,21.000000,42.000000,0,0,12332124,1308,11,1308,-64,0,24,9
12,700,21.000000,42.000000,0,0,12332126,1309,11,1309,-64,0,24,9
12,700,21.000000,42.000000,0,0,12332129,1311,11,1311,-64,0,24,9
12,700,21.000000,42.000000,0,0,12332132,1311,11,1311,-64,0,24,9
12,700,21.000000,42.000000,0,0,12332135,1311,11,1311,-64,0,24,9
12,700,21.000000,42.000000,0,0,12332138,1311,11,1311,-64,0,24,9
12,700,21.000000,42.000000,0,0,12332140,1311,11,1311,-64,0,24,9
12,700,21.000000,42.000000,0,0,12332143,1311,11,1311,-64,0,24,9
12,700,21.000000,42.000000,0,0,12332146,1311,11,1311,-64,0,24,9
12,700,21.000000,42.000000,0,0,12332149,1311,11,1311,-64,0,24,9
12,700,21.000000,42.000000,0,0,12332152,1311,11,1311,-64,0,24,9
12,700,21.000000,42.000000,0,0,12332154,1311,11,1311,-64,0,24,9
12,700,21.000000,42.000000,0,0,12332157,1311,11,1311,-64,0,24,9
12,700,21.000000,42.000000,0,0,12332160,1311,11,1311,-64,0,24,9
12,700,21.000000,42.000000,0,0,12332163,1311,11,1311,-64,0,24,9
12,700,21.000000,42.000000,0,0,12332166,1311,11,1311,-64,0,24,9
12,700,21.000000,42.000000,0,0,12332168,1311,11,1311,-64,0,24,9
12,700,21.000000,42.000000,0,0,12332171,1311,11,1311,-64,0,24,9
12,700,21.000000,42.000000,0,0,12332174,1311,11,1311,-64,0,24,9
12,700,21.000000,42.000000,0,0,12332177,1311,11,1311,-64,0,24,9
12,700,21.000000,42.000000,0,0,12332180,1311,11,1311,-64,0,24,9
12,700,21.000000,42.000000,0,0,12332182,1311,11,1311,-64,0,24,9
12,700,21.000000,42.000000,0,0,12332185,1311,11,1311,-64,0,24,9
12,700,21.000000,42.000000,0,0,12332187,1311,11,1311,-64,0,24,9
12,700,21.000000,42.000000,0,0,12332190,1311,11,1311,-64,0,24,9
12,700,21.000000,42.000000,0,0,12332193,1311,11,1311,-64,0,24,9
12,700,21.000000,42.000000,0,0,12332196,1311,11,1311,-64,0,24,9
12,700,21.000000,42.000000,0,0,12332199,1311,11,1311,-64,0,24,9
12,700,21.000000,42.000000,0,0,12332201,1311,11,1311,-64,0,24,9
12,700,21.000000,42.000000,0,0,12332204,1311,11,1311,-64,0,24,9
12,700,21.000000,42.000000,0,0,12332207,1311,11,1311,-64,0,24,9
12,700,21.000000,42.000000,0,0,12332210,1311,11,1311,-64,0,24,9
12,700,21.000000,42.000000,0,0,12332213,1311,11,1311,-64,0,24,9
12,700,21.000000,42.000000,0,0,12332215,1311,11,1311,-64,0,24,9
12,700,21.000000,42.000000,0,0,12332218,1311,11,1311,-64,0,24,9
12,700,21.000000,42.000000,0,0,12332221,1311,11,1311,-64,0,24,9
12,700,21.000000,42.000000,0,0,12332224,1311,10,1311,-65,0,24,9
12,700,21.000000,42.000000,0,0,12332227,1311,10,1311,-65,0,24,9
12,700,21.000000,42.000000,0,0,12332229,1311,10,1311,-65,0,24,9
12,700,21.000000,42.000000,0,0,12332232,1311,10,1311,-65,0,24,9
12,700,21.000000,42.000000,0,0,12332235,1311,10,1311,-65,0,24,9
12,700,21.000000,42.000000,0,0,12332238,1311,10,1311,-65,0,24,9
12,700,21.000000,42.000000,0,0,12332241,1311,10,1311,-65,0,24,9
12,700,21.000000,42.000000,0,0,12332243,1311,10,1311,-65,0,24,9
12,700,21.000000,42.000000,0,0,12332246,1311,10,1311,-65,0,24,9
12,700,21.000000,42.000000,0,0,12332249,1311,10,1311,-65,0,24,9
12,700,21.000000,42.000000,0,0,12332262,1311,10,1311,-65,0,24,9
