12,350,80.500000,0.000000,1,0,11747440,799,3,799,3,0,5,8
12,350,80.500000,0.000000,1,0,11747441,799,3,799,3,0,5,8
12,350,80.500000,0.000000,1,0,11747444,799,3,799,3,0,5,8
12,350,80.500000,0.000000,1,0,11747447,799,3,799,3,0,5,8
12,350,80.500000,0.000000,1,0,11747450,799,3,799,3,0,5,8
12,350,80.500000,0.000000,1,0,11747452,799,3,799,3,0,5,8
12,350,80.500000,0.000000,1,0,11747455,799,3,799,3,0,5,8
12,350,80.500000,0.000000,1,0,11747458,799,3,799,3,0,5,8
12,350,80.500000,0.000000,1,0,11747461,799,3,799,3,0,5,8
12,350,80.500000,0.000000,1,0,11747463,799,3,799,3,0,5,8
12,350,80.500000,0.000000,1,0,11747466,799,3,799,3,0,5,8
12,350,80.500000,0.000000,1,0,11747469,799,3,799,3,0,5,8
12,350,80.500000,0.000000,1,0,11747471,799,3,799,3,0,5,8
12,350,80.500000,0.000000,1,0,11747474,799,3,799,3,0,5,8
12,350,80.500000,0.000000,1,0,11747477,799,3,799,3,0,5,8
12,350,80.500000,0.000000,1,0,11747480,799,3,799,3,0,5,8
12,350,80.500000,0.000000,1,0,11747483,799,3,799,3,0,5,8
12,350,80.500000,0.000000,1,0,11747486,799,3,799,3,0,5,8
12,350,80.500000,0.000000,1,0,11747488,799,3,799,3,0,5,8
12,350,80.500000,0.000000,1,0,11747491,799,3,799,3,0,5,8
12,350,80.500000,0.000000,1,0,11747494,799,3,799,3,0,5,8
12,350,80.500000,0.000000,1,0,11747497,799,3,799,3,0,5,8
12,350,80.500000,0.000000,1,0,11747499,799,3,799,3,0,5,8
12,350,80.500000,0.000000,1,0,11747502,799,3,799,3,0,5,8
12,350,80.500000,0.000000,1,0,11747505,799,3,799,3,0,5,8
12,350,80.500000,0.000000,1,0,11747508,799,3,799,3,0,5,8
12,350,80.500000,0.000000,1,0,11747511,799,3,799,3,0,5,8
12,350,80.500000,0.000000,1,0,11747513,799,3,799,3,0,5,8
12,350,80.500000,0.000000,1,0,11747516,799,3,799,3,0,5,8
12,350,80.500000,0.000000,1,0,11747519,799,3,799,3,0,5,8
12,350,80.500000,0.000000,1,0,11747522,799,3,799,3,0,5,8
12,350,80.500000,0.000000,1,0,11747525,799,3,799,3,0,5,8
12,350,80.500000,0.000000,1,0,11747527,799,3,799,3,0,5,8
12,350,80.500000,0.000000,1,0,11747530,799,3,799,3,0,5,8
12,350,80.500000,0.000000,1,0,11747533,799,3,799,3,0,5,8
12,350,80.500000,0.000000,1,0,11747536,799,3,799,3,0,5,8
12,350,80.500000,0.000000,1,0,11747539,798,3,798,3,0,5,8
12,350,80.500000,0.000000,1,0,11747541,797,3,797,3,0,5,8
12,350,80.500000,0.000000,1,0,11747544,797,3,797,3,0,5,8
12,350,80.500000,0.000000,1,0,11747547,797,3,797,3,0,5,8
12,350,80.500000,0.000000,1,0,11747550,797,4,797,4,0,5,8
12,350,80.500000,0.000000,1,0,11747552,798,4,798,4,0,5,8
12,350,80.500000,0.000000,1,0,11747555,798,5,798,5,0,5,8
12,350,80.500000,0.000000,1,0,11747558,799,5,799,5,0,5,8
12,350,80.500000,0.000000,1,0,11747561,800,5,800,5,0,5,8
12,350,80.500000,0.000000,1,0,11747564,801,6,801,6,0,5,8
12,350,80.500000,0.000000,1,0,11747566,802,7,802,7,0,5,8
12,350,80.500000,0.000000,1,0,11747569,804,7,804,7,0,5,8
12,350,80.500000,0.000000,1,0,11747572,805,8,805,8,0,5,8
12,350,80.500000,0.000000,1,0,11747574,807,10,807,10,0,5,8
12,350,80.500000,0.000000,1,0,11747577,812,10,812,10,0,5,8
12,350,80.500000,0.000000,1,0,11747580,812,12,812,12,0,5,8
12,350,80.500000,0.000000,1,0,11747583,815,15,815,15,0,5,8
12,350,80.500000,0.000000,1,0,11747586,818,15,818,15,0,5,8
12,350,80.500000,0.000000,1,0,11747588,821,15,821,15,0,5,8
12,350,80.500000,0.000000,1,0,11747591,825,17,825,17,0,5,8
12,350,80.500000,0.000000,1,0,11747594,830,18,830,18,0,5,8
12,350,80.500000,0.000000,1,0,11747597,833,19,833,19,0,5,8
12,350,80.500000,0.000000,1,0,11747600,836,19,836,19,0,5,8
12,350,80.500000,0.000000,1,0,11747602,842,20,842,20,0,5,8
12,350,80.500000,0.000000,1,0,11747605,846,20,846,20,0,5,8
12,350,80.500000,0.000000,1,0,11747608,852,20,852,20,0,5,8
12,350,80.500000,0.000000,1,0,11747611,856,20,856,20,0,5,8
12,350,80.500000,0.000000,1,0,11747614,863,20,863,20,0,5,8
12,350,80.500000,0.000000,1,0,11747616,867,20,867,20,0,5,8
12,350,80.500000,0.000000,1,0,11747619,870,20,870,20,0,5,8
12,350,80.500000,0.000000,1,0,11747622,877,20,877,20,0,5,8
12,350,80.500000,0.000000,1,0,11747625,881,20,881,20,0,5,8
12,350,80.500000,0.000000,1,0,11747627,889,20,889,20,0,5,8
12,350,80.500000,0.000000,1,0,11747630,897,20,897,20,0,5,8
12,350,80.500000,0.000000,1,0,11747633,904,20,904,20,0,5,8
12,350,80.500000,0.000000,1,0,11747636,911,20,911,20,0,5,8
12,350,80.500000,0.000000,1,0,11747638,919,19,919,19,0,5,8
12,350,80.500000,0.000000,1,0,11747641,924,19,924,19,0,5,8
12,350,80.500000,0.000000,1,0,11747644,932,19,932,19,0,5,8
12,350,80.500000,0.000000,1,0,11747647,939,19,939,19,0,5,8
12,350,80.500000,0.000000,1,0,11747649,946,18,946,18,0,5,8
12,350,80.500000,0.000000,1,0,11747653,954,17,954,17,0,5,8
12,350,80.500000,0.000000,1,0,11747655,961,16,961,16,0,5,8
12,350,80.500000,0.000000,1,0,11747658,970,16,970,16,0,5,8
12,350,80.500000,0.000000,1,0,11747661,976,16,976,16,0,5,8
12,350,80.500000,0.000000,1,0,11747663,984,16,984,16,0,5,8
12,350,80.500000,0.000000,1,0,11747666,998,16,998,16,0,5,8
12,350,80.500000,0.000000,1,0,11747669,1004,16,1004,16,0,5,8
12,350,80.500000,0.000000,1,0,11747672,1011,15,1011,15,0,5,8
12,350,80.500000,0.000000,1,0,11747674,1019,15,1019,15,0,5,8
12,350,80.500000,0.000000,1,0,11747678,1026,14,1026,14,0,5,8
12,350,80.500000,0.000000,1,0,11747680,1034,14,1034,14,0,5,8
12,350,80.500000,0.000000,1,0,11747683,1041,14,1041,14,0,5,8
12,350,80.500000,0.000000,1,0,11747685,1046,14,1046,14,0,5,8
12,350,80.500000,0.000000,1,0,11747688,1053,13,1053,13,0,5,8
12,350,80.500000,0.000000,1,0,11747691,1060,13,1060,13,0,5,8
12,350,80.500000,0.000000,1,0,11747694,1066,13,1066,13,0,5,8
12,350,80.500000,0.000000,1,0,11747697,1072,13,1072,13,0,5,8
12,350,80.500000,0.000000,1,0,11747699,1078,13,1078,13,0,5,8
12,350,80.500000,0.000000,1,0,11747703,1085,12,1085,12,0,5,8
12,350,80.500000,0.000000,1,0,11747705,1088,12,1088,12,0,5,8
12,350,80.500000,0.000000,1,0,11747708,1093,11,1093,11,0,5,8
12,350,80.500000,0.000000,1,0,11747711,1097,11,1097,11,0,5,8
12,350,80.500000,0.000000,1,0,11747713,1100,11,1100,11,0,5,8
12,350,80.500000,0.000000,1,0,11747716,1104,11,1104,11,0,5,8
12,350,80.500000,0.000000,1,0,11747719,1106,10,1106,10,0,5,8
12,350,80.500000,0.000000,1,0,11747722,1110,10,1110,10,0,5,8
12,350,80.500000,0.000000,1,0,11747724,1112,10,1112,10,0,5,8
12,350,80.500000,0.000000,1,0,11747727,1115,10,1115,10,0,5,8
12,350,80.500000,0.000000,1,0,11747730,1117,10,1117,10,0,5,8
12,350,80.500000,0.000000,1,0,11747733,1119,10,1119,10,0,5,8
12,350,80.500000,0.000000,1,0,11747736,1120,10,1120,10,0,5,8
12,350,80.500000,0.000000,1,0,11747738,1122,9,1122,9,0,5,8
12,350,80.500000,0.000000,1,0,11747741,1124,8,1124,8,0,5,8
12,350,80.500000,0.000000,1,0,11747744,1126,8,1126,8,0,5,8
12,350,80.500000,0.000000,1,0,11747747,1127,8,1127,8,0,5,8
12,350,80.500000,0.000000,1,0,11747750,1129,7,1129,7,0,5,8
12,350,80.500000,0.000000,1,0,11747752,1131,6,1131,6,0,5,8
12,350,80.500000,0.000000,1,0,11747755,1133,5,1133,5,0,5,8
12,350,80.500000,0.000000,1,0,11747758,1133,5,1133,5,0,5,8
12,350,80.500000,0.000000,1,0,11747761,1134,5,1134,5,0,5,8
12,350,80.500000,0.000000,1,0,11747764,1135,5,1135,5,0,5,8
12,350,80.500000,0.000000,1,0,11747766,1136,4,1136,4,0,5,8
12,350,80.500000,0.000000,1,0,11747769,1137,4,1137,4,0,5,8
12,350,80.500000,0.000000,1,0,11747772,1137,3,1137,3,0,5,8
12,350,80.500000,0.000000,1,0,11747775,1138,2,1138,2,0,5,8
12,350,80.500000,0.000000,1,0,11747778,1138,2,1138,2,0,5,8
12,350,80.500000,0.000000,1,0,11747780,1138,2,1138,2,0,5,8
12,350,80.500000,0.000000,1,0,11747783,1139,2,1139,2,0,5,8
12,350,80.500000,0.000000,1,0,11747786,1139,1,1139,1,0,5,8
12,350,80.500000,0.000000,1,0,11747788,1139,0,1139,-1,0,5,8
12,350,80.500000,0.000000,1,0,11747791,1139,0,1139,-3,0,5,8
12,350,80.500000,0.000000,1,0,11747794,1139,0,1139,-3,0,5,8
12,350,80.500000,0.000000,1,0,11747797,1140,0,1140,-3,0,5,8
12,350,80.500000,0.000000,1,0,11747800,1141,0,1141,-3,0,5,8
12,350,80.500000,0.000000,1,0,11747802,1141,0,1141,-3,0,5,8
12,350,80.500000,0.000000,1,0,11747805,1141,0,1141,-4,0,5,8
12,350,80.500000,0.000000,1,0,11747808,1142,0,1142,-4,0,5,8
12,350,80.500000,0.000000,1,0,11747811,1143,0,1143,-4,0,5,8
12,350,80.500000,0.000000,1,0,11747813,1143,0,1143,-4,0,5,8
12,350,80.500000,0.000000,1,0,11747816,1143,0,1143,-4,0,5,8
12,350,80.500000,0.000000,1,0,11747819,1143,0,1143,-4,0,5,8
12,350,80.500000,0.000000,1,0,11747822,1144,0,1144,-4,0,5,8
12,350,80.500000,0.000000,1,0,11747825,1145,0,1145,-4,0,5,8
12,350,80.500000,0.000000,1,0,11747827,1145,0,1145,-4,0,5,8
12,350,80.500000,0.000000,1,0,11747830,1145,0,1145,-4,0,5,8
12,350,80.500000,0.000000,1,0,11747833,1145,0,1145,-4,0,5,8
12,350,80.500000,0.000000,1,0,11747836,1146,0,1146,-4,0,5,8
12,350,80.500000,0.000000,1,0,11747838,1147,0,1147,-4,0,5,8
12,350,80.500000,0.000000,1,0,11747841,1147,0,1147,-4,0,5,8
12,350,80.500000,0.000000,1,0,11747844,1147,0,1147,-4,0,5,8
12,350,80.500000,0.000000,1,0,11747847,1147,0,1147,-4,0,5,8
12,350,80.500000,0.000000,1,0,11747850,1147,0,1147,-4,0,5,8
12,350,80.500000,0.000000,1,0,11747853,1147,0,1147,-4,0,5,8
12,350,80.500000,0.000000,1,0,11747855,1147,0,1147,-4,0,5,8
12,350,80.500000,0.000000,1,0,11747858,1147,0,1147,-4,0,5,8
12,350,80.500000,0.000000,1,0,11747861,1147,0,1147,-4,0,5,8
12,350,80.500000,0.000000,1,0,11747864,1147,0,1147,-4,0,5,8
12,350,80.500000,0.000000,1,0,11747866,1147,0,1147,-4,0,5,8
12,350,80.500000,0.000000,1,0,11747869,1147,0,1147,-4,0,5,8
12,350,80.500000,0.000000,1,0,11747872,1147,0,1147,-4,0,5,8
12,350,80.500000,0.000000,1,0,11747875,1147,0,1147,-4,0,5,8
12,350,80.500000,0.000000,1,0,11747878,1147,0,1147,-4,0,5,8
12,350,80.500000,0.000000,1,0,11747880,1147,0,1147,-4,0,5,8
12,350,80.500000,0.000000,1,0,11747883,1147,0,1147,-4,0,5,8
12,350,80.500000,0.000000,1,0,11747886,1147,0,1147,-4,0,5,8
12,350,80.500000,0.000000,1,0,11747889,1147,0,1147,-4,0,5,8
12,350,80.500000,0.000000,1,0,11747891,1147,0,1147,-4,0,5,8
12,350,80.500000,0.000000,1,0,11747894,1147,0,1147,-4,0,5,8
12,350,80.500000,0.000000,1,0,11747897,1147,0,1147,-4,0,5,8
12,350,80.500000,0.000000,1,0,11747900,1147,0,1147,-4,0,5,8
12,350,80.500000,0.000000,1,0,11747903,1147,0,1147,-4,0,5,8
12,350,80.500000,0.000000,1,0,11747905,1147,0,1147,-4,0,5,8
12,350,80.500000,0.000000,1,0,11747908,1147,0,1147,-4,0,5,8
12,350,80.500000,0.000000,1,0,11747911,1147,0,1147,-4,0,5,8
12,350,80.500000,0.000000,1,0,11747914,1147,0,1147,-4,0,5,8
12,350,80.500000,0.000000,1,0,11747917,1147,0,1147,-4,0,5,8
12,350,80.500000,0.000000,1,0,11747919,1147,0,1147,-4,0,5,8
12,350,80.500000,0.000000,1,0,11747922,1147,0,1147,-4,0,5,8
12,350,80.500000,0.000000,1,0,11747925,1147,0,1147,-4,0,5,8
12,350,80.500000,0.000000,1,0,11747928,1147,0,1147,-4,0,5,8
12,350,80.500000,0.000000,1,0,11747930,1147,0,1147,-4,0,5,8
12,350,80.500000,0.000000,1,0,11747933,1147,0,1147,-4,0,5,8
12,350,80.500000,0.000000,1,0,11747936,1147,0,1147,-4,0,5,8
12,350,80.500000,0.000000,1,0,11747938,1147,0,1147,-4,0,5,8
12,350,80.500000,0.000000,1,0,11747941,1147,0,1147,-4,0,5,8
12,350,80.500000,0.000000,1,0,11747944,1147,0,1147,-4,0,5,8
12,350,80.500000,0.000000,1,0,11747947,1147,0,1147,-4,0,5,8
12,350,80.500000,0.000000,1,0,11747950,1147,0,1147,-4,0,5,8
12,350,80.500000,0.000000,1,0,11747952,1147,0,1147,-4,0,5,8
12,350,80.500000,0.000000,1,0,11747955,1147,0,1147,-4,0,5,8
12,350,80.500000,0.000000,1,0,11747958,1147,0,1147,-4,0,5,8
12,350,80.500000,0.000000,1,0,11747961,1147,0,1147,-4,0,5,8
12,350,80.500000,0.000000,1,0,11747964,1147,0,1147,-4,0,5,8
12,350,80.500000,0.000000,1,0,11747967,1147,0,1147,-4,0,5,8
12,350,80.500000,0.000000,1,0,11747969,1147,0,1147,-4,0,5,8
12,350,80.500000,0.000000,1,0,11747972,1147,0,1147,-4,0,5,8
12,350,80.500000,0.000000,1,0,11747974,1147,0,1147,-4,0,5,8
12,350,80.500000,0.000000,1,0,11747977,1147,0,1147,-4,0,5,8
12,350,80.500000,0.000000,1,0,11747980,1147,0,1147,-4,0,5,8
12,350,80.500000,0.000000,1,0,11747983,1147,0,1147,-4,0,5,8
12,350,80.500000,0.000000,1,0,11747986,1147,0,1147,-4,0,5,8
12,350,80.500000,0.000000,1,0,11747989,1147,0,1147,-4,0,5,8
12,350,80.500000,0.000000,1,0,11747991,1147,0,1147,-4,0,5,8
12,350,80.500000,0.000000,1,0,11747994,1147,0,1147,-4,0,5,8
12,350,80.500000,0.000000,1,0,11747997,1147,0,1147,-4,0,5,8
12,350,80.500000,0.000000,1,0,11748000,1147,1,1147,-3,0,5,8
12,350,80.500000,0.000000,1,0,11748003,1147,2,1147,-2,0,5,8
12,350,80.500000,0.000000,1,0,11748005,1147,2,1147,-2,0,5,8
12,350,80.500000,0.000000,1,0,11748008,1147,2,1147,-2,0,5,8
12,350,80.500000,0.000000,1,0,11748011,1147,2,1147,-2,0,5,8
12,350,80.500000,0.000000,1,0,11748014,1147,2,1147,-2,0,5,8
12,350,80.500000,0.000000,1,0,11748016,1147,2,1147,-2,0,5,8
12,350,80.500000,0.000000,1,0,11748019,1147,2,1147,-2,0,5,8
12,350,80.500000,0.000000,1,0,11748022,1147,2,1147,-2,0,5,8
12,350,80.500000,0.000000,1,0,11748033,1147,2,1147,-2,0,5,8
