12,350,80.500000,42.000000,1,0,11758887,782,8,782,8,0,6,3
12,350,80.500000,42.000000,1,0,11758888,782,8,782,8,0,6,3
12,350,80.500000,42.000000,1,0,11758891,782,8,782,8,0,6,3
12,350,80.500000,42.000000,1,0,11758893,782,8,782,8,0,6,3
12,350,80.500000,42.000000,1,0,11758897,782,8,782,8,0,6,3
12,350,80.500000,42.000000,1,0,11758899,781,8,781,8,0,6,3
12,350,80.500000,42.000000,1,0,11758901,780,8,780,8,0,6,3
12,350,80.500000,42.000000,1,0,11758904,780,8,780,8,0,6,3
12,350,80.500000,42.000000,1,0,11758907,780,8,780,8,0,6,3
12,350,80.500000,42.000000,1,0,11758910,780,8,780,8,0,6,3
12,350,80.500000,42.000000,1,0,11758913,780,8,780,8,0,6,3
12,350,80.500000,42.000000,1,0,11758915,780,8,780,8,0,6,3
12,350,80.500000,42.000000,1,0,11758918,780,8,780,8,0,6,3
12,350,80.500000,42.000000,1,0,11758921,780,8,780,8,0,6,3
12,350,80.500000,42.000000,1,0,11758924,780,8,780,8,0,6,3
12,350,80.500000,42.000000,1,0,11758927,780,8,780,8,0,6,3
12,350,80.500000,42.000000,1,0,11758930,780,8,780,8,0,6,3
12,350,80.500000,42.000000,1,0,11758932,780,8,780,8,0,6,3
12,350,80.500000,42.000000,1,0,11758935,780,8,780,8,0,6,3
12,350,80.500000,42.000000,1,0,11758938,780,8,780,8,0,6,3
12,350,80.500000,42.000000,1,0,11758941,780,8,780,8,0,6,3
12,350,80.500000,42.000000,1,0,11758943,780,8,780,8,0,6,3
12,350,80.500000,42.000000,1,0,11758946,780,8,780,8,0,6,3
12,350,80.500000,42.000000,1,0,11758949,780,8,780,8,0,6,3
12,350,80.500000,42.000000,1,0,11758951,780,8,780,8,0,6,3
12,350,80.500000,42.000000,1,0,11758954,780,8,780,8,0,6,3
12,350,80.500000,42.000000,1,0,11758957,780,8,780,8,0,6,3
12,350,80.500000,42.000000,1,0,11758960,780,8,780,8,0,6,3
12,350,80.500000,42.000000,1,0,11758963,780,9,780,9,0,6,3
12,350,80.500000,42.000000,1,0,11758965,780,10,780,10,0,6,3
12,350,80.500000,42.000000,1,0,11758968,780,13,780,13,0,6,3
12,350,80.500000,42.000000,1,0,11758971,781,13,781,13,0,6,3
12,350,80.500000,42.000000,1,0,11758974,782,13,782,13,0,6,3
12,350,80.500000,42.000000,1,0,11758977,783,15,783,15,0,6,3
12,350,80.500000,42.000000,1,0,11758979,784,15,784,15,0,6,3
12,350,80.500000,42.000000,1,0,11758982,785,15,785,15,0,6,3
12,350,80.500000,42.000000,1,0,11758985,786,15,786,15,0,6,3
12,350,80.500000,42.000000,1,0,11758988,789,16,789,16,0,6,3
12,350,80.500000,42.000000,1,0,11758991,791,17,791,17,0,6,3
12,350,80.500000,42.000000,1,0,11758993,793,17,793,17,0,6,3
12,350,80.500000,42.000000,1,0,11758996,796,18,796,18,0,6,3
12,350,80.500000,42.000000,1,0,11758999,799,19,799,19,0,6,3
12,350,80.500000,42.000000,1,0,11759002,802,20,802,20,0,6,3
12,350,80.500000,42.000000,1,0,11759005,804,21,804,21,0,6,3
12,350,80.500000,42.000000,1,0,11759007,809,23,809,23,0,6,3
12,350,80.500000,42.000000,1,0,11759010,811,25,811,25,0,6,3
12,350,80.500000,42.000000,1,0,11759013,814,27,814,27,0,6,3
12,350,80.500000,42.000000,1,0,11759016,818,28,818,28,0,6,3
12,350,80.500000,42.000000,1,0,11759019,823,31,823,31,0,6,3
12,350,80.500000,42.000000,1,0,11759021,827,31,827,31,0,6,3
12,350,80.500000,42.000000,1,0,11759024,832,32,832,32,0,6,3
12,350,80.500000,42.000000,1,0,11759027,836,33,836,33,0,6,3
12,350,80.500000,42.000000,1,0,11759030,842,35,842,35,0,6,3
12,350,80.500000,42.000000,1,0,11759032,846,36,846,36,0,6,3
12,350,80.500000,42.000000,1,0,11759035,850,37,850,37,0,6,3
12,350,80.500000,42.000000,1,0,11759038,853,38,853,38,0,6,3
12,350,80.500000,42.000000,1,0,11759040,861,39,861,39,0,6,3
12,350,80.500000,42.000000,1,0,11759043,866,40,866,40,0,6,3
12,350,80.500000,42.000000,1,0,11759046,870,41,870,41,0,6,3
12,350,80.500000,42.000000,1,0,11759049,876,41,876,41,0,6,3
12,350,80.500000,42.000000,1,0,11759052,881,42,881,42,0,6,3
12,350,80.500000,42.000000,1,0,11759054,887,43,887,43,0,6,3
12,350,80.500000,42.000000,1,0,11759057,894,43,894,43,0,6,3
12,350,80.500000,42.000000,1,0,11759060,898,43,898,43,0,6,3
12,350,80.500000,42.000000,1,0,11759063,903,43,903,43,0,6,3
12,350,80.500000,42.000000,1,0,11759066,907,43,907,43,0,6,3
12,350,80.500000,42.000000,1,0,11759068,912,43,912,43,0,6,3
12,350,80.500000,42.000000,1,0,11759071,918,43,918,43,0,6,3
12,350,80.500000,42.000000,1,0,11759074,922,43,922,43,0,6,3
12,350,80.500000,42.000000,1,0,11759077,926,43,926,43,0,6,3
12,350,80.500000,42.000000,1,0,11759080,932,43,932,43,0,6,3
12,350,80.500000,42.000000,1,0,11759082,935,43,935,43,0,6,3
12,350,80.500000,42.000000,1,0,11759085,940,43,940,43,0,6,3
12,350,80.500000,42.000000,1,0,11759088,944,43,944,43,0,6,3
12,350,80.500000,42.000000,1,0,11759091,950,43,950,43,0,6,3
12,350,80.500000,42.000000,1,0,11759094,954,43,954,43,0,6,3
12,350,80.500000,42.000000,1,0,11759096,957,43,957,43,0,6,3
12,350,80.500000,42.000000,1,0,11759099,960,43,960,43,0,6,3
12,350,80.500000,42.000000,1,0,11759101,965,43,965,43,0,6,3
12,350,80.500000,42.000000,1,0,11759104,971,43,971,43,0,6,3
12,350,80.500000,42.000000,1,0,11759107,975,43,975,43,0,6,3
12,350,80.500000,42.000000,1,0,11759110,979,43,979,43,0,6,3
12,350,80.500000,42.000000,1,0,11759113,984,43,984,43,0,6,3
12,350,80.500000,42.000000,1,0,11759115,987,43,987,43,0,6,3
12,350,80.500000,42.000000,1,0,11759118,991,43,991,43,0,6,3
12,350,80.500000,42.000000,1,0,11759121,997,43,997,43,0,6,3
12,350,80.500000,42.000000,1,0,11759124,999,43,999,43,0,6,3
12,350,80.500000,42.000000,1,0,11759127,1002,43,1002,43,0,6,3
12,350,80.500000,42.000000,1,0,11759129,1007,43,1007,43,0,6,3
12,350,80.500000,42.000000,1,0,11759132,1010,43,1010,43,0,6,3
12,350,80.500000,42.000000,1,0,11759135,1014,43,1014,43,0,6,3
12,350,80.500000,42.000000,1,0,11759138,1018,43,1018,43,0,6,3
12,350,80.500000,42.000000,1,0,11759141,1021,43,1021,43,0,6,3
12,350,80.500000,42.000000,1,0,11759143,1025,43,1025,43,0,6,3
12,350,80.500000,42.000000,1,0,11759146,1028,43,1028,43,0,6,3
12,350,80.500000,42.000000,1,0,11759149,1031,42,1031,42,0,6,3
12,350,80.500000,42.000000,1,0,11759152,1034,42,1034,42,0,6,3
12,350,80.500000,42.000000,1,0,11759154,1037,42,1037,42,0,6,3
12,350,80.500000,42.000000,1,0,11759157,1040,42,1040,42,0,6,3
12,350,80.500000,42.000000,1,0,11759160,1043,42,1043,42,0,6,3
12,350,80.500000,42.000000,1,0,11759163,1045,42,1045,42,0,6,3
12,350,80.500000,42.000000,1,0,11759166,1047,42,1047,42,0,6,3
12,350,80.500000,42.000000,1,0,11759169,1049,41,1049,41,0,6,3
12,350,80.500000,42.000000,1,0,11759171,1051,41,1051,41,0,6,3
12,350,80.500000,42.000000,1,0,11759174,1053,41,1053,41,0,6,3
12,350,80.500000,42.000000,1,0,11759177,1058,41,1058,41,0,6,3
12,350,80.500000,42.000000,1,0,11759180,1061,41,1061,41,0,6,3
12,350,80.500000,42.000000,1,0,11759183,1064,41,1064,41,0,6,3
12,350,80.500000,42.000000,1,0,11759185,1065,41,1065,41,0,6,3
12,350,80.500000,42.000000,1,0,11759188,1067,40,1067,40,0,6,3
12,350,80.500000,42.000000,1,0,11759191,1068,40,1068,40,0,6,3
12,350,80.500000,42.000000,1,0,11759193,1070,40,1070,40,0,6,3
12,350,80.500000,42.000000,1,0,11759196,1071,40,1071,40,0,6,3
12,350,80.500000,42.000000,1,0,11759199,1073,39,1073,39,0,6,3
12,350,80.500000,42.000000,1,0,11759202,1075,39,1075,39,0,6,3
12,350,80.500000,42.000000,1,0,11759205,1078,39,1078,39,0,6,3
12,350,80.500000,42.000000,1,0,11759207,1079,39,1079,39,0,6,3
12,350,80.500000,42.000000,1,0,11759210,1080,39,1080,39,0,6,3
12,350,80.500000,42.000000,1,0,11759213,1081,39,1081,39,0,6,3
12,350,80.500000,42.000000,1,0,11759216,1082,38,1082,38,0,6,3
12,350,80.500000,42.000000,1,0,11759218,1083,38,1083,38,0,6,3
12,350,80.500000,42.000000,1,0,11759221,1084,38,1084,38,0,6,3
12,350,80.500000,42.000000,1,0,11759224,1085,38,1085,38,0,6,3
12,350,80.500000,42.000000,1,0,11759227,1086,38,1086,38,0,6,3
12,350,80.500000,42.000000,1,0,11759230,1087,38,1087,38,0,6,3
12,350,80.500000,42.000000,1,0,11759233,1090,38,1090,38,0,6,3
12,350,80.500000,42.000000,1,0,11759235,1091,37,1091,37,0,6,3
12,350,80.500000,42.000000,1,0,11759238,1091,36,1091,36,0,6,3
12,350,80.500000,42.000000,1,0,11759241,1092,36,1092,36,0,6,3
12,350,80.500000,42.000000,1,0,11759244,1093,36,1093,36,0,6,3
12,350,80.500000,42.000000,1,0,11759246,1095,35,1095,35,0,6,3
12,350,80.500000,42.000000,1,0,11759249,1097,35,1097,35,0,6,3
12,350,80.500000,42.000000,1,0,11759252,1099,35,1099,35,0,6,3
12,350,80.500000,42.000000,1,0,11759255,1100,34,1100,34,0,6,3
12,350,80.500000,42.000000,1,0,11759257,1101,33,1101,33,0,6,3
12,350,80.500000,42.000000,1,0,11759260,1103,33,1103,33,0,6,3
12,350,80.500000,42.000000,1,0,11759263,1104,31,1104,31,0,6,3
12,350,80.500000,42.000000,1,0,11759266,1105,29,1105,29,0,6,3
12,350,80.500000,42.000000,1,0,11759268,1105,27,1105,27,0,6,3
12,350,80.500000,42.000000,1,0,11759271,1106,25,1106,25,0,6,3
12,350,80.500000,42.000000,1,0,11759274,1107,25,1107,25,0,6,3
12,350,80.500000,42.000000,1,0,11759277,1108,24,1108,24,0,6,3
12,350,80.500000,42.000000,1,0,11759280,1108,23,1108,23,0,6,3
12,350,80.500000,42.000000,1,0,11759282,1109,23,1109,23,0,6,3
12,350,80.500000,42.000000,1,0,11759285,1109,22,1109,22,0,6,3
12,350,80.500000,42.000000,1,0,11759288,1110,22,1110,22,0,6,3
12,350,80.500000,42.000000,1,0,11759291,1111,22,1111,22,0,6,3
12,350,80.500000,42.000000,1,0,11759293,1112,21,1112,21,0,6,3
12,350,80.500000,42.000000,1,0,11759296,1112,20,1112,20,0,6,3
12,350,80.500000,42.000000,1,0,11759299,1113,19,1113,19,0,6,3
12,350,80.500000,42.000000,1,0,11759302,1114,18,1114,18,0,6,3
12,350,80.500000,42.000000,1,0,11759305,1115,18,1115,18,0,6,3
12,350,80.500000,42.000000,1,0,11759307,1115,17,1115,17,0,6,3
12,350,80.500000,42.000000,1,0,11759310,1115,16,1115,16,0,6,3
12,350,80.500000,42.000000,1,0,11759313,1117,16,1117,16,0,6,3
12,350,80.500000,42.000000,1,0,11759316,1117,15,1117,15,0,6,3
12,350,80.500000,42.000000,1,0,11759319,1118,15,1118,15,0,6,3
12,350,80.500000,42.000000,1,0,11759322,1119,15,1119,15,0,6,3
12,350,80.500000,42.000000,1,0,11759324,1119,14,1119,14,0,6,3
12,350,80.500000,42.000000,1,0,11759327,1120,14,1120,14,0,6,3
12,350,80.500000,42.000000,1,0,11759330,1120,13,1120,13,0,6,3
12,350,80.500000,42.000000,1,0,11759333,1121,13,1121,13,0,6,3
12,350,80.500000,42.000000,1,0,11759335,1122,13,1122,13,0,6,3
12,350,80.500000,42.000000,1,0,11759338,1122,13,1122,13,0,6,3
12,350,80.500000,42.000000,1,0,11759341,1122,13,1122,13,0,6,3
12,350,80.500000,42.000000,1,0,11759344,1122,13,1122,13,0,6,3
12,350,80.500000,42.000000,1,0,11759346,1122,13,1122,13,0,6,3
12,350,80.500000,42.000000,1,0,11759349,1122,13,1122,13,0,6,3
12,350,80.500000,42.000000,1,0,11759352,1122,13,1122,13,0,6,3
12,350,80.500000,42.000000,1,0,11759355,1123,12,1123,12,0,6,3
12,350,80.500000,42.000000,1,0,11759358,1123,12,1123,12,0,6,3
12,350,80.500000,42.000000,1,0,11759360,1123,12,1123,12,0,6,3
12,350,80.500000,42.000000,1,0,11759363,1123,12,1123,12,0,6,3
12,350,80.500000,42.000000,1,0,11759366,1123,12,1123,12,0,6,3
12,350,80.500000,42.000000,1,0,11759369,1124,12,1124,12,0,6,3
12,350,80.500000,42.000000,1,0,11759372,1124,12,1124,12,0,6,3
12,350,80.500000,42.000000,1,0,11759374,1124,11,1124,11,0,6,3
12,350,80.500000,42.000000,1,0,11759377,1125,10,1125,10,0,6,3
12,350,80.500000,42.000000,1,0,11759380,1125,9,1125,9,0,6,3
12,350,80.500000,42.000000,1,0,11759382,1126,8,1126,8,0,6,3
12,350,80.500000,42.000000,1,0,11759385,1127,7,1127,7,0,6,3
12,350,80.500000,42.000000,1,0,11759388,1128,6,1128,6,0,6,3
12,350,80.500000,42.000000,1,0,11759391,1129,5,1129,5,0,6,3
12,350,80.500000,42.000000,1,0,11759393,1129,4,1129,4,0,6,3
12,350,80.500000,42.000000,1,0,11759396,1129,3,1129,3,0,6,3
12,350,80.500000,42.000000,1,0,11759399,1130,3,1130,3,0,6,3
12,350,80.500000,42.000000,1,0,11759402,1131,2,1131,2,0,6,3
12,350,80.500000,42.000000,1,0,11759405,1132,1,1132,1,0,6,3
12,350,80.500000,42.000000,1,0,11759407,1132,1,1132,1,0,6,3
12,350,80.500000,42.000000,1,0,11759410,1132,1,1132,1,0,6,3
12,350,80.500000,42.000000,1,0,11759413,1132,1,1132,1,0,6,3
12,350,80.500000,42.000000,1,0,11759416,1132,1,1132,1,0,6,3
12,350,80.500000,42.000000,1,0,11759419,1132,1,1132,1,0,6,3
12,350,80.500000,42.000000,1,0,11759422,1132,1,1132,1,0,6,3
12,350,80.500000,42.000000,1,0,11759424,1132,1,1132,1,0,6,3
12,350,80.500000,42.000000,1,0,11759427,1132,1,1132,1,0,6,3
12,350,80.500000,42.000000,1,0,11759430,1132,1,1132,1,0,6,3
12,350,80.500000,42.000000,1,0,11759432,1132,1,1132,1,0,6,3
12,350,80.500000,42.000000,1,0,11759435,1132,1,1132,1,0,6,3
12,350,80.500000,42.000000,1,0,11759438,1132,1,1132,1,0,6,3
12,350,80.500000,42.000000,1,0,11759441,1132,1,1132,1,0,6,3
12,350,80.500000,42.000000,1,0,11759453,1132,1,1132,1,0,6,3
