10,700,21.000000,10000.000000,1,5,2273928,603,14,603,14,0,119,3,1
10,700,21.000000,10000.000000,1,5,2273928,603,14,603,14,0,119,3,1
10,700,21.000000,10000.000000,1,5,2273931,603,14,603,14,0,119,3,1
10,700,21.000000,10000.000000,1,5,2273934,603,14,603,14,0,119,3,1
10,700,21.000000,10000.000000,1,5,2273936,603,14,603,14,0,119,3,1
10,700,21.000000,10000.000000,1,5,2273939,603,14,603,14,0,119,3,1
10,700,21.000000,10000.000000,1,5,2273942,603,14,603,14,0,119,3,1
10,700,21.000000,10000.000000,1,5,2273945,603,14,603,14,0,119,3,1
10,700,21.000000,10000.000000,1,5,2273948,603,14,603,14,0,119,3,1
10,700,21.000000,10000.000000,1,5,2273950,603,14,603,14,0,119,3,1
10,700,21.000000,10000.000000,1,5,2273953,603,14,603,14,0,119,3,1
10,700,21.000000,10000.000000,1,5,2273956,603,14,603,14,0,119,3,1
10,700,21.000000,10000.000000,1,5,2273959,603,14,603,14,0,119,3,1
10,700,21.000000,10000.000000,1,5,2273962,603,14,603,14,0,119,3,1
10,700,21.000000,10000.000000,1,5,2273964,603,14,603,14,0,119,3,1
10,700,21.000000,10000.000000,1,5,2273967,603,14,603,14,0,119,3,1
10,700,21.000000,10000.000000,1,5,2273970,603,14,603,14,0,119,3,1
10,700,21.000000,10000.000000,1,5,2273973,603,14,603,14,0,119,3,1
10,700,21.000000,10000.000000,1,5,2273976,603,14,603,14,0,119,3,1
10,700,21.000000,10000.000000,1,5,2273978,604,14,604,14,0,119,3,1
10,700,21.000000,10000.000000,1,5,2273981,604,14,604,14,0,119,3,1
10,700,21.000000,10000.000000,1,5,2273984,605,14,605,14,0,119,3,1
10,700,21.000000,10000.000000,1,5,2273987,606,14,606,14,0,119,3,1
10,700,21.000000,10000.000000,1,5,2273989,607,14,607,14,0,119,3,1
10,700,21.000000,10000.000000,1,5,2273992,608,14,608,14,0,119,3,1
10,700,21.000000,10000.000000,1,5,2273995,610,14,610,14,0,119,3,1
10,700,21.000000,10000.000000,1,5,2273998,611,15,611,15,0,119,3,1
10,700,21.000000,10000.000000,1,5,2274000,612,15,612,15,0,119,3,1
10,700,21.000000,10000.000000,1,5,2274003,614,15,614,15,0,119,3,1
10,700,21.000000,10000.000000,1,5,2274006,616,16,616,16,0,119,3,1
10,700,21.000000,10000.000000,1,5,2274009,618,16,618,16,0,119,3,1
10,700,21.000000,10000.000000,1,5,2274011,620,17,620,17,0,119,3,1
10,700,21.000000,10000.000000,1,5,2274014,624,17,624,17,0,119,3,1
10,700,21.000000,10000.000000,1,5,2274017,627,18,627,18,0,119,3,1
10,700,21.000000,10000.000000,1,5,2274020,631,19,631,19,0,119,3,1
10,700,21.000000,10000.000000,1,5,2274023,636,19,636,19,0,119,3,1
10,700,21.000000,10000.000000,1,5,2274025,642,21,642,21,0,119,3,1
10,700,21.000000,10000.000000,1,5,2274028,647,21,647,21,0,119,3,1
10,700,21.000000,10000.000000,1,5,2274031,654,22,654,22,0,119,3,1
10,700,21.000000,10000.000000,1,5,2274034,660,23,660,23,0,119,3,1
10,700,21.000000,10000.000000,1,5,2274036,667,23,667,23,0,119,3,1
10,700,21.000000,10000.000000,1,5,2274039,676,25,676,25,0,119,3,1
10,700,21.000000,10000.000000,1,5,2274042,690,27,690,27,0,119,3,1
10,700,21.000000,10000.000000,1,5,2274045,697,29,697,29,0,119,3,1
10,700,21.000000,10000.000000,1,5,2274048,707,31,707,31,0,119,3,1
10,700,21.000000,10000.000000,1,5,2274050,720,33,720,33,0,119,3,1
10,700,21.000000,10000.000000,1,5,2274053,737,35,737,35,0,119,3,1
10,700,21.000000,10000.000000,1,5,2274056,743,35,743,35,0,119,3,1
10,700,21.000000,10000.000000,1,5,2274059,758,37,758,37,0,119,3,1
10,700,21.000000,10000.000000,1,5,2274061,773,39,773,39,0,119,3,1
10,700,21.000000,10000.000000,1,5,2274064,786,41,786,41,0,119,3,1
10,700,21.000000,10000.000000,1,5,2274067,798,42,798,42,0,119,3,1
10,700,21.000000,10000.000000,1,5,2274070,818,45,818,45,0,119,3,1
10,700,21.000000,10000.000000,1,5,2274073,839,48,839,48,0,119,3,1
10,700,21.000000,10000.000000,1,5,2274075,859,51,859,51,0,119,3,1
10,700,21.000000,10000.000000,1,5,2274078,873,53,873,53,0,119,3,1
10,700,21.000000,10000.000000,1,5,2274081,893,55,893,55,0,119,3,1
10,700,21.000000,10000.000000,1,5,2274084,922,57,922,57,0,119,3,1
10,700,21.000000,10000.000000,1,5,2274086,937,59,937,59,0,119,3,1
10,700,21.000000,10000.000000,1,5,2274089,951,60,951,60,0,119,3,1
10,700,21.000000,10000.000000,1,5,2274092,979,64,979,64,0,119,3,1
10,700,21.000000,10000.000000,1,5,2274095,995,66,995,66,0,119,3,1
10,700,21.000000,10000.000000,1,5,2274098,1009,67,1009,67,0,119,3,1
10,700,21.000000,10000.000000,1,5,2274100,1033,69,1033,69,0,119,3,1
10,700,21.000000,10000.000000,1,5,2274103,1054,71,1054,71,0,119,3,1
10,700,21.000000,10000.000000,1,5,2274106,1070,72,1070,72,0,119,3,1
10,700,21.000000,10000.000000,1,5,2274109,1087,73,1087,73,0,119,3,1
10,700,21.000000,10000.000000,1,5,2274112,1102,74,1102,74,0,119,3,1
10,700,21.000000,10000.000000,1,5,2274114,1117,75,1117,75,0,119,3,1
10,700,21.000000,10000.000000,1,5,2274117,1120,75,1120,75,0,119,3,1
10,700,21.000000,10000.000000,1,5,2274120,1131,76,1131,76,0,119,3,1
10,700,21.000000,10000.000000,1,5,2274123,1149,77,1149,77,0,119,3,1
10,700,21.000000,10000.000000,1,5,2274126,1164,78,1164,78,0,119,3,1
10,700,21.000000,10000.000000,1,5,2274128,1184,79,1184,79,0,119,3,1
10,700,21.000000,10000.000000,1,5,2274131,1195,79,1195,79,0,119,3,1
10,700,21.000000,10000.000000,1,5,2274134,1208,79,1208,79,0,119,3,1
10,700,21.000000,10000.000000,1,5,2274137,1221,79,1221,79,0,119,3,1
10,700,21.000000,10000.000000,1,5,2274139,1234,79,1234,79,0,119,3,1
10,700,21.000000,10000.000000,1,5,2274142,1243,79,1243,79,0,119,3,1
10,700,21.000000,10000.000000,1,5,2274145,1254,79,1254,79,0,119,3,1
10,700,21.000000,10000.000000,1,5,2274148,1263,79,1263,79,0,119,3,1
10,700,21.000000,10000.000000,1,5,2274151,1269,78,1269,78,0,119,3,1
10,700,21.000000,10000.000000,1,5,2274153,1275,78,1275,78,0,119,3,1
10,700,21.000000,10000.000000,1,5,2274156,1280,78,1280,78,0,119,3,1
10,700,21.000000,10000.000000,1,5,2274159,1282,77,1282,77,0,119,3,1
10,700,21.000000,10000.000000,1,5,2274162,1287,77,1287,77,0,119,3,1
10,700,21.000000,10000.000000,1,5,2274164,1290,75,1290,75,0,119,3,1
10,700,21.000000,10000.000000,1,5,2274167,1292,74,1292,74,0,119,3,1
10,700,21.000000,10000.000000,1,5,2274170,1294,74,1294,74,0,119,3,1
10,700,21.000000,10000.000000,1,5,2274173,1295,73,1295,73,0,119,3,1
10,700,21.000000,10000.000000,1,5,2274176,1296,72,1296,72,0,119,3,1
10,700,21.000000,10000.000000,1,5,2274178,1297,71,1297,71,0,119,3,1
10,700,21.000000,10000.000000,1,5,2274181,1298,71,1298,71,0,119,3,1
10,700,21.000000,10000.000000,1,5,2274184,1299,70,1299,70,0,119,3,1
10,700,21.000000,10000.000000,1,5,2274187,1300,69,1300,69,0,119,3,1
10,700,21.000000,10000.000000,1,5,2274190,1301,68,1301,68,0,119,3,1
10,700,21.000000,10000.000000,1,5,2274192,1301,67,1301,67,0,119,3,1
10,700,21.000000,10000.000000,1,5,2274195,1301,66,1301,66,0,119,3,1
10,700,21.000000,10000.000000,1,5,2274198,1302,65,1302,65,0,119,3,1
10,700,21.000000,10000.000000,1,5,2274201,1302,64,1302,64,0,119,3,1
10,700,21.000000,10000.000000,1,5,2274203,1302,63,1302,63,0,119,3,1
10,700,21.000000,10000.000000,1,5,2274206,1302,62,1302,62,0,119,3,1
10,700,21.000000,10000.000000,1,5,2274209,1302,61,1302,61,0,119,3,1
10,700,21.000000,10000.000000,1,5,2274212,1302,60,1302,60,0,119,3,1
10,700,21.000000,10000.000000,1,5,2274215,1302,60,1302,60,0,119,3,1
10,700,21.000000,10000.000000,1,5,2274217,1302,59,1302,59,0,119,3,1
10,700,21.000000,10000.000000,1,5,2274220,1302,58,1302,58,0,119,3,1
10,700,21.000000,10000.000000,1,5,2274223,1303,58,1303,58,0,119,3,1
10,700,21.000000,10000.000000,1,5,2274226,1304,58,1304,58,0,119,3,1
10,700,21.000000,10000.000000,1,5,2274228,1304,58,1304,58,0,119,3,1
10,700,21.000000,10000.000000,1,5,2274231,1304,57,1304,57,0,119,3,1
10,700,21.000000,10000.000000,1,5,2274234,1305,57,1305,57,0,119,3,1
10,700,21.000000,10000.000000,1,5,2274237,1306,57,1306,57,0,119,3,1
10,700,21.000000,10000.000000,1,5,2274239,1307,57,1307,57,0,119,3,1
10,700,21.000000,10000.000000,1,5,2274242,1308,57,1308,57,0,119,3,1
10,700,21.000000,10000.000000,1,5,2274245,1309,56,1309,56,0,119,3,1
10,700,21.000000,10000.000000,1,5,2274248,1310,55,1310,55,0,119,3,1
10,700,21.000000,10000.000000,1,5,2274250,1311,54,1311,54,0,119,3,1
10,700,21.000000,10000.000000,1,5,2274253,1312,54,1312,54,0,119,3,1
10,700,21.000000,10000.000000,1,5,2274256,1313,54,1313,54,0,119,3,1
10,700,21.000000,10000.000000,1,5,2274259,1314,54,1314,54,0,119,3,1
10,700,21.000000,10000.000000,1,5,2274262,1314,53,1314,53,0,119,3,1
10,700,21.000000,10000.000000,1,5,2274264,1315,52,1315,52,0,119,3,1
10,700,21.000000,10000.000000,1,5,2274267,1316,52,1316,52,0,119,3,1
10,700,21.000000,10000.000000,1,5,2274270,1317,51,1317,51,0,119,3,1
10,700,21.000000,10000.000000,1,5,2274273,1319,50,1319,50,0,119,3,1
10,700,21.000000,10000.000000,1,5,2274275,1320,50,1320,50,0,119,3,1
10,700,21.000000,10000.000000,1,5,2274278,1321,49,1321,49,0,119,3,1
10,700,21.000000,10000.000000,1,5,2274281,1321,48,1321,48,0,119,3,1
10,700,21.000000,10000.000000,1,5,2274284,1322,48,1322,48,0,119,3,1
10,700,21.000000,10000.000000,1,5,2274287,1323,48,1323,48,0,119,3,1
10,700,21.000000,10000.000000,1,5,2274289,1323,47,1323,47,0,119,3,1
10,700,21.000000,10000.000000,1,5,2274292,1324,47,1324,47,0,119,3,1
10,700,21.000000,10000.000000,1,5,2274295,1325,47,1325,47,0,119,3,1
10,700,21.000000,10000.000000,1,5,2274298,1326,47,1326,47,0,119,3,1
10,700,21.000000,10000.000000,1,5,2274300,1327,47,1327,47,0,119,3,1
10,700,21.000000,10000.000000,1,5,2274303,1329,46,1329,46,0,119,3,1
10,700,21.000000,10000.000000,1,5,2274306,1329,45,1329,45,0,119,3,1
10,700,21.000000,10000.000000,1,5,2274309,1330,45,1330,45,0,119,3,1
10,700,21.000000,10000.000000,1,5,2274312,1330,44,1330,44,0,119,3,1
10,700,21.000000,10000.000000,1,5,2274315,1331,44,1331,44,0,119,3,1
10,700,21.000000,10000.000000,1,5,2274317,1332,43,1332,43,0,119,3,1
10,700,21.000000,10000.000000,1,5,2274320,1333,42,1333,42,0,119,3,1
10,700,21.000000,10000.000000,1,5,2274323,1333,41,1333,41,0,119,3,1
10,700,21.000000,10000.000000,1,5,2274326,1333,40,1333,40,0,119,3,1
10,700,21.000000,10000.000000,1,5,2274328,1333,39,1333,39,0,119,3,1
10,700,21.000000,10000.000000,1,5,2274331,1333,38,1333,38,0,119,3,1
10,700,21.000000,10000.000000,1,5,2274334,1333,37,1333,37,0,119,3,1
10,700,21.000000,10000.000000,1,5,2274337,1333,36,1333,36,0,119,3,1
10,700,21.000000,10000.000000,1,5,2274339,1333,35,1333,35,0,119,3,1
10,700,21.000000,10000.000000,1,5,2274342,1333,34,1333,34,0,119,3,1
10,700,21.000000,10000.000000,1,5,2274345,1333,33,1333,33,0,119,3,1
10,700,21.000000,10000.000000,1,5,2274348,1333,32,1333,32,0,119,3,1
10,700,21.000000,10000.000000,1,5,2274350,1333,31,1333,31,0,119,3,1
10,700,21.000000,10000.000000,1,5,2274354,1333,31,1333,31,0,119,3,1
10,700,21.000000,10000.000000,1,5,2274356,1333,30,1333,30,0,119,3,1
10,700,21.000000,10000.000000,1,5,2274359,1333,30,1333,30,0,119,3,1
10,700,21.000000,10000.000000,1,5,2274362,1333,30,1333,30,0,119,3,1
10,700,21.000000,10000.000000,1,5,2274364,1333,29,1333,29,0,119,3,1
10,700,21.000000,10000.000000,1,5,2274367,1333,28,1333,28,0,119,3,1
10,700,21.000000,10000.000000,1,5,2274370,1333,28,1333,28,0,119,3,1
10,700,21.000000,10000.000000,1,5,2274373,1333,28,1333,28,0,119,3,1
10,700,21.000000,10000.000000,1,5,2274375,1332,27,1332,27,0,119,3,1
10,700,21.000000,10000.000000,1,5,2274379,1331,26,1331,26,0,119,3,1
10,700,21.000000,10000.000000,1,5,2274381,1331,25,1331,25,0,119,3,1
10,700,21.000000,10000.000000,1,5,2274384,1331,24,1331,24,0,119,3,1
10,700,21.000000,10000.000000,1,5,2274387,1330,24,1330,24,0,119,3,1
10,700,21.000000,10000.000000,1,5,2274390,1330,23,1330,23,0,119,3,1
10,700,21.000000,10000.000000,1,5,2274393,1329,23,1329,23,0,119,3,1
10,700,21.000000,10000.000000,1,5,2274395,1328,23,1328,23,0,119,3,1
10,700,21.000000,10000.000000,1,5,2274398,1327,22,1327,22,0,119,3,1
10,700,21.000000,10000.000000,1,5,2274401,1326,22,1326,22,0,119,3,1
10,700,21.000000,10000.000000,1,5,2274404,1325,22,1325,22,0,119,3,1
10,700,21.000000,10000.000000,1,5,2274406,1324,21,1324,21,0,119,3,1
10,700,21.000000,10000.000000,1,5,2274409,1323,20,1323,20,0,119,3,1
10,700,21.000000,10000.000000,1,5,2274412,1322,19,1322,19,0,119,3,1
10,700,21.000000,10000.000000,1,5,2274415,1321,19,1321,19,0,119,3,1
10,700,21.000000,10000.000000,1,5,2274417,1319,19,1319,19,0,119,3,1
10,700,21.000000,10000.000000,1,5,2274420,1318,18,1318,18,0,119,3,1
10,700,21.000000,10000.000000,1,5,2274423,1317,17,1317,17,0,119,3,1
10,700,21.000000,10000.000000,1,5,2274426,1316,17,1316,17,0,119,3,1
10,700,21.000000,10000.000000,1,5,2274429,1315,17,1315,17,0,119,3,1
10,700,21.000000,10000.000000,1,5,2274431,1315,17,1315,17,0,119,3,1
10,700,21.000000,10000.000000,1,5,2274434,1315,16,1315,16,0,119,3,1
10,700,21.000000,10000.000000,1,5,2274437,1315,15,1315,15,0,119,3,1
10,700,21.000000,10000.000000,1,5,2274440,1314,15,1314,15,0,119,3,1
10,700,21.000000,10000.000000,1,5,2274442,1314,15,1314,15,0,119,3,1
10,700,21.000000,10000.000000,1,5,2274445,1314,15,1314,15,0,119,3,1
10,700,21.000000,10000.000000,1,5,2274448,1313,15,1313,15,0,119,3,1
10,700,21.000000,10000.000000,1,5,2274451,1313,14,1313,14,0,119,3,1
10,700,21.000000,10000.000000,1,5,2274454,1313,13,1313,13,0,119,3,1
10,700,21.000000,10000.000000,1,5,2274456,1313,13,1313,13,0,119,3,1
10,700,21.000000,10000.000000,1,5,2274459,1312,13,1312,13,0,119,3,1
10,700,21.000000,10000.000000,1,5,2274462,1312,12,1312,12,0,119,3,1
10,700,21.000000,10000.000000,1,5,2274464,1312,11,1312,11,0,119,3,1
10,700,21.000000,10000.000000,1,5,2274467,1311,10,1311,10,0,119,3,1
10,700,21.000000,10000.000000,1,5,2274470,1310,9,1310,9,0,119,3,1
10,700,21.000000,10000.000000,1,5,2274473,1309,9,1309,9,0,119,3,1
10,700,21.000000,10000.000000,1,5,2274475,1308,9,1308,9,0,119,3,1
10,700,21.000000,10000.000000,1,5,2274479,1308,8,1308,8,0,119,3,1
10,700,21.000000,10000.000000,1,5,2274481,1307,7,1307,7,0,119,3,1
10,700,21.000000,10000.000000,1,5,2274484,1307,7,1307,7,0,119,3,1
10,700,21.000000,10000.000000,1,5,2274487,1306,7,1306,7,0,119,3,1
10,700,21.000000,10000.000000,1,5,2274489,1305,7,1305,7,0,119,3,1
10,700,21.000000,10000.000000,1,5,2274492,1304,7,1304,7,0,119,3,1
10,700,21.000000,10000.000000,1,5,2274495,1303,7,1303,7,0,119,3,1
10,700,21.000000,10000.000000,1,5,2274498,1303,7,1303,7,0,119,3,1
10,700,21.000000,10000.000000,1,5,2274500,1302,7,1302,7,0,119,3,1
10,700,21.000000,10000.000000,1,5,2274503,1301,7,1301,7,0,119,3,1
10,700,21.000000,10000.000000,1,5,2274506,1301,7,1301,7,0,119,3,1
10,700,21.000000,10000.000000,1,5,2274509,1301,7,1301,7,0,119,3,1
10,700,21.000000,10000.000000,1,5,2274512,1301,7,1301,7,0,119,3,1
10,700,21.000000,10000.000000,1,5,2274514,1301,7,1301,7,0,119,3,1
10,700,21.000000,10000.000000,1,5,2274517,1301,7,1301,7,0,119,3,1
10,700,21.000000,10000.000000,1,5,2274520,1301,7,1301,7,0,119,3,1
10,700,21.000000,10000.000000,1,5,2274523,1301,7,1301,7,0,119,3,1
10,700,21.000000,10000.000000,1,5,2274525,1301,7,1301,7,0,119,3,1
10,700,21.000000,10000.000000,1,5,2274528,1301,7,1301,7,0,119,3,1
10,700,21.000000,10000.000000,1,5,2274531,1301,7,1301,7,0,119,3,1
10,700,21.000000,10000.000000,1,5,2274534,1301,7,1301,7,0,119,3,1
10,700,21.000000,10000.000000,1,5,2274537,1301,7,1301,7,0,119,3,1
10,700,21.000000,10000.000000,1,5,2274539,1301,7,1301,7,0,119,3,1
10,700,21.000000,10000.000000,1,5,2274543,1301,7,1301,7,0,119,3,1
10,700,21.000000,10000.000000,1,5,2274545,1301,7,1301,7,0,119,3,1
10,700,21.000000,10000.000000,1,5,2274548,1301,7,1301,7,0,119,3,1
10,700,21.000000,10000.000000,1,5,2274551,1301,7,1301,7,0,119,3,1
10,700,21.000000,10000.000000,1,5,2274554,1301,7,1301,7,0,119,3,1
10,700,21.000000,10000.000000,1,5,2274556,1301,7,1301,7,0,119,3,1
10,700,21.000000,10000.000000,1,5,2274559,1301,7,1301,7,0,119,3,1
10,700,21.000000,10000.000000,1,5,2274562,1301,7,1301,7,0,119,3,1
10,700,21.000000,10000.000000,1,5,2274575,1301,7,1301,7,0,119,3,1
