10,350,21.000000,0.000000,0,5,2712358,783,0,783,0,0,153,1,0
10,350,21.000000,0.000000,0,5,2712359,783,0,783,0,0,153,1,0
10,350,21.000000,0.000000,0,5,2712362,783,0,783,0,0,153,1,0
10,350,21.000000,0.000000,0,5,2712364,783,0,783,0,0,153,1,0
10,350,21.000000,0.000000,0,5,2712367,783,0,783,0,0,153,1,0
10,350,21.000000,0.000000,0,5,2712370,783,0,783,0,0,153,1,0
10,350,21.000000,0.000000,0,5,2712372,783,0,783,0,0,153,1,0
10,350,21.000000,0.000000,0,5,2712375,783,0,783,0,0,153,1,0
10,350,21.000000,0.000000,0,5,2712378,783,0,783,0,0,153,1,0
10,350,21.000000,0.000000,0,5,2712381,783,0,783,0,0,153,1,0
10,350,21.000000,0.000000,0,5,2712384,783,0,783,0,0,153,1,0
10,350,21.000000,0.000000,0,5,2712386,784,0,784,0,0,153,1,0
10,350,21.000000,0.000000,0,5,2712389,785,0,785,0,0,153,1,0
10,350,21.000000,0.000000,0,5,2712392,785,0,785,0,0,153,1,0
10,350,21.000000,0.000000,0,5,2712394,785,0,785,0,0,153,1,0
10,350,21.000000,0.000000,0,5,2712397,785,0,785,0,0,153,1,0
10,350,21.000000,0.000000,0,5,2712400,785,0,785,0,0,153,1,0
10,350,21.000000,0.000000,0,5,2712403,785,0,785,0,0,153,1,0
10,350,21.000000,0.000000,0,5,2712406,786,0,786,0,0,153,1,0
10,350,21.000000,0.000000,0,5,2712408,786,0,786,0,0,153,1,0
10,350,21.000000,0.000000,0,5,2712411,786,0,786,0,0,153,1,0
10,350,21.000000,0.000000,0,5,2712414,786,0,786,0,0,153,1,0
10,350,21.000000,0.000000,0,5,2712417,786,0,786,0,0,153,1,0
10,350,21.000000,0.000000,0,5,2712419,786,0,786,0,0,153,1,0
10,350,21.000000,0.000000,0,5,2712422,787,0,787,0,0,153,1,0
10,350,21.000000,0.000000,0,5,2712425,787,0,787,0,0,153,1,0
10,350,21.000000,0.000000,0,5,2712428,788,0,788,0,0,153,1,0
10,350,21.000000,0.000000,0,5,2712430,789,0,789,0,0,153,1,0
10,350,21.000000,0.000000,0,5,2712433,791,0,791,0,0,153,1,0
10,350,21.000000,0.000000,0,5,2712436,792,0,792,0,0,153,1,0
10,350,21.000000,0.000000,0,5,2712439,793,0,793,0,0,153,1,0
10,350,21.000000,0.000000,0,5,2712442,794,0,794,0,0,153,1,0
10,350,21.000000,0.000000,0,5,2712444,795,0,795,-1,0,153,1,0
10,350,21.000000,0.000000,0,5,2712447,796,0,796,-1,0,153,1,0
10,350,21.000000,0.000000,0,5,2712450,797,0,797,-1,0,153,1,0
10,350,21.000000,0.000000,0,5,2712453,799,0,799,-2,0,153,1,0
10,350,21.000000,0.000000,0,5,2712456,801,0,801,-2,0,153,1,0
10,350,21.000000,0.000000,0,5,2712458,803,0,803,-2,0,153,1,0
10,350,21.000000,0.000000,0,5,2712461,805,0,805,-2,0,153,1,0
10,350,21.000000,0.000000,0,5,2712464,808,0,808,-3,0,153,1,0
10,350,21.000000,0.000000,0,5,2712467,811,0,811,-3,0,153,1,0
10,350,21.000000,0.000000,0,5,2712469,814,0,814,-4,0,153,1,0
10,350,21.000000,0.000000,0,5,2712472,816,0,816,-5,0,153,1,0
10,350,21.000000,0.000000,0,5,2712475,818,0,818,-5,0,153,1,0
10,350,21.000000,0.000000,0,5,2712478,821,0,821,-5,0,153,1,0
10,350,21.000000,0.000000,0,5,2712481,825,0,825,-6,0,153,1,0
10,350,21.000000,0.000000,0,5,2712484,829,0,829,-7,0,153,1,0
10,350,21.000000,0.000000,0,5,2712486,834,0,834,-7,0,153,1,0
10,350,21.000000,0.000000,0,5,2712489,840,0,840,-8,0,153,1,0
10,350,21.000000,0.000000,0,5,2712492,845,0,845,-8,0,153,1,0
10,350,21.000000,0.000000,0,5,2712495,850,0,850,-8,0,153,1,0
10,350,21.000000,0.000000,0,5,2712497,856,0,856,-8,0,153,1,0
10,350,21.000000,0.000000,0,5,2712500,862,0,862,-8,0,153,1,0
10,350,21.000000,0.000000,0,5,2712503,868,0,868,-8,0,153,1,0
10,350,21.000000,0.000000,0,5,2712506,872,0,872,-8,0,153,1,0
10,350,21.000000,0.000000,0,5,2712509,877,0,877,-8,0,153,1,0
10,350,21.000000,0.000000,0,5,2712511,883,0,883,-8,0,153,1,0
10,350,21.000000,0.000000,0,5,2712514,889,0,889,-8,0,153,1,0
10,350,21.000000,0.000000,0,5,2712517,894,0,894,-8,0,153,1,0
10,350,21.000000,0.000000,0,5,2712520,899,0,899,-8,0,153,1,0
10,350,21.000000,0.000000,0,5,2712522,906,0,906,-8,0,153,1,0
10,350,21.000000,0.000000,0,5,2712525,912,0,912,-8,0,153,1,0
10,350,21.000000,0.000000,0,5,2712528,918,0,918,-8,0,153,1,0
10,350,21.000000,0.000000,0,5,2712531,924,0,924,-9,0,153,1,0
10,350,21.000000,0.000000,0,5,2712534,928,0,928,-9,0,153,1,0
10,350,21.000000,0.000000,0,5,2712536,934,0,934,-9,0,153,1,0
10,350,21.000000,0.000000,0,5,2712539,936,0,936,-10,0,153,1,0
10,350,21.000000,0.000000,0,5,2712542,941,0,941,-10,0,153,1,0
10,350,21.000000,0.000000,0,5,2712545,946,0,946,-10,0,153,1,0
10,350,21.000000,0.000000,0,5,2712547,952,0,952,-10,0,153,1,0
10,350,21.000000,0.000000,0,5,2712550,957,0,957,-10,0,153,1,0
10,350,21.000000,0.000000,0,5,2712553,961,0,961,-11,0,153,1,0
10,350,21.000000,0.000000,0,5,2712556,965,0,965,-11,0,153,1,0
10,350,21.000000,0.000000,0,5,2712558,969,0,969,-11,0,153,1,0
10,350,21.000000,0.000000,0,5,2712561,972,0,972,-11,0,153,1,0
10,350,21.000000,0.000000,0,5,2712564,973,0,973,-11,0,153,1,0
10,350,21.000000,0.000000,0,5,2712567,977,0,977,-11,0,153,1,0
10,350,21.000000,0.000000,0,5,2712570,980,0,980,-12,0,153,1,0
10,350,21.000000,0.000000,0,5,2712572,982,0,982,-12,0,153,1,0
10,350,21.000000,0.000000,0,5,2712575,984,0,984,-13,0,153,1,0
10,350,21.000000,0.000000,0,5,2712578,987,0,987,-13,0,153,1,0
10,350,21.000000,0.000000,0,5,2712581,990,0,990,-13,0,153,1,0
10,350,21.000000,0.000000,0,5,2712583,992,0,992,-13,0,153,1,0
10,350,21.000000,0.000000,0,5,2712586,994,0,994,-14,0,153,1,0
10,350,21.000000,0.000000,0,5,2712589,1125,0,996,-14,0,153,1,0
10,350,21.000000,0.000000,0,5,2712592,1126,0,997,-14,0,153,1,0
10,350,21.000000,0.000000,0,5,2712595,1127,0,998,-14,0,153,1,0
10,350,21.000000,0.000000,0,5,2712597,1128,0,999,-14,0,153,1,0
10,350,21.000000,0.000000,0,5,2712600,1130,0,1001,-14,0,153,1,0
10,350,21.000000,0.000000,0,5,2712603,1130,0,1001,-15,0,153,1,0
10,350,21.000000,0.000000,0,5,2712606,1131,0,1002,-15,0,153,1,0
10,350,21.000000,0.000000,0,5,2712608,1132,0,1003,-15,0,153,1,0
10,350,21.000000,0.000000,0,5,2712611,1133,0,1004,-15,0,153,1,0
10,350,21.000000,0.000000,0,5,2712614,1134,0,1005,-15,0,153,1,0
10,350,21.000000,0.000000,0,5,2712617,1135,0,1006,-15,0,153,1,0
10,350,21.000000,0.000000,0,5,2712620,1136,0,1007,-15,0,153,1,0
10,350,21.000000,0.000000,0,5,2712622,1138,0,1009,-15,0,153,1,0
10,350,21.000000,0.000000,0,5,2712625,1139,0,1010,-15,0,153,1,0
10,350,21.000000,0.000000,0,5,2712628,1140,0,1011,-15,0,153,1,0
10,350,21.000000,0.000000,0,5,2712631,1141,0,1012,-16,0,153,1,0
10,350,21.000000,0.000000,0,5,2712633,1142,0,1013,-16,0,153,1,0
10,350,21.000000,0.000000,0,5,2712636,1143,0,1014,-16,0,153,1,0
10,350,21.000000,0.000000,0,5,2712639,1145,0,1016,-16,0,153,1,0
10,350,21.000000,0.000000,0,5,2712642,1146,0,1017,-16,0,153,1,0
10,350,21.000000,0.000000,0,5,2712645,1148,0,1019,-16,0,153,1,0
10,350,21.000000,0.000000,0,5,2712647,1150,0,1021,-16,0,153,1,0
10,350,21.000000,0.000000,0,5,2712650,1152,0,1023,-16,0,153,1,0
10,350,21.000000,0.000000,0,5,2712653,1153,0,1024,-16,0,153,1,0
10,350,21.000000,0.000000,0,5,2712656,1154,0,1025,-16,0,153,1,0
10,350,21.000000,0.000000,0,5,2712658,1156,0,1027,-16,0,153,1,0
10,350,21.000000,0.000000,0,5,2712661,1158,0,1029,-16,0,153,1,0
10,350,21.000000,0.000000,0,5,2712664,1160,0,1031,-16,0,153,1,0
10,350,21.000000,0.000000,0,5,2712667,1162,0,1033,-16,0,153,1,0
10,350,21.000000,0.000000,0,5,2712670,1163,0,1034,-16,0,153,1,0
10,350,21.000000,0.000000,0,5,2712673,1165,0,1036,-16,0,153,1,0
10,350,21.000000,0.000000,0,5,2712675,1167,0,1038,-16,0,153,1,0
10,350,21.000000,0.000000,0,5,2712678,1169,0,1040,-16,0,153,1,0
10,350,21.000000,0.000000,0,5,2712681,1171,0,1042,-16,0,153,1,0
10,350,21.000000,0.000000,0,5,2712684,1173,0,1044,-16,0,153,1,0
10,350,21.000000,0.000000,0,5,2712687,1174,0,1045,-16,0,153,1,0
10,350,21.000000,0.000000,0,5,2712689,1175,0,1046,-16,0,153,1,0
10,350,21.000000,0.000000,0,5,2712692,1176,0,1047,-16,0,153,1,0
10,350,21.000000,0.000000,0,5,2712695,1177,0,1048,-16,0,153,1,0
10,350,21.000000,0.000000,0,5,2712698,1179,0,1050,-16,0,153,1,0
10,350,21.000000,0.000000,0,5,2712700,1180,0,1051,-16,0,153,1,0
10,350,21.000000,0.000000,0,5,2712703,1181,0,1052,-16,0,153,1,0
10,350,21.000000,0.000000,0,5,2712706,1183,0,1054,-16,0,153,1,0
10,350,21.000000,0.000000,0,5,2712709,1184,0,1055,-16,0,153,1,0
10,350,21.000000,0.000000,0,5,2712711,1185,0,1056,-16,0,153,1,0
10,350,21.000000,0.000000,0,5,2712714,1186,0,1057,-16,0,153,1,0
10,350,21.000000,0.000000,0,5,2712717,1187,0,1058,-16,0,153,1,0
10,350,21.000000,0.000000,0,5,2712720,1188,0,1059,-16,0,153,1,0
10,350,21.000000,0.000000,0,5,2712723,1189,0,1060,-16,0,153,1,0
10,350,21.000000,0.000000,0,5,2712725,1190,0,1061,-16,0,153,1,0
10,350,21.000000,0.000000,0,5,2712728,1190,0,1061,-16,0,153,1,0
10,350,21.000000,0.000000,0,5,2712731,1190,0,1061,-16,0,153,1,0
10,350,21.000000,0.000000,0,5,2712734,1190,0,1061,-16,0,153,1,0
10,350,21.000000,0.000000,0,5,2712736,1190,0,1061,-16,0,153,1,0
10,350,21.000000,0.000000,0,5,2712739,1190,0,1061,-16,0,153,1,0
10,350,21.000000,0.000000,0,5,2712742,1190,0,1061,-16,0,153,1,0
10,350,21.000000,0.000000,0,5,2712745,1190,0,1061,-16,0,153,1,0
10,350,21.000000,0.000000,0,5,2712748,1190,0,1061,-16,0,153,1,0
10,350,21.000000,0.000000,0,5,2712750,1190,0,1061,-16,0,153,1,0
10,350,21.000000,0.000000,0,5,2712753,1190,0,1061,-16,0,153,1,0
10,350,21.000000,0.000000,0,5,2712756,1190,0,1061,-16,0,153,1,0
10,350,21.000000,0.000000,0,5,2712759,1190,0,1061,-16,0,153,1,0
10,350,21.000000,0.000000,0,5,2712761,1190,0,1061,-16,0,153,1,0
10,350,21.000000,0.000000,0,5,2712764,1190,0,1061,-16,0,153,1,0
10,350,21.000000,0.000000,0,5,2712767,1190,0,1061,-16,0,153,1,0
10,350,21.000000,0.000000,0,5,2712770,1190,0,1061,-16,0,153,1,0
10,350,21.000000,0.000000,0,5,2712773,1190,0,1061,-16,0,153,1,0
10,350,21.000000,0.000000,0,5,2712775,1190,0,1061,-16,0,153,1,0
10,350,21.000000,0.000000,0,5,2712778,1190,0,1061,-16,0,153,1,0
10,350,21.000000,0.000000,0,5,2712781,1190,0,1061,-16,0,153,1,0
10,350,21.000000,0.000000,0,5,2712783,1190,0,1061,-16,0,153,1,0
10,350,21.000000,0.000000,0,5,2712787,1190,0,1061,-16,0,153,1,0
10,350,21.000000,0.000000,0,5,2712789,1189,0,1060,-16,0,153,1,0
10,350,21.000000,0.000000,0,5,2712792,1188,0,1059,-16,0,153,1,0
10,350,21.000000,0.000000,0,5,2712795,1188,0,1059,-16,0,153,1,0
10,350,21.000000,0.000000,0,5,2712798,1187,0,1058,-16,0,153,1,0
10,350,21.000000,0.000000,0,5,2712800,1186,0,1057,-16,0,153,1,0
10,350,21.000000,0.000000,0,5,2712803,1186,0,1057,-16,0,153,1,0
10,350,21.000000,0.000000,0,5,2712806,1186,0,1057,-16,0,153,1,0
10,350,21.000000,0.000000,0,5,2712809,1186,0,1057,-16,0,153,1,0
10,350,21.000000,0.000000,0,5,2712812,1185,0,1056,-16,0,153,1,0
10,350,21.000000,0.000000,0,5,2712814,1185,0,1056,-16,0,153,1,0
10,350,21.000000,0.000000,0,5,2712817,1185,0,1056,-16,0,153,1,0
10,350,21.000000,0.000000,0,5,2712820,1184,0,1055,-16,0,153,1,0
10,350,21.000000,0.000000,0,5,2712823,1183,0,1054,-16,0,153,1,0
10,350,21.000000,0.000000,0,5,2712825,1182,0,1053,-16,0,153,1,0
10,350,21.000000,0.000000,0,5,2712828,1181,0,1052,-16,0,153,1,0
10,350,21.000000,0.000000,0,5,2712831,1180,0,1051,-16,0,153,1,0
10,350,21.000000,0.000000,0,5,2712834,1179,0,1050,-16,0,153,1,0
10,350,21.000000,0.000000,0,5,2712837,1178,0,1049,-16,0,153,1,0
10,350,21.000000,0.000000,0,5,2712839,1177,0,1048,-16,0,153,1,0
10,350,21.000000,0.000000,0,5,2712842,1176,0,1047,-16,0,153,1,0
10,350,21.000000,0.000000,0,5,2712845,1175,0,1046,-16,0,153,1,0
10,350,21.000000,0.000000,0,5,2712848,1174,0,1045,-16,0,153,1,0
10,350,21.000000,0.000000,0,5,2712850,1173,0,1044,-16,0,153,1,0
10,350,21.000000,0.000000,0,5,2712853,1172,0,1043,-16,0,153,1,0
10,350,21.000000,0.000000,0,5,2712856,1171,0,1042,-16,0,153,1,0
10,350,21.000000,0.000000,0,5,2712859,1169,0,1040,-16,0,153,1,0
10,350,21.000000,0.000000,0,5,2712862,1168,0,1039,-16,0,153,1,0
10,350,21.000000,0.000000,0,5,2712864,1166,0,1037,-16,0,153,1,0
10,350,21.000000,0.000000,0,5,2712867,1165,0,1036,-16,0,153,1,0
10,350,21.000000,0.000000,0,5,2712870,1164,0,1035,-16,0,153,1,0
10,350,21.000000,0.000000,0,5,2712872,1163,0,1034,-16,0,153,1,0
10,350,21.000000,0.000000,0,5,2712875,1162,0,1033,-16,0,153,1,0
10,350,21.000000,0.000000,0,5,2712878,1161,0,1032,-16,0,153,1,0
10,350,21.000000,0.000000,0,5,2712881,1160,0,1031,-16,0,153,1,0
10,350,21.000000,0.000000,0,5,2712883,1159,0,1030,-16,0,153,1,0
10,350,21.000000,0.000000,0,5,2712886,1158,0,1029,-16,0,153,1,0
10,350,21.000000,0.000000,0,5,2712889,1158,0,1029,-16,0,153,1,0
10,350,21.000000,0.000000,0,5,2712892,1157,0,1028,-16,0,153,1,0
10,350,21.000000,0.000000,0,5,2712895,1157,0,1028,-16,0,153,1,0
10,350,21.000000,0.000000,0,5,2712897,1156,0,1027,-16,0,153,1,0
10,350,21.000000,0.000000,0,5,2712900,1155,0,1026,-16,0,153,1,0
10,350,21.000000,0.000000,0,5,2712903,1154,0,1025,-16,0,153,1,0
10,350,21.000000,0.000000,0,5,2712906,1154,0,1025,-16,0,153,1,0
10,350,21.000000,0.000000,0,5,2712908,1153,0,1024,-16,0,153,1,0
10,350,21.000000,0.000000,0,5,2712911,1153,0,1024,-16,0,153,1,0
10,350,21.000000,0.000000,0,5,2712914,1152,0,1023,-16,0,153,1,0
10,350,21.000000,0.000000,0,5,2712917,1151,0,1022,-16,0,153,1,0
10,350,21.000000,0.000000,0,5,2712920,1150,0,1021,-16,0,153,1,0
10,350,21.000000,0.000000,0,5,2712922,1149,0,1020,-16,0,153,1,0
10,350,21.000000,0.000000,0,5,2712925,1148,0,1019,-16,0,153,1,0
10,350,21.000000,0.000000,0,5,2712928,1147,0,1018,-16,0,153,1,0
10,350,21.000000,0.000000,0,5,2712931,1146,0,1017,-16,0,153,1,0
10,350,21.000000,0.000000,0,5,2712934,1145,0,1016,-16,0,153,1,0
10,350,21.000000,0.000000,0,5,2712937,1144,0,1015,-16,0,153,1,0
10,350,21.000000,0.000000,0,5,2712939,1143,0,1014,-16,0,153,1,0
10,350,21.000000,0.000000,0,5,2712942,1142,0,1013,-16,0,153,1,0
10,350,21.000000,0.000000,0,5,2712945,1141,0,1012,-16,0,153,1,0
10,350,21.000000,0.000000,0,5,2712948,1140,0,1011,-16,0,153,1,0
10,350,21.000000,0.000000,0,5,2712950,1139,0,1010,-16,0,153,1,0
10,350,21.000000,0.000000,0,5,2712953,1138,0,1009,-16,0,153,1,0
10,350,21.000000,0.000000,0,5,2712956,1137,0,1008,-16,0,153,1,0
10,350,21.000000,0.000000,0,5,2712959,1137,1,1008,-15,0,153,1,0
10,350,21.000000,0.000000,0,5,2712962,1137,2,1008,-14,0,153,1,0
10,350,21.000000,0.000000,0,5,2712964,1136,2,1007,-14,0,153,1,0
10,350,21.000000,0.000000,0,5,2712967,1136,2,1007,-14,0,153,1,0
10,350,21.000000,0.000000,0,5,2712970,1136,2,1007,-14,0,153,1,0
10,350,21.000000,0.000000,0,5,2712973,1136,2,1007,-14,0,153,1,0
10,350,21.000000,0.000000,0,5,2712976,1136,2,1007,-14,0,153,1,0
10,350,21.000000,0.000000,0,5,2712978,1136,2,1007,-14,0,153,1,0
10,350,21.000000,0.000000,0,5,2712981,1136,2,1007,-14,0,153,1,0
10,350,21.000000,0.000000,0,5,2712984,1136,2,1007,-14,0,153,1,0
10,350,21.000000,0.000000,0,5,2712987,1136,2,1007,-14,0,153,1,0
10,350,21.000000,0.000000,0,5,2712989,1136,2,1007,-14,0,153,1,0
10,350,21.000000,0.000000,0,5,2712992,1136,2,1007,-14,0,153,1,0
10,350,21.000000,0.000000,0,5,2712995,1136,2,1007,-14,0,153,1,0
10,350,21.000000,0.000000,0,5,2712998,1136,2,1007,-14,0,153,1,0
10,350,21.000000,0.000000,0,5,2713000,1136,2,1007,-14,0,153,1,0
10,350,21.000000,0.000000,0,5,2713003,1136,2,1007,-14,0,153,1,0
10,350,21.000000,0.000000,0,5,2713006,1136,2,1007,-14,0,153,1,0
10,350,21.000000,0.000000,0,5,2713009,1136,2,1007,-14,0,153,1,0
10,350,21.000000,0.000000,0,5,2713012,1136,2,1007,-14,0,153,1,0
10,350,21.000000,0.000000,0,5,2713014,1136,2,1007,-14,0,153,1,0
10,350,21.000000,0.000000,0,5,2713017,1136,2,1007,-14,0,153,1,0
10,350,21.000000,0.000000,0,5,2713020,1136,2,1007,-14,0,153,1,0
10,350,21.000000,0.000000,0,5,2713023,1136,2,1007,-14,0,153,1,0
10,350,21.000000,0.000000,0,5,2713025,1136,2,1007,-14,0,153,1,0
10,350,21.000000,0.000000,0,5,2713028,1136,2,1007,-14,0,153,1,0
10,350,21.000000,0.000000,0,5,2713031,1136,2,1007,-14,0,153,1,0
10,350,21.000000,0.000000,0,5,2713034,1136,2,1007,-14,0,153,1,0
10,350,21.000000,0.000000,0,5,2713037,1136,2,1007,-14,0,153,1,0
10,350,21.000000,0.000000,0,5,2713039,1136,2,1007,-14,0,153,1,0
10,350,21.000000,0.000000,0,5,2713042,1136,2,1007,-14,0,153,1,0
10,350,21.000000,0.000000,0,5,2713045,1136,2,1007,-14,0,153,1,0
10,350,21.000000,0.000000,0,5,2713048,1136,2,1007,-14,0,153,1,0
10,350,21.000000,0.000000,0,5,2713051,1136,2,1007,-14,0,153,1,0
10,350,21.000000,0.000000,0,5,2713053,1136,2,1007,-14,0,153,1,0
10,350,21.000000,0.000000,0,5,2713066,1136,2,1007,-14,0,153,1,0
