10,350,21.000000,42.000000,0,0,1219549,788,7,788,7,0,28,0,1
10,350,21.000000,42.000000,0,0,1219550,788,7,788,7,0,28,0,1
10,350,21.000000,42.000000,0,0,1219553,788,7,788,7,0,28,0,1
10,350,21.000000,42.000000,0,0,1219556,788,7,788,7,0,28,0,1
10,350,21.000000,42.000000,0,0,1219559,788,7,788,7,0,28,0,1
10,350,21.000000,42.000000,0,0,1219561,788,7,788,7,0,28,0,1
10,350,21.000000,42.000000,0,0,1219564,788,7,788,7,0,28,0,1
10,350,21.000000,42.000000,0,0,1219567,788,7,788,7,0,28,0,1
10,350,21.000000,42.000000,0,0,1219569,788,7,788,7,0,28,0,1
10,350,21.000000,42.000000,0,0,1219572,788,7,788,7,0,28,0,1
10,350,21.000000,42.000000,0,0,1219575,788,7,788,7,0,28,0,1
10,350,21.000000,42.000000,0,0,1219578,788,7,788,7,0,28,0,1
10,350,21.000000,42.000000,0,0,1219580,788,7,788,7,0,28,0,1
10,350,21.000000,42.000000,0,0,1219583,788,7,788,7,0,28,0,1
10,350,21.000000,42.000000,0,0,1219586,788,7,788,7,0,28,0,1
10,350,21.000000,42.000000,0,0,1219589,788,7,788,7,0,28,0,1
10,350,21.000000,42.000000,0,0,1219592,788,7,788,7,0,28,0,1
10,350,21.000000,42.000000,0,0,1219595,788,7,788,7,0,28,0,1
10,350,21.000000,42.000000,0,0,1219597,788,7,788,7,0,28,0,1
10,350,21.000000,42.000000,0,0,1219600,788,7,788,7,0,28,0,1
10,350,21.000000,42.000000,0,0,1219603,788,7,788,7,0,28,0,1
10,350,21.000000,42.000000,0,0,1219606,789,7,789,7,0,28,0,1
10,350,21.000000,42.000000,0,0,1219608,790,7,790,7,0,28,0,1
10,350,21.000000,42.000000,0,0,1219611,792,7,792,7,0,28,0,1
10,350,21.000000,42.000000,0,0,1219614,794,7,794,7,0,28,0,1
10,350,21.000000,42.000000,0,0,1219617,799,7,799,7,0,28,0,1
10,350,21.000000,42.000000,0,0,1219620,800,7,800,7,0,28,0,1
10,350,21.000000,42.000000,0,0,1219622,809,7,809,7,0,28,0,1
10,350,21.000000,42.000000,0,0,1219625,814,7,814,7,0,28,0,1
10,350,21.000000,42.000000,0,0,1219628,823,7,823,7,0,28,0,1
10,350,21.000000,42.000000,0,0,1219631,830,7,830,7,0,28,0,1
10,350,21.000000,42.000000,0,0,1219634,835,7,835,7,0,28,0,1
10,350,21.000000,42.000000,0,0,1219636,848,7,848,7,0,28,0,1
10,350,21.000000,42.000000,0,0,1219639,857,7,857,7,0,28,0,1
10,350,21.000000,42.000000,0,0,1219642,867,7,867,7,0,28,0,1
10,350,21.000000,42.000000,0,0,1219645,878,7,878,7,0,28,0,1
10,350,21.000000,42.000000,0,0,1219647,887,7,887,7,0,28,0,1
10,350,21.000000,42.000000,0,0,1219650,894,7,894,7,0,28,0,1
10,350,21.000000,42.000000,0,0,1219653,903,7,903,7,0,28,0,1
10,350,21.000000,42.000000,0,0,1219656,914,7,914,7,0,28,0,1
10,350,21.000000,42.000000,0,0,1219658,929,7,929,7,0,28,0,1
10,350,21.000000,42.000000,0,0,1219661,935,7,935,7,0,28,0,1
10,350,21.000000,42.000000,0,0,1219664,946,7,946,7,0,28,0,1
10,350,21.000000,42.000000,0,0,1219667,959,7,959,7,0,28,0,1
10,350,21.000000,42.000000,0,0,1219670,969,8,969,8,0,28,0,1
10,350,21.000000,42.000000,0,0,1219672,982,8,982,8,0,28,0,1
10,350,21.000000,42.000000,0,0,1219675,992,8,992,8,0,28,0,1
10,350,21.000000,42.000000,0,0,1219678,1005,8,1005,8,0,28,0,1
10,350,21.000000,42.000000,0,0,1219681,1013,8,1013,8,0,28,0,1
10,350,21.000000,42.000000,0,0,1219684,1024,8,1024,8,0,28,0,1
10,350,21.000000,42.000000,0,0,1219686,1032,8,1032,8,0,28,0,1
10,350,21.000000,42.000000,0,0,1219689,1040,8,1040,8,0,28,0,1
10,350,21.000000,42.000000,0,0,1219692,1049,8,1049,8,0,28,0,1
10,350,21.000000,42.000000,0,0,1219695,1057,8,1057,8,0,28,0,1
10,350,21.000000,42.000000,0,0,1219697,1063,8,1063,8,0,28,0,1
10,350,21.000000,42.000000,0,0,1219700,1073,8,1073,8,0,28,0,1
10,350,21.000000,42.000000,0,0,1219703,1079,8,1079,8,0,28,0,1
10,350,21.000000,42.000000,0,0,1219706,1087,8,1087,8,0,28,0,1
10,350,21.000000,42.000000,0,0,1219708,1093,8,1093,8,0,28,0,1
10,350,21.000000,42.000000,0,0,1219711,1095,7,1095,7,0,28,0,1
10,350,21.000000,42.000000,0,0,1219714,1100,7,1100,7,0,28,0,1
10,350,21.000000,42.000000,0,0,1219717,1103,6,1103,6,0,28,0,1
10,350,21.000000,42.000000,0,0,1219720,1107,5,1107,5,0,28,0,1
10,350,21.000000,42.000000,0,0,1219722,1111,5,1111,5,0,28,0,1
10,350,21.000000,42.000000,0,0,1219725,1113,4,1113,4,0,28,0,1
10,350,21.000000,42.000000,0,0,1219728,1115,4,1115,4,0,28,0,1
10,350,21.000000,42.000000,0,0,1219731,1117,2,1117,2,0,28,0,1
10,350,21.000000,42.000000,0,0,1219733,1118,1,1118,1,0,28,0,1
10,350,21.000000,42.000000,0,0,1219736,1120,1,1120,1,0,28,0,1
10,350,21.000000,42.000000,0,0,1219739,1122,0,1122,0,0,28,0,1
10,350,21.000000,42.000000,0,0,1219742,1124,0,1124,-1,0,28,0,1
10,350,21.000000,42.000000,0,0,1219744,1126,0,1126,-1,0,28,0,1
10,350,21.000000,42.000000,0,0,1219747,1128,0,1128,-2,0,28,0,1
10,350,21.000000,42.000000,0,0,1219750,1130,0,1130,-3,0,28,0,1
10,350,21.000000,42.000000,0,0,1219753,1131,0,1131,-3,0,28,0,1
10,350,21.000000,42.000000,0,0,1219756,1133,0,1133,-4,0,28,0,1
10,350,21.000000,42.000000,0,0,1219758,1133,0,1133,-5,0,28,0,1
10,350,21.000000,42.000000,0,0,1219761,1134,0,1134,-5,0,28,0,1
10,350,21.000000,42.000000,0,0,1219764,1135,0,1135,-6,0,28,0,1
10,350,21.000000,42.000000,0,0,1219767,1136,0,1136,-7,0,28,0,1
10,350,21.000000,42.000000,0,0,1219769,1137,0,1137,-8,0,28,0,1
10,350,21.000000,42.000000,0,0,1219772,1137,0,1137,-9,0,28,0,1
10,350,21.000000,42.000000,0,0,1219775,1138,0,1138,-9,0,28,0,1
10,350,21.000000,42.000000,0,0,1219778,1139,0,1139,-10,0,28,0,1
10,350,21.000000,42.000000,0,0,1219781,1140,0,1140,-11,0,28,0,1
10,350,21.000000,42.000000,0,0,1219783,1141,0,1141,-12,0,28,0,1
10,350,21.000000,42.000000,0,0,1219786,1142,0,1142,-13,0,28,0,1
10,350,21.000000,42.000000,0,0,1219789,1143,0,1143,-13,0,28,0,1
10,350,21.000000,42.000000,0,0,1219792,1143,0,1143,-14,0,28,0,1
10,350,21.000000,42.000000,0,0,1219794,1143,0,1143,-15,0,28,0,1
10,350,21.000000,42.000000,0,0,1219798,1144,0,1144,-16,0,28,0,1
10,350,21.000000,42.000000,0,0,1219800,1145,0,1145,-17,0,28,0,1
10,350,21.000000,42.000000,0,0,1219803,1145,0,1145,-17,0,28,0,1
10,350,21.000000,42.000000,0,0,1219806,1145,0,1145,-18,0,28,0,1
10,350,21.000000,42.000000,0,0,1219808,1146,0,1146,-18,0,28,0,1
10,350,21.000000,42.000000,0,0,1219811,1147,0,1147,-18,0,28,0,1
10,350,21.000000,42.000000,0,0,1219814,1147,0,1147,-19,0,28,0,1
10,350,21.000000,42.000000,0,0,1219817,1147,0,1147,-20,0,28,0,1
10,350,21.000000,42.000000,0,0,1219820,1148,0,1148,-20,0,28,0,1
10,350,21.000000,42.000000,0,0,1219822,1149,0,1149,-20,0,28,0,1
10,350,21.000000,42.000000,0,0,1219825,1150,0,1150,-20,0,28,0,1
10,350,21.000000,42.000000,0,0,1219828,1151,0,1151,-21,0,28,0,1
10,350,21.000000,42.000000,0,0,1219831,1151,0,1151,-21,0,28,0,1
10,350,21.000000,42.000000,0,0,1219834,1152,0,1152,-21,0,28,0,1
10,350,21.000000,42.000000,0,0,1219836,1153,0,1153,-21,0,28,0,1
10,350,21.000000,42.000000,0,0,1219839,1153,0,1153,-21,0,28,0,1
10,350,21.000000,42.000000,0,0,1219842,1153,0,1153,-22,0,28,0,1
10,350,21.000000,42.000000,0,0,1219845,1153,0,1153,-23,0,28,0,1
10,350,21.000000,42.000000,0,0,1219847,1154,0,1154,-23,0,28,0,1
10,350,21.000000,42.000000,0,0,1219850,1155,0,1155,-23,0,28,0,1
10,350,21.000000,42.000000,0,0,1219853,1156,0,1156,-23,0,28,0,1
10,350,21.000000,42.000000,0,0,1219856,1157,0,1157,-23,0,28,0,1
10,350,21.000000,42.000000,0,0,1219858,1158,0,1158,-23,0,28,0,1
10,350,21.000000,42.000000,0,0,1219861,1158,0,1158,-24,0,28,0,1
10,350,21.000000,42.000000,0,0,1219864,1159,0,1159,-24,0,28,0,1
10,350,21.000000,42.000000,0,0,1219867,1160,0,1160,-24,0,28,0,1
10,350,21.000000,42.000000,0,0,1219869,1160,0,1160,-24,0,28,0,1
10,350,21.000000,42.000000,0,0,1219872,1160,0,1160,-25,0,28,0,1
10,350,21.000000,42.000000,0,0,1219875,1160,0,1160,-25,0,28,0,1
10,350,21.000000,42.000000,0,0,1219878,1160,0,1160,-25,0,28,0,1
10,350,21.000000,42.000000,0,0,1219881,1160,0,1160,-25,0,28,0,1
10,350,21.000000,42.000000,0,0,1219883,1160,0,1160,-25,0,28,0,1
10,350,21.000000,42.000000,0,0,1219886,1161,0,1161,-25,0,28,0,1
10,350,21.000000,42.000000,0,0,1219889,1162,0,1162,-25,0,28,0,1
10,350,21.000000,42.000000,0,0,1219892,1162,0,1162,-25,0,28,0,1
10,350,21.000000,42.000000,0,0,1219895,1162,0,1162,-25,0,28,0,1
10,350,21.000000,42.000000,0,0,1219898,1162,0,1162,-25,0,28,0,1
10,350,21.000000,42.000000,0,0,1219900,1162,0,1162,-25,0,28,0,1
10,350,21.000000,42.000000,0,0,1219903,1162,0,1162,-25,0,28,0,1
10,350,21.000000,42.000000,0,0,1219906,1162,0,1162,-25,0,28,0,1
10,350,21.000000,42.000000,0,0,1219909,1162,0,1162,-25,0,28,0,1
10,350,21.000000,42.000000,0,0,1219911,1162,0,1162,-25,0,28,0,1
10,350,21.000000,42.000000,0,0,1219914,1162,0,1162,-25,0,28,0,1
10,350,21.000000,42.000000,0,0,1219917,1162,0,1162,-25,0,28,0,1
10,350,21.000000,42.000000,0,0,1219919,1162,0,1162,-25,0,28,0,1
10,350,21.000000,42.000000,0,0,1219923,1162,0,1162,-25,0,28,0,1
10,350,21.000000,42.000000,0,0,1219926,1162,0,1162,-25,0,28,0,1
10,350,21.000000,42.000000,0,0,1219928,1162,0,1162,-25,0,28,0,1
10,350,21.000000,42.000000,0,0,1219931,1162,0,1162,-25,0,28,0,1
10,350,21.000000,42.000000,0,0,1219934,1162,0,1162,-25,0,28,0,1
10,350,21.000000,42.000000,0,0,1219936,1162,0,1162,-25,0,28,0,1
10,350,21.000000,42.000000,0,0,1219939,1162,0,1162,-25,0,28,0,1
10,350,21.000000,42.000000,0,0,1219942,1162,0,1162,-25,0,28,0,1
10,350,21.000000,42.000000,0,0,1219945,1162,0,1162,-25,0,28,0,1
10,350,21.000000,42.000000,0,0,1219947,1162,0,1162,-25,0,28,0,1
10,350,21.000000,42.000000,0,0,1219950,1162,0,1162,-25,0,28,0,1
10,350,21.000000,42.000000,0,0,1219953,1162,0,1162,-25,0,28,0,1
10,350,21.000000,42.000000,0,0,1219956,1162,0,1162,-25,0,28,0,1
10,350,21.000000,42.000000,0,0,1219959,1162,0,1162,-25,0,28,0,1
10,350,21.000000,42.000000,0,0,1219961,1162,0,1162,-25,0,28,0,1
10,350,21.000000,42.000000,0,0,1219964,1162,0,1162,-25,0,28,0,1
10,350,21.000000,42.000000,0,0,1219967,1162,0,1162,-25,0,28,0,1
10,350,21.000000,42.000000,0,0,1219970,1162,0,1162,-25,0,28,0,1
10,350,21.000000,42.000000,0,0,1219973,1162,0,1162,-25,0,28,0,1
10,350,21.000000,42.000000,0,0,1219975,1162,0,1162,-25,0,28,0,1
10,350,21.000000,42.000000,0,0,1219978,1162,0,1162,-25,0,28,0,1
10,350,21.000000,42.000000,0,0,1219981,1162,0,1162,-25,0,28,0,1
10,350,21.000000,42.000000,0,0,1219984,1162,0,1162,-25,0,28,0,1
10,350,21.000000,42.000000,0,0,1219987,1162,0,1162,-25,0,28,0,1
10,350,21.000000,42.000000,0,0,1219989,1162,0,1162,-25,0,28,0,1
10,350,21.000000,42.000000,0,0,1219992,1162,0,1162,-25,0,28,0,1
10,350,21.000000,42.000000,0,0,1219994,1162,0,1162,-25,0,28,0,1
10,350,21.000000,42.000000,0,0,1219997,1162,0,1162,-25,0,28,0,1
10,350,21.000000,42.000000,0,0,1220001,1162,0,1162,-25,0,28,0,1
10,350,21.000000,42.000000,0,0,1220003,1162,0,1162,-25,0,28,0,1
10,350,21.000000,42.000000,0,0,1220006,1162,0,1162,-25,0,28,0,1
10,350,21.000000,42.000000,0,0,1220009,1162,0,1162,-25,0,28,0,1
10,350,21.000000,42.000000,0,0,1220012,1162,0,1162,-25,0,28,0,1
10,350,21.000000,42.000000,0,0,1220014,1161,0,1161,-25,0,28,0,1
10,350,21.000000,42.000000,0,0,1220017,1160,0,1160,-25,0,28,0,1
10,350,21.000000,42.000000,0,0,1220020,1160,0,1160,-25,0,28,0,1
10,350,21.000000,42.000000,0,0,1220023,1159,0,1159,-25,0,28,0,1
10,350,21.000000,42.000000,0,0,1220025,1159,0,1159,-25,0,28,0,1
10,350,21.000000,42.000000,0,0,1220028,1158,0,1158,-25,0,28,0,1
10,350,21.000000,42.000000,0,0,1220031,1157,0,1157,-25,0,28,0,1
10,350,21.000000,42.000000,0,0,1220034,1156,0,1156,-25,0,28,0,1
10,350,21.000000,42.000000,0,0,1220036,1155,0,1155,-25,0,28,0,1
10,350,21.000000,42.000000,0,0,1220039,1155,0,1155,-25,0,28,0,1
10,350,21.000000,42.000000,0,0,1220042,1155,1,1155,-24,0,28,0,1
10,350,21.000000,42.000000,0,0,1220045,1154,1,1154,-24,0,28,0,1
10,350,21.000000,42.000000,0,0,1220047,1154,1,1154,-24,0,28,0,1
10,350,21.000000,42.000000,0,0,1220050,1154,1,1154,-24,0,28,0,1
10,350,21.000000,42.000000,0,0,1220053,1154,1,1154,-24,0,28,0,1
10,350,21.000000,42.000000,0,0,1220056,1154,1,1154,-24,0,28,0,1
10,350,21.000000,42.000000,0,0,1220059,1153,1,1153,-24,0,28,0,1
10,350,21.000000,42.000000,0,0,1220061,1152,1,1152,-24,0,28,0,1
10,350,21.000000,42.000000,0,0,1220064,1152,1,1152,-24,0,28,0,1
10,350,21.000000,42.000000,0,0,1220067,1152,1,1152,-24,0,28,0,1
10,350,21.000000,42.000000,0,0,1220070,1152,1,1152,-24,0,28,0,1
10,350,21.000000,42.000000,0,0,1220073,1152,2,1152,-23,0,28,0,1
10,350,21.000000,42.000000,0,0,1220076,1152,2,1152,-23,0,28,0,1
10,350,21.000000,42.000000,0,0,1220078,1152,2,1152,-23,0,28,0,1
10,350,21.000000,42.000000,0,0,1220081,1152,2,1152,-23,0,28,0,1
10,350,21.000000,42.000000,0,0,1220084,1152,2,1152,-23,0,28,0,1
10,350,21.000000,42.000000,0,0,1220087,1152,2,1152,-23,0,28,0,1
10,350,21.000000,42.000000,0,0,1220089,1152,2,1152,-23,0,28,0,1
10,350,21.000000,42.000000,0,0,1220092,1151,2,1151,-23,0,28,0,1
10,350,21.000000,42.000000,0,0,1220095,1151,2,1151,-23,0,28,0,1
10,350,21.000000,42.000000,0,0,1220098,1151,2,1151,-23,0,28,0,1
10,350,21.000000,42.000000,0,0,1220100,1151,2,1151,-23,0,28,0,1
10,350,21.000000,42.000000,0,0,1220103,1150,2,1150,-23,0,28,0,1
10,350,21.000000,42.000000,0,0,1220106,1149,2,1149,-23,0,28,0,1
10,350,21.000000,42.000000,0,0,1220109,1149,2,1149,-23,0,28,0,1
10,350,21.000000,42.000000,0,0,1220112,1149,2,1149,-23,0,28,0,1
10,350,21.000000,42.000000,0,0,1220114,1149,2,1149,-23,0,28,0,1
10,350,21.000000,42.000000,0,0,1220117,1149,2,1149,-23,0,28,0,1
10,350,21.000000,42.000000,0,0,1220120,1149,2,1149,-23,0,28,0,1
10,350,21.000000,42.000000,0,0,1220123,1149,2,1149,-23,0,28,0,1
10,350,21.000000,42.000000,0,0,1220125,1149,2,1149,-23,0,28,0,1
10,350,21.000000,42.000000,0,0,1220128,1149,2,1149,-23,0,28,0,1
10,350,21.000000,42.000000,0,0,1220131,1149,2,1149,-23,0,28,0,1
10,350,21.000000,42.000000,0,0,1220134,1149,2,1149,-23,0,28,0,1
10,350,21.000000,42.000000,0,0,1220137,1149,2,1149,-23,0,28,0,1
10,350,21.000000,42.000000,0,0,1220139,1149,2,1149,-23,0,28,0,1
10,350,21.000000,42.000000,0,0,1220142,1149,2,1149,-23,0,28,0,1
10,350,21.000000,42.000000,0,0,1220145,1149,2,1149,-23,0,28,0,1
10,350,21.000000,42.000000,0,0,1220148,1149,2,1149,-23,0,28,0,1
10,350,21.000000,42.000000,0,0,1220150,1148,2,1148,-23,0,28,0,1
10,350,21.000000,42.000000,0,0,1220153,1147,2,1147,-23,0,28,0,1
10,350,21.000000,42.000000,0,0,1220156,1147,2,1147,-23,0,28,0,1
10,350,21.000000,42.000000,0,0,1220159,1147,2,1147,-23,0,28,0,1
10,350,21.000000,42.000000,0,0,1220162,1146,2,1146,-23,0,28,0,1
10,350,21.000000,42.000000,0,0,1220164,1145,2,1145,-23,0,28,0,1
10,350,21.000000,42.000000,0,0,1220167,1145,2,1145,-23,0,28,0,1
10,350,21.000000,42.000000,0,0,1220170,1144,2,1144,-23,0,28,0,1
10,350,21.000000,42.000000,0,0,1220173,1143,2,1143,-23,0,28,0,1
10,350,21.000000,42.000000,0,0,1220175,1142,2,1142,-23,0,28,0,1
10,350,21.000000,42.000000,0,0,1220178,1141,2,1141,-23,0,28,0,1
10,350,21.000000,42.000000,0,0,1220181,1141,2,1141,-23,0,28,0,1
10,350,21.000000,42.000000,0,0,1220184,1141,2,1141,-23,0,28,0,1
10,350,21.000000,42.000000,0,0,1220187,1141,2,1141,-23,0,28,0,1
10,350,21.000000,42.000000,0,0,1220190,1141,2,1141,-23,0,28,0,1
10,350,21.000000,42.000000,0,0,1220192,1140,2,1140,-23,0,28,0,1
10,350,21.000000,42.000000,0,0,1220195,1139,2,1139,-23,0,28,0,1
10,350,21.000000,42.000000,0,0,1220198,1139,2,1139,-23,0,28,0,1
10,350,21.000000,42.000000,0,0,1220201,1139,2,1139,-23,0,28,0,1
10,350,21.000000,42.000000,0,0,1220203,1139,2,1139,-23,0,28,0,1
10,350,21.000000,42.000000,0,0,1220206,1139,2,1139,-23,0,28,0,1
10,350,21.000000,42.000000,0,0,1220209,1139,2,1139,-23,0,28,0,1
10,350,21.000000,42.000000,0,0,1220212,1139,2,1139,-23,0,28,0,1
10,350,21.000000,42.000000,0,0,1220214,1139,2,1139,-23,0,28,0,1
10,350,21.000000,42.000000,0,0,1220217,1139,2,1139,-23,0,28,0,1
10,350,21.000000,42.000000,0,0,1220220,1139,2,1139,-23,0,28,0,1
10,350,21.000000,42.000000,0,0,1220223,1139,2,1139,-23,0,28,0,1
10,350,21.000000,42.000000,0,0,1220226,1139,2,1139,-23,0,28,0,1
10,350,21.000000,42.000000,0,0,1220228,1139,2,1139,-23,0,28,0,1
10,350,21.000000,42.000000,0,0,1220231,1139,2,1139,-23,0,28,0,1
10,350,21.000000,42.000000,0,0,1220234,1139,2,1139,-23,0,28,0,1
10,350,21.000000,42.000000,0,0,1220237,1139,2,1139,-23,0,28,0,1
10,350,21.000000,42.000000,0,0,1220239,1139,2,1139,-23,0,28,0,1
10,350,21.000000,42.000000,0,0,1220242,1139,2,1139,-23,0,28,0,1
10,350,21.000000,42.000000,0,0,1220245,1139,2,1139,-23,0,28,0,1
10,350,21.000000,42.000000,0,0,1220248,1139,2,1139,-23,0,28,0,1
10,350,21.000000,42.000000,0,0,1220251,1139,2,1139,-23,0,28,0,1
10,350,21.000000,42.000000,0,0,1220253,1139,2,1139,-23,0,28,0,1
10,350,21.000000,42.000000,0,0,1220256,1139,2,1139,-23,0,28,0,1
10,350,21.000000,42.000000,0,0,1220259,1139,2,1139,-23,0,28,0,1
10,350,21.000000,42.000000,0,0,1220262,1139,2,1139,-23,0,28,0,1
10,350,21.000000,42.000000,0,0,1220265,1139,2,1139,-23,0,28,0,1
10,350,21.000000,42.000000,0,0,1220267,1138,2,1138,-23,0,28,0,1
10,350,21.000000,42.000000,0,0,1220270,1137,2,1137,-23,0,28,0,1
10,350,21.000000,42.000000,0,0,1220273,1137,2,1137,-23,0,28,0,1
10,350,21.000000,42.000000,0,0,1220276,1137,2,1137,-23,0,28,0,1
10,350,21.000000,42.000000,0,0,1220278,1137,2,1137,-23,0,28,0,1
10,350,21.000000,42.000000,0,0,1220281,1137,2,1137,-23,0,28,0,1
10,350,21.000000,42.000000,0,0,1220284,1137,2,1137,-23,0,28,0,1
10,350,21.000000,42.000000,0,0,1220287,1137,2,1137,-23,0,28,0,1
10,350,21.000000,42.000000,0,0,1220290,1136,2,1136,-23,0,28,0,1
10,350,21.000000,42.000000,0,0,1220292,1135,2,1135,-23,0,28,0,1
10,350,21.000000,42.000000,0,0,1220295,1135,2,1135,-23,0,28,0,1
10,350,21.000000,42.000000,0,0,1220298,1135,2,1135,-23,0,28,0,1
10,350,21.000000,42.000000,0,0,1220301,1135,2,1135,-23,0,28,0,1
10,350,21.000000,42.000000,0,0,1220304,1135,2,1135,-23,0,28,0,1
10,350,21.000000,42.000000,0,0,1220306,1135,3,1135,-22,0,28,0,1
10,350,21.000000,42.000000,0,0,1220309,1135,4,1135,-21,0,28,0,1
10,350,21.000000,42.000000,0,0,1220312,1135,4,1135,-21,0,28,0,1
10,350,21.000000,42.000000,0,0,1220315,1135,4,1135,-21,0,28,0,1
10,350,21.000000,42.000000,0,0,1220317,1135,4,1135,-21,0,28,0,1
10,350,21.000000,42.000000,0,0,1220320,1135,4,1135,-21,0,28,0,1
10,350,21.000000,42.000000,0,0,1220323,1135,4,1135,-21,0,28,0,1
10,350,21.000000,42.000000,0,0,1220326,1135,4,1135,-21,0,28,0,1
10,350,21.000000,42.000000,0,0,1220328,1135,4,1135,-21,0,28,0,1
10,350,21.000000,42.000000,0,0,1220331,1135,4,1135,-21,0,28,0,1
10,350,21.000000,42.000000,0,0,1220334,1135,4,1135,-21,0,28,0,1
10,350,21.000000,42.000000,0,0,1220337,1135,4,1135,-21,0,28,0,1
10,350,21.000000,42.000000,0,0,1220340,1135,4,1135,-21,0,28,0,1
10,350,21.000000,42.000000,0,0,1220357,1135,4,1135,-21,0,28,0,1
