10,350,21.000000,10000.000000,1,0,115101078,787,5,787,5,0,27,8
10,350,21.000000,10000.000000,1,0,115101079,787,5,787,5,0,27,8
10,350,21.000000,10000.000000,1,0,115101082,787,5,787,5,0,27,8
10,350,21.000000,10000.000000,1,0,115101084,787,5,787,5,0,27,8
10,350,21.000000,10000.000000,1,0,115101087,787,5,787,5,0,27,8
10,350,21.000000,10000.000000,1,0,115101090,787,5,787,5,0,27,8
10,350,21.000000,10000.000000,1,0,115101093,787,5,787,5,0,27,8
10,350,21.000000,10000.000000,1,0,115101096,787,5,787,5,0,27,8
10,350,21.000000,10000.000000,1,0,115101098,787,5,787,5,0,27,8
10,350,21.000000,10000.000000,1,0,115101101,787,5,787,5,0,27,8
10,350,21.000000,10000.000000,1,0,115101104,787,5,787,5,0,27,8
10,350,21.000000,10000.000000,1,0,115101107,787,5,787,5,0,27,8
10,350,21.000000,10000.000000,1,0,115101110,787,5,787,5,0,27,8
10,350,21.000000,10000.000000,1,0,115101112,787,5,787,5,0,27,8
10,350,21.000000,10000.000000,1,0,115101115,787,5,787,5,0,27,8
10,350,21.000000,10000.000000,1,0,115101118,787,5,787,5,0,27,8
10,350,21.000000,10000.000000,1,0,115101120,787,5,787,5,0,27,8
10,350,21.000000,10000.000000,1,0,115101123,787,5,787,5,0,27,8
10,350,21.000000,10000.000000,1,0,115101126,787,5,787,5,0,27,8
10,350,21.000000,10000.000000,1,0,115101129,787,5,787,5,0,27,8
10,350,21.000000,10000.000000,1,0,115101131,787,5,787,5,0,27,8
10,350,21.000000,10000.000000,1,0,115101134,788,5,788,5,0,27,8
10,350,21.000000,10000.000000,1,0,115101137,789,5,789,5,0,27,8
10,350,21.000000,10000.000000,1,0,115101140,790,5,790,5,0,27,8
10,350,21.000000,10000.000000,1,0,115101143,791,5,791,5,0,27,8
10,350,21.000000,10000.000000,1,0,115101145,792,5,792,5,0,27,8
10,350,21.000000,10000.000000,1,0,115101148,794,5,794,5,0,27,8
10,350,21.000000,10000.000000,1,0,115101151,794,5,794,5,0,27,8
10,350,21.000000,10000.000000,1,0,115101154,797,5,797,5,0,27,8
10,350,21.000000,10000.000000,1,0,115101157,800,5,800,5,0,27,8
10,350,21.000000,10000.000000,1,0,115101159,801,5,801,5,0,27,8
10,350,21.000000,10000.000000,1,0,115101162,804,5,804,5,0,27,8
10,350,21.000000,10000.000000,1,0,115101165,807,6,807,6,0,27,8
10,350,21.000000,10000.000000,1,0,115101168,809,6,809,6,0,27,8
10,350,21.000000,10000.000000,1,0,115101171,812,6,812,6,0,27,8
10,350,21.000000,10000.000000,1,0,115101174,814,6,814,6,0,27,8
10,350,21.000000,10000.000000,1,0,115101176,816,6,816,6,0,27,8
10,350,21.000000,10000.000000,1,0,115101179,819,6,819,6,0,27,8
10,350,21.000000,10000.000000,1,0,115101182,823,6,823,6,0,27,8
10,350,21.000000,10000.000000,1,0,115101184,827,6,827,6,0,27,8
10,350,21.000000,10000.000000,1,0,115101187,835,6,835,6,0,27,8
10,350,21.000000,10000.000000,1,0,115101190,841,6,841,6,0,27,8
10,350,21.000000,10000.000000,1,0,115101193,848,6,848,6,0,27,8
10,350,21.000000,10000.000000,1,0,115101196,855,6,855,6,0,27,8
10,350,21.000000,10000.000000,1,0,115101198,864,6,864,6,0,27,8
10,350,21.000000,10000.000000,1,0,115101201,876,6,876,6,0,27,8
10,350,21.000000,10000.000000,1,0,115101204,884,6,884,6,0,27,8
10,350,21.000000,10000.000000,1,0,115101207,893,6,893,6,0,27,8
10,350,21.000000,10000.000000,1,0,115101210,904,6,904,6,0,27,8
10,350,21.000000,10000.000000,1,0,115101212,914,6,914,6,0,27,8
10,350,21.000000,10000.000000,1,0,115101215,926,6,926,6,0,27,8
10,350,21.000000,10000.000000,1,0,115101218,936,6,936,6,0,27,8
10,350,21.000000,10000.000000,1,0,115101221,947,6,947,6,0,27,8
10,350,21.000000,10000.000000,1,0,115101224,958,6,958,6,0,27,8
10,350,21.000000,10000.000000,1,0,115101226,970,6,970,6,0,27,8
10,350,21.000000,10000.000000,1,0,115101229,980,6,980,6,0,27,8
10,350,21.000000,10000.000000,1,0,115101232,990,6,990,6,0,27,8
10,350,21.000000,10000.000000,1,0,115101234,1002,6,1002,6,0,27,8
10,350,21.000000,10000.000000,1,0,115101237,1011,6,1011,6,0,27,8
10,350,21.000000,10000.000000,1,0,115101240,1021,6,1021,6,0,27,8
10,350,21.000000,10000.000000,1,0,115101243,1032,6,1032,6,0,27,8
10,350,21.000000,10000.000000,1,0,115101246,1043,5,1043,5,0,27,8
10,350,21.000000,10000.000000,1,0,115101248,1054,5,1054,5,0,27,8
10,350,21.000000,10000.000000,1,0,115101251,1063,5,1063,5,0,27,8
10,350,21.000000,10000.000000,1,0,115101254,1074,3,1074,3,0,27,8
10,350,21.000000,10000.000000,1,0,115101257,1082,3,1082,3,0,27,8
10,350,21.000000,10000.000000,1,0,115101260,1092,3,1092,3,0,27,8
10,350,21.000000,10000.000000,1,0,115101262,1100,3,1100,3,0,27,8
10,350,21.000000,10000.000000,1,0,115101265,1110,2,1110,2,0,27,8
10,350,21.000000,10000.000000,1,0,115101268,1117,2,1117,2,0,27,8
10,350,21.000000,10000.000000,1,0,115101271,1125,2,1125,2,0,27,8
10,350,21.000000,10000.000000,1,0,115101274,1131,1,1131,1,0,27,8
10,350,21.000000,10000.000000,1,0,115101276,1137,0,1137,0,0,27,8
10,350,21.000000,10000.000000,1,0,115101279,1141,0,1141,0,0,27,8
10,350,21.000000,10000.000000,1,0,115101282,1146,0,1146,-1,0,27,8
10,350,21.000000,10000.000000,1,0,115101285,1149,0,1149,-1,0,27,8
10,350,21.000000,10000.000000,1,0,115101288,1155,0,1155,-1,0,27,8
10,350,21.000000,10000.000000,1,0,115101290,1158,0,1158,-1,0,27,8
10,350,21.000000,10000.000000,1,0,115101293,1161,0,1161,-1,0,27,8
10,350,21.000000,10000.000000,1,0,115101295,1162,0,1162,-1,0,27,8
10,350,21.000000,10000.000000,1,0,115101298,1164,0,1164,-1,0,27,8
10,350,21.000000,10000.000000,1,0,115101301,1166,0,1166,-2,0,27,8
10,350,21.000000,10000.000000,1,0,115101304,1167,0,1167,-2,0,27,8
10,350,21.000000,10000.000000,1,0,115101307,1171,0,1171,-2,0,27,8
10,350,21.000000,10000.000000,1,0,115101309,1172,0,1172,-2,0,27,8
10,350,21.000000,10000.000000,1,0,115101312,1174,0,1174,-2,0,27,8
10,350,21.000000,10000.000000,1,0,115101315,1174,0,1174,-2,0,27,8
10,350,21.000000,10000.000000,1,0,115101318,1175,0,1175,-2,0,27,8
10,350,21.000000,10000.000000,1,0,115101321,1176,0,1176,-2,0,27,8
10,350,21.000000,10000.000000,1,0,115101323,1177,0,1177,-2,0,27,8
10,350,21.000000,10000.000000,1,0,115101326,1177,0,1177,-3,0,27,8
10,350,21.000000,10000.000000,1,0,115101329,1177,0,1177,-3,0,27,8
10,350,21.000000,10000.000000,1,0,115101332,1177,0,1177,-3,0,27,8
10,350,21.000000,10000.000000,1,0,115101335,1177,0,1177,-3,0,27,8
10,350,21.000000,10000.000000,1,0,115101337,1177,0,1177,-3,0,27,8
10,350,21.000000,10000.000000,1,0,115101340,1177,0,1177,-3,0,27,8
10,350,21.000000,10000.000000,1,0,115101343,1177,0,1177,-3,0,27,8
10,350,21.000000,10000.000000,1,0,115101346,1178,0,1178,-3,0,27,8
10,350,21.000000,10000.000000,1,0,115101349,1179,0,1179,-3,0,27,8
10,350,21.000000,10000.000000,1,0,115101351,1179,0,1179,-3,0,27,8
10,350,21.000000,10000.000000,1,0,115101354,1179,0,1179,-3,0,27,8
10,350,21.000000,10000.000000,1,0,115101357,1179,0,1179,-3,0,27,8
10,350,21.000000,10000.000000,1,0,115101360,1179,0,1179,-3,0,27,8
10,350,21.000000,10000.000000,1,0,115101363,1179,0,1179,-3,0,27,8
10,350,21.000000,10000.000000,1,0,115101365,1179,0,1179,-3,0,27,8
10,350,21.000000,10000.000000,1,0,115101368,1179,0,1179,-3,0,27,8
10,350,21.000000,10000.000000,1,0,115101371,1179,0,1179,-3,0,27,8
10,350,21.000000,10000.000000,1,0,115101374,1179,0,1179,-3,0,27,8
10,350,21.000000,10000.000000,1,0,115101376,1179,0,1179,-3,0,27,8
10,350,21.000000,10000.000000,1,0,115101379,1179,0,1179,-3,0,27,8
10,350,21.000000,10000.000000,1,0,115101382,1179,0,1179,-3,0,27,8
10,350,21.000000,10000.000000,1,0,115101384,1179,0,1179,-3,0,27,8
10,350,21.000000,10000.000000,1,0,115101387,1179,0,1179,-3,0,27,8
10,350,21.000000,10000.000000,1,0,115101390,1179,0,1179,-3,0,27,8
10,350,21.000000,10000.000000,1,0,115101393,1179,0,1179,-3,0,27,8
10,350,21.000000,10000.000000,1,0,115101396,1179,0,1179,-3,0,27,8
10,350,21.000000,10000.000000,1,0,115101399,1179,0,1179,-3,0,27,8
10,350,21.000000,10000.000000,1,0,115101401,1179,0,1179,-3,0,27,8
10,350,21.000000,10000.000000,1,0,115101404,1179,0,1179,-3,0,27,8
10,350,21.000000,10000.000000,1,0,115101407,1179,0,1179,-3,0,27,8
10,350,21.000000,10000.000000,1,0,115101409,1179,0,1179,-3,0,27,8
10,350,21.000000,10000.000000,1,0,115101412,1179,0,1179,-3,0,27,8
10,350,21.000000,10000.000000,1,0,115101415,1179,0,1179,-3,0,27,8
10,350,21.000000,10000.000000,1,0,115101418,1179,0,1179,-3,0,27,8
10,350,21.000000,10000.000000,1,0,115101421,1179,0,1179,-3,0,27,8
10,350,21.000000,10000.000000,1,0,115101424,1179,0,1179,-3,0,27,8
10,350,21.000000,10000.000000,1,0,115101426,1179,0,1179,-3,0,27,8
10,350,21.000000,10000.000000,1,0,115101429,1179,0,1179,-3,0,27,8
10,350,21.000000,10000.000000,1,0,115101432,1179,0,1179,-3,0,27,8
10,350,21.000000,10000.000000,1,0,115101435,1179,0,1179,-3,0,27,8
10,350,21.000000,10000.000000,1,0,115101437,1179,0,1179,-3,0,27,8
10,350,21.000000,10000.000000,1,0,115101440,1179,0,1179,-3,0,27,8
10,350,21.000000,10000.000000,1,0,115101443,1179,0,1179,-3,0,27,8
10,350,21.000000,10000.000000,1,0,115101446,1179,0,1179,-3,0,27,8
10,350,21.000000,10000.000000,1,0,115101448,1179,0,1179,-3,0,27,8
10,350,21.000000,10000.000000,1,0,115101451,1179,0,1179,-3,0,27,8
10,350,21.000000,10000.000000,1,0,115101454,1179,0,1179,-3,0,27,8
10,350,21.000000,10000.000000,1,0,115101457,1179,0,1179,-3,0,27,8
10,350,21.000000,10000.000000,1,0,115101460,1179,0,1179,-3,0,27,8
10,350,21.000000,10000.000000,1,0,115101463,1179,0,1179,-3,0,27,8
10,350,21.000000,10000.000000,1,0,115101465,1179,0,1179,-3,0,27,8
10,350,21.000000,10000.000000,1,0,115101468,1179,0,1179,-3,0,27,8
10,350,21.000000,10000.000000,1,0,115101471,1178,0,1178,-3,0,27,8
10,350,21.000000,10000.000000,1,0,115101474,1177,0,1177,-3,0,27,8
10,350,21.000000,10000.000000,1,0,115101476,1176,0,1176,-3,0,27,8
10,350,21.000000,10000.000000,1,0,115101479,1176,0,1176,-3,0,27,8
10,350,21.000000,10000.000000,1,0,115101482,1175,0,1175,-3,0,27,8
10,350,21.000000,10000.000000,1,0,115101485,1174,0,1174,-3,0,27,8
10,350,21.000000,10000.000000,1,0,115101488,1173,0,1173,-3,0,27,8
10,350,21.000000,10000.000000,1,0,115101491,1171,0,1171,-3,0,27,8
10,350,21.000000,10000.000000,1,0,115101493,1170,0,1170,-3,0,27,8
10,350,21.000000,10000.000000,1,0,115101496,1169,0,1169,-3,0,27,8
10,350,21.000000,10000.000000,1,0,115101499,1167,0,1167,-3,0,27,8
10,350,21.000000,10000.000000,1,0,115101501,1165,0,1165,-3,0,27,8
10,350,21.000000,10000.000000,1,0,115101504,1165,0,1165,-3,0,27,8
10,350,21.000000,10000.000000,1,0,115101507,1164,0,1164,-3,0,27,8
10,350,21.000000,10000.000000,1,0,115101510,1162,0,1162,-3,0,27,8
10,350,21.000000,10000.000000,1,0,115101513,1160,0,1160,-3,0,27,8
10,350,21.000000,10000.000000,1,0,115101515,1159,0,1159,-3,0,27,8
10,350,21.000000,10000.000000,1,0,115101518,1158,0,1158,-3,0,27,8
10,350,21.000000,10000.000000,1,0,115101521,1157,0,1157,-3,0,27,8
10,350,21.000000,10000.000000,1,0,115101524,1156,0,1156,-3,0,27,8
10,350,21.000000,10000.000000,1,0,115101527,1155,0,1155,-3,0,27,8
10,350,21.000000,10000.000000,1,0,115101529,1154,0,1154,-3,0,27,8
10,350,21.000000,10000.000000,1,0,115101532,1154,0,1154,-3,0,27,8
10,350,21.000000,10000.000000,1,0,115101534,1153,0,1153,-3,0,27,8
10,350,21.000000,10000.000000,1,0,115101537,1152,0,1152,-3,0,27,8
10,350,21.000000,10000.000000,1,0,115101540,1151,0,1151,-3,0,27,8
10,350,21.000000,10000.000000,1,0,115101543,1151,0,1151,-3,0,27,8
10,350,21.000000,10000.000000,1,0,115101546,1150,0,1150,-3,0,27,8
10,350,21.000000,10000.000000,1,0,115101549,1149,0,1149,-3,0,27,8
10,350,21.000000,10000.000000,1,0,115101552,1148,0,1148,-3,0,27,8
10,350,21.000000,10000.000000,1,0,115101554,1147,0,1147,-3,0,27,8
10,350,21.000000,10000.000000,1,0,115101557,1146,0,1146,-3,0,27,8
10,350,21.000000,10000.000000,1,0,115101560,1146,0,1146,-3,0,27,8
10,350,21.000000,10000.000000,1,0,115101563,1146,0,1146,-3,0,27,8
10,350,21.000000,10000.000000,1,0,115101565,1146,0,1146,-3,0,27,8
10,350,21.000000,10000.000000,1,0,115101568,1146,0,1146,-3,0,27,8
10,350,21.000000,10000.000000,1,0,115101571,1146,0,1146,-3,0,27,8
10,350,21.000000,10000.000000,1,0,115101573,1146,0,1146,-3,0,27,8
10,350,21.000000,10000.000000,1,0,115101576,1146,0,1146,-3,0,27,8
10,350,21.000000,10000.000000,1,0,115101579,1146,0,1146,-3,0,27,8
10,350,21.000000,10000.000000,1,0,115101582,1146,0,1146,-3,0,27,8
10,350,21.000000,10000.000000,1,0,115101585,1145,0,1145,-3,0,27,8
10,350,21.000000,10000.000000,1,0,115101587,1144,0,1144,-3,0,27,8
10,350,21.000000,10000.000000,1,0,115101590,1144,0,1144,-3,0,27,8
10,350,21.000000,10000.000000,1,0,115101593,1144,0,1144,-3,0,27,8
10,350,21.000000,10000.000000,1,0,115101596,1144,0,1144,-3,0,27,8
10,350,21.000000,10000.000000,1,0,115101599,1143,0,1143,-3,0,27,8
10,350,21.000000,10000.000000,1,0,115101602,1143,0,1143,-3,0,27,8
10,350,21.000000,10000.000000,1,0,115101604,1143,0,1143,-3,0,27,8
10,350,21.000000,10000.000000,1,0,115101607,1143,0,1143,-3,0,27,8
10,350,21.000000,10000.000000,1,0,115101610,1143,0,1143,-3,0,27,8
10,350,21.000000,10000.000000,1,0,115101612,1143,0,1143,-3,0,27,8
10,350,21.000000,10000.000000,1,0,115101616,1143,0,1143,-3,0,27,8
10,350,21.000000,10000.000000,1,0,115101618,1143,0,1143,-3,0,27,8
10,350,21.000000,10000.000000,1,0,115101621,1143,0,1143,-3,0,27,8
10,350,21.000000,10000.000000,1,0,115101624,1143,0,1143,-3,0,27,8
10,350,21.000000,10000.000000,1,0,115101627,1143,0,1143,-3,0,27,8
10,350,21.000000,10000.000000,1,0,115101629,1143,0,1143,-3,0,27,8
10,350,21.000000,10000.000000,1,0,115101632,1143,0,1143,-3,0,27,8
10,350,21.000000,10000.000000,1,0,115101635,1143,0,1143,-3,0,27,8
10,350,21.000000,10000.000000,1,0,115101638,1143,0,1143,-3,0,27,8
10,350,21.000000,10000.000000,1,0,115101640,1143,0,1143,-3,0,27,8
10,350,21.000000,10000.000000,1,0,115101643,1143,0,1143,-3,0,27,8
10,350,21.000000,10000.000000,1,0,115101646,1143,0,1143,-3,0,27,8
10,350,21.000000,10000.000000,1,0,115101649,1143,0,1143,-3,0,27,8
10,350,21.000000,10000.000000,1,0,115101652,1143,0,1143,-3,0,27,8
10,350,21.000000,10000.000000,1,0,115101654,1143,0,1143,-3,0,27,8
10,350,21.000000,10000.000000,1,0,115101657,1143,0,1143,-3,0,27,8
10,350,21.000000,10000.000000,1,0,115101660,1143,0,1143,-3,0,27,8
10,350,21.000000,10000.000000,1,0,115101663,1143,0,1143,-3,0,27,8
10,350,21.000000,10000.000000,1,0,115101665,1143,0,1143,-3,0,27,8
10,350,21.000000,10000.000000,1,0,115101668,1143,0,1143,-3,0,27,8
10,350,21.000000,10000.000000,1,0,115101671,1143,0,1143,-3,0,27,8
10,350,21.000000,10000.000000,1,0,115101673,1143,0,1143,-3,0,27,8
10,350,21.000000,10000.000000,1,0,115101676,1143,0,1143,-3,0,27,8
10,350,21.000000,10000.000000,1,0,115101679,1143,0,1143,-3,0,27,8
10,350,21.000000,10000.000000,1,0,115101682,1143,0,1143,-3,0,27,8
10,350,21.000000,10000.000000,1,0,115101685,1143,0,1143,-3,0,27,8
10,350,21.000000,10000.000000,1,0,115101687,1143,0,1143,-3,0,27,8
10,350,21.000000,10000.000000,1,0,115101690,1143,0,1143,-3,0,27,8
10,350,21.000000,10000.000000,1,0,115101693,1143,0,1143,-3,0,27,8
10,350,21.000000,10000.000000,1,0,115101696,1143,0,1143,-3,0,27,8
10,350,21.000000,10000.000000,1,0,115101698,1143,0,1143,-3,0,27,8
10,350,21.000000,10000.000000,1,0,115101701,1143,0,1143,-3,0,27,8
10,350,21.000000,10000.000000,1,0,115101704,1143,0,1143,-3,0,27,8
10,350,21.000000,10000.000000,1,0,115101707,1143,0,1143,-3,0,27,8
10,350,21.000000,10000.000000,1,0,115101710,1143,0,1143,-3,0,27,8
10,350,21.000000,10000.000000,1,0,115101712,1143,0,1143,-3,0,27,8
10,350,21.000000,10000.000000,1,0,115101715,1143,0,1143,-3,0,27,8
10,350,21.000000,10000.000000,1,0,115101718,1143,0,1143,-3,0,27,8
10,350,21.000000,10000.000000,1,0,115101721,1143,0,1143,-3,0,27,8
10,350,21.000000,10000.000000,1,0,115101723,1143,0,1143,-3,0,27,8
10,350,21.000000,10000.000000,1,0,115101727,1143,0,1143,-3,0,27,8
10,350,21.000000,10000.000000,1,0,115101729,1143,0,1143,-3,0,27,8
10,350,21.000000,10000.000000,1,0,115101732,1143,0,1143,-3,0,27,8
10,350,21.000000,10000.000000,1,0,115101744,1143,0,1143,-3,0,27,8
