10,700,80.500000,10000.000000,1,0,115204723,646,1,646,1,0,33,10
10,700,80.500000,10000.000000,1,0,115204724,646,1,646,1,0,33,10
10,700,80.500000,10000.000000,1,0,115204727,646,1,646,1,0,33,10
10,700,80.500000,10000.000000,1,0,115204730,646,1,646,1,0,33,10
10,700,80.500000,10000.000000,1,0,115204732,646,1,646,1,0,33,10
10,700,80.500000,10000.000000,1,0,115204735,646,1,646,1,0,33,10
10,700,80.500000,10000.000000,1,0,115204738,646,1,646,1,0,33,10
10,700,80.500000,10000.000000,1,0,115204741,646,1,646,1,0,33,10
10,700,80.500000,10000.000000,1,0,115204743,646,1,646,1,0,33,10
10,700,80.500000,10000.000000,1,0,115204746,646,1,646,1,0,33,10
10,700,80.500000,10000.000000,1,0,115204749,646,1,646,1,0,33,10
10,700,80.500000,10000.000000,1,0,115204752,646,1,646,1,0,33,10
10,700,80.500000,10000.000000,1,0,115204754,646,1,646,1,0,33,10
10,700,80.500000,10000.000000,1,0,115204757,646,1,646,1,0,33,10
10,700,80.500000,10000.000000,1,0,115204760,646,1,646,1,0,33,10
10,700,80.500000,10000.000000,1,0,115204763,646,1,646,1,0,33,10
10,700,80.500000,10000.000000,1,0,115204766,646,1,646,1,0,33,10
10,700,80.500000,10000.000000,1,0,115204768,646,1,646,1,0,33,10
10,700,80.500000,10000.000000,1,0,115204771,646,1,646,1,0,33,10
10,700,80.500000,10000.000000,1,0,115204774,646,1,646,1,0,33,10
10,700,80.500000,10000.000000,1,0,115204777,646,1,646,1,0,33,10
10,700,80.500000,10000.000000,1,0,115204780,646,1,646,1,0,33,10
10,700,80.500000,10000.000000,1,0,115204782,646,1,646,1,0,33,10
10,700,80.500000,10000.000000,1,0,115204785,646,1,646,1,0,33,10
10,700,80.500000,10000.000000,1,0,115204788,646,1,646,1,0,33,10
10,700,80.500000,10000.000000,1,0,115204791,647,1,647,1,0,33,10
10,700,80.500000,10000.000000,1,0,115204793,648,1,648,1,0,33,10
10,700,80.500000,10000.000000,1,0,115204796,649,1,649,1,0,33,10
10,700,80.500000,10000.000000,1,0,115204799,650,1,650,1,0,33,10
10,700,80.500000,10000.000000,1,0,115204802,652,1,652,1,0,33,10
10,700,80.500000,10000.000000,1,0,115204805,653,1,653,1,0,33,10
10,700,80.500000,10000.000000,1,0,115204807,654,1,654,1,0,33,10
10,700,80.500000,10000.000000,1,0,115204810,657,1,657,1,0,33,10
10,700,80.500000,10000.000000,1,0,115204813,658,1,658,1,0,33,10
10,700,80.500000,10000.000000,1,0,115204816,660,1,660,1,0,33,10
10,700,80.500000,10000.000000,1,0,115204818,663,1,663,1,0,33,10
10,700,80.500000,10000.000000,1,0,115204821,665,1,665,1,0,33,10
10,700,80.500000,10000.000000,1,0,115204824,670,1,670,1,0,33,10
10,700,80.500000,10000.000000,1,0,115204827,673,1,673,1,0,33,10
10,700,80.500000,10000.000000,1,0,115204830,677,0,677,0,0,33,10
10,700,80.500000,10000.000000,1,0,115204833,682,0,682,-1,0,33,10
10,700,80.500000,10000.000000,1,0,115204835,688,0,688,-1,0,33,10
10,700,80.500000,10000.000000,1,0,115204838,700,0,700,-3,0,33,10
10,700,80.500000,10000.000000,1,0,115204841,707,0,707,-5,0,33,10
10,700,80.500000,10000.000000,1,0,115204843,714,0,714,-6,0,33,10
10,700,80.500000,10000.000000,1,0,115204846,722,0,722,-7,0,33,10
10,700,80.500000,10000.000000,1,0,115204849,733,0,733,-7,0,33,10
10,700,80.500000,10000.000000,1,0,115204852,739,0,739,-9,0,33,10
10,700,80.500000,10000.000000,1,0,115204855,750,0,750,-9,0,33,10
10,700,80.500000,10000.000000,1,0,115204857,759,0,759,-12,0,33,10
10,700,80.500000,10000.000000,1,0,115204860,771,0,771,-12,0,33,10
10,700,80.500000,10000.000000,1,0,115204863,781,0,781,-14,0,33,10
10,700,80.500000,10000.000000,1,0,115204866,790,0,790,-15,0,33,10
10,700,80.500000,10000.000000,1,0,115204868,802,0,802,-15,0,33,10
10,700,80.500000,10000.000000,1,0,115204871,813,0,813,-16,0,33,10
10,700,80.500000,10000.000000,1,0,115204874,824,0,824,-16,0,33,10
10,700,80.500000,10000.000000,1,0,115204877,836,0,836,-20,0,33,10
10,700,80.500000,10000.000000,1,0,115204879,847,0,847,-20,0,33,10
10,700,80.500000,10000.000000,1,0,115204883,858,0,858,-23,0,33,10
10,700,80.500000,10000.000000,1,0,115204885,869,0,869,-23,0,33,10
10,700,80.500000,10000.000000,1,0,115204888,887,0,887,-23,0,33,10
10,700,80.500000,10000.000000,1,0,115204891,897,0,897,-24,0,33,10
10,700,80.500000,10000.000000,1,0,115204894,908,0,908,-25,0,33,10
10,700,80.500000,10000.000000,1,0,115204896,922,0,922,-26,0,33,10
10,700,80.500000,10000.000000,1,0,115204899,934,0,934,-27,0,33,10
10,700,80.500000,10000.000000,1,0,115204902,958,0,958,-30,0,33,10
10,700,80.500000,10000.000000,1,0,115204904,973,0,973,-32,0,33,10
10,700,80.500000,10000.000000,1,0,115204908,988,0,988,-32,0,33,10
10,700,80.500000,10000.000000,1,0,115204910,998,0,998,-32,0,33,10
10,700,80.500000,10000.000000,1,0,115204913,1012,0,1012,-35,0,33,10
10,700,80.500000,10000.000000,1,0,115204916,1022,0,1022,-36,0,33,10
10,700,80.500000,10000.000000,1,0,115204919,1034,0,1034,-37,0,33,10
10,700,80.500000,10000.000000,1,0,115204922,1044,0,1044,-39,0,33,10
10,700,80.500000,10000.000000,1,0,115204924,1053,0,1053,-39,0,33,10
10,700,80.500000,10000.000000,1,0,115204927,1064,0,1064,-40,0,33,10
10,700,80.500000,10000.000000,1,0,115204930,1072,0,1072,-42,0,33,10
10,700,80.500000,10000.000000,1,0,115204932,1083,0,1083,-42,0,33,10
10,700,80.500000,10000.000000,1,0,115204935,1093,0,1093,-43,0,33,10
10,700,80.500000,10000.000000,1,0,115204938,1102,0,1102,-43,0,33,10
10,700,80.500000,10000.000000,1,0,115204941,1110,0,1110,-45,0,33,10
10,700,80.500000,10000.000000,1,0,115204943,1118,0,1118,-45,0,33,10
10,700,80.500000,10000.000000,1,0,115204946,1126,0,1126,-45,0,33,10
10,700,80.500000,10000.000000,1,0,115204949,1132,0,1132,-46,0,33,10
10,700,80.500000,10000.000000,1,0,115204952,1136,0,1136,-46,0,33,10
10,700,80.500000,10000.000000,1,0,115204955,1143,0,1143,-47,0,33,10
10,700,80.500000,10000.000000,1,0,115204957,1148,0,1148,-48,0,33,10
10,700,80.500000,10000.000000,1,0,115204960,1155,0,1155,-48,0,33,10
10,700,80.500000,10000.000000,1,0,115204963,1160,0,1160,-48,0,33,10
10,700,80.500000,10000.000000,1,0,115204966,1165,0,1165,-49,0,33,10
10,700,80.500000,10000.000000,1,0,115204969,1169,0,1169,-49,0,33,10
10,700,80.500000,10000.000000,1,0,115204971,1172,0,1172,-49,0,33,10
10,700,80.500000,10000.000000,1,0,115204974,1176,0,1176,-50,0,33,10
10,700,80.500000,10000.000000,1,0,115204977,1178,0,1178,-50,0,33,10
10,700,80.500000,10000.000000,1,0,115204980,1181,0,1181,-51,0,33,10
10,700,80.500000,10000.000000,1,0,115204982,1183,0,1183,-51,0,33,10
10,700,80.500000,10000.000000,1,0,115204985,1185,0,1185,-51,0,33,10
10,700,80.500000,10000.000000,1,0,115204988,1187,0,1187,-51,0,33,10
10,700,80.500000,10000.000000,1,0,115204991,1189,0,1189,-51,0,33,10
10,700,80.500000,10000.000000,1,0,115204994,1191,0,1191,-51,0,33,10
10,700,80.500000,10000.000000,1,0,115204996,1196,0,1196,-51,0,33,10
10,700,80.500000,10000.000000,1,0,115204999,1198,0,1198,-51,0,33,10
10,700,80.500000,10000.000000,1,0,115205002,1200,0,1200,-51,0,33,10
10,700,80.500000,10000.000000,1,0,115205005,1203,0,1203,-51,0,33,10
10,700,80.500000,10000.000000,1,0,115205008,1205,0,1205,-51,0,33,10
10,700,80.500000,10000.000000,1,0,115205010,1205,0,1205,-52,0,33,10
10,700,80.500000,10000.000000,1,0,115205013,1206,0,1206,-52,0,33,10
10,700,80.500000,10000.000000,1,0,115205016,1207,0,1207,-52,0,33,10
10,700,80.500000,10000.000000,1,0,115205019,1208,0,1208,-52,0,33,10
10,700,80.500000,10000.000000,1,0,115205021,1209,0,1209,-52,0,33,10
10,700,80.500000,10000.000000,1,0,115205024,1209,0,1209,-52,0,33,10
10,700,80.500000,10000.000000,1,0,115205027,1209,0,1209,-52,0,33,10
10,700,80.500000,10000.000000,1,0,115205029,1210,0,1210,-52,0,33,10
10,700,80.500000,10000.000000,1,0,115205032,1211,0,1211,-52,0,33,10
10,700,80.500000,10000.000000,1,0,115205035,1211,0,1211,-52,0,33,10
10,700,80.500000,10000.000000,1,0,115205038,1211,0,1211,-52,0,33,10
10,700,80.500000,10000.000000,1,0,115205041,1211,0,1211,-52,0,33,10
10,700,80.500000,10000.000000,1,0,115205044,1211,0,1211,-52,0,33,10
10,700,80.500000,10000.000000,1,0,115205047,1211,0,1211,-52,0,33,10
10,700,80.500000,10000.000000,1,0,115205049,1211,0,1211,-52,0,33,10
10,700,80.500000,10000.000000,1,0,115205052,1211,0,1211,-52,0,33,10
10,700,80.500000,10000.000000,1,0,115205055,1211,0,1211,-52,0,33,10
10,700,80.500000,10000.000000,1,0,115205058,1211,0,1211,-52,0,33,10
10,700,80.500000,10000.000000,1,0,115205060,1211,0,1211,-52,0,33,10
10,700,80.500000,10000.000000,1,0,115205063,1211,0,1211,-52,0,33,10
10,700,80.500000,10000.000000,1,0,115205066,1211,0,1211,-52,0,33,10
10,700,80.500000,10000.000000,1,0,115205068,1211,0,1211,-52,0,33,10
10,700,80.500000,10000.000000,1,0,115205071,1211,0,1211,-52,0,33,10
10,700,80.500000,10000.000000,1,0,115205074,1211,0,1211,-52,0,33,10
10,700,80.500000,10000.000000,1,0,115205077,1211,0,1211,-52,0,33,10
10,700,80.500000,10000.000000,1,0,115205080,1211,0,1211,-52,0,33,10
10,700,80.500000,10000.000000,1,0,115205082,1212,0,1212,-52,0,33,10
10,700,80.500000,10000.000000,1,0,115205085,1212,0,1212,-52,0,33,10
10,700,80.500000,10000.000000,1,0,115205088,1212,0,1212,-53,0,33,10
10,700,80.500000,10000.000000,1,0,115205091,1213,0,1213,-53,0,33,10
10,700,80.500000,10000.000000,1,0,115205094,1214,0,1214,-53,0,33,10
10,700,80.500000,10000.000000,1,0,115205097,1214,0,1214,-53,0,33,10
10,700,80.500000,10000.000000,1,0,115205099,1216,0,1216,-53,0,33,10
10,700,80.500000,10000.000000,1,0,115205102,1218,0,1218,-53,0,33,10
10,700,80.500000,10000.000000,1,0,115205105,1220,0,1220,-53,0,33,10
10,700,80.500000,10000.000000,1,0,115205107,1221,0,1221,-54,0,33,10
10,700,80.500000,10000.000000,1,0,115205110,1223,0,1223,-54,0,33,10
10,700,80.500000,10000.000000,1,0,115205113,1225,0,1225,-55,0,33,10
10,700,80.500000,10000.000000,1,0,115205116,1225,0,1225,-55,0,33,10
10,700,80.500000,10000.000000,1,0,115205119,1227,0,1227,-55,0,33,10
10,700,80.500000,10000.000000,1,0,115205121,1229,0,1229,-55,0,33,10
10,700,80.500000,10000.000000,1,0,115205124,1234,0,1234,-55,0,33,10
10,700,80.500000,10000.000000,1,0,115205127,1237,0,1237,-55,0,33,10
10,700,80.500000,10000.000000,1,0,115205130,1239,0,1239,-55,0,33,10
10,700,80.500000,10000.000000,1,0,115205133,1240,0,1240,-55,0,33,10
10,700,80.500000,10000.000000,1,0,115205135,1243,0,1243,-55,0,33,10
10,700,80.500000,10000.000000,1,0,115205138,1246,0,1246,-56,0,33,10
10,700,80.500000,10000.000000,1,0,115205141,1248,0,1248,-56,0,33,10
10,700,80.500000,10000.000000,1,0,115205144,1251,0,1251,-56,0,33,10
10,700,80.500000,10000.000000,1,0,115205147,1253,0,1253,-56,0,33,10
10,700,80.500000,10000.000000,1,0,115205149,1256,0,1256,-56,0,33,10
10,700,80.500000,10000.000000,1,0,115205152,1260,0,1260,-56,0,33,10
10,700,80.500000,10000.000000,1,0,115205155,1262,0,1262,-57,0,33,10
10,700,80.500000,10000.000000,1,0,115205157,1265,0,1265,-57,0,33,10
10,700,80.500000,10000.000000,1,0,115205160,1266,0,1266,-57,0,33,10
10,700,80.500000,10000.000000,1,0,115205163,1267,0,1267,-58,0,33,10
10,700,80.500000,10000.000000,1,0,115205166,1268,0,1268,-58,0,33,10
10,700,80.500000,10000.000000,1,0,115205169,1269,0,1269,-58,0,33,10
10,700,80.500000,10000.000000,1,0,115205171,1269,0,1269,-58,0,33,10
10,700,80.500000,10000.000000,1,0,115205174,1269,0,1269,-58,0,33,10
10,700,80.500000,10000.000000,1,0,115205177,1269,0,1269,-58,0,33,10
10,700,80.500000,10000.000000,1,0,115205180,1269,0,1269,-58,0,33,10
10,700,80.500000,10000.000000,1,0,115205183,1269,0,1269,-58,0,33,10
10,700,80.500000,10000.000000,1,0,115205186,1269,0,1269,-58,0,33,10
10,700,80.500000,10000.000000,1,0,115205188,1269,0,1269,-58,0,33,10
10,700,80.500000,10000.000000,1,0,115205191,1269,0,1269,-58,0,33,10
10,700,80.500000,10000.000000,1,0,115205194,1269,0,1269,-58,0,33,10
10,700,80.500000,10000.000000,1,0,115205197,1269,0,1269,-58,0,33,10
10,700,80.500000,10000.000000,1,0,115205199,1269,0,1269,-58,0,33,10
10,700,80.500000,10000.000000,1,0,115205202,1269,0,1269,-58,0,33,10
10,700,80.500000,10000.000000,1,0,115205205,1269,0,1269,-58,0,33,10
10,700,80.500000,10000.000000,1,0,115205208,1269,0,1269,-58,0,33,10
10,700,80.500000,10000.000000,1,0,115205211,1269,0,1269,-58,0,33,10
10,700,80.500000,10000.000000,1,0,115205213,1269,0,1269,-58,0,33,10
10,700,80.500000,10000.000000,1,0,115205216,1269,0,1269,-58,0,33,10
10,700,80.500000,10000.000000,1,0,115205219,1269,0,1269,-58,0,33,10
10,700,80.500000,10000.000000,1,0,115205221,1269,0,1269,-58,0,33,10
10,700,80.500000,10000.000000,1,0,115205224,1269,0,1269,-58,0,33,10
10,700,80.500000,10000.000000,1,0,115205227,1269,0,1269,-58,0,33,10
10,700,80.500000,10000.000000,1,0,115205230,1269,0,1269,-58,0,33,10
10,700,80.500000,10000.000000,1,0,115205233,1269,0,1269,-58,0,33,10
10,700,80.500000,10000.000000,1,0,115205235,1269,0,1269,-58,0,33,10
10,700,80.500000,10000.000000,1,0,115205238,1269,0,1269,-58,0,33,10
10,700,80.500000,10000.000000,1,0,115205241,1269,0,1269,-58,0,33,10
10,700,80.500000,10000.000000,1,0,115205244,1269,0,1269,-58,0,33,10
10,700,80.500000,10000.000000,1,0,115205246,1269,0,1269,-58,0,33,10
10,700,80.500000,10000.000000,1,0,115205249,1269,0,1269,-58,0,33,10
10,700,80.500000,10000.000000,1,0,115205252,1269,0,1269,-58,0,33,10
10,700,80.500000,10000.000000,1,0,115205255,1269,0,1269,-58,0,33,10
10,700,80.500000,10000.000000,1,0,115205258,1269,0,1269,-58,0,33,10
10,700,80.500000,10000.000000,1,0,115205261,1269,0,1269,-58,0,33,10
10,700,80.500000,10000.000000,1,0,115205263,1269,0,1269,-58,0,33,10
10,700,80.500000,10000.000000,1,0,115205266,1269,0,1269,-58,0,33,10
10,700,80.500000,10000.000000,1,0,115205269,1269,0,1269,-58,0,33,10
10,700,80.500000,10000.000000,1,0,115205272,1269,0,1269,-58,0,33,10
10,700,80.500000,10000.000000,1,0,115205274,1269,0,1269,-58,0,33,10
10,700,80.500000,10000.000000,1,0,115205277,1269,0,1269,-58,0,33,10
10,700,80.500000,10000.000000,1,0,115205280,1269,0,1269,-58,0,33,10
10,700,80.500000,10000.000000,1,0,115205283,1269,0,1269,-58,0,33,10
10,700,80.500000,10000.000000,1,0,115205286,1269,0,1269,-58,0,33,10
10,700,80.500000,10000.000000,1,0,115205288,1269,0,1269,-58,0,33,10
10,700,80.500000,10000.000000,1,0,115205291,1269,0,1269,-58,0,33,10
10,700,80.500000,10000.000000,1,0,115205303,1269,0,1269,-58,1,33,10
