10,350,21.000000,10000.000000,1,2,1589739,788,9,788,9,0,59,0,1
10,350,21.000000,10000.000000,1,2,1589740,788,9,788,9,0,59,0,1
10,350,21.000000,10000.000000,1,2,1589743,788,9,788,9,0,59,0,1
10,350,21.000000,10000.000000,1,2,1589745,788,9,788,9,0,59,0,1
10,350,21.000000,10000.000000,1,2,1589748,788,9,788,9,0,59,0,1
10,350,21.000000,10000.000000,1,2,1589751,788,9,788,9,0,59,0,1
10,350,21.000000,10000.000000,1,2,1589754,788,9,788,9,0,59,0,1
10,350,21.000000,10000.000000,1,2,1589757,788,9,788,9,0,59,0,1
10,350,21.000000,10000.000000,1,2,1589759,788,9,788,9,0,59,0,1
10,350,21.000000,10000.000000,1,2,1589762,788,9,788,9,0,59,0,1
10,350,21.000000,10000.000000,1,2,1589765,788,9,788,9,0,59,0,1
10,350,21.000000,10000.000000,1,2,1589768,788,9,788,9,0,59,0,1
10,350,21.000000,10000.000000,1,2,1589770,788,9,788,9,0,59,0,1
10,350,21.000000,10000.000000,1,2,1589773,788,9,788,9,0,59,0,1
10,350,21.000000,10000.000000,1,2,1589776,788,9,788,9,0,59,0,1
10,350,21.000000,10000.000000,1,2,1589779,788,9,788,9,0,59,0,1
10,350,21.000000,10000.000000,1,2,1589782,788,9,788,9,0,59,0,1
10,350,21.000000,10000.000000,1,2,1589784,788,9,788,9,0,59,0,1
10,350,21.000000,10000.000000,1,2,1589787,788,9,788,9,0,59,0,1
10,350,21.000000,10000.000000,1,2,1589790,789,9,789,9,0,59,0,1
10,350,21.000000,10000.000000,1,2,1589793,789,9,789,9,0,59,0,1
10,350,21.000000,10000.000000,1,2,1589795,789,9,789,9,0,59,0,1
10,350,21.000000,10000.000000,1,2,1589798,789,9,789,9,0,59,0,1
10,350,21.000000,10000.000000,1,2,1589801,789,9,789,9,0,59,0,1
10,350,21.000000,10000.000000,1,2,1589804,789,9,789,9,0,59,0,1
10,350,21.000000,10000.000000,1,2,1589807,789,9,789,9,0,59,0,1
10,350,21.000000,10000.000000,1,2,1589809,789,9,789,9,0,59,0,1
10,350,21.000000,10000.000000,1,2,1589812,789,9,789,9,0,59,0,1
10,350,21.000000,10000.000000,1,2,1589815,789,9,789,9,0,59,0,1
10,350,21.000000,10000.000000,1,2,1589818,789,9,789,9,0,59,0,1
10,350,21.000000,10000.000000,1,2,1589820,789,9,789,9,0,59,0,1
10,350,21.000000,10000.000000,1,2,1589823,789,9,789,9,0,59,0,1
10,350,21.000000,10000.000000,1,2,1589826,789,9,789,9,0,59,0,1
10,350,21.000000,10000.000000,1,2,1589829,789,9,789,9,0,59,0,1
10,350,21.000000,10000.000000,1,2,1589832,789,10,789,10,0,59,0,1
10,350,21.000000,10000.000000,1,2,1589834,789,11,789,11,0,59,0,1
10,350,21.000000,10000.000000,1,2,1589837,790,11,790,11,0,59,0,1
10,350,21.000000,10000.000000,1,2,1589840,790,11,790,11,0,59,0,1
10,350,21.000000,10000.000000,1,2,1589843,791,11,791,11,0,59,0,1
10,350,21.000000,10000.000000,1,2,1589845,792,11,792,11,0,59,0,1
10,350,21.000000,10000.000000,1,2,1589848,793,12,793,12,0,59,0,1
10,350,21.000000,10000.000000,1,2,1589851,794,12,794,12,0,59,0,1
10,350,21.000000,10000.000000,1,2,1589854,796,12,796,12,0,59,0,1
10,350,21.000000,10000.000000,1,2,1589857,797,12,797,12,0,59,0,1
10,350,21.000000,10000.000000,1,2,1589859,798,13,798,13,0,59,0,1
10,350,21.000000,10000.000000,1,2,1589862,800,13,800,13,0,59,0,1
10,350,21.000000,10000.000000,1,2,1589865,802,13,802,13,0,59,0,1
10,350,21.000000,10000.000000,1,2,1589868,804,13,804,13,0,59,0,1
10,350,21.000000,10000.000000,1,2,1589870,807,13,807,13,0,59,0,1
10,350,21.000000,10000.000000,1,2,1589873,810,13,810,13,0,59,0,1
10,350,21.000000,10000.000000,1,2,1589876,812,13,812,13,0,59,0,1
10,350,21.000000,10000.000000,1,2,1589879,816,13,816,13,0,59,0,1
10,350,21.000000,10000.000000,1,2,1589882,820,14,820,14,0,59,0,1
10,350,21.000000,10000.000000,1,2,1589884,825,14,825,14,0,59,0,1
10,350,21.000000,10000.000000,1,2,1589887,829,14,829,14,0,59,0,1
10,350,21.000000,10000.000000,1,2,1589890,835,14,835,14,0,59,0,1
10,350,21.000000,10000.000000,1,2,1589893,841,14,841,14,0,59,0,1
10,350,21.000000,10000.000000,1,2,1589895,847,14,847,14,0,59,0,1
10,350,21.000000,10000.000000,1,2,1589898,851,14,851,14,0,59,0,1
10,350,21.000000,10000.000000,1,2,1589901,857,14,857,14,0,59,0,1
10,350,21.000000,10000.000000,1,2,1589904,864,14,864,14,0,59,0,1
10,350,21.000000,10000.000000,1,2,1589907,872,14,872,14,0,59,0,1
10,350,21.000000,10000.000000,1,2,1589909,876,14,876,14,0,59,0,1
10,350,21.000000,10000.000000,1,2,1589912,882,14,882,14,0,59,0,1
10,350,21.000000,10000.000000,1,2,1589915,890,14,890,14,0,59,0,1
10,350,21.000000,10000.000000,1,2,1589918,897,14,897,14,0,59,0,1
10,350,21.000000,10000.000000,1,2,1589920,903,14,903,14,0,59,0,1
10,350,21.000000,10000.000000,1,2,1589923,913,13,913,13,0,59,0,1
10,350,21.000000,10000.000000,1,2,1589926,920,13,920,13,0,59,0,1
10,350,21.000000,10000.000000,1,2,1589929,928,12,928,12,0,59,0,1
10,350,21.000000,10000.000000,1,2,1589931,935,11,935,11,0,59,0,1
10,350,21.000000,10000.000000,1,2,1589934,941,10,941,10,0,59,0,1
10,350,21.000000,10000.000000,1,2,1589937,948,10,948,10,0,59,0,1
10,350,21.000000,10000.000000,1,2,1589940,953,9,953,9,0,59,0,1
10,350,21.000000,10000.000000,1,2,1589943,960,9,960,9,0,59,0,1
10,350,21.000000,10000.000000,1,2,1589945,971,9,971,9,0,59,0,1
10,350,21.000000,10000.000000,1,2,1589948,977,8,977,8,0,59,0,1
10,350,21.000000,10000.000000,1,2,1589951,982,7,982,7,0,59,0,1
10,350,21.000000,10000.000000,1,2,1589954,987,7,987,7,0,59,0,1
10,350,21.000000,10000.000000,1,2,1589957,993,6,993,6,0,59,0,1
10,350,21.000000,10000.000000,1,2,1589959,996,6,996,6,0,59,0,1
10,350,21.000000,10000.000000,1,2,1589962,1001,5,1001,5,0,59,0,1
10,350,21.000000,10000.000000,1,2,1589965,1007,5,1007,5,0,59,0,1
10,350,21.000000,10000.000000,1,2,1589968,1011,4,1011,4,0,59,0,1
10,350,21.000000,10000.000000,1,2,1589971,1015,4,1015,4,0,59,0,1
10,350,21.000000,10000.000000,1,2,1589974,1019,3,1019,3,0,59,0,1
10,350,21.000000,10000.000000,1,2,1589977,1022,3,1022,3,0,59,0,1
10,350,21.000000,10000.000000,1,2,1589980,1030,3,1030,3,0,59,0,1
10,350,21.000000,10000.000000,1,2,1589982,1034,2,1034,2,0,59,0,1
10,350,21.000000,10000.000000,1,2,1589985,1036,2,1036,2,0,59,0,1
10,350,21.000000,10000.000000,1,2,1589988,1038,1,1038,1,0,59,0,1
10,350,21.000000,10000.000000,1,2,1589990,1039,1,1039,1,0,59,0,1
10,350,21.000000,10000.000000,1,2,1589993,1041,1,1041,1,0,59,0,1
10,350,21.000000,10000.000000,1,2,1589996,1043,1,1043,1,0,59,0,1
10,350,21.000000,10000.000000,1,2,1589998,1045,1,1045,1,0,59,0,1
10,350,21.000000,10000.000000,1,2,1590001,1047,1,1047,1,0,59,0,1
10,350,21.000000,10000.000000,1,2,1590004,1049,1,1049,1,0,59,0,1
10,350,21.000000,10000.000000,1,2,1590007,1051,1,1051,1,0,59,0,1
10,350,21.000000,10000.000000,1,2,1590009,1052,1,1052,1,0,59,0,1
10,350,21.000000,10000.000000,1,2,1590012,1054,1,1054,1,0,59,0,1
10,350,21.000000,10000.000000,1,2,1590015,1055,1,1055,1,0,59,0,1
10,350,21.000000,10000.000000,1,2,1590018,1056,1,1056,1,0,59,0,1
10,350,21.000000,10000.000000,1,2,1590021,1057,1,1057,1,0,59,0,1
10,350,21.000000,10000.000000,1,2,1590023,1058,1,1058,1,0,59,0,1
10,350,21.000000,10000.000000,1,2,1590026,1060,1,1060,1,0,59,0,1
10,350,21.000000,10000.000000,1,2,1590029,1061,1,1061,1,0,59,0,1
10,350,21.000000,10000.000000,1,2,1590032,1062,1,1062,1,0,59,0,1
10,350,21.000000,10000.000000,1,2,1590034,1063,1,1063,1,0,59,0,1
10,350,21.000000,10000.000000,1,2,1590037,1064,1,1064,1,0,59,0,1
10,350,21.000000,10000.000000,1,2,1590040,1066,1,1066,1,0,59,0,1
10,350,21.000000,10000.000000,1,2,1590043,1068,1,1068,1,0,59,0,1
10,350,21.000000,10000.000000,1,2,1590046,1069,1,1069,1,0,59,0,1
10,350,21.000000,10000.000000,1,2,1590048,1070,1,1070,1,0,59,0,1
10,350,21.000000,10000.000000,1,2,1590051,1071,1,1071,1,0,59,0,1
10,350,21.000000,10000.000000,1,2,1590054,1072,1,1072,1,0,59,0,1
10,350,21.000000,10000.000000,1,2,1590057,1073,1,1073,1,0,59,0,1
10,350,21.000000,10000.000000,1,2,1590059,1074,1,1074,1,0,59,0,1
10,350,21.000000,10000.000000,1,2,1590062,1075,1,1075,1,0,59,0,1
10,350,21.000000,10000.000000,1,2,1590065,1075,1,1075,1,0,59,0,1
10,350,21.000000,10000.000000,1,2,1590068,1075,1,1075,1,0,59,0,1
10,350,21.000000,10000.000000,1,2,1590071,1076,1,1076,1,0,59,0,1
10,350,21.000000,10000.000000,1,2,1590073,1077,1,1077,1,0,59,0,1
10,350,21.000000,10000.000000,1,2,1590076,1077,1,1077,1,0,59,0,1
10,350,21.000000,10000.000000,1,2,1590079,1078,1,1078,1,0,59,0,1
10,350,21.000000,10000.000000,1,2,1590082,1079,1,1079,1,0,59,0,1
10,350,21.000000,10000.000000,1,2,1590084,1080,1,1080,1,0,59,0,1
10,350,21.000000,10000.000000,1,2,1590087,1081,1,1081,1,0,59,0,1
10,350,21.000000,10000.000000,1,2,1590090,1082,1,1082,1,0,59,0,1
10,350,21.000000,10000.000000,1,2,1590093,1083,1,1083,1,0,59,0,1
10,350,21.000000,10000.000000,1,2,1590095,1084,1,1084,1,0,59,0,1
10,350,21.000000,10000.000000,1,2,1590098,1085,1,1085,1,0,59,0,1
10,350,21.000000,10000.000000,1,2,1590101,1086,1,1086,1,0,59,0,1
10,350,21.000000,10000.000000,1,2,1590104,1087,1,1087,1,0,59,0,1
10,350,21.000000,10000.000000,1,2,1590106,1088,1,1088,1,0,59,0,1
10,350,21.000000,10000.000000,1,2,1590109,1089,1,1089,1,0,59,0,1
10,350,21.000000,10000.000000,1,2,1590112,1091,1,1091,1,0,59,0,1
10,350,21.000000,10000.000000,1,2,1590115,1092,1,1092,1,0,59,0,1
10,350,21.000000,10000.000000,1,2,1590118,1093,1,1093,1,0,59,0,1
10,350,21.000000,10000.000000,1,2,1590121,1094,1,1094,1,0,59,0,1
10,350,21.000000,10000.000000,1,2,1590123,1096,1,1096,1,0,59,0,1
10,350,21.000000,10000.000000,1,2,1590126,1097,1,1097,1,0,59,0,1
10,350,21.000000,10000.000000,1,2,1590129,1098,1,1098,1,0,59,0,1
10,350,21.000000,10000.000000,1,2,1590132,1099,1,1099,1,0,59,0,1
10,350,21.000000,10000.000000,1,2,1590134,1101,1,1101,1,0,59,0,1
10,350,21.000000,10000.000000,1,2,1590137,1101,2,1101,2,0,59,0,1
10,350,21.000000,10000.000000,1,2,1590140,1102,2,1102,2,0,59,0,1
10,350,21.000000,10000.000000,1,2,1590143,1103,3,1103,3,0,59,0,1
10,350,21.000000,10000.000000,1,2,1590146,1104,3,1104,3,0,59,0,1
10,350,21.000000,10000.000000,1,2,1590148,1106,3,1106,3,0,59,0,1
10,350,21.000000,10000.000000,1,2,1590151,1107,3,1107,3,0,59,0,1
10,350,21.000000,10000.000000,1,2,1590154,1108,3,1108,3,0,59,0,1
10,350,21.000000,10000.000000,1,2,1590157,1109,3,1109,3,0,59,0,1
10,350,21.000000,10000.000000,1,2,1590159,1110,3,1110,3,0,59,0,1
10,350,21.000000,10000.000000,1,2,1590162,1111,3,1111,3,0,59,0,1
10,350,21.000000,10000.000000,1,2,1590165,1113,3,1113,3,0,59,0,1
10,350,21.000000,10000.000000,1,2,1590168,1115,4,1115,4,0,59,0,1
10,350,21.000000,10000.000000,1,2,1590170,1116,4,1116,4,0,59,0,1
10,350,21.000000,10000.000000,1,2,1590174,1117,4,1117,4,0,59,0,1
10,350,21.000000,10000.000000,1,2,1590176,1118,4,1118,4,0,59,0,1
10,350,21.000000,10000.000000,1,2,1590179,1119,4,1119,4,0,59,0,1
10,350,21.000000,10000.000000,1,2,1590182,1120,4,1120,4,0,59,0,1
10,350,21.000000,10000.000000,1,2,1590185,1121,4,1121,4,0,59,0,1
10,350,21.000000,10000.000000,1,2,1590187,1121,4,1121,4,0,59,0,1
10,350,21.000000,10000.000000,1,2,1590190,1121,4,1121,4,0,59,0,1
10,350,21.000000,10000.000000,1,2,1590193,1122,4,1122,4,0,59,0,1
10,350,21.000000,10000.000000,1,2,1590196,1123,4,1123,4,0,59,0,1
10,350,21.000000,10000.000000,1,2,1590198,1123,4,1123,4,0,59,0,1
10,350,21.000000,10000.000000,1,2,1590201,1123,5,1123,5,0,59,0,1
10,350,21.000000,10000.000000,1,2,1590204,1123,6,1123,6,0,59,0,1
10,350,21.000000,10000.000000,1,2,1590207,1124,6,1124,6,0,59,0,1
10,350,21.000000,10000.000000,1,2,1590210,1125,6,1125,6,0,59,0,1
10,350,21.000000,10000.000000,1,2,1590212,1125,6,1125,6,0,59,0,1
10,350,21.000000,10000.000000,1,2,1590215,1125,6,1125,6,0,59,0,1
10,350,21.000000,10000.000000,1,2,1590218,1125,6,1125,6,0,59,0,1
10,350,21.000000,10000.000000,1,2,1590221,1126,6,1126,6,0,59,0,1
10,350,21.000000,10000.000000,1,2,1590223,1127,7,1127,7,0,59,0,1
10,350,21.000000,10000.000000,1,2,1590226,1128,8,1128,8,0,59,0,1
10,350,21.000000,10000.000000,1,2,1590229,1128,8,1128,8,0,59,0,1
10,350,21.000000,10000.000000,1,2,1590232,1129,8,1129,8,0,59,0,1
10,350,21.000000,10000.000000,1,2,1590234,1130,8,1130,8,0,59,0,1
10,350,21.000000,10000.000000,1,2,1590237,1131,8,1131,8,0,59,0,1
10,350,21.000000,10000.000000,1,2,1590240,1132,8,1132,8,0,59,0,1
10,350,21.000000,10000.000000,1,2,1590243,1133,8,1133,8,0,59,0,1
10,350,21.000000,10000.000000,1,2,1590245,1134,8,1134,8,0,59,0,1
10,350,21.000000,10000.000000,1,2,1590249,1135,8,1135,8,0,59,0,1
10,350,21.000000,10000.000000,1,2,1590251,1136,8,1136,8,0,59,0,1
10,350,21.000000,10000.000000,1,2,1590254,1137,8,1137,8,0,59,0,1
10,350,21.000000,10000.000000,1,2,1590257,1138,9,1138,9,0,59,0,1
10,350,21.000000,10000.000000,1,2,1590259,1139,9,1139,9,0,59,0,1
10,350,21.000000,10000.000000,1,2,1590262,1140,9,1140,9,0,59,0,1
10,350,21.000000,10000.000000,1,2,1590265,1141,9,1141,9,0,59,0,1
10,350,21.000000,10000.000000,1,2,1590268,1141,9,1141,9,0,59,0,1
10,350,21.000000,10000.000000,1,2,1590271,1142,9,1142,9,0,59,0,1
10,350,21.000000,10000.000000,1,2,1590273,1143,9,1143,9,0,59,0,1
10,350,21.000000,10000.000000,1,2,1590276,1143,9,1143,9,0,59,0,1
10,350,21.000000,10000.000000,1,2,1590279,1144,9,1144,9,0,59,0,1
10,350,21.000000,10000.000000,1,2,1590282,1144,9,1144,9,0,59,0,1
10,350,21.000000,10000.000000,1,2,1590285,1144,9,1144,9,0,59,0,1
10,350,21.000000,10000.000000,1,2,1590287,1144,9,1144,9,0,59,0,1
10,350,21.000000,10000.000000,1,2,1590290,1144,9,1144,9,0,59,0,1
10,350,21.000000,10000.000000,1,2,1590293,1144,9,1144,9,0,59,0,1
10,350,21.000000,10000.000000,1,2,1590296,1144,9,1144,9,0,59,0,1
10,350,21.000000,10000.000000,1,2,1590298,1144,9,1144,9,0,59,0,1
10,350,21.000000,10000.000000,1,2,1590301,1144,9,1144,9,0,59,0,1
10,350,21.000000,10000.000000,1,2,1590304,1144,9,1144,9,0,59,0,1
10,350,21.000000,10000.000000,1,2,1590307,1144,9,1144,9,0,59,0,1
10,350,21.000000,10000.000000,1,2,1590309,1144,9,1144,9,0,59,0,1
10,350,21.000000,10000.000000,1,2,1590313,1145,9,1145,9,0,59,0,1
10,350,21.000000,10000.000000,1,2,1590315,1145,9,1145,9,0,59,0,1
10,350,21.000000,10000.000000,1,2,1590318,1145,9,1145,9,0,59,0,1
10,350,21.000000,10000.000000,1,2,1590321,1145,9,1145,9,0,59,0,1
10,350,21.000000,10000.000000,1,2,1590323,1145,9,1145,9,0,59,0,1
10,350,21.000000,10000.000000,1,2,1590326,1145,9,1145,9,0,59,0,1
10,350,21.000000,10000.000000,1,2,1590329,1145,9,1145,9,0,59,0,1
10,350,21.000000,10000.000000,1,2,1590332,1145,9,1145,9,0,59,0,1
10,350,21.000000,10000.000000,1,2,1590334,1145,9,1145,9,0,59,0,1
10,350,21.000000,10000.000000,1,2,1590337,1145,9,1145,9,0,59,0,1
10,350,21.000000,10000.000000,1,2,1590340,1145,9,1145,9,0,59,0,1
10,350,21.000000,10000.000000,1,2,1590343,1145,9,1145,9,0,59,0,1
10,350,21.000000,10000.000000,1,2,1590346,1145,9,1145,9,0,59,0,1
10,350,21.000000,10000.000000,1,2,1590348,1145,9,1145,9,0,59,0,1
10,350,21.000000,10000.000000,1,2,1590351,1145,9,1145,9,0,59,0,1
10,350,21.000000,10000.000000,1,2,1590354,1145,9,1145,9,0,59,0,1
10,350,21.000000,10000.000000,1,2,1590357,1145,9,1145,9,0,59,0,1
10,350,21.000000,10000.000000,1,2,1590359,1145,9,1145,9,0,59,0,1
10,350,21.000000,10000.000000,1,2,1590362,1145,9,1145,9,0,59,0,1
10,350,21.000000,10000.000000,1,2,1590365,1145,9,1145,9,0,59,0,1
10,350,21.000000,10000.000000,1,2,1590376,1145,9,1145,9,0,59,0,1
