10,700,21.000000,0.000000,1,2,1601539,603,0,603,0,0,60,1,1
10,700,21.000000,0.000000,1,2,1601539,603,0,603,0,0,60,1,1
10,700,21.000000,0.000000,1,2,1601542,603,0,603,0,0,60,1,1
10,700,21.000000,0.000000,1,2,1601545,603,0,603,0,0,60,1,1
10,700,21.000000,0.000000,1,2,1601548,603,0,603,0,0,60,1,1
10,700,21.000000,0.000000,1,2,1601550,603,0,603,0,0,60,1,1
10,700,21.000000,0.000000,1,2,1601554,603,0,603,0,0,60,1,1
10,700,21.000000,0.000000,1,2,1601556,603,0,603,0,0,60,1,1
10,700,21.000000,0.000000,1,2,1601559,603,0,603,0,0,60,1,1
10,700,21.000000,0.000000,1,2,1601561,603,0,603,0,0,60,1,1
10,700,21.000000,0.000000,1,2,1601564,603,0,603,0,0,60,1,1
10,700,21.000000,0.000000,1,2,1601567,603,0,603,0,0,60,1,1
10,700,21.000000,0.000000,1,2,1601570,604,0,604,0,0,60,1,1
10,700,21.000000,0.000000,1,2,1601572,605,1,605,1,0,60,1,1
10,700,21.000000,0.000000,1,2,1601575,605,1,605,1,0,60,1,1
10,700,21.000000,0.000000,1,2,1601578,605,1,605,1,0,60,1,1
10,700,21.000000,0.000000,1,2,1601581,605,2,605,2,0,60,1,1
10,700,21.000000,0.000000,1,2,1601584,605,3,605,3,0,60,1,1
10,700,21.000000,0.000000,1,2,1601586,605,4,605,4,0,60,1,1
10,700,21.000000,0.000000,1,2,1601589,606,5,606,5,0,60,1,1
10,700,21.000000,0.000000,1,2,1601592,607,6,607,6,0,60,1,1
10,700,21.000000,0.000000,1,2,1601595,609,7,609,7,0,60,1,1
10,700,21.000000,0.000000,1,2,1601597,610,7,610,7,0,60,1,1
10,700,21.000000,0.000000,1,2,1601600,610,8,610,8,0,60,1,1
10,700,21.000000,0.000000,1,2,1601603,612,8,612,8,0,60,1,1
10,700,21.000000,0.000000,1,2,1601606,613,9,613,9,0,60,1,1
10,700,21.000000,0.000000,1,2,1601609,615,10,615,10,0,60,1,1
10,700,21.000000,0.000000,1,2,1601612,617,11,617,11,0,60,1,1
10,700,21.000000,0.000000,1,2,1601614,620,12,620,12,0,60,1,1
10,700,21.000000,0.000000,1,2,1601617,622,13,622,13,0,60,1,1
10,700,21.000000,0.000000,1,2,1601620,623,13,623,13,0,60,1,1
10,700,21.000000,0.000000,1,2,1601623,628,15,628,15,0,60,1,1
10,700,21.000000,0.000000,1,2,1601625,633,16,633,16,0,60,1,1
10,700,21.000000,0.000000,1,2,1601628,637,17,637,17,0,60,1,1
10,700,21.000000,0.000000,1,2,1601631,642,19,642,19,0,60,1,1
10,700,21.000000,0.000000,1,2,1601634,646,19,646,19,0,60,1,1
10,700,21.000000,0.000000,1,2,1601637,649,20,649,20,0,60,1,1
10,700,21.000000,0.000000,1,2,1601640,661,22,661,22,0,60,1,1
10,700,21.000000,0.000000,1,2,1601642,667,24,667,24,0,60,1,1
10,700,21.000000,0.000000,1,2,1601645,674,25,674,25,0,60,1,1
10,700,21.000000,0.000000,1,2,1601648,683,27,683,27,0,60,1,1
10,700,21.000000,0.000000,1,2,1601651,690,29,690,29,0,60,1,1
10,700,21.000000,0.000000,1,2,1601653,695,29,695,29,0,60,1,1
10,700,21.000000,0.000000,1,2,1601656,701,31,701,31,0,60,1,1
10,700,21.000000,0.000000,1,2,1601659,710,33,710,33,0,60,1,1
10,700,21.000000,0.000000,1,2,1601662,717,34,717,34,0,60,1,1
10,700,21.000000,0.000000,1,2,1601664,726,36,726,36,0,60,1,1
10,700,21.000000,0.000000,1,2,1601667,735,38,735,38,0,60,1,1
10,700,21.000000,0.000000,1,2,1601670,744,40,744,40,0,60,1,1
10,700,21.000000,0.000000,1,2,1601673,752,40,752,40,0,60,1,1
10,700,21.000000,0.000000,1,2,1601676,761,42,761,42,0,60,1,1
10,700,21.000000,0.000000,1,2,1601678,767,43,767,43,0,60,1,1
10,700,21.000000,0.000000,1,2,1601681,778,45,778,45,0,60,1,1
10,700,21.000000,0.000000,1,2,1601684,784,45,784,45,0,60,1,1
10,700,21.000000,0.000000,1,2,1601687,795,46,795,46,0,60,1,1
10,700,21.000000,0.000000,1,2,1601689,802,47,802,47,0,60,1,1
10,700,21.000000,0.000000,1,2,1601692,810,48,810,48,0,60,1,1
10,700,21.000000,0.000000,1,2,1601695,820,50,820,50,0,60,1,1
10,700,21.000000,0.000000,1,2,1601698,826,50,826,50,0,60,1,1
10,700,21.000000,0.000000,1,2,1601701,835,52,835,52,0,60,1,1
10,700,21.000000,0.000000,1,2,1601703,844,53,844,53,0,60,1,1
10,700,21.000000,0.000000,1,2,1601706,853,54,853,54,0,60,1,1
10,700,21.000000,0.000000,1,2,1601709,861,55,861,55,0,60,1,1
10,700,21.000000,0.000000,1,2,1601712,871,55,871,55,0,60,1,1
10,700,21.000000,0.000000,1,2,1601714,878,56,878,56,0,60,1,1
10,700,21.000000,0.000000,1,2,1601717,887,56,887,56,0,60,1,1
10,700,21.000000,0.000000,1,2,1601720,895,57,895,57,0,60,1,1
10,700,21.000000,0.000000,1,2,1601723,911,58,911,58,0,60,1,1
10,700,21.000000,0.000000,1,2,1601726,919,58,919,58,0,60,1,1
10,700,21.000000,0.000000,1,2,1601728,931,59,931,59,0,60,1,1
10,700,21.000000,0.000000,1,2,1601731,942,60,942,60,0,60,1,1
10,700,21.000000,0.000000,1,2,1601734,957,60,957,60,0,60,1,1
10,700,21.000000,0.000000,1,2,1601737,965,60,965,60,0,60,1,1
10,700,21.000000,0.000000,1,2,1601739,973,60,973,60,0,60,1,1
10,700,21.000000,0.000000,1,2,1601742,987,61,987,61,0,60,1,1
10,700,21.000000,0.000000,1,2,1601745,998,61,998,61,0,60,1,1
10,700,21.000000,0.000000,1,2,1601748,1011,61,1011,61,0,60,1,1
10,700,21.000000,0.000000,1,2,1601751,1022,61,1022,61,0,60,1,1
10,700,21.000000,0.000000,1,2,1601753,1031,61,1031,61,0,60,1,1
10,700,21.000000,0.000000,1,2,1601756,1042,61,1042,61,0,60,1,1
10,700,21.000000,0.000000,1,2,1601759,1052,61,1052,61,0,60,1,1
10,700,21.000000,0.000000,1,2,1601762,1065,61,1065,61,0,60,1,1
10,700,21.000000,0.000000,1,2,1601764,1074,61,1074,61,0,60,1,1
10,700,21.000000,0.000000,1,2,1601767,1081,61,1081,61,0,60,1,1
10,700,21.000000,0.000000,1,2,1601770,1093,61,1093,61,0,60,1,1
10,700,21.000000,0.000000,1,2,1601773,1099,61,1099,61,0,60,1,1
10,700,21.000000,0.000000,1,2,1601776,1110,60,1110,60,0,60,1,1
10,700,21.000000,0.000000,1,2,1601779,1120,59,1120,59,0,60,1,1
10,700,21.000000,0.000000,1,2,1601781,1126,59,1126,59,0,60,1,1
10,700,21.000000,0.000000,1,2,1601784,1139,58,1139,58,0,60,1,1
10,700,21.000000,0.000000,1,2,1601787,1148,57,1148,57,0,60,1,1
10,700,21.000000,0.000000,1,2,1601789,1158,55,1158,55,0,60,1,1
10,700,21.000000,0.000000,1,2,1601792,1164,55,1164,55,0,60,1,1
10,700,21.000000,0.000000,1,2,1601795,1175,53,1175,53,0,60,1,1
10,700,21.000000,0.000000,1,2,1601798,1184,53,1184,53,0,60,1,1
10,700,21.000000,0.000000,1,2,1601801,1192,52,1192,52,0,60,1,1
10,700,21.000000,0.000000,1,2,1601803,1201,52,1201,52,0,60,1,1
10,700,21.000000,0.000000,1,2,1601806,1206,51,1206,51,0,60,1,1
10,700,21.000000,0.000000,1,2,1601809,1213,51,1213,51,0,60,1,1
10,700,21.000000,0.000000,1,2,1601812,1224,50,1224,50,0,60,1,1
10,700,21.000000,0.000000,1,2,1601814,1230,50,1230,50,0,60,1,1
10,700,21.000000,0.000000,1,2,1601817,1236,49,1236,49,0,60,1,1
10,700,21.000000,0.000000,1,2,1601820,1247,48,1247,48,0,60,1,1
10,700,21.000000,0.000000,1,2,1601823,1253,47,1253,47,0,60,1,1
10,700,21.000000,0.000000,1,2,1601826,1257,47,1257,47,0,60,1,1
10,700,21.000000,0.000000,1,2,1601828,1262,46,1262,46,0,60,1,1
10,700,21.000000,0.000000,1,2,1601831,1265,46,1265,46,0,60,1,1
10,700,21.000000,0.000000,1,2,1601834,1272,45,1272,45,0,60,1,1
10,700,21.000000,0.000000,1,2,1601837,1277,44,1277,44,0,60,1,1
10,700,21.000000,0.000000,1,2,1601840,1282,44,1282,44,0,60,1,1
10,700,21.000000,0.000000,1,2,1601843,1284,44,1284,44,0,60,1,1
10,700,21.000000,0.000000,1,2,1601845,1286,44,1286,44,0,60,1,1
10,700,21.000000,0.000000,1,2,1601848,1290,43,1290,43,0,60,1,1
10,700,21.000000,0.000000,1,2,1601851,1294,42,1294,42,0,60,1,1
10,700,21.000000,0.000000,1,2,1601854,1297,42,1297,42,0,60,1,1
10,700,21.000000,0.000000,1,2,1601856,1299,42,1299,42,0,60,1,1
10,700,21.000000,0.000000,1,2,1601859,1303,42,1303,42,0,60,1,1
10,700,21.000000,0.000000,1,2,1601862,1306,42,1306,42,0,60,1,1
10,700,21.000000,0.000000,1,2,1601865,1310,42,1310,42,0,60,1,1
10,700,21.000000,0.000000,1,2,1601868,1313,42,1313,42,0,60,1,1
10,700,21.000000,0.000000,1,2,1601870,1317,42,1317,42,0,60,1,1
10,700,21.000000,0.000000,1,2,1601873,1320,42,1320,42,0,60,1,1
10,700,21.000000,0.000000,1,2,1601876,1322,42,1322,42,0,60,1,1
10,700,21.000000,0.000000,1,2,1601879,1324,42,1324,42,0,60,1,1
10,700,21.000000,0.000000,1,2,1601881,1327,42,1327,42,0,60,1,1
10,700,21.000000,0.000000,1,2,1601884,1329,42,1329,42,0,60,1,1
10,700,21.000000,0.000000,1,2,1601887,1330,42,1330,42,0,60,1,1
10,700,21.000000,0.000000,1,2,1601890,1332,42,1332,42,0,60,1,1
10,700,21.000000,0.000000,1,2,1601893,1333,42,1333,42,0,60,1,1
10,700,21.000000,0.000000,1,2,1601895,1334,42,1334,42,0,60,1,1
10,700,21.000000,0.000000,1,2,1601898,1334,41,1334,41,0,60,1,1
10,700,21.000000,0.000000,1,2,1601901,1335,40,1335,40,0,60,1,1
10,700,21.000000,0.000000,1,2,1601904,1335,40,1335,40,0,60,1,1
10,700,21.000000,0.000000,1,2,1601906,1335,40,1335,40,0,60,1,1
10,700,21.000000,0.000000,1,2,1601909,1335,40,1335,40,0,60,1,1
10,700,21.000000,0.000000,1,2,1601912,1335,39,1335,39,0,60,1,1
10,700,21.000000,0.000000,1,2,1601915,1335,39,1335,39,0,60,1,1
10,700,21.000000,0.000000,1,2,1601917,1335,38,1335,38,0,60,1,1
10,700,21.000000,0.000000,1,2,1601920,1335,38,1335,38,0,60,1,1
10,700,21.000000,0.000000,1,2,1601923,1335,37,1335,37,0,60,1,1
10,700,21.000000,0.000000,1,2,1601926,1335,36,1335,36,0,60,1,1
10,700,21.000000,0.000000,1,2,1601929,1335,36,1335,36,0,60,1,1
10,700,21.000000,0.000000,1,2,1601931,1335,36,1335,36,0,60,1,1
10,700,21.000000,0.000000,1,2,1601934,1335,36,1335,36,0,60,1,1
10,700,21.000000,0.000000,1,2,1601937,1335,35,1335,35,0,60,1,1
10,700,21.000000,0.000000,1,2,1601940,1335,35,1335,35,0,60,1,1
10,700,21.000000,0.000000,1,2,1601942,1335,35,1335,35,0,60,1,1
10,700,21.000000,0.000000,1,2,1601945,1335,35,1335,35,0,60,1,1
10,700,21.000000,0.000000,1,2,1601948,1335,35,1335,35,0,60,1,1
10,700,21.000000,0.000000,1,2,1601951,1335,35,1335,35,0,60,1,1
10,700,21.000000,0.000000,1,2,1601954,1335,35,1335,35,0,60,1,1
10,700,21.000000,0.000000,1,2,1601956,1335,34,1335,34,0,60,1,1
10,700,21.000000,0.000000,1,2,1601959,1335,33,1335,33,0,60,1,1
10,700,21.000000,0.000000,1,2,1601962,1335,33,1335,33,0,60,1,1
10,700,21.000000,0.000000,1,2,1601965,1335,33,1335,33,0,60,1,1
10,700,21.000000,0.000000,1,2,1601967,1335,33,1335,33,0,60,1,1
10,700,21.000000,0.000000,1,2,1601970,1335,33,1335,33,0,60,1,1
10,700,21.000000,0.000000,1,2,1601973,1335,32,1335,32,0,60,1,1
10,700,21.000000,0.000000,1,2,1601976,1335,31,1335,31,0,60,1,1
10,700,21.000000,0.000000,1,2,1601979,1335,31,1335,31,0,60,1,1
10,700,21.000000,0.000000,1,2,1601981,1335,31,1335,31,0,60,1,1
10,700,21.000000,0.000000,1,2,1601984,1335,31,1335,31,0,60,1,1
10,700,21.000000,0.000000,1,2,1601987,1335,30,1335,30,0,60,1,1
10,700,21.000000,0.000000,1,2,1601990,1335,29,1335,29,0,60,1,1
10,700,21.000000,0.000000,1,2,1601992,1335,29,1335,29,0,60,1,1
10,700,21.000000,0.000000,1,2,1601995,1334,28,1334,28,0,60,1,1
10,700,21.000000,0.000000,1,2,1601998,1332,27,1332,27,0,60,1,1
10,700,21.000000,0.000000,1,2,1602001,1331,27,1331,27,0,60,1,1
10,700,21.000000,0.000000,1,2,1602004,1330,27,1330,27,0,60,1,1
10,700,21.000000,0.000000,1,2,1602006,1329,27,1329,27,0,60,1,1
10,700,21.000000,0.000000,1,2,1602009,1328,27,1328,27,0,60,1,1
10,700,21.000000,0.000000,1,2,1602012,1327,26,1327,26,0,60,1,1
10,700,21.000000,0.000000,1,2,1602015,1326,26,1326,26,0,60,1,1
10,700,21.000000,0.000000,1,2,1602018,1325,25,1325,25,0,60,1,1
10,700,21.000000,0.000000,1,2,1602020,1324,24,1324,24,0,60,1,1
10,700,21.000000,0.000000,1,2,1602023,1323,23,1323,23,0,60,1,1
10,700,21.000000,0.000000,1,2,1602026,1322,22,1322,22,0,60,1,1
10,700,21.000000,0.000000,1,2,1602029,1321,22,1321,22,0,60,1,1
10,700,21.000000,0.000000,1,2,1602031,1321,21,1321,21,0,60,1,1
10,700,21.000000,0.000000,1,2,1602034,1320,21,1320,21,0,60,1,1
10,700,21.000000,0.000000,1,2,1602037,1318,21,1318,21,0,60,1,1
10,700,21.000000,0.000000,1,2,1602040,1318,20,1318,20,0,60,1,1
10,700,21.000000,0.000000,1,2,1602043,1317,20,1317,20,0,60,1,1
10,700,21.000000,0.000000,1,2,1602045,1317,19,1317,19,0,60,1,1
10,700,21.000000,0.000000,1,2,1602048,1317,18,1317,18,0,60,1,1
10,700,21.000000,0.000000,1,2,1602051,1316,18,1316,18,0,60,1,1
10,700,21.000000,0.000000,1,2,1602054,1316,17,1316,17,0,60,1,1
10,700,21.000000,0.000000,1,2,1602056,1316,16,1316,16,0,60,1,1
10,700,21.000000,0.000000,1,2,1602059,1316,15,1316,15,0,60,1,1
10,700,21.000000,0.000000,1,2,1602062,1315,15,1315,15,0,60,1,1
10,700,21.000000,0.000000,1,2,1602065,1314,15,1314,15,0,60,1,1
10,700,21.000000,0.000000,1,2,1602068,1314,14,1314,14,0,60,1,1
10,700,21.000000,0.000000,1,2,1602070,1313,14,1313,14,0,60,1,1
10,700,21.000000,0.000000,1,2,1602073,1312,14,1312,14,0,60,1,1
10,700,21.000000,0.000000,1,2,1602076,1312,13,1312,13,0,60,1,1
10,700,21.000000,0.000000,1,2,1602079,1311,12,1311,12,0,60,1,1
10,700,21.000000,0.000000,1,2,1602081,1311,12,1311,12,0,60,1,1
10,700,21.000000,0.000000,1,2,1602084,1310,11,1310,11,0,60,1,1
10,700,21.000000,0.000000,1,2,1602087,1309,10,1309,10,0,60,1,1
10,700,21.000000,0.000000,1,2,1602090,1308,10,1308,10,0,60,1,1
10,700,21.000000,0.000000,1,2,1602092,1306,10,1306,10,0,60,1,1
10,700,21.000000,0.000000,1,2,1602095,1306,10,1306,10,0,60,1,1
10,700,21.000000,0.000000,1,2,1602098,1305,9,1305,9,0,60,1,1
10,700,21.000000,0.000000,1,2,1602101,1304,8,1304,8,0,60,1,1
10,700,21.000000,0.000000,1,2,1602104,1304,8,1304,8,0,60,1,1
10,700,21.000000,0.000000,1,2,1602106,1304,8,1304,8,0,60,1,1
10,700,21.000000,0.000000,1,2,1602109,1304,8,1304,8,0,60,1,1
10,700,21.000000,0.000000,1,2,1602112,1304,8,1304,8,0,60,1,1
10,700,21.000000,0.000000,1,2,1602115,1304,8,1304,8,0,60,1,1
10,700,21.000000,0.000000,1,2,1602117,1304,8,1304,8,0,60,1,1
10,700,21.000000,0.000000,1,2,1602120,1304,8,1304,8,0,60,1,1
10,700,21.000000,0.000000,1,2,1602123,1304,8,1304,8,0,60,1,1
10,700,21.000000,0.000000,1,2,1602126,1304,8,1304,8,0,60,1,1
10,700,21.000000,0.000000,1,2,1602129,1304,8,1304,8,0,60,1,1
10,700,21.000000,0.000000,1,2,1602131,1304,8,1304,8,0,60,1,1
10,700,21.000000,0.000000,1,2,1602134,1304,8,1304,8,0,60,1,1
10,700,21.000000,0.000000,1,2,1602137,1304,8,1304,8,0,60,1,1
10,700,21.000000,0.000000,1,2,1602140,1304,8,1304,8,0,60,1,1
10,700,21.000000,0.000000,1,2,1602142,1304,8,1304,8,0,60,1,1
10,700,21.000000,0.000000,1,2,1602145,1304,8,1304,8,0,60,1,1
10,700,21.000000,0.000000,1,2,1602148,1304,8,1304,8,0,60,1,1
10,700,21.000000,0.000000,1,2,1602151,1304,8,1304,8,0,60,1,1
10,700,21.000000,0.000000,1,2,1602164,1304,8,1304,8,0,60,1,1
