10,350,21.000000,42.000000,1,2,1667489,780,10,780,10,0,66,3,0
10,350,21.000000,42.000000,1,2,1667490,780,10,780,10,0,66,3,0
10,350,21.000000,42.000000,1,2,1667493,780,10,780,10,0,66,3,0
10,350,21.000000,42.000000,1,2,1667495,780,10,780,10,0,66,3,0
10,350,21.000000,42.000000,1,2,1667498,780,10,780,10,0,66,3,0
10,350,21.000000,42.000000,1,2,1667501,780,10,780,10,0,66,3,0
10,350,21.000000,42.000000,1,2,1667504,780,10,780,10,0,66,3,0
10,350,21.000000,42.000000,1,2,1667506,780,10,780,10,0,66,3,0
10,350,21.000000,42.000000,1,2,1667509,780,10,780,10,0,66,3,0
10,350,21.000000,42.000000,1,2,1667512,780,10,780,10,0,66,3,0
10,350,21.000000,42.000000,1,2,1667515,780,10,780,10,0,66,3,0
10,350,21.000000,42.000000,1,2,1667518,780,10,780,10,0,66,3,0
10,350,21.000000,42.000000,1,2,1667520,780,10,780,10,0,66,3,0
10,350,21.000000,42.000000,1,2,1667523,780,10,780,10,0,66,3,0
10,350,21.000000,42.000000,1,2,1667526,780,10,780,10,0,66,3,0
10,350,21.000000,42.000000,1,2,1667529,780,10,780,10,0,66,3,0
10,350,21.000000,42.000000,1,2,1667531,780,10,780,10,0,66,3,0
10,350,21.000000,42.000000,1,2,1667534,780,10,780,10,0,66,3,0
10,350,21.000000,42.000000,1,2,1667537,780,10,780,10,0,66,3,0
10,350,21.000000,42.000000,1,2,1667540,781,10,781,10,0,66,3,0
10,350,21.000000,42.000000,1,2,1667542,782,10,782,10,0,66,3,0
10,350,21.000000,42.000000,1,2,1667545,783,10,783,10,0,66,3,0
10,350,21.000000,42.000000,1,2,1667548,784,10,784,10,0,66,3,0
10,350,21.000000,42.000000,1,2,1667551,784,11,784,11,0,66,3,0
10,350,21.000000,42.000000,1,2,1667554,785,12,785,12,0,66,3,0
10,350,21.000000,42.000000,1,2,1667556,785,13,785,13,0,66,3,0
10,350,21.000000,42.000000,1,2,1667559,785,14,785,14,0,66,3,0
10,350,21.000000,42.000000,1,2,1667562,786,15,786,15,0,66,3,0
10,350,21.000000,42.000000,1,2,1667565,786,16,786,16,0,66,3,0
10,350,21.000000,42.000000,1,2,1667567,787,17,787,17,0,66,3,0
10,350,21.000000,42.000000,1,2,1667570,788,18,788,18,0,66,3,0
10,350,21.000000,42.000000,1,2,1667573,788,19,788,19,0,66,3,0
10,350,21.000000,42.000000,1,2,1667576,789,20,789,20,0,66,3,0
10,350,21.000000,42.000000,1,2,1667579,790,21,790,21,0,66,3,0
10,350,21.000000,42.000000,1,2,1667581,791,23,791,23,0,66,3,0
10,350,21.000000,42.000000,1,2,1667584,792,24,792,24,0,66,3,0
10,350,21.000000,42.000000,1,2,1667587,793,25,793,25,0,66,3,0
10,350,21.000000,42.000000,1,2,1667590,794,26,794,26,0,66,3,0
10,350,21.000000,42.000000,1,2,1667593,796,28,796,28,0,66,3,0
10,350,21.000000,42.000000,1,2,1667595,798,30,798,30,0,66,3,0
10,350,21.000000,42.000000,1,2,1667598,800,32,800,32,0,66,3,0
10,350,21.000000,42.000000,1,2,1667601,801,34,801,34,0,66,3,0
10,350,21.000000,42.000000,1,2,1667604,804,35,804,35,0,66,3,0
10,350,21.000000,42.000000,1,2,1667606,807,37,807,37,0,66,3,0
10,350,21.000000,42.000000,1,2,1667609,811,40,811,40,0,66,3,0
10,350,21.000000,42.000000,1,2,1667612,815,42,815,42,0,66,3,0
10,350,21.000000,42.000000,1,2,1667615,820,44,820,44,0,66,3,0
10,350,21.000000,42.000000,1,2,1667618,825,46,825,46,0,66,3,0
10,350,21.000000,42.000000,1,2,1667620,829,48,829,48,0,66,3,0
10,350,21.000000,42.000000,1,2,1667623,835,50,835,50,0,66,3,0
10,350,21.000000,42.000000,1,2,1667626,841,52,841,52,0,66,3,0
10,350,21.000000,42.000000,1,2,1667629,851,55,851,55,0,66,3,0
10,350,21.000000,42.000000,1,2,1667631,860,57,860,57,0,66,3,0
10,350,21.000000,42.000000,1,2,1667634,867,58,867,58,0,66,3,0
10,350,21.000000,42.000000,1,2,1667637,872,60,872,60,0,66,3,0
10,350,21.000000,42.000000,1,2,1667640,882,61,882,61,0,66,3,0
10,350,21.000000,42.000000,1,2,1667643,890,63,890,63,0,66,3,0
10,350,21.000000,42.000000,1,2,1667645,899,65,899,65,0,66,3,0
10,350,21.000000,42.000000,1,2,1667648,909,67,909,67,0,66,3,0
10,350,21.000000,42.000000,1,2,1667651,917,68,917,68,0,66,3,0
10,350,21.000000,42.000000,1,2,1667653,927,69,927,69,0,66,3,0
10,350,21.000000,42.000000,1,2,1667656,936,70,936,70,0,66,3,0
10,350,21.000000,42.000000,1,2,1667659,946,71,946,71,0,66,3,0
10,350,21.000000,42.000000,1,2,1667662,954,72,954,72,0,66,3,0
10,350,21.000000,42.000000,1,2,1667665,966,72,966,72,0,66,3,0
10,350,21.000000,42.000000,1,2,1667668,975,73,975,73,0,66,3,0
10,350,21.000000,42.000000,1,2,1667670,986,74,986,74,0,66,3,0
10,350,21.000000,42.000000,1,2,1667673,993,74,993,74,0,66,3,0
10,350,21.000000,42.000000,1,2,1667676,1000,74,1000,74,0,66,3,0
10,350,21.000000,42.000000,1,2,1667679,1008,74,1008,74,0,66,3,0
10,350,21.000000,42.000000,1,2,1667681,1013,74,1013,74,0,66,3,0
10,350,21.000000,42.000000,1,2,1667684,1019,74,1019,74,0,66,3,0
10,350,21.000000,42.000000,1,2,1667687,1026,74,1026,74,0,66,3,0
10,350,21.000000,42.000000,1,2,1667690,1031,74,1031,74,0,66,3,0
10,350,21.000000,42.000000,1,2,1667692,1036,73,1036,73,0,66,3,0
10,350,21.000000,42.000000,1,2,1667695,1041,73,1041,73,0,66,3,0
10,350,21.000000,42.000000,1,2,1667698,1045,73,1045,73,0,66,3,0
10,350,21.000000,42.000000,1,2,1667701,1049,72,1049,72,0,66,3,0
10,350,21.000000,42.000000,1,2,1667704,1052,71,1052,71,0,66,3,0
10,350,21.000000,42.000000,1,2,1667706,1055,70,1055,70,0,66,3,0
10,350,21.000000,42.000000,1,2,1667709,1061,69,1061,69,0,66,3,0
10,350,21.000000,42.000000,1,2,1667712,1064,68,1064,68,0,66,3,0
10,350,21.000000,42.000000,1,2,1667715,1065,67,1065,67,0,66,3,0
10,350,21.000000,42.000000,1,2,1667718,1070,66,1070,66,0,66,3,0
10,350,21.000000,42.000000,1,2,1667720,1073,65,1073,65,0,66,3,0
10,350,21.000000,42.000000,1,2,1667723,1075,64,1075,64,0,66,3,0
10,350,21.000000,42.000000,1,2,1667726,1077,62,1077,62,0,66,3,0
10,350,21.000000,42.000000,1,2,1667729,1079,61,1079,61,0,66,3,0
10,350,21.000000,42.000000,1,2,1667732,1081,60,1081,60,0,66,3,0
10,350,21.000000,42.000000,1,2,1667734,1085,57,1085,57,0,66,3,0
10,350,21.000000,42.000000,1,2,1667737,1086,57,1086,57,0,66,3,0
10,350,21.000000,42.000000,1,2,1667740,1088,55,1088,55,0,66,3,0
10,350,21.000000,42.000000,1,2,1667743,1090,55,1090,55,0,66,3,0
10,350,21.000000,42.000000,1,2,1667745,1091,55,1091,55,0,66,3,0
10,350,21.000000,42.000000,1,2,1667748,1091,54,1091,54,0,66,3,0
10,350,21.000000,42.000000,1,2,1667751,1092,53,1092,53,0,66,3,0
10,350,21.000000,42.000000,1,2,1667754,1093,53,1093,53,0,66,3,0
10,350,21.000000,42.000000,1,2,1667756,1095,53,1095,53,0,66,3,0
10,350,21.000000,42.000000,1,2,1667759,1096,52,1096,52,0,66,3,0
10,350,21.000000,42.000000,1,2,1667762,1097,52,1097,52,0,66,3,0
10,350,21.000000,42.000000,1,2,1667765,1098,52,1098,52,0,66,3,0
10,350,21.000000,42.000000,1,2,1667768,1099,52,1099,52,0,66,3,0
10,350,21.000000,42.000000,1,2,1667770,1101,51,1101,51,0,66,3,0
10,350,21.000000,42.000000,1,2,1667773,1101,50,1101,50,0,66,3,0
10,350,21.000000,42.000000,1,2,1667776,1103,50,1103,50,0,66,3,0
10,350,21.000000,42.000000,1,2,1667779,1105,50,1105,50,0,66,3,0
10,350,21.000000,42.000000,1,2,1667782,1107,50,1107,50,0,66,3,0
10,350,21.000000,42.000000,1,2,1667784,1108,49,1108,49,0,66,3,0
10,350,21.000000,42.000000,1,2,1667787,1110,49,1110,49,0,66,3,0
10,350,21.000000,42.000000,1,2,1667790,1111,49,1111,49,0,66,3,0
10,350,21.000000,42.000000,1,2,1667793,1112,48,1112,48,0,66,3,0
10,350,21.000000,42.000000,1,2,1667795,1113,48,1113,48,0,66,3,0
10,350,21.000000,42.000000,1,2,1667798,1113,47,1113,47,0,66,3,0
10,350,21.000000,42.000000,1,2,1667801,1115,46,1115,46,0,66,3,0
10,350,21.000000,42.000000,1,2,1667803,1116,45,1116,45,0,66,3,0
10,350,21.000000,42.000000,1,2,1667807,1117,44,1117,44,0,66,3,0
10,350,21.000000,42.000000,1,2,1667809,1118,43,1118,43,0,66,3,0
10,350,21.000000,42.000000,1,2,1667812,1119,42,1119,42,0,66,3,0
10,350,21.000000,42.000000,1,2,1667815,1120,41,1120,41,0,66,3,0
10,350,21.000000,42.000000,1,2,1667818,1121,41,1121,41,0,66,3,0
10,350,21.000000,42.000000,1,2,1667820,1122,40,1122,40,0,66,3,0
10,350,21.000000,42.000000,1,2,1667823,1123,39,1123,39,0,66,3,0
10,350,21.000000,42.000000,1,2,1667826,1124,39,1124,39,0,66,3,0
10,350,21.000000,42.000000,1,2,1667829,1125,38,1125,38,0,66,3,0
10,350,21.000000,42.000000,1,2,1667831,1125,37,1125,37,0,66,3,0
10,350,21.000000,42.000000,1,2,1667834,1126,36,1126,36,0,66,3,0
10,350,21.000000,42.000000,1,2,1667837,1126,35,1126,35,0,66,3,0
10,350,21.000000,42.000000,1,2,1667840,1126,34,1126,34,0,66,3,0
10,350,21.000000,42.000000,1,2,1667842,1126,33,1126,33,0,66,3,0
10,350,21.000000,42.000000,1,2,1667845,1127,32,1127,32,0,66,3,0
10,350,21.000000,42.000000,1,2,1667848,1127,31,1127,31,0,66,3,0
10,350,21.000000,42.000000,1,2,1667851,1127,30,1127,30,0,66,3,0
10,350,21.000000,42.000000,1,2,1667854,1128,29,1128,29,0,66,3,0
10,350,21.000000,42.000000,1,2,1667856,1129,29,1129,29,0,66,3,0
10,350,21.000000,42.000000,1,2,1667859,1130,28,1130,28,0,66,3,0
10,350,21.000000,42.000000,1,2,1667862,1130,28,1130,28,0,66,3,0
10,350,21.000000,42.000000,1,2,1667865,1130,27,1130,27,0,66,3,0
10,350,21.000000,42.000000,1,2,1667867,1131,26,1131,26,0,66,3,0
10,350,21.000000,42.000000,1,2,1667871,1131,26,1131,26,0,66,3,0
10,350,21.000000,42.000000,1,2,1667873,1132,25,1132,25,0,66,3,0
10,350,21.000000,42.000000,1,2,1667876,1133,24,1133,24,0,66,3,0
10,350,21.000000,42.000000,1,2,1667879,1133,24,1133,24,0,66,3,0
10,350,21.000000,42.000000,1,2,1667881,1133,24,1133,24,0,66,3,0
10,350,21.000000,42.000000,1,2,1667884,1134,24,1134,24,0,66,3,0
10,350,21.000000,42.000000,1,2,1667887,1135,24,1135,24,0,66,3,0
10,350,21.000000,42.000000,1,2,1667890,1135,23,1135,23,0,66,3,0
10,350,21.000000,42.000000,1,2,1667892,1136,23,1136,23,0,66,3,0
10,350,21.000000,42.000000,1,2,1667895,1137,23,1137,23,0,66,3,0
10,350,21.000000,42.000000,1,2,1667898,1137,23,1137,23,0,66,3,0
10,350,21.000000,42.000000,1,2,1667901,1137,23,1137,23,0,66,3,0
10,350,21.000000,42.000000,1,2,1667904,1138,23,1138,23,0,66,3,0
10,350,21.000000,42.000000,1,2,1667906,1138,22,1138,22,0,66,3,0
10,350,21.000000,42.000000,1,2,1667909,1138,21,1138,21,0,66,3,0
10,350,21.000000,42.000000,1,2,1667912,1138,21,1138,21,0,66,3,0
10,350,21.000000,42.000000,1,2,1667915,1138,20,1138,20,0,66,3,0
10,350,21.000000,42.000000,1,2,1667918,1138,19,1138,19,0,66,3,0
10,350,21.000000,42.000000,1,2,1667921,1138,19,1138,19,0,66,3,0
10,350,21.000000,42.000000,1,2,1667923,1138,19,1138,19,0,66,3,0
10,350,21.000000,42.000000,1,2,1667926,1139,18,1139,18,0,66,3,0
10,350,21.000000,42.000000,1,2,1667929,1139,18,1139,18,0,66,3,0
10,350,21.000000,42.000000,1,2,1667932,1139,18,1139,18,0,66,3,0
10,350,21.000000,42.000000,1,2,1667935,1139,17,1139,17,0,66,3,0
10,350,21.000000,42.000000,1,2,1667937,1139,16,1139,16,0,66,3,0
10,350,21.000000,42.000000,1,2,1667940,1139,16,1139,16,0,66,3,0
10,350,21.000000,42.000000,1,2,1667943,1139,16,1139,16,0,66,3,0
10,350,21.000000,42.000000,1,2,1667946,1139,15,1139,15,0,66,3,0
10,350,21.000000,42.000000,1,2,1667948,1139,15,1139,15,0,66,3,0
10,350,21.000000,42.000000,1,2,1667951,1139,14,1139,14,0,66,3,0
10,350,21.000000,42.000000,1,2,1667954,1139,13,1139,13,0,66,3,0
10,350,21.000000,42.000000,1,2,1667957,1139,13,1139,13,0,66,3,0
10,350,21.000000,42.000000,1,2,1667960,1139,13,1139,13,0,66,3,0
10,350,21.000000,42.000000,1,2,1667962,1139,13,1139,13,0,66,3,0
10,350,21.000000,42.000000,1,2,1667965,1139,12,1139,12,0,66,3,0
10,350,21.000000,42.000000,1,2,1667968,1139,11,1139,11,0,66,3,0
10,350,21.000000,42.000000,1,2,1667970,1139,11,1139,11,0,66,3,0
10,350,21.000000,42.000000,1,2,1667973,1139,11,1139,11,0,66,3,0
10,350,21.000000,42.000000,1,2,1667976,1139,10,1139,10,0,66,3,0
10,350,21.000000,42.000000,1,2,1667979,1139,9,1139,9,0,66,3,0
10,350,21.000000,42.000000,1,2,1667981,1139,9,1139,9,0,66,3,0
10,350,21.000000,42.000000,1,2,1667984,1139,9,1139,9,0,66,3,0
10,350,21.000000,42.000000,1,2,1667987,1139,9,1139,9,0,66,3,0
10,350,21.000000,42.000000,1,2,1667990,1139,8,1139,8,0,66,3,0
10,350,21.000000,42.000000,1,2,1667993,1139,7,1139,7,0,66,3,0
10,350,21.000000,42.000000,1,2,1667995,1139,7,1139,7,0,66,3,0
10,350,21.000000,42.000000,1,2,1667998,1139,6,1139,6,0,66,3,0
10,350,21.000000,42.000000,1,2,1668001,1139,5,1139,5,0,66,3,0
10,350,21.000000,42.000000,1,2,1668004,1139,5,1139,5,0,66,3,0
10,350,21.000000,42.000000,1,2,1668006,1139,5,1139,5,0,66,3,0
10,350,21.000000,42.000000,1,2,1668009,1139,5,1139,5,0,66,3,0
10,350,21.000000,42.000000,1,2,1668012,1139,5,1139,5,0,66,3,0
10,350,21.000000,42.000000,1,2,1668015,1139,5,1139,5,0,66,3,0
10,350,21.000000,42.000000,1,2,1668018,1139,5,1139,5,0,66,3,0
10,350,21.000000,42.000000,1,2,1668020,1139,4,1139,4,0,66,3,0
10,350,21.000000,42.000000,1,2,1668024,1139,3,1139,3,0,66,3,0
10,350,21.000000,42.000000,1,2,1668026,1139,3,1139,3,0,66,3,0
10,350,21.000000,42.000000,1,2,1668038,1139,3,1139,3,0,66,3,0
