10,350,21.000000,10000.000000,1,2,1674477,778,2,778,2,0,67,2,0
10,350,21.000000,10000.000000,1,2,1674478,778,2,778,2,0,67,2,0
10,350,21.000000,10000.000000,1,2,1674481,778,2,778,2,0,67,2,0
10,350,21.000000,10000.000000,1,2,1674483,778,3,778,3,0,67,2,0
10,350,21.000000,10000.000000,1,2,1674486,778,4,778,4,0,67,2,0
10,350,21.000000,10000.000000,1,2,1674489,777,4,777,4,0,67,2,0
10,350,21.000000,10000.000000,1,2,1674491,777,5,777,5,0,67,2,0
10,350,21.000000,10000.000000,1,2,1674495,777,6,777,6,0,67,2,0
10,350,21.000000,10000.000000,1,2,1674497,777,7,777,7,0,67,2,0
10,350,21.000000,10000.000000,1,2,1674500,777,8,777,8,0,67,2,0
10,350,21.000000,10000.000000,1,2,1674503,777,9,777,9,0,67,2,0
10,350,21.000000,10000.000000,1,2,1674506,777,10,777,10,0,67,2,0
10,350,21.000000,10000.000000,1,2,1674508,777,10,777,10,0,67,2,0
10,350,21.000000,10000.000000,1,2,1674511,777,11,777,11,0,67,2,0
10,350,21.000000,10000.000000,1,2,1674514,777,12,777,12,0,67,2,0
10,350,21.000000,10000.000000,1,2,1674517,777,13,777,13,0,67,2,0
10,350,21.000000,10000.000000,1,2,1674520,777,14,777,14,0,67,2,0
10,350,21.000000,10000.000000,1,2,1674522,777,15,777,15,0,67,2,0
10,350,21.000000,10000.000000,1,2,1674525,777,16,777,16,0,67,2,0
10,350,21.000000,10000.000000,1,2,1674528,777,17,777,17,0,67,2,0
10,350,21.000000,10000.000000,1,2,1674531,777,17,777,17,0,67,2,0
10,350,21.000000,10000.000000,1,2,1674533,777,18,777,18,0,67,2,0
10,350,21.000000,10000.000000,1,2,1674536,777,19,777,19,0,67,2,0
10,350,21.000000,10000.000000,1,2,1674539,777,20,777,20,0,67,2,0
10,350,21.000000,10000.000000,1,2,1674542,777,21,777,21,0,67,2,0
10,350,21.000000,10000.000000,1,2,1674544,777,22,777,22,0,67,2,0
10,350,21.000000,10000.000000,1,2,1674547,777,23,777,23,0,67,2,0
10,350,21.000000,10000.000000,1,2,1674550,778,24,778,24,0,67,2,0
10,350,21.000000,10000.000000,1,2,1674553,778,25,778,25,0,67,2,0
10,350,21.000000,10000.000000,1,2,1674555,779,25,779,25,0,67,2,0
10,350,21.000000,10000.000000,1,2,1674558,779,26,779,26,0,67,2,0
10,350,21.000000,10000.000000,1,2,1674561,780,26,780,26,0,67,2,0
10,350,21.000000,10000.000000,1,2,1674564,782,27,782,27,0,67,2,0
10,350,21.000000,10000.000000,1,2,1674567,783,28,783,28,0,67,2,0
10,350,21.000000,10000.000000,1,2,1674569,784,28,784,28,0,67,2,0
10,350,21.000000,10000.000000,1,2,1674572,785,30,785,30,0,67,2,0
10,350,21.000000,10000.000000,1,2,1674575,787,30,787,30,0,67,2,0
10,350,21.000000,10000.000000,1,2,1674578,788,30,788,30,0,67,2,0
10,350,21.000000,10000.000000,1,2,1674580,790,31,790,31,0,67,2,0
10,350,21.000000,10000.000000,1,2,1674583,792,33,792,33,0,67,2,0
10,350,21.000000,10000.000000,1,2,1674586,796,33,796,33,0,67,2,0
10,350,21.000000,10000.000000,1,2,1674589,800,34,800,34,0,67,2,0
10,350,21.000000,10000.000000,1,2,1674592,803,35,803,35,0,67,2,0
10,350,21.000000,10000.000000,1,2,1674594,807,36,807,36,0,67,2,0
10,350,21.000000,10000.000000,1,2,1674597,809,37,809,37,0,67,2,0
10,350,21.000000,10000.000000,1,2,1674600,813,39,813,39,0,67,2,0
10,350,21.000000,10000.000000,1,2,1674603,820,41,820,41,0,67,2,0
10,350,21.000000,10000.000000,1,2,1674605,826,42,826,42,0,67,2,0
10,350,21.000000,10000.000000,1,2,1674608,830,43,830,43,0,67,2,0
10,350,21.000000,10000.000000,1,2,1674611,835,44,835,44,0,67,2,0
10,350,21.000000,10000.000000,1,2,1674614,839,45,839,45,0,67,2,0
10,350,21.000000,10000.000000,1,2,1674617,848,46,848,46,0,67,2,0
10,350,21.000000,10000.000000,1,2,1674619,854,48,854,48,0,67,2,0
10,350,21.000000,10000.000000,1,2,1674622,861,50,861,50,0,67,2,0
10,350,21.000000,10000.000000,1,2,1674625,871,51,871,51,0,67,2,0
10,350,21.000000,10000.000000,1,2,1674628,881,53,881,53,0,67,2,0
10,350,21.000000,10000.000000,1,2,1674630,890,54,890,54,0,67,2,0
10,350,21.000000,10000.000000,1,2,1674633,898,55,898,55,0,67,2,0
10,350,21.000000,10000.000000,1,2,1674636,902,55,902,55,0,67,2,0
10,350,21.000000,10000.000000,1,2,1674639,910,56,910,56,0,67,2,0
10,350,21.000000,10000.000000,1,2,1674642,917,57,917,57,0,67,2,0
10,350,21.000000,10000.000000,1,2,1674644,926,58,926,58,0,67,2,0
10,350,21.000000,10000.000000,1,2,1674647,927,58,927,58,0,67,2,0
10,350,21.000000,10000.000000,1,2,1674650,939,59,939,59,0,67,2,0
10,350,21.000000,10000.000000,1,2,1674653,947,60,947,60,0,67,2,0
10,350,21.000000,10000.000000,1,2,1674656,955,60,955,60,0,67,2,0
10,350,21.000000,10000.000000,1,2,1674659,960,60,960,60,0,67,2,0
10,350,21.000000,10000.000000,1,2,1674661,968,61,968,61,0,67,2,0
10,350,21.000000,10000.000000,1,2,1674664,979,61,979,61,0,67,2,0
10,350,21.000000,10000.000000,1,2,1674667,987,61,987,61,0,67,2,0
10,350,21.000000,10000.000000,1,2,1674670,996,62,996,62,0,67,2,0
10,350,21.000000,10000.000000,1,2,1674672,1004,62,1004,62,0,67,2,0
10,350,21.000000,10000.000000,1,2,1674675,1013,62,1013,62,0,67,2,0
10,350,21.000000,10000.000000,1,2,1674678,1020,62,1020,62,0,67,2,0
10,350,21.000000,10000.000000,1,2,1674681,1028,62,1028,62,0,67,2,0
10,350,21.000000,10000.000000,1,2,1674683,1035,62,1035,62,0,67,2,0
10,350,21.000000,10000.000000,1,2,1674686,1046,62,1046,62,0,67,2,0
10,350,21.000000,10000.000000,1,2,1674689,1055,62,1055,62,0,67,2,0
10,350,21.000000,10000.000000,1,2,1674692,1064,62,1064,62,0,67,2,0
10,350,21.000000,10000.000000,1,2,1674695,1072,62,1072,62,0,67,2,0
10,350,21.000000,10000.000000,1,2,1674697,1080,62,1080,62,0,67,2,0
10,350,21.000000,10000.000000,1,2,1674700,1090,62,1090,62,0,67,2,0
10,350,21.000000,10000.000000,1,2,1674703,1098,62,1098,62,0,67,2,0
10,350,21.000000,10000.000000,1,2,1674706,1104,62,1104,62,0,67,2,0
10,350,21.000000,10000.000000,1,2,1674708,1110,62,1110,62,0,67,2,0
10,350,21.000000,10000.000000,1,2,1674711,1118,61,1118,61,0,67,2,0
10,350,21.000000,10000.000000,1,2,1674714,1121,60,1121,60,0,67,2,0
10,350,21.000000,10000.000000,1,2,1674717,1127,60,1127,60,0,67,2,0
10,350,21.000000,10000.000000,1,2,1674720,1131,59,1131,59,0,67,2,0
10,350,21.000000,10000.000000,1,2,1674722,1134,58,1134,58,0,67,2,0
10,350,21.000000,10000.000000,1,2,1674725,1135,58,1135,58,0,67,2,0
10,350,21.000000,10000.000000,1,2,1674728,1137,57,1137,57,0,67,2,0
10,350,21.000000,10000.000000,1,2,1674731,1139,56,1139,56,0,67,2,0
10,350,21.000000,10000.000000,1,2,1674734,1140,55,1140,55,0,67,2,0
10,350,21.000000,10000.000000,1,2,1674736,1140,54,1140,54,0,67,2,0
10,350,21.000000,10000.000000,1,2,1674739,1141,54,1141,54,0,67,2,0
10,350,21.000000,10000.000000,1,2,1674742,1142,54,1142,54,0,67,2,0
10,350,21.000000,10000.000000,1,2,1674745,1143,53,1143,53,0,67,2,0
10,350,21.000000,10000.000000,1,2,1674747,1146,51,1146,51,0,67,2,0
10,350,21.000000,10000.000000,1,2,1674750,1147,50,1147,50,0,67,2,0
10,350,21.000000,10000.000000,1,2,1674753,1148,50,1148,50,0,67,2,0
10,350,21.000000,10000.000000,1,2,1674756,1149,49,1149,49,0,67,2,0
10,350,21.000000,10000.000000,1,2,1674758,1150,49,1150,49,0,67,2,0
10,350,21.000000,10000.000000,1,2,1674761,1150,49,1150,49,0,67,2,0
10,350,21.000000,10000.000000,1,2,1674764,1151,49,1151,49,0,67,2,0
10,350,21.000000,10000.000000,1,2,1674767,1153,49,1153,49,0,67,2,0
10,350,21.000000,10000.000000,1,2,1674769,1154,48,1154,48,0,67,2,0
10,350,21.000000,10000.000000,1,2,1674773,1155,48,1155,48,0,67,2,0
10,350,21.000000,10000.000000,1,2,1674775,1156,48,1156,48,0,67,2,0
10,350,21.000000,10000.000000,1,2,1674778,1157,48,1157,48,0,67,2,0
10,350,21.000000,10000.000000,1,2,1674781,1157,47,1157,47,0,67,2,0
10,350,21.000000,10000.000000,1,2,1674783,1157,46,1157,46,0,67,2,0
10,350,21.000000,10000.000000,1,2,1674786,1157,45,1157,45,0,67,2,0
10,350,21.000000,10000.000000,1,2,1674789,1158,44,1158,44,0,67,2,0
10,350,21.000000,10000.000000,1,2,1674792,1158,43,1158,43,0,67,2,0
10,350,21.000000,10000.000000,1,2,1674794,1158,42,1158,42,0,67,2,0
10,350,21.000000,10000.000000,1,2,1674797,1158,42,1158,42,0,67,2,0
10,350,21.000000,10000.000000,1,2,1674800,1158,41,1158,41,0,67,2,0
10,350,21.000000,10000.000000,1,2,1674803,1158,40,1158,40,0,67,2,0
10,350,21.000000,10000.000000,1,2,1674806,1158,39,1158,39,0,67,2,0
10,350,21.000000,10000.000000,1,2,1674808,1159,38,1159,38,0,67,2,0
10,350,21.000000,10000.000000,1,2,1674811,1160,37,1160,37,0,67,2,0
10,350,21.000000,10000.000000,1,2,1674814,1160,37,1160,37,0,67,2,0
10,350,21.000000,10000.000000,1,2,1674817,1160,37,1160,37,0,67,2,0
10,350,21.000000,10000.000000,1,2,1674819,1160,36,1160,36,0,67,2,0
10,350,21.000000,10000.000000,1,2,1674822,1161,36,1161,36,0,67,2,0
10,350,21.000000,10000.000000,1,2,1674825,1162,36,1162,36,0,67,2,0
10,350,21.000000,10000.000000,1,2,1674828,1162,36,1162,36,0,67,2,0
10,350,21.000000,10000.000000,1,2,1674831,1162,36,1162,36,0,67,2,0
10,350,21.000000,10000.000000,1,2,1674833,1162,36,1162,36,0,67,2,0
10,350,21.000000,10000.000000,1,2,1674836,1162,35,1162,35,0,67,2,0
10,350,21.000000,10000.000000,1,2,1674839,1163,35,1163,35,0,67,2,0
10,350,21.000000,10000.000000,1,2,1674842,1164,35,1164,35,0,67,2,0
10,350,21.000000,10000.000000,1,2,1674844,1164,35,1164,35,0,67,2,0
10,350,21.000000,10000.000000,1,2,1674847,1164,34,1164,34,0,67,2,0
10,350,21.000000,10000.000000,1,2,1674850,1165,34,1165,34,0,67,2,0
10,350,21.000000,10000.000000,1,2,1674853,1165,33,1165,33,0,67,2,0
10,350,21.000000,10000.000000,1,2,1674856,1165,32,1165,32,0,67,2,0
10,350,21.000000,10000.000000,1,2,1674858,1165,32,1165,32,0,67,2,0
10,350,21.000000,10000.000000,1,2,1674861,1165,31,1165,31,0,67,2,0
10,350,21.000000,10000.000000,1,2,1674864,1165,30,1165,30,0,67,2,0
10,350,21.000000,10000.000000,1,2,1674867,1165,30,1165,30,0,67,2,0
10,350,21.000000,10000.000000,1,2,1674870,1165,30,1165,30,0,67,2,0
10,350,21.000000,10000.000000,1,2,1674873,1165,29,1165,29,0,67,2,0
10,350,21.000000,10000.000000,1,2,1674875,1165,28,1165,28,0,67,2,0
10,350,21.000000,10000.000000,1,2,1674878,1165,28,1165,28,0,67,2,0
10,350,21.000000,10000.000000,1,2,1674881,1165,28,1165,28,0,67,2,0
10,350,21.000000,10000.000000,1,2,1674883,1165,27,1165,27,0,67,2,0
10,350,21.000000,10000.000000,1,2,1674886,1165,26,1165,26,0,67,2,0
10,350,21.000000,10000.000000,1,2,1674889,1165,25,1165,25,0,67,2,0
10,350,21.000000,10000.000000,1,2,1674892,1165,24,1165,24,0,67,2,0
10,350,21.000000,10000.000000,1,2,1674894,1165,24,1165,24,0,67,2,0
10,350,21.000000,10000.000000,1,2,1674897,1165,24,1165,24,0,67,2,0
10,350,21.000000,10000.000000,1,2,1674900,1165,23,1165,23,0,67,2,0
10,350,21.000000,10000.000000,1,2,1674903,1164,23,1164,23,0,67,2,0
10,350,21.000000,10000.000000,1,2,1674906,1163,23,1163,23,0,67,2,0
10,350,21.000000,10000.000000,1,2,1674908,1163,22,1163,22,0,67,2,0
10,350,21.000000,10000.000000,1,2,1674911,1162,21,1162,21,0,67,2,0
10,350,21.000000,10000.000000,1,2,1674914,1162,21,1162,21,0,67,2,0
10,350,21.000000,10000.000000,1,2,1674917,1161,21,1161,21,0,67,2,0
10,350,21.000000,10000.000000,1,2,1674919,1160,20,1160,20,0,67,2,0
10,350,21.000000,10000.000000,1,2,1674922,1159,19,1159,19,0,67,2,0
10,350,21.000000,10000.000000,1,2,1674925,1158,19,1158,19,0,67,2,0
10,350,21.000000,10000.000000,1,2,1674928,1157,19,1157,19,0,67,2,0
10,350,21.000000,10000.000000,1,2,1674931,1156,19,1156,19,0,67,2,0
10,350,21.000000,10000.000000,1,2,1674933,1155,18,1155,18,0,67,2,0
10,350,21.000000,10000.000000,1,2,1674936,1155,18,1155,18,0,67,2,0
10,350,21.000000,10000.000000,1,2,1674939,1154,18,1154,18,0,67,2,0
10,350,21.000000,10000.000000,1,2,1674942,1154,17,1154,17,0,67,2,0
10,350,21.000000,10000.000000,1,2,1674944,1154,16,1154,16,0,67,2,0
10,350,21.000000,10000.000000,1,2,1674947,1154,16,1154,16,0,67,2,0
10,350,21.000000,10000.000000,1,2,1674950,1153,16,1153,16,0,67,2,0
10,350,21.000000,10000.000000,1,2,1674953,1152,16,1152,16,0,67,2,0
10,350,21.000000,10000.000000,1,2,1674956,1151,16,1151,16,0,67,2,0
10,350,21.000000,10000.000000,1,2,1674958,1150,16,1150,16,0,67,2,0
10,350,21.000000,10000.000000,1,2,1674962,1150,15,1150,15,0,67,2,0
10,350,21.000000,10000.000000,1,2,1674964,1149,15,1149,15,0,67,2,0
10,350,21.000000,10000.000000,1,2,1674967,1148,15,1148,15,0,67,2,0
10,350,21.000000,10000.000000,1,2,1674970,1147,15,1147,15,0,67,2,0
10,350,21.000000,10000.000000,1,2,1674972,1146,15,1146,15,0,67,2,0
10,350,21.000000,10000.000000,1,2,1674975,1146,14,1146,14,0,67,2,0
10,350,21.000000,10000.000000,1,2,1674978,1145,13,1145,13,0,67,2,0
10,350,21.000000,10000.000000,1,2,1674981,1144,13,1144,13,0,67,2,0
10,350,21.000000,10000.000000,1,2,1674983,1143,13,1143,13,0,67,2,0
10,350,21.000000,10000.000000,1,2,1674986,1142,12,1142,12,0,67,2,0
10,350,21.000000,10000.000000,1,2,1674989,1141,11,1141,11,0,67,2,0
10,350,21.000000,10000.000000,1,2,1674992,1139,11,1139,11,0,67,2,0
10,350,21.000000,10000.000000,1,2,1674995,1139,10,1139,10,0,67,2,0
10,350,21.000000,10000.000000,1,2,1674997,1138,9,1138,9,0,67,2,0
10,350,21.000000,10000.000000,1,2,1675000,1137,9,1137,9,0,67,2,0
10,350,21.000000,10000.000000,1,2,1675003,1135,9,1135,9,0,67,2,0
10,350,21.000000,10000.000000,1,2,1675006,1133,9,1133,9,0,67,2,0
10,350,21.000000,10000.000000,1,2,1675008,1133,8,1133,8,0,67,2,0
10,350,21.000000,10000.000000,1,2,1675011,1132,8,1132,8,0,67,2,0
10,350,21.000000,10000.000000,1,2,1675014,1131,8,1131,8,0,67,2,0
10,350,21.000000,10000.000000,1,2,1675017,1130,8,1130,8,0,67,2,0
10,350,21.000000,10000.000000,1,2,1675020,1129,8,1129,8,0,67,2,0
10,350,21.000000,10000.000000,1,2,1675022,1128,8,1128,8,0,67,2,0
10,350,21.000000,10000.000000,1,2,1675025,1128,8,1128,8,0,67,2,0
10,350,21.000000,10000.000000,1,2,1675028,1128,8,1128,8,0,67,2,0
10,350,21.000000,10000.000000,1,2,1675031,1128,8,1128,8,0,67,2,0
10,350,21.000000,10000.000000,1,2,1675033,1128,8,1128,8,0,67,2,0
10,350,21.000000,10000.000000,1,2,1675036,1128,8,1128,8,0,67,2,0
10,350,21.000000,10000.000000,1,2,1675039,1128,8,1128,8,0,67,2,0
10,350,21.000000,10000.000000,1,2,1675042,1128,8,1128,8,0,67,2,0
10,350,21.000000,10000.000000,1,2,1675045,1128,8,1128,8,0,67,2,0
10,350,21.000000,10000.000000,1,2,1675047,1128,8,1128,8,0,67,2,0
10,350,21.000000,10000.000000,1,2,1675050,1128,8,1128,8,0,67,2,0
10,350,21.000000,10000.000000,1,2,1675053,1128,8,1128,8,0,67,2,0
10,350,21.000000,10000.000000,1,2,1675056,1128,8,1128,8,0,67,2,0
10,350,21.000000,10000.000000,1,2,1675058,1128,8,1128,8,0,67,2,0
10,350,21.000000,10000.000000,1,2,1675061,1128,8,1128,8,0,67,2,0
10,350,21.000000,10000.000000,1,2,1675064,1128,8,1128,8,0,67,2,0
10,350,21.000000,10000.000000,1,2,1675067,1128,7,1128,7,0,67,2,0
10,350,21.000000,10000.000000,1,2,1675070,1128,6,1128,6,0,67,2,0
10,350,21.000000,10000.000000,1,2,1675072,1128,6,1128,6,0,67,2,0
10,350,21.000000,10000.000000,1,2,1675075,1128,6,1128,6,0,67,2,0
10,350,21.000000,10000.000000,1,2,1675086,1128,6,1128,6,0,67,2,0
