10,350,80.500000,42.000000,1,0,115028151,793,0,793,0,0,23,8
10,350,80.500000,42.000000,1,0,115028152,793,0,793,0,0,23,8
10,350,80.500000,42.000000,1,0,115028155,793,0,793,0,0,23,8
10,350,80.500000,42.000000,1,0,115028157,793,0,793,0,0,23,8
10,350,80.500000,42.000000,1,0,115028160,793,0,793,0,0,23,8
10,350,80.500000,42.000000,1,0,115028163,793,0,793,0,0,23,8
10,350,80.500000,42.000000,1,0,115028166,793,0,793,0,0,23,8
10,350,80.500000,42.000000,1,0,115028169,793,0,793,0,0,23,8
10,350,80.500000,42.000000,1,0,115028171,793,0,793,0,0,23,8
10,350,80.500000,42.000000,1,0,115028174,793,0,793,0,0,23,8
10,350,80.500000,42.000000,1,0,115028177,793,0,793,0,0,23,8
10,350,80.500000,42.000000,1,0,115028179,793,0,793,0,0,23,8
10,350,80.500000,42.000000,1,0,115028182,793,0,793,0,0,23,8
10,350,80.500000,42.000000,1,0,115028185,793,0,793,0,0,23,8
10,350,80.500000,42.000000,1,0,115028188,793,0,793,0,0,23,8
10,350,80.500000,42.000000,1,0,115028191,793,0,793,0,0,23,8
10,350,80.500000,42.000000,1,0,115028193,793,0,793,0,0,23,8
10,350,80.500000,42.000000,1,0,115028196,793,0,793,0,0,23,8
10,350,80.500000,42.000000,1,0,115028199,793,0,793,0,0,23,8
10,350,80.500000,42.000000,1,0,115028202,793,0,793,0,0,23,8
10,350,80.500000,42.000000,1,0,115028205,793,0,793,0,0,23,8
10,350,80.500000,42.000000,1,0,115028207,793,0,793,0,0,23,8
10,350,80.500000,42.000000,1,0,115028211,793,0,793,0,0,23,8
10,350,80.500000,42.000000,1,0,115028213,793,0,793,0,0,23,8
10,350,80.500000,42.000000,1,0,115028216,793,0,793,0,0,23,8
10,350,80.500000,42.000000,1,0,115028219,793,0,793,0,0,23,8
10,350,80.500000,42.000000,1,0,115028221,793,0,793,0,0,23,8
10,350,80.500000,42.000000,1,0,115028224,793,0,793,0,0,23,8
10,350,80.500000,42.000000,1,0,115028227,794,0,794,0,0,23,8
10,350,80.500000,42.000000,1,0,115028230,794,0,794,0,0,23,8
10,350,80.500000,42.000000,1,0,115028232,795,0,795,0,0,23,8
10,350,80.500000,42.000000,1,0,115028235,796,0,796,0,0,23,8
10,350,80.500000,42.000000,1,0,115028238,797,1,797,1,0,23,8
10,350,80.500000,42.000000,1,0,115028241,798,2,798,2,0,23,8
10,350,80.500000,42.000000,1,0,115028243,802,2,802,2,0,23,8
10,350,80.500000,42.000000,1,0,115028246,803,3,803,3,0,23,8
10,350,80.500000,42.000000,1,0,115028249,804,5,804,5,0,23,8
10,350,80.500000,42.000000,1,0,115028252,806,5,806,5,0,23,8
10,350,80.500000,42.000000,1,0,115028254,808,5,808,5,0,23,8
10,350,80.500000,42.000000,1,0,115028257,809,7,809,7,0,23,8
10,350,80.500000,42.000000,1,0,115028260,812,9,812,9,0,23,8
10,350,80.500000,42.000000,1,0,115028263,814,10,814,10,0,23,8
10,350,80.500000,42.000000,1,0,115028266,815,13,815,13,0,23,8
10,350,80.500000,42.000000,1,0,115028269,817,16,817,16,0,23,8
10,350,80.500000,42.000000,1,0,115028271,819,17,819,17,0,23,8
10,350,80.500000,42.000000,1,0,115028274,822,20,822,20,0,23,8
10,350,80.500000,42.000000,1,0,115028277,826,23,826,23,0,23,8
10,350,80.500000,42.000000,1,0,115028280,829,24,829,24,0,23,8
10,350,80.500000,42.000000,1,0,115028283,833,27,833,27,0,23,8
10,350,80.500000,42.000000,1,0,115028285,838,32,838,32,0,23,8
10,350,80.500000,42.000000,1,0,115028288,841,33,841,33,0,23,8
10,350,80.500000,42.000000,1,0,115028291,845,35,845,35,0,23,8
10,350,80.500000,42.000000,1,0,115028294,849,40,849,40,0,23,8
10,350,80.500000,42.000000,1,0,115028296,853,41,853,41,0,23,8
10,350,80.500000,42.000000,1,0,115028299,857,46,857,46,0,23,8
10,350,80.500000,42.000000,1,0,115028302,860,48,860,48,0,23,8
10,350,80.500000,42.000000,1,0,115028305,864,51,864,51,0,23,8
10,350,80.500000,42.000000,1,0,115028308,868,55,868,55,0,23,8
10,350,80.500000,42.000000,1,0,115028310,873,58,873,58,0,23,8
10,350,80.500000,42.000000,1,0,115028313,879,61,879,61,0,23,8
10,350,80.500000,42.000000,1,0,115028316,885,64,885,64,0,23,8
10,350,80.500000,42.000000,1,0,115028319,887,65,887,65,0,23,8
10,350,80.500000,42.000000,1,0,115028321,893,66,893,66,0,23,8
10,350,80.500000,42.000000,1,0,115028324,899,68,899,68,0,23,8
10,350,80.500000,42.000000,1,0,115028327,902,68,902,68,0,23,8
10,350,80.500000,42.000000,1,0,115028330,908,70,908,70,0,23,8
10,350,80.500000,42.000000,1,0,115028333,913,72,913,72,0,23,8
10,350,80.500000,42.000000,1,0,115028335,918,72,918,72,0,23,8
10,350,80.500000,42.000000,1,0,115028338,925,72,925,72,0,23,8
10,350,80.500000,42.000000,1,0,115028341,932,73,932,73,0,23,8
10,350,80.500000,42.000000,1,0,115028344,938,74,938,74,0,23,8
10,350,80.500000,42.000000,1,0,115028346,943,74,943,74,0,23,8
10,350,80.500000,42.000000,1,0,115028349,949,74,949,74,0,23,8
10,350,80.500000,42.000000,1,0,115028352,957,74,957,74,0,23,8
10,350,80.500000,42.000000,1,0,115028355,964,74,964,74,0,23,8
10,350,80.500000,42.000000,1,0,115028357,968,74,968,74,0,23,8
10,350,80.500000,42.000000,1,0,115028360,976,74,976,74,0,23,8
10,350,80.500000,42.000000,1,0,115028363,980,74,980,74,0,23,8
10,350,80.500000,42.000000,1,0,115028366,985,74,985,74,0,23,8
10,350,80.500000,42.000000,1,0,115028369,989,73,989,73,0,23,8
10,350,80.500000,42.000000,1,0,115028371,995,72,995,72,0,23,8
10,350,80.500000,42.000000,1,0,115028374,999,72,999,72,0,23,8
10,350,80.500000,42.000000,1,0,115028377,1003,71,1003,71,0,23,8
10,350,80.500000,42.000000,1,0,115028380,1008,71,1008,71,0,23,8
10,350,80.500000,42.000000,1,0,115028382,1012,71,1012,71,0,23,8
10,350,80.500000,42.000000,1,0,115028385,1018,69,1018,69,0,23,8
10,350,80.500000,42.000000,1,0,115028388,1022,69,1022,69,0,23,8
10,350,80.500000,42.000000,1,0,115028391,1028,69,1028,69,0,23,8
10,350,80.500000,42.000000,1,0,115028394,1034,67,1034,67,0,23,8
10,350,80.500000,42.000000,1,0,115028396,1037,67,1037,67,0,23,8
10,350,80.500000,42.000000,1,0,115028399,1044,65,1044,65,0,23,8
10,350,80.500000,42.000000,1,0,115028402,1047,65,1047,65,0,23,8
10,350,80.500000,42.000000,1,0,115028405,1051,63,1051,63,0,23,8
10,350,80.500000,42.000000,1,0,115028407,1055,62,1055,62,0,23,8
10,350,80.500000,42.000000,1,0,115028410,1059,61,1059,61,0,23,8
10,350,80.500000,42.000000,1,0,115028413,1061,59,1061,59,0,23,8
10,350,80.500000,42.000000,1,0,115028416,1064,58,1064,58,0,23,8
10,350,80.500000,42.000000,1,0,115028418,1067,57,1067,57,0,23,8
10,350,80.500000,42.000000,1,0,115028421,1071,54,1071,54,0,23,8
10,350,80.500000,42.000000,1,0,115028424,1073,53,1073,53,0,23,8
10,350,80.500000,42.000000,1,0,115028427,1078,51,1078,51,0,23,8
10,350,80.500000,42.000000,1,0,115028430,1079,50,1079,50,0,23,8
10,350,80.500000,42.000000,1,0,115028433,1081,49,1081,49,0,23,8
10,350,80.500000,42.000000,1,0,115028435,1083,48,1083,48,0,23,8
10,350,80.500000,42.000000,1,0,115028438,1084,48,1084,48,0,23,8
10,350,80.500000,42.000000,1,0,115028441,1087,45,1087,45,0,23,8
10,350,80.500000,42.000000,1,0,115028444,1088,45,1088,45,0,23,8
10,350,80.500000,42.000000,1,0,115028447,1089,45,1089,45,0,23,8
10,350,80.500000,42.000000,1,0,115028449,1090,45,1090,45,0,23,8
10,350,80.500000,42.000000,1,0,115028452,1093,42,1093,42,0,23,8
10,350,80.500000,42.000000,1,0,115028455,1094,41,1094,41,0,23,8
10,350,80.500000,42.000000,1,0,115028457,1096,40,1096,40,0,23,8
10,350,80.500000,42.000000,1,0,115028460,1098,38,1098,38,0,23,8
10,350,80.500000,42.000000,1,0,115028463,1100,36,1100,36,0,23,8
10,350,80.500000,42.000000,1,0,115028466,1100,36,1100,36,0,23,8
10,350,80.500000,42.000000,1,0,115028469,1100,35,1100,35,0,23,8
10,350,80.500000,42.000000,1,0,115028471,1101,33,1101,33,0,23,8
10,350,80.500000,42.000000,1,0,115028474,1102,32,1102,32,0,23,8
10,350,80.500000,42.000000,1,0,115028477,1102,31,1102,31,0,23,8
10,350,80.500000,42.000000,1,0,115028480,1103,30,1103,30,0,23,8
10,350,80.500000,42.000000,1,0,115028483,1104,28,1104,28,0,23,8
10,350,80.500000,42.000000,1,0,115028485,1105,26,1105,26,0,23,8
10,350,80.500000,42.000000,1,0,115028488,1106,23,1106,23,0,23,8
10,350,80.500000,42.000000,1,0,115028491,1108,19,1108,19,0,23,8
10,350,80.500000,42.000000,1,0,115028494,1108,16,1108,16,0,23,8
10,350,80.500000,42.000000,1,0,115028497,1110,14,1110,14,0,23,8
10,350,80.500000,42.000000,1,0,115028499,1110,13,1110,13,0,23,8
10,350,80.500000,42.000000,1,0,115028502,1111,10,1111,10,0,23,8
10,350,80.500000,42.000000,1,0,115028505,1111,8,1111,8,0,23,8
10,350,80.500000,42.000000,1,0,115028508,1112,6,1112,6,0,23,8
10,350,80.500000,42.000000,1,0,115028510,1114,3,1114,3,0,23,8
10,350,80.500000,42.000000,1,0,115028513,1115,0,1115,0,0,23,8
10,350,80.500000,42.000000,1,0,115028516,1116,0,1116,-1,0,23,8
10,350,80.500000,42.000000,1,0,115028519,1117,0,1117,-3,0,23,8
10,350,80.500000,42.000000,1,0,115028522,1118,0,1118,-5,0,23,8
10,350,80.500000,42.000000,1,0,115028524,1119,0,1119,-6,0,23,8
10,350,80.500000,42.000000,1,0,115028527,1120,0,1120,-8,0,23,8
10,350,80.500000,42.000000,1,0,115028530,1120,0,1120,-9,0,23,8
10,350,80.500000,42.000000,1,0,115028533,1122,0,1122,-10,0,23,8
10,350,80.500000,42.000000,1,0,115028536,1122,0,1122,-11,0,23,8
10,350,80.500000,42.000000,1,0,115028538,1122,0,1122,-12,0,23,8
10,350,80.500000,42.000000,1,0,115028541,1127,0,1127,-16,0,23,8
10,350,80.500000,42.000000,1,0,115028544,1128,0,1128,-17,0,23,8
10,350,80.500000,42.000000,1,0,115028547,1129,0,1129,-17,0,23,8
10,350,80.500000,42.000000,1,0,115028550,1129,0,1129,-18,0,23,8
10,350,80.500000,42.000000,1,0,115028552,1131,0,1131,-23,0,23,8
10,350,80.500000,42.000000,1,0,115028555,1134,0,1134,-24,0,23,8
10,350,80.500000,42.000000,1,0,115028558,1137,0,1137,-25,0,23,8
10,350,80.500000,42.000000,1,0,115028561,1137,0,1137,-26,0,23,8
10,350,80.500000,42.000000,1,0,115028563,1139,0,1139,-27,0,23,8
10,350,80.500000,42.000000,1,0,115028566,1140,0,1140,-28,0,23,8
10,350,80.500000,42.000000,1,0,115028568,1141,0,1141,-29,0,23,8
10,350,80.500000,42.000000,1,0,115028572,1142,0,1142,-30,0,23,8
10,350,80.500000,42.000000,1,0,115028574,1144,0,1144,-32,0,23,8
10,350,80.500000,42.000000,1,0,115028577,1145,0,1145,-32,0,23,8
10,350,80.500000,42.000000,1,0,115028580,1146,0,1146,-32,0,23,8
10,350,80.500000,42.000000,1,0,115028583,1146,0,1146,-33,0,23,8
10,350,80.500000,42.000000,1,0,115028585,1146,0,1146,-33,0,23,8
10,350,80.500000,42.000000,1,0,115028588,1146,0,1146,-33,0,23,8
10,350,80.500000,42.000000,1,0,115028591,1146,0,1146,-33,0,23,8
10,350,80.500000,42.000000,1,0,115028594,1146,0,1146,-33,0,23,8
10,350,80.500000,42.000000,1,0,115028597,1146,0,1146,-33,0,23,8
10,350,80.500000,42.000000,1,0,115028599,1146,0,1146,-33,0,23,8
10,350,80.500000,42.000000,1,0,115028602,1146,0,1146,-33,0,23,8
10,350,80.500000,42.000000,1,0,115028605,1146,0,1146,-33,0,23,8
10,350,80.500000,42.000000,1,0,115028608,1146,0,1146,-33,0,23,8
10,350,80.500000,42.000000,1,0,115028611,1146,0,1146,-33,0,23,8
10,350,80.500000,42.000000,1,0,115028613,1146,0,1146,-33,0,23,8
10,350,80.500000,42.000000,1,0,115028616,1146,0,1146,-33,0,23,8
10,350,80.500000,42.000000,1,0,115028619,1146,0,1146,-33,0,23,8
10,350,80.500000,42.000000,1,0,115028622,1146,0,1146,-33,0,23,8
10,350,80.500000,42.000000,1,0,115028625,1146,0,1146,-33,0,23,8
10,350,80.500000,42.000000,1,0,115028627,1146,0,1146,-33,0,23,8
10,350,80.500000,42.000000,1,0,115028630,1146,0,1146,-33,0,23,8
10,350,80.500000,42.000000,1,0,115028633,1146,0,1146,-33,0,23,8
10,350,80.500000,42.000000,1,0,115028635,1146,0,1146,-33,0,23,8
10,350,80.500000,42.000000,1,0,115028638,1146,0,1146,-33,0,23,8
10,350,80.500000,42.000000,1,0,115028641,1146,0,1146,-33,0,23,8
10,350,80.500000,42.000000,1,0,115028644,1146,0,1146,-33,0,23,8
10,350,80.500000,42.000000,1,0,115028646,1146,0,1146,-33,0,23,8
10,350,80.500000,42.000000,1,0,115028649,1146,0,1146,-33,0,23,8
10,350,80.500000,42.000000,1,0,115028652,1146,0,1146,-33,0,23,8
10,350,80.500000,42.000000,1,0,115028655,1146,0,1146,-33,0,23,8
10,350,80.500000,42.000000,1,0,115028658,1146,0,1146,-33,0,23,8
10,350,80.500000,42.000000,1,0,115028660,1146,0,1146,-33,0,23,8
10,350,80.500000,42.000000,1,0,115028663,1146,0,1146,-33,0,23,8
10,350,80.500000,42.000000,1,0,115028666,1146,0,1146,-33,0,23,8
10,350,80.500000,42.000000,1,0,115028669,1146,0,1146,-33,0,23,8
10,350,80.500000,42.000000,1,0,115028672,1146,0,1146,-33,0,23,8
10,350,80.500000,42.000000,1,0,115028675,1146,0,1146,-33,0,23,8
10,350,80.500000,42.000000,1,0,115028677,1146,0,1146,-33,0,23,8
10,350,80.500000,42.000000,1,0,115028680,1146,0,1146,-33,0,23,8
10,350,80.500000,42.000000,1,0,115028682,1146,0,1146,-33,0,23,8
10,350,80.500000,42.000000,1,0,115028685,1146,0,1146,-33,0,23,8
10,350,80.500000,42.000000,1,0,115028688,1146,0,1146,-33,0,23,8
10,350,80.500000,42.000000,1,0,115028691,1146,0,1146,-33,0,23,8
10,350,80.500000,42.000000,1,0,115028694,1146,0,1146,-33,0,23,8
10,350,80.500000,42.000000,1,0,115028697,1146,0,1146,-33,0,23,8
10,350,80.500000,42.000000,1,0,115028699,1146,0,1146,-33,0,23,8
10,350,80.500000,42.000000,1,0,115028702,1146,0,1146,-33,0,23,8
10,350,80.500000,42.000000,1,0,115028705,1146,0,1146,-33,0,23,8
10,350,80.500000,42.000000,1,0,115028708,1146,0,1146,-33,0,23,8
10,350,80.500000,42.000000,1,0,115028710,1146,0,1146,-33,0,23,8
10,350,80.500000,42.000000,1,0,115028713,1146,0,1146,-33,0,23,8
10,350,80.500000,42.000000,1,0,115028716,1145,0,1145,-33,0,23,8
10,350,80.500000,42.000000,1,0,115028719,1144,0,1144,-33,0,23,8
10,350,80.500000,42.000000,1,0,115028722,1142,0,1142,-33,0,23,8
10,350,80.500000,42.000000,1,0,115028724,1141,0,1141,-33,0,23,8
10,350,80.500000,42.000000,1,0,115028727,1140,0,1140,-33,0,23,8
10,350,80.500000,42.000000,1,0,115028730,1139,0,1139,-33,0,23,8
10,350,80.500000,42.000000,1,0,115028733,1136,0,1136,-33,0,23,8
10,350,80.500000,42.000000,1,0,115028736,1133,0,1133,-33,0,23,8
10,350,80.500000,42.000000,1,0,115028738,1131,0,1131,-33,0,23,8
10,350,80.500000,42.000000,1,0,115028741,1129,0,1129,-33,0,23,8
10,350,80.500000,42.000000,1,0,115028744,1127,0,1127,-33,0,23,8
10,350,80.500000,42.000000,1,0,115028747,1126,0,1126,-33,0,23,8
10,350,80.500000,42.000000,1,0,115028749,1125,0,1125,-33,0,23,8
10,350,80.500000,42.000000,1,0,115028752,1124,0,1124,-33,0,23,8
10,350,80.500000,42.000000,1,0,115028755,1124,0,1124,-33,0,23,8
10,350,80.500000,42.000000,1,0,115028767,1124,0,1124,-33,0,23,8
