10,700,21.000000,10000.000000,1,0,115099777,610,3,610,3,0,27,7
10,700,21.000000,10000.000000,1,0,115099778,610,3,610,3,0,27,7
10,700,21.000000,10000.000000,1,0,115099781,610,3,610,3,0,27,7
10,700,21.000000,10000.000000,1,0,115099784,610,3,610,3,0,27,7
10,700,21.000000,10000.000000,1,0,115099786,610,3,610,3,0,27,7
10,700,21.000000,10000.000000,1,0,115099789,610,3,610,3,0,27,7
10,700,21.000000,10000.000000,1,0,115099792,610,3,610,3,0,27,7
10,700,21.000000,10000.000000,1,0,115099795,610,3,610,3,0,27,7
10,700,21.000000,10000.000000,1,0,115099797,610,3,610,3,0,27,7
10,700,21.000000,10000.000000,1,0,115099800,610,3,610,3,0,27,7
10,700,21.000000,10000.000000,1,0,115099803,610,3,610,3,0,27,7
10,700,21.000000,10000.000000,1,0,115099806,610,3,610,3,0,27,7
10,700,21.000000,10000.000000,1,0,115099808,610,3,610,3,0,27,7
10,700,21.000000,10000.000000,1,0,115099811,610,3,610,3,0,27,7
10,700,21.000000,10000.000000,1,0,115099814,610,3,610,3,0,27,7
10,700,21.000000,10000.000000,1,0,115099817,610,3,610,3,0,27,7
10,700,21.000000,10000.000000,1,0,115099820,610,3,610,3,0,27,7
10,700,21.000000,10000.000000,1,0,115099822,610,3,610,3,0,27,7
10,700,21.000000,10000.000000,1,0,115099825,610,3,610,3,0,27,7
10,700,21.000000,10000.000000,1,0,115099828,610,3,610,3,0,27,7
10,700,21.000000,10000.000000,1,0,115099831,610,3,610,3,0,27,7
10,700,21.000000,10000.000000,1,0,115099834,610,3,610,3,0,27,7
10,700,21.000000,10000.000000,1,0,115099836,611,3,611,3,0,27,7
10,700,21.000000,10000.000000,1,0,115099839,612,3,612,3,0,27,7
10,700,21.000000,10000.000000,1,0,115099842,613,3,613,3,0,27,7
10,700,21.000000,10000.000000,1,0,115099845,614,3,614,3,0,27,7
10,700,21.000000,10000.000000,1,0,115099848,615,3,615,3,0,27,7
10,700,21.000000,10000.000000,1,0,115099850,617,3,617,3,0,27,7
10,700,21.000000,10000.000000,1,0,115099853,618,3,618,3,0,27,7
10,700,21.000000,10000.000000,1,0,115099856,620,3,620,3,0,27,7
10,700,21.000000,10000.000000,1,0,115099859,623,3,623,3,0,27,7
10,700,21.000000,10000.000000,1,0,115099862,626,4,626,4,0,27,7
10,700,21.000000,10000.000000,1,0,115099864,629,4,629,4,0,27,7
10,700,21.000000,10000.000000,1,0,115099867,634,4,634,4,0,27,7
10,700,21.000000,10000.000000,1,0,115099870,638,4,638,4,0,27,7
10,700,21.000000,10000.000000,1,0,115099873,645,4,645,4,0,27,7
10,700,21.000000,10000.000000,1,0,115099875,652,3,652,3,0,27,7
10,700,21.000000,10000.000000,1,0,115099878,668,2,668,2,0,27,7
10,700,21.000000,10000.000000,1,0,115099881,678,0,678,0,0,27,7
10,700,21.000000,10000.000000,1,0,115099883,689,0,689,-1,0,27,7
10,700,21.000000,10000.000000,1,0,115099886,701,0,701,-1,0,27,7
10,700,21.000000,10000.000000,1,0,115099889,713,0,713,-1,0,27,7
10,700,21.000000,10000.000000,1,0,115099892,725,0,725,-4,0,27,7
10,700,21.000000,10000.000000,1,0,115099895,739,0,739,-6,0,27,7
10,700,21.000000,10000.000000,1,0,115099897,752,0,752,-7,0,27,7
10,700,21.000000,10000.000000,1,0,115099900,769,0,769,-8,0,27,7
10,700,21.000000,10000.000000,1,0,115099903,788,0,788,-8,0,27,7
10,700,21.000000,10000.000000,1,0,115099906,800,0,800,-9,0,27,7
10,700,21.000000,10000.000000,1,0,115099909,815,0,815,-10,0,27,7
10,700,21.000000,10000.000000,1,0,115099911,828,0,828,-11,0,27,7
10,700,21.000000,10000.000000,1,0,115099914,845,0,845,-13,0,27,7
10,700,21.000000,10000.000000,1,0,115099917,867,0,867,-13,0,27,7
10,700,21.000000,10000.000000,1,0,115099920,881,0,881,-13,0,27,7
10,700,21.000000,10000.000000,1,0,115099922,895,0,895,-15,0,27,7
10,700,21.000000,10000.000000,1,0,115099925,910,0,910,-16,0,27,7
10,700,21.000000,10000.000000,1,0,115099928,944,0,944,-18,0,27,7
10,700,21.000000,10000.000000,1,0,115099931,957,0,957,-19,0,27,7
10,700,21.000000,10000.000000,1,0,115099934,970,0,970,-19,0,27,7
10,700,21.000000,10000.000000,1,0,115099937,989,0,989,-21,0,27,7
10,700,21.000000,10000.000000,1,0,115099939,1005,0,1005,-21,0,27,7
10,700,21.000000,10000.000000,1,0,115099942,1022,0,1022,-22,0,27,7
10,700,21.000000,10000.000000,1,0,115099945,1035,0,1035,-24,0,27,7
10,700,21.000000,10000.000000,1,0,115099948,1049,0,1049,-26,0,27,7
10,700,21.000000,10000.000000,1,0,115099951,1064,0,1064,-27,0,27,7
10,700,21.000000,10000.000000,1,0,115099953,1077,0,1077,-29,0,27,7
10,700,21.000000,10000.000000,1,0,115099956,1092,0,1092,-30,0,27,7
10,700,21.000000,10000.000000,1,0,115099958,1104,0,1104,-31,0,27,7
10,700,21.000000,10000.000000,1,0,115099961,1117,0,1117,-32,0,27,7
10,700,21.000000,10000.000000,1,0,115099964,1131,0,1131,-33,0,27,7
10,700,21.000000,10000.000000,1,0,115099967,1146,0,1146,-35,0,27,7
10,700,21.000000,10000.000000,1,0,115099970,1156,0,1156,-35,0,27,7
10,700,21.000000,10000.000000,1,0,115099972,1168,0,1168,-37,0,27,7
10,700,21.000000,10000.000000,1,0,115099975,1180,0,1180,-38,0,27,7
10,700,21.000000,10000.000000,1,0,115099978,1188,0,1188,-39,0,27,7
10,700,21.000000,10000.000000,1,0,115099981,1198,0,1198,-39,0,27,7
10,700,21.000000,10000.000000,1,0,115099984,1208,0,1208,-42,0,27,7
10,700,21.000000,10000.000000,1,0,115099987,1219,0,1219,-42,0,27,7
10,700,21.000000,10000.000000,1,0,115099989,1228,0,1228,-44,0,27,7
10,700,21.000000,10000.000000,1,0,115099992,1237,0,1237,-44,0,27,7
10,700,21.000000,10000.000000,1,0,115099995,1245,0,1245,-44,0,27,7
10,700,21.000000,10000.000000,1,0,115099998,1253,0,1253,-46,0,27,7
10,700,21.000000,10000.000000,1,0,115100000,1260,0,1260,-46,0,27,7
10,700,21.000000,10000.000000,1,0,115100003,1268,0,1268,-46,0,27,7
10,700,21.000000,10000.000000,1,0,115100006,1272,0,1272,-46,0,27,7
10,700,21.000000,10000.000000,1,0,115100009,1277,0,1277,-47,0,27,7
10,700,21.000000,10000.000000,1,0,115100012,1282,0,1282,-47,0,27,7
10,700,21.000000,10000.000000,1,0,115100014,1286,0,1286,-47,0,27,7
10,700,21.000000,10000.000000,1,0,115100017,1289,0,1289,-47,0,27,7
10,700,21.000000,10000.000000,1,0,115100020,1293,0,1293,-47,0,27,7
10,700,21.000000,10000.000000,1,0,115100023,1297,0,1297,-47,0,27,7
10,700,21.000000,10000.000000,1,0,115100026,1299,0,1299,-47,0,27,7
10,700,21.000000,10000.000000,1,0,115100028,1301,0,1301,-47,0,27,7
10,700,21.000000,10000.000000,1,0,115100031,1303,0,1303,-47,0,27,7
10,700,21.000000,10000.000000,1,0,115100034,1305,0,1305,-47,0,27,7
10,700,21.000000,10000.000000,1,0,115100037,1307,0,1307,-47,0,27,7
10,700,21.000000,10000.000000,1,0,115100039,1309,0,1309,-47,0,27,7
10,700,21.000000,10000.000000,1,0,115100042,1310,0,1310,-47,0,27,7
10,700,21.000000,10000.000000,1,0,115100045,1313,0,1313,-47,0,27,7
10,700,21.000000,10000.000000,1,0,115100047,1313,0,1313,-47,0,27,7
10,700,21.000000,10000.000000,1,0,115100050,1314,0,1314,-47,0,27,7
10,700,21.000000,10000.000000,1,0,115100053,1314,0,1314,-48,0,27,7
10,700,21.000000,10000.000000,1,0,115100056,1315,0,1315,-48,0,27,7
10,700,21.000000,10000.000000,1,0,115100059,1316,0,1316,-48,0,27,7
10,700,21.000000,10000.000000,1,0,115100062,1316,0,1316,-48,0,27,7
10,700,21.000000,10000.000000,1,0,115100064,1317,0,1317,-48,0,27,7
10,700,21.000000,10000.000000,1,0,115100067,1318,0,1318,-48,0,27,7
10,700,21.000000,10000.000000,1,0,115100070,1319,0,1319,-48,0,27,7
10,700,21.000000,10000.000000,1,0,115100073,1320,0,1320,-48,0,27,7
10,700,21.000000,10000.000000,1,0,115100076,1320,0,1320,-48,0,27,7
10,700,21.000000,10000.000000,1,0,115100078,1320,0,1320,-48,0,27,7
10,700,21.000000,10000.000000,1,0,115100081,1320,0,1320,-48,0,27,7
10,700,21.000000,10000.000000,1,0,115100084,1320,0,1320,-48,0,27,7
10,700,21.000000,10000.000000,1,0,115100087,1320,0,1320,-48,0,27,7
10,700,21.000000,10000.000000,1,0,115100089,1320,0,1320,-48,0,27,7
10,700,21.000000,10000.000000,1,0,115100092,1320,0,1320,-48,0,27,7
10,700,21.000000,10000.000000,1,0,115100095,1320,0,1320,-48,0,27,7
10,700,21.000000,10000.000000,1,0,115100098,1320,0,1320,-48,0,27,7
10,700,21.000000,10000.000000,1,0,115100100,1320,0,1320,-48,0,27,7
10,700,21.000000,10000.000000,1,0,115100103,1320,0,1320,-48,0,27,7
10,700,21.000000,10000.000000,1,0,115100106,1320,0,1320,-48,0,27,7
10,700,21.000000,10000.000000,1,0,115100109,1320,0,1320,-48,0,27,7
10,700,21.000000,10000.000000,1,0,115100112,1320,0,1320,-48,0,27,7
10,700,21.000000,10000.000000,1,0,115100114,1320,0,1320,-48,0,27,7
10,700,21.000000,10000.000000,1,0,115100117,1320,0,1320,-48,0,27,7
10,700,21.000000,10000.000000,1,0,115100120,1320,0,1320,-48,0,27,7
10,700,21.000000,10000.000000,1,0,115100123,1320,0,1320,-48,0,27,7
10,700,21.000000,10000.000000,1,0,115100126,1320,0,1320,-48,0,27,7
10,700,21.000000,10000.000000,1,0,115100128,1320,0,1320,-48,0,27,7
10,700,21.000000,10000.000000,1,0,115100131,1320,0,1320,-48,0,27,7
10,700,21.000000,10000.000000,1,0,115100134,1320,0,1320,-48,0,27,7
10,700,21.000000,10000.000000,1,0,115100136,1320,0,1320,-48,0,27,7
10,700,21.000000,10000.000000,1,0,115100139,1320,0,1320,-48,0,27,7
10,700,21.000000,10000.000000,1,0,115100142,1320,0,1320,-48,0,27,7
10,700,21.000000,10000.000000,1,0,115100145,1320,0,1320,-48,0,27,7
10,700,21.000000,10000.000000,1,0,115100148,1320,0,1320,-48,0,27,7
10,700,21.000000,10000.000000,1,0,115100150,1320,0,1320,-48,0,27,7
10,700,21.000000,10000.000000,1,0,115100153,1320,0,1320,-48,0,27,7
10,700,21.000000,10000.000000,1,0,115100156,1320,0,1320,-48,0,27,7
10,700,21.000000,10000.000000,1,0,115100159,1320,0,1320,-48,0,27,7
10,700,21.000000,10000.000000,1,0,115100162,1320,0,1320,-48,0,27,7
10,700,21.000000,10000.000000,1,0,115100164,1320,0,1320,-48,0,27,7
10,700,21.000000,10000.000000,1,0,115100167,1320,0,1320,-48,0,27,7
10,700,21.000000,10000.000000,1,0,115100170,1320,0,1320,-48,0,27,7
10,700,21.000000,10000.000000,1,0,115100173,1320,0,1320,-48,0,27,7
10,700,21.000000,10000.000000,1,0,115100176,1320,0,1320,-48,0,27,7
10,700,21.000000,10000.000000,1,0,115100178,1320,0,1320,-48,0,27,7
10,700,21.000000,10000.000000,1,0,115100181,1320,0,1320,-48,0,27,7
10,700,21.000000,10000.000000,1,0,115100184,1320,0,1320,-48,0,27,7
10,700,21.000000,10000.000000,1,0,115100186,1320,0,1320,-48,0,27,7
10,700,21.000000,10000.000000,1,0,115100189,1320,0,1320,-48,0,27,7
10,700,21.000000,10000.000000,1,0,115100192,1320,0,1320,-48,0,27,7
10,700,21.000000,10000.000000,1,0,115100195,1320,0,1320,-48,0,27,7
10,700,21.000000,10000.000000,1,0,115100198,1320,0,1320,-48,0,27,7
10,700,21.000000,10000.000000,1,0,115100201,1320,0,1320,-48,0,27,7
10,700,21.000000,10000.000000,1,0,115100203,1320,0,1320,-48,0,27,7
10,700,21.000000,10000.000000,1,0,115100206,1320,0,1320,-48,0,27,7
10,700,21.000000,10000.000000,1,0,115100209,1320,0,1320,-48,0,27,7
10,700,21.000000,10000.000000,1,0,115100211,1320,0,1320,-48,0,27,7
10,700,21.000000,10000.000000,1,0,115100215,1320,0,1320,-48,0,27,7
10,700,21.000000,10000.000000,1,0,115100217,1320,0,1320,-48,0,27,7
10,700,21.000000,10000.000000,1,0,115100220,1320,0,1320,-48,0,27,7
10,700,21.000000,10000.000000,1,0,115100223,1320,0,1320,-48,0,27,7
10,700,21.000000,10000.000000,1,0,115100225,1320,0,1320,-48,0,27,7
10,700,21.000000,10000.000000,1,0,115100228,1320,0,1320,-48,0,27,7
10,700,21.000000,10000.000000,1,0,115100231,1320,0,1320,-48,0,27,7
10,700,21.000000,10000.000000,1,0,115100234,1320,0,1320,-48,0,27,7
10,700,21.000000,10000.000000,1,0,115100236,1320,0,1320,-48,0,27,7
10,700,21.000000,10000.000000,1,0,115100239,1320,0,1320,-48,0,27,7
10,700,21.000000,10000.000000,1,0,115100242,1320,0,1320,-48,0,27,7
10,700,21.000000,10000.000000,1,0,115100245,1320,0,1320,-48,0,27,7
10,700,21.000000,10000.000000,1,0,115100248,1320,0,1320,-48,0,27,7
10,700,21.000000,10000.000000,1,0,115100250,1320,0,1320,-48,0,27,7
10,700,21.000000,10000.000000,1,0,115100253,1320,0,1320,-48,0,27,7
10,700,21.000000,10000.000000,1,0,115100256,1320,0,1320,-48,0,27,7
10,700,21.000000,10000.000000,1,0,115100259,1320,0,1320,-48,0,27,7
10,700,21.000000,10000.000000,1,0,115100262,1320,0,1320,-48,0,27,7
10,700,21.000000,10000.000000,1,0,115100265,1320,0,1320,-48,0,27,7
10,700,21.000000,10000.000000,1,0,115100268,1320,0,1320,-48,0,27,7
10,700,21.000000,10000.000000,1,0,115100270,1320,0,1320,-48,0,27,7
10,700,21.000000,10000.000000,1,0,115100273,1320,0,1320,-48,0,27,7
10,700,21.000000,10000.000000,1,0,115100275,1320,0,1320,-48,0,27,7
10,700,21.000000,10000.000000,1,0,115100278,1320,0,1320,-48,0,27,7
10,700,21.000000,10000.000000,1,0,115100281,1320,0,1320,-48,0,27,7
10,700,21.000000,10000.000000,1,0,115100284,1320,0,1320,-48,0,27,7
10,700,21.000000,10000.000000,1,0,115100287,1320,0,1320,-48,0,27,7
10,700,21.000000,10000.000000,1,0,115100289,1320,0,1320,-48,0,27,7
10,700,21.000000,10000.000000,1,0,115100292,1320,0,1320,-48,0,27,7
10,700,21.000000,10000.000000,1,0,115100295,1320,0,1320,-48,0,27,7
10,700,21.000000,10000.000000,1,0,115100298,1320,0,1320,-48,0,27,7
10,700,21.000000,10000.000000,1,0,115100300,1320,0,1320,-48,0,27,7
10,700,21.000000,10000.000000,1,0,115100303,1320,0,1320,-48,0,27,7
10,700,21.000000,10000.000000,1,0,115100306,1320,0,1320,-48,0,27,7
10,700,21.000000,10000.000000,1,0,115100309,1320,0,1320,-48,0,27,7
10,700,21.000000,10000.000000,1,0,115100311,1320,0,1320,-48,0,27,7
10,700,21.000000,10000.000000,1,0,115100314,1320,0,1320,-48,0,27,7
10,700,21.000000,10000.000000,1,0,115100317,1320,0,1320,-48,0,27,7
10,700,21.000000,10000.000000,1,0,115100320,1320,0,1320,-48,0,27,7
10,700,21.000000,10000.000000,1,0,115100323,1320,0,1320,-48,0,27,7
10,700,21.000000,10000.000000,1,0,115100325,1320,0,1320,-48,0,27,7
10,700,21.000000,10000.000000,1,0,115100329,1320,0,1320,-48,0,27,7
10,700,21.000000,10000.000000,1,0,115100331,1320,0,1320,-48,0,27,7
10,700,21.000000,10000.000000,1,0,115100334,1320,0,1320,-48,0,27,7
10,700,21.000000,10000.000000,1,0,115100337,1319,0,1319,-48,0,27,7
10,700,21.000000,10000.000000,1,0,115100340,1319,0,1319,-48,0,27,7
10,700,21.000000,10000.000000,1,0,115100342,1319,0,1319,-48,0,27,7
10,700,21.000000,10000.000000,1,0,115100345,1319,0,1319,-48,0,27,7
10,700,21.000000,10000.000000,1,0,115100348,1319,0,1319,-48,0,27,7
10,700,21.000000,10000.000000,1,0,115100350,1319,0,1319,-48,0,27,7
10,700,21.000000,10000.000000,1,0,115100353,1319,0,1319,-48,0,27,7
10,700,21.000000,10000.000000,1,0,115100356,1319,0,1319,-48,0,27,7
10,700,21.000000,10000.000000,1,0,115100359,1319,0,1319,-48,0,27,7
10,700,21.000000,10000.000000,1,0,115100362,1319,0,1319,-48,0,27,7
10,700,21.000000,10000.000000,1,0,115100364,1319,0,1319,-48,0,27,7
10,700,21.000000,10000.000000,1,0,115100367,1319,0,1319,-48,0,27,7
10,700,21.000000,10000.000000,1,0,115100370,1319,0,1319,-48,0,27,7
10,700,21.000000,10000.000000,1,0,115100373,1319,0,1319,-48,0,27,7
10,700,21.000000,10000.000000,1,0,115100375,1319,0,1319,-48,0,27,7
10,700,21.000000,10000.000000,1,0,115100378,1319,0,1319,-48,0,27,7
10,700,21.000000,10000.000000,1,0,115100381,1319,0,1319,-48,0,27,7
10,700,21.000000,10000.000000,1,0,115100384,1319,0,1319,-48,0,27,7
10,700,21.000000,10000.000000,1,0,115100387,1319,0,1319,-48,0,27,7
10,700,21.000000,10000.000000,1,0,115100389,1319,0,1319,-48,0,27,7
10,700,21.000000,10000.000000,1,0,115100401,1319,0,1319,-48,0,27,7
