10,700,21.000000,10000.000000,1,0,115195825,611,1,611,1,0,33,4
10,700,21.000000,10000.000000,1,0,115195826,611,1,611,1,0,33,4
10,700,21.000000,10000.000000,1,0,115195829,611,1,611,1,0,33,4
10,700,21.000000,10000.000000,1,0,115195832,611,1,611,1,0,33,4
10,700,21.000000,10000.000000,1,0,115195835,611,1,611,1,0,33,4
10,700,21.000000,10000.000000,1,0,115195837,611,1,611,1,0,33,4
10,700,21.000000,10000.000000,1,0,115195840,611,1,611,1,0,33,4
10,700,21.000000,10000.000000,1,0,115195843,611,1,611,1,0,33,4
10,700,21.000000,10000.000000,1,0,115195846,611,1,611,1,0,33,4
10,700,21.000000,10000.000000,1,0,115195848,611,1,611,1,0,33,4
10,700,21.000000,10000.000000,1,0,115195851,611,1,611,1,0,33,4
10,700,21.000000,10000.000000,1,0,115195854,611,1,611,1,0,33,4
10,700,21.000000,10000.000000,1,0,115195857,611,1,611,1,0,33,4
10,700,21.000000,10000.000000,1,0,115195860,611,1,611,1,0,33,4
10,700,21.000000,10000.000000,1,0,115195862,611,1,611,1,0,33,4
10,700,21.000000,10000.000000,1,0,115195865,611,1,611,1,0,33,4
10,700,21.000000,10000.000000,1,0,115195868,611,1,611,1,0,33,4
10,700,21.000000,10000.000000,1,0,115195871,611,1,611,1,0,33,4
10,700,21.000000,10000.000000,1,0,115195874,611,1,611,1,0,33,4
10,700,21.000000,10000.000000,1,0,115195876,611,1,611,1,0,33,4
10,700,21.000000,10000.000000,1,0,115195879,611,1,611,1,0,33,4
10,700,21.000000,10000.000000,1,0,115195882,611,1,611,1,0,33,4
10,700,21.000000,10000.000000,1,0,115195885,611,1,611,1,0,33,4
10,700,21.000000,10000.000000,1,0,115195888,611,1,611,1,0,33,4
10,700,21.000000,10000.000000,1,0,115195890,612,1,612,1,0,33,4
10,700,21.000000,10000.000000,1,0,115195893,613,1,613,1,0,33,4
10,700,21.000000,10000.000000,1,0,115195896,614,1,614,1,0,33,4
10,700,21.000000,10000.000000,1,0,115195899,615,1,615,1,0,33,4
10,700,21.000000,10000.000000,1,0,115195901,617,1,617,1,0,33,4
10,700,21.000000,10000.000000,1,0,115195904,618,1,618,1,0,33,4
10,700,21.000000,10000.000000,1,0,115195907,620,1,620,1,0,33,4
10,700,21.000000,10000.000000,1,0,115195909,622,1,622,1,0,33,4
10,700,21.000000,10000.000000,1,0,115195912,623,1,623,1,0,33,4
10,700,21.000000,10000.000000,1,0,115195915,626,1,626,1,0,33,4
10,700,21.000000,10000.000000,1,0,115195918,628,1,628,1,0,33,4
10,700,21.000000,10000.000000,1,0,115195921,632,1,632,1,0,33,4
10,700,21.000000,10000.000000,1,0,115195924,637,1,637,1,0,33,4
10,700,21.000000,10000.000000,1,0,115195927,642,0,642,0,0,33,4
10,700,21.000000,10000.000000,1,0,115195929,646,0,646,0,0,33,4
10,700,21.000000,10000.000000,1,0,115195932,651,0,651,0,0,33,4
10,700,21.000000,10000.000000,1,0,115195935,657,0,657,0,0,33,4
10,700,21.000000,10000.000000,1,0,115195937,665,0,665,0,0,33,4
10,700,21.000000,10000.000000,1,0,115195940,673,0,673,0,0,33,4
10,700,21.000000,10000.000000,1,0,115195943,683,0,683,-1,0,33,4
10,700,21.000000,10000.000000,1,0,115195946,692,0,692,-2,0,33,4
10,700,21.000000,10000.000000,1,0,115195948,701,0,701,-2,0,33,4
10,700,21.000000,10000.000000,1,0,115195951,713,0,713,-2,0,33,4
10,700,21.000000,10000.000000,1,0,115195954,724,0,724,-3,0,33,4
10,700,21.000000,10000.000000,1,0,115195957,736,0,736,-3,0,33,4
10,700,21.000000,10000.000000,1,0,115195960,749,0,749,-4,0,33,4
10,700,21.000000,10000.000000,1,0,115195962,762,0,762,-4,0,33,4
10,700,21.000000,10000.000000,1,0,115195965,775,0,775,-5,0,33,4
10,700,21.000000,10000.000000,1,0,115195968,789,0,789,-6,0,33,4
10,700,21.000000,10000.000000,1,0,115195971,803,0,803,-6,0,33,4
10,700,21.000000,10000.000000,1,0,115195974,817,0,817,-9,0,33,4
10,700,21.000000,10000.000000,1,0,115195976,834,0,834,-10,0,33,4
10,700,21.000000,10000.000000,1,0,115195979,851,0,851,-11,0,33,4
10,700,21.000000,10000.000000,1,0,115195982,867,0,867,-11,0,33,4
10,700,21.000000,10000.000000,1,0,115195985,884,0,884,-12,0,33,4
10,700,21.000000,10000.000000,1,0,115195987,898,0,898,-12,0,33,4
10,700,21.000000,10000.000000,1,0,115195990,915,0,915,-12,0,33,4
10,700,21.000000,10000.000000,1,0,115195993,932,0,932,-13,0,33,4
10,700,21.000000,10000.000000,1,0,115195996,948,0,948,-13,0,33,4
10,700,21.000000,10000.000000,1,0,115195999,966,0,966,-15,0,33,4
10,700,21.000000,10000.000000,1,0,115196001,979,0,979,-16,0,33,4
10,700,21.000000,10000.000000,1,0,115196004,998,0,998,-18,0,33,4
10,700,21.000000,10000.000000,1,0,115196007,1014,0,1014,-18,0,33,4
10,700,21.000000,10000.000000,1,0,115196010,1027,0,1027,-18,0,33,4
10,700,21.000000,10000.000000,1,0,115196013,1040,0,1040,-19,0,33,4
10,700,21.000000,10000.000000,1,0,115196015,1053,0,1053,-19,0,33,4
10,700,21.000000,10000.000000,1,0,115196018,1068,0,1068,-21,0,33,4
10,700,21.000000,10000.000000,1,0,115196021,1080,0,1080,-21,0,33,4
10,700,21.000000,10000.000000,1,0,115196024,1090,0,1090,-22,0,33,4
10,700,21.000000,10000.000000,1,0,115196026,1100,0,1100,-22,0,33,4
10,700,21.000000,10000.000000,1,0,115196029,1110,0,1110,-23,0,33,4
10,700,21.000000,10000.000000,1,0,115196032,1121,0,1121,-23,0,33,4
10,700,21.000000,10000.000000,1,0,115196035,1130,0,1130,-23,0,33,4
10,700,21.000000,10000.000000,1,0,115196037,1139,0,1139,-23,0,33,4
10,700,21.000000,10000.000000,1,0,115196040,1149,0,1149,-23,0,33,4
10,700,21.000000,10000.000000,1,0,115196043,1154,0,1154,-23,0,33,4
10,700,21.000000,10000.000000,1,0,115196046,1163,0,1163,-24,0,33,4
10,700,21.000000,10000.000000,1,0,115196049,1168,0,1168,-25,0,33,4
10,700,21.000000,10000.000000,1,0,115196051,1176,0,1176,-25,0,33,4
10,700,21.000000,10000.000000,1,0,115196054,1181,0,1181,-26,0,33,4
10,700,21.000000,10000.000000,1,0,115196057,1187,0,1187,-26,0,33,4
10,700,21.000000,10000.000000,1,0,115196060,1191,0,1191,-26,0,33,4
10,700,21.000000,10000.000000,1,0,115196062,1196,0,1196,-26,0,33,4
10,700,21.000000,10000.000000,1,0,115196065,1201,0,1201,-26,0,33,4
10,700,21.000000,10000.000000,1,0,115196068,1204,0,1204,-26,0,33,4
10,700,21.000000,10000.000000,1,0,115196071,1208,0,1208,-26,0,33,4
10,700,21.000000,10000.000000,1,0,115196074,1211,0,1211,-27,0,33,4
10,700,21.000000,10000.000000,1,0,115196076,1214,0,1214,-27,0,33,4
10,700,21.000000,10000.000000,1,0,115196079,1216,0,1216,-27,0,33,4
10,700,21.000000,10000.000000,1,0,115196082,1220,0,1220,-27,0,33,4
10,700,21.000000,10000.000000,1,0,115196085,1221,0,1221,-27,0,33,4
10,700,21.000000,10000.000000,1,0,115196088,1223,0,1223,-27,0,33,4
10,700,21.000000,10000.000000,1,0,115196091,1227,0,1227,-27,0,33,4
10,700,21.000000,10000.000000,1,0,115196093,1230,0,1230,-27,0,33,4
10,700,21.000000,10000.000000,1,0,115196096,1231,0,1231,-27,0,33,4
10,700,21.000000,10000.000000,1,0,115196099,1233,0,1233,-27,0,33,4
10,700,21.000000,10000.000000,1,0,115196102,1235,0,1235,-27,0,33,4
10,700,21.000000,10000.000000,1,0,115196104,1236,0,1236,-27,0,33,4
10,700,21.000000,10000.000000,1,0,115196107,1237,0,1237,-27,0,33,4
10,700,21.000000,10000.000000,1,0,115196110,1239,0,1239,-27,0,33,4
10,700,21.000000,10000.000000,1,0,115196113,1241,0,1241,-27,0,33,4
10,700,21.000000,10000.000000,1,0,115196115,1242,0,1242,-27,0,33,4
10,700,21.000000,10000.000000,1,0,115196118,1246,0,1246,-27,0,33,4
10,700,21.000000,10000.000000,1,0,115196121,1249,0,1249,-27,0,33,4
10,700,21.000000,10000.000000,1,0,115196124,1252,0,1252,-27,0,33,4
10,700,21.000000,10000.000000,1,0,115196126,1253,0,1253,-27,0,33,4
10,700,21.000000,10000.000000,1,0,115196129,1255,0,1255,-27,0,33,4
10,700,21.000000,10000.000000,1,0,115196132,1258,0,1258,-27,0,33,4
10,700,21.000000,10000.000000,1,0,115196135,1259,0,1259,-27,0,33,4
10,700,21.000000,10000.000000,1,0,115196138,1261,0,1261,-27,0,33,4
10,700,21.000000,10000.000000,1,0,115196141,1264,0,1264,-27,0,33,4
10,700,21.000000,10000.000000,1,0,115196143,1265,0,1265,-27,0,33,4
10,700,21.000000,10000.000000,1,0,115196146,1266,0,1266,-27,0,33,4
10,700,21.000000,10000.000000,1,0,115196149,1267,0,1267,-27,0,33,4
10,700,21.000000,10000.000000,1,0,115196151,1268,0,1268,-27,0,33,4
10,700,21.000000,10000.000000,1,0,115196154,1269,0,1269,-27,0,33,4
10,700,21.000000,10000.000000,1,0,115196157,1270,0,1270,-27,0,33,4
10,700,21.000000,10000.000000,1,0,115196160,1270,0,1270,-27,0,33,4
10,700,21.000000,10000.000000,1,0,115196162,1271,0,1271,-27,0,33,4
10,700,21.000000,10000.000000,1,0,115196165,1272,0,1272,-27,0,33,4
10,700,21.000000,10000.000000,1,0,115196168,1272,0,1272,-27,0,33,4
10,700,21.000000,10000.000000,1,0,115196171,1272,0,1272,-27,0,33,4
10,700,21.000000,10000.000000,1,0,115196174,1272,0,1272,-27,0,33,4
10,700,21.000000,10000.000000,1,0,115196176,1272,0,1272,-27,0,33,4
10,700,21.000000,10000.000000,1,0,115196179,1272,0,1272,-27,0,33,4
10,700,21.000000,10000.000000,1,0,115196182,1272,0,1272,-27,0,33,4
10,700,21.000000,10000.000000,1,0,115196185,1271,0,1271,-27,0,33,4
10,700,21.000000,10000.000000,1,0,115196188,1270,0,1270,-27,0,33,4
10,700,21.000000,10000.000000,1,0,115196191,1269,0,1269,-27,0,33,4
10,700,21.000000,10000.000000,1,0,115196194,1269,0,1269,-27,0,33,4
10,700,21.000000,10000.000000,1,0,115196196,1269,0,1269,-27,0,33,4
10,700,21.000000,10000.000000,1,0,115196198,1268,0,1268,-27,0,33,4
10,700,21.000000,10000.000000,1,0,115196201,1267,0,1267,-27,0,33,4
10,700,21.000000,10000.000000,1,0,115196204,1267,0,1267,-27,0,33,4
10,700,21.000000,10000.000000,1,0,115196207,1267,0,1267,-27,0,33,4
10,700,21.000000,10000.000000,1,0,115196210,1267,0,1267,-27,0,33,4
10,700,21.000000,10000.000000,1,0,115196212,1267,0,1267,-27,0,33,4
10,700,21.000000,10000.000000,1,0,115196215,1267,0,1267,-27,0,33,4
10,700,21.000000,10000.000000,1,0,115196218,1267,0,1267,-27,0,33,4
10,700,21.000000,10000.000000,1,0,115196221,1267,0,1267,-27,0,33,4
10,700,21.000000,10000.000000,1,0,115196224,1267,0,1267,-27,0,33,4
10,700,21.000000,10000.000000,1,0,115196227,1267,0,1267,-27,0,33,4
10,700,21.000000,10000.000000,1,0,115196230,1267,0,1267,-27,0,33,4
10,700,21.000000,10000.000000,1,0,115196232,1267,0,1267,-27,0,33,4
10,700,21.000000,10000.000000,1,0,115196235,1267,0,1267,-27,0,33,4
10,700,21.000000,10000.000000,1,0,115196238,1267,0,1267,-27,0,33,4
10,700,21.000000,10000.000000,1,0,115196241,1267,0,1267,-27,0,33,4
10,700,21.000000,10000.000000,1,0,115196243,1267,0,1267,-27,0,33,4
10,700,21.000000,10000.000000,1,0,115196246,1267,0,1267,-27,0,33,4
10,700,21.000000,10000.000000,1,0,115196249,1267,0,1267,-27,0,33,4
10,700,21.000000,10000.000000,1,0,115196252,1267,0,1267,-27,0,33,4
10,700,21.000000,10000.000000,1,0,115196254,1268,0,1268,-27,0,33,4
10,700,21.000000,10000.000000,1,0,115196257,1269,0,1269,-27,0,33,4
10,700,21.000000,10000.000000,1,0,115196260,1269,0,1269,-27,0,33,4
10,700,21.000000,10000.000000,1,0,115196263,1269,0,1269,-27,0,33,4
10,700,21.000000,10000.000000,1,0,115196265,1269,0,1269,-27,0,33,4
10,700,21.000000,10000.000000,1,0,115196268,1270,0,1270,-27,0,33,4
10,700,21.000000,10000.000000,1,0,115196271,1271,0,1271,-27,0,33,4
10,700,21.000000,10000.000000,1,0,115196274,1272,0,1272,-27,0,33,4
10,700,21.000000,10000.000000,1,0,115196277,1273,0,1273,-27,0,33,4
10,700,21.000000,10000.000000,1,0,115196279,1273,0,1273,-27,0,33,4
10,700,21.000000,10000.000000,1,0,115196282,1273,0,1273,-27,0,33,4
10,700,21.000000,10000.000000,1,0,115196285,1274,0,1274,-27,0,33,4
10,700,21.000000,10000.000000,1,0,115196288,1275,0,1275,-27,0,33,4
10,700,21.000000,10000.000000,1,0,115196291,1275,0,1275,-28,0,33,4
10,700,21.000000,10000.000000,1,0,115196293,1276,0,1276,-28,0,33,4
10,700,21.000000,10000.000000,1,0,115196296,1278,0,1278,-28,0,33,4
10,700,21.000000,10000.000000,1,0,115196299,1278,0,1278,-28,0,33,4
10,700,21.000000,10000.000000,1,0,115196302,1278,0,1278,-28,0,33,4
10,700,21.000000,10000.000000,1,0,115196305,1278,0,1278,-28,0,33,4
10,700,21.000000,10000.000000,1,0,115196307,1278,0,1278,-28,0,33,4
10,700,21.000000,10000.000000,1,0,115196310,1278,0,1278,-28,0,33,4
10,700,21.000000,10000.000000,1,0,115196313,1278,0,1278,-28,0,33,4
10,700,21.000000,10000.000000,1,0,115196316,1279,0,1279,-28,0,33,4
10,700,21.000000,10000.000000,1,0,115196318,1280,0,1280,-28,0,33,4
10,700,21.000000,10000.000000,1,0,115196321,1281,0,1281,-28,0,33,4
10,700,21.000000,10000.000000,1,0,115196324,1283,0,1283,-28,0,33,4
10,700,21.000000,10000.000000,1,0,115196326,1284,0,1284,-29,0,33,4
10,700,21.000000,10000.000000,1,0,115196329,1287,0,1287,-29,0,33,4
10,700,21.000000,10000.000000,1,0,115196332,1289,0,1289,-29,0,33,4
10,700,21.000000,10000.000000,1,0,115196335,1291,0,1291,-29,0,33,4
10,700,21.000000,10000.000000,1,0,115196338,1293,0,1293,-29,0,33,4
10,700,21.000000,10000.000000,1,0,115196341,1296,0,1296,-29,0,33,4
10,700,21.000000,10000.000000,1,0,115196343,1299,0,1299,-30,0,33,4
10,700,21.000000,10000.000000,1,0,115196346,1303,0,1303,-30,0,33,4
10,700,21.000000,10000.000000,1,0,115196349,1306,0,1306,-30,0,33,4
10,700,21.000000,10000.000000,1,0,115196352,1307,0,1307,-30,0,33,4
10,700,21.000000,10000.000000,1,0,115196355,1310,0,1310,-31,0,33,4
10,700,21.000000,10000.000000,1,0,115196357,1311,0,1311,-33,0,33,4
10,700,21.000000,10000.000000,1,0,115196360,1316,0,1316,-34,0,33,4
10,700,21.000000,10000.000000,1,0,115196363,1320,0,1320,-34,0,33,4
10,700,21.000000,10000.000000,1,0,115196366,1323,0,1323,-35,0,33,4
10,700,21.000000,10000.000000,1,0,115196369,1327,0,1327,-35,0,33,4
10,700,21.000000,10000.000000,1,0,115196371,1330,0,1330,-35,0,33,4
10,700,21.000000,10000.000000,1,0,115196374,1333,0,1333,-36,0,33,4
10,700,21.000000,10000.000000,1,0,115196376,1334,0,1334,-37,0,33,4
10,700,21.000000,10000.000000,1,0,115196379,1336,0,1336,-38,0,33,4
10,700,21.000000,10000.000000,1,0,115196382,1338,0,1338,-39,0,33,4
10,700,21.000000,10000.000000,1,0,115196385,1339,0,1339,-40,0,33,4
10,700,21.000000,10000.000000,1,0,115196388,1340,0,1340,-40,0,33,4
10,700,21.000000,10000.000000,1,0,115196390,1341,0,1341,-40,0,33,4
10,700,21.000000,10000.000000,1,0,115196394,1342,0,1342,-40,0,33,4
10,700,21.000000,10000.000000,1,0,115196396,1343,0,1343,-40,0,33,4
10,700,21.000000,10000.000000,1,0,115196399,1343,0,1343,-40,0,33,4
10,700,21.000000,10000.000000,1,0,115196402,1343,0,1343,-40,0,33,4
10,700,21.000000,10000.000000,1,0,115196404,1343,0,1343,-40,0,33,4
10,700,21.000000,10000.000000,1,0,115196407,1343,0,1343,-40,0,33,4
10,700,21.000000,10000.000000,1,0,115196410,1343,0,1343,-40,0,33,4
10,700,21.000000,10000.000000,1,0,115196413,1343,0,1343,-40,0,33,4
10,700,21.000000,10000.000000,1,0,115196416,1343,0,1343,-40,0,33,4
10,700,21.000000,10000.000000,1,0,115196418,1342,0,1342,-40,0,33,4
10,700,21.000000,10000.000000,1,0,115196421,1342,0,1342,-40,0,33,4
10,700,21.000000,10000.000000,1,0,115196424,1341,0,1341,-40,0,33,4
10,700,21.000000,10000.000000,1,0,115196427,1340,0,1340,-40,0,33,4
10,700,21.000000,10000.000000,1,0,115196430,1340,0,1340,-40,0,33,4
10,700,21.000000,10000.000000,1,0,115196432,1340,0,1340,-40,0,33,4
10,700,21.000000,10000.000000,1,0,115196435,1340,0,1340,-40,0,33,4
10,700,21.000000,10000.000000,1,0,115196438,1340,0,1340,-40,0,33,4
10,700,21.000000,10000.000000,1,0,115196440,1340,0,1340,-40,0,33,4
10,700,21.000000,10000.000000,1,0,115196443,1340,0,1340,-40,0,33,4
10,700,21.000000,10000.000000,1,0,115196446,1340,0,1340,-40,0,33,4
10,700,21.000000,10000.000000,1,0,115196449,1340,0,1340,-40,0,33,4
10,700,21.000000,10000.000000,1,0,115196452,1340,0,1340,-40,0,33,4
10,700,21.000000,10000.000000,1,0,115196454,1340,0,1340,-40,0,33,4
10,700,21.000000,10000.000000,1,0,115196457,1340,0,1340,-40,0,33,4
10,700,21.000000,10000.000000,1,0,115196460,1340,0,1340,-40,0,33,4
10,700,21.000000,10000.000000,1,0,115196463,1340,0,1340,-40,0,33,4
10,700,21.000000,10000.000000,1,0,115196466,1340,0,1340,-41,0,33,4
10,700,21.000000,10000.000000,1,0,115196468,1340,0,1340,-42,0,33,4
10,700,21.000000,10000.000000,1,0,115196471,1340,0,1340,-42,0,33,4
10,700,21.000000,10000.000000,1,0,115196474,1340,0,1340,-42,0,33,4
10,700,21.000000,10000.000000,1,0,115196477,1340,0,1340,-42,0,33,4
10,700,21.000000,10000.000000,1,0,115196480,1340,0,1340,-42,0,33,4
10,700,21.000000,10000.000000,1,0,115196482,1340,0,1340,-42,0,33,4
10,700,21.000000,10000.000000,1,0,115196485,1340,0,1340,-42,0,33,4
10,700,21.000000,10000.000000,1,0,115196488,1340,0,1340,-42,0,33,4
10,700,21.000000,10000.000000,1,0,115196490,1340,0,1340,-42,0,33,4
10,700,21.000000,10000.000000,1,0,115196493,1340,0,1340,-42,0,33,4
10,700,21.000000,10000.000000,1,0,115196496,1340,0,1340,-42,0,33,4
10,700,21.000000,10000.000000,1,0,115196499,1340,0,1340,-42,0,33,4
10,700,21.000000,10000.000000,1,0,115196502,1340,0,1340,-42,0,33,4
10,700,21.000000,10000.000000,1,0,115196505,1340,0,1340,-42,0,33,4
10,700,21.000000,10000.000000,1,0,115196507,1340,0,1340,-42,0,33,4
10,700,21.000000,10000.000000,1,0,115196510,1339,0,1339,-43,0,33,4
10,700,21.000000,10000.000000,1,0,115196513,1339,0,1339,-43,0,33,4
10,700,21.000000,10000.000000,1,0,115196516,1338,0,1338,-43,0,33,4
10,700,21.000000,10000.000000,1,0,115196518,1338,1,1338,-42,0,33,4
10,700,21.000000,10000.000000,1,0,115196521,1336,1,1336,-42,0,33,4
10,700,21.000000,10000.000000,1,0,115196524,1334,1,1334,-42,0,33,4
10,700,21.000000,10000.000000,1,0,115196527,1333,1,1333,-42,0,33,4
10,700,21.000000,10000.000000,1,0,115196530,1332,1,1332,-42,0,33,4
10,700,21.000000,10000.000000,1,0,115196533,1331,1,1331,-42,0,33,4
10,700,21.000000,10000.000000,1,0,115196535,1330,1,1330,-42,0,33,4
10,700,21.000000,10000.000000,1,0,115196538,1329,1,1329,-42,0,33,4
10,700,21.000000,10000.000000,1,0,115196541,1328,1,1328,-42,0,33,4
10,700,21.000000,10000.000000,1,0,115196543,1327,1,1327,-42,0,33,4
10,700,21.000000,10000.000000,1,0,115196546,1326,1,1326,-42,0,33,4
10,700,21.000000,10000.000000,1,0,115196549,1325,1,1325,-42,0,33,4
10,700,21.000000,10000.000000,1,0,115196552,1324,1,1324,-42,0,33,4
10,700,21.000000,10000.000000,1,0,115196554,1323,1,1323,-42,0,33,4
10,700,21.000000,10000.000000,1,0,115196558,1322,1,1322,-42,0,33,4
10,700,21.000000,10000.000000,1,0,115196560,1321,1,1321,-42,0,33,4
10,700,21.000000,10000.000000,1,0,115196563,1321,1,1321,-42,0,33,4
10,700,21.000000,10000.000000,1,0,115196566,1321,1,1321,-42,0,33,4
10,700,21.000000,10000.000000,1,0,115196569,1321,1,1321,-42,0,33,4
10,700,21.000000,10000.000000,1,0,115196571,1321,1,1321,-42,0,33,4
10,700,21.000000,10000.000000,1,0,115196574,1320,1,1320,-42,0,33,4
10,700,21.000000,10000.000000,1,0,115196577,1320,1,1320,-42,0,33,4
10,700,21.000000,10000.000000,1,0,115196579,1320,1,1320,-42,0,33,4
10,700,21.000000,10000.000000,1,0,115196582,1320,1,1320,-42,0,33,4
10,700,21.000000,10000.000000,1,0,115196585,1320,1,1320,-42,0,33,4
10,700,21.000000,10000.000000,1,0,115196588,1320,1,1320,-42,0,33,4
10,700,21.000000,10000.000000,1,0,115196590,1320,1,1320,-42,0,33,4
10,700,21.000000,10000.000000,1,0,115196593,1320,1,1320,-42,0,33,4
10,700,21.000000,10000.000000,1,0,115196596,1320,1,1320,-42,0,33,4
10,700,21.000000,10000.000000,1,0,115196599,1320,1,1320,-42,0,33,4
10,700,21.000000,10000.000000,1,0,115196602,1320,1,1320,-42,0,33,4
10,700,21.000000,10000.000000,1,0,115196605,1320,1,1320,-42,0,33,4
10,700,21.000000,10000.000000,1,0,115196607,1320,1,1320,-42,0,33,4
10,700,21.000000,10000.000000,1,0,115196610,1320,1,1320,-42,0,33,4
10,700,21.000000,10000.000000,1,0,115196613,1320,1,1320,-42,0,33,4
10,700,21.000000,10000.000000,1,0,115196616,1320,1,1320,-42,0,33,4
10,700,21.000000,10000.000000,1,0,115196619,1320,1,1320,-42,0,33,4
10,700,21.000000,10000.000000,1,0,115196621,1320,1,1320,-42,0,33,4
10,700,21.000000,10000.000000,1,0,115196624,1320,1,1320,-42,0,33,4
10,700,21.000000,10000.000000,1,0,115196627,1320,1,1320,-42,0,33,4
10,700,21.000000,10000.000000,1,0,115196630,1320,1,1320,-42,0,33,4
10,700,21.000000,10000.000000,1,0,115196633,1320,1,1320,-42,0,33,4
10,700,21.000000,10000.000000,1,0,115196635,1320,1,1320,-42,0,33,4
10,700,21.000000,10000.000000,1,0,115196638,1320,1,1320,-42,0,33,4
10,700,21.000000,10000.000000,1,0,115196641,1320,1,1320,-42,0,33,4
10,700,21.000000,10000.000000,1,0,115196643,1320,1,1320,-42,0,33,4
10,700,21.000000,10000.000000,1,0,115196646,1320,1,1320,-42,0,33,4
10,700,21.000000,10000.000000,1,0,115196649,1320,1,1320,-42,0,33,4
10,700,21.000000,10000.000000,1,0,115196652,1320,1,1320,-42,0,33,4
10,700,21.000000,10000.000000,1,0,115196655,1320,1,1320,-42,0,33,4
10,700,21.000000,10000.000000,1,0,115196657,1320,1,1320,-42,0,33,4
10,700,21.000000,10000.000000,1,0,115196660,1320,1,1320,-42,0,33,4
10,700,21.000000,10000.000000,1,0,115196663,1320,1,1320,-42,0,33,4
10,700,21.000000,10000.000000,1,0,115196666,1320,1,1320,-42,0,33,4
10,700,21.000000,10000.000000,1,0,115196668,1320,1,1320,-42,0,33,4
10,700,21.000000,10000.000000,1,0,115196671,1320,1,1320,-42,0,33,4
10,700,21.000000,10000.000000,1,0,115196674,1320,1,1320,-42,0,33,4
10,700,21.000000,10000.000000,1,0,115196677,1320,1,1320,-42,0,33,4
10,700,21.000000,10000.000000,1,0,115196680,1320,1,1320,-42,0,33,4
10,700,21.000000,10000.000000,1,0,115196682,1320,1,1320,-42,0,33,4
10,700,21.000000,10000.000000,1,0,115196685,1320,1,1320,-42,0,33,4
10,700,21.000000,10000.000000,1,0,115196688,1320,1,1320,-42,0,33,4
10,700,21.000000,10000.000000,1,0,115196691,1320,1,1320,-42,0,33,4
10,700,21.000000,10000.000000,1,0,115196693,1320,1,1320,-42,0,33,4
10,700,21.000000,10000.000000,1,0,115196696,1320,1,1320,-42,0,33,4
10,700,21.000000,10000.000000,1,0,115196699,1320,1,1320,-42,0,33,4
10,700,21.000000,10000.000000,1,0,115196702,1320,1,1320,-42,0,33,4
10,700,21.000000,10000.000000,1,0,115196705,1320,1,1320,-42,0,33,4
10,700,21.000000,10000.000000,1,0,115196707,1320,1,1320,-42,0,33,4
10,700,21.000000,10000.000000,1,0,115196710,1320,1,1320,-42,0,33,4
10,700,21.000000,10000.000000,1,0,115196713,1320,1,1320,-42,0,33,4
10,700,21.000000,10000.000000,1,0,115196716,1320,1,1320,-42,0,33,4
10,700,21.000000,10000.000000,1,0,115196718,1320,1,1320,-42,0,33,4
10,700,21.000000,10000.000000,1,0,115196721,1320,1,1320,-42,0,33,4
10,700,21.000000,10000.000000,1,0,115196724,1320,1,1320,-42,0,33,4
10,700,21.000000,10000.000000,1,0,115196727,1320,1,1320,-42,0,33,4
10,700,21.000000,10000.000000,1,0,115196730,1320,1,1320,-42,0,33,4
10,700,21.000000,10000.000000,1,0,115196733,1320,1,1320,-42,0,33,4
10,700,21.000000,10000.000000,1,0,115196735,1320,1,1320,-42,0,33,4
10,700,21.000000,10000.000000,1,0,115196738,1320,1,1320,-42,0,33,4
10,700,21.000000,10000.000000,1,0,115196741,1320,1,1320,-42,0,33,4
10,700,21.000000,10000.000000,1,0,115196743,1320,1,1320,-42,0,33,4
10,700,21.000000,10000.000000,1,0,115196747,1320,1,1320,-42,0,33,4
10,700,21.000000,10000.000000,1,0,115196749,1320,1,1320,-42,0,33,4
10,700,21.000000,10000.000000,1,0,115196752,1320,1,1320,-42,0,33,4
10,700,21.000000,10000.000000,1,0,115196765,1320,1,1320,-42,0,33,4
