6,350,21.000000,0.000000,1,0,20007765,778,0,778,0,0,25,9
6,350,21.000000,0.000000,1,0,20007766,778,0,778,0,0,25,9
6,350,21.000000,0.000000,1,0,20007768,778,0,778,0,0,25,9
6,350,21.000000,0.000000,1,0,20007771,778,0,778,0,0,25,9
6,350,21.000000,0.000000,1,0,20007774,778,0,778,0,0,25,9
6,350,21.000000,0.000000,1,0,20007777,778,0,778,0,0,25,9
6,350,21.000000,0.000000,1,0,20007780,778,0,778,0,0,25,9
6,350,21.000000,0.000000,1,0,20007782,778,0,778,0,0,25,9
6,350,21.000000,0.000000,1,0,20007785,778,0,778,0,0,25,9
6,350,21.000000,0.000000,1,0,20007788,778,0,778,0,0,25,9
6,350,21.000000,0.000000,1,0,20007790,778,0,778,0,0,25,9
6,350,21.000000,0.000000,1,0,20007793,778,0,778,0,0,25,9
6,350,21.000000,0.000000,1,0,20007796,779,0,779,0,0,25,9
6,350,21.000000,0.000000,1,0,20007799,780,0,780,0,0,25,9
6,350,21.000000,0.000000,1,0,20007802,780,0,780,0,0,25,9
6,350,21.000000,0.000000,1,0,20007805,780,0,780,0,0,25,9
6,350,21.000000,0.000000,1,0,20007807,780,0,780,0,0,25,9
6,350,21.000000,0.000000,1,0,20007810,780,0,780,0,0,25,9
6,350,21.000000,0.000000,1,0,20007813,780,0,780,0,0,25,9
6,350,21.000000,0.000000,1,0,20007816,780,0,780,0,0,25,9
6,350,21.000000,0.000000,1,0,20007818,780,0,780,0,0,25,9
6,350,21.000000,0.000000,1,0,20007821,780,0,780,0,0,25,9
6,350,21.000000,0.000000,1,0,20007824,780,0,780,0,0,25,9
6,350,21.000000,0.000000,1,0,20007827,780,0,780,0,0,25,9
6,350,21.000000,0.000000,1,0,20007829,780,0,780,0,0,25,9
6,350,21.000000,0.000000,1,0,20007832,780,0,780,0,0,25,9
6,350,21.000000,0.000000,1,0,20007835,780,0,780,0,0,25,9
6,350,21.000000,0.000000,1,0,20007838,780,0,780,0,0,25,9
6,350,21.000000,0.000000,1,0,20007840,780,0,780,0,0,25,9
6,350,21.000000,0.000000,1,0,20007843,780,0,780,0,0,25,9
6,350,21.000000,0.000000,1,0,20007846,780,0,780,0,0,25,9
6,350,21.000000,0.000000,1,0,20007849,780,0,780,0,0,25,9
6,350,21.000000,0.000000,1,0,20007852,780,0,780,0,0,25,9
6,350,21.000000,0.000000,1,0,20007854,780,0,780,0,0,25,9
6,350,21.000000,0.000000,1,0,20007857,780,0,780,0,0,25,9
6,350,21.000000,0.000000,1,0,20007860,780,1,780,1,0,25,9
6,350,21.000000,0.000000,1,0,20007863,780,2,780,2,0,25,9
6,350,21.000000,0.000000,1,0,20007866,780,2,780,2,0,25,9
6,350,21.000000,0.000000,1,0,20007868,780,2,780,2,0,25,9
6,350,21.000000,0.000000,1,0,20007871,780,2,780,2,0,25,9
6,350,21.000000,0.000000,1,0,20007874,780,2,780,2,0,25,9
6,350,21.000000,0.000000,1,0,20007877,780,2,780,2,0,25,9
6,350,21.000000,0.000000,1,0,20007880,780,2,780,2,0,25,9
6,350,21.000000,0.000000,1,0,20007882,780,2,780,2,0,25,9
6,350,21.000000,0.000000,1,0,20007885,780,2,780,2,0,25,9
6,350,21.000000,0.000000,1,0,20007888,780,2,780,2,0,25,9
6,350,21.000000,0.000000,1,0,20007890,780,2,780,2,0,25,9
6,350,21.000000,0.000000,1,0,20007893,781,2,781,2,0,25,9
6,350,21.000000,0.000000,1,0,20007896,782,2,782,2,0,25,9
6,350,21.000000,0.000000,1,0,20007899,782,2,782,2,0,25,9
6,350,21.000000,0.000000,1,0,20007902,782,2,782,2,0,25,9
6,350,21.000000,0.000000,1,0,20007905,782,2,782,2,0,25,9
6,350,21.000000,0.000000,1,0,20007907,782,2,782,2,0,25,9
6,350,21.000000,0.000000,1,0,20007910,783,3,783,3,0,25,9
6,350,21.000000,0.000000,1,0,20007913,784,3,784,3,0,25,9
6,350,21.000000,0.000000,1,0,20007916,785,4,785,4,0,25,9
6,350,21.000000,0.000000,1,0,20007919,786,5,786,5,0,25,9
6,350,21.000000,0.000000,1,0,20007921,787,5,787,5,0,25,9
6,350,21.000000,0.000000,1,0,20007924,788,5,788,5,0,25,9
6,350,21.000000,0.000000,1,0,20007926,789,6,789,6,0,25,9
6,350,21.000000,0.000000,1,0,20007930,791,6,791,6,0,25,9
6,350,21.000000,0.000000,1,0,20007932,791,7,791,7,0,25,9
6,350,21.000000,0.000000,1,0,20007935,792,7,792,7,0,25,9
6,350,21.000000,0.000000,1,0,20007938,795,7,795,7,0,25,9
6,350,21.000000,0.000000,1,0,20007940,797,8,797,8,0,25,9
6,350,21.000000,0.000000,1,0,20007943,800,10,800,10,0,25,9
6,350,21.000000,0.000000,1,0,20007946,801,11,801,11,0,25,9
6,350,21.000000,0.000000,1,0,20007949,802,12,802,12,0,25,9
6,350,21.000000,0.000000,1,0,20007952,803,13,803,13,0,25,9
6,350,21.000000,0.000000,1,0,20007954,805,15,805,15,0,25,9
6,350,21.000000,0.000000,1,0,20007957,806,15,806,15,0,25,9
6,350,21.000000,0.000000,1,0,20007960,810,17,810,17,0,25,9
6,350,21.000000,0.000000,1,0,20007963,813,18,813,18,0,25,9
6,350,21.000000,0.000000,1,0,20007966,817,19,817,19,0,25,9
6,350,21.000000,0.000000,1,0,20007969,820,19,820,19,0,25,9
6,350,21.000000,0.000000,1,0,20007971,825,22,825,22,0,25,9
6,350,21.000000,0.000000,1,0,20007974,827,23,827,23,0,25,9
6,350,21.000000,0.000000,1,0,20007977,831,25,831,25,0,25,9
6,350,21.000000,0.000000,1,0,20007979,835,26,835,26,0,25,9
6,350,21.000000,0.000000,1,0,20007982,841,29,841,29,0,25,9
6,350,21.000000,0.000000,1,0,20007985,846,32,846,32,0,25,9
6,350,21.000000,0.000000,1,0,20007988,850,32,850,32,0,25,9
6,350,21.000000,0.000000,1,0,20007991,857,34,857,34,0,25,9
6,350,21.000000,0.000000,1,0,20007994,862,36,862,36,0,25,9
6,350,21.000000,0.000000,1,0,20007996,868,38,868,38,0,25,9
6,350,21.000000,0.000000,1,0,20007999,875,39,875,39,0,25,9
6,350,21.000000,0.000000,1,0,20008002,881,40,881,40,0,25,9
6,350,21.000000,0.000000,1,0,20008005,886,41,886,41,0,25,9
6,350,21.000000,0.000000,1,0,20008007,889,41,889,41,0,25,9
6,350,21.000000,0.000000,1,0,20008010,891,41,891,41,0,25,9
6,350,21.000000,0.000000,1,0,20008013,897,43,897,43,0,25,9
6,350,21.000000,0.000000,1,0,20008016,901,44,901,44,0,25,9
6,350,21.000000,0.000000,1,0,20008019,904,44,904,44,0,25,9
6,350,21.000000,0.000000,1,0,20008021,909,45,909,45,0,25,9
6,350,21.000000,0.000000,1,0,20008024,912,45,912,45,0,25,9
6,350,21.000000,0.000000,1,0,20008027,915,46,915,46,0,25,9
6,350,21.000000,0.000000,1,0,20008030,918,46,918,46,0,25,9
6,350,21.000000,0.000000,1,0,20008032,920,46,920,46,0,25,9
6,350,21.000000,0.000000,1,0,20008035,922,46,922,46,0,25,9
6,350,21.000000,0.000000,1,0,20008038,925,46,925,46,0,25,9
6,350,21.000000,0.000000,1,0,20008041,928,46,928,46,0,25,9
6,350,21.000000,0.000000,1,0,20008044,931,46,931,46,0,25,9
6,350,21.000000,0.000000,1,0,20008046,933,46,933,46,0,25,9
6,350,21.000000,0.000000,1,0,20008049,938,46,938,46,0,25,9
6,350,21.000000,0.000000,1,0,20008052,942,46,942,46,0,25,9
6,350,21.000000,0.000000,1,0,20008055,944,46,944,46,0,25,9
6,350,21.000000,0.000000,1,0,20008058,947,46,947,46,0,25,9
6,350,21.000000,0.000000,1,0,20008060,949,46,949,46,0,25,9
6,350,21.000000,0.000000,1,0,20008063,952,46,952,46,0,25,9
6,350,21.000000,0.000000,1,0,20008065,954,46,954,46,0,25,9
6,350,21.000000,0.000000,1,0,20008068,957,46,957,46,0,25,9
6,350,21.000000,0.000000,1,0,20008071,958,46,958,46,0,25,9
6,350,21.000000,0.000000,1,0,20008074,962,46,962,46,0,25,9
6,350,21.000000,0.000000,1,0,20008077,965,46,965,46,0,25,9
6,350,21.000000,0.000000,1,0,20008079,968,46,968,46,0,25,9
6,350,21.000000,0.000000,1,0,20008082,972,46,972,46,0,25,9
6,350,21.000000,0.000000,1,0,20008085,975,46,975,46,0,25,9
6,350,21.000000,0.000000,1,0,20008088,979,48,979,48,0,25,9
6,350,21.000000,0.000000,1,0,20008091,981,48,981,48,0,25,9
6,350,21.000000,0.000000,1,0,20008093,985,48,985,48,0,25,9
6,350,21.000000,0.000000,1,0,20008096,986,48,986,48,0,25,9
6,350,21.000000,0.000000,1,0,20008099,988,48,988,48,0,25,9
6,350,21.000000,0.000000,1,0,20008102,990,49,990,49,0,25,9
6,350,21.000000,0.000000,1,0,20008105,992,49,992,49,0,25,9
6,350,21.000000,0.000000,1,0,20008107,996,49,996,49,0,25,9
6,350,21.000000,0.000000,1,0,20008110,997,49,997,49,0,25,9
6,350,21.000000,0.000000,1,0,20008113,999,49,999,49,0,25,9
6,350,21.000000,0.000000,1,0,20008116,1001,49,1001,49,0,25,9
6,350,21.000000,0.000000,1,0,20008119,1001,50,1001,50,0,25,9
6,350,21.000000,0.000000,1,0,20008121,1004,50,1004,50,0,25,9
6,350,21.000000,0.000000,1,0,20008124,1005,50,1005,50,0,25,9
6,350,21.000000,0.000000,1,0,20008127,1007,50,1007,50,0,25,9
6,350,21.000000,0.000000,1,0,20008129,1010,50,1010,50,0,25,9
6,350,21.000000,0.000000,1,0,20008133,1011,51,1011,51,0,25,9
6,350,21.000000,0.000000,1,0,20008135,1012,51,1012,51,0,25,9
6,350,21.000000,0.000000,1,0,20008138,1014,51,1014,51,0,25,9
6,350,21.000000,0.000000,1,0,20008141,1017,52,1017,52,0,25,9
6,350,21.000000,0.000000,1,0,20008143,1019,52,1019,52,0,25,9
6,350,21.000000,0.000000,1,0,20008146,1021,52,1021,52,0,25,9
6,350,21.000000,0.000000,1,0,20008149,1025,52,1025,52,0,25,9
6,350,21.000000,0.000000,1,0,20008152,1027,53,1027,53,0,25,9
6,350,21.000000,0.000000,1,0,20008155,1028,53,1028,53,0,25,9
6,350,21.000000,0.000000,1,0,20008157,1029,53,1029,53,0,25,9
6,350,21.000000,0.000000,1,0,20008160,1032,53,1032,53,0,25,9
6,350,21.000000,0.000000,1,0,20008163,1034,53,1034,53,0,25,9
6,350,21.000000,0.000000,1,0,20008166,1035,53,1035,53,0,25,9
6,350,21.000000,0.000000,1,0,20008169,1037,53,1037,53,0,25,9
6,350,21.000000,0.000000,1,0,20008171,1039,53,1039,53,0,25,9
6,350,21.000000,0.000000,1,0,20008174,1040,52,1040,52,0,25,9
6,350,21.000000,0.000000,1,0,20008177,1043,52,1043,52,0,25,9
6,350,21.000000,0.000000,1,0,20008180,1045,52,1045,52,0,25,9
6,350,21.000000,0.000000,1,0,20008183,1046,52,1046,52,0,25,9
6,350,21.000000,0.000000,1,0,20008185,1048,52,1048,52,0,25,9
6,350,21.000000,0.000000,1,0,20008188,1050,52,1050,52,0,25,9
6,350,21.000000,0.000000,1,0,20008191,1051,52,1051,52,0,25,9
6,350,21.000000,0.000000,1,0,20008193,1052,52,1052,52,0,25,9
6,350,21.000000,0.000000,1,0,20008196,1053,52,1053,52,0,25,9
6,350,21.000000,0.000000,1,0,20008199,1055,52,1055,52,0,25,9
6,350,21.000000,0.000000,1,0,20008202,1057,52,1057,52,0,25,9
6,350,21.000000,0.000000,1,0,20008204,1059,52,1059,52,0,25,9
6,350,21.000000,0.000000,1,0,20008207,1059,51,1059,51,0,25,9
6,350,21.000000,0.000000,1,0,20008210,1061,51,1061,51,0,25,9
6,350,21.000000,0.000000,1,0,20008213,1062,51,1062,51,0,25,9
6,350,21.000000,0.000000,1,0,20008216,1064,51,1064,51,0,25,9
6,350,21.000000,0.000000,1,0,20008219,1064,50,1064,50,0,25,9
6,350,21.000000,0.000000,1,0,20008222,1065,49,1065,49,0,25,9
6,350,21.000000,0.000000,1,0,20008224,1066,48,1066,48,0,25,9
6,350,21.000000,0.000000,1,0,20008227,1067,47,1067,47,0,25,9
6,350,21.000000,0.000000,1,0,20008229,1068,47,1068,47,0,25,9
6,350,21.000000,0.000000,1,0,20008232,1069,47,1069,47,0,25,9
6,350,21.000000,0.000000,1,0,20008235,1071,47,1071,47,0,25,9
6,350,21.000000,0.000000,1,0,20008238,1072,47,1072,47,0,25,9
6,350,21.000000,0.000000,1,0,20008241,1074,47,1074,47,0,25,9
6,350,21.000000,0.000000,1,0,20008244,1074,46,1074,46,0,25,9
6,350,21.000000,0.000000,1,0,20008246,1074,45,1074,45,0,25,9
6,350,21.000000,0.000000,1,0,20008249,1075,45,1075,45,0,25,9
6,350,21.000000,0.000000,1,0,20008252,1076,45,1076,45,0,25,9
6,350,21.000000,0.000000,1,0,20008255,1077,45,1077,45,0,25,9
6,350,21.000000,0.000000,1,0,20008257,1078,44,1078,44,0,25,9
6,350,21.000000,0.000000,1,0,20008260,1079,44,1079,44,0,25,9
6,350,21.000000,0.000000,1,0,20008263,1079,43,1079,43,0,25,9
6,350,21.000000,0.000000,1,0,20008266,1081,42,1081,42,0,25,9
6,350,21.000000,0.000000,1,0,20008269,1082,42,1082,42,0,25,9
6,350,21.000000,0.000000,1,0,20008271,1084,42,1084,42,0,25,9
6,350,21.000000,0.000000,1,0,20008274,1086,41,1086,41,0,25,9
6,350,21.000000,0.000000,1,0,20008277,1088,40,1088,40,0,25,9
6,350,21.000000,0.000000,1,0,20008280,1089,40,1089,40,0,25,9
6,350,21.000000,0.000000,1,0,20008283,1090,40,1090,40,0,25,9
6,350,21.000000,0.000000,1,0,20008285,1091,39,1091,39,0,25,9
6,350,21.000000,0.000000,1,0,20008288,1092,38,1092,38,0,25,9
6,350,21.000000,0.000000,1,0,20008291,1093,38,1093,38,0,25,9
6,350,21.000000,0.000000,1,0,20008294,1095,37,1095,37,0,25,9
6,350,21.000000,0.000000,1,0,20008297,1097,36,1097,36,0,25,9
6,350,21.000000,0.000000,1,0,20008299,1098,36,1098,36,0,25,9
6,350,21.000000,0.000000,1,0,20008302,1099,36,1099,36,0,25,9
6,350,21.000000,0.000000,1,0,20008305,1099,35,1099,35,0,25,9
6,350,21.000000,0.000000,1,0,20008307,1100,34,1100,34,0,25,9
6,350,21.000000,0.000000,1,0,20008310,1101,34,1101,34,0,25,9
6,350,21.000000,0.000000,1,0,20008313,1102,34,1102,34,0,25,9
6,350,21.000000,0.000000,1,0,20008316,1102,34,1102,34,0,25,9
6,350,21.000000,0.000000,1,0,20008318,1102,34,1102,34,0,25,9
6,350,21.000000,0.000000,1,0,20008321,1102,33,1102,33,0,25,9
6,350,21.000000,0.000000,1,0,20008324,1102,32,1102,32,0,25,9
6,350,21.000000,0.000000,1,0,20008327,1102,32,1102,32,0,25,9
6,350,21.000000,0.000000,1,0,20008330,1103,32,1103,32,0,25,9
6,350,21.000000,0.000000,1,0,20008333,1103,32,1103,32,0,25,9
6,350,21.000000,0.000000,1,0,20008335,1103,32,1103,32,0,25,9
6,350,21.000000,0.000000,1,0,20008338,1104,32,1104,32,0,25,9
6,350,21.000000,0.000000,1,0,20008341,1105,32,1105,32,0,25,9
6,350,21.000000,0.000000,1,0,20008344,1106,32,1106,32,0,25,9
6,350,21.000000,0.000000,1,0,20008347,1106,32,1106,32,0,25,9
6,350,21.000000,0.000000,1,0,20008349,1106,32,1106,32,0,25,9
6,350,21.000000,0.000000,1,0,20008352,1107,32,1107,32,0,25,9
6,350,21.000000,0.000000,1,0,20008355,1108,32,1108,32,0,25,9
6,350,21.000000,0.000000,1,0,20008357,1108,31,1108,31,0,25,9
6,350,21.000000,0.000000,1,0,20008360,1107,31,1107,31,0,25,9
6,350,21.000000,0.000000,1,0,20008363,1109,31,1109,31,0,25,9
6,350,21.000000,0.000000,1,0,20008366,1111,31,1111,31,0,25,9
6,350,21.000000,0.000000,1,0,20008369,1111,31,1111,31,0,25,9
6,350,21.000000,0.000000,1,0,20008371,1111,31,1111,31,0,25,9
6,350,21.000000,0.000000,1,0,20008374,1111,30,1111,30,0,25,9
6,350,21.000000,0.000000,1,0,20008377,1111,29,1111,29,0,25,9
6,350,21.000000,0.000000,1,0,20008380,1111,29,1111,29,0,25,9
6,350,21.000000,0.000000,1,0,20008383,1112,28,1112,28,0,25,9
6,350,21.000000,0.000000,1,0,20008385,1113,28,1113,28,0,25,9
6,350,21.000000,0.000000,1,0,20008388,1114,28,1114,28,0,25,9
6,350,21.000000,0.000000,1,0,20008391,1114,28,1114,28,0,25,9
6,350,21.000000,0.000000,1,0,20008394,1115,28,1115,28,0,25,9
6,350,21.000000,0.000000,1,0,20008397,1116,28,1116,28,0,25,9
6,350,21.000000,0.000000,1,0,20008399,1116,28,1116,28,0,25,9
6,350,21.000000,0.000000,1,0,20008402,1117,28,1117,28,0,25,9
6,350,21.000000,0.000000,1,0,20008405,1117,27,1117,27,0,25,9
6,350,21.000000,0.000000,1,0,20008408,1117,26,1117,26,0,25,9
6,350,21.000000,0.000000,1,0,20008410,1118,26,1118,26,0,25,9
6,350,21.000000,0.000000,1,0,20008413,1119,26,1119,26,0,25,9
6,350,21.000000,0.000000,1,0,20008416,1120,26,1120,26,0,25,9
6,350,21.000000,0.000000,1,0,20008419,1121,26,1121,26,0,25,9
6,350,21.000000,0.000000,1,0,20008421,1122,26,1122,26,0,25,9
6,350,21.000000,0.000000,1,0,20008424,1122,26,1122,26,0,25,9
6,350,21.000000,0.000000,1,0,20008427,1122,26,1122,26,0,25,9
6,350,21.000000,0.000000,1,0,20008430,1123,25,1123,25,0,25,9
6,350,21.000000,0.000000,1,0,20008433,1123,25,1123,25,0,25,9
6,350,21.000000,0.000000,1,0,20008436,1123,25,1123,25,0,25,9
6,350,21.000000,0.000000,1,0,20008438,1124,25,1124,25,0,25,9
6,350,21.000000,0.000000,1,0,20008441,1125,25,1125,25,0,25,9
6,350,21.000000,0.000000,1,0,20008444,1125,25,1125,25,0,25,9
6,350,21.000000,0.000000,1,0,20008447,1126,25,1126,25,0,25,9
6,350,21.000000,0.000000,1,0,20008449,1127,25,1127,25,0,25,9
6,350,21.000000,0.000000,1,0,20008452,1128,25,1128,25,0,25,9
6,350,21.000000,0.000000,1,0,20008455,1128,25,1128,25,0,25,9
6,350,21.000000,0.000000,1,0,20008458,1128,24,1128,24,0,25,9
6,350,21.000000,0.000000,1,0,20008460,1128,24,1128,24,0,25,9
6,350,21.000000,0.000000,1,0,20008463,1128,23,1128,23,0,25,9
6,350,21.000000,0.000000,1,0,20008466,1128,23,1128,23,0,25,9
6,350,21.000000,0.000000,1,0,20008469,1128,23,1128,23,0,25,9
6,350,21.000000,0.000000,1,0,20008471,1128,22,1128,22,0,25,9
6,350,21.000000,0.000000,1,0,20008474,1128,21,1128,21,0,25,9
6,350,21.000000,0.000000,1,0,20008477,1129,21,1129,21,0,25,9
6,350,21.000000,0.000000,1,0,20008480,1129,21,1129,21,0,25,9
6,350,21.000000,0.000000,1,0,20008483,1129,21,1129,21,0,25,9
6,350,21.000000,0.000000,1,0,20008485,1130,21,1130,21,0,25,9
6,350,21.000000,0.000000,1,0,20008488,1131,21,1131,21,0,25,9
6,350,21.000000,0.000000,1,0,20008491,1132,21,1132,21,0,25,9
6,350,21.000000,0.000000,1,0,20008494,1132,20,1132,20,0,25,9
6,350,21.000000,0.000000,1,0,20008497,1133,20,1133,20,0,25,9
6,350,21.000000,0.000000,1,0,20008499,1134,20,1134,20,0,25,9
6,350,21.000000,0.000000,1,0,20008502,1135,20,1135,20,0,25,9
6,350,21.000000,0.000000,1,0,20008505,1135,20,1135,20,0,25,9
6,350,21.000000,0.000000,1,0,20008508,1135,20,1135,20,0,25,9
6,350,21.000000,0.000000,1,0,20008511,1135,19,1135,19,0,25,9
6,350,21.000000,0.000000,1,0,20008513,1135,18,1135,18,0,25,9
6,350,21.000000,0.000000,1,0,20008516,1136,18,1136,18,0,25,9
6,350,21.000000,0.000000,1,0,20008519,1137,18,1137,18,0,25,9
6,350,21.000000,0.000000,1,0,20008522,1138,18,1138,18,0,25,9
6,350,21.000000,0.000000,1,0,20008525,1139,18,1139,18,0,25,9
6,350,21.000000,0.000000,1,0,20008527,1140,18,1140,18,0,25,9
6,350,21.000000,0.000000,1,0,20008530,1141,18,1141,18,0,25,9
6,350,21.000000,0.000000,1,0,20008532,1141,18,1141,18,0,25,9
6,350,21.000000,0.000000,1,0,20008535,1141,18,1141,18,0,25,9
6,350,21.000000,0.000000,1,0,20008538,1141,18,1141,18,0,25,9
6,350,21.000000,0.000000,1,0,20008541,1142,17,1142,17,0,25,9
6,350,21.000000,0.000000,1,0,20008544,1143,16,1143,16,0,25,9
6,350,21.000000,0.000000,1,0,20008546,1143,16,1143,16,0,25,9
6,350,21.000000,0.000000,1,0,20008549,1143,16,1143,16,0,25,9
6,350,21.000000,0.000000,1,0,20008552,1143,16,1143,16,0,25,9
6,350,21.000000,0.000000,1,0,20008555,1143,16,1143,16,0,25,9
6,350,21.000000,0.000000,1,0,20008558,1143,16,1143,16,0,25,9
6,350,21.000000,0.000000,1,0,20008560,1143,16,1143,16,0,25,9
6,350,21.000000,0.000000,1,0,20008563,1143,16,1143,16,0,25,9
6,350,21.000000,0.000000,1,0,20008566,1143,16,1143,16,0,25,9
6,350,21.000000,0.000000,1,0,20008569,1143,16,1143,16,0,25,9
6,350,21.000000,0.000000,1,0,20008572,1143,16,1143,16,0,25,9
6,350,21.000000,0.000000,1,0,20008574,1143,16,1143,16,0,25,9
6,350,21.000000,0.000000,1,0,20008577,1143,16,1143,16,0,25,9
6,350,21.000000,0.000000,1,0,20008580,1143,16,1143,16,0,25,9
6,350,21.000000,0.000000,1,0,20008583,1143,16,1143,16,0,25,9
6,350,21.000000,0.000000,1,0,20008586,1143,15,1143,15,0,25,9
6,350,21.000000,0.000000,1,0,20008588,1143,14,1143,14,0,25,9
6,350,21.000000,0.000000,1,0,20008591,1143,14,1143,14,0,25,9
6,350,21.000000,0.000000,1,0,20008594,1144,14,1144,14,0,25,9
6,350,21.000000,0.000000,1,0,20008597,1145,14,1145,14,0,25,9
6,350,21.000000,0.000000,1,0,20008599,1145,14,1145,14,0,25,9
6,350,21.000000,0.000000,1,0,20008602,1145,14,1145,14,0,25,9
6,350,21.000000,0.000000,1,0,20008605,1145,14,1145,14,0,25,9
6,350,21.000000,0.000000,1,0,20008608,1145,14,1145,14,0,25,9
6,350,21.000000,0.000000,1,0,20008611,1145,14,1145,14,0,25,9
6,350,21.000000,0.000000,1,0,20008614,1145,14,1145,14,0,25,9
6,350,21.000000,0.000000,1,0,20008616,1145,14,1145,14,0,25,9
6,350,21.000000,0.000000,1,0,20008619,1145,14,1145,14,0,25,9
6,350,21.000000,0.000000,1,0,20008622,1145,14,1145,14,0,25,9
6,350,21.000000,0.000000,1,0,20008625,1145,14,1145,14,0,25,9
6,350,21.000000,0.000000,1,0,20008627,1145,14,1145,14,0,25,9
6,350,21.000000,0.000000,1,0,20008630,1145,14,1145,14,0,25,9
6,350,21.000000,0.000000,1,0,20008632,1145,14,1145,14,0,25,9
6,350,21.000000,0.000000,1,0,20008635,1145,14,1145,14,0,25,9
6,350,21.000000,0.000000,1,0,20008638,1145,14,1145,14,0,25,9
6,350,21.000000,0.000000,1,0,20008641,1145,14,1145,14,0,25,9
6,350,21.000000,0.000000,1,0,20008644,1145,14,1145,14,0,25,9
6,350,21.000000,0.000000,1,0,20008646,1145,14,1145,14,0,25,9
6,350,21.000000,0.000000,1,0,20008649,1145,14,1145,14,0,25,9
6,350,21.000000,0.000000,1,0,20008652,1145,14,1145,14,0,25,9
6,350,21.000000,0.000000,1,0,20008655,1145,14,1145,14,0,25,9
6,350,21.000000,0.000000,1,0,20008658,1145,14,1145,14,0,25,9
6,350,21.000000,0.000000,1,0,20008660,1145,14,1145,14,0,25,9
6,350,21.000000,0.000000,1,0,20008663,1145,14,1145,14,0,25,9
6,350,21.000000,0.000000,1,0,20008666,1145,14,1145,14,0,25,9
6,350,21.000000,0.000000,1,0,20008669,1145,14,1145,14,0,25,9
6,350,21.000000,0.000000,1,0,20008672,1145,13,1145,13,0,25,9
6,350,21.000000,0.000000,1,0,20008674,1145,12,1145,12,0,25,9
6,350,21.000000,0.000000,1,0,20008677,1145,12,1145,12,0,25,9
6,350,21.000000,0.000000,1,0,20008680,1145,12,1145,12,0,25,9
6,350,21.000000,0.000000,1,0,20008683,1145,12,1145,12,0,25,9
6,350,21.000000,0.000000,1,0,20008685,1145,12,1145,12,0,25,9
6,350,21.000000,0.000000,1,0,20008688,1145,12,1145,12,0,25,9
6,350,21.000000,0.000000,1,0,20008691,1145,12,1145,12,0,25,9
6,350,21.000000,0.000000,1,0,20008694,1145,12,1145,12,0,25,9
6,350,21.000000,0.000000,1,0,20008697,1145,12,1145,12,0,25,9
6,350,21.000000,0.000000,1,0,20008699,1145,12,1145,12,0,25,9
6,350,21.000000,0.000000,1,0,20008702,1145,12,1145,12,0,25,9
6,350,21.000000,0.000000,1,0,20008705,1145,12,1145,12,0,25,9
6,350,21.000000,0.000000,1,0,20008708,1145,12,1145,12,0,25,9
6,350,21.000000,0.000000,1,0,20008710,1145,12,1145,12,0,25,9
6,350,21.000000,0.000000,1,0,20008713,1145,12,1145,12,0,25,9
6,350,21.000000,0.000000,1,0,20008716,1145,12,1145,12,0,25,9
6,350,21.000000,0.000000,1,0,20008719,1145,12,1145,12,0,25,9
6,350,21.000000,0.000000,1,0,20008722,1145,12,1145,12,0,25,9
6,350,21.000000,0.000000,1,0,20008725,1145,12,1145,12,0,25,9
6,350,21.000000,0.000000,1,0,20008727,1145,12,1145,12,0,25,9
6,350,21.000000,0.000000,1,0,20008730,1145,12,1145,12,0,25,9
6,350,21.000000,0.000000,1,0,20008733,1145,12,1145,12,0,25,9
6,350,21.000000,0.000000,1,0,20008736,1145,12,1145,12,0,25,9
6,350,21.000000,0.000000,1,0,20008738,1145,12,1145,12,0,25,9
6,350,21.000000,0.000000,1,0,20008741,1145,12,1145,12,0,25,9
6,350,21.000000,0.000000,1,0,20008744,1145,12,1145,12,0,25,9
6,350,21.000000,0.000000,1,0,20008747,1145,12,1145,12,0,25,9
6,350,21.000000,0.000000,1,0,20008750,1145,12,1145,12,0,25,9
6,350,21.000000,0.000000,1,0,20008752,1145,12,1145,12,0,25,9
6,350,21.000000,0.000000,1,0,20008755,1145,12,1145,12,0,25,9
6,350,21.000000,0.000000,1,0,20008758,1145,12,1145,12,0,25,9
6,350,21.000000,0.000000,1,0,20008760,1145,12,1145,12,0,25,9
6,350,21.000000,0.000000,1,0,20008763,1145,12,1145,12,0,25,9
6,350,21.000000,0.000000,1,0,20008766,1145,12,1145,12,0,25,9
6,350,21.000000,0.000000,1,0,20008769,1145,12,1145,12,0,25,9
6,350,21.000000,0.000000,1,0,20008782,1145,12,1145,12,0,25,9
