6,700,21.000000,42.000000,1,0,20367124,612,0,612,0,0,39,0
6,700,21.000000,42.000000,1,0,20367125,612,0,612,0,0,39,0
6,700,21.000000,42.000000,1,0,20367128,612,0,612,0,0,39,0
6,700,21.000000,42.000000,1,0,20367131,612,0,612,0,0,39,0
6,700,21.000000,42.000000,1,0,20367134,612,0,612,0,0,39,0
6,700,21.000000,42.000000,1,0,20367136,612,0,612,0,0,39,0
6,700,21.000000,42.000000,1,0,20367139,612,0,612,0,0,39,0
6,700,21.000000,42.000000,1,0,20367142,612,0,612,0,0,39,0
6,700,21.000000,42.000000,1,0,20367144,612,0,612,0,0,39,0
6,700,21.000000,42.000000,1,0,20367148,612,0,612,0,0,39,0
6,700,21.000000,42.000000,1,0,20367150,612,0,612,0,0,39,0
6,700,21.000000,42.000000,1,0,20367153,612,0,612,0,0,39,0
6,700,21.000000,42.000000,1,0,20367155,612,0,612,0,0,39,0
6,700,21.000000,42.000000,1,0,20367158,612,0,612,0,0,39,0
6,700,21.000000,42.000000,1,0,20367161,612,0,612,0,0,39,0
6,700,21.000000,42.000000,1,0,20367164,612,0,612,0,0,39,0
6,700,21.000000,42.000000,1,0,20367167,612,0,612,0,0,39,0
6,700,21.000000,42.000000,1,0,20367169,612,0,612,0,0,39,0
6,700,21.000000,42.000000,1,0,20367172,612,0,612,0,0,39,0
6,700,21.000000,42.000000,1,0,20367175,612,0,612,0,0,39,0
6,700,21.000000,42.000000,1,0,20367178,612,0,612,0,0,39,0
6,700,21.000000,42.000000,1,0,20367181,612,0,612,0,0,39,0
6,700,21.000000,42.000000,1,0,20367183,612,0,612,0,0,39,0
6,700,21.000000,42.000000,1,0,20367186,612,0,612,0,0,39,0
6,700,21.000000,42.000000,1,0,20367189,612,0,612,0,0,39,0
6,700,21.000000,42.000000,1,0,20367192,612,0,612,0,0,39,0
6,700,21.000000,42.000000,1,0,20367195,612,0,612,0,0,39,0
6,700,21.000000,42.000000,1,0,20367198,612,0,612,0,0,39,0
6,700,21.000000,42.000000,1,0,20367200,612,0,612,0,0,39,0
6,700,21.000000,42.000000,1,0,20367203,612,0,612,0,0,39,0
6,700,21.000000,42.000000,1,0,20367206,612,0,612,0,0,39,0
6,700,21.000000,42.000000,1,0,20367209,612,0,612,0,0,39,0
6,700,21.000000,42.000000,1,0,20367211,612,0,612,0,0,39,0
6,700,21.000000,42.000000,1,0,20367214,612,0,612,0,0,39,0
6,700,21.000000,42.000000,1,0,20367217,612,0,612,0,0,39,0
6,700,21.000000,42.000000,1,0,20367220,612,0,612,0,0,39,0
6,700,21.000000,42.000000,1,0,20367223,612,0,612,0,0,39,0
6,700,21.000000,42.000000,1,0,20367225,612,0,612,0,0,39,0
6,700,21.000000,42.000000,1,0,20367228,612,0,612,0,0,39,0
6,700,21.000000,42.000000,1,0,20367231,612,0,612,0,0,39,0
6,700,21.000000,42.000000,1,0,20367233,612,0,612,0,0,39,0
6,700,21.000000,42.000000,1,0,20367236,612,0,612,0,0,39,0
6,700,21.000000,42.000000,1,0,20367239,612,0,612,0,0,39,0
6,700,21.000000,42.000000,1,0,20367242,612,0,612,0,0,39,0
6,700,21.000000,42.000000,1,0,20367245,612,0,612,0,0,39,0
6,700,21.000000,42.000000,1,0,20367247,612,0,612,0,0,39,0
6,700,21.000000,42.000000,1,0,20367250,612,0,612,0,0,39,0
6,700,21.000000,42.000000,1,0,20367253,612,0,612,0,0,39,0
6,700,21.000000,42.000000,1,0,20367256,612,0,612,0,0,39,0
6,700,21.000000,42.000000,1,0,20367259,612,0,612,0,0,39,0
6,700,21.000000,42.000000,1,0,20367261,612,0,612,0,0,39,0
6,700,21.000000,42.000000,1,0,20367264,612,0,612,0,0,39,0
6,700,21.000000,42.000000,1,0,20367267,612,0,612,0,0,39,0
6,700,21.000000,42.000000,1,0,20367270,612,0,612,0,0,39,0
6,700,21.000000,42.000000,1,0,20367273,612,0,612,0,0,39,0
6,700,21.000000,42.000000,1,0,20367275,612,0,612,0,0,39,0
6,700,21.000000,42.000000,1,0,20367278,612,0,612,0,0,39,0
6,700,21.000000,42.000000,1,0,20367281,612,0,612,0,0,39,0
6,700,21.000000,42.000000,1,0,20367284,612,0,612,0,0,39,0
6,700,21.000000,42.000000,1,0,20367286,612,0,612,0,0,39,0
6,700,21.000000,42.000000,1,0,20367289,612,0,612,0,0,39,0
6,700,21.000000,42.000000,1,0,20367292,612,0,612,0,0,39,0
6,700,21.000000,42.000000,1,0,20367294,612,0,612,0,0,39,0
6,700,21.000000,42.000000,1,0,20367297,612,0,612,0,0,39,0
6,700,21.000000,42.000000,1,0,20367300,612,0,612,0,0,39,0
6,700,21.000000,42.000000,1,0,20367303,612,0,612,0,0,39,0
6,700,21.000000,42.000000,1,0,20367306,612,0,612,0,0,39,0
6,700,21.000000,42.000000,1,0,20367308,612,0,612,0,0,39,0
6,700,21.000000,42.000000,1,0,20367311,612,0,612,0,0,39,0
6,700,21.000000,42.000000,1,0,20367314,612,1,612,1,0,39,0
6,700,21.000000,42.000000,1,0,20367317,612,2,612,2,0,39,0
6,700,21.000000,42.000000,1,0,20367320,613,3,613,3,0,39,0
6,700,21.000000,42.000000,1,0,20367322,614,4,614,4,0,39,0
6,700,21.000000,42.000000,1,0,20367325,614,5,614,5,0,39,0
6,700,21.000000,42.000000,1,0,20367328,615,6,615,6,0,39,0
6,700,21.000000,42.000000,1,0,20367331,615,7,615,7,0,39,0
6,700,21.000000,42.000000,1,0,20367334,616,9,616,9,0,39,0
6,700,21.000000,42.000000,1,0,20367337,617,11,617,11,0,39,0
6,700,21.000000,42.000000,1,0,20367339,618,12,618,12,0,39,0
6,700,21.000000,42.000000,1,0,20367342,619,15,619,15,0,39,0
6,700,21.000000,42.000000,1,0,20367345,621,17,621,17,0,39,0
6,700,21.000000,42.000000,1,0,20367347,624,22,624,22,0,39,0
6,700,21.000000,42.000000,1,0,20367350,625,23,625,23,0,39,0
6,700,21.000000,42.000000,1,0,20367353,627,26,627,26,0,39,0
6,700,21.000000,42.000000,1,0,20367356,630,28,630,28,0,39,0
6,700,21.000000,42.000000,1,0,20367359,630,32,630,32,0,39,0
6,700,21.000000,42.000000,1,0,20367361,633,33,633,33,0,39,0
6,700,21.000000,42.000000,1,0,20367364,634,35,634,35,0,39,0
6,700,21.000000,42.000000,1,0,20367367,638,39,638,39,0,39,0
6,700,21.000000,42.000000,1,0,20367370,645,45,645,45,0,39,0
6,700,21.000000,42.000000,1,0,20367373,647,47,647,47,0,39,0
6,700,21.000000,42.000000,1,0,20367375,652,50,652,50,0,39,0
6,700,21.000000,42.000000,1,0,20367378,655,53,655,53,0,39,0
6,700,21.000000,42.000000,1,0,20367381,661,58,661,58,0,39,0
6,700,21.000000,42.000000,1,0,20367384,666,60,666,60,0,39,0
6,700,21.000000,42.000000,1,0,20367387,672,67,672,67,0,39,0
6,700,21.000000,42.000000,1,0,20367390,675,69,675,69,0,39,0
6,700,21.000000,42.000000,1,0,20367392,680,74,680,74,0,39,0
6,700,21.000000,42.000000,1,0,20367395,687,78,687,78,0,39,0
6,700,21.000000,42.000000,1,0,20367397,697,84,697,84,0,39,0
6,700,21.000000,42.000000,1,0,20367400,703,87,703,87,0,39,0
6,700,21.000000,42.000000,1,0,20367403,708,92,708,92,0,39,0
6,700,21.000000,42.000000,1,0,20367406,712,96,712,96,0,39,0
6,700,21.000000,42.000000,1,0,20367409,720,100,720,100,0,39,0
6,700,21.000000,42.000000,1,0,20367411,730,104,730,104,0,39,0
6,700,21.000000,42.000000,1,0,20367414,737,108,737,108,0,39,0
6,700,21.000000,42.000000,1,0,20367417,748,114,748,114,0,39,0
6,700,21.000000,42.000000,1,0,20367420,759,118,759,118,0,39,0
6,700,21.000000,42.000000,1,0,20367422,766,122,766,122,0,39,0
6,700,21.000000,42.000000,1,0,20367425,773,125,773,125,0,39,0
6,700,21.000000,42.000000,1,0,20367428,783,127,783,127,0,39,0
6,700,21.000000,42.000000,1,0,20367431,794,133,794,133,0,39,0
6,700,21.000000,42.000000,1,0,20367434,804,137,804,137,0,39,0
6,700,21.000000,42.000000,1,0,20367436,812,138,812,138,0,39,0
6,700,21.000000,42.000000,1,0,20367439,821,143,821,143,0,39,0
6,700,21.000000,42.000000,1,0,20367442,832,145,832,145,0,39,0
6,700,21.000000,42.000000,1,0,20367445,841,148,841,148,0,39,0
6,700,21.000000,42.000000,1,0,20367448,851,149,851,149,0,39,0
6,700,21.000000,42.000000,1,0,20367450,859,154,859,154,0,39,0
6,700,21.000000,42.000000,1,0,20367453,868,154,868,154,0,39,0
6,700,21.000000,42.000000,1,0,20367456,877,156,877,156,0,39,0
6,700,21.000000,42.000000,1,0,20367459,887,157,887,157,0,39,0
6,700,21.000000,42.000000,1,0,20367462,895,159,895,159,0,39,0
6,700,21.000000,42.000000,1,0,20367464,902,159,902,159,0,39,0
6,700,21.000000,42.000000,1,0,20367467,910,160,910,160,0,39,0
6,700,21.000000,42.000000,1,0,20367470,917,162,917,162,0,39,0
6,700,21.000000,42.000000,1,0,20367473,925,162,925,162,0,39,0
6,700,21.000000,42.000000,1,0,20367475,935,163,935,163,0,39,0
6,700,21.000000,42.000000,1,0,20367478,944,163,944,163,0,39,0
6,700,21.000000,42.000000,1,0,20367481,951,163,951,163,0,39,0
6,700,21.000000,42.000000,1,0,20367484,959,164,959,164,0,39,0
6,700,21.000000,42.000000,1,0,20367486,966,164,966,164,0,39,0
6,700,21.000000,42.000000,1,0,20367489,974,164,974,164,0,39,0
6,700,21.000000,42.000000,1,0,20367492,984,164,984,164,0,39,0
6,700,21.000000,42.000000,1,0,20367495,989,164,989,164,0,39,0
6,700,21.000000,42.000000,1,0,20367498,998,164,998,164,0,39,0
6,700,21.000000,42.000000,1,0,20367500,1005,164,1005,164,0,39,0
6,700,21.000000,42.000000,1,0,20367503,1013,164,1013,164,0,39,0
6,700,21.000000,42.000000,1,0,20367506,1020,164,1020,164,0,39,0
6,700,21.000000,42.000000,1,0,20367509,1028,162,1028,162,0,39,0
6,700,21.000000,42.000000,1,0,20367512,1035,161,1035,161,0,39,0
6,700,21.000000,42.000000,1,0,20367515,1041,159,1041,159,0,39,0
6,700,21.000000,42.000000,1,0,20367517,1049,158,1049,158,0,39,0
6,700,21.000000,42.000000,1,0,20367520,1052,158,1052,158,0,39,0
6,700,21.000000,42.000000,1,0,20367523,1061,157,1061,157,0,39,0
6,700,21.000000,42.000000,1,0,20367526,1068,157,1068,157,0,39,0
6,700,21.000000,42.000000,1,0,20367528,1073,154,1073,154,0,39,0
6,700,21.000000,42.000000,1,0,20367531,1080,150,1080,150,0,39,0
6,700,21.000000,42.000000,1,0,20367534,1087,149,1087,149,0,39,0
6,700,21.000000,42.000000,1,0,20367537,1092,148,1092,148,0,39,0
6,700,21.000000,42.000000,1,0,20367540,1095,145,1095,145,0,39,0
6,700,21.000000,42.000000,1,0,20367542,1098,144,1098,144,0,39,0
6,700,21.000000,42.000000,1,0,20367545,1101,142,1101,142,0,39,0
6,700,21.000000,42.000000,1,0,20367547,1102,141,1102,141,0,39,0
6,700,21.000000,42.000000,1,0,20367550,1108,140,1108,140,0,39,0
6,700,21.000000,42.000000,1,0,20367553,1111,137,1111,137,0,39,0
6,700,21.000000,42.000000,1,0,20367556,1116,137,1116,137,0,39,0
6,700,21.000000,42.000000,1,0,20367559,1119,136,1119,136,0,39,0
6,700,21.000000,42.000000,1,0,20367561,1123,135,1123,135,0,39,0
6,700,21.000000,42.000000,1,0,20367564,1128,132,1128,132,0,39,0
6,700,21.000000,42.000000,1,0,20367567,1131,131,1131,131,0,39,0
6,700,21.000000,42.000000,1,0,20367570,1135,131,1135,131,0,39,0
6,700,21.000000,42.000000,1,0,20367573,1136,130,1136,130,0,39,0
6,700,21.000000,42.000000,1,0,20367576,1140,128,1140,128,0,39,0
6,700,21.000000,42.000000,1,0,20367578,1144,126,1144,126,0,39,0
6,700,21.000000,42.000000,1,0,20367581,1146,124,1146,124,0,39,0
6,700,21.000000,42.000000,1,0,20367584,1149,123,1149,123,0,39,0
6,700,21.000000,42.000000,1,0,20367587,1150,122,1150,122,0,39,0
6,700,21.000000,42.000000,1,0,20367590,1154,121,1154,121,0,39,0
6,700,21.000000,42.000000,1,0,20367592,1156,120,1156,120,0,39,0
6,700,21.000000,42.000000,1,0,20367595,1157,120,1157,120,0,39,0
6,700,21.000000,42.000000,1,0,20367597,1158,120,1158,120,0,39,0
6,700,21.000000,42.000000,1,0,20367600,1159,119,1159,119,0,39,0
6,700,21.000000,42.000000,1,0,20367603,1162,119,1162,119,0,39,0
6,700,21.000000,42.000000,1,0,20367606,1163,118,1163,118,0,39,0
6,700,21.000000,42.000000,1,0,20367609,1164,117,1164,117,0,39,0
6,700,21.000000,42.000000,1,0,20367611,1165,117,1165,117,0,39,0
6,700,21.000000,42.000000,1,0,20367614,1167,116,1167,116,0,39,0
6,700,21.000000,42.000000,1,0,20367617,1168,116,1168,116,0,39,0
6,700,21.000000,42.000000,1,0,20367620,1169,115,1169,115,0,39,0
6,700,21.000000,42.000000,1,0,20367623,1170,114,1170,114,0,39,0
6,700,21.000000,42.000000,1,0,20367625,1171,114,1171,114,0,39,0
6,700,21.000000,42.000000,1,0,20367628,1173,113,1173,113,0,39,0
6,700,21.000000,42.000000,1,0,20367631,1173,112,1173,112,0,39,0
6,700,21.000000,42.000000,1,0,20367634,1174,112,1174,112,0,39,0
6,700,21.000000,42.000000,1,0,20367637,1175,112,1175,112,0,39,0
6,700,21.000000,42.000000,1,0,20367639,1177,111,1177,111,0,39,0
6,700,21.000000,42.000000,1,0,20367642,1179,110,1179,110,0,39,0
6,700,21.000000,42.000000,1,0,20367645,1181,109,1181,109,0,39,0
6,700,21.000000,42.000000,1,0,20367648,1182,109,1182,109,0,39,0
6,700,21.000000,42.000000,1,0,20367651,1183,108,1183,108,0,39,0
6,700,21.000000,42.000000,1,0,20367653,1184,108,1184,108,0,39,0
6,700,21.000000,42.000000,1,0,20367656,1186,108,1186,108,0,39,0
6,700,21.000000,42.000000,1,0,20367659,1187,106,1187,106,0,39,0
6,700,21.000000,42.000000,1,0,20367662,1189,104,1189,104,0,39,0
6,700,21.000000,42.000000,1,0,20367665,1189,104,1189,104,0,39,0
6,700,21.000000,42.000000,1,0,20367667,1190,104,1190,104,0,39,0
6,700,21.000000,42.000000,1,0,20367670,1192,104,1192,104,0,39,0
6,700,21.000000,42.000000,1,0,20367672,1194,104,1194,104,0,39,0
6,700,21.000000,42.000000,1,0,20367675,1194,104,1194,104,0,39,0
6,700,21.000000,42.000000,1,0,20367678,1195,103,1195,103,0,39,0
6,700,21.000000,42.000000,1,0,20367681,1196,102,1196,102,0,39,0
6,700,21.000000,42.000000,1,0,20367684,1197,102,1197,102,0,39,0
6,700,21.000000,42.000000,1,0,20367687,1197,101,1197,101,0,39,0
6,700,21.000000,42.000000,1,0,20367689,1197,100,1197,100,0,39,0
6,700,21.000000,42.000000,1,0,20367692,1200,100,1200,100,0,39,0
6,700,21.000000,42.000000,1,0,20367695,1201,100,1201,100,0,39,0
6,700,21.000000,42.000000,1,0,20367698,1202,100,1202,100,0,39,0
6,700,21.000000,42.000000,1,0,20367701,1203,100,1203,100,0,39,0
6,700,21.000000,42.000000,1,0,20367703,1204,100,1204,100,0,39,0
6,700,21.000000,42.000000,1,0,20367706,1205,100,1205,100,0,39,0
6,700,21.000000,42.000000,1,0,20367709,1206,100,1206,100,0,39,0
6,700,21.000000,42.000000,1,0,20367712,1208,99,1208,99,0,39,0
6,700,21.000000,42.000000,1,0,20367715,1210,98,1210,98,0,39,0
6,700,21.000000,42.000000,1,0,20367717,1211,98,1211,98,0,39,0
6,700,21.000000,42.000000,1,0,20367720,1213,98,1213,98,0,39,0
6,700,21.000000,42.000000,1,0,20367723,1214,98,1214,98,0,39,0
6,700,21.000000,42.000000,1,0,20367726,1218,98,1218,98,0,39,0
6,700,21.000000,42.000000,1,0,20367729,1218,97,1218,97,0,39,0
6,700,21.000000,42.000000,1,0,20367731,1218,96,1218,96,0,39,0
6,700,21.000000,42.000000,1,0,20367734,1219,95,1219,95,0,39,0
6,700,21.000000,42.000000,1,0,20367736,1220,95,1220,95,0,39,0
6,700,21.000000,42.000000,1,0,20367739,1222,95,1222,95,0,39,0
6,700,21.000000,42.000000,1,0,20367742,1223,95,1223,95,0,39,0
6,700,21.000000,42.000000,1,0,20367745,1224,95,1224,95,0,39,0
6,700,21.000000,42.000000,1,0,20367748,1226,95,1226,95,0,39,0
6,700,21.000000,42.000000,1,0,20367751,1228,95,1228,95,0,39,0
6,700,21.000000,42.000000,1,0,20367754,1230,95,1230,95,0,39,0
6,700,21.000000,42.000000,1,0,20367756,1231,95,1231,95,0,39,0
6,700,21.000000,42.000000,1,0,20367759,1232,94,1232,94,0,39,0
6,700,21.000000,42.000000,1,0,20367762,1232,93,1232,93,0,39,0
6,700,21.000000,42.000000,1,0,20367764,1233,93,1233,93,0,39,0
6,700,21.000000,42.000000,1,0,20367767,1233,92,1233,92,0,39,0
6,700,21.000000,42.000000,1,0,20367770,1236,92,1236,92,0,39,0
6,700,21.000000,42.000000,1,0,20367773,1239,92,1239,92,0,39,0
6,700,21.000000,42.000000,1,0,20367776,1240,91,1240,91,0,39,0
6,700,21.000000,42.000000,1,0,20367778,1241,91,1241,91,0,39,0
6,700,21.000000,42.000000,1,0,20367781,1242,91,1242,91,0,39,0
6,700,21.000000,42.000000,1,0,20367784,1243,91,1243,91,0,39,0
6,700,21.000000,42.000000,1,0,20367787,1246,91,1246,91,0,39,0
6,700,21.000000,42.000000,1,0,20367790,1247,89,1247,89,0,39,0
6,700,21.000000,42.000000,1,0,20367792,1248,89,1248,89,0,39,0
6,700,21.000000,42.000000,1,0,20367795,1250,89,1250,89,0,39,0
6,700,21.000000,42.000000,1,0,20367798,1252,88,1252,88,0,39,0
6,700,21.000000,42.000000,1,0,20367800,1254,87,1254,87,0,39,0
6,700,21.000000,42.000000,1,0,20367803,1256,86,1256,86,0,39,0
6,700,21.000000,42.000000,1,0,20367806,1259,86,1259,86,0,39,0
6,700,21.000000,42.000000,1,0,20367809,1260,84,1260,84,0,39,0
6,700,21.000000,42.000000,1,0,20367812,1261,83,1261,83,0,39,0
6,700,21.000000,42.000000,1,0,20367814,1263,83,1263,83,0,39,0
6,700,21.000000,42.000000,1,0,20367817,1264,81,1264,81,0,39,0
6,700,21.000000,42.000000,1,0,20367820,1265,80,1265,80,0,39,0
6,700,21.000000,42.000000,1,0,20367823,1267,80,1267,80,0,39,0
6,700,21.000000,42.000000,1,0,20367826,1271,77,1271,77,0,39,0
6,700,21.000000,42.000000,1,0,20367828,1273,77,1273,77,0,39,0
6,700,21.000000,42.000000,1,0,20367831,1275,76,1275,76,0,39,0
6,700,21.000000,42.000000,1,0,20367834,1277,74,1277,74,0,39,0
6,700,21.000000,42.000000,1,0,20367837,1278,73,1278,73,0,39,0
6,700,21.000000,42.000000,1,0,20367839,1279,73,1279,73,0,39,0
6,700,21.000000,42.000000,1,0,20367842,1282,73,1282,73,0,39,0
6,700,21.000000,42.000000,1,0,20367845,1282,72,1282,72,0,39,0
6,700,21.000000,42.000000,1,0,20367848,1283,69,1283,69,0,39,0
6,700,21.000000,42.000000,1,0,20367851,1283,69,1283,69,0,39,0
6,700,21.000000,42.000000,1,0,20367853,1284,69,1284,69,0,39,0
6,700,21.000000,42.000000,1,0,20367856,1285,69,1285,69,0,39,0
6,700,21.000000,42.000000,1,0,20367859,1286,69,1286,69,0,39,0
6,700,21.000000,42.000000,1,0,20367862,1287,67,1287,67,0,39,0
6,700,21.000000,42.000000,1,0,20367865,1288,67,1288,67,0,39,0
6,700,21.000000,42.000000,1,0,20367867,1289,67,1289,67,0,39,0
6,700,21.000000,42.000000,1,0,20367870,1291,66,1291,66,0,39,0
6,700,21.000000,42.000000,1,0,20367873,1292,66,1292,66,0,39,0
6,700,21.000000,42.000000,1,0,20367876,1292,64,1292,64,0,39,0
6,700,21.000000,42.000000,1,0,20367878,1293,64,1293,64,0,39,0
6,700,21.000000,42.000000,1,0,20367881,1294,64,1294,64,0,39,0
6,700,21.000000,42.000000,1,0,20367884,1294,63,1294,63,0,39,0
6,700,21.000000,42.000000,1,0,20367887,1295,63,1295,63,0,39,0
6,700,21.000000,42.000000,1,0,20367890,1295,62,1295,62,0,39,0
6,700,21.000000,42.000000,1,0,20367892,1295,61,1295,61,0,39,0
6,700,21.000000,42.000000,1,0,20367895,1296,61,1296,61,0,39,0
6,700,21.000000,42.000000,1,0,20367898,1297,61,1297,61,0,39,0
6,700,21.000000,42.000000,1,0,20367901,1298,61,1298,61,0,39,0
6,700,21.000000,42.000000,1,0,20367904,1299,61,1299,61,0,39,0
6,700,21.000000,42.000000,1,0,20367906,1300,61,1300,61,0,39,0
6,700,21.000000,42.000000,1,0,20367909,1301,61,1301,61,0,39,0
6,700,21.000000,42.000000,1,0,20367912,1301,60,1301,60,0,39,0
6,700,21.000000,42.000000,1,0,20367915,1301,60,1301,60,0,39,0
6,700,21.000000,42.000000,1,0,20367917,1301,60,1301,60,0,39,0
6,700,21.000000,42.000000,1,0,20367920,1301,59,1301,59,0,39,0
6,700,21.000000,42.000000,1,0,20367923,1301,58,1301,58,0,39,0
6,700,21.000000,42.000000,1,0,20367926,1301,57,1301,57,0,39,0
6,700,21.000000,42.000000,1,0,20367929,1302,58,1302,58,0,39,0
6,700,21.000000,42.000000,1,0,20367931,1303,59,1303,59,0,39,0
6,700,21.000000,42.000000,1,0,20367934,1304,59,1304,59,0,39,0
6,700,21.000000,42.000000,1,0,20367937,1305,59,1305,59,0,39,0
6,700,21.000000,42.000000,1,0,20367940,1305,58,1305,58,0,39,0
6,700,21.000000,42.000000,1,0,20367942,1305,58,1305,58,0,39,0
6,700,21.000000,42.000000,1,0,20367945,1305,57,1305,57,0,39,0
6,700,21.000000,42.000000,1,0,20367948,1305,56,1305,56,0,39,0
6,700,21.000000,42.000000,1,0,20367950,1305,55,1305,55,0,39,0
6,700,21.000000,42.000000,1,0,20367953,1305,55,1305,55,0,39,0
6,700,21.000000,42.000000,1,0,20367956,1306,55,1306,55,0,39,0
6,700,21.000000,42.000000,1,0,20367959,1306,55,1306,55,0,39,0
6,700,21.000000,42.000000,1,0,20367962,1306,54,1306,54,0,39,0
6,700,21.000000,42.000000,1,0,20367965,1306,53,1306,53,0,39,0
6,700,21.000000,42.000000,1,0,20367967,1306,53,1306,53,0,39,0
6,700,21.000000,42.000000,1,0,20367970,1306,52,1306,52,0,39,0
6,700,21.000000,42.000000,1,0,20367973,1306,51,1306,51,0,39,0
6,700,21.000000,42.000000,1,0,20367976,1306,50,1306,50,0,39,0
6,700,21.000000,42.000000,1,0,20367978,1306,49,1306,49,0,39,0
6,700,21.000000,42.000000,1,0,20367981,1306,49,1306,49,0,39,0
6,700,21.000000,42.000000,1,0,20367984,1307,48,1307,48,0,39,0
6,700,21.000000,42.000000,1,0,20367987,1308,47,1308,47,0,39,0
6,700,21.000000,42.000000,1,0,20367990,1308,46,1308,46,0,39,0
6,700,21.000000,42.000000,1,0,20367993,1308,46,1308,46,0,39,0
6,700,21.000000,42.000000,1,0,20367995,1308,44,1308,44,0,39,0
6,700,21.000000,42.000000,1,0,20367998,1308,42,1308,42,0,39,0
6,700,21.000000,42.000000,1,0,20368001,1308,42,1308,42,0,39,0
6,700,21.000000,42.000000,1,0,20368004,1309,42,1309,42,0,39,0
6,700,21.000000,42.000000,1,0,20368006,1309,41,1309,41,0,39,0
6,700,21.000000,42.000000,1,0,20368009,1309,40,1309,40,0,39,0
6,700,21.000000,42.000000,1,0,20368012,1309,39,1309,39,0,39,0
6,700,21.000000,42.000000,1,0,20368015,1309,39,1309,39,0,39,0
6,700,21.000000,42.000000,1,0,20368017,1309,38,1309,38,0,39,0
6,700,21.000000,42.000000,1,0,20368020,1309,37,1309,37,0,39,0
6,700,21.000000,42.000000,1,0,20368023,1309,37,1309,37,0,39,0
6,700,21.000000,42.000000,1,0,20368026,1309,36,1309,36,0,39,0
6,700,21.000000,42.000000,1,0,20368029,1309,35,1309,35,0,39,0
6,700,21.000000,42.000000,1,0,20368031,1309,35,1309,35,0,39,0
6,700,21.000000,42.000000,1,0,20368034,1309,35,1309,35,0,39,0
6,700,21.000000,42.000000,1,0,20368037,1309,35,1309,35,0,39,0
6,700,21.000000,42.000000,1,0,20368040,1309,35,1309,35,0,39,0
6,700,21.000000,42.000000,1,0,20368042,1309,35,1309,35,0,39,0
6,700,21.000000,42.000000,1,0,20368045,1309,35,1309,35,0,39,0
6,700,21.000000,42.000000,1,0,20368048,1310,35,1310,35,0,39,0
6,700,21.000000,42.000000,1,0,20368051,1310,35,1310,35,0,39,0
6,700,21.000000,42.000000,1,0,20368053,1310,35,1310,35,0,39,0
6,700,21.000000,42.000000,1,0,20368056,1310,34,1310,34,0,39,0
6,700,21.000000,42.000000,1,0,20368059,1310,33,1310,33,0,39,0
6,700,21.000000,42.000000,1,0,20368062,1310,33,1310,33,0,39,0
6,700,21.000000,42.000000,1,0,20368065,1310,32,1310,32,0,39,0
6,700,21.000000,42.000000,1,0,20368067,1310,31,1310,31,0,39,0
6,700,21.000000,42.000000,1,0,20368070,1310,30,1310,30,0,39,0
6,700,21.000000,42.000000,1,0,20368073,1310,29,1310,29,0,39,0
6,700,21.000000,42.000000,1,0,20368076,1310,28,1310,28,0,39,0
6,700,21.000000,42.000000,1,0,20368079,1310,27,1310,27,0,39,0
6,700,21.000000,42.000000,1,0,20368081,1310,26,1310,26,0,39,0
6,700,21.000000,42.000000,1,0,20368084,1310,26,1310,26,0,39,0
6,700,21.000000,42.000000,1,0,20368087,1310,25,1310,25,0,39,0
6,700,21.000000,42.000000,1,0,20368090,1310,24,1310,24,0,39,0
6,700,21.000000,42.000000,1,0,20368093,1310,24,1310,24,0,39,0
6,700,21.000000,42.000000,1,0,20368095,1310,23,1310,23,0,39,0
6,700,21.000000,42.000000,1,0,20368098,1310,22,1310,22,0,39,0
6,700,21.000000,42.000000,1,0,20368101,1310,21,1310,21,0,39,0
6,700,21.000000,42.000000,1,0,20368104,1310,20,1310,20,0,39,0
6,700,21.000000,42.000000,1,0,20368106,1310,19,1310,19,0,39,0
6,700,21.000000,42.000000,1,0,20368109,1310,18,1310,18,0,39,0
6,700,21.000000,42.000000,1,0,20368112,1310,17,1310,17,0,39,0
6,700,21.000000,42.000000,1,0,20368115,1310,16,1310,16,0,39,0
6,700,21.000000,42.000000,1,0,20368118,1310,16,1310,16,0,39,0
6,700,21.000000,42.000000,1,0,20368120,1310,15,1310,15,0,39,0
6,700,21.000000,42.000000,1,0,20368123,1310,14,1310,14,0,39,0
6,700,21.000000,42.000000,1,0,20368126,1310,13,1310,13,0,39,0
6,700,21.000000,42.000000,1,0,20368129,1310,13,1310,13,0,39,0
6,700,21.000000,42.000000,1,0,20368131,1310,12,1310,12,0,39,0
6,700,21.000000,42.000000,1,0,20368134,1310,10,1310,10,0,39,0
6,700,21.000000,42.000000,1,0,20368137,1310,10,1310,10,0,39,0
6,700,21.000000,42.000000,1,0,20368140,1310,10,1310,10,0,39,0
6,700,21.000000,42.000000,1,0,20368143,1310,9,1310,9,0,39,0
6,700,21.000000,42.000000,1,0,20368145,1310,7,1310,7,0,39,0
6,700,21.000000,42.000000,1,0,20368148,1310,7,1310,7,0,39,0
6,700,21.000000,42.000000,1,0,20368151,1310,6,1310,6,0,39,0
6,700,21.000000,42.000000,1,0,20368154,1310,5,1310,5,0,39,0
6,700,21.000000,42.000000,1,0,20368156,1310,5,1310,5,0,39,0
6,700,21.000000,42.000000,1,0,20368159,1310,5,1310,5,0,39,0
6,700,21.000000,42.000000,1,0,20368162,1310,4,1310,4,0,39,0
6,700,21.000000,42.000000,1,0,20368165,1310,4,1310,4,0,39,0
6,700,21.000000,42.000000,1,0,20368168,1310,3,1310,3,0,39,0
6,700,21.000000,42.000000,1,0,20368170,1310,3,1310,3,0,39,0
6,700,21.000000,42.000000,1,0,20368173,1310,3,1310,3,0,39,0
6,700,21.000000,42.000000,1,0,20368176,1310,2,1310,2,0,39,0
6,700,21.000000,42.000000,1,0,20368179,1310,1,1310,1,0,39,0
6,700,21.000000,42.000000,1,0,20368181,1310,0,1310,0,0,39,0
6,700,21.000000,42.000000,1,0,20368184,1310,0,1310,-1,0,39,0
6,700,21.000000,42.000000,1,0,20368187,1310,0,1310,-1,0,39,0
6,700,21.000000,42.000000,1,0,20368190,1310,0,1310,-1,0,39,0
6,700,21.000000,42.000000,1,0,20368193,1310,0,1310,-1,0,39,0
6,700,21.000000,42.000000,1,0,20368195,1310,0,1310,-1,0,39,0
6,700,21.000000,42.000000,1,0,20368198,1311,0,1311,-3,0,39,0
6,700,21.000000,42.000000,1,0,20368201,1311,0,1311,-3,0,39,0
6,700,21.000000,42.000000,1,0,20368204,1311,0,1311,-4,0,39,0
6,700,21.000000,42.000000,1,0,20368206,1311,0,1311,-4,0,39,0
6,700,21.000000,42.000000,1,0,20368209,1311,0,1311,-4,0,39,0
6,700,21.000000,42.000000,1,0,20368212,1311,0,1311,-4,0,39,0
6,700,21.000000,42.000000,1,0,20368215,1311,0,1311,-4,0,39,0
6,700,21.000000,42.000000,1,0,20368218,1311,0,1311,-4,0,39,0
6,700,21.000000,42.000000,1,0,20368220,1312,0,1312,-4,0,39,0
6,700,21.000000,42.000000,1,0,20368223,1312,0,1312,-5,0,39,0
6,700,21.000000,42.000000,1,0,20368226,1312,0,1312,-6,0,39,0
6,700,21.000000,42.000000,1,0,20368229,1312,0,1312,-8,0,39,0
6,700,21.000000,42.000000,1,0,20368231,1312,0,1312,-10,0,39,0
6,700,21.000000,42.000000,1,0,20368234,1312,0,1312,-10,0,39,0
6,700,21.000000,42.000000,1,0,20368237,1312,0,1312,-10,0,39,0
6,700,21.000000,42.000000,1,0,20368240,1313,0,1313,-10,0,39,0
6,700,21.000000,42.000000,1,0,20368243,1313,0,1313,-10,0,39,0
6,700,21.000000,42.000000,1,0,20368245,1313,0,1313,-11,0,39,0
6,700,21.000000,42.000000,1,0,20368248,1313,0,1313,-13,0,39,0
6,700,21.000000,42.000000,1,0,20368251,1313,0,1313,-14,0,39,0
6,700,21.000000,42.000000,1,0,20368254,1313,0,1313,-15,0,39,0
6,700,21.000000,42.000000,1,0,20368257,1313,0,1313,-15,0,39,0
6,700,21.000000,42.000000,1,0,20368259,1313,0,1313,-15,0,39,0
6,700,21.000000,42.000000,1,0,20368262,1313,0,1313,-15,0,39,0
6,700,21.000000,42.000000,1,0,20368265,1313,0,1313,-15,0,39,0
6,700,21.000000,42.000000,1,0,20368267,1313,0,1313,-15,0,39,0
6,700,21.000000,42.000000,1,0,20368270,1313,0,1313,-15,0,39,0
6,700,21.000000,42.000000,1,0,20368273,1313,0,1313,-15,0,39,0
6,700,21.000000,42.000000,1,0,20368276,1313,0,1313,-15,0,39,0
6,700,21.000000,42.000000,1,0,20368279,1313,0,1313,-15,0,39,0
6,700,21.000000,42.000000,1,0,20368282,1313,0,1313,-15,0,39,0
6,700,21.000000,42.000000,1,0,20368284,1313,0,1313,-15,0,39,0
6,700,21.000000,42.000000,1,0,20368287,1313,0,1313,-15,0,39,0
6,700,21.000000,42.000000,1,0,20368290,1313,0,1313,-15,0,39,0
6,700,21.000000,42.000000,1,0,20368293,1313,0,1313,-15,0,39,0
6,700,21.000000,42.000000,1,0,20368296,1313,0,1313,-15,0,39,0
6,700,21.000000,42.000000,1,0,20368298,1313,0,1313,-15,0,39,0
6,700,21.000000,42.000000,1,0,20368301,1313,0,1313,-15,0,39,0
6,700,21.000000,42.000000,1,0,20368304,1313,0,1313,-15,0,39,0
6,700,21.000000,42.000000,1,0,20368306,1313,0,1313,-15,0,39,0
6,700,21.000000,42.000000,1,0,20368309,1313,0,1313,-15,0,39,0
6,700,21.000000,42.000000,1,0,20368312,1313,0,1313,-15,0,39,0
6,700,21.000000,42.000000,1,0,20368315,1313,0,1313,-15,0,39,0
6,700,21.000000,42.000000,1,0,20368318,1313,0,1313,-15,0,39,0
6,700,21.000000,42.000000,1,0,20368321,1313,0,1313,-15,0,39,0
6,700,21.000000,42.000000,1,0,20368323,1313,0,1313,-15,0,39,0
6,700,21.000000,42.000000,1,0,20368326,1313,0,1313,-15,0,39,0
6,700,21.000000,42.000000,1,0,20368329,1313,0,1313,-15,0,39,0
6,700,21.000000,42.000000,1,0,20368332,1313,0,1313,-15,0,39,0
6,700,21.000000,42.000000,1,0,20368334,1313,0,1313,-15,0,39,0
6,700,21.000000,42.000000,1,0,20368337,1313,0,1313,-15,0,39,0
6,700,21.000000,42.000000,1,0,20368340,1313,0,1313,-15,0,39,0
6,700,21.000000,42.000000,1,0,20368343,1313,0,1313,-15,0,39,0
6,700,21.000000,42.000000,1,0,20368346,1313,0,1313,-15,0,39,0
6,700,21.000000,42.000000,1,0,20368348,1313,0,1313,-15,0,39,0
6,700,21.000000,42.000000,1,0,20368351,1313,0,1313,-15,0,39,0
6,700,21.000000,42.000000,1,0,20368354,1313,0,1313,-15,0,39,0
6,700,21.000000,42.000000,1,0,20368356,1313,0,1313,-15,0,39,0
6,700,21.000000,42.000000,1,0,20368359,1313,0,1313,-15,0,39,0
6,700,21.000000,42.000000,1,0,20368372,1313,0,1313,-15,0,39,0
