6,350,80.500000,0.000000,2,0,20835093,780,0,780,0,0,47,0
6,350,80.500000,0.000000,2,0,20835094,780,0,780,0,0,47,0
6,350,80.500000,0.000000,2,0,20835097,780,0,780,0,0,47,0
6,350,80.500000,0.000000,2,0,20835100,780,0,780,0,0,47,0
6,350,80.500000,0.000000,2,0,20835102,780,0,780,0,0,47,0
6,350,80.500000,0.000000,2,0,20835105,780,0,780,0,0,47,0
6,350,80.500000,0.000000,2,0,20835108,780,0,780,0,0,47,0
6,350,80.500000,0.000000,2,0,20835111,781,0,781,0,0,47,0
6,350,80.500000,0.000000,2,0,20835114,781,0,781,0,0,47,0
6,350,80.500000,0.000000,2,0,20835116,781,0,781,0,0,47,0
6,350,80.500000,0.000000,2,0,20835119,781,0,781,0,0,47,0
6,350,80.500000,0.000000,2,0,20835122,781,0,781,0,0,47,0
6,350,80.500000,0.000000,2,0,20835125,782,0,782,0,0,47,0
6,350,80.500000,0.000000,2,0,20835128,783,0,783,0,0,47,0
6,350,80.500000,0.000000,2,0,20835130,783,0,783,0,0,47,0
6,350,80.500000,0.000000,2,0,20835133,783,0,783,0,0,47,0
6,350,80.500000,0.000000,2,0,20835136,783,0,783,0,0,47,0
6,350,80.500000,0.000000,2,0,20835138,783,0,783,-1,0,47,0
6,350,80.500000,0.000000,2,0,20835141,783,0,783,-2,0,47,0
6,350,80.500000,0.000000,2,0,20835144,783,0,783,-2,0,47,0
6,350,80.500000,0.000000,2,0,20835147,783,0,783,-2,0,47,0
6,350,80.500000,0.000000,2,0,20835150,783,0,783,-2,0,47,0
6,350,80.500000,0.000000,2,0,20835152,783,0,783,-2,0,47,0
6,350,80.500000,0.000000,2,0,20835155,783,0,783,-2,0,47,0
6,350,80.500000,0.000000,2,0,20835158,783,0,783,-2,0,47,0
6,350,80.500000,0.000000,2,0,20835161,783,0,783,-2,0,47,0
6,350,80.500000,0.000000,2,0,20835164,783,0,783,-2,0,47,0
6,350,80.500000,0.000000,2,0,20835166,783,0,783,-2,0,47,0
6,350,80.500000,0.000000,2,0,20835169,783,0,783,-2,0,47,0
6,350,80.500000,0.000000,2,0,20835172,783,0,783,-2,0,47,0
6,350,80.500000,0.000000,2,0,20835175,783,0,783,-2,0,47,0
6,350,80.500000,0.000000,2,0,20835178,783,0,783,-2,0,47,0
6,350,80.500000,0.000000,2,0,20835180,783,0,783,-2,0,47,0
6,350,80.500000,0.000000,2,0,20835183,783,0,783,-2,0,47,0
6,350,80.500000,0.000000,2,0,20835186,783,0,783,-2,0,47,0
6,350,80.500000,0.000000,2,0,20835189,783,0,783,-2,0,47,0
6,350,80.500000,0.000000,2,0,20835192,783,0,783,-2,0,47,0
6,350,80.500000,0.000000,2,0,20835194,783,0,783,-2,0,47,0
6,350,80.500000,0.000000,2,0,20835197,783,0,783,-2,0,47,0
6,350,80.500000,0.000000,2,0,20835199,783,0,783,-2,0,47,0
6,350,80.500000,0.000000,2,0,20835202,784,0,784,-2,0,47,0
6,350,80.500000,0.000000,2,0,20835205,784,0,784,-2,0,47,0
6,350,80.500000,0.000000,2,0,20835208,784,0,784,-2,0,47,0
6,350,80.500000,0.000000,2,0,20835211,784,0,784,-2,0,47,0
6,350,80.500000,0.000000,2,0,20835213,784,0,784,-2,0,47,0
6,350,80.500000,0.000000,2,0,20835216,785,0,785,-2,0,47,0
6,350,80.500000,0.000000,2,0,20835219,786,1,786,-1,0,47,0
6,350,80.500000,0.000000,2,0,20835222,787,1,787,-1,0,47,0
6,350,80.500000,0.000000,2,0,20835225,788,1,788,-1,0,47,0
6,350,80.500000,0.000000,2,0,20835228,789,1,789,-1,0,47,0
6,350,80.500000,0.000000,2,0,20835230,792,3,792,1,0,47,0
6,350,80.500000,0.000000,2,0,20835233,794,3,794,1,0,47,0
6,350,80.500000,0.000000,2,0,20835236,798,5,798,3,0,47,0
6,350,80.500000,0.000000,2,0,20835239,802,6,802,4,0,47,0
6,350,80.500000,0.000000,2,0,20835241,807,8,807,6,0,47,0
6,350,80.500000,0.000000,2,0,20835244,809,8,809,6,0,47,0
6,350,80.500000,0.000000,2,0,20835247,811,8,811,6,0,47,0
6,350,80.500000,0.000000,2,0,20835250,817,10,817,8,0,47,0
6,350,80.500000,0.000000,2,0,20835253,821,12,821,10,0,47,0
6,350,80.500000,0.000000,2,0,20835255,826,13,826,11,0,47,0
6,350,80.500000,0.000000,2,0,20835258,831,13,831,11,0,47,0
6,350,80.500000,0.000000,2,0,20835261,839,15,839,13,0,47,0
6,350,80.500000,0.000000,2,0,20835264,846,17,846,15,0,47,0
6,350,80.500000,0.000000,2,0,20835266,850,18,850,16,0,47,0
6,350,80.500000,0.000000,2,0,20835269,857,18,857,16,0,47,0
6,350,80.500000,0.000000,2,0,20835272,863,19,863,17,0,47,0
6,350,80.500000,0.000000,2,0,20835275,868,19,868,17,0,47,0
6,350,80.500000,0.000000,2,0,20835278,878,20,878,18,0,47,0
6,350,80.500000,0.000000,2,0,20835281,885,21,885,19,0,47,0
6,350,80.500000,0.000000,2,0,20835283,894,21,894,19,0,47,0
6,350,80.500000,0.000000,2,0,20835286,901,25,901,23,0,47,0
6,350,80.500000,0.000000,2,0,20835289,910,25,910,23,0,47,0
6,350,80.500000,0.000000,2,0,20835291,917,26,917,24,0,47,0
6,350,80.500000,0.000000,2,0,20835294,933,30,933,28,0,47,0
6,350,80.500000,0.000000,2,0,20835297,942,30,942,28,0,47,0
6,350,80.500000,0.000000,2,0,20835300,950,31,950,29,0,47,0
6,350,80.500000,0.000000,2,0,20835302,957,31,957,29,0,47,0
6,350,80.500000,0.000000,2,0,20835305,966,32,966,30,0,47,0
6,350,80.500000,0.000000,2,0,20835308,976,33,976,31,0,47,0
6,350,80.500000,0.000000,2,0,20835311,984,33,984,31,0,47,0
6,350,80.500000,0.000000,2,0,20835314,995,34,995,32,0,47,0
6,350,80.500000,0.000000,2,0,20835316,1003,34,1003,32,0,47,0
6,350,80.500000,0.000000,2,0,20835319,1011,34,1011,32,0,47,0
6,350,80.500000,0.000000,2,0,20835322,1019,34,1019,32,0,47,0
6,350,80.500000,0.000000,2,0,20835325,1027,34,1027,32,0,47,0
6,350,80.500000,0.000000,2,0,20835327,1034,34,1034,32,0,47,0
6,350,80.500000,0.000000,2,0,20835330,1042,34,1042,32,0,47,0
6,350,80.500000,0.000000,2,0,20835333,1046,34,1046,32,0,47,0
6,350,80.500000,0.000000,2,0,20835336,1051,34,1051,32,0,47,0
6,350,80.500000,0.000000,2,0,20835339,1055,34,1055,32,0,47,0
6,350,80.500000,0.000000,2,0,20835341,1062,33,1062,31,0,47,0
6,350,80.500000,0.000000,2,0,20835344,1066,33,1066,31,0,47,0
6,350,80.500000,0.000000,2,0,20835347,1069,33,1069,31,0,47,0
6,350,80.500000,0.000000,2,0,20835350,1073,33,1073,31,0,47,0
6,350,80.500000,0.000000,2,0,20835353,1075,33,1075,31,0,47,0
6,350,80.500000,0.000000,2,0,20835355,1080,32,1080,30,0,47,0
6,350,80.500000,0.000000,2,0,20835358,1084,32,1084,30,0,47,0
6,350,80.500000,0.000000,2,0,20835361,1086,32,1086,30,0,47,0
6,350,80.500000,0.000000,2,0,20835364,1089,31,1089,29,0,47,0
6,350,80.500000,0.000000,2,0,20835367,1091,31,1091,29,0,47,0
6,350,80.500000,0.000000,2,0,20835369,1093,30,1093,28,0,47,0
6,350,80.500000,0.000000,2,0,20835372,1095,29,1095,27,0,47,0
6,350,80.500000,0.000000,2,0,20835375,1096,29,1096,27,0,47,0
6,350,80.500000,0.000000,2,0,20835377,1097,29,1097,27,0,47,0
6,350,80.500000,0.000000,2,0,20835380,1098,28,1098,26,0,47,0
6,350,80.500000,0.000000,2,0,20835383,1099,28,1099,26,0,47,0
6,350,80.500000,0.000000,2,0,20835386,1100,27,1100,25,0,47,0
6,350,80.500000,0.000000,2,0,20835389,1102,27,1102,25,0,47,0
6,350,80.500000,0.000000,2,0,20835392,1103,27,1103,25,0,47,0
6,350,80.500000,0.000000,2,0,20835394,1105,26,1105,24,0,47,0
6,350,80.500000,0.000000,2,0,20835397,1106,26,1106,24,0,47,0
6,350,80.500000,0.000000,2,0,20835400,1106,25,1106,23,0,47,0
6,350,80.500000,0.000000,2,0,20835403,1107,23,1107,21,0,47,0
6,350,80.500000,0.000000,2,0,20835406,1107,23,1107,21,0,47,0
6,350,80.500000,0.000000,2,0,20835408,1109,22,1109,20,0,47,0
6,350,80.500000,0.000000,2,0,20835411,1109,21,1109,19,0,47,0
6,350,80.500000,0.000000,2,0,20835414,1109,20,1109,18,0,47,0
6,350,80.500000,0.000000,2,0,20835417,1109,19,1109,17,0,47,0
6,350,80.500000,0.000000,2,0,20835419,1110,18,1110,16,0,47,0
6,350,80.500000,0.000000,2,0,20835422,1111,17,1111,15,0,47,0
6,350,80.500000,0.000000,2,0,20835425,1112,16,1112,14,0,47,0
6,350,80.500000,0.000000,2,0,20835428,1112,15,1112,13,0,47,0
6,350,80.500000,0.000000,2,0,20835431,1113,13,1113,11,0,47,0
6,350,80.500000,0.000000,2,0,20835433,1113,11,1113,9,0,47,0
6,350,80.500000,0.000000,2,0,20835436,1114,11,1114,9,0,47,0
6,350,80.500000,0.000000,2,0,20835439,1115,10,1115,8,0,47,0
6,350,80.500000,0.000000,2,0,20835441,1115,7,1115,5,0,47,0
6,350,80.500000,0.000000,2,0,20835444,1116,6,1116,4,0,47,0
6,350,80.500000,0.000000,2,0,20835447,1117,5,1117,3,0,47,0
6,350,80.500000,0.000000,2,0,20835450,1117,4,1117,2,0,47,0
6,350,80.500000,0.000000,2,0,20835452,1117,3,1117,1,0,47,0
6,350,80.500000,0.000000,2,0,20835455,1118,3,1118,1,0,47,0
6,350,80.500000,0.000000,2,0,20835458,1118,2,1118,0,0,47,0
6,350,80.500000,0.000000,2,0,20835461,1119,1,1119,-1,0,47,0
6,350,80.500000,0.000000,2,0,20835464,1120,0,1120,-2,0,47,0
6,350,80.500000,0.000000,2,0,20835466,1120,0,1120,-3,0,47,0
6,350,80.500000,0.000000,2,0,20835469,1120,0,1120,-4,0,47,0
6,350,80.500000,0.000000,2,0,20835472,1120,0,1120,-5,0,47,0
6,350,80.500000,0.000000,2,0,20835475,1121,0,1121,-6,0,47,0
6,350,80.500000,0.000000,2,0,20835478,1122,0,1122,-6,0,47,0
6,350,80.500000,0.000000,2,0,20835481,1124,0,1124,-6,0,47,0
6,350,80.500000,0.000000,2,0,20835483,1124,0,1124,-7,0,47,0
6,350,80.500000,0.000000,2,0,20835486,1125,0,1125,-7,0,47,0
6,350,80.500000,0.000000,2,0,20835489,1126,0,1126,-8,0,47,0
6,350,80.500000,0.000000,2,0,20835492,1127,0,1127,-9,0,47,0
6,350,80.500000,0.000000,2,0,20835494,1128,0,1128,-11,0,47,0
6,350,80.500000,0.000000,2,0,20835497,1129,0,1129,-12,0,47,0
6,350,80.500000,0.000000,2,0,20835500,1130,0,1130,-13,0,47,0
6,350,80.500000,0.000000,2,0,20835503,1130,0,1130,-14,0,47,0
6,350,80.500000,0.000000,2,0,20835506,1131,0,1131,-14,0,47,0
6,350,80.500000,0.000000,2,0,20835508,1132,0,1132,-15,0,47,0
6,350,80.500000,0.000000,2,0,20835511,1132,0,1132,-17,0,47,0
6,350,80.500000,0.000000,2,0,20835514,1133,0,1133,-17,0,47,0
6,350,80.500000,0.000000,2,0,20835517,1134,0,1134,-18,0,47,0
6,350,80.500000,0.000000,2,0,20835519,1134,0,1134,-20,0,47,0
6,350,80.500000,0.000000,2,0,20835522,1134,0,1134,-22,0,47,0
6,350,80.500000,0.000000,2,0,20835525,1134,0,1134,-24,0,47,0
6,350,80.500000,0.000000,2,0,20835528,1135,0,1135,-24,0,47,0
6,350,80.500000,0.000000,2,0,20835531,1135,0,1135,-26,0,47,0
6,350,80.500000,0.000000,2,0,20835533,1135,0,1135,-27,0,47,0
6,350,80.500000,0.000000,2,0,20835536,1135,0,1135,-28,0,47,0
6,350,80.500000,0.000000,2,0,20835539,1135,0,1135,-30,0,47,0
6,350,80.500000,0.000000,2,0,20835541,1135,0,1135,-32,0,47,0
6,350,80.500000,0.000000,2,0,20835544,1135,0,1135,-33,0,47,0
6,350,80.500000,0.000000,2,0,20835547,1135,0,1135,-34,0,47,0
6,350,80.500000,0.000000,2,0,20835550,1135,0,1135,-35,0,47,0
6,350,80.500000,0.000000,2,0,20835553,1135,0,1135,-36,0,47,0
6,350,80.500000,0.000000,2,0,20835555,1135,0,1135,-36,0,47,0
6,350,80.500000,0.000000,2,0,20835558,1135,0,1135,-38,0,47,0
6,350,80.500000,0.000000,2,0,20835561,1135,0,1135,-38,0,47,0
6,350,80.500000,0.000000,2,0,20835564,1135,0,1135,-38,0,47,0
6,350,80.500000,0.000000,2,0,20835567,1135,0,1135,-39,0,47,0
6,350,80.500000,0.000000,2,0,20835569,1135,0,1135,-40,0,47,0
6,350,80.500000,0.000000,2,0,20835572,1135,0,1135,-40,0,47,0
6,350,80.500000,0.000000,2,0,20835575,1135,0,1135,-41,0,47,0
6,350,80.500000,0.000000,2,0,20835578,1135,0,1135,-42,0,47,0
6,350,80.500000,0.000000,2,0,20835581,1135,0,1135,-42,0,47,0
6,350,80.500000,0.000000,2,0,20835583,1135,0,1135,-43,0,47,0
6,350,80.500000,0.000000,2,0,20835586,1135,0,1135,-44,0,47,0
6,350,80.500000,0.000000,2,0,20835589,1135,0,1135,-44,0,47,0
6,350,80.500000,0.000000,2,0,20835592,1135,0,1135,-44,0,47,0
6,350,80.500000,0.000000,2,0,20835595,1136,0,1136,-44,0,47,0
6,350,80.500000,0.000000,2,0,20835597,1137,0,1137,-44,0,47,0
6,350,80.500000,0.000000,2,0,20835600,1137,0,1137,-44,0,47,0
6,350,80.500000,0.000000,2,0,20835603,1137,0,1137,-44,0,47,0
6,350,80.500000,0.000000,2,0,20835605,1137,0,1137,-44,0,47,0
6,350,80.500000,0.000000,2,0,20835608,1137,0,1137,-45,0,47,0
6,350,80.500000,0.000000,2,0,20835611,1137,0,1137,-46,0,47,0
6,350,80.500000,0.000000,2,0,20835614,1137,0,1137,-46,0,47,0
6,350,80.500000,0.000000,2,0,20835617,1137,0,1137,-46,0,47,0
6,350,80.500000,0.000000,2,0,20835619,1137,0,1137,-46,0,47,0
6,350,80.500000,0.000000,2,0,20835632,1137,0,1137,-46,0,47,0
