6,700,21.000000,42.000000,2,0,21005411,611,0,611,0,0,52,4
6,700,21.000000,42.000000,2,0,21005412,611,0,611,0,0,52,4
6,700,21.000000,42.000000,2,0,21005415,611,0,611,0,0,52,4
6,700,21.000000,42.000000,2,0,21005417,611,0,611,0,0,52,4
6,700,21.000000,42.000000,2,0,21005420,611,0,611,0,0,52,4
6,700,21.000000,42.000000,2,0,21005423,611,0,611,0,0,52,4
6,700,21.000000,42.000000,2,0,21005426,611,0,611,0,0,52,4
6,700,21.000000,42.000000,2,0,21005429,611,0,611,0,0,52,4
6,700,21.000000,42.000000,2,0,21005432,611,0,611,0,0,52,4
6,700,21.000000,42.000000,2,0,21005434,611,0,611,0,0,52,4
6,700,21.000000,42.000000,2,0,21005437,611,0,611,0,0,52,4
6,700,21.000000,42.000000,2,0,21005439,611,0,611,0,0,52,4
6,700,21.000000,42.000000,2,0,21005442,611,0,611,0,0,52,4
6,700,21.000000,42.000000,2,0,21005445,611,0,611,0,0,52,4
6,700,21.000000,42.000000,2,0,21005448,611,0,611,0,0,52,4
6,700,21.000000,42.000000,2,0,21005451,611,0,611,0,0,52,4
6,700,21.000000,42.000000,2,0,21005454,611,0,611,0,0,52,4
6,700,21.000000,42.000000,2,0,21005457,611,0,611,0,0,52,4
6,700,21.000000,42.000000,2,0,21005459,611,0,611,0,0,52,4
6,700,21.000000,42.000000,2,0,21005462,611,0,611,0,0,52,4
6,700,21.000000,42.000000,2,0,21005465,611,0,611,0,0,52,4
6,700,21.000000,42.000000,2,0,21005467,611,0,611,0,0,52,4
6,700,21.000000,42.000000,2,0,21005470,611,0,611,0,0,52,4
6,700,21.000000,42.000000,2,0,21005473,611,0,611,0,0,52,4
6,700,21.000000,42.000000,2,0,21005476,611,0,611,0,0,52,4
6,700,21.000000,42.000000,2,0,21005479,611,0,611,0,0,52,4
6,700,21.000000,42.000000,2,0,21005482,611,0,611,0,0,52,4
6,700,21.000000,42.000000,2,0,21005484,611,0,611,0,0,52,4
6,700,21.000000,42.000000,2,0,21005487,611,0,611,0,0,52,4
6,700,21.000000,42.000000,2,0,21005490,611,0,611,0,0,52,4
6,700,21.000000,42.000000,2,0,21005493,611,0,611,0,0,52,4
6,700,21.000000,42.000000,2,0,21005496,611,0,611,0,0,52,4
6,700,21.000000,42.000000,2,0,21005498,611,0,611,0,0,52,4
6,700,21.000000,42.000000,2,0,21005501,611,0,611,0,0,52,4
6,700,21.000000,42.000000,2,0,21005503,611,0,611,0,0,52,4
6,700,21.000000,42.000000,2,0,21005506,612,0,612,0,0,52,4
6,700,21.000000,42.000000,2,0,21005509,612,0,612,0,0,52,4
6,700,21.000000,42.000000,2,0,21005512,612,0,612,0,0,52,4
6,700,21.000000,42.000000,2,0,21005515,612,0,612,0,0,52,4
6,700,21.000000,42.000000,2,0,21005517,612,0,612,0,0,52,4
6,700,21.000000,42.000000,2,0,21005520,612,0,612,0,0,52,4
6,700,21.000000,42.000000,2,0,21005523,612,0,612,0,0,52,4
6,700,21.000000,42.000000,2,0,21005526,612,0,612,0,0,52,4
6,700,21.000000,42.000000,2,0,21005529,612,0,612,0,0,52,4
6,700,21.000000,42.000000,2,0,21005531,612,0,612,0,0,52,4
6,700,21.000000,42.000000,2,0,21005534,612,0,612,0,0,52,4
6,700,21.000000,42.000000,2,0,21005537,612,0,612,0,0,52,4
6,700,21.000000,42.000000,2,0,21005540,612,1,612,1,0,52,4
6,700,21.000000,42.000000,2,0,21005543,613,1,613,1,0,52,4
6,700,21.000000,42.000000,2,0,21005545,613,2,613,2,0,52,4
6,700,21.000000,42.000000,2,0,21005548,613,3,613,3,0,52,4
6,700,21.000000,42.000000,2,0,21005551,613,4,613,4,0,52,4
6,700,21.000000,42.000000,2,0,21005554,613,5,613,5,0,52,4
6,700,21.000000,42.000000,2,0,21005557,614,5,614,5,0,52,4
6,700,21.000000,42.000000,2,0,21005559,614,6,614,6,0,52,4
6,700,21.000000,42.000000,2,0,21005562,614,7,614,7,0,52,4
6,700,21.000000,42.000000,2,0,21005565,614,8,614,8,0,52,4
6,700,21.000000,42.000000,2,0,21005568,615,9,615,9,0,52,4
6,700,21.000000,42.000000,2,0,21005570,616,10,616,10,0,52,4
6,700,21.000000,42.000000,2,0,21005573,616,11,616,11,0,52,4
6,700,21.000000,42.000000,2,0,21005576,616,12,616,12,0,52,4
6,700,21.000000,42.000000,2,0,21005578,616,13,616,13,0,52,4
6,700,21.000000,42.000000,2,0,21005581,618,15,618,15,0,52,4
6,700,21.000000,42.000000,2,0,21005584,618,16,618,16,0,52,4
6,700,21.000000,42.000000,2,0,21005587,618,17,618,17,0,52,4
6,700,21.000000,42.000000,2,0,21005590,619,19,619,19,0,52,4
6,700,21.000000,42.000000,2,0,21005593,621,22,621,22,0,52,4
6,700,21.000000,42.000000,2,0,21005596,621,23,621,23,0,52,4
6,700,21.000000,42.000000,2,0,21005598,622,24,622,24,0,52,4
6,700,21.000000,42.000000,2,0,21005601,623,25,623,25,0,52,4
6,700,21.000000,42.000000,2,0,21005604,623,26,623,26,0,52,4
6,700,21.000000,42.000000,2,0,21005606,624,27,624,27,0,52,4
6,700,21.000000,42.000000,2,0,21005609,624,28,624,28,0,52,4
6,700,21.000000,42.000000,2,0,21005612,625,29,625,29,0,52,4
6,700,21.000000,42.000000,2,0,21005615,625,30,625,30,0,52,4
6,700,21.000000,42.000000,2,0,21005618,626,31,626,31,0,52,4
6,700,21.000000,42.000000,2,0,21005620,627,32,627,32,0,52,4
6,700,21.000000,42.000000,2,0,21005623,628,33,628,33,0,52,4
6,700,21.000000,42.000000,2,0,21005626,628,34,628,34,0,52,4
6,700,21.000000,42.000000,2,0,21005629,628,35,628,35,0,52,4
6,700,21.000000,42.000000,2,0,21005632,630,37,630,37,0,52,4
6,700,21.000000,42.000000,2,0,21005634,631,37,631,37,0,52,4
6,700,21.000000,42.000000,2,0,21005637,631,38,631,38,0,52,4
6,700,21.000000,42.000000,2,0,21005640,631,39,631,39,0,52,4
6,700,21.000000,42.000000,2,0,21005643,632,40,632,40,0,52,4
6,700,21.000000,42.000000,2,0,21005645,633,41,633,41,0,52,4
6,700,21.000000,42.000000,2,0,21005648,634,42,634,42,0,52,4
6,700,21.000000,42.000000,2,0,21005651,635,42,635,42,0,52,4
6,700,21.000000,42.000000,2,0,21005654,636,42,636,42,0,52,4
6,700,21.000000,42.000000,2,0,21005657,636,43,636,43,0,52,4
6,700,21.000000,42.000000,2,0,21005659,637,44,637,44,0,52,4
6,700,21.000000,42.000000,2,0,21005662,640,45,640,45,0,52,4
6,700,21.000000,42.000000,2,0,21005665,641,46,641,46,0,52,4
6,700,21.000000,42.000000,2,0,21005668,643,47,643,47,0,52,4
6,700,21.000000,42.000000,2,0,21005670,644,47,644,47,0,52,4
6,700,21.000000,42.000000,2,0,21005673,646,48,646,48,0,52,4
6,700,21.000000,42.000000,2,0,21005676,648,48,648,48,0,52,4
6,700,21.000000,42.000000,2,0,21005679,649,50,649,50,0,52,4
6,700,21.000000,42.000000,2,0,21005681,651,51,651,51,0,52,4
6,700,21.000000,42.000000,2,0,21005684,652,51,652,51,0,52,4
6,700,21.000000,42.000000,2,0,21005687,654,53,654,53,0,52,4
6,700,21.000000,42.000000,2,0,21005690,656,54,656,54,0,52,4
6,700,21.000000,42.000000,2,0,21005693,658,55,658,55,0,52,4
6,700,21.000000,42.000000,2,0,21005695,661,56,661,56,0,52,4
6,700,21.000000,42.000000,2,0,21005698,664,57,664,57,0,52,4
6,700,21.000000,42.000000,2,0,21005701,666,58,666,58,0,52,4
6,700,21.000000,42.000000,2,0,21005704,668,60,668,60,0,52,4
6,700,21.000000,42.000000,2,0,21005706,669,61,669,61,0,52,4
6,700,21.000000,42.000000,2,0,21005709,671,62,671,62,0,52,4
6,700,21.000000,42.000000,2,0,21005712,675,62,675,62,0,52,4
6,700,21.000000,42.000000,2,0,21005715,679,65,679,65,0,52,4
6,700,21.000000,42.000000,2,0,21005718,684,66,684,66,0,52,4
6,700,21.000000,42.000000,2,0,21005720,688,66,688,66,0,52,4
6,700,21.000000,42.000000,2,0,21005723,691,68,691,68,0,52,4
6,700,21.000000,42.000000,2,0,21005726,695,70,695,70,0,52,4
6,700,21.000000,42.000000,2,0,21005729,698,72,698,72,0,52,4
6,700,21.000000,42.000000,2,0,21005732,701,73,701,73,0,52,4
6,700,21.000000,42.000000,2,0,21005734,704,74,704,74,0,52,4
6,700,21.000000,42.000000,2,0,21005737,708,75,708,75,0,52,4
6,700,21.000000,42.000000,2,0,21005740,710,75,710,75,0,52,4
6,700,21.000000,42.000000,2,0,21005743,714,75,714,75,0,52,4
6,700,21.000000,42.000000,2,0,21005746,717,77,717,77,0,52,4
6,700,21.000000,42.000000,2,0,21005748,719,77,719,77,0,52,4
6,700,21.000000,42.000000,2,0,21005751,723,78,723,78,0,52,4
6,700,21.000000,42.000000,2,0,21005754,729,80,729,80,0,52,4
6,700,21.000000,42.000000,2,0,21005757,732,80,732,80,0,52,4
6,700,21.000000,42.000000,2,0,21005760,736,80,736,80,0,52,4
6,700,21.000000,42.000000,2,0,21005762,739,80,739,80,0,52,4
6,700,21.000000,42.000000,2,0,21005765,744,80,744,80,0,52,4
6,700,21.000000,42.000000,2,0,21005768,747,80,747,80,0,52,4
6,700,21.000000,42.000000,2,0,21005770,751,80,751,80,0,52,4
6,700,21.000000,42.000000,2,0,21005773,756,80,756,80,0,52,4
6,700,21.000000,42.000000,2,0,21005776,762,80,762,80,0,52,4
6,700,21.000000,42.000000,2,0,21005779,767,80,767,80,0,52,4
6,700,21.000000,42.000000,2,0,21005781,774,80,774,80,0,52,4
6,700,21.000000,42.000000,2,0,21005785,780,81,780,81,0,52,4
6,700,21.000000,42.000000,2,0,21005787,785,81,785,81,0,52,4
6,700,21.000000,42.000000,2,0,21005790,791,81,791,81,0,52,4
6,700,21.000000,42.000000,2,0,21005793,798,81,798,81,0,52,4
6,700,21.000000,42.000000,2,0,21005795,804,81,804,81,0,52,4
6,700,21.000000,42.000000,2,0,21005798,811,81,811,81,0,52,4
6,700,21.000000,42.000000,2,0,21005801,818,81,818,81,0,52,4
6,700,21.000000,42.000000,2,0,21005804,824,81,824,81,0,52,4
6,700,21.000000,42.000000,2,0,21005807,830,81,830,81,0,52,4
6,700,21.000000,42.000000,2,0,21005809,838,81,838,81,0,52,4
6,700,21.000000,42.000000,2,0,21005812,843,81,843,81,0,52,4
6,700,21.000000,42.000000,2,0,21005815,852,81,852,81,0,52,4
6,700,21.000000,42.000000,2,0,21005818,860,81,860,81,0,52,4
6,700,21.000000,42.000000,2,0,21005821,867,81,867,81,0,52,4
6,700,21.000000,42.000000,2,0,21005823,875,81,875,81,0,52,4
6,700,21.000000,42.000000,2,0,21005826,885,81,885,81,0,52,4
6,700,21.000000,42.000000,2,0,21005829,892,80,892,80,0,52,4
6,700,21.000000,42.000000,2,0,21005832,898,80,898,80,0,52,4
6,700,21.000000,42.000000,2,0,21005834,904,80,904,80,0,52,4
6,700,21.000000,42.000000,2,0,21005837,910,79,910,79,0,52,4
6,700,21.000000,42.000000,2,0,21005840,917,79,917,79,0,52,4
6,700,21.000000,42.000000,2,0,21005843,925,79,925,79,0,52,4
6,700,21.000000,42.000000,2,0,21005846,932,79,932,79,0,52,4
6,700,21.000000,42.000000,2,0,21005848,938,79,938,79,0,52,4
6,700,21.000000,42.000000,2,0,21005851,945,79,945,79,0,52,4
6,700,21.000000,42.000000,2,0,21005854,953,79,953,79,0,52,4
6,700,21.000000,42.000000,2,0,21005857,961,79,961,79,0,52,4
6,700,21.000000,42.000000,2,0,21005860,966,79,966,79,0,52,4
6,700,21.000000,42.000000,2,0,21005862,973,79,973,79,0,52,4
6,700,21.000000,42.000000,2,0,21005865,977,79,977,79,0,52,4
6,700,21.000000,42.000000,2,0,21005868,984,78,984,78,0,52,4
6,700,21.000000,42.000000,2,0,21005870,991,78,991,78,0,52,4
6,700,21.000000,42.000000,2,0,21005873,995,77,995,77,0,52,4
6,700,21.000000,42.000000,2,0,21005876,999,77,999,77,0,52,4
6,700,21.000000,42.000000,2,0,21005879,1005,77,1005,77,0,52,4
6,700,21.000000,42.000000,2,0,21005882,1010,77,1010,77,0,52,4
6,700,21.000000,42.000000,2,0,21005884,1015,77,1015,77,0,52,4
6,700,21.000000,42.000000,2,0,21005887,1019,77,1019,77,0,52,4
6,700,21.000000,42.000000,2,0,21005890,1024,77,1024,77,0,52,4
6,700,21.000000,42.000000,2,0,21005893,1027,77,1027,77,0,52,4
6,700,21.000000,42.000000,2,0,21005896,1030,77,1030,77,0,52,4
6,700,21.000000,42.000000,2,0,21005898,1034,77,1034,77,0,52,4
6,700,21.000000,42.000000,2,0,21005901,1040,77,1040,77,0,52,4
6,700,21.000000,42.000000,2,0,21005904,1048,77,1048,77,0,52,4
6,700,21.000000,42.000000,2,0,21005907,1050,77,1050,77,0,52,4
6,700,21.000000,42.000000,2,0,21005910,1054,77,1054,77,0,52,4
6,700,21.000000,42.000000,2,0,21005912,1057,77,1057,77,0,52,4
6,700,21.000000,42.000000,2,0,21005915,1062,77,1062,77,0,52,4
6,700,21.000000,42.000000,2,0,21005918,1064,77,1064,77,0,52,4
6,700,21.000000,42.000000,2,0,21005921,1067,76,1067,76,0,52,4
6,700,21.000000,42.000000,2,0,21005924,1071,76,1071,76,0,52,4
6,700,21.000000,42.000000,2,0,21005926,1076,76,1076,76,0,52,4
6,700,21.000000,42.000000,2,0,21005929,1078,76,1078,76,0,52,4
6,700,21.000000,42.000000,2,0,21005931,1082,76,1082,76,0,52,4
6,700,21.000000,42.000000,2,0,21005934,1086,76,1086,76,0,52,4
6,700,21.000000,42.000000,2,0,21005937,1089,75,1089,75,0,52,4
6,700,21.000000,42.000000,2,0,21005940,1092,75,1092,75,0,52,4
6,700,21.000000,42.000000,2,0,21005943,1097,74,1097,74,0,52,4
6,700,21.000000,42.000000,2,0,21005946,1100,74,1100,74,0,52,4
6,700,21.000000,42.000000,2,0,21005948,1102,73,1102,73,0,52,4
6,700,21.000000,42.000000,2,0,21005951,1105,73,1105,73,0,52,4
6,700,21.000000,42.000000,2,0,21005954,1108,73,1108,73,0,52,4
6,700,21.000000,42.000000,2,0,21005957,1111,73,1111,73,0,52,4
6,700,21.000000,42.000000,2,0,21005960,1114,73,1114,73,0,52,4
6,700,21.000000,42.000000,2,0,21005962,1116,72,1116,72,0,52,4
6,700,21.000000,42.000000,2,0,21005965,1119,72,1119,72,0,52,4
6,700,21.000000,42.000000,2,0,21005968,1122,71,1122,71,0,52,4
6,700,21.000000,42.000000,2,0,21005971,1125,71,1125,71,0,52,4
6,700,21.000000,42.000000,2,0,21005973,1127,71,1127,71,0,52,4
6,700,21.000000,42.000000,2,0,21005976,1130,71,1130,71,0,52,4
6,700,21.000000,42.000000,2,0,21005979,1132,71,1132,71,0,52,4
6,700,21.000000,42.000000,2,0,21005982,1134,71,1134,71,0,52,4
6,700,21.000000,42.000000,2,0,21005985,1137,71,1137,71,0,52,4
6,700,21.000000,42.000000,2,0,21005987,1139,71,1139,71,0,52,4
6,700,21.000000,42.000000,2,0,21005990,1141,71,1141,71,0,52,4
6,700,21.000000,42.000000,2,0,21005993,1143,71,1143,71,0,52,4
6,700,21.000000,42.000000,2,0,21005996,1146,70,1146,70,0,52,4
6,700,21.000000,42.000000,2,0,21005998,1147,70,1147,70,0,52,4
6,700,21.000000,42.000000,2,0,21006001,1150,70,1150,70,0,52,4
6,700,21.000000,42.000000,2,0,21006004,1153,70,1153,70,0,52,4
6,700,21.000000,42.000000,2,0,21006007,1156,70,1156,70,0,52,4
6,700,21.000000,42.000000,2,0,21006010,1159,70,1159,70,0,52,4
6,700,21.000000,42.000000,2,0,21006012,1161,70,1161,70,0,52,4
6,700,21.000000,42.000000,2,0,21006015,1163,70,1163,70,0,52,4
6,700,21.000000,42.000000,2,0,21006018,1164,70,1164,70,0,52,4
6,700,21.000000,42.000000,2,0,21006021,1166,70,1166,70,0,52,4
6,700,21.000000,42.000000,2,0,21006024,1167,70,1167,70,0,52,4
6,700,21.000000,42.000000,2,0,21006027,1168,70,1168,70,0,52,4
6,700,21.000000,42.000000,2,0,21006029,1171,69,1171,69,0,52,4
6,700,21.000000,42.000000,2,0,21006032,1172,69,1172,69,0,52,4
6,700,21.000000,42.000000,2,0,21006034,1174,69,1174,69,0,52,4
6,700,21.000000,42.000000,2,0,21006037,1176,69,1176,69,0,52,4
6,700,21.000000,42.000000,2,0,21006040,1178,69,1178,69,0,52,4
6,700,21.000000,42.000000,2,0,21006043,1180,69,1180,69,0,52,4
6,700,21.000000,42.000000,2,0,21006046,1181,67,1181,67,0,52,4
6,700,21.000000,42.000000,2,0,21006049,1184,65,1184,65,0,52,4
6,700,21.000000,42.000000,2,0,21006051,1185,65,1185,65,0,52,4
6,700,21.000000,42.000000,2,0,21006054,1187,64,1187,64,0,52,4
6,700,21.000000,42.000000,2,0,21006057,1189,63,1189,63,0,52,4
6,700,21.000000,42.000000,2,0,21006060,1191,62,1191,62,0,52,4
6,700,21.000000,42.000000,2,0,21006062,1193,62,1193,62,0,52,4
6,700,21.000000,42.000000,2,0,21006065,1194,62,1194,62,0,52,4
6,700,21.000000,42.000000,2,0,21006068,1196,61,1196,61,0,52,4
6,700,21.000000,42.000000,2,0,21006071,1197,60,1197,60,0,52,4
6,700,21.000000,42.000000,2,0,21006074,1199,60,1199,60,0,52,4
6,700,21.000000,42.000000,2,0,21006076,1203,59,1203,59,0,52,4
6,700,21.000000,42.000000,2,0,21006079,1205,58,1205,58,0,52,4
6,700,21.000000,42.000000,2,0,21006082,1206,58,1206,58,0,52,4
6,700,21.000000,42.000000,2,0,21006084,1208,57,1208,57,0,52,4
6,700,21.000000,42.000000,2,0,21006087,1209,57,1209,57,0,52,4
6,700,21.000000,42.000000,2,0,21006090,1212,57,1212,57,0,52,4
6,700,21.000000,42.000000,2,0,21006093,1212,56,1212,56,0,52,4
6,700,21.000000,42.000000,2,0,21006096,1214,55,1214,55,0,52,4
6,700,21.000000,42.000000,2,0,21006098,1215,55,1215,55,0,52,4
6,700,21.000000,42.000000,2,0,21006101,1217,55,1217,55,0,52,4
6,700,21.000000,42.000000,2,0,21006104,1218,54,1218,54,0,52,4
6,700,21.000000,42.000000,2,0,21006107,1220,54,1220,54,0,52,4
6,700,21.000000,42.000000,2,0,21006110,1221,54,1221,54,0,52,4
6,700,21.000000,42.000000,2,0,21006112,1223,54,1223,54,0,52,4
6,700,21.000000,42.000000,2,0,21006115,1224,53,1224,53,0,52,4
6,700,21.000000,42.000000,2,0,21006118,1225,52,1225,52,0,52,4
6,700,21.000000,42.000000,2,0,21006121,1226,52,1226,52,0,52,4
6,700,21.000000,42.000000,2,0,21006124,1227,52,1227,52,0,52,4
6,700,21.000000,42.000000,2,0,21006126,1228,52,1228,52,0,52,4
6,700,21.000000,42.000000,2,0,21006129,1229,52,1229,52,0,52,4
6,700,21.000000,42.000000,2,0,21006132,1231,52,1231,52,0,52,4
6,700,21.000000,42.000000,2,0,21006135,1231,51,1231,51,0,52,4
6,700,21.000000,42.000000,2,0,21006138,1233,51,1233,51,0,52,4
6,700,21.000000,42.000000,2,0,21006140,1235,51,1235,51,0,52,4
6,700,21.000000,42.000000,2,0,21006143,1237,51,1237,51,0,52,4
6,700,21.000000,42.000000,2,0,21006146,1239,51,1239,51,0,52,4
6,700,21.000000,42.000000,2,0,21006149,1241,50,1241,50,0,52,4
6,700,21.000000,42.000000,2,0,21006151,1242,50,1242,50,0,52,4
6,700,21.000000,42.000000,2,0,21006154,1244,50,1244,50,0,52,4
6,700,21.000000,42.000000,2,0,21006157,1245,50,1245,50,0,52,4
6,700,21.000000,42.000000,2,0,21006160,1246,50,1246,50,0,52,4
6,700,21.000000,42.000000,2,0,21006163,1246,49,1246,49,0,52,4
6,700,21.000000,42.000000,2,0,21006165,1246,48,1246,48,0,52,4
6,700,21.000000,42.000000,2,0,21006168,1247,48,1247,48,0,52,4
6,700,21.000000,42.000000,2,0,21006171,1248,48,1248,48,0,52,4
6,700,21.000000,42.000000,2,0,21006173,1249,48,1249,48,0,52,4
6,700,21.000000,42.000000,2,0,21006176,1249,47,1249,47,0,52,4
6,700,21.000000,42.000000,2,0,21006179,1251,47,1251,47,0,52,4
6,700,21.000000,42.000000,2,0,21006182,1253,47,1253,47,0,52,4
6,700,21.000000,42.000000,2,0,21006185,1255,47,1255,47,0,52,4
6,700,21.000000,42.000000,2,0,21006187,1257,47,1257,47,0,52,4
6,700,21.000000,42.000000,2,0,21006190,1257,46,1257,46,0,52,4
6,700,21.000000,42.000000,2,0,21006193,1259,46,1259,46,0,52,4
6,700,21.000000,42.000000,2,0,21006196,1261,46,1261,46,0,52,4
6,700,21.000000,42.000000,2,0,21006198,1262,46,1262,46,0,52,4
6,700,21.000000,42.000000,2,0,21006201,1263,46,1263,46,0,52,4
6,700,21.000000,42.000000,2,0,21006204,1264,46,1264,46,0,52,4
6,700,21.000000,42.000000,2,0,21006207,1265,46,1265,46,0,52,4
6,700,21.000000,42.000000,2,0,21006210,1267,46,1267,46,0,52,4
6,700,21.000000,42.000000,2,0,21006213,1268,46,1268,46,0,52,4
6,700,21.000000,42.000000,2,0,21006215,1269,46,1269,46,0,52,4
6,700,21.000000,42.000000,2,0,21006218,1271,45,1271,45,0,52,4
6,700,21.000000,42.000000,2,0,21006221,1271,45,1271,45,0,52,4
6,700,21.000000,42.000000,2,0,21006224,1273,45,1273,45,0,52,4
6,700,21.000000,42.000000,2,0,21006226,1275,44,1275,44,0,52,4
6,700,21.000000,42.000000,2,0,21006229,1276,44,1276,44,0,52,4
6,700,21.000000,42.000000,2,0,21006232,1277,44,1277,44,0,52,4
6,700,21.000000,42.000000,2,0,21006235,1278,43,1278,43,0,52,4
6,700,21.000000,42.000000,2,0,21006238,1279,42,1279,42,0,52,4
6,700,21.000000,42.000000,2,0,21006240,1281,42,1281,42,0,52,4
6,700,21.000000,42.000000,2,0,21006243,1283,42,1283,42,0,52,4
6,700,21.000000,42.000000,2,0,21006246,1284,41,1284,41,0,52,4
6,700,21.000000,42.000000,2,0,21006248,1285,41,1285,41,0,52,4
6,700,21.000000,42.000000,2,0,21006251,1286,40,1286,40,0,52,4
6,700,21.000000,42.000000,2,0,21006254,1289,39,1289,39,0,52,4
6,700,21.000000,42.000000,2,0,21006257,1290,38,1290,38,0,52,4
6,700,21.000000,42.000000,2,0,21006260,1291,38,1291,38,0,52,4
6,700,21.000000,42.000000,2,0,21006263,1293,38,1293,38,0,52,4
6,700,21.000000,42.000000,2,0,21006265,1294,37,1294,37,0,52,4
6,700,21.000000,42.000000,2,0,21006268,1296,36,1296,36,0,52,4
6,700,21.000000,42.000000,2,0,21006271,1296,35,1296,35,0,52,4
6,700,21.000000,42.000000,2,0,21006274,1297,35,1297,35,0,52,4
6,700,21.000000,42.000000,2,0,21006277,1299,34,1299,34,0,52,4
6,700,21.000000,42.000000,2,0,21006280,1300,34,1300,34,0,52,4
6,700,21.000000,42.000000,2,0,21006283,1300,33,1300,33,0,52,4
6,700,21.000000,42.000000,2,0,21006286,1301,33,1301,33,0,52,4
6,700,21.000000,42.000000,2,0,21006288,1301,33,1301,33,0,52,4
6,700,21.000000,42.000000,2,0,21006291,1302,33,1302,33,0,52,4
6,700,21.000000,42.000000,2,0,21006294,1303,33,1303,33,0,52,4
6,700,21.000000,42.000000,2,0,21006297,1303,33,1303,33,0,52,4
6,700,21.000000,42.000000,2,0,21006299,1303,32,1303,32,0,52,4
6,700,21.000000,42.000000,2,0,21006302,1303,31,1303,31,0,52,4
6,700,21.000000,42.000000,2,0,21006305,1303,31,1303,31,0,52,4
6,700,21.000000,42.000000,2,0,21006307,1305,31,1305,31,0,52,4
6,700,21.000000,42.000000,2,0,21006310,1305,30,1305,30,0,52,4
6,700,21.000000,42.000000,2,0,21006313,1305,30,1305,30,0,52,4
6,700,21.000000,42.000000,2,0,21006316,1306,30,1306,30,0,52,4
6,700,21.000000,42.000000,2,0,21006318,1306,29,1306,29,0,52,4
6,700,21.000000,42.000000,2,0,21006321,1306,28,1306,28,0,52,4
6,700,21.000000,42.000000,2,0,21006324,1307,28,1307,28,0,52,4
6,700,21.000000,42.000000,2,0,21006327,1307,28,1307,28,0,52,4
6,700,21.000000,42.000000,2,0,21006329,1308,28,1308,28,0,52,4
6,700,21.000000,42.000000,2,0,21006332,1309,27,1309,27,0,52,4
6,700,21.000000,42.000000,2,0,21006335,1309,27,1309,27,0,52,4
6,700,21.000000,42.000000,2,0,21006337,1309,27,1309,27,0,52,4
6,700,21.000000,42.000000,2,0,21006340,1309,26,1309,26,0,52,4
6,700,21.000000,42.000000,2,0,21006343,1310,26,1310,26,0,52,4
6,700,21.000000,42.000000,2,0,21006346,1311,26,1311,26,0,52,4
6,700,21.000000,42.000000,2,0,21006349,1311,26,1311,26,0,52,4
6,700,21.000000,42.000000,2,0,21006351,1311,26,1311,26,0,52,4
6,700,21.000000,42.000000,2,0,21006354,1311,25,1311,25,0,52,4
6,700,21.000000,42.000000,2,0,21006357,1311,24,1311,24,0,52,4
6,700,21.000000,42.000000,2,0,21006360,1311,24,1311,24,0,52,4
6,700,21.000000,42.000000,2,0,21006362,1312,23,1312,23,0,52,4
6,700,21.000000,42.000000,2,0,21006366,1312,22,1312,22,0,52,4
6,700,21.000000,42.000000,2,0,21006368,1312,21,1312,21,0,52,4
6,700,21.000000,42.000000,2,0,21006371,1312,21,1312,21,0,52,4
6,700,21.000000,42.000000,2,0,21006374,1312,20,1312,20,0,52,4
6,700,21.000000,42.000000,2,0,21006376,1313,19,1313,19,0,52,4
6,700,21.000000,42.000000,2,0,21006379,1313,19,1313,19,0,52,4
6,700,21.000000,42.000000,2,0,21006382,1313,19,1313,19,0,52,4
6,700,21.000000,42.000000,2,0,21006385,1313,18,1313,18,0,52,4
6,700,21.000000,42.000000,2,0,21006388,1313,17,1313,17,0,52,4
6,700,21.000000,42.000000,2,0,21006390,1313,16,1313,16,0,52,4
6,700,21.000000,42.000000,2,0,21006393,1313,16,1313,16,0,52,4
6,700,21.000000,42.000000,2,0,21006396,1313,15,1313,15,0,52,4
6,700,21.000000,42.000000,2,0,21006399,1314,14,1314,14,0,52,4
6,700,21.000000,42.000000,2,0,21006401,1314,14,1314,14,0,52,4
6,700,21.000000,42.000000,2,0,21006404,1314,13,1314,13,0,52,4
6,700,21.000000,42.000000,2,0,21006407,1314,12,1314,12,0,52,4
6,700,21.000000,42.000000,2,0,21006410,1314,12,1314,12,0,52,4
6,700,21.000000,42.000000,2,0,21006413,1314,12,1314,12,0,52,4
6,700,21.000000,42.000000,2,0,21006416,1314,12,1314,12,0,52,4
6,700,21.000000,42.000000,2,0,21006418,1314,12,1314,12,0,52,4
6,700,21.000000,42.000000,2,0,21006421,1314,12,1314,12,0,52,4
6,700,21.000000,42.000000,2,0,21006424,1315,11,1315,11,0,52,4
6,700,21.000000,42.000000,2,0,21006427,1316,10,1316,10,0,52,4
6,700,21.000000,42.000000,2,0,21006429,1316,10,1316,10,0,52,4
6,700,21.000000,42.000000,2,0,21006432,1317,10,1317,10,0,52,4
6,700,21.000000,42.000000,2,0,21006435,1317,9,1317,9,0,52,4
6,700,21.000000,42.000000,2,0,21006438,1317,8,1317,8,0,52,4
6,700,21.000000,42.000000,2,0,21006441,1317,8,1317,8,0,52,4
6,700,21.000000,42.000000,2,0,21006444,1317,8,1317,8,0,52,4
6,700,21.000000,42.000000,2,0,21006446,1317,7,1317,7,0,52,4
6,700,21.000000,42.000000,2,0,21006449,1317,6,1317,6,0,52,4
6,700,21.000000,42.000000,2,0,21006452,1317,6,1317,6,0,52,4
6,700,21.000000,42.000000,2,0,21006454,1317,6,1317,6,0,52,4
6,700,21.000000,42.000000,2,0,21006457,1317,6,1317,6,0,52,4
6,700,21.000000,42.000000,2,0,21006460,1317,6,1317,6,0,52,4
6,700,21.000000,42.000000,2,0,21006462,1317,6,1317,6,0,52,4
6,700,21.000000,42.000000,2,0,21006466,1317,6,1317,6,0,52,4
6,700,21.000000,42.000000,2,0,21006468,1317,6,1317,6,0,52,4
6,700,21.000000,42.000000,2,0,21006471,1317,5,1317,5,0,52,4
6,700,21.000000,42.000000,2,0,21006474,1317,4,1317,4,0,52,4
6,700,21.000000,42.000000,2,0,21006477,1317,4,1317,4,0,52,4
6,700,21.000000,42.000000,2,0,21006479,1317,4,1317,4,0,52,4
6,700,21.000000,42.000000,2,0,21006482,1317,4,1317,4,0,52,4
6,700,21.000000,42.000000,2,0,21006485,1317,4,1317,4,0,52,4
6,700,21.000000,42.000000,2,0,21006488,1318,4,1318,4,0,52,4
6,700,21.000000,42.000000,2,0,21006491,1319,4,1319,4,0,52,4
6,700,21.000000,42.000000,2,0,21006493,1319,4,1319,4,0,52,4
6,700,21.000000,42.000000,2,0,21006496,1319,3,1319,3,0,52,4
6,700,21.000000,42.000000,2,0,21006499,1319,3,1319,3,0,52,4
6,700,21.000000,42.000000,2,0,21006501,1319,3,1319,3,0,52,4
6,700,21.000000,42.000000,2,0,21006504,1319,2,1319,2,0,52,4
6,700,21.000000,42.000000,2,0,21006507,1319,2,1319,2,0,52,4
6,700,21.000000,42.000000,2,0,21006510,1319,2,1319,2,0,52,4
6,700,21.000000,42.000000,2,0,21006513,1319,2,1319,2,0,52,4
6,700,21.000000,42.000000,2,0,21006516,1319,2,1319,2,0,52,4
6,700,21.000000,42.000000,2,0,21006518,1319,1,1319,1,0,52,4
6,700,21.000000,42.000000,2,0,21006521,1319,0,1319,0,0,52,4
6,700,21.000000,42.000000,2,0,21006524,1319,0,1319,0,0,52,4
6,700,21.000000,42.000000,2,0,21006527,1320,0,1320,-1,0,52,4
6,700,21.000000,42.000000,2,0,21006530,1321,0,1321,-2,0,52,4
6,700,21.000000,42.000000,2,0,21006532,1321,0,1321,-2,0,52,4
6,700,21.000000,42.000000,2,0,21006535,1321,0,1321,-3,0,52,4
6,700,21.000000,42.000000,2,0,21006537,1321,0,1321,-4,0,52,4
6,700,21.000000,42.000000,2,0,21006540,1321,0,1321,-4,0,52,4
6,700,21.000000,42.000000,2,0,21006543,1321,0,1321,-4,0,52,4
6,700,21.000000,42.000000,2,0,21006546,1321,0,1321,-4,0,52,4
6,700,21.000000,42.000000,2,0,21006549,1321,0,1321,-4,0,52,4
6,700,21.000000,42.000000,2,0,21006551,1321,0,1321,-4,0,52,4
6,700,21.000000,42.000000,2,0,21006554,1322,0,1322,-5,0,52,4
6,700,21.000000,42.000000,2,0,21006557,1323,0,1323,-6,0,52,4
6,700,21.000000,42.000000,2,0,21006560,1323,0,1323,-6,0,52,4
6,700,21.000000,42.000000,2,0,21006563,1323,0,1323,-6,0,52,4
6,700,21.000000,42.000000,2,0,21006565,1323,0,1323,-7,0,52,4
6,700,21.000000,42.000000,2,0,21006568,1323,0,1323,-8,0,52,4
6,700,21.000000,42.000000,2,0,21006571,1323,0,1323,-8,0,52,4
6,700,21.000000,42.000000,2,0,21006574,1323,0,1323,-8,0,52,4
6,700,21.000000,42.000000,2,0,21006577,1323,0,1323,-8,0,52,4
6,700,21.000000,42.000000,2,0,21006579,1323,0,1323,-8,0,52,4
6,700,21.000000,42.000000,2,0,21006582,1323,0,1323,-8,0,52,4
6,700,21.000000,42.000000,2,0,21006585,1323,0,1323,-8,0,52,4
6,700,21.000000,42.000000,2,0,21006588,1323,0,1323,-8,0,52,4
6,700,21.000000,42.000000,2,0,21006591,1323,0,1323,-8,0,52,4
6,700,21.000000,42.000000,2,0,21006593,1323,0,1323,-8,0,52,4
6,700,21.000000,42.000000,2,0,21006596,1323,0,1323,-8,0,52,4
6,700,21.000000,42.000000,2,0,21006599,1323,0,1323,-8,0,52,4
6,700,21.000000,42.000000,2,0,21006601,1323,0,1323,-8,0,52,4
6,700,21.000000,42.000000,2,0,21006604,1323,0,1323,-8,0,52,4
6,700,21.000000,42.000000,2,0,21006607,1323,0,1323,-8,0,52,4
6,700,21.000000,42.000000,2,0,21006610,1323,0,1323,-8,0,52,4
6,700,21.000000,42.000000,2,0,21006613,1323,0,1323,-8,0,52,4
6,700,21.000000,42.000000,2,0,21006615,1323,0,1323,-8,0,52,4
6,700,21.000000,42.000000,2,0,21006618,1323,0,1323,-9,0,52,4
6,700,21.000000,42.000000,2,0,21006621,1323,0,1323,-9,0,52,4
6,700,21.000000,42.000000,2,0,21006624,1323,0,1323,-9,0,52,4
6,700,21.000000,42.000000,2,0,21006626,1323,0,1323,-9,0,52,4
6,700,21.000000,42.000000,2,0,21006629,1323,0,1323,-9,0,52,4
6,700,21.000000,42.000000,2,0,21006632,1323,0,1323,-9,0,52,4
6,700,21.000000,42.000000,2,0,21006635,1323,0,1323,-9,0,52,4
6,700,21.000000,42.000000,2,0,21006638,1323,0,1323,-9,0,52,4
6,700,21.000000,42.000000,2,0,21006641,1323,0,1323,-9,0,52,4
6,700,21.000000,42.000000,2,0,21006643,1323,0,1323,-9,0,52,4
6,700,21.000000,42.000000,2,0,21006646,1323,0,1323,-10,0,52,4
6,700,21.000000,42.000000,2,0,21006649,1323,0,1323,-10,0,52,4
6,700,21.000000,42.000000,2,0,21006652,1323,0,1323,-10,0,52,4
6,700,21.000000,42.000000,2,0,21006655,1323,0,1323,-10,0,52,4
6,700,21.000000,42.000000,2,0,21006657,1323,0,1323,-10,0,52,4
6,700,21.000000,42.000000,2,0,21006660,1323,0,1323,-11,0,52,4
6,700,21.000000,42.000000,2,0,21006663,1323,0,1323,-11,0,52,4
6,700,21.000000,42.000000,2,0,21006665,1323,0,1323,-11,0,52,4
6,700,21.000000,42.000000,2,0,21006668,1323,0,1323,-11,0,52,4
6,700,21.000000,42.000000,2,0,21006671,1323,0,1323,-11,0,52,4
6,700,21.000000,42.000000,2,0,21006674,1323,0,1323,-11,0,52,4
6,700,21.000000,42.000000,2,0,21006676,1323,0,1323,-11,0,52,4
6,700,21.000000,42.000000,2,0,21006679,1323,0,1323,-11,0,52,4
6,700,21.000000,42.000000,2,0,21006682,1323,0,1323,-11,0,52,4
6,700,21.000000,42.000000,2,0,21006685,1323,0,1323,-11,0,52,4
6,700,21.000000,42.000000,2,0,21006688,1323,0,1323,-11,0,52,4
6,700,21.000000,42.000000,2,0,21006690,1323,0,1323,-11,0,52,4
6,700,21.000000,42.000000,2,0,21006693,1323,0,1323,-11,0,52,4
6,700,21.000000,42.000000,2,0,21006696,1323,0,1323,-11,0,52,4
6,700,21.000000,42.000000,2,0,21006699,1323,0,1323,-11,0,52,4
6,700,21.000000,42.000000,2,0,21006702,1323,0,1323,-11,0,52,4
6,700,21.000000,42.000000,2,0,21006705,1323,0,1323,-11,0,52,4
6,700,21.000000,42.000000,2,0,21006707,1323,0,1323,-11,0,52,4
6,700,21.000000,42.000000,2,0,21006710,1323,0,1323,-11,0,52,4
6,700,21.000000,42.000000,2,0,21006713,1323,0,1323,-11,0,52,4
6,700,21.000000,42.000000,2,0,21006715,1323,0,1323,-11,0,52,4
6,700,21.000000,42.000000,2,0,21006718,1323,0,1323,-11,0,52,4
6,700,21.000000,42.000000,2,0,21006721,1323,0,1323,-11,0,52,4
6,700,21.000000,42.000000,2,0,21006724,1323,0,1323,-11,0,52,4
6,700,21.000000,42.000000,2,0,21006727,1323,0,1323,-11,0,52,4
6,700,21.000000,42.000000,2,0,21006729,1323,0,1323,-11,0,52,4
6,700,21.000000,42.000000,2,0,21006732,1323,0,1323,-11,0,52,4
6,700,21.000000,42.000000,2,0,21006735,1323,0,1323,-11,0,52,4
6,700,21.000000,42.000000,2,0,21006738,1323,0,1323,-11,0,52,4
6,700,21.000000,42.000000,2,0,21006741,1323,0,1323,-11,0,52,4
6,700,21.000000,42.000000,2,0,21006743,1323,0,1323,-11,0,52,4
6,700,21.000000,42.000000,2,0,21006746,1323,0,1323,-11,0,52,4
6,700,21.000000,42.000000,2,0,21006749,1323,0,1323,-11,0,52,4
6,700,21.000000,42.000000,2,0,21006752,1323,0,1323,-11,0,52,4
6,700,21.000000,42.000000,2,0,21006755,1323,0,1323,-11,0,52,4
6,700,21.000000,42.000000,2,0,21006757,1323,0,1323,-11,0,52,4
6,700,21.000000,42.000000,2,0,21006760,1323,0,1323,-11,0,52,4
6,700,21.000000,42.000000,2,0,21006763,1323,0,1323,-11,0,52,4
6,700,21.000000,42.000000,2,0,21006766,1323,0,1323,-11,0,52,4
6,700,21.000000,42.000000,2,0,21006769,1323,0,1323,-11,0,52,4
6,700,21.000000,42.000000,2,0,21006771,1323,0,1323,-11,0,52,4
6,700,21.000000,42.000000,2,0,21006774,1323,0,1323,-11,0,52,4
6,700,21.000000,42.000000,2,0,21006777,1323,0,1323,-11,0,52,4
6,700,21.000000,42.000000,2,0,21006780,1323,0,1323,-11,0,52,4
6,700,21.000000,42.000000,2,0,21006793,1323,0,1323,-11,1,52,4
