6,700,21.000000,0.000000,2,0,21071631,613,0,613,0,0,54,4
6,700,21.000000,0.000000,2,0,21071632,613,0,613,0,0,54,4
6,700,21.000000,0.000000,2,0,21071634,613,0,613,0,0,54,4
6,700,21.000000,0.000000,2,0,21071637,613,0,613,0,0,54,4
6,700,21.000000,0.000000,2,0,21071640,613,0,613,0,0,54,4
6,700,21.000000,0.000000,2,0,21071643,613,0,613,0,0,54,4
6,700,21.000000,0.000000,2,0,21071646,613,0,613,0,0,54,4
6,700,21.000000,0.000000,2,0,21071649,613,0,613,0,0,54,4
6,700,21.000000,0.000000,2,0,21071651,613,0,613,0,0,54,4
6,700,21.000000,0.000000,2,0,21071654,613,0,613,0,0,54,4
6,700,21.000000,0.000000,2,0,21071657,613,0,613,0,0,54,4
6,700,21.000000,0.000000,2,0,21071659,613,0,613,0,0,54,4
6,700,21.000000,0.000000,2,0,21071662,613,0,613,0,0,54,4
6,700,21.000000,0.000000,2,0,21071665,613,0,613,0,0,54,4
6,700,21.000000,0.000000,2,0,21071668,613,0,613,0,0,54,4
6,700,21.000000,0.000000,2,0,21071671,613,0,613,0,0,54,4
6,700,21.000000,0.000000,2,0,21071673,613,0,613,0,0,54,4
6,700,21.000000,0.000000,2,0,21071676,613,0,613,0,0,54,4
6,700,21.000000,0.000000,2,0,21071679,613,0,613,0,0,54,4
6,700,21.000000,0.000000,2,0,21071682,613,0,613,0,0,54,4
6,700,21.000000,0.000000,2,0,21071684,613,0,613,0,0,54,4
6,700,21.000000,0.000000,2,0,21071687,613,0,613,0,0,54,4
6,700,21.000000,0.000000,2,0,21071690,613,0,613,0,0,54,4
6,700,21.000000,0.000000,2,0,21071693,613,0,613,0,0,54,4
6,700,21.000000,0.000000,2,0,21071696,613,0,613,0,0,54,4
6,700,21.000000,0.000000,2,0,21071698,613,0,613,0,0,54,4
6,700,21.000000,0.000000,2,0,21071701,613,0,613,0,0,54,4
6,700,21.000000,0.000000,2,0,21071704,613,0,613,0,0,54,4
6,700,21.000000,0.000000,2,0,21071707,613,0,613,0,0,54,4
6,700,21.000000,0.000000,2,0,21071710,613,0,613,0,0,54,4
6,700,21.000000,0.000000,2,0,21071712,613,0,613,0,0,54,4
6,700,21.000000,0.000000,2,0,21071715,613,0,613,0,0,54,4
6,700,21.000000,0.000000,2,0,21071718,613,0,613,0,0,54,4
6,700,21.000000,0.000000,2,0,21071721,613,0,613,0,0,54,4
6,700,21.000000,0.000000,2,0,21071723,613,0,613,0,0,54,4
6,700,21.000000,0.000000,2,0,21071726,613,0,613,0,0,54,4
6,700,21.000000,0.000000,2,0,21071729,613,0,613,0,0,54,4
6,700,21.000000,0.000000,2,0,21071732,613,0,613,0,0,54,4
6,700,21.000000,0.000000,2,0,21071734,613,0,613,0,0,54,4
6,700,21.000000,0.000000,2,0,21071737,613,0,613,0,0,54,4
6,700,21.000000,0.000000,2,0,21071740,613,0,613,0,0,54,4
6,700,21.000000,0.000000,2,0,21071743,613,0,613,0,0,54,4
6,700,21.000000,0.000000,2,0,21071746,613,0,613,0,0,54,4
6,700,21.000000,0.000000,2,0,21071748,613,0,613,0,0,54,4
6,700,21.000000,0.000000,2,0,21071751,613,0,613,0,0,54,4
6,700,21.000000,0.000000,2,0,21071754,613,0,613,0,0,54,4
6,700,21.000000,0.000000,2,0,21071757,613,0,613,0,0,54,4
6,700,21.000000,0.000000,2,0,21071760,613,0,613,0,0,54,4
6,700,21.000000,0.000000,2,0,21071762,613,0,613,0,0,54,4
6,700,21.000000,0.000000,2,0,21071765,613,0,613,0,0,54,4
6,700,21.000000,0.000000,2,0,21071768,613,0,613,0,0,54,4
6,700,21.000000,0.000000,2,0,21071771,614,1,614,1,0,54,4
6,700,21.000000,0.000000,2,0,21071774,615,1,615,1,0,54,4
6,700,21.000000,0.000000,2,0,21071776,617,3,617,3,0,54,4
6,700,21.000000,0.000000,2,0,21071779,619,3,619,3,0,54,4
6,700,21.000000,0.000000,2,0,21071782,619,4,619,4,0,54,4
6,700,21.000000,0.000000,2,0,21071785,624,8,624,8,0,54,4
6,700,21.000000,0.000000,2,0,21071788,625,8,625,8,0,54,4
6,700,21.000000,0.000000,2,0,21071790,627,11,627,11,0,54,4
6,700,21.000000,0.000000,2,0,21071793,633,12,633,12,0,54,4
6,700,21.000000,0.000000,2,0,21071796,637,16,637,16,0,54,4
6,700,21.000000,0.000000,2,0,21071798,641,18,641,18,0,54,4
6,700,21.000000,0.000000,2,0,21071801,646,23,646,23,0,54,4
6,700,21.000000,0.000000,2,0,21071804,651,25,651,25,0,54,4
6,700,21.000000,0.000000,2,0,21071807,655,27,655,27,0,54,4
6,700,21.000000,0.000000,2,0,21071810,661,30,661,30,0,54,4
6,700,21.000000,0.000000,2,0,21071813,666,31,666,31,0,54,4
6,700,21.000000,0.000000,2,0,21071815,671,36,671,36,0,54,4
6,700,21.000000,0.000000,2,0,21071818,678,38,678,38,0,54,4
6,700,21.000000,0.000000,2,0,21071821,682,41,682,41,0,54,4
6,700,21.000000,0.000000,2,0,21071823,687,42,687,42,0,54,4
6,700,21.000000,0.000000,2,0,21071826,691,45,691,45,0,54,4
6,700,21.000000,0.000000,2,0,21071829,694,46,694,46,0,54,4
6,700,21.000000,0.000000,2,0,21071832,697,46,697,46,0,54,4
6,700,21.000000,0.000000,2,0,21071835,701,48,701,48,0,54,4
6,700,21.000000,0.000000,2,0,21071837,704,51,704,51,0,54,4
6,700,21.000000,0.000000,2,0,21071840,710,53,710,53,0,54,4
6,700,21.000000,0.000000,2,0,21071843,715,55,715,55,0,54,4
6,700,21.000000,0.000000,2,0,21071846,718,56,718,56,0,54,4
6,700,21.000000,0.000000,2,0,21071848,721,58,721,58,0,54,4
6,700,21.000000,0.000000,2,0,21071851,723,59,723,59,0,54,4
6,700,21.000000,0.000000,2,0,21071854,727,59,727,59,0,54,4
6,700,21.000000,0.000000,2,0,21071857,730,61,730,61,0,54,4
6,700,21.000000,0.000000,2,0,21071860,733,63,733,63,0,54,4
6,700,21.000000,0.000000,2,0,21071862,736,64,736,64,0,54,4
6,700,21.000000,0.000000,2,0,21071865,741,66,741,66,0,54,4
6,700,21.000000,0.000000,2,0,21071868,745,68,745,68,0,54,4
6,700,21.000000,0.000000,2,0,21071871,750,70,750,70,0,54,4
6,700,21.000000,0.000000,2,0,21071874,753,70,753,70,0,54,4
6,700,21.000000,0.000000,2,0,21071876,758,71,758,71,0,54,4
6,700,21.000000,0.000000,2,0,21071879,765,73,765,73,0,54,4
6,700,21.000000,0.000000,2,0,21071882,770,75,770,75,0,54,4
6,700,21.000000,0.000000,2,0,21071885,776,78,776,78,0,54,4
6,700,21.000000,0.000000,2,0,21071888,782,79,782,79,0,54,4
6,700,21.000000,0.000000,2,0,21071890,789,81,789,81,0,54,4
6,700,21.000000,0.000000,2,0,21071893,797,85,797,85,0,54,4
6,700,21.000000,0.000000,2,0,21071896,803,87,803,87,0,54,4
6,700,21.000000,0.000000,2,0,21071898,809,88,809,88,0,54,4
6,700,21.000000,0.000000,2,0,21071901,817,92,817,92,0,54,4
6,700,21.000000,0.000000,2,0,21071904,830,96,830,96,0,54,4
6,700,21.000000,0.000000,2,0,21071907,841,99,841,99,0,54,4
6,700,21.000000,0.000000,2,0,21071910,849,100,849,100,0,54,4
6,700,21.000000,0.000000,2,0,21071912,858,104,858,104,0,54,4
6,700,21.000000,0.000000,2,0,21071915,869,106,869,106,0,54,4
6,700,21.000000,0.000000,2,0,21071918,883,107,883,107,0,54,4
6,700,21.000000,0.000000,2,0,21071921,892,111,892,111,0,54,4
6,700,21.000000,0.000000,2,0,21071924,905,115,905,115,0,54,4
6,700,21.000000,0.000000,2,0,21071926,917,116,917,116,0,54,4
6,700,21.000000,0.000000,2,0,21071929,927,117,927,117,0,54,4
6,700,21.000000,0.000000,2,0,21071932,937,118,937,118,0,54,4
6,700,21.000000,0.000000,2,0,21071935,949,121,949,121,0,54,4
6,700,21.000000,0.000000,2,0,21071938,961,122,961,122,0,54,4
6,700,21.000000,0.000000,2,0,21071940,970,122,970,122,0,54,4
6,700,21.000000,0.000000,2,0,21071943,981,122,981,122,0,54,4
6,700,21.000000,0.000000,2,0,21071946,993,123,993,123,0,54,4
6,700,21.000000,0.000000,2,0,21071948,1002,124,1002,124,0,54,4
6,700,21.000000,0.000000,2,0,21071951,1011,124,1011,124,0,54,4
6,700,21.000000,0.000000,2,0,21071954,1019,124,1019,124,0,54,4
6,700,21.000000,0.000000,2,0,21071957,1028,124,1028,124,0,54,4
6,700,21.000000,0.000000,2,0,21071960,1036,124,1036,124,0,54,4
6,700,21.000000,0.000000,2,0,21071962,1044,124,1044,124,0,54,4
6,700,21.000000,0.000000,2,0,21071965,1051,124,1051,124,0,54,4
6,700,21.000000,0.000000,2,0,21071968,1059,124,1059,124,0,54,4
6,700,21.000000,0.000000,2,0,21071971,1064,124,1064,124,0,54,4
6,700,21.000000,0.000000,2,0,21071973,1069,124,1069,124,0,54,4
6,700,21.000000,0.000000,2,0,21071976,1074,124,1074,124,0,54,4
6,700,21.000000,0.000000,2,0,21071979,1080,124,1080,124,0,54,4
6,700,21.000000,0.000000,2,0,21071982,1085,124,1085,124,0,54,4
6,700,21.000000,0.000000,2,0,21071985,1089,124,1089,124,0,54,4
6,700,21.000000,0.000000,2,0,21071987,1095,124,1095,124,0,54,4
6,700,21.000000,0.000000,2,0,21071990,1099,124,1099,124,0,54,4
6,700,21.000000,0.000000,2,0,21071993,1104,122,1104,122,0,54,4
6,700,21.000000,0.000000,2,0,21071996,1108,121,1108,121,0,54,4
6,700,21.000000,0.000000,2,0,21071999,1112,121,1112,121,0,54,4
6,700,21.000000,0.000000,2,0,21072001,1116,119,1116,119,0,54,4
6,700,21.000000,0.000000,2,0,21072004,1122,118,1122,118,0,54,4
6,700,21.000000,0.000000,2,0,21072007,1127,118,1127,118,0,54,4
6,700,21.000000,0.000000,2,0,21072010,1131,118,1131,118,0,54,4
6,700,21.000000,0.000000,2,0,21072013,1135,118,1135,118,0,54,4
6,700,21.000000,0.000000,2,0,21072015,1140,117,1140,117,0,54,4
6,700,21.000000,0.000000,2,0,21072018,1144,116,1144,116,0,54,4
6,700,21.000000,0.000000,2,0,21072021,1150,116,1150,116,0,54,4
6,700,21.000000,0.000000,2,0,21072024,1157,114,1157,114,0,54,4
6,700,21.000000,0.000000,2,0,21072027,1163,113,1163,113,0,54,4
6,700,21.000000,0.000000,2,0,21072029,1167,112,1167,112,0,54,4
6,700,21.000000,0.000000,2,0,21072032,1171,112,1171,112,0,54,4
6,700,21.000000,0.000000,2,0,21072035,1175,112,1175,112,0,54,4
6,700,21.000000,0.000000,2,0,21072038,1182,112,1182,112,0,54,4
6,700,21.000000,0.000000,2,0,21072041,1188,112,1188,112,0,54,4
6,700,21.000000,0.000000,2,0,21072043,1192,112,1192,112,0,54,4
6,700,21.000000,0.000000,2,0,21072046,1198,112,1198,112,0,54,4
6,700,21.000000,0.000000,2,0,21072048,1206,111,1206,111,0,54,4
6,700,21.000000,0.000000,2,0,21072051,1214,111,1214,111,0,54,4
6,700,21.000000,0.000000,2,0,21072054,1221,111,1221,111,0,54,4
6,700,21.000000,0.000000,2,0,21072057,1226,111,1226,111,0,54,4
6,700,21.000000,0.000000,2,0,21072060,1231,111,1231,111,0,54,4
6,700,21.000000,0.000000,2,0,21072062,1237,111,1237,111,0,54,4
6,700,21.000000,0.000000,2,0,21072065,1243,109,1243,109,0,54,4
6,700,21.000000,0.000000,2,0,21072068,1248,109,1248,109,0,54,4
6,700,21.000000,0.000000,2,0,21072071,1254,108,1254,108,0,54,4
6,700,21.000000,0.000000,2,0,21072074,1259,108,1259,108,0,54,4
6,700,21.000000,0.000000,2,0,21072076,1262,107,1262,107,0,54,4
6,700,21.000000,0.000000,2,0,21072079,1268,106,1268,106,0,54,4
6,700,21.000000,0.000000,2,0,21072082,1272,106,1272,106,0,54,4
6,700,21.000000,0.000000,2,0,21072085,1277,105,1277,105,0,54,4
6,700,21.000000,0.000000,2,0,21072088,1281,103,1281,103,0,54,4
6,700,21.000000,0.000000,2,0,21072090,1283,102,1283,102,0,54,4
6,700,21.000000,0.000000,2,0,21072093,1285,101,1285,101,0,54,4
6,700,21.000000,0.000000,2,0,21072096,1287,100,1287,100,0,54,4
6,700,21.000000,0.000000,2,0,21072099,1291,98,1291,98,0,54,4
6,700,21.000000,0.000000,2,0,21072102,1291,96,1291,96,0,54,4
6,700,21.000000,0.000000,2,0,21072104,1293,95,1293,95,0,54,4
6,700,21.000000,0.000000,2,0,21072107,1293,93,1293,93,0,54,4
6,700,21.000000,0.000000,2,0,21072110,1296,93,1296,93,0,54,4
6,700,21.000000,0.000000,2,0,21072113,1297,93,1297,93,0,54,4
6,700,21.000000,0.000000,2,0,21072116,1298,93,1298,93,0,54,4
6,700,21.000000,0.000000,2,0,21072118,1299,93,1299,93,0,54,4
6,700,21.000000,0.000000,2,0,21072121,1300,93,1300,93,0,54,4
6,700,21.000000,0.000000,2,0,21072124,1303,92,1303,92,0,54,4
6,700,21.000000,0.000000,2,0,21072127,1303,90,1303,90,0,54,4
6,700,21.000000,0.000000,2,0,21072129,1304,90,1304,90,0,54,4
6,700,21.000000,0.000000,2,0,21072132,1307,88,1307,88,0,54,4
6,700,21.000000,0.000000,2,0,21072135,1308,87,1308,87,0,54,4
6,700,21.000000,0.000000,2,0,21072138,1309,86,1309,86,0,54,4
6,700,21.000000,0.000000,2,0,21072141,1311,85,1311,85,0,54,4
6,700,21.000000,0.000000,2,0,21072143,1311,84,1311,84,0,54,4
6,700,21.000000,0.000000,2,0,21072146,1312,83,1312,83,0,54,4
6,700,21.000000,0.000000,2,0,21072148,1312,82,1312,82,0,54,4
6,700,21.000000,0.000000,2,0,21072151,1312,81,1312,81,0,54,4
6,700,21.000000,0.000000,2,0,21072154,1313,81,1313,81,0,54,4
6,700,21.000000,0.000000,2,0,21072157,1314,81,1314,81,0,54,4
6,700,21.000000,0.000000,2,0,21072160,1315,80,1315,80,0,54,4
6,700,21.000000,0.000000,2,0,21072162,1315,79,1315,79,0,54,4
6,700,21.000000,0.000000,2,0,21072165,1315,78,1315,78,0,54,4
6,700,21.000000,0.000000,2,0,21072168,1317,77,1317,77,0,54,4
6,700,21.000000,0.000000,2,0,21072171,1317,76,1317,76,0,54,4
6,700,21.000000,0.000000,2,0,21072174,1319,76,1319,76,0,54,4
6,700,21.000000,0.000000,2,0,21072177,1319,75,1319,75,0,54,4
6,700,21.000000,0.000000,2,0,21072180,1319,74,1319,74,0,54,4
6,700,21.000000,0.000000,2,0,21072182,1320,72,1320,72,0,54,4
6,700,21.000000,0.000000,2,0,21072185,1320,71,1320,71,0,54,4
6,700,21.000000,0.000000,2,0,21072188,1320,69,1320,69,0,54,4
6,700,21.000000,0.000000,2,0,21072190,1321,69,1321,69,0,54,4
6,700,21.000000,0.000000,2,0,21072193,1322,69,1322,69,0,54,4
6,700,21.000000,0.000000,2,0,21072196,1322,67,1322,67,0,54,4
6,700,21.000000,0.000000,2,0,21072199,1322,65,1322,65,0,54,4
6,700,21.000000,0.000000,2,0,21072202,1323,64,1323,64,0,54,4
6,700,21.000000,0.000000,2,0,21072204,1323,63,1323,63,0,54,4
6,700,21.000000,0.000000,2,0,21072207,1323,62,1323,62,0,54,4
6,700,21.000000,0.000000,2,0,21072210,1323,61,1323,61,0,54,4
6,700,21.000000,0.000000,2,0,21072213,1323,60,1323,60,0,54,4
6,700,21.000000,0.000000,2,0,21072216,1323,60,1323,60,0,54,4
6,700,21.000000,0.000000,2,0,21072218,1323,59,1323,59,0,54,4
6,700,21.000000,0.000000,2,0,21072221,1323,57,1323,57,0,54,4
6,700,21.000000,0.000000,2,0,21072224,1323,55,1323,55,0,54,4
6,700,21.000000,0.000000,2,0,21072227,1323,53,1323,53,0,54,4
6,700,21.000000,0.000000,2,0,21072230,1323,51,1323,51,0,54,4
6,700,21.000000,0.000000,2,0,21072232,1322,49,1322,49,0,54,4
6,700,21.000000,0.000000,2,0,21072235,1322,47,1322,47,0,54,4
6,700,21.000000,0.000000,2,0,21072238,1322,46,1322,46,0,54,4
6,700,21.000000,0.000000,2,0,21072241,1322,44,1322,44,0,54,4
6,700,21.000000,0.000000,2,0,21072243,1322,42,1322,42,0,54,4
6,700,21.000000,0.000000,2,0,21072246,1321,40,1321,40,0,54,4
6,700,21.000000,0.000000,2,0,21072249,1320,39,1320,39,0,54,4
6,700,21.000000,0.000000,2,0,21072251,1318,38,1318,38,0,54,4
6,700,21.000000,0.000000,2,0,21072254,1318,37,1318,37,0,54,4
6,700,21.000000,0.000000,2,0,21072257,1318,36,1318,36,0,54,4
6,700,21.000000,0.000000,2,0,21072260,1318,35,1318,35,0,54,4
6,700,21.000000,0.000000,2,0,21072263,1318,34,1318,34,0,54,4
6,700,21.000000,0.000000,2,0,21072265,1318,33,1318,33,0,54,4
6,700,21.000000,0.000000,2,0,21072268,1317,31,1317,31,0,54,4
6,700,21.000000,0.000000,2,0,21072271,1317,29,1317,29,0,54,4
6,700,21.000000,0.000000,2,0,21072274,1317,27,1317,27,0,54,4
6,700,21.000000,0.000000,2,0,21072277,1317,27,1317,27,0,54,4
6,700,21.000000,0.000000,2,0,21072279,1317,27,1317,27,0,54,4
6,700,21.000000,0.000000,2,0,21072282,1317,27,1317,27,0,54,4
6,700,21.000000,0.000000,2,0,21072285,1317,26,1317,26,0,54,4
6,700,21.000000,0.000000,2,0,21072288,1317,25,1317,25,0,54,4
6,700,21.000000,0.000000,2,0,21072291,1316,25,1316,25,0,54,4
6,700,21.000000,0.000000,2,0,21072293,1316,24,1316,24,0,54,4
6,700,21.000000,0.000000,2,0,21072296,1316,23,1316,23,0,54,4
6,700,21.000000,0.000000,2,0,21072299,1316,23,1316,23,0,54,4
6,700,21.000000,0.000000,2,0,21072302,1316,23,1316,23,0,54,4
6,700,21.000000,0.000000,2,0,21072304,1316,22,1316,22,0,54,4
6,700,21.000000,0.000000,2,0,21072307,1316,21,1316,21,0,54,4
6,700,21.000000,0.000000,2,0,21072310,1316,20,1316,20,0,54,4
6,700,21.000000,0.000000,2,0,21072313,1316,20,1316,20,0,54,4
6,700,21.000000,0.000000,2,0,21072315,1316,20,1316,20,0,54,4
6,700,21.000000,0.000000,2,0,21072318,1316,19,1316,19,0,54,4
6,700,21.000000,0.000000,2,0,21072321,1316,18,1316,18,0,54,4
6,700,21.000000,0.000000,2,0,21072324,1316,17,1316,17,0,54,4
6,700,21.000000,0.000000,2,0,21072326,1316,16,1316,16,0,54,4
6,700,21.000000,0.000000,2,0,21072330,1316,15,1316,15,0,54,4
6,700,21.000000,0.000000,2,0,21072332,1316,12,1316,12,0,54,4
6,700,21.000000,0.000000,2,0,21072335,1316,12,1316,12,0,54,4
6,700,21.000000,0.000000,2,0,21072338,1316,10,1316,10,0,54,4
6,700,21.000000,0.000000,2,0,21072341,1316,8,1316,8,0,54,4
6,700,21.000000,0.000000,2,0,21072343,1316,8,1316,8,0,54,4
6,700,21.000000,0.000000,2,0,21072346,1316,7,1316,7,0,54,4
6,700,21.000000,0.000000,2,0,21072349,1316,6,1316,6,0,54,4
6,700,21.000000,0.000000,2,0,21072352,1316,5,1316,5,0,54,4
6,700,21.000000,0.000000,2,0,21072355,1316,4,1316,4,0,54,4
6,700,21.000000,0.000000,2,0,21072357,1316,3,1316,3,0,54,4
6,700,21.000000,0.000000,2,0,21072360,1316,2,1316,2,0,54,4
6,700,21.000000,0.000000,2,0,21072363,1316,1,1316,1,0,54,4
6,700,21.000000,0.000000,2,0,21072366,1316,0,1316,0,0,54,4
6,700,21.000000,0.000000,2,0,21072368,1316,0,1316,-1,0,54,4
6,700,21.000000,0.000000,2,0,21072371,1316,0,1316,-1,0,54,4
6,700,21.000000,0.000000,2,0,21072374,1316,0,1316,-1,0,54,4
6,700,21.000000,0.000000,2,0,21072376,1316,0,1316,-1,0,54,4
6,700,21.000000,0.000000,2,0,21072379,1316,0,1316,-3,0,54,4
6,700,21.000000,0.000000,2,0,21072382,1316,0,1316,-5,0,54,4
6,700,21.000000,0.000000,2,0,21072385,1316,0,1316,-5,0,54,4
6,700,21.000000,0.000000,2,0,21072388,1316,0,1316,-5,0,54,4
6,700,21.000000,0.000000,2,0,21072390,1316,0,1316,-6,0,54,4
6,700,21.000000,0.000000,2,0,21072393,1316,0,1316,-7,0,54,4
6,700,21.000000,0.000000,2,0,21072396,1316,0,1316,-7,0,54,4
6,700,21.000000,0.000000,2,0,21072399,1316,0,1316,-8,0,54,4
6,700,21.000000,0.000000,2,0,21072402,1316,0,1316,-9,0,54,4
6,700,21.000000,0.000000,2,0,21072404,1316,0,1316,-9,0,54,4
6,700,21.000000,0.000000,2,0,21072407,1316,0,1316,-9,0,54,4
6,700,21.000000,0.000000,2,0,21072410,1316,0,1316,-9,0,54,4
6,700,21.000000,0.000000,2,0,21072413,1316,0,1316,-9,0,54,4
6,700,21.000000,0.000000,2,0,21072415,1316,0,1316,-9,0,54,4
6,700,21.000000,0.000000,2,0,21072418,1316,0,1316,-10,0,54,4
6,700,21.000000,0.000000,2,0,21072421,1316,0,1316,-11,0,54,4
6,700,21.000000,0.000000,2,0,21072424,1316,0,1316,-11,0,54,4
6,700,21.000000,0.000000,2,0,21072427,1316,0,1316,-12,0,54,4
6,700,21.000000,0.000000,2,0,21072429,1316,0,1316,-13,0,54,4
6,700,21.000000,0.000000,2,0,21072432,1316,0,1316,-13,0,54,4
6,700,21.000000,0.000000,2,0,21072435,1316,0,1316,-13,0,54,4
6,700,21.000000,0.000000,2,0,21072438,1316,0,1316,-13,0,54,4
6,700,21.000000,0.000000,2,0,21072441,1316,0,1316,-13,0,54,4
6,700,21.000000,0.000000,2,0,21072443,1316,0,1316,-13,0,54,4
6,700,21.000000,0.000000,2,0,21072446,1316,0,1316,-13,0,54,4
6,700,21.000000,0.000000,2,0,21072449,1316,0,1316,-13,0,54,4
6,700,21.000000,0.000000,2,0,21072452,1316,0,1316,-14,0,54,4
6,700,21.000000,0.000000,2,0,21072455,1316,0,1316,-15,0,54,4
6,700,21.000000,0.000000,2,0,21072457,1316,0,1316,-15,0,54,4
6,700,21.000000,0.000000,2,0,21072460,1316,0,1316,-15,0,54,4
6,700,21.000000,0.000000,2,0,21072463,1315,0,1315,-15,0,54,4
6,700,21.000000,0.000000,2,0,21072466,1314,0,1314,-15,0,54,4
6,700,21.000000,0.000000,2,0,21072469,1314,0,1314,-15,0,54,4
6,700,21.000000,0.000000,2,0,21072471,1314,0,1314,-15,0,54,4
6,700,21.000000,0.000000,2,0,21072474,1314,0,1314,-15,0,54,4
6,700,21.000000,0.000000,2,0,21072477,1314,0,1314,-15,0,54,4
6,700,21.000000,0.000000,2,0,21072479,1314,0,1314,-15,0,54,4
6,700,21.000000,0.000000,2,0,21072482,1314,0,1314,-15,0,54,4
6,700,21.000000,0.000000,2,0,21072485,1314,0,1314,-15,0,54,4
6,700,21.000000,0.000000,2,0,21072488,1314,0,1314,-15,0,54,4
6,700,21.000000,0.000000,2,0,21072490,1314,0,1314,-15,0,54,4
6,700,21.000000,0.000000,2,0,21072493,1314,0,1314,-15,0,54,4
6,700,21.000000,0.000000,2,0,21072496,1314,0,1314,-16,0,54,4
6,700,21.000000,0.000000,2,0,21072499,1314,0,1314,-17,0,54,4
6,700,21.000000,0.000000,2,0,21072502,1314,0,1314,-17,0,54,4
6,700,21.000000,0.000000,2,0,21072504,1314,0,1314,-17,0,54,4
6,700,21.000000,0.000000,2,0,21072507,1314,0,1314,-17,0,54,4
6,700,21.000000,0.000000,2,0,21072510,1314,0,1314,-17,0,54,4
6,700,21.000000,0.000000,2,0,21072513,1314,0,1314,-17,0,54,4
6,700,21.000000,0.000000,2,0,21072516,1314,0,1314,-17,0,54,4
6,700,21.000000,0.000000,2,0,21072518,1314,0,1314,-17,0,54,4
6,700,21.000000,0.000000,2,0,21072521,1314,0,1314,-17,0,54,4
6,700,21.000000,0.000000,2,0,21072524,1314,0,1314,-18,0,54,4
6,700,21.000000,0.000000,2,0,21072527,1314,0,1314,-18,0,54,4
6,700,21.000000,0.000000,2,0,21072530,1314,0,1314,-18,0,54,4
6,700,21.000000,0.000000,2,0,21072532,1314,0,1314,-18,0,54,4
6,700,21.000000,0.000000,2,0,21072535,1314,0,1314,-19,0,54,4
6,700,21.000000,0.000000,2,0,21072538,1314,0,1314,-20,0,54,4
6,700,21.000000,0.000000,2,0,21072541,1314,0,1314,-20,0,54,4
6,700,21.000000,0.000000,2,0,21072543,1314,0,1314,-20,0,54,4
6,700,21.000000,0.000000,2,0,21072546,1314,0,1314,-21,0,54,4
6,700,21.000000,0.000000,2,0,21072549,1314,0,1314,-21,0,54,4
6,700,21.000000,0.000000,2,0,21072552,1314,0,1314,-21,0,54,4
6,700,21.000000,0.000000,2,0,21072555,1314,0,1314,-21,0,54,4
6,700,21.000000,0.000000,2,0,21072558,1314,0,1314,-21,0,54,4
6,700,21.000000,0.000000,2,0,21072560,1314,0,1314,-21,0,54,4
6,700,21.000000,0.000000,2,0,21072563,1314,0,1314,-21,0,54,4
6,700,21.000000,0.000000,2,0,21072565,1314,0,1314,-21,0,54,4
6,700,21.000000,0.000000,2,0,21072568,1314,0,1314,-21,0,54,4
6,700,21.000000,0.000000,2,0,21072571,1313,0,1313,-21,0,54,4
6,700,21.000000,0.000000,2,0,21072574,1312,0,1312,-21,0,54,4
6,700,21.000000,0.000000,2,0,21072577,1312,0,1312,-21,0,54,4
6,700,21.000000,0.000000,2,0,21072580,1312,0,1312,-21,0,54,4
6,700,21.000000,0.000000,2,0,21072582,1312,0,1312,-21,0,54,4
6,700,21.000000,0.000000,2,0,21072585,1312,0,1312,-21,0,54,4
6,700,21.000000,0.000000,2,0,21072588,1312,0,1312,-21,0,54,4
6,700,21.000000,0.000000,2,0,21072591,1312,0,1312,-21,0,54,4
6,700,21.000000,0.000000,2,0,21072593,1312,0,1312,-21,0,54,4
6,700,21.000000,0.000000,2,0,21072596,1312,0,1312,-21,0,54,4
6,700,21.000000,0.000000,2,0,21072599,1312,0,1312,-21,0,54,4
6,700,21.000000,0.000000,2,0,21072602,1312,0,1312,-21,0,54,4
6,700,21.000000,0.000000,2,0,21072605,1312,0,1312,-21,0,54,4
6,700,21.000000,0.000000,2,0,21072607,1312,0,1312,-21,0,54,4
6,700,21.000000,0.000000,2,0,21072610,1312,0,1312,-21,0,54,4
6,700,21.000000,0.000000,2,0,21072613,1312,0,1312,-21,0,54,4
6,700,21.000000,0.000000,2,0,21072616,1312,0,1312,-21,0,54,4
6,700,21.000000,0.000000,2,0,21072619,1312,0,1312,-21,0,54,4
6,700,21.000000,0.000000,2,0,21072621,1312,0,1312,-21,0,54,4
6,700,21.000000,0.000000,2,0,21072624,1312,0,1312,-21,0,54,4
6,700,21.000000,0.000000,2,0,21072627,1312,0,1312,-21,0,54,4
6,700,21.000000,0.000000,2,0,21072629,1312,0,1312,-21,0,54,4
6,700,21.000000,0.000000,2,0,21072632,1312,0,1312,-21,0,54,4
6,700,21.000000,0.000000,2,0,21072635,1312,0,1312,-21,0,54,4
6,700,21.000000,0.000000,2,0,21072638,1312,0,1312,-21,0,54,4
6,700,21.000000,0.000000,2,0,21072641,1312,0,1312,-21,0,54,4
6,700,21.000000,0.000000,2,0,21072643,1312,0,1312,-21,0,54,4
6,700,21.000000,0.000000,2,0,21072646,1312,0,1312,-21,0,54,4
6,700,21.000000,0.000000,2,0,21072649,1312,0,1312,-21,0,54,4
6,700,21.000000,0.000000,2,0,21072652,1312,0,1312,-21,0,54,4
6,700,21.000000,0.000000,2,0,21072655,1312,0,1312,-21,0,54,4
6,700,21.000000,0.000000,2,0,21072657,1312,0,1312,-21,0,54,4
6,700,21.000000,0.000000,2,0,21072660,1312,0,1312,-21,0,54,4
6,700,21.000000,0.000000,2,0,21072663,1312,0,1312,-21,0,54,4
6,700,21.000000,0.000000,2,0,21072666,1312,0,1312,-21,0,54,4
6,700,21.000000,0.000000,2,0,21072669,1312,0,1312,-21,0,54,4
6,700,21.000000,0.000000,2,0,21072671,1312,0,1312,-21,0,54,4
6,700,21.000000,0.000000,2,0,21072674,1312,0,1312,-21,0,54,4
6,700,21.000000,0.000000,2,0,21072677,1312,0,1312,-21,0,54,4
6,700,21.000000,0.000000,2,0,21072680,1312,0,1312,-21,0,54,4
6,700,21.000000,0.000000,2,0,21072683,1312,0,1312,-21,0,54,4
6,700,21.000000,0.000000,2,0,21072685,1312,0,1312,-21,0,54,4
6,700,21.000000,0.000000,2,0,21072688,1312,0,1312,-21,0,54,4
6,700,21.000000,0.000000,2,0,21072701,1312,0,1312,-21,0,54,4
