3,700,21.000000,0.000000,0,0,71749190,611,1,611,1,0,16,0
3,700,21.000000,0.000000,0,0,71749190,611,1,611,1,0,16,0
3,700,21.000000,0.000000,0,0,71749193,611,1,611,1,0,16,0
3,700,21.000000,0.000000,0,0,71749196,611,1,611,1,0,16,0
3,700,21.000000,0.000000,0,0,71749199,611,1,611,1,0,16,0
3,700,21.000000,0.000000,0,0,71749202,611,1,611,1,0,16,0
3,700,21.000000,0.000000,0,0,71749204,611,1,611,1,0,16,0
3,700,21.000000,0.000000,0,0,71749207,611,1,611,1,0,16,0
3,700,21.000000,0.000000,0,0,71749210,611,1,611,1,0,16,0
3,700,21.000000,0.000000,0,0,71749213,611,1,611,1,0,16,0
3,700,21.000000,0.000000,0,0,71749215,611,1,611,1,0,16,0
3,700,21.000000,0.000000,0,0,71749218,611,1,611,1,0,16,0
3,700,21.000000,0.000000,0,0,71749221,611,1,611,1,0,16,0
3,700,21.000000,0.000000,0,0,71749224,611,0,611,0,0,16,0
3,700,21.000000,0.000000,0,0,71749226,611,0,611,-1,0,16,0
3,700,21.000000,0.000000,0,0,71749229,611,0,611,-2,0,16,0
3,700,21.000000,0.000000,0,0,71749232,611,0,611,-4,0,16,0
3,700,21.000000,0.000000,0,0,71749235,611,0,611,-6,0,16,0
3,700,21.000000,0.000000,0,0,71749238,611,0,611,-8,0,16,0
3,700,21.000000,0.000000,0,0,71749240,611,0,611,-9,0,16,0
3,700,21.000000,0.000000,0,0,71749243,611,0,611,-10,0,16,0
3,700,21.000000,0.000000,0,0,71749246,611,0,611,-13,0,16,0
3,700,21.000000,0.000000,0,0,71749249,611,0,611,-15,0,16,0
3,700,21.000000,0.000000,0,0,71749251,611,0,611,-18,0,16,0
3,700,21.000000,0.000000,0,0,71749254,611,0,611,-20,0,16,0
3,700,21.000000,0.000000,0,0,71749257,611,0,611,-22,0,16,0
3,700,21.000000,0.000000,0,0,71749260,611,0,611,-23,0,16,0
3,700,21.000000,0.000000,0,0,71749263,611,0,611,-24,0,16,0
3,700,21.000000,0.000000,0,0,71749265,611,0,611,-25,0,16,0
3,700,21.000000,0.000000,0,0,71749268,611,0,611,-26,0,16,0
3,700,21.000000,0.000000,0,0,71749271,611,0,611,-27,0,16,0
3,700,21.000000,0.000000,0,0,71749274,611,0,611,-29,0,16,0
3,700,21.000000,0.000000,0,0,71749277,611,0,611,-29,0,16,0
3,700,21.000000,0.000000,0,0,71749279,611,0,611,-29,0,16,0
3,700,21.000000,0.000000,0,0,71749282,611,0,611,-29,0,16,0
3,700,21.000000,0.000000,0,0,71749285,611,0,611,-29,0,16,0
3,700,21.000000,0.000000,0,0,71749287,611,0,611,-29,0,16,0
3,700,21.000000,0.000000,0,0,71749291,611,0,611,-29,0,16,0
3,700,21.000000,0.000000,0,0,71749293,611,0,611,-29,0,16,0
3,700,21.000000,0.000000,0,0,71749296,611,0,611,-29,0,16,0
3,700,21.000000,0.000000,0,0,71749299,611,0,611,-29,0,16,0
3,700,21.000000,0.000000,0,0,71749302,611,0,611,-29,0,16,0
3,700,21.000000,0.000000,0,0,71749304,611,0,611,-29,0,16,0
3,700,21.000000,0.000000,0,0,71749307,611,0,611,-29,0,16,0
3,700,21.000000,0.000000,0,0,71749310,611,0,611,-29,0,16,0
3,700,21.000000,0.000000,0,0,71749313,611,0,611,-29,0,16,0
3,700,21.000000,0.000000,0,0,71749316,611,0,611,-29,0,16,0
3,700,21.000000,0.000000,0,0,71749318,611,0,611,-29,0,16,0
3,700,21.000000,0.000000,0,0,71749321,611,0,611,-29,0,16,0
3,700,21.000000,0.000000,0,0,71749324,611,0,611,-29,0,16,0
3,700,21.000000,0.000000,0,0,71749327,611,0,611,-29,0,16,0
3,700,21.000000,0.000000,0,0,71749329,611,0,611,-29,0,16,0
3,700,21.000000,0.000000,0,0,71749332,611,0,611,-29,0,16,0
3,700,21.000000,0.000000,0,0,71749335,612,0,612,-29,0,16,0
3,700,21.000000,0.000000,0,0,71749338,612,0,612,-30,0,16,0
3,700,21.000000,0.000000,0,0,71749341,612,0,612,-31,0,16,0
3,700,21.000000,0.000000,0,0,71749343,612,0,612,-31,0,16,0
3,700,21.000000,0.000000,0,0,71749346,613,0,613,-31,0,16,0
3,700,21.000000,0.000000,0,0,71749349,613,0,613,-32,0,16,0
3,700,21.000000,0.000000,0,0,71749352,613,0,613,-33,0,16,0
3,700,21.000000,0.000000,0,0,71749354,614,0,614,-33,0,16,0
3,700,21.000000,0.000000,0,0,71749357,615,0,615,-33,0,16,0
3,700,21.000000,0.000000,0,0,71749360,616,0,616,-34,0,16,0
3,700,21.000000,0.000000,0,0,71749363,616,0,616,-35,0,16,0
3,700,21.000000,0.000000,0,0,71749366,617,0,617,-36,0,16,0
3,700,21.000000,0.000000,0,0,71749368,618,0,618,-37,0,16,0
3,700,21.000000,0.000000,0,0,71749371,619,0,619,-38,0,16,0
3,700,21.000000,0.000000,0,0,71749374,619,0,619,-40,0,16,0
3,700,21.000000,0.000000,0,0,71749377,621,0,621,-40,0,16,0
3,700,21.000000,0.000000,0,0,71749380,621,0,621,-42,0,16,0
3,700,21.000000,0.000000,0,0,71749382,621,0,621,-43,0,16,0
3,700,21.000000,0.000000,0,0,71749385,622,0,622,-45,0,16,0
3,700,21.000000,0.000000,0,0,71749388,624,0,624,-46,0,16,0
3,700,21.000000,0.000000,0,0,71749391,626,0,626,-48,0,16,0
3,700,21.000000,0.000000,0,0,71749393,629,0,629,-52,0,16,0
3,700,21.000000,0.000000,0,0,71749396,630,0,630,-53,0,16,0
3,700,21.000000,0.000000,0,0,71749399,633,0,633,-56,0,16,0
3,700,21.000000,0.000000,0,0,71749402,636,0,636,-58,0,16,0
3,700,21.000000,0.000000,0,0,71749405,636,0,636,-61,0,16,0
3,700,21.000000,0.000000,0,0,71749407,639,0,639,-62,0,16,0
3,700,21.000000,0.000000,0,0,71749410,643,0,643,-64,0,16,0
3,700,21.000000,0.000000,0,0,71749413,645,0,645,-66,0,16,0
3,700,21.000000,0.000000,0,0,71749416,649,0,649,-69,0,16,0
3,700,21.000000,0.000000,0,0,71749418,652,0,652,-72,0,16,0
3,700,21.000000,0.000000,0,0,71749421,658,0,658,-77,0,16,0
3,700,21.000000,0.000000,0,0,71749424,662,0,662,-81,0,16,0
3,700,21.000000,0.000000,0,0,71749427,667,0,667,-86,0,16,0
3,700,21.000000,0.000000,0,0,71749429,673,0,673,-89,0,16,0
3,700,21.000000,0.000000,0,0,71749432,679,0,679,-94,0,16,0
3,700,21.000000,0.000000,0,0,71749435,684,0,684,-98,0,16,0
3,700,21.000000,0.000000,0,0,71749438,692,0,692,-103,0,16,0
3,700,21.000000,0.000000,0,0,71749440,700,0,700,-107,0,16,0
3,700,21.000000,0.000000,0,0,71749443,709,0,709,-114,0,16,0
3,700,21.000000,0.000000,0,0,71749446,717,0,717,-118,0,16,0
3,700,21.000000,0.000000,0,0,71749449,727,0,727,-122,0,16,0
3,700,21.000000,0.000000,0,0,71749452,742,0,742,-131,0,16,0
3,700,21.000000,0.000000,0,0,71749454,753,0,753,-136,0,16,0
3,700,21.000000,0.000000,0,0,71749457,774,0,774,-148,0,16,0
3,700,21.000000,0.000000,0,0,71749460,785,0,785,-153,0,16,0
3,700,21.000000,0.000000,0,0,71749463,800,0,800,-164,0,16,0
3,700,21.000000,0.000000,0,0,71749465,819,0,819,-169,0,16,0
3,700,21.000000,0.000000,0,0,71749468,833,0,833,-179,0,16,0
3,700,21.000000,0.000000,0,0,71749471,850,0,850,-190,0,16,0
3,700,21.000000,0.000000,0,0,71749474,867,0,867,-200,0,16,0
3,700,21.000000,0.000000,0,0,71749476,881,0,881,-205,0,16,0
3,700,21.000000,0.000000,0,0,71749479,899,0,899,-214,0,16,0
3,700,21.000000,0.000000,0,0,71749483,911,0,911,-219,0,16,0
3,700,21.000000,0.000000,0,0,71749486,940,0,940,-231,0,16,0
3,700,21.000000,0.000000,0,0,71749488,956,0,956,-239,0,16,0
3,700,21.000000,0.000000,0,0,71749491,988,0,988,-253,0,16,0
3,700,21.000000,0.000000,0,0,71749494,1001,0,1001,-259,0,16,0
3,700,21.000000,0.000000,0,0,71749497,1015,0,1015,-265,0,16,0
3,700,21.000000,0.000000,0,0,71749499,1032,0,1032,-276,0,16,0
3,700,21.000000,0.000000,0,0,71749502,1043,0,1043,-280,0,16,0
3,700,21.000000,0.000000,0,0,71749505,1060,0,1060,-292,0,16,0
3,700,21.000000,0.000000,0,0,71749508,1071,0,1071,-295,0,16,0
3,700,21.000000,0.000000,0,0,71749510,1082,0,1082,-301,0,16,0
3,700,21.000000,0.000000,0,0,71749513,1091,0,1091,-305,0,16,0
3,700,21.000000,0.000000,0,0,71749516,1104,0,1104,-310,0,16,0
3,700,21.000000,0.000000,0,0,71749519,1116,0,1116,-315,0,16,0
3,700,21.000000,0.000000,0,0,71749521,1126,0,1126,-319,0,16,0
3,700,21.000000,0.000000,0,0,71749524,1136,0,1136,-323,0,16,0
3,700,21.000000,0.000000,0,0,71749527,1144,0,1144,-327,0,16,0
3,700,21.000000,0.000000,0,0,71749530,1152,0,1152,-330,0,16,0
3,700,21.000000,0.000000,0,0,71749532,1159,0,1159,-332,0,16,0
3,700,21.000000,0.000000,0,0,71749535,1174,0,1174,-337,0,16,0
3,700,21.000000,0.000000,0,0,71749538,1182,0,1182,-340,0,16,0
3,700,21.000000,0.000000,0,0,71749540,1187,0,1187,-344,0,16,0
3,700,21.000000,0.000000,0,0,71749543,1193,0,1193,-346,0,16,0
3,700,21.000000,0.000000,0,0,71749546,1199,0,1199,-348,0,16,0
3,700,21.000000,0.000000,0,0,71749549,1203,0,1203,-350,0,16,0
3,700,21.000000,0.000000,0,0,71749551,1208,0,1208,-351,0,16,0
3,700,21.000000,0.000000,0,0,71749554,1213,0,1213,-354,0,16,0
3,700,21.000000,0.000000,0,0,71749557,1218,0,1218,-355,0,16,0
3,700,21.000000,0.000000,0,0,71749560,1220,0,1220,-357,0,16,0
3,700,21.000000,0.000000,0,0,71749563,1224,0,1224,-358,0,16,0
3,700,21.000000,0.000000,0,0,71749565,1229,0,1229,-360,0,16,0
3,700,21.000000,0.000000,0,0,71749568,1231,0,1231,-361,0,16,0
3,700,21.000000,0.000000,0,0,71749571,1234,0,1234,-362,0,16,0
3,700,21.000000,0.000000,0,0,71749574,1237,0,1237,-363,0,16,0
3,700,21.000000,0.000000,0,0,71749577,1239,0,1239,-364,0,16,0
3,700,21.000000,0.000000,0,0,71749580,1242,0,1242,-365,0,16,0
3,700,21.000000,0.000000,0,0,71749582,1245,0,1245,-367,0,16,0
3,700,21.000000,0.000000,0,0,71749585,1248,0,1248,-368,0,16,0
3,700,21.000000,0.000000,0,0,71749588,1249,0,1249,-368,0,16,0
3,700,21.000000,0.000000,0,0,71749591,1254,0,1254,-369,0,16,0
3,700,21.000000,0.000000,0,0,71749593,1255,0,1255,-370,0,16,0
3,700,21.000000,0.000000,0,0,71749596,1258,0,1258,-372,0,16,0
3,700,21.000000,0.000000,0,0,71749599,1259,0,1259,-372,0,16,0
3,700,21.000000,0.000000,0,0,71749602,1259,0,1259,-373,0,16,0
3,700,21.000000,0.000000,0,0,71749605,1261,0,1261,-373,0,16,0
3,700,21.000000,0.000000,0,0,71749608,1264,0,1264,-375,0,16,0
3,700,21.000000,0.000000,0,0,71749611,1264,0,1264,-375,0,16,0
3,700,21.000000,0.000000,0,0,71749614,1264,0,1264,-375,0,16,0
3,700,21.000000,0.000000,0,0,71749617,1265,0,1265,-376,0,16,0
3,700,21.000000,0.000000,0,0,71749620,1265,0,1265,-376,0,16,0
3,700,21.000000,0.000000,0,0,71749622,1267,0,1267,-376,0,16,0
3,700,21.000000,0.000000,0,0,71749625,1267,0,1267,-377,0,16,0
3,700,21.000000,0.000000,0,0,71749628,1268,0,1268,-377,0,16,0
3,700,21.000000,0.000000,0,0,71749630,1268,0,1268,-378,0,16,0
3,700,21.000000,0.000000,0,0,71749633,1269,0,1269,-378,0,16,0
3,700,21.000000,0.000000,0,0,71749636,1269,0,1269,-378,0,16,0
3,700,21.000000,0.000000,0,0,71749639,1270,0,1270,-378,0,16,0
3,700,21.000000,0.000000,0,0,71749641,1271,0,1271,-379,0,16,0
3,700,21.000000,0.000000,0,0,71749644,1272,0,1272,-379,0,16,0
3,700,21.000000,0.000000,0,0,71749647,1273,0,1273,-379,0,16,0
3,700,21.000000,0.000000,0,0,71749649,1275,0,1275,-379,0,16,0
3,700,21.000000,0.000000,0,0,71749652,1275,0,1275,-379,0,16,0
3,700,21.000000,0.000000,0,0,71749655,1276,0,1276,-379,0,16,0
3,700,21.000000,0.000000,0,0,71749658,1276,0,1276,-380,0,16,0
3,700,21.000000,0.000000,0,0,71749660,1278,0,1278,-381,0,16,0
3,700,21.000000,0.000000,0,0,71749663,1279,0,1279,-381,0,16,0
3,700,21.000000,0.000000,0,0,71749666,1281,0,1281,-381,0,16,0
3,700,21.000000,0.000000,0,0,71749669,1283,0,1283,-382,0,16,0
3,700,21.000000,0.000000,0,0,71749671,1285,0,1285,-382,0,16,0
3,700,21.000000,0.000000,0,0,71749674,1286,0,1286,-382,0,16,0
3,700,21.000000,0.000000,0,0,71749677,1288,0,1288,-383,0,16,0
3,700,21.000000,0.000000,0,0,71749680,1290,0,1290,-384,0,16,0
3,700,21.000000,0.000000,0,0,71749682,1292,0,1292,-386,0,16,0
3,700,21.000000,0.000000,0,0,71749685,1294,0,1294,-388,0,16,0
3,700,21.000000,0.000000,0,0,71749688,1295,0,1295,-388,0,16,0
3,700,21.000000,0.000000,0,0,71749690,1297,0,1297,-390,0,16,0
3,700,21.000000,0.000000,0,0,71749693,1299,0,1299,-390,0,16,0
3,700,21.000000,0.000000,0,0,71749696,1301,0,1301,-390,0,16,0
3,700,21.000000,0.000000,0,0,71749699,1304,0,1304,-391,0,16,0
3,700,21.000000,0.000000,0,0,71749702,1305,0,1305,-392,0,16,0
3,700,21.000000,0.000000,0,0,71749704,1306,0,1306,-393,0,16,0
3,700,21.000000,0.000000,0,0,71749707,1306,0,1306,-393,0,16,0
3,700,21.000000,0.000000,0,0,71749710,1309,0,1309,-394,0,16,0
3,700,21.000000,0.000000,0,0,71749713,1312,0,1312,-395,0,16,0
3,700,21.000000,0.000000,0,0,71749715,1313,0,1313,-395,0,16,0
3,700,21.000000,0.000000,0,0,71749718,1314,0,1314,-396,0,16,0
3,700,21.000000,0.000000,0,0,71749721,1318,0,1318,-397,0,16,0
3,700,21.000000,0.000000,0,0,71749724,1319,0,1319,-398,0,16,0
3,700,21.000000,0.000000,0,0,71749727,1321,0,1321,-399,0,16,0
3,700,21.000000,0.000000,0,0,71749729,1324,0,1324,-401,0,16,0
3,700,21.000000,0.000000,0,0,71749732,1325,0,1325,-401,0,16,0
3,700,21.000000,0.000000,0,0,71749735,1327,0,1327,-402,0,16,0
3,700,21.000000,0.000000,0,0,71749738,1331,0,1331,-404,0,16,0
3,700,21.000000,0.000000,0,0,71749741,1332,0,1332,-406,0,16,0
3,700,21.000000,0.000000,0,0,71749743,1335,0,1335,-408,0,16,0
3,700,21.000000,0.000000,0,0,71749746,1338,0,1338,-409,0,16,0
3,700,21.000000,0.000000,0,0,71749749,1343,0,1343,-412,0,16,0
3,700,21.000000,0.000000,0,0,71749752,1347,0,1347,-416,0,16,0
3,700,21.000000,0.000000,0,0,71749754,1350,0,1350,-416,0,16,0
3,700,21.000000,0.000000,0,0,71749757,1353,0,1353,-417,0,16,0
3,700,21.000000,0.000000,0,0,71749760,1358,0,1358,-418,0,16,0
3,700,21.000000,0.000000,0,0,71749763,1361,0,1361,-423,0,16,0
3,700,21.000000,0.000000,0,0,71749766,1367,0,1367,-425,0,16,0
3,700,21.000000,0.000000,0,0,71749768,1370,0,1370,-427,0,16,0
3,700,21.000000,0.000000,0,0,71749771,1372,0,1372,-429,0,16,0
3,700,21.000000,0.000000,0,0,71749774,1376,0,1376,-430,0,16,0
3,700,21.000000,0.000000,0,0,71749777,1379,0,1379,-431,0,16,0
3,700,21.000000,0.000000,0,0,71749779,1383,0,1383,-432,0,16,0
3,700,21.000000,0.000000,0,0,71749782,1385,0,1385,-436,0,16,0
3,700,21.000000,0.000000,0,0,71749785,1389,0,1389,-437,0,16,0
3,700,21.000000,0.000000,0,0,71749788,1390,0,1390,-439,0,16,0
3,700,21.000000,0.000000,0,0,71749791,1394,0,1394,-439,0,16,0
3,700,21.000000,0.000000,0,0,71749793,1395,0,1395,-441,0,16,0
3,700,21.000000,0.000000,0,0,71749796,1396,0,1396,-441,0,16,0
3,700,21.000000,0.000000,0,0,71749799,1397,0,1397,-443,0,16,0
3,700,21.000000,0.000000,0,0,71749802,1401,0,1401,-445,0,16,0
3,700,21.000000,0.000000,0,0,71749804,1402,0,1402,-445,0,16,0
3,700,21.000000,0.000000,0,0,71749807,1403,0,1403,-445,0,16,0
3,700,21.000000,0.000000,0,0,71749810,1404,0,1404,-445,0,16,0
3,700,21.000000,0.000000,0,0,71749813,1404,0,1404,-446,0,16,0
3,700,21.000000,0.000000,0,0,71749816,1405,0,1405,-446,0,16,0
3,700,21.000000,0.000000,0,0,71749818,1406,0,1406,-446,0,16,0
3,700,21.000000,0.000000,0,0,71749821,1407,0,1407,-446,0,16,0
3,700,21.000000,0.000000,0,0,71749824,1407,0,1407,-446,0,16,0
3,700,21.000000,0.000000,0,0,71749827,1407,0,1407,-446,0,16,0
3,700,21.000000,0.000000,0,0,71749830,1407,0,1407,-447,0,16,0
3,700,21.000000,0.000000,0,0,71749832,1407,0,1407,-448,0,16,0
3,700,21.000000,0.000000,0,0,71749835,1407,0,1407,-448,0,16,0
3,700,21.000000,0.000000,0,0,71749838,1407,0,1407,-448,0,16,0
3,700,21.000000,0.000000,0,0,71749841,1407,0,1407,-448,0,16,0
3,700,21.000000,0.000000,0,0,71749843,1407,0,1407,-448,0,16,0
3,700,21.000000,0.000000,0,0,71749846,1407,0,1407,-448,0,16,0
3,700,21.000000,0.000000,0,0,71749849,1407,0,1407,-448,0,16,0
3,700,21.000000,0.000000,0,0,71749852,1407,0,1407,-448,0,16,0
3,700,21.000000,0.000000,0,0,71749855,1407,0,1407,-448,0,16,0
3,700,21.000000,0.000000,0,0,71749857,1407,0,1407,-448,0,16,0
3,700,21.000000,0.000000,0,0,71749860,1407,0,1407,-448,0,16,0
3,700,21.000000,0.000000,0,0,71749863,1407,0,1407,-448,0,16,0
3,700,21.000000,0.000000,0,0,71749866,1407,0,1407,-448,0,16,0
3,700,21.000000,0.000000,0,0,71749868,1407,0,1407,-448,0,16,0
3,700,21.000000,0.000000,0,0,71749871,1407,0,1407,-448,0,16,0
3,700,21.000000,0.000000,0,0,71749874,1407,0,1407,-448,0,16,0
3,700,21.000000,0.000000,0,0,71749877,1407,0,1407,-448,0,16,0
3,700,21.000000,0.000000,0,0,71749879,1407,0,1407,-448,0,16,0
3,700,21.000000,0.000000,0,0,71749882,1407,0,1407,-448,0,16,0
3,700,21.000000,0.000000,0,0,71749885,1407,0,1407,-448,0,16,0
3,700,21.000000,0.000000,0,0,71749888,1407,0,1407,-448,0,16,0
3,700,21.000000,0.000000,0,0,71749891,1407,0,1407,-448,0,16,0
3,700,21.000000,0.000000,0,0,71749894,1407,0,1407,-448,0,16,0
3,700,21.000000,0.000000,0,0,71749896,1406,0,1406,-448,0,16,0
3,700,21.000000,0.000000,0,0,71749899,1405,0,1405,-448,0,16,0
3,700,21.000000,0.000000,0,0,71749902,1405,0,1405,-448,0,16,0
3,700,21.000000,0.000000,0,0,71749905,1404,0,1404,-448,0,16,0
3,700,21.000000,0.000000,0,0,71749907,1403,0,1403,-448,0,16,0
3,700,21.000000,0.000000,0,0,71749910,1403,1,1403,-447,0,16,0
3,700,21.000000,0.000000,0,0,71749913,1403,2,1403,-446,0,16,0
3,700,21.000000,0.000000,0,0,71749916,1402,2,1402,-446,0,16,0
3,700,21.000000,0.000000,0,0,71749918,1402,4,1402,-444,0,16,0
3,700,21.000000,0.000000,0,0,71749921,1401,4,1401,-444,0,16,0
3,700,21.000000,0.000000,0,0,71749924,1400,4,1400,-444,0,16,0
3,700,21.000000,0.000000,0,0,71749927,1400,4,1400,-444,0,16,0
3,700,21.000000,0.000000,0,0,71749930,1399,4,1399,-444,0,16,0
3,700,21.000000,0.000000,0,0,71749932,1398,6,1398,-442,0,16,0
3,700,21.000000,0.000000,0,0,71749935,1397,8,1397,-440,0,16,0
3,700,21.000000,0.000000,0,0,71749938,1396,9,1396,-439,0,16,0
3,700,21.000000,0.000000,0,0,71749941,1395,10,1395,-438,0,16,0
3,700,21.000000,0.000000,0,0,71749943,1394,11,1394,-437,0,16,0
3,700,21.000000,0.000000,0,0,71749946,1393,11,1393,-437,0,16,0
3,700,21.000000,0.000000,0,0,71749949,1392,11,1392,-437,0,16,0
3,700,21.000000,0.000000,0,0,71749952,1390,11,1390,-437,0,16,0
3,700,21.000000,0.000000,0,0,71749955,1389,12,1389,-436,0,16,0
3,700,21.000000,0.000000,0,0,71749957,1387,13,1387,-435,0,16,0
3,700,21.000000,0.000000,0,0,71749960,1385,14,1385,-434,0,16,0
3,700,21.000000,0.000000,0,0,71749963,1384,14,1384,-434,0,16,0
3,700,21.000000,0.000000,0,0,71749966,1383,15,1383,-433,0,16,0
3,700,21.000000,0.000000,0,0,71749969,1382,16,1382,-432,0,16,0
3,700,21.000000,0.000000,0,0,71749971,1380,17,1380,-431,0,16,0
3,700,21.000000,0.000000,0,0,71749974,1380,18,1380,-430,0,16,0
3,700,21.000000,0.000000,0,0,71749977,1379,19,1379,-429,0,16,0
3,700,21.000000,0.000000,0,0,71749980,1378,19,1378,-429,0,16,0
3,700,21.000000,0.000000,0,0,71749983,1376,19,1376,-429,0,16,0
3,700,21.000000,0.000000,0,0,71749985,1374,19,1374,-429,0,16,0
3,700,21.000000,0.000000,0,0,71749988,1372,19,1372,-429,0,16,0
3,700,21.000000,0.000000,0,0,71749991,1371,19,1371,-429,0,16,0
3,700,21.000000,0.000000,0,0,71749994,1369,20,1369,-428,0,16,0
3,700,21.000000,0.000000,0,0,71749996,1367,21,1367,-427,0,16,0
3,700,21.000000,0.000000,0,0,71749999,1366,21,1366,-427,0,16,0
3,700,21.000000,0.000000,0,0,71750002,1365,21,1365,-427,0,16,0
3,700,21.000000,0.000000,0,0,71750005,1364,22,1364,-426,0,16,0
3,700,21.000000,0.000000,0,0,71750007,1362,23,1362,-425,0,16,0
3,700,21.000000,0.000000,0,0,71750010,1360,24,1360,-424,0,16,0
3,700,21.000000,0.000000,0,0,71750013,1360,25,1360,-423,0,16,0
3,700,21.000000,0.000000,0,0,71750016,1359,26,1359,-422,0,16,0
3,700,21.000000,0.000000,0,0,71750019,1358,26,1358,-422,0,16,0
3,700,21.000000,0.000000,0,0,71750021,1356,27,1356,-421,0,16,0
3,700,21.000000,0.000000,0,0,71750024,1355,28,1355,-420,0,16,0
3,700,21.000000,0.000000,0,0,71750027,1355,29,1355,-419,0,16,0
3,700,21.000000,0.000000,0,0,71750030,1354,30,1354,-418,0,16,0
3,700,21.000000,0.000000,0,0,71750033,1354,30,1354,-418,0,16,0
3,700,21.000000,0.000000,0,0,71750035,1352,30,1352,-418,0,16,0
3,700,21.000000,0.000000,0,0,71750038,1350,30,1350,-418,0,16,0
3,700,21.000000,0.000000,0,0,71750041,1350,30,1350,-418,0,16,0
3,700,21.000000,0.000000,0,0,71750044,1349,30,1349,-418,0,16,0
3,700,21.000000,0.000000,0,0,71750046,1348,30,1348,-418,0,16,0
3,700,21.000000,0.000000,0,0,71750049,1348,30,1348,-418,0,16,0
3,700,21.000000,0.000000,0,0,71750052,1348,31,1348,-417,0,16,0
3,700,21.000000,0.000000,0,0,71750055,1348,31,1348,-417,0,16,0
3,700,21.000000,0.000000,0,0,71750057,1347,31,1347,-417,0,16,0
3,700,21.000000,0.000000,0,0,71750060,1347,31,1347,-417,0,16,0
3,700,21.000000,0.000000,0,0,71750063,1347,31,1347,-417,0,16,0
3,700,21.000000,0.000000,0,0,71750066,1347,32,1347,-416,0,16,0
3,700,21.000000,0.000000,0,0,71750069,1347,32,1347,-416,0,16,0
3,700,21.000000,0.000000,0,0,71750071,1347,32,1347,-416,0,16,0
3,700,21.000000,0.000000,0,0,71750074,1347,32,1347,-416,0,16,0
3,700,21.000000,0.000000,0,0,71750077,1347,32,1347,-416,0,16,0
3,700,21.000000,0.000000,0,0,71750080,1347,32,1347,-416,0,16,0
3,700,21.000000,0.000000,0,0,71750083,1347,32,1347,-416,0,16,0
3,700,21.000000,0.000000,0,0,71750085,1347,32,1347,-416,0,16,0
3,700,21.000000,0.000000,0,0,71750088,1347,32,1347,-416,0,16,0
3,700,21.000000,0.000000,0,0,71750091,1347,32,1347,-416,0,16,0
3,700,21.000000,0.000000,0,0,71750094,1347,32,1347,-416,0,16,0
3,700,21.000000,0.000000,0,0,71750096,1347,32,1347,-416,0,16,0
3,700,21.000000,0.000000,0,0,71750099,1347,32,1347,-416,0,16,0
3,700,21.000000,0.000000,0,0,71750102,1346,32,1346,-416,0,16,0
3,700,21.000000,0.000000,0,0,71750105,1345,32,1345,-416,0,16,0
3,700,21.000000,0.000000,0,0,71750108,1345,32,1345,-416,0,16,0
3,700,21.000000,0.000000,0,0,71750110,1345,32,1345,-416,0,16,0
3,700,21.000000,0.000000,0,0,71750113,1345,32,1345,-416,0,16,0
3,700,21.000000,0.000000,0,0,71750116,1345,32,1345,-416,0,16,0
3,700,21.000000,0.000000,0,0,71750119,1345,32,1345,-416,0,16,0
3,700,21.000000,0.000000,0,0,71750121,1345,32,1345,-416,0,16,0
3,700,21.000000,0.000000,0,0,71750124,1344,32,1344,-416,0,16,0
3,700,21.000000,0.000000,0,0,71750127,1343,32,1343,-416,0,16,0
3,700,21.000000,0.000000,0,0,71750130,1343,32,1343,-416,0,16,0
3,700,21.000000,0.000000,0,0,71750133,1343,32,1343,-416,0,16,0
3,700,21.000000,0.000000,0,0,71750135,1343,32,1343,-416,0,16,0
3,700,21.000000,0.000000,0,0,71750138,1343,32,1343,-416,0,16,0
3,700,21.000000,0.000000,0,0,71750141,1343,32,1343,-416,0,16,0
3,700,21.000000,0.000000,0,0,71750144,1342,32,1342,-416,0,16,0
3,700,21.000000,0.000000,0,0,71750146,1341,32,1341,-416,0,16,0
3,700,21.000000,0.000000,0,0,71750149,1341,32,1341,-416,0,16,0
3,700,21.000000,0.000000,0,0,71750152,1341,32,1341,-416,0,16,0
3,700,21.000000,0.000000,0,0,71750155,1341,32,1341,-416,0,16,0
3,700,21.000000,0.000000,0,0,71750158,1341,32,1341,-416,0,16,0
3,700,21.000000,0.000000,0,0,71750160,1341,31,1341,-417,0,16,0
3,700,21.000000,0.000000,0,0,71750163,1341,30,1341,-418,0,16,0
3,700,21.000000,0.000000,0,0,71750166,1341,30,1341,-418,0,16,0
3,700,21.000000,0.000000,0,0,71750169,1341,30,1341,-418,0,16,0
3,700,21.000000,0.000000,0,0,71750172,1341,30,1341,-418,0,16,0
3,700,21.000000,0.000000,0,0,71750174,1341,30,1341,-418,0,16,0
3,700,21.000000,0.000000,0,0,71750177,1341,30,1341,-418,0,16,0
3,700,21.000000,0.000000,0,0,71750180,1341,29,1341,-419,0,16,0
3,700,21.000000,0.000000,0,0,71750183,1341,29,1341,-419,0,16,0
3,700,21.000000,0.000000,0,0,71750186,1340,29,1340,-419,0,16,0
3,700,21.000000,0.000000,0,0,71750188,1339,29,1339,-419,0,16,0
3,700,21.000000,0.000000,0,0,71750191,1338,29,1338,-419,0,16,0
3,700,21.000000,0.000000,0,0,71750194,1338,28,1338,-420,0,16,0
3,700,21.000000,0.000000,0,0,71750197,1338,27,1338,-421,0,16,0
3,700,21.000000,0.000000,0,0,71750199,1337,27,1337,-421,0,16,0
3,700,21.000000,0.000000,0,0,71750202,1336,27,1336,-421,0,16,0
3,700,21.000000,0.000000,0,0,71750205,1335,27,1335,-421,0,16,0
3,700,21.000000,0.000000,0,0,71750208,1334,26,1334,-422,0,16,0
3,700,21.000000,0.000000,0,0,71750211,1333,25,1333,-423,0,16,0
3,700,21.000000,0.000000,0,0,71750213,1333,25,1333,-423,0,16,0
3,700,21.000000,0.000000,0,0,71750216,1332,25,1332,-423,0,16,0
3,700,21.000000,0.000000,0,0,71750219,1331,25,1331,-423,0,16,0
3,700,21.000000,0.000000,0,0,71750222,1330,25,1330,-423,0,16,0
3,700,21.000000,0.000000,0,0,71750224,1329,25,1329,-423,0,16,0
3,700,21.000000,0.000000,0,0,71750227,1328,25,1328,-423,0,16,0
3,700,21.000000,0.000000,0,0,71750230,1327,25,1327,-423,0,16,0
3,700,21.000000,0.000000,0,0,71750233,1326,25,1326,-423,0,16,0
3,700,21.000000,0.000000,0,0,71750235,1325,25,1325,-423,0,16,0
3,700,21.000000,0.000000,0,0,71750238,1324,25,1324,-423,0,16,0
3,700,21.000000,0.000000,0,0,71750241,1323,25,1323,-423,0,16,0
3,700,21.000000,0.000000,0,0,71750244,1322,25,1322,-423,0,16,0
3,700,21.000000,0.000000,0,0,71750247,1322,24,1322,-424,0,16,0
3,700,21.000000,0.000000,0,0,71750249,1322,23,1322,-425,0,16,0
3,700,21.000000,0.000000,0,0,71750252,1322,23,1322,-425,0,16,0
3,700,21.000000,0.000000,0,0,71750255,1322,23,1322,-425,0,16,0
3,700,21.000000,0.000000,0,0,71750258,1322,23,1322,-425,0,16,0
3,700,21.000000,0.000000,0,0,71750260,1322,23,1322,-425,0,16,0
3,700,21.000000,0.000000,0,0,71750263,1322,23,1322,-425,0,16,0
3,700,21.000000,0.000000,0,0,71750266,1322,23,1322,-425,0,16,0
3,700,21.000000,0.000000,0,0,71750269,1322,23,1322,-425,0,16,0
3,700,21.000000,0.000000,0,0,71750272,1322,23,1322,-425,0,16,0
3,700,21.000000,0.000000,0,0,71750274,1322,23,1322,-425,0,16,0
3,700,21.000000,0.000000,0,0,71750277,1322,23,1322,-425,0,16,0
3,700,21.000000,0.000000,0,0,71750280,1322,23,1322,-425,0,16,0
3,700,21.000000,0.000000,0,0,71750283,1322,23,1322,-425,0,16,0
3,700,21.000000,0.000000,0,0,71750286,1322,23,1322,-425,0,16,0
3,700,21.000000,0.000000,0,0,71750288,1322,23,1322,-425,0,16,0
3,700,21.000000,0.000000,0,0,71750291,1322,23,1322,-425,0,16,0
3,700,21.000000,0.000000,0,0,71750294,1321,23,1321,-425,0,16,0
3,700,21.000000,0.000000,0,0,71750297,1320,23,1320,-425,0,16,0
3,700,21.000000,0.000000,0,0,71750300,1320,23,1320,-425,0,16,0
3,700,21.000000,0.000000,0,0,71750302,1320,23,1320,-425,0,16,0
3,700,21.000000,0.000000,0,0,71750305,1320,23,1320,-425,0,16,0
3,700,21.000000,0.000000,0,0,71750308,1320,23,1320,-425,0,16,0
3,700,21.000000,0.000000,0,0,71750311,1320,23,1320,-425,0,16,0
3,700,21.000000,0.000000,0,0,71750313,1320,23,1320,-425,0,16,0
3,700,21.000000,0.000000,0,0,71750316,1320,23,1320,-425,0,16,0
3,700,21.000000,0.000000,0,0,71750319,1320,23,1320,-425,0,16,0
3,700,21.000000,0.000000,0,0,71750322,1320,23,1320,-425,0,16,0
3,700,21.000000,0.000000,0,0,71750324,1320,23,1320,-425,0,16,0
3,700,21.000000,0.000000,0,0,71750327,1320,23,1320,-425,0,16,0
3,700,21.000000,0.000000,0,0,71750330,1321,22,1321,-426,0,16,0
3,700,21.000000,0.000000,0,0,71750333,1319,22,1319,-426,0,16,0
3,700,21.000000,0.000000,0,0,71750336,1317,22,1317,-426,0,16,0
3,700,21.000000,0.000000,0,0,71750338,1317,22,1317,-426,0,16,0
3,700,21.000000,0.000000,0,0,71750341,1317,22,1317,-426,0,16,0
3,700,21.000000,0.000000,0,0,71750344,1316,22,1316,-426,0,16,0
3,700,21.000000,0.000000,0,0,71750347,1316,22,1316,-426,0,16,0
3,700,21.000000,0.000000,0,0,71750350,1315,22,1315,-426,0,16,0
3,700,21.000000,0.000000,0,0,71750352,1314,22,1314,-426,0,16,0
3,700,21.000000,0.000000,0,0,71750355,1314,22,1314,-426,0,16,0
3,700,21.000000,0.000000,0,0,71750358,1314,22,1314,-426,0,16,0
3,700,21.000000,0.000000,0,0,71750361,1314,22,1314,-426,0,16,0
3,700,21.000000,0.000000,0,0,71750363,1314,22,1314,-426,0,16,0
3,700,21.000000,0.000000,0,0,71750366,1314,22,1314,-426,0,16,0
3,700,21.000000,0.000000,0,0,71750369,1314,22,1314,-426,0,16,0
3,700,21.000000,0.000000,0,0,71750372,1314,22,1314,-426,0,16,0
3,700,21.000000,0.000000,0,0,71750374,1314,22,1314,-426,0,16,0
3,700,21.000000,0.000000,0,0,71750377,1314,22,1314,-426,0,16,0
3,700,21.000000,0.000000,0,0,71750380,1314,22,1314,-426,0,16,0
3,700,21.000000,0.000000,0,0,71750383,1314,22,1314,-426,0,16,0
3,700,21.000000,0.000000,0,0,71750386,1314,22,1314,-426,0,16,0
3,700,21.000000,0.000000,0,0,71750388,1314,22,1314,-426,0,16,0
3,700,21.000000,0.000000,0,0,71750391,1314,22,1314,-426,0,16,0
3,700,21.000000,0.000000,0,0,71750394,1314,22,1314,-426,0,16,0
3,700,21.000000,0.000000,0,0,71750397,1314,22,1314,-426,0,16,0
3,700,21.000000,0.000000,0,0,71750399,1314,22,1314,-426,0,16,0
3,700,21.000000,0.000000,0,0,71750402,1314,22,1314,-426,0,16,0
3,700,21.000000,0.000000,0,0,71750405,1314,22,1314,-426,0,16,0
3,700,21.000000,0.000000,0,0,71750408,1314,22,1314,-426,0,16,0
3,700,21.000000,0.000000,0,0,71750411,1314,22,1314,-426,0,16,0
3,700,21.000000,0.000000,0,0,71750413,1314,22,1314,-426,0,16,0
3,700,21.000000,0.000000,0,0,71750416,1314,22,1314,-426,0,16,0
3,700,21.000000,0.000000,0,0,71750419,1314,21,1314,-427,0,16,0
3,700,21.000000,0.000000,0,0,71750422,1314,20,1314,-428,0,16,0
3,700,21.000000,0.000000,0,0,71750424,1314,20,1314,-428,0,16,0
3,700,21.000000,0.000000,0,0,71750427,1314,20,1314,-428,0,16,0
3,700,21.000000,0.000000,0,0,71750430,1314,20,1314,-428,0,16,0
3,700,21.000000,0.000000,0,0,71750433,1314,20,1314,-428,0,16,0
3,700,21.000000,0.000000,0,0,71750436,1314,20,1314,-428,0,16,0
3,700,21.000000,0.000000,0,0,71750438,1314,20,1314,-428,0,16,0
3,700,21.000000,0.000000,0,0,71750441,1314,20,1314,-428,0,16,0
3,700,21.000000,0.000000,0,0,71750444,1314,20,1314,-428,0,16,0
3,700,21.000000,0.000000,0,0,71750447,1313,20,1313,-428,0,16,0
3,700,21.000000,0.000000,0,0,71750449,1312,20,1312,-428,0,16,0
3,700,21.000000,0.000000,0,0,71750452,1312,20,1312,-428,0,16,0
3,700,21.000000,0.000000,0,0,71750455,1312,20,1312,-428,0,16,0
3,700,21.000000,0.000000,0,0,71750458,1312,20,1312,-428,0,16,0
3,700,21.000000,0.000000,0,0,71750461,1312,20,1312,-428,0,16,0
3,700,21.000000,0.000000,0,0,71750463,1312,19,1312,-429,0,16,0
3,700,21.000000,0.000000,0,0,71750466,1312,18,1312,-430,0,16,0
3,700,21.000000,0.000000,0,0,71750469,1312,18,1312,-430,0,16,0
3,700,21.000000,0.000000,0,0,71750472,1312,18,1312,-430,0,16,0
3,700,21.000000,0.000000,0,0,71750475,1311,18,1311,-430,0,16,0
3,700,21.000000,0.000000,0,0,71750477,1310,18,1310,-430,0,16,0
3,700,21.000000,0.000000,0,0,71750480,1310,18,1310,-430,0,16,0
3,700,21.000000,0.000000,0,0,71750483,1310,18,1310,-430,0,16,0
3,700,21.000000,0.000000,0,0,71750486,1309,18,1309,-430,0,16,0
3,700,21.000000,0.000000,0,0,71750489,1308,18,1308,-430,0,16,0
3,700,21.000000,0.000000,0,0,71750492,1308,18,1308,-430,0,16,0
3,700,21.000000,0.000000,0,0,71750494,1308,18,1308,-430,0,16,0
3,700,21.000000,0.000000,0,0,71750497,1308,18,1308,-430,0,16,0
3,700,21.000000,0.000000,0,0,71750500,1308,18,1308,-430,0,16,0
3,700,21.000000,0.000000,0,0,71750502,1308,18,1308,-430,0,16,0
3,700,21.000000,0.000000,0,0,71750505,1308,18,1308,-430,0,16,0
3,700,21.000000,0.000000,0,0,71750508,1308,18,1308,-430,0,16,0
3,700,21.000000,0.000000,0,0,71750511,1308,18,1308,-430,0,16,0
3,700,21.000000,0.000000,0,0,71750513,1308,18,1308,-430,0,16,0
3,700,21.000000,0.000000,0,0,71750516,1308,18,1308,-430,0,16,0
3,700,21.000000,0.000000,0,0,71750519,1308,18,1308,-430,0,16,0
3,700,21.000000,0.000000,0,0,71750522,1308,18,1308,-430,0,16,0
3,700,21.000000,0.000000,0,0,71750525,1308,18,1308,-430,0,16,0
3,700,21.000000,0.000000,0,0,71750527,1308,18,1308,-430,0,16,0
3,700,21.000000,0.000000,0,0,71750530,1308,18,1308,-430,0,16,0
3,700,21.000000,0.000000,0,0,71750533,1308,18,1308,-430,0,16,0
3,700,21.000000,0.000000,0,0,71750536,1308,18,1308,-430,0,16,0
3,700,21.000000,0.000000,0,0,71750538,1308,18,1308,-430,0,16,0
3,700,21.000000,0.000000,0,0,71750541,1308,18,1308,-430,0,16,0
3,700,21.000000,0.000000,0,0,71750544,1308,18,1308,-430,0,16,0
3,700,21.000000,0.000000,0,0,71750547,1308,18,1308,-430,0,16,0
3,700,21.000000,0.000000,0,0,71750549,1308,18,1308,-430,0,16,0
3,700,21.000000,0.000000,0,0,71750552,1308,18,1308,-430,0,16,0
3,700,21.000000,0.000000,0,0,71750555,1308,18,1308,-430,0,16,0
3,700,21.000000,0.000000,0,0,71750558,1308,18,1308,-430,0,16,0
3,700,21.000000,0.000000,0,0,71750561,1308,18,1308,-430,0,16,0
3,700,21.000000,0.000000,0,0,71750563,1308,18,1308,-430,0,16,0
3,700,21.000000,0.000000,0,0,71750566,1308,18,1308,-430,0,16,0
3,700,21.000000,0.000000,0,0,71750569,1308,18,1308,-430,0,16,0
3,700,21.000000,0.000000,0,0,71750572,1308,18,1308,-430,0,16,0
3,700,21.000000,0.000000,0,0,71750574,1308,18,1308,-430,0,16,0
3,700,21.000000,0.000000,0,0,71750577,1308,18,1308,-430,0,16,0
3,700,21.000000,0.000000,0,0,71750580,1308,18,1308,-430,0,16,0
3,700,21.000000,0.000000,0,0,71750583,1308,18,1308,-430,0,16,0
3,700,21.000000,0.000000,0,0,71750586,1308,18,1308,-430,0,16,0
3,700,21.000000,0.000000,0,0,71750588,1308,18,1308,-430,0,16,0
3,700,21.000000,0.000000,0,0,71750592,1308,18,1308,-430,0,16,0
3,700,21.000000,0.000000,0,0,71750595,1308,18,1308,-430,0,16,0
3,700,21.000000,0.000000,0,0,71750597,1308,18,1308,-430,0,16,0
3,700,21.000000,0.000000,0,0,71750612,1308,18,1308,-430,0,16,0
