3,700,80.500000,42.000000,0,0,71827637,616,0,616,0,0,19,9
3,700,80.500000,42.000000,0,0,71827638,616,0,616,0,0,19,9
3,700,80.500000,42.000000,0,0,71827640,616,0,616,0,0,19,9
3,700,80.500000,42.000000,0,0,71827643,616,0,616,0,0,19,9
3,700,80.500000,42.000000,0,0,71827646,616,0,616,0,0,19,9
3,700,80.500000,42.000000,0,0,71827649,616,0,616,0,0,19,9
3,700,80.500000,42.000000,0,0,71827651,616,0,616,0,0,19,9
3,700,80.500000,42.000000,0,0,71827654,616,0,616,0,0,19,9
3,700,80.500000,42.000000,0,0,71827657,616,0,616,0,0,19,9
3,700,80.500000,42.000000,0,0,71827660,616,0,616,0,0,19,9
3,700,80.500000,42.000000,0,0,71827663,616,0,616,-1,0,19,9
3,700,80.500000,42.000000,0,0,71827665,616,0,616,-2,0,19,9
3,700,80.500000,42.000000,0,0,71827668,616,0,616,-2,0,19,9
3,700,80.500000,42.000000,0,0,71827671,616,0,616,-2,0,19,9
3,700,80.500000,42.000000,0,0,71827674,616,0,616,-2,0,19,9
3,700,80.500000,42.000000,0,0,71827676,616,0,616,-2,0,19,9
3,700,80.500000,42.000000,0,0,71827679,616,0,616,-2,0,19,9
3,700,80.500000,42.000000,0,0,71827682,616,0,616,-2,0,19,9
3,700,80.500000,42.000000,0,0,71827685,616,0,616,-2,0,19,9
3,700,80.500000,42.000000,0,0,71827688,616,0,616,-2,0,19,9
3,700,80.500000,42.000000,0,0,71827691,616,0,616,-2,0,19,9
3,700,80.500000,42.000000,0,0,71827694,616,0,616,-2,0,19,9
3,700,80.500000,42.000000,0,0,71827696,616,0,616,-2,0,19,9
3,700,80.500000,42.000000,0,0,71827699,616,0,616,-2,0,19,9
3,700,80.500000,42.000000,0,0,71827702,616,0,616,-2,0,19,9
3,700,80.500000,42.000000,0,0,71827704,616,0,616,-2,0,19,9
3,700,80.500000,42.000000,0,0,71827707,616,0,616,-2,0,19,9
3,700,80.500000,42.000000,0,0,71827710,616,0,616,-2,0,19,9
3,700,80.500000,42.000000,0,0,71827713,617,0,617,-2,0,19,9
3,700,80.500000,42.000000,0,0,71827716,618,0,618,-2,0,19,9
3,700,80.500000,42.000000,0,0,71827718,619,0,619,-2,0,19,9
3,700,80.500000,42.000000,0,0,71827721,619,0,619,-3,0,19,9
3,700,80.500000,42.000000,0,0,71827724,621,0,621,-6,0,19,9
3,700,80.500000,42.000000,0,0,71827727,623,0,623,-6,0,19,9
3,700,80.500000,42.000000,0,0,71827729,625,0,625,-7,0,19,9
3,700,80.500000,42.000000,0,0,71827732,627,0,627,-8,0,19,9
3,700,80.500000,42.000000,0,0,71827735,630,0,630,-12,0,19,9
3,700,80.500000,42.000000,0,0,71827738,632,0,632,-13,0,19,9
3,700,80.500000,42.000000,0,0,71827741,636,0,636,-16,0,19,9
3,700,80.500000,42.000000,0,0,71827743,641,0,641,-18,0,19,9
3,700,80.500000,42.000000,0,0,71827746,648,0,648,-21,0,19,9
3,700,80.500000,42.000000,0,0,71827749,653,0,653,-25,0,19,9
3,700,80.500000,42.000000,0,0,71827752,660,0,660,-27,0,19,9
3,700,80.500000,42.000000,0,0,71827754,667,0,667,-29,0,19,9
3,700,80.500000,42.000000,0,0,71827757,678,0,678,-31,0,19,9
3,700,80.500000,42.000000,0,0,71827760,689,0,689,-32,0,19,9
3,700,80.500000,42.000000,0,0,71827763,699,0,699,-36,0,19,9
3,700,80.500000,42.000000,0,0,71827765,709,0,709,-40,0,19,9
3,700,80.500000,42.000000,0,0,71827768,723,0,723,-42,0,19,9
3,700,80.500000,42.000000,0,0,71827771,735,0,735,-43,0,19,9
3,700,80.500000,42.000000,0,0,71827774,744,0,744,-49,0,19,9
3,700,80.500000,42.000000,0,0,71827777,754,0,754,-51,0,19,9
3,700,80.500000,42.000000,0,0,71827779,765,0,765,-55,0,19,9
3,700,80.500000,42.000000,0,0,71827782,778,0,778,-58,0,19,9
3,700,80.500000,42.000000,0,0,71827785,790,0,790,-60,0,19,9
3,700,80.500000,42.000000,0,0,71827788,804,0,804,-63,0,19,9
3,700,80.500000,42.000000,0,0,71827791,815,0,815,-65,0,19,9
3,700,80.500000,42.000000,0,0,71827793,823,0,823,-68,0,19,9
3,700,80.500000,42.000000,0,0,71827796,834,0,834,-72,0,19,9
3,700,80.500000,42.000000,0,0,71827799,847,0,847,-73,0,19,9
3,700,80.500000,42.000000,0,0,71827802,860,0,860,-75,0,19,9
3,700,80.500000,42.000000,0,0,71827805,871,0,871,-76,0,19,9
3,700,80.500000,42.000000,0,0,71827808,882,0,882,-78,0,19,9
3,700,80.500000,42.000000,0,0,71827810,895,0,895,-79,0,19,9
3,700,80.500000,42.000000,0,0,71827813,907,0,907,-80,0,19,9
3,700,80.500000,42.000000,0,0,71827816,918,0,918,-85,0,19,9
3,700,80.500000,42.000000,0,0,71827819,933,0,933,-87,0,19,9
3,700,80.500000,42.000000,0,0,71827821,950,0,950,-90,0,19,9
3,700,80.500000,42.000000,0,0,71827824,969,0,969,-95,0,19,9
3,700,80.500000,42.000000,0,0,71827827,981,0,981,-99,0,19,9
3,700,80.500000,42.000000,0,0,71827830,995,0,995,-102,0,19,9
3,700,80.500000,42.000000,0,0,71827833,1006,0,1006,-107,0,19,9
3,700,80.500000,42.000000,0,0,71827835,1029,0,1029,-112,0,19,9
3,700,80.500000,42.000000,0,0,71827838,1040,0,1040,-117,0,19,9
3,700,80.500000,42.000000,0,0,71827841,1050,0,1050,-121,0,19,9
3,700,80.500000,42.000000,0,0,71827844,1063,0,1063,-124,0,19,9
3,700,80.500000,42.000000,0,0,71827846,1074,0,1074,-128,0,19,9
3,700,80.500000,42.000000,0,0,71827849,1082,0,1082,-131,0,19,9
3,700,80.500000,42.000000,0,0,71827852,1092,0,1092,-135,0,19,9
3,700,80.500000,42.000000,0,0,71827855,1100,0,1100,-140,0,19,9
3,700,80.500000,42.000000,0,0,71827857,1108,0,1108,-142,0,19,9
3,700,80.500000,42.000000,0,0,71827860,1117,0,1117,-146,0,19,9
3,700,80.500000,42.000000,0,0,71827863,1126,0,1126,-149,0,19,9
3,700,80.500000,42.000000,0,0,71827866,1133,0,1133,-151,0,19,9
3,700,80.500000,42.000000,0,0,71827869,1143,0,1143,-156,0,19,9
3,700,80.500000,42.000000,0,0,71827871,1152,0,1152,-160,0,19,9
3,700,80.500000,42.000000,0,0,71827874,1155,0,1155,-162,0,19,9
3,700,80.500000,42.000000,0,0,71827877,1158,0,1158,-164,0,19,9
3,700,80.500000,42.000000,0,0,71827880,1162,0,1162,-166,0,19,9
3,700,80.500000,42.000000,0,0,71827882,1167,0,1167,-170,0,19,9
3,700,80.500000,42.000000,0,0,71827885,1177,0,1177,-177,0,19,9
3,700,80.500000,42.000000,0,0,71827888,1181,0,1181,-177,0,19,9
3,700,80.500000,42.000000,0,0,71827891,1184,0,1184,-181,0,19,9
3,700,80.500000,42.000000,0,0,71827893,1187,0,1187,-183,0,19,9
3,700,80.500000,42.000000,0,0,71827896,1191,0,1191,-183,0,19,9
3,700,80.500000,42.000000,0,0,71827899,1192,0,1192,-184,0,19,9
3,700,80.500000,42.000000,0,0,71827902,1195,0,1195,-185,0,19,9
3,700,80.500000,42.000000,0,0,71827904,1197,0,1197,-186,0,19,9
3,700,80.500000,42.000000,0,0,71827907,1200,0,1200,-188,0,19,9
3,700,80.500000,42.000000,0,0,71827910,1201,0,1201,-188,0,19,9
3,700,80.500000,42.000000,0,0,71827913,1201,0,1201,-189,0,19,9
3,700,80.500000,42.000000,0,0,71827916,1202,0,1202,-189,0,19,9
3,700,80.500000,42.000000,0,0,71827918,1203,0,1203,-189,0,19,9
3,700,80.500000,42.000000,0,0,71827921,1204,0,1204,-189,0,19,9
3,700,80.500000,42.000000,0,0,71827924,1204,0,1204,-189,0,19,9
3,700,80.500000,42.000000,0,0,71827927,1205,0,1205,-189,0,19,9
3,700,80.500000,42.000000,0,0,71827929,1206,0,1206,-189,0,19,9
3,700,80.500000,42.000000,0,0,71827933,1206,0,1206,-189,0,19,9
3,700,80.500000,42.000000,0,0,71827935,1206,0,1206,-189,0,19,9
3,700,80.500000,42.000000,0,0,71827938,1206,0,1206,-189,0,19,9
3,700,80.500000,42.000000,0,0,71827941,1206,0,1206,-189,0,19,9
3,700,80.500000,42.000000,0,0,71827943,1206,0,1206,-189,0,19,9
3,700,80.500000,42.000000,0,0,71827946,1206,0,1206,-189,0,19,9
3,700,80.500000,42.000000,0,0,71827949,1206,0,1206,-189,0,19,9
3,700,80.500000,42.000000,0,0,71827952,1206,0,1206,-189,0,19,9
3,700,80.500000,42.000000,0,0,71827955,1206,0,1206,-189,0,19,9
3,700,80.500000,42.000000,0,0,71827957,1206,0,1206,-190,0,19,9
3,700,80.500000,42.000000,0,0,71827960,1206,0,1206,-190,0,19,9
3,700,80.500000,42.000000,0,0,71827963,1206,0,1206,-190,0,19,9
3,700,80.500000,42.000000,0,0,71827966,1206,0,1206,-190,0,19,9
3,700,80.500000,42.000000,0,0,71827968,1207,0,1207,-190,0,19,9
3,700,80.500000,42.000000,0,0,71827971,1208,0,1208,-190,0,19,9
3,700,80.500000,42.000000,0,0,71827974,1210,0,1210,-190,0,19,9
3,700,80.500000,42.000000,0,0,71827977,1210,0,1210,-191,0,19,9
3,700,80.500000,42.000000,0,0,71827979,1210,0,1210,-192,0,19,9
3,700,80.500000,42.000000,0,0,71827982,1210,0,1210,-193,0,19,9
3,700,80.500000,42.000000,0,0,71827985,1211,0,1211,-194,0,19,9
3,700,80.500000,42.000000,0,0,71827988,1212,0,1212,-194,0,19,9
3,700,80.500000,42.000000,0,0,71827991,1213,0,1213,-194,0,19,9
3,700,80.500000,42.000000,0,0,71827994,1213,0,1213,-195,0,19,9
3,700,80.500000,42.000000,0,0,71827996,1215,0,1215,-195,0,19,9
3,700,80.500000,42.000000,0,0,71827999,1216,0,1216,-196,0,19,9
3,700,80.500000,42.000000,0,0,71828002,1217,0,1217,-196,0,19,9
3,700,80.500000,42.000000,0,0,71828005,1218,0,1218,-196,0,19,9
3,700,80.500000,42.000000,0,0,71828007,1219,0,1219,-197,0,19,9
3,700,80.500000,42.000000,0,0,71828010,1220,0,1220,-197,0,19,9
3,700,80.500000,42.000000,0,0,71828013,1221,0,1221,-199,0,19,9
3,700,80.500000,42.000000,0,0,71828016,1223,0,1223,-199,0,19,9
3,700,80.500000,42.000000,0,0,71828019,1224,0,1224,-201,0,19,9
3,700,80.500000,42.000000,0,0,71828021,1225,0,1225,-201,0,19,9
3,700,80.500000,42.000000,0,0,71828024,1226,0,1226,-201,0,19,9
3,700,80.500000,42.000000,0,0,71828027,1228,0,1228,-202,0,19,9
3,700,80.500000,42.000000,0,0,71828030,1230,0,1230,-203,0,19,9
3,700,80.500000,42.000000,0,0,71828032,1232,0,1232,-204,0,19,9
3,700,80.500000,42.000000,0,0,71828035,1234,0,1234,-205,0,19,9
3,700,80.500000,42.000000,0,0,71828038,1235,0,1235,-207,0,19,9
3,700,80.500000,42.000000,0,0,71828041,1237,0,1237,-207,0,19,9
3,700,80.500000,42.000000,0,0,71828044,1241,0,1241,-209,0,19,9
3,700,80.500000,42.000000,0,0,71828046,1243,0,1243,-209,0,19,9
3,700,80.500000,42.000000,0,0,71828049,1246,0,1246,-211,0,19,9
3,700,80.500000,42.000000,0,0,71828052,1249,0,1249,-212,0,19,9
3,700,80.500000,42.000000,0,0,71828055,1250,0,1250,-212,0,19,9
3,700,80.500000,42.000000,0,0,71828058,1250,0,1250,-213,0,19,9
3,700,80.500000,42.000000,0,0,71828060,1251,0,1251,-213,0,19,9
3,700,80.500000,42.000000,0,0,71828063,1254,0,1254,-213,0,19,9
3,700,80.500000,42.000000,0,0,71828066,1255,0,1255,-214,0,19,9
3,700,80.500000,42.000000,0,0,71828069,1256,0,1256,-215,0,19,9
3,700,80.500000,42.000000,0,0,71828071,1258,0,1258,-216,0,19,9
3,700,80.500000,42.000000,0,0,71828074,1258,0,1258,-217,0,19,9
3,700,80.500000,42.000000,0,0,71828077,1259,0,1259,-218,0,19,9
3,700,80.500000,42.000000,0,0,71828080,1262,0,1262,-220,0,19,9
3,700,80.500000,42.000000,0,0,71828083,1262,0,1262,-220,0,19,9
3,700,80.500000,42.000000,0,0,71828085,1263,0,1263,-220,0,19,9
3,700,80.500000,42.000000,0,0,71828088,1264,0,1264,-220,0,19,9
3,700,80.500000,42.000000,0,0,71828091,1265,0,1265,-221,0,19,9
3,700,80.500000,42.000000,0,0,71828094,1266,0,1266,-222,0,19,9
3,700,80.500000,42.000000,0,0,71828097,1266,0,1266,-223,0,19,9
3,700,80.500000,42.000000,0,0,71828099,1267,0,1267,-223,0,19,9
3,700,80.500000,42.000000,0,0,71828102,1268,0,1268,-224,0,19,9
3,700,80.500000,42.000000,0,0,71828105,1269,0,1269,-224,0,19,9
3,700,80.500000,42.000000,0,0,71828108,1270,0,1270,-224,0,19,9
3,700,80.500000,42.000000,0,0,71828110,1270,0,1270,-225,0,19,9
3,700,80.500000,42.000000,0,0,71828113,1270,0,1270,-226,0,19,9
3,700,80.500000,42.000000,0,0,71828116,1271,0,1271,-226,0,19,9
3,700,80.500000,42.000000,0,0,71828119,1272,0,1272,-226,0,19,9
3,700,80.500000,42.000000,0,0,71828122,1273,0,1273,-227,0,19,9
3,700,80.500000,42.000000,0,0,71828124,1274,0,1274,-227,0,19,9
3,700,80.500000,42.000000,0,0,71828127,1275,0,1275,-228,0,19,9
3,700,80.500000,42.000000,0,0,71828130,1276,0,1276,-228,0,19,9
3,700,80.500000,42.000000,0,0,71828133,1276,0,1276,-229,0,19,9
3,700,80.500000,42.000000,0,0,71828135,1277,0,1277,-230,0,19,9
3,700,80.500000,42.000000,0,0,71828138,1279,0,1279,-231,0,19,9
3,700,80.500000,42.000000,0,0,71828141,1280,0,1280,-233,0,19,9
3,700,80.500000,42.000000,0,0,71828144,1281,0,1281,-234,0,19,9
3,700,80.500000,42.000000,0,0,71828147,1282,0,1282,-235,0,19,9
3,700,80.500000,42.000000,0,0,71828149,1282,0,1282,-237,0,19,9
3,700,80.500000,42.000000,0,0,71828152,1285,0,1285,-238,0,19,9
3,700,80.500000,42.000000,0,0,71828155,1285,0,1285,-239,0,19,9
3,700,80.500000,42.000000,0,0,71828158,1287,0,1287,-239,0,19,9
3,700,80.500000,42.000000,0,0,71828161,1288,0,1288,-240,0,19,9
3,700,80.500000,42.000000,0,0,71828163,1289,0,1289,-241,0,19,9
3,700,80.500000,42.000000,0,0,71828166,1289,0,1289,-242,0,19,9
3,700,80.500000,42.000000,0,0,71828169,1290,0,1290,-243,0,19,9
3,700,80.500000,42.000000,0,0,71828172,1290,0,1290,-244,0,19,9
3,700,80.500000,42.000000,0,0,71828174,1292,0,1292,-245,0,19,9
3,700,80.500000,42.000000,0,0,71828177,1293,0,1293,-245,0,19,9
3,700,80.500000,42.000000,0,0,71828180,1295,0,1295,-246,0,19,9
3,700,80.500000,42.000000,0,0,71828183,1295,0,1295,-247,0,19,9
3,700,80.500000,42.000000,0,0,71828185,1296,0,1296,-249,0,19,9
3,700,80.500000,42.000000,0,0,71828188,1296,0,1296,-250,0,19,9
3,700,80.500000,42.000000,0,0,71828191,1296,0,1296,-251,0,19,9
3,700,80.500000,42.000000,0,0,71828194,1297,0,1297,-252,0,19,9
3,700,80.500000,42.000000,0,0,71828197,1298,0,1298,-253,0,19,9
3,700,80.500000,42.000000,0,0,71828199,1298,0,1298,-253,0,19,9
3,700,80.500000,42.000000,0,0,71828202,1299,0,1299,-255,0,19,9
3,700,80.500000,42.000000,0,0,71828205,1300,0,1300,-255,0,19,9
3,700,80.500000,42.000000,0,0,71828208,1301,0,1301,-255,0,19,9
3,700,80.500000,42.000000,0,0,71828210,1301,0,1301,-255,0,19,9
3,700,80.500000,42.000000,0,0,71828213,1301,0,1301,-256,0,19,9
3,700,80.500000,42.000000,0,0,71828216,1301,0,1301,-257,0,19,9
3,700,80.500000,42.000000,0,0,71828219,1301,0,1301,-258,0,19,9
3,700,80.500000,42.000000,0,0,71828221,1302,0,1302,-258,0,19,9
3,700,80.500000,42.000000,0,0,71828224,1303,0,1303,-258,0,19,9
3,700,80.500000,42.000000,0,0,71828227,1303,0,1303,-258,0,19,9
3,700,80.500000,42.000000,0,0,71828230,1303,0,1303,-258,0,19,9
3,700,80.500000,42.000000,0,0,71828233,1303,0,1303,-258,0,19,9
3,700,80.500000,42.000000,0,0,71828236,1303,0,1303,-258,0,19,9
3,700,80.500000,42.000000,0,0,71828238,1303,0,1303,-258,0,19,9
3,700,80.500000,42.000000,0,0,71828241,1303,0,1303,-258,0,19,9
3,700,80.500000,42.000000,0,0,71828244,1303,0,1303,-258,0,19,9
3,700,80.500000,42.000000,0,0,71828247,1303,0,1303,-258,0,19,9
3,700,80.500000,42.000000,0,0,71828249,1303,0,1303,-258,0,19,9
3,700,80.500000,42.000000,0,0,71828252,1303,0,1303,-258,0,19,9
3,700,80.500000,42.000000,0,0,71828255,1303,0,1303,-258,0,19,9
3,700,80.500000,42.000000,0,0,71828266,1303,0,1303,-258,0,19,9
