3,700,80.500000,0.000000,1,0,72128583,623,6,623,6,0,20,10
3,700,80.500000,0.000000,1,0,72128584,623,6,623,6,0,20,10
3,700,80.500000,0.000000,1,0,72128587,623,6,623,6,0,20,10
3,700,80.500000,0.000000,1,0,72128589,623,6,623,6,0,20,10
3,700,80.500000,0.000000,1,0,72128592,623,6,623,6,0,20,10
3,700,80.500000,0.000000,1,0,72128595,623,6,623,6,0,20,10
3,700,80.500000,0.000000,1,0,72128598,623,6,623,6,0,20,10
3,700,80.500000,0.000000,1,0,72128601,623,6,623,6,0,20,10
3,700,80.500000,0.000000,1,0,72128604,623,6,623,6,0,20,10
3,700,80.500000,0.000000,1,0,72128606,623,6,623,6,0,20,10
3,700,80.500000,0.000000,1,0,72128609,623,6,623,6,0,20,10
3,700,80.500000,0.000000,1,0,72128612,623,6,623,6,0,20,10
3,700,80.500000,0.000000,1,0,72128614,623,6,623,6,0,20,10
3,700,80.500000,0.000000,1,0,72128617,623,6,623,6,0,20,10
3,700,80.500000,0.000000,1,0,72128620,623,6,623,6,0,20,10
3,700,80.500000,0.000000,1,0,72128623,623,6,623,6,0,20,10
3,700,80.500000,0.000000,1,0,72128625,623,6,623,6,0,20,10
3,700,80.500000,0.000000,1,0,72128628,623,6,623,6,0,20,10
3,700,80.500000,0.000000,1,0,72128631,623,6,623,6,0,20,10
3,700,80.500000,0.000000,1,0,72128634,623,6,623,6,0,20,10
3,700,80.500000,0.000000,1,0,72128636,623,6,623,6,0,20,10
3,700,80.500000,0.000000,1,0,72128639,623,6,623,6,0,20,10
3,700,80.500000,0.000000,1,0,72128642,623,6,623,6,0,20,10
3,700,80.500000,0.000000,1,0,72128645,623,6,623,6,0,20,10
3,700,80.500000,0.000000,1,0,72128647,623,6,623,6,0,20,10
3,700,80.500000,0.000000,1,0,72128650,623,6,623,6,0,20,10
3,700,80.500000,0.000000,1,0,72128653,623,6,623,6,0,20,10
3,700,80.500000,0.000000,1,0,72128656,623,6,623,6,0,20,10
3,700,80.500000,0.000000,1,0,72128658,623,6,623,6,0,20,10
3,700,80.500000,0.000000,1,0,72128661,623,6,623,6,0,20,10
3,700,80.500000,0.000000,1,0,72128664,623,6,623,6,0,20,10
3,700,80.500000,0.000000,1,0,72128667,623,6,623,6,0,20,10
3,700,80.500000,0.000000,1,0,72128670,623,6,623,6,0,20,10
3,700,80.500000,0.000000,1,0,72128672,623,6,623,6,0,20,10
3,700,80.500000,0.000000,1,0,72128675,623,6,623,6,0,20,10
3,700,80.500000,0.000000,1,0,72128678,623,6,623,6,0,20,10
3,700,80.500000,0.000000,1,0,72128681,623,6,623,6,0,20,10
3,700,80.500000,0.000000,1,0,72128683,623,6,623,6,0,20,10
3,700,80.500000,0.000000,1,0,72128686,623,6,623,6,0,20,10
3,700,80.500000,0.000000,1,0,72128689,623,6,623,6,0,20,10
3,700,80.500000,0.000000,1,0,72128692,623,6,623,6,0,20,10
3,700,80.500000,0.000000,1,0,72128695,623,6,623,6,0,20,10
3,700,80.500000,0.000000,1,0,72128698,623,6,623,6,0,20,10
3,700,80.500000,0.000000,1,0,72128700,624,6,624,6,0,20,10
3,700,80.500000,0.000000,1,0,72128703,624,6,624,6,0,20,10
3,700,80.500000,0.000000,1,0,72128706,625,6,625,6,0,20,10
3,700,80.500000,0.000000,1,0,72128709,627,6,627,6,0,20,10
3,700,80.500000,0.000000,1,0,72128712,628,6,628,6,0,20,10
3,700,80.500000,0.000000,1,0,72128714,629,6,629,6,0,20,10
3,700,80.500000,0.000000,1,0,72128717,630,6,630,6,0,20,10
3,700,80.500000,0.000000,1,0,72128720,632,6,632,6,0,20,10
3,700,80.500000,0.000000,1,0,72128723,635,6,635,6,0,20,10
3,700,80.500000,0.000000,1,0,72128725,636,6,636,6,0,20,10
3,700,80.500000,0.000000,1,0,72128728,639,6,639,6,0,20,10
3,700,80.500000,0.000000,1,0,72128731,642,6,642,6,0,20,10
3,700,80.500000,0.000000,1,0,72128734,646,6,646,6,0,20,10
3,700,80.500000,0.000000,1,0,72128737,650,6,650,6,0,20,10
3,700,80.500000,0.000000,1,0,72128739,655,7,655,7,0,20,10
3,700,80.500000,0.000000,1,0,72128742,659,7,659,7,0,20,10
3,700,80.500000,0.000000,1,0,72128745,664,7,664,7,0,20,10
3,700,80.500000,0.000000,1,0,72128748,668,7,668,7,0,20,10
3,700,80.500000,0.000000,1,0,72128751,672,7,672,7,0,20,10
3,700,80.500000,0.000000,1,0,72128753,678,7,678,7,0,20,10
3,700,80.500000,0.000000,1,0,72128756,683,6,683,6,0,20,10
3,700,80.500000,0.000000,1,0,72128759,687,6,687,6,0,20,10
3,700,80.500000,0.000000,1,0,72128762,692,6,692,6,0,20,10
3,700,80.500000,0.000000,1,0,72128764,702,6,702,6,0,20,10
3,700,80.500000,0.000000,1,0,72128767,706,6,706,6,0,20,10
3,700,80.500000,0.000000,1,0,72128770,709,6,709,6,0,20,10
3,700,80.500000,0.000000,1,0,72128773,716,6,716,6,0,20,10
3,700,80.500000,0.000000,1,0,72128775,719,6,719,6,0,20,10
3,700,80.500000,0.000000,1,0,72128778,723,5,723,5,0,20,10
3,700,80.500000,0.000000,1,0,72128781,727,5,727,5,0,20,10
3,700,80.500000,0.000000,1,0,72128784,732,3,732,3,0,20,10
3,700,80.500000,0.000000,1,0,72128787,735,3,735,3,0,20,10
3,700,80.500000,0.000000,1,0,72128789,739,3,739,3,0,20,10
3,700,80.500000,0.000000,1,0,72128792,743,3,743,3,0,20,10
3,700,80.500000,0.000000,1,0,72128795,747,3,747,3,0,20,10
3,700,80.500000,0.000000,1,0,72128798,749,3,749,3,0,20,10
3,700,80.500000,0.000000,1,0,72128800,753,3,753,3,0,20,10
3,700,80.500000,0.000000,1,0,72128803,758,3,758,3,0,20,10
3,700,80.500000,0.000000,1,0,72128806,763,3,763,3,0,20,10
3,700,80.500000,0.000000,1,0,72128809,768,2,768,2,0,20,10
3,700,80.500000,0.000000,1,0,72128812,772,0,772,0,0,20,10
3,700,80.500000,0.000000,1,0,72128814,776,0,776,0,0,20,10
3,700,80.500000,0.000000,1,0,72128817,781,0,781,0,0,20,10
3,700,80.500000,0.000000,1,0,72128820,785,0,785,0,0,20,10
3,700,80.500000,0.000000,1,0,72128823,790,0,790,0,0,20,10
3,700,80.500000,0.000000,1,0,72128825,793,0,793,0,0,20,10
3,700,80.500000,0.000000,1,0,72128828,798,0,798,0,0,20,10
3,700,80.500000,0.000000,1,0,72128831,802,0,802,0,0,20,10
3,700,80.500000,0.000000,1,0,72128834,809,1,809,1,0,20,10
3,700,80.500000,0.000000,1,0,72128837,814,1,814,1,0,20,10
3,700,80.500000,0.000000,1,0,72128839,819,1,819,1,0,20,10
3,700,80.500000,0.000000,1,0,72128842,824,1,824,1,0,20,10
3,700,80.500000,0.000000,1,0,72128845,828,1,828,1,0,20,10
3,700,80.500000,0.000000,1,0,72128848,832,1,832,1,0,20,10
3,700,80.500000,0.000000,1,0,72128850,836,1,836,1,0,20,10
3,700,80.500000,0.000000,1,0,72128853,840,1,840,1,0,20,10
3,700,80.500000,0.000000,1,0,72128856,844,1,844,1,0,20,10
3,700,80.500000,0.000000,1,0,72128859,847,1,847,1,0,20,10
3,700,80.500000,0.000000,1,0,72128862,851,1,851,1,0,20,10
3,700,80.500000,0.000000,1,0,72128864,855,1,855,1,0,20,10
3,700,80.500000,0.000000,1,0,72128867,860,2,860,2,0,20,10
3,700,80.500000,0.000000,1,0,72128870,864,2,864,2,0,20,10
3,700,80.500000,0.000000,1,0,72128873,872,2,872,2,0,20,10
3,700,80.500000,0.000000,1,0,72128876,875,3,875,3,0,20,10
3,700,80.500000,0.000000,1,0,72128878,880,3,880,3,0,20,10
3,700,80.500000,0.000000,1,0,72128881,887,3,887,3,0,20,10
3,700,80.500000,0.000000,1,0,72128884,892,3,892,3,0,20,10
3,700,80.500000,0.000000,1,0,72128887,898,3,898,3,0,20,10
3,700,80.500000,0.000000,1,0,72128890,902,4,902,4,0,20,10
3,700,80.500000,0.000000,1,0,72128892,907,5,907,5,0,20,10
3,700,80.500000,0.000000,1,0,72128895,913,5,913,5,0,20,10
3,700,80.500000,0.000000,1,0,72128898,918,6,918,6,0,20,10
3,700,80.500000,0.000000,1,0,72128901,925,6,925,6,0,20,10
3,700,80.500000,0.000000,1,0,72128903,930,6,930,6,0,20,10
3,700,80.500000,0.000000,1,0,72128906,935,6,935,6,0,20,10
3,700,80.500000,0.000000,1,0,72128909,943,6,943,6,0,20,10
3,700,80.500000,0.000000,1,0,72128912,949,7,949,7,0,20,10
3,700,80.500000,0.000000,1,0,72128914,954,7,954,7,0,20,10
3,700,80.500000,0.000000,1,0,72128917,961,8,961,8,0,20,10
3,700,80.500000,0.000000,1,0,72128920,966,9,966,9,0,20,10
3,700,80.500000,0.000000,1,0,72128923,971,10,971,10,0,20,10
3,700,80.500000,0.000000,1,0,72128926,975,10,975,10,0,20,10
3,700,80.500000,0.000000,1,0,72128929,986,10,986,10,0,20,10
3,700,80.500000,0.000000,1,0,72128931,994,10,994,10,0,20,10
3,700,80.500000,0.000000,1,0,72128934,998,10,998,10,0,20,10
3,700,80.500000,0.000000,1,0,72128937,1004,10,1004,10,0,20,10
3,700,80.500000,0.000000,1,0,72128940,1009,11,1009,11,0,20,10
3,700,80.500000,0.000000,1,0,72128942,1012,12,1012,12,0,20,10
3,700,80.500000,0.000000,1,0,72128945,1017,14,1017,14,0,20,10
3,700,80.500000,0.000000,1,0,72128948,1022,15,1022,15,0,20,10
3,700,80.500000,0.000000,1,0,72128951,1028,15,1028,15,0,20,10
3,700,80.500000,0.000000,1,0,72128953,1031,16,1031,16,0,20,10
3,700,80.500000,0.000000,1,0,72128956,1035,16,1035,16,0,20,10
3,700,80.500000,0.000000,1,0,72128959,1039,16,1039,16,0,20,10
3,700,80.500000,0.000000,1,0,72128962,1043,16,1043,16,0,20,10
3,700,80.500000,0.000000,1,0,72128964,1046,16,1046,16,0,20,10
3,700,80.500000,0.000000,1,0,72128967,1048,16,1048,16,0,20,10
3,700,80.500000,0.000000,1,0,72128970,1055,18,1055,18,0,20,10
3,700,80.500000,0.000000,1,0,72128973,1057,18,1057,18,0,20,10
3,700,80.500000,0.000000,1,0,72128976,1061,18,1061,18,0,20,10
3,700,80.500000,0.000000,1,0,72128978,1064,18,1064,18,0,20,10
3,700,80.500000,0.000000,1,0,72128981,1068,19,1068,19,0,20,10
3,700,80.500000,0.000000,1,0,72128984,1074,19,1074,19,0,20,10
3,700,80.500000,0.000000,1,0,72128987,1077,19,1077,19,0,20,10
3,700,80.500000,0.000000,1,0,72128990,1082,20,1082,20,0,20,10
3,700,80.500000,0.000000,1,0,72128992,1086,20,1086,20,0,20,10
3,700,80.500000,0.000000,1,0,72128995,1087,21,1087,21,0,20,10
3,700,80.500000,0.000000,1,0,72128998,1090,21,1090,21,0,20,10
3,700,80.500000,0.000000,1,0,72129001,1092,22,1092,22,0,20,10
3,700,80.500000,0.000000,1,0,72129003,1095,22,1095,22,0,20,10
3,700,80.500000,0.000000,1,0,72129006,1098,22,1098,22,0,20,10
3,700,80.500000,0.000000,1,0,72129009,1101,22,1101,22,0,20,10
3,700,80.500000,0.000000,1,0,72129012,1103,22,1103,22,0,20,10
3,700,80.500000,0.000000,1,0,72129014,1106,23,1106,23,0,20,10
3,700,80.500000,0.000000,1,0,72129017,1108,23,1108,23,0,20,10
3,700,80.500000,0.000000,1,0,72129020,1112,24,1112,24,0,20,10
3,700,80.500000,0.000000,1,0,72129023,1121,25,1121,25,0,20,10
3,700,80.500000,0.000000,1,0,72129026,1124,25,1124,25,0,20,10
3,700,80.500000,0.000000,1,0,72129028,1126,25,1126,25,0,20,10
3,700,80.500000,0.000000,1,0,72129031,1128,26,1128,26,0,20,10
3,700,80.500000,0.000000,1,0,72129034,1131,26,1131,26,0,20,10
3,700,80.500000,0.000000,1,0,72129037,1133,26,1133,26,0,20,10
3,700,80.500000,0.000000,1,0,72129039,1136,26,1136,26,0,20,10
3,700,80.500000,0.000000,1,0,72129042,1138,27,1138,27,0,20,10
3,700,80.500000,0.000000,1,0,72129045,1140,27,1140,27,0,20,10
3,700,80.500000,0.000000,1,0,72129048,1144,27,1144,27,0,20,10
3,700,80.500000,0.000000,1,0,72129051,1146,27,1146,27,0,20,10
3,700,80.500000,0.000000,1,0,72129053,1147,27,1147,27,0,20,10
3,700,80.500000,0.000000,1,0,72129056,1149,27,1149,27,0,20,10
3,700,80.500000,0.000000,1,0,72129059,1150,27,1150,27,0,20,10
3,700,80.500000,0.000000,1,0,72129062,1153,27,1153,27,0,20,10
3,700,80.500000,0.000000,1,0,72129064,1154,27,1154,27,0,20,10
3,700,80.500000,0.000000,1,0,72129067,1155,27,1155,27,0,20,10
3,700,80.500000,0.000000,1,0,72129070,1157,27,1157,27,0,20,10
3,700,80.500000,0.000000,1,0,72129073,1160,27,1160,27,0,20,10
3,700,80.500000,0.000000,1,0,72129076,1163,27,1163,27,0,20,10
3,700,80.500000,0.000000,1,0,72129078,1164,27,1164,27,0,20,10
3,700,80.500000,0.000000,1,0,72129081,1165,27,1165,27,0,20,10
3,700,80.500000,0.000000,1,0,72129084,1166,28,1166,28,0,20,10
3,700,80.500000,0.000000,1,0,72129087,1168,28,1168,28,0,20,10
3,700,80.500000,0.000000,1,0,72129090,1169,28,1169,28,0,20,10
3,700,80.500000,0.000000,1,0,72129092,1171,28,1171,28,0,20,10
3,700,80.500000,0.000000,1,0,72129095,1173,28,1173,28,0,20,10
3,700,80.500000,0.000000,1,0,72129098,1174,28,1174,28,0,20,10
3,700,80.500000,0.000000,1,0,72129101,1175,28,1175,28,0,20,10
3,700,80.500000,0.000000,1,0,72129103,1176,28,1176,28,0,20,10
3,700,80.500000,0.000000,1,0,72129106,1178,28,1178,28,0,20,10
3,700,80.500000,0.000000,1,0,72129109,1179,28,1179,28,0,20,10
3,700,80.500000,0.000000,1,0,72129112,1180,28,1180,28,0,20,10
3,700,80.500000,0.000000,1,0,72129114,1181,28,1181,28,0,20,10
3,700,80.500000,0.000000,1,0,72129117,1182,28,1182,28,0,20,10
3,700,80.500000,0.000000,1,0,72129120,1183,28,1183,28,0,20,10
3,700,80.500000,0.000000,1,0,72129123,1184,28,1184,28,0,20,10
3,700,80.500000,0.000000,1,0,72129126,1185,28,1185,28,0,20,10
3,700,80.500000,0.000000,1,0,72129128,1186,28,1186,28,0,20,10
3,700,80.500000,0.000000,1,0,72129131,1187,28,1187,28,0,20,10
3,700,80.500000,0.000000,1,0,72129134,1188,28,1188,28,0,20,10
3,700,80.500000,0.000000,1,0,72129137,1191,28,1191,28,0,20,10
3,700,80.500000,0.000000,1,0,72129140,1193,28,1193,28,0,20,10
3,700,80.500000,0.000000,1,0,72129142,1195,28,1195,28,0,20,10
3,700,80.500000,0.000000,1,0,72129145,1196,28,1196,28,0,20,10
3,700,80.500000,0.000000,1,0,72129148,1198,28,1198,28,0,20,10
3,700,80.500000,0.000000,1,0,72129151,1200,27,1200,27,0,20,10
3,700,80.500000,0.000000,1,0,72129154,1202,27,1202,27,0,20,10
3,700,80.500000,0.000000,1,0,72129157,1205,27,1205,27,0,20,10
3,700,80.500000,0.000000,1,0,72129160,1206,26,1206,26,0,20,10
3,700,80.500000,0.000000,1,0,72129163,1210,26,1210,26,0,20,10
3,700,80.500000,0.000000,1,0,72129166,1211,26,1211,26,0,20,10
3,700,80.500000,0.000000,1,0,72129169,1216,26,1216,26,0,20,10
3,700,80.500000,0.000000,1,0,72129171,1218,25,1218,25,0,20,10
3,700,80.500000,0.000000,1,0,72129174,1220,24,1220,24,0,20,10
3,700,80.500000,0.000000,1,0,72129177,1223,23,1223,23,0,20,10
3,700,80.500000,0.000000,1,0,72129179,1225,23,1225,23,0,20,10
3,700,80.500000,0.000000,1,0,72129182,1227,23,1227,23,0,20,10
3,700,80.500000,0.000000,1,0,72129185,1230,23,1230,23,0,20,10
3,700,80.500000,0.000000,1,0,72129188,1232,22,1232,22,0,20,10
3,700,80.500000,0.000000,1,0,72129190,1234,21,1234,21,0,20,10
3,700,80.500000,0.000000,1,0,72129193,1236,21,1236,21,0,20,10
3,700,80.500000,0.000000,1,0,72129196,1238,20,1238,20,0,20,10
3,700,80.500000,0.000000,1,0,72129199,1239,20,1239,20,0,20,10
3,700,80.500000,0.000000,1,0,72129201,1241,19,1241,19,0,20,10
3,700,80.500000,0.000000,1,0,72129204,1243,19,1243,19,0,20,10
3,700,80.500000,0.000000,1,0,72129207,1244,19,1244,19,0,20,10
3,700,80.500000,0.000000,1,0,72129210,1245,18,1245,18,0,20,10
3,700,80.500000,0.000000,1,0,72129212,1248,17,1248,17,0,20,10
3,700,80.500000,0.000000,1,0,72129215,1250,16,1250,16,0,20,10
3,700,80.500000,0.000000,1,0,72129218,1250,16,1250,16,0,20,10
3,700,80.500000,0.000000,1,0,72129221,1251,16,1251,16,0,20,10
3,700,80.500000,0.000000,1,0,72129223,1252,16,1252,16,0,20,10
3,700,80.500000,0.000000,1,0,72129226,1255,16,1255,16,0,20,10
3,700,80.500000,0.000000,1,0,72129229,1256,16,1256,16,0,20,10
3,700,80.500000,0.000000,1,0,72129232,1257,16,1257,16,0,20,10
3,700,80.500000,0.000000,1,0,72129234,1257,15,1257,15,0,20,10
3,700,80.500000,0.000000,1,0,72129237,1258,15,1258,15,0,20,10
3,700,80.500000,0.000000,1,0,72129240,1259,15,1259,15,0,20,10
3,700,80.500000,0.000000,1,0,72129242,1260,15,1260,15,0,20,10
3,700,80.500000,0.000000,1,0,72129245,1261,15,1261,15,0,20,10
3,700,80.500000,0.000000,1,0,72129248,1261,14,1261,14,0,20,10
3,700,80.500000,0.000000,1,0,72129251,1262,14,1262,14,0,20,10
3,700,80.500000,0.000000,1,0,72129254,1263,13,1263,13,0,20,10
3,700,80.500000,0.000000,1,0,72129256,1264,12,1264,12,0,20,10
3,700,80.500000,0.000000,1,0,72129259,1264,12,1264,12,0,20,10
3,700,80.500000,0.000000,1,0,72129262,1267,10,1267,10,0,20,10
3,700,80.500000,0.000000,1,0,72129265,1271,8,1271,8,0,20,10
3,700,80.500000,0.000000,1,0,72129267,1272,8,1272,8,0,20,10
3,700,80.500000,0.000000,1,0,72129270,1273,7,1273,7,0,20,10
3,700,80.500000,0.000000,1,0,72129273,1275,6,1275,6,0,20,10
3,700,80.500000,0.000000,1,0,72129276,1277,5,1277,5,0,20,10
3,700,80.500000,0.000000,1,0,72129279,1278,5,1278,5,0,20,10
3,700,80.500000,0.000000,1,0,72129281,1279,4,1279,4,0,20,10
3,700,80.500000,0.000000,1,0,72129284,1280,3,1280,3,0,20,10
3,700,80.500000,0.000000,1,0,72129287,1282,2,1282,2,0,20,10
3,700,80.500000,0.000000,1,0,72129290,1283,2,1283,2,0,20,10
3,700,80.500000,0.000000,1,0,72129292,1283,1,1283,1,0,20,10
3,700,80.500000,0.000000,1,0,72129295,1285,1,1285,1,0,20,10
3,700,80.500000,0.000000,1,0,72129298,1286,1,1286,1,0,20,10
3,700,80.500000,0.000000,1,0,72129301,1288,0,1288,0,0,20,10
3,700,80.500000,0.000000,1,0,72129304,1288,0,1288,-1,0,20,10
3,700,80.500000,0.000000,1,0,72129306,1289,0,1289,-1,0,20,10
3,700,80.500000,0.000000,1,0,72129309,1290,0,1290,-1,0,20,10
3,700,80.500000,0.000000,1,0,72129312,1291,0,1291,-2,0,20,10
3,700,80.500000,0.000000,1,0,72129315,1293,0,1293,-2,0,20,10
3,700,80.500000,0.000000,1,0,72129317,1293,0,1293,-3,0,20,10
3,700,80.500000,0.000000,1,0,72129320,1294,0,1294,-3,0,20,10
3,700,80.500000,0.000000,1,0,72129323,1295,0,1295,-3,0,20,10
3,700,80.500000,0.000000,1,0,72129326,1295,0,1295,-4,0,20,10
3,700,80.500000,0.000000,1,0,72129328,1296,0,1296,-4,0,20,10
3,700,80.500000,0.000000,1,0,72129331,1297,0,1297,-4,0,20,10
3,700,80.500000,0.000000,1,0,72129334,1298,0,1298,-4,0,20,10
3,700,80.500000,0.000000,1,0,72129337,1299,0,1299,-4,0,20,10
3,700,80.500000,0.000000,1,0,72129340,1300,0,1300,-4,0,20,10
3,700,80.500000,0.000000,1,0,72129342,1300,0,1300,-5,0,20,10
3,700,80.500000,0.000000,1,0,72129345,1300,0,1300,-6,0,20,10
3,700,80.500000,0.000000,1,0,72129348,1300,0,1300,-6,0,20,10
3,700,80.500000,0.000000,1,0,72129351,1300,0,1300,-6,0,20,10
3,700,80.500000,0.000000,1,0,72129354,1300,0,1300,-6,0,20,10
3,700,80.500000,0.000000,1,0,72129356,1301,0,1301,-6,0,20,10
3,700,80.500000,0.000000,1,0,72129359,1301,0,1301,-6,0,20,10
3,700,80.500000,0.000000,1,0,72129362,1301,0,1301,-6,0,20,10
3,700,80.500000,0.000000,1,0,72129365,1301,0,1301,-6,0,20,10
3,700,80.500000,0.000000,1,0,72129367,1301,0,1301,-6,0,20,10
3,700,80.500000,0.000000,1,0,72129370,1301,0,1301,-6,0,20,10
3,700,80.500000,0.000000,1,0,72129373,1301,0,1301,-6,0,20,10
3,700,80.500000,0.000000,1,0,72129376,1301,0,1301,-6,0,20,10
3,700,80.500000,0.000000,1,0,72129379,1301,0,1301,-6,0,20,10
3,700,80.500000,0.000000,1,0,72129381,1301,0,1301,-6,0,20,10
3,700,80.500000,0.000000,1,0,72129384,1301,0,1301,-6,0,20,10
3,700,80.500000,0.000000,1,0,72129387,1301,0,1301,-6,0,20,10
3,700,80.500000,0.000000,1,0,72129390,1301,0,1301,-6,0,20,10
3,700,80.500000,0.000000,1,0,72129392,1301,0,1301,-6,0,20,10
3,700,80.500000,0.000000,1,0,72129395,1301,0,1301,-6,0,20,10
3,700,80.500000,0.000000,1,0,72129408,1301,0,1301,-6,0,20,10
