3,350,80.500000,42.000000,1,0,72389382,800,0,800,0,0,35,4
3,350,80.500000,42.000000,1,0,72389383,800,0,800,0,0,35,4
3,350,80.500000,42.000000,1,0,72389385,800,0,800,0,0,35,4
3,350,80.500000,42.000000,1,0,72389388,800,0,800,0,0,35,4
3,350,80.500000,42.000000,1,0,72389391,800,0,800,0,0,35,4
3,350,80.500000,42.000000,1,0,72389394,800,0,800,0,0,35,4
3,350,80.500000,42.000000,1,0,72389396,800,0,800,0,0,35,4
3,350,80.500000,42.000000,1,0,72389399,800,0,800,0,0,35,4
3,350,80.500000,42.000000,1,0,72389402,800,0,800,0,0,35,4
3,350,80.500000,42.000000,1,0,72389405,800,0,800,0,0,35,4
3,350,80.500000,42.000000,1,0,72389407,800,0,800,0,0,35,4
3,350,80.500000,42.000000,1,0,72389410,800,0,800,0,0,35,4
3,350,80.500000,42.000000,1,0,72389413,800,0,800,0,0,35,4
3,350,80.500000,42.000000,1,0,72389416,800,0,800,0,0,35,4
3,350,80.500000,42.000000,1,0,72389418,800,0,800,0,0,35,4
3,350,80.500000,42.000000,1,0,72389421,800,0,800,0,0,35,4
3,350,80.500000,42.000000,1,0,72389424,800,0,800,0,0,35,4
3,350,80.500000,42.000000,1,0,72389427,800,0,800,0,0,35,4
3,350,80.500000,42.000000,1,0,72389430,800,0,800,0,0,35,4
3,350,80.500000,42.000000,1,0,72389432,800,0,800,0,0,35,4
3,350,80.500000,42.000000,1,0,72389435,800,0,800,0,0,35,4
3,350,80.500000,42.000000,1,0,72389438,800,0,800,0,0,35,4
3,350,80.500000,42.000000,1,0,72389441,800,0,800,0,0,35,4
3,350,80.500000,42.000000,1,0,72389443,800,0,800,0,0,35,4
3,350,80.500000,42.000000,1,0,72389446,800,0,800,0,0,35,4
3,350,80.500000,42.000000,1,0,72389449,800,0,800,0,0,35,4
3,350,80.500000,42.000000,1,0,72389452,800,0,800,0,0,35,4
3,350,80.500000,42.000000,1,0,72389455,800,0,800,0,0,35,4
3,350,80.500000,42.000000,1,0,72389457,800,1,800,1,0,35,4
3,350,80.500000,42.000000,1,0,72389460,800,2,800,2,0,35,4
3,350,80.500000,42.000000,1,0,72389463,801,2,801,2,0,35,4
3,350,80.500000,42.000000,1,0,72389466,801,3,801,3,0,35,4
3,350,80.500000,42.000000,1,0,72389468,803,4,803,4,0,35,4
3,350,80.500000,42.000000,1,0,72389471,806,4,806,4,0,35,4
3,350,80.500000,42.000000,1,0,72389474,808,4,808,4,0,35,4
3,350,80.500000,42.000000,1,0,72389477,809,5,809,5,0,35,4
3,350,80.500000,42.000000,1,0,72389480,813,6,813,6,0,35,4
3,350,80.500000,42.000000,1,0,72389482,815,7,815,7,0,35,4
3,350,80.500000,42.000000,1,0,72389485,819,10,819,10,0,35,4
3,350,80.500000,42.000000,1,0,72389488,821,12,821,12,0,35,4
3,350,80.500000,42.000000,1,0,72389491,826,12,826,12,0,35,4
3,350,80.500000,42.000000,1,0,72389493,828,15,828,15,0,35,4
3,350,80.500000,42.000000,1,0,72389496,831,16,831,16,0,35,4
3,350,80.500000,42.000000,1,0,72389499,836,19,836,19,0,35,4
3,350,80.500000,42.000000,1,0,72389502,839,20,839,20,0,35,4
3,350,80.500000,42.000000,1,0,72389505,846,24,846,24,0,35,4
3,350,80.500000,42.000000,1,0,72389507,852,26,852,26,0,35,4
3,350,80.500000,42.000000,1,0,72389510,856,27,856,27,0,35,4
3,350,80.500000,42.000000,1,0,72389513,861,31,861,31,0,35,4
3,350,80.500000,42.000000,1,0,72389516,864,32,864,32,0,35,4
3,350,80.500000,42.000000,1,0,72389518,868,35,868,35,0,35,4
3,350,80.500000,42.000000,1,0,72389521,874,36,874,36,0,35,4
3,350,80.500000,42.000000,1,0,72389524,880,38,880,38,0,35,4
3,350,80.500000,42.000000,1,0,72389527,884,40,884,40,0,35,4
3,350,80.500000,42.000000,1,0,72389530,889,43,889,43,0,35,4
3,350,80.500000,42.000000,1,0,72389533,894,46,894,46,0,35,4
3,350,80.500000,42.000000,1,0,72389535,900,47,900,47,0,35,4
3,350,80.500000,42.000000,1,0,72389538,903,49,903,49,0,35,4
3,350,80.500000,42.000000,1,0,72389541,909,51,909,51,0,35,4
3,350,80.500000,42.000000,1,0,72389544,914,52,914,52,0,35,4
3,350,80.500000,42.000000,1,0,72389546,918,52,918,52,0,35,4
3,350,80.500000,42.000000,1,0,72389550,921,54,921,54,0,35,4
3,350,80.500000,42.000000,1,0,72389552,924,57,924,57,0,35,4
3,350,80.500000,42.000000,1,0,72389555,930,58,930,58,0,35,4
3,350,80.500000,42.000000,1,0,72389558,933,59,933,59,0,35,4
3,350,80.500000,42.000000,1,0,72389561,936,60,936,60,0,35,4
3,350,80.500000,42.000000,1,0,72389563,939,60,939,60,0,35,4
3,350,80.500000,42.000000,1,0,72389566,942,60,942,60,0,35,4
3,350,80.500000,42.000000,1,0,72389569,945,61,945,61,0,35,4
3,350,80.500000,42.000000,1,0,72389572,948,61,948,61,0,35,4
3,350,80.500000,42.000000,1,0,72389574,950,63,950,63,0,35,4
3,350,80.500000,42.000000,1,0,72389577,953,63,953,63,0,35,4
3,350,80.500000,42.000000,1,0,72389580,956,63,956,63,0,35,4
3,350,80.500000,42.000000,1,0,72389583,959,63,959,63,0,35,4
3,350,80.500000,42.000000,1,0,72389586,960,63,960,63,0,35,4
3,350,80.500000,42.000000,1,0,72389588,963,63,963,63,0,35,4
3,350,80.500000,42.000000,1,0,72389591,965,63,965,63,0,35,4
3,350,80.500000,42.000000,1,0,72389594,968,63,968,63,0,35,4
3,350,80.500000,42.000000,1,0,72389597,969,63,969,63,0,35,4
3,350,80.500000,42.000000,1,0,72389600,970,63,970,63,0,35,4
3,350,80.500000,42.000000,1,0,72389602,973,63,973,63,0,35,4
3,350,80.500000,42.000000,1,0,72389605,975,63,975,63,0,35,4
3,350,80.500000,42.000000,1,0,72389608,977,63,977,63,0,35,4
3,350,80.500000,42.000000,1,0,72389610,979,63,979,63,0,35,4
3,350,80.500000,42.000000,1,0,72389613,981,63,981,63,0,35,4
3,350,80.500000,42.000000,1,0,72389616,985,64,985,64,0,35,4
3,350,80.500000,42.000000,1,0,72389619,986,64,986,64,0,35,4
3,350,80.500000,42.000000,1,0,72389621,988,64,988,64,0,35,4
3,350,80.500000,42.000000,1,0,72389624,990,64,990,64,0,35,4
3,350,80.500000,42.000000,1,0,72389627,993,64,993,64,0,35,4
3,350,80.500000,42.000000,1,0,72389630,994,64,994,64,0,35,4
3,350,80.500000,42.000000,1,0,72389633,996,64,996,64,0,35,4
3,350,80.500000,42.000000,1,0,72389635,998,64,998,64,0,35,4
3,350,80.500000,42.000000,1,0,72389638,999,64,999,64,0,35,4
3,350,80.500000,42.000000,1,0,72389641,1000,64,1000,64,0,35,4
3,350,80.500000,42.000000,1,0,72389644,1002,64,1002,64,0,35,4
3,350,80.500000,42.000000,1,0,72389646,1003,63,1003,63,0,35,4
3,350,80.500000,42.000000,1,0,72389649,1004,63,1004,63,0,35,4
3,350,80.500000,42.000000,1,0,72389652,1006,63,1006,63,0,35,4
3,350,80.500000,42.000000,1,0,72389655,1009,62,1009,62,0,35,4
3,350,80.500000,42.000000,1,0,72389657,1012,61,1012,61,0,35,4
3,350,80.500000,42.000000,1,0,72389660,1014,60,1014,60,0,35,4
3,350,80.500000,42.000000,1,0,72389663,1015,60,1015,60,0,35,4
3,350,80.500000,42.000000,1,0,72389666,1016,59,1016,59,0,35,4
3,350,80.500000,42.000000,1,0,72389669,1018,58,1018,58,0,35,4
3,350,80.500000,42.000000,1,0,72389671,1020,58,1020,58,0,35,4
3,350,80.500000,42.000000,1,0,72389674,1021,58,1021,58,0,35,4
3,350,80.500000,42.000000,1,0,72389677,1021,57,1021,57,0,35,4
3,350,80.500000,42.000000,1,0,72389680,1024,56,1024,56,0,35,4
3,350,80.500000,42.000000,1,0,72389682,1026,55,1026,55,0,35,4
3,350,80.500000,42.000000,1,0,72389685,1027,55,1027,55,0,35,4
3,350,80.500000,42.000000,1,0,72389688,1029,54,1029,54,0,35,4
3,350,80.500000,42.000000,1,0,72389691,1031,53,1031,53,0,35,4
3,350,80.500000,42.000000,1,0,72389694,1032,52,1032,52,0,35,4
3,350,80.500000,42.000000,1,0,72389697,1033,52,1033,52,0,35,4
3,350,80.500000,42.000000,1,0,72389699,1034,50,1034,50,0,35,4
3,350,80.500000,42.000000,1,0,72389702,1036,49,1036,49,0,35,4
3,350,80.500000,42.000000,1,0,72389705,1037,48,1037,48,0,35,4
3,350,80.500000,42.000000,1,0,72389708,1038,48,1038,48,0,35,4
3,350,80.500000,42.000000,1,0,72389710,1039,48,1039,48,0,35,4
3,350,80.500000,42.000000,1,0,72389713,1040,46,1040,46,0,35,4
3,350,80.500000,42.000000,1,0,72389716,1042,44,1042,44,0,35,4
3,350,80.500000,42.000000,1,0,72389719,1043,43,1043,43,0,35,4
3,350,80.500000,42.000000,1,0,72389722,1045,42,1045,42,0,35,4
3,350,80.500000,42.000000,1,0,72389724,1048,40,1048,40,0,35,4
3,350,80.500000,42.000000,1,0,72389727,1051,39,1051,39,0,35,4
3,350,80.500000,42.000000,1,0,72389730,1051,37,1051,37,0,35,4
3,350,80.500000,42.000000,1,0,72389733,1052,37,1052,37,0,35,4
3,350,80.500000,42.000000,1,0,72389735,1054,35,1054,35,0,35,4
3,350,80.500000,42.000000,1,0,72389738,1054,34,1054,34,0,35,4
3,350,80.500000,42.000000,1,0,72389741,1056,32,1056,32,0,35,4
3,350,80.500000,42.000000,1,0,72389744,1058,31,1058,31,0,35,4
3,350,80.500000,42.000000,1,0,72389746,1059,30,1059,30,0,35,4
3,350,80.500000,42.000000,1,0,72389749,1061,28,1061,28,0,35,4
3,350,80.500000,42.000000,1,0,72389752,1062,28,1062,28,0,35,4
3,350,80.500000,42.000000,1,0,72389755,1064,25,1064,25,0,35,4
3,350,80.500000,42.000000,1,0,72389758,1067,25,1067,25,0,35,4
3,350,80.500000,42.000000,1,0,72389760,1070,24,1070,24,0,35,4
3,350,80.500000,42.000000,1,0,72389763,1071,23,1071,23,0,35,4
3,350,80.500000,42.000000,1,0,72389766,1073,22,1073,22,0,35,4
3,350,80.500000,42.000000,1,0,72389769,1073,21,1073,21,0,35,4
3,350,80.500000,42.000000,1,0,72389771,1076,20,1076,20,0,35,4
3,350,80.500000,42.000000,1,0,72389774,1077,20,1077,20,0,35,4
3,350,80.500000,42.000000,1,0,72389777,1079,19,1079,19,0,35,4
3,350,80.500000,42.000000,1,0,72389780,1081,18,1081,18,0,35,4
3,350,80.500000,42.000000,1,0,72389783,1082,17,1082,17,0,35,4
3,350,80.500000,42.000000,1,0,72389785,1083,16,1083,16,0,35,4
3,350,80.500000,42.000000,1,0,72389788,1084,14,1084,14,0,35,4
3,350,80.500000,42.000000,1,0,72389791,1086,13,1086,13,0,35,4
3,350,80.500000,42.000000,1,0,72389794,1088,13,1088,13,0,35,4
3,350,80.500000,42.000000,1,0,72389796,1089,12,1089,12,0,35,4
3,350,80.500000,42.000000,1,0,72389799,1090,12,1090,12,0,35,4
3,350,80.500000,42.000000,1,0,72389802,1091,12,1091,12,0,35,4
3,350,80.500000,42.000000,1,0,72389805,1092,11,1092,11,0,35,4
3,350,80.500000,42.000000,1,0,72389808,1093,10,1093,10,0,35,4
3,350,80.500000,42.000000,1,0,72389810,1094,10,1094,10,0,35,4
3,350,80.500000,42.000000,1,0,72389813,1095,10,1095,10,0,35,4
3,350,80.500000,42.000000,1,0,72389816,1097,9,1097,9,0,35,4
3,350,80.500000,42.000000,1,0,72389819,1099,8,1099,8,0,35,4
3,350,80.500000,42.000000,1,0,72389821,1100,8,1100,8,0,35,4
3,350,80.500000,42.000000,1,0,72389824,1100,7,1100,7,0,35,4
3,350,80.500000,42.000000,1,0,72389827,1101,6,1101,6,0,35,4
3,350,80.500000,42.000000,1,0,72389830,1102,5,1102,5,0,35,4
3,350,80.500000,42.000000,1,0,72389833,1103,5,1103,5,0,35,4
3,350,80.500000,42.000000,1,0,72389835,1104,3,1104,3,0,35,4
3,350,80.500000,42.000000,1,0,72389838,1105,2,1105,2,0,35,4
3,350,80.500000,42.000000,1,0,72389841,1106,2,1106,2,0,35,4
3,350,80.500000,42.000000,1,0,72389844,1107,2,1107,2,0,35,4
3,350,80.500000,42.000000,1,0,72389846,1108,2,1108,2,0,35,4
3,350,80.500000,42.000000,1,0,72389849,1109,0,1109,0,0,35,4
3,350,80.500000,42.000000,1,0,72389852,1110,0,1110,-2,0,35,4
3,350,80.500000,42.000000,1,0,72389855,1111,0,1111,-3,0,35,4
3,350,80.500000,42.000000,1,0,72389858,1112,0,1112,-4,0,35,4
3,350,80.500000,42.000000,1,0,72389860,1113,0,1113,-4,0,35,4
3,350,80.500000,42.000000,1,0,72389863,1114,0,1114,-4,0,35,4
3,350,80.500000,42.000000,1,0,72389866,1115,0,1115,-6,0,35,4
3,350,80.500000,42.000000,1,0,72389869,1115,0,1115,-7,0,35,4
3,350,80.500000,42.000000,1,0,72389871,1115,0,1115,-8,0,35,4
3,350,80.500000,42.000000,1,0,72389874,1116,0,1116,-8,0,35,4
3,350,80.500000,42.000000,1,0,72389877,1116,0,1116,-8,0,35,4
3,350,80.500000,42.000000,1,0,72389880,1116,0,1116,-8,0,35,4
3,350,80.500000,42.000000,1,0,72389883,1117,0,1117,-8,0,35,4
3,350,80.500000,42.000000,1,0,72389885,1118,0,1118,-8,0,35,4
3,350,80.500000,42.000000,1,0,72389888,1118,0,1118,-8,0,35,4
3,350,80.500000,42.000000,1,0,72389891,1118,0,1118,-8,0,35,4
3,350,80.500000,42.000000,1,0,72389894,1118,0,1118,-8,0,35,4
3,350,80.500000,42.000000,1,0,72389897,1118,0,1118,-8,0,35,4
3,350,80.500000,42.000000,1,0,72389899,1118,0,1118,-8,0,35,4
3,350,80.500000,42.000000,1,0,72389902,1118,0,1118,-8,0,35,4
3,350,80.500000,42.000000,1,0,72389905,1118,0,1118,-8,0,35,4
3,350,80.500000,42.000000,1,0,72389908,1118,0,1118,-8,0,35,4
3,350,80.500000,42.000000,1,0,72389911,1118,0,1118,-8,0,35,4
3,350,80.500000,42.000000,1,0,72389914,1118,0,1118,-8,0,35,4
3,350,80.500000,42.000000,1,0,72389918,1118,0,1118,-8,0,35,4
3,350,80.500000,42.000000,1,0,72389921,1118,0,1118,-8,0,35,4
3,350,80.500000,42.000000,1,0,72389932,1118,0,1118,-8,0,35,4
