3,350,80.500000,42.000000,2,0,1579755129,756,0,756,0,0,57,8
3,350,80.500000,42.000000,2,0,1579755129,756,0,756,0,0,57,8
3,350,80.500000,42.000000,2,0,1579755132,756,0,756,0,0,57,8
3,350,80.500000,42.000000,2,0,1579755135,756,0,756,0,0,57,8
3,350,80.500000,42.000000,2,0,1579755138,756,0,756,0,0,57,8
3,350,80.500000,42.000000,2,0,1579755140,756,0,756,0,0,57,8
3,350,80.500000,42.000000,2,0,1579755143,756,0,756,0,0,57,8
3,350,80.500000,42.000000,2,0,1579755146,756,0,756,0,0,57,8
3,350,80.500000,42.000000,2,0,1579755149,756,0,756,0,0,57,8
3,350,80.500000,42.000000,2,0,1579755152,756,0,756,0,0,57,8
3,350,80.500000,42.000000,2,0,1579755155,756,0,756,0,0,57,8
3,350,80.500000,42.000000,2,0,1579755157,756,0,756,0,0,57,8
3,350,80.500000,42.000000,2,0,1579755160,756,0,756,0,0,57,8
3,350,80.500000,42.000000,2,0,1579755163,756,0,756,0,0,57,8
3,350,80.500000,42.000000,2,0,1579755165,756,0,756,0,0,57,8
3,350,80.500000,42.000000,2,0,1579755168,756,0,756,0,0,57,8
3,350,80.500000,42.000000,2,0,1579755171,756,0,756,0,0,57,8
3,350,80.500000,42.000000,2,0,1579755174,756,0,756,0,0,57,8
3,350,80.500000,42.000000,2,0,1579755176,756,0,756,0,0,57,8
3,350,80.500000,42.000000,2,0,1579755179,756,0,756,0,0,57,8
3,350,80.500000,42.000000,2,0,1579755182,756,0,756,0,0,57,8
3,350,80.500000,42.000000,2,0,1579755185,756,0,756,0,0,57,8
3,350,80.500000,42.000000,2,0,1579755188,756,0,756,0,0,57,8
3,350,80.500000,42.000000,2,0,1579755190,756,0,756,0,0,57,8
3,350,80.500000,42.000000,2,0,1579755193,756,0,756,0,0,57,8
3,350,80.500000,42.000000,2,0,1579755196,756,0,756,0,0,57,8
3,350,80.500000,42.000000,2,0,1579755199,756,0,756,0,0,57,8
3,350,80.500000,42.000000,2,0,1579755202,756,0,756,0,0,57,8
3,350,80.500000,42.000000,2,0,1579755204,757,0,757,0,0,57,8
3,350,80.500000,42.000000,2,0,1579755207,757,0,757,0,0,57,8
3,350,80.500000,42.000000,2,0,1579755210,758,0,758,0,0,57,8
3,350,80.500000,42.000000,2,0,1579755213,759,0,759,0,0,57,8
3,350,80.500000,42.000000,2,0,1579755216,760,0,760,0,0,57,8
3,350,80.500000,42.000000,2,0,1579755218,762,0,762,0,0,57,8
3,350,80.500000,42.000000,2,0,1579755221,763,0,763,0,0,57,8
3,350,80.500000,42.000000,2,0,1579755224,764,0,764,0,0,57,8
3,350,80.500000,42.000000,2,0,1579755227,765,0,765,0,0,57,8
3,350,80.500000,42.000000,2,0,1579755230,765,1,765,1,0,57,8
3,350,80.500000,42.000000,2,0,1579755234,767,1,767,1,0,57,8
3,350,80.500000,42.000000,2,0,1579755236,769,2,769,2,0,57,8
3,350,80.500000,42.000000,2,0,1579755239,771,3,771,3,0,57,8
3,350,80.500000,42.000000,2,0,1579755241,773,3,773,3,0,57,8
3,350,80.500000,42.000000,2,0,1579755244,775,5,775,5,0,57,8
3,350,80.500000,42.000000,2,0,1579755247,777,6,777,6,0,57,8
3,350,80.500000,42.000000,2,0,1579755250,779,8,779,8,0,57,8
3,350,80.500000,42.000000,2,0,1579755252,781,9,781,9,0,57,8
3,350,80.500000,42.000000,2,0,1579755255,785,10,785,10,0,57,8
3,350,80.500000,42.000000,2,0,1579755258,787,10,787,10,0,57,8
3,350,80.500000,42.000000,2,0,1579755261,790,11,790,11,0,57,8
3,350,80.500000,42.000000,2,0,1579755263,795,14,795,14,0,57,8
3,350,80.500000,42.000000,2,0,1579755266,796,15,796,15,0,57,8
3,350,80.500000,42.000000,2,0,1579755269,801,16,801,16,0,57,8
3,350,80.500000,42.000000,2,0,1579755271,806,18,806,18,0,57,8
3,350,80.500000,42.000000,2,0,1579755275,808,19,808,19,0,57,8
3,350,80.500000,42.000000,2,0,1579755277,811,20,811,20,0,57,8
3,350,80.500000,42.000000,2,0,1579755280,817,21,817,21,0,57,8
3,350,80.500000,42.000000,2,0,1579755283,819,22,819,22,0,57,8
3,350,80.500000,42.000000,2,0,1579755285,823,23,823,23,0,57,8
3,350,80.500000,42.000000,2,0,1579755288,826,24,826,24,0,57,8
3,350,80.500000,42.000000,2,0,1579755292,830,25,830,25,0,57,8
3,350,80.500000,42.000000,2,0,1579755295,832,27,832,27,0,57,8
3,350,80.500000,42.000000,2,0,1579755297,836,27,836,27,0,57,8
3,350,80.500000,42.000000,2,0,1579755300,840,29,840,29,0,57,8
3,350,80.500000,42.000000,2,0,1579755303,842,29,842,29,0,57,8
3,350,80.500000,42.000000,2,0,1579755306,844,30,844,30,0,57,8
3,350,80.500000,42.000000,2,0,1579755309,849,33,849,33,0,57,8
3,350,80.500000,42.000000,2,0,1579755311,851,33,851,33,0,57,8
3,350,80.500000,42.000000,2,0,1579755314,851,33,851,33,0,57,8
3,350,80.500000,42.000000,2,0,1579755316,855,33,855,33,0,57,8
3,350,80.500000,42.000000,2,0,1579755319,858,35,858,35,0,57,8
3,350,80.500000,42.000000,2,0,1579755322,860,35,860,35,0,57,8
3,350,80.500000,42.000000,2,0,1579755325,863,35,863,35,0,57,8
3,350,80.500000,42.000000,2,0,1579755327,867,36,867,36,0,57,8
3,350,80.500000,42.000000,2,0,1579755330,870,36,870,36,0,57,8
3,350,80.500000,42.000000,2,0,1579755333,873,37,873,37,0,57,8
3,350,80.500000,42.000000,2,0,1579755337,875,37,875,37,0,57,8
3,350,80.500000,42.000000,2,0,1579755340,881,37,881,37,0,57,8
3,350,80.500000,42.000000,2,0,1579755342,883,37,883,37,0,57,8
3,350,80.500000,42.000000,2,0,1579755345,885,37,885,37,0,57,8
3,350,80.500000,42.000000,2,0,1579755348,888,37,888,37,0,57,8
3,350,80.500000,42.000000,2,0,1579755351,891,37,891,37,0,57,8
3,350,80.500000,42.000000,2,0,1579755354,894,37,894,37,0,57,8
3,350,80.500000,42.000000,2,0,1579755356,898,37,898,37,0,57,8
3,350,80.500000,42.000000,2,0,1579755359,902,37,902,37,0,57,8
3,350,80.500000,42.000000,2,0,1579755362,905,38,905,38,0,57,8
3,350,80.500000,42.000000,2,0,1579755365,908,38,908,38,0,57,8
3,350,80.500000,42.000000,2,0,1579755368,912,38,912,38,0,57,8
3,350,80.500000,42.000000,2,0,1579755370,917,37,917,37,0,57,8
3,350,80.500000,42.000000,2,0,1579755373,921,37,921,37,0,57,8
3,350,80.500000,42.000000,2,0,1579755376,924,38,924,38,0,57,8
3,350,80.500000,42.000000,2,0,1579755379,928,39,928,39,0,57,8
3,350,80.500000,42.000000,2,0,1579755381,933,39,933,39,0,57,8
3,350,80.500000,42.000000,2,0,1579755384,936,39,936,39,0,57,8
3,350,80.500000,42.000000,2,0,1579755387,940,39,940,39,0,57,8
3,350,80.500000,42.000000,2,0,1579755389,944,39,944,39,0,57,8
3,350,80.500000,42.000000,2,0,1579755392,948,39,948,39,0,57,8
3,350,80.500000,42.000000,2,0,1579755394,952,39,952,39,0,57,8
3,350,80.500000,42.000000,2,0,1579755397,956,39,956,39,0,57,8
3,350,80.500000,42.000000,2,0,1579755400,959,39,959,39,0,57,8
3,350,80.500000,42.000000,2,0,1579755403,963,39,963,39,0,57,8
3,350,80.500000,42.000000,2,0,1579755406,963,39,963,39,0,57,8
3,350,80.500000,42.000000,2,0,1579755408,967,39,967,39,0,57,8
3,350,80.500000,42.000000,2,0,1579755411,970,39,970,39,0,57,8
3,350,80.500000,42.000000,2,0,1579755414,974,39,974,39,0,57,8
3,350,80.500000,42.000000,2,0,1579755417,979,39,979,39,0,57,8
3,350,80.500000,42.000000,2,0,1579755420,983,39,983,39,0,57,8
3,350,80.500000,42.000000,2,0,1579755422,987,39,987,39,0,57,8
3,350,80.500000,42.000000,2,0,1579755425,991,38,991,38,0,57,8
3,350,80.500000,42.000000,2,0,1579755428,993,38,993,38,0,57,8
3,350,80.500000,42.000000,2,0,1579755431,999,37,999,37,0,57,8
3,350,80.500000,42.000000,2,0,1579755433,1004,37,1004,37,0,57,8
3,350,80.500000,42.000000,2,0,1579755436,1007,36,1007,36,0,57,8
3,350,80.500000,42.000000,2,0,1579755439,1011,36,1011,36,0,57,8
3,350,80.500000,42.000000,2,0,1579755442,1014,36,1014,36,0,57,8
3,350,80.500000,42.000000,2,0,1579755444,1018,36,1018,36,0,57,8
3,350,80.500000,42.000000,2,0,1579755447,1021,35,1021,35,0,57,8
3,350,80.500000,42.000000,2,0,1579755450,1025,35,1025,35,0,57,8
3,350,80.500000,42.000000,2,0,1579755453,1027,34,1027,34,0,57,8
3,350,80.500000,42.000000,2,0,1579755455,1030,32,1030,32,0,57,8
3,350,80.500000,42.000000,2,0,1579755458,1032,31,1032,31,0,57,8
3,350,80.500000,42.000000,2,0,1579755461,1035,30,1035,30,0,57,8
3,350,80.500000,42.000000,2,0,1579755463,1037,29,1037,29,0,57,8
3,350,80.500000,42.000000,2,0,1579755466,1039,29,1039,29,0,57,8
3,350,80.500000,42.000000,2,0,1579755469,1040,26,1040,26,0,57,8
3,350,80.500000,42.000000,2,0,1579755472,1042,26,1042,26,0,57,8
3,350,80.500000,42.000000,2,0,1579755475,1044,25,1044,25,0,57,8
3,350,80.500000,42.000000,2,0,1579755477,1046,24,1046,24,0,57,8
3,350,80.500000,42.000000,2,0,1579755480,1047,24,1047,24,0,57,8
3,350,80.500000,42.000000,2,0,1579755483,1048,23,1048,23,0,57,8
3,350,80.500000,42.000000,2,0,1579755486,1051,22.600000,1051,21,0,57,8
3,350,80.500000,42.000000,2,0,1579755489,1052,22.600000,1052,20,0,57,8
3,350,80.500000,42.000000,2,0,1579755491,1053,22.600000,1053,19,0,57,8
3,350,80.500000,42.000000,2,0,1579755494,1054,22.600000,1054,19,0,57,8
3,350,80.500000,42.000000,2,0,1579755497,1055,21.600000,1055,18,0,57,8
3,350,80.500000,42.000000,2,0,1579755500,1057,19.600000,1057,16,0,57,8
3,350,80.500000,42.000000,2,0,1579755502,1058,18.600000,1058,15,0,57,8
3,350,80.500000,42.000000,2,0,1579755506,1060,17.600000,1060,14,0,57,8
3,350,80.500000,42.000000,2,0,1579755509,1064,15.600000,1064,12,0,57,8
3,350,80.500000,42.000000,2,0,1579755512,1066,15.600000,1066,12,0,57,8
3,350,80.500000,42.000000,2,0,1579755514,1069,14.600000,1069,11,0,57,8
3,350,80.500000,42.000000,2,0,1579755517,1071,14.600000,1071,11,0,57,8
3,350,80.500000,42.000000,2,0,1579755520,1073,12.600000,1073,9,0,57,8
3,350,80.500000,42.000000,2,0,1579755523,1076,12.600000,1076,9,0,57,8
3,350,80.500000,42.000000,2,0,1579755526,1077,10.600000,1077,7,0,57,8
3,350,80.500000,42.000000,2,0,1579755528,1079,9.600000,1079,6,0,57,8
3,350,80.500000,42.000000,2,0,1579755531,1081,8.600000,1081,5,0,57,8
3,350,80.500000,42.000000,2,0,1579755534,1084,7.600000,1084,4,0,57,8
3,350,80.500000,42.000000,2,0,1579755537,1085,6.600000,1085,3,0,57,8
3,350,80.500000,42.000000,2,0,1579755539,1087,5.600000,1087,2,0,57,8
3,350,80.500000,42.000000,2,0,1579755542,1090,5.600000,1090,2,0,57,8
3,350,80.500000,42.000000,2,0,1579755545,1092,2.600000,1092,-1,0,57,8
3,350,80.500000,42.000000,2,0,1579755547,1093,2.600000,1093,-1,0,57,8
3,350,80.500000,42.000000,2,0,1579755550,1094,2.600000,1094,-1,0,57,8
3,350,80.500000,42.000000,2,0,1579755553,1097,1.600000,1097,-2,0,57,8
3,350,80.500000,42.000000,2,0,1579755556,1100,0,1100,-5,0,57,8
3,350,80.500000,42.000000,2,0,1579755559,1102,0,1102,-6,0,57,8
3,350,80.500000,42.000000,2,0,1579755561,1104,0,1104,-6,0,57,8
3,350,80.500000,42.000000,2,0,1579755564,1106,0,1106,-7,0,57,8
3,350,80.500000,42.000000,2,0,1579755567,1107,0,1107,-7,0,57,8
3,350,80.500000,42.000000,2,0,1579755570,1109,0,1109,-8,0,57,8
3,350,80.500000,42.000000,2,0,1579755573,1111,0,1111,-8,0,57,8
3,350,80.500000,42.000000,2,0,1579755575,1112,0,1112,-9,0,57,8
3,350,80.500000,42.000000,2,0,1579755578,1114,0,1114,-9,0,57,8
3,350,80.500000,42.000000,2,0,1579755581,1114,0,1114,-10,0,57,8
3,350,80.500000,42.000000,2,0,1579755584,1114,0,1114,-11,0,57,8
3,350,80.500000,42.000000,2,0,1579755586,1115,0,1115,-11,0,57,8
3,350,80.500000,42.000000,2,0,1579755589,1115,0,1115,-11,0,57,8
3,350,80.500000,42.000000,2,0,1579755592,1115,0,1115,-12,0,57,8
3,350,80.500000,42.000000,2,0,1579755595,1115,0,1115,-12,0,57,8
3,350,80.500000,42.000000,2,0,1579755598,1116,0,1116,-12,0,57,8
3,350,80.500000,42.000000,2,0,1579755600,1117,0,1117,-13,0,57,8
3,350,80.500000,42.000000,2,0,1579755603,1117,0,1117,-13,0,57,8
3,350,80.500000,42.000000,2,0,1579755606,1117,0,1117,-13,0,57,8
3,350,80.500000,42.000000,2,0,1579755608,1117,0,1117,-13,0,57,8
3,350,80.500000,42.000000,2,0,1579755611,1118,0,1118,-13,0,57,8
3,350,80.500000,42.000000,2,0,1579755614,1118,0,1118,-13,0,57,8
3,350,80.500000,42.000000,2,0,1579755617,1118,0,1118,-13,0,57,8
3,350,80.500000,42.000000,2,0,1579755619,1118,0,1118,-13,0,57,8
3,350,80.500000,42.000000,2,0,1579755622,1118,0,1118,-13,0,57,8
3,350,80.500000,42.000000,2,0,1579755625,1119,0,1119,-14,0,57,8
3,350,80.500000,42.000000,2,0,1579755628,1119,0,1119,-14,0,57,8
3,350,80.500000,42.000000,2,0,1579755631,1119,0,1119,-14,0,57,8
3,350,80.500000,42.000000,2,0,1579755633,1119,0,1119,-14,0,57,8
3,350,80.500000,42.000000,2,0,1579755636,1120,0,1120,-14,0,57,8
3,350,80.500000,42.000000,2,0,1579755639,1120,0,1120,-14,0,57,8
3,350,80.500000,42.000000,2,0,1579755642,1121,0,1121,-14,0,57,8
3,350,80.500000,42.000000,2,0,1579755644,1122,0,1122,-14,0,57,8
3,350,80.500000,42.000000,2,0,1579755647,1122,0,1122,-15,0,57,8
3,350,80.500000,42.000000,2,0,1579755650,1123,0,1123,-15,0,57,8
3,350,80.500000,42.000000,2,0,1579755653,1123,0,1123,-15,0,57,8
3,350,80.500000,42.000000,2,0,1579755655,1123,0,1123,-15,0,57,8
3,350,80.500000,42.000000,2,0,1579755658,1124,0,1124,-16,0,57,8
3,350,80.500000,42.000000,2,0,1579755661,1125,0,1125,-16,0,57,8
3,350,80.500000,42.000000,2,0,1579755664,1127,0,1127,-17,0,57,8
3,350,80.500000,42.000000,2,0,1579755667,1128,0,1128,-17,0,57,8
3,350,80.500000,42.000000,2,0,1579755669,1128,0,1128,-18,0,57,8
3,350,80.500000,42.000000,2,0,1579755672,1128,0,1128,-18,0,57,8
3,350,80.500000,42.000000,2,0,1579755675,1129,0,1129,-18,0,57,8
3,350,80.500000,42.000000,2,0,1579755678,1131,0,1131,-19,0,57,8
3,350,80.500000,42.000000,2,0,1579755681,1131,0,1131,-19,0,57,8
3,350,80.500000,42.000000,2,0,1579755683,1131,0,1131,-19,0,57,8
3,350,80.500000,42.000000,2,0,1579755686,1131,0,1131,-19,0,57,8
3,350,80.500000,42.000000,2,0,1579755688,1131,0,1131,-19,0,57,8
3,350,80.500000,42.000000,2,0,1579755691,1131,0,1131,-19,0,57,8
3,350,80.500000,42.000000,2,0,1579755694,1131,0,1131,-19,0,57,8
3,350,80.500000,42.000000,2,0,1579755697,1131,0,1131,-19,0,57,8
3,350,80.500000,42.000000,2,0,1579755699,1131,0,1131,-19,0,57,8
3,350,80.500000,42.000000,2,0,1579755702,1131,0,1131,-19,0,57,8
3,350,80.500000,42.000000,2,0,1579755705,1131,0,1131,-19,0,57,8
3,350,80.500000,42.000000,2,0,1579755708,1131,0,1131,-19,0,57,8
3,350,80.500000,42.000000,2,0,1579755711,1131,0,1131,-19,0,57,8
3,350,80.500000,42.000000,2,0,1579755713,1131,0,1131,-19,0,57,8
3,350,80.500000,42.000000,2,0,1579755725,1131,0,1131,-19,0,57,8
