10,350,80.500000,42.000000,2,0,115785136,758,2,758,2,0,49,8
10,350,80.500000,42.000000,2,0,115785137,758,2,758,2,0,49,8
10,350,80.500000,42.000000,2,0,115785139,758,2,758,2,0,49,8
10,350,80.500000,42.000000,2,0,115785143,758,2,758,2,0,49,8
10,350,80.500000,42.000000,2,0,115785145,758,2,758,2,0,49,8
10,350,80.500000,42.000000,2,0,115785148,758,2,758,2,0,49,8
10,350,80.500000,42.000000,2,0,115785150,758,2,758,2,0,49,8
10,350,80.500000,42.000000,2,0,115785153,758,2,758,2,0,49,8
10,350,80.500000,42.000000,2,0,115785156,758,2,758,2,0,49,8
10,350,80.500000,42.000000,2,0,115785159,758,2,758,2,0,49,8
10,350,80.500000,42.000000,2,0,115785162,758,2,758,2,0,49,8
10,350,80.500000,42.000000,2,0,115785164,758,2,758,2,0,49,8
10,350,80.500000,42.000000,2,0,115785168,758,2,758,2,0,49,8
10,350,80.500000,42.000000,2,0,115785170,758,2,758,2,0,49,8
10,350,80.500000,42.000000,2,0,115785173,758,2,758,2,0,49,8
10,350,80.500000,42.000000,2,0,115785176,758,2,758,2,0,49,8
10,350,80.500000,42.000000,2,0,115785179,758,2,758,2,0,49,8
10,350,80.500000,42.000000,2,0,115785181,758,2,758,2,0,49,8
10,350,80.500000,42.000000,2,0,115785184,758,2,758,2,0,49,8
10,350,80.500000,42.000000,2,0,115785187,758,2,758,2,0,49,8
10,350,80.500000,42.000000,2,0,115785189,758,2,758,2,0,49,8
10,350,80.500000,42.000000,2,0,115785192,758,2,758,2,0,49,8
10,350,80.500000,42.000000,2,0,115785195,758,2,758,2,0,49,8
10,350,80.500000,42.000000,2,0,115785198,759,2,759,2,0,49,8
10,350,80.500000,42.000000,2,0,115785201,760,2,760,2,0,49,8
10,350,80.500000,42.000000,2,0,115785203,761,3,761,3,0,49,8
10,350,80.500000,42.000000,2,0,115785206,762,4,762,4,0,49,8
10,350,80.500000,42.000000,2,0,115785209,762,4,762,4,0,49,8
10,350,80.500000,42.000000,2,0,115785212,764,4,764,4,0,49,8
10,350,80.500000,42.000000,2,0,115785215,765,4,765,4,0,49,8
10,350,80.500000,42.000000,2,0,115785218,766,4,766,4,0,49,8
10,350,80.500000,42.000000,2,0,115785220,767,5,767,5,0,49,8
10,350,80.500000,42.000000,2,0,115785223,768,5,768,5,0,49,8
10,350,80.500000,42.000000,2,0,115785226,770,6,770,6,0,49,8
10,350,80.500000,42.000000,2,0,115785229,772,6,772,6,0,49,8
10,350,80.500000,42.000000,2,0,115785231,774,7,774,7,0,49,8
10,350,80.500000,42.000000,2,0,115785234,775,7,775,7,0,49,8
10,350,80.500000,42.000000,2,0,115785237,778,8,778,8,0,49,8
10,350,80.500000,42.000000,2,0,115785240,780,8,780,8,0,49,8
10,350,80.500000,42.000000,2,0,115785242,785,10,785,10,0,49,8
10,350,80.500000,42.000000,2,0,115785245,787,10,787,10,0,49,8
10,350,80.500000,42.000000,2,0,115785248,789,11,789,11,0,49,8
10,350,80.500000,42.000000,2,0,115785251,794,12,794,12,0,49,8
10,350,80.500000,42.000000,2,0,115785254,801,13,801,13,0,49,8
10,350,80.500000,42.000000,2,0,115785256,804,16,804,16,0,49,8
10,350,80.500000,42.000000,2,0,115785259,813,17,813,17,0,49,8
10,350,80.500000,42.000000,2,0,115785262,820,19,820,19,0,49,8
10,350,80.500000,42.000000,2,0,115785265,826,21,826,21,0,49,8
10,350,80.500000,42.000000,2,0,115785268,836,24,836,24,0,49,8
10,350,80.500000,42.000000,2,0,115785270,844,25,844,25,0,49,8
10,350,80.500000,42.000000,2,0,115785273,853,28,853,28,0,49,8
10,350,80.500000,42.000000,2,0,115785276,858,30,858,30,0,49,8
10,350,80.500000,42.000000,2,0,115785278,868,32,868,32,0,49,8
10,350,80.500000,42.000000,2,0,115785282,876,33,876,33,0,49,8
10,350,80.500000,42.000000,2,0,115785284,884,33,884,33,0,49,8
10,350,80.500000,42.000000,2,0,115785287,892,36,892,36,0,49,8
10,350,80.500000,42.000000,2,0,115785290,898,37,898,37,0,49,8
10,350,80.500000,42.000000,2,0,115785293,909,40,909,40,0,49,8
10,350,80.500000,42.000000,2,0,115785295,917,42,917,42,0,49,8
10,350,80.500000,42.000000,2,0,115785298,925,43,925,43,0,49,8
10,350,80.500000,42.000000,2,0,115785301,932,44,932,44,0,49,8
10,350,80.500000,42.000000,2,0,115785304,940,45,940,45,0,49,8
10,350,80.500000,42.000000,2,0,115785306,950,46,950,46,0,49,8
10,350,80.500000,42.000000,2,0,115785309,956,47,956,47,0,49,8
10,350,80.500000,42.000000,2,0,115785312,964,47,964,47,0,49,8
10,350,80.500000,42.000000,2,0,115785315,973,48,973,48,0,49,8
10,350,80.500000,42.000000,2,0,115785318,982,48,982,48,0,49,8
10,350,80.500000,42.000000,2,0,115785320,989,48,989,48,0,49,8
10,350,80.500000,42.000000,2,0,115785323,998,48,998,48,0,49,8
10,350,80.500000,42.000000,2,0,115785326,1007,48,1007,48,0,49,8
10,350,80.500000,42.000000,2,0,115785329,1015,48,1015,48,0,49,8
10,350,80.500000,42.000000,2,0,115785331,1030,48,1030,48,0,49,8
10,350,80.500000,42.000000,2,0,115785334,1039,48,1039,48,0,49,8
10,350,80.500000,42.000000,2,0,115785337,1047,48,1047,48,0,49,8
10,350,80.500000,42.000000,2,0,115785340,1055,48,1055,48,0,49,8
10,350,80.500000,42.000000,2,0,115785342,1061,48,1061,48,0,49,8
10,350,80.500000,42.000000,2,0,115785345,1068,48,1068,48,0,49,8
10,350,80.500000,42.000000,2,0,115785348,1074,48,1074,48,0,49,8
10,350,80.500000,42.000000,2,0,115785351,1080,48,1080,48,0,49,8
10,350,80.500000,42.000000,2,0,115785353,1088,48,1088,48,0,49,8
10,350,80.500000,42.000000,2,0,115785357,1092,48,1092,48,0,49,8
10,350,80.500000,42.000000,2,0,115785359,1100,47,1100,47,0,49,8
10,350,80.500000,42.000000,2,0,115785362,1107,47,1107,47,0,49,8
10,350,80.500000,42.000000,2,0,115785365,1110,47,1110,47,0,49,8
10,350,80.500000,42.000000,2,0,115785367,1111,45,1111,45,0,49,8
10,350,80.500000,42.000000,2,0,115785370,1115,45,1115,45,0,49,8
10,350,80.500000,42.000000,2,0,115785373,1118,44,1118,44,0,49,8
10,350,80.500000,42.000000,2,0,115785376,1120,43,1120,43,0,49,8
10,350,80.500000,42.000000,2,0,115785379,1122,42,1122,42,0,49,8
10,350,80.500000,42.000000,2,0,115785381,1123,42,1123,42,0,49,8
10,350,80.500000,42.000000,2,0,115785384,1124,42,1124,42,0,49,8
10,350,80.500000,42.000000,2,0,115785387,1126,42,1126,42,0,49,8
10,350,80.500000,42.000000,2,0,115785390,1129,41,1129,41,0,49,8
10,350,80.500000,42.000000,2,0,115785393,1130,41,1130,41,0,49,8
10,350,80.500000,42.000000,2,0,115785395,1130,40,1130,40,0,49,8
10,350,80.500000,42.000000,2,0,115785398,1130,39,1130,39,0,49,8
10,350,80.500000,42.000000,2,0,115785401,1130,38,1130,38,0,49,8
10,350,80.500000,42.000000,2,0,115785404,1130,37,1130,37,0,49,8
10,350,80.500000,42.000000,2,0,115785407,1130,37,1130,37,0,49,8
10,350,80.500000,42.000000,2,0,115785409,1131,36,1131,36,0,49,8
10,350,80.500000,42.000000,2,0,115785412,1131,35,1131,35,0,49,8
10,350,80.500000,42.000000,2,0,115785415,1131,34,1131,34,0,49,8
10,350,80.500000,42.000000,2,0,115785418,1131,33,1131,33,0,49,8
10,350,80.500000,42.000000,2,0,115785420,1131,32,1131,32,0,49,8
10,350,80.500000,42.000000,2,0,115785423,1131,31,1131,31,0,49,8
10,350,80.500000,42.000000,2,0,115785426,1131,30,1131,30,0,49,8
10,350,80.500000,42.000000,2,0,115785429,1131,29,1131,29,0,49,8
10,350,80.500000,42.000000,2,0,115785432,1131,28,1131,28,0,49,8
10,350,80.500000,42.000000,2,0,115785434,1131,27,1131,27,0,49,8
10,350,80.500000,42.000000,2,0,115785437,1131,26,1131,26,0,49,8
10,350,80.500000,42.000000,2,0,115785440,1131,25,1131,25,0,49,8
10,350,80.500000,42.000000,2,0,115785443,1131,24,1131,24,0,49,8
10,350,80.500000,42.000000,2,0,115785446,1131,23,1131,23,0,49,8
10,350,80.500000,42.000000,2,0,115785448,1131,22,1131,22,0,49,8
10,350,80.500000,42.000000,2,0,115785451,1131,21,1131,21,0,49,8
10,350,80.500000,42.000000,2,0,115785454,1131,20,1131,20,0,49,8
10,350,80.500000,42.000000,2,0,115785456,1131,19,1131,19,0,49,8
10,350,80.500000,42.000000,2,0,115785459,1131,18,1131,18,0,49,8
10,350,80.500000,42.000000,2,0,115785462,1132,16,1132,16,0,49,8
10,350,80.500000,42.000000,2,0,115785465,1132,14,1132,14,0,49,8
10,350,80.500000,42.000000,2,0,115785468,1132,13,1132,13,0,49,8
10,350,80.500000,42.000000,2,0,115785470,1132,11,1132,11,0,49,8
10,350,80.500000,42.000000,2,0,115785473,1132,10,1132,10,0,49,8
10,350,80.500000,42.000000,2,0,115785476,1132,8,1132,8,0,49,8
10,350,80.500000,42.000000,2,0,115785479,1132,7,1132,7,0,49,8
10,350,80.500000,42.000000,2,0,115785482,1132,6,1132,6,0,49,8
10,350,80.500000,42.000000,2,0,115785486,1132,5,1132,5,0,49,8
10,350,80.500000,42.000000,2,0,115785490,1132,3,1132,3,0,49,8
10,350,80.500000,42.000000,2,0,115785493,1132,2,1132,2,0,49,8
10,350,80.500000,42.000000,2,0,115785497,1132,1,1132,1,0,49,8
10,350,80.500000,42.000000,2,0,115785500,1132,0,1132,0,0,49,8
10,350,80.500000,42.000000,2,0,115785503,1132,0,1132,0,0,49,8
10,350,80.500000,42.000000,2,0,115785507,1132,0,1132,0,0,49,8
10,350,80.500000,42.000000,2,0,115785509,1132,0,1132,0,0,49,8
10,350,80.500000,42.000000,2,0,115785512,1132,0,1132,-2,0,49,8
10,350,80.500000,42.000000,2,0,115785515,1132,0,1132,-3,0,49,8
10,350,80.500000,42.000000,2,0,115785518,1132,0,1132,-4,0,49,8
10,350,80.500000,42.000000,2,0,115785521,1132,0,1132,-4,0,49,8
10,350,80.500000,42.000000,2,0,115785523,1132,0,1132,-4,0,49,8
10,350,80.500000,42.000000,2,0,115785526,1132,0,1132,-5,0,49,8
10,350,80.500000,42.000000,2,0,115785529,1132,0,1132,-5,0,49,8
10,350,80.500000,42.000000,2,0,115785532,1132,0,1132,-5,0,49,8
10,350,80.500000,42.000000,2,0,115785534,1132,0,1132,-5,0,49,8
10,350,80.500000,42.000000,2,0,115785537,1132,0,1132,-5,0,49,8
10,350,80.500000,42.000000,2,0,115785540,1132,0,1132,-5,0,49,8
10,350,80.500000,42.000000,2,0,115785543,1132,0,1132,-5,0,49,8
10,350,80.500000,42.000000,2,0,115785546,1132,0,1132,-5,0,49,8
10,350,80.500000,42.000000,2,0,115785549,1132,0,1132,-5,0,49,8
10,350,80.500000,42.000000,2,0,115785551,1132,0,1132,-5,0,49,8
10,350,80.500000,42.000000,2,0,115785554,1132,0,1132,-5,0,49,8
10,350,80.500000,42.000000,2,0,115785557,1132,0,1132,-5,0,49,8
10,350,80.500000,42.000000,2,0,115785560,1132,0,1132,-5,0,49,8
10,350,80.500000,42.000000,2,0,115785563,1132,0,1132,-5,0,49,8
10,350,80.500000,42.000000,2,0,115785565,1132,0,1132,-5,0,49,8
10,350,80.500000,42.000000,2,0,115785568,1132,0,1132,-5,0,49,8
10,350,80.500000,42.000000,2,0,115785579,1132,0,1132,-5,0,49,8
