6,350,80.500000,0.000000,0,0,19218159,801,0,801,0,0,1,0
6,350,80.500000,0.000000,0,0,19218160,801,0,801,0,0,1,0
6,350,80.500000,0.000000,0,0,19218162,802,0,802,-1,0,1,0
6,350,80.500000,0.000000,0,0,19218165,803,0,803,-2,0,1,0
6,350,80.500000,0.000000,0,0,19218168,803,0,803,-2,0,1,0
6,350,80.500000,0.000000,0,0,19218170,803,0,803,-3,0,1,0
6,350,80.500000,0.000000,0,0,19218173,803,0,803,-4,0,1,0
6,350,80.500000,0.000000,0,0,19218176,804,0,804,-4,0,1,0
6,350,80.500000,0.000000,0,0,19218179,805,0,805,-5,0,1,0
6,350,80.500000,0.000000,0,0,19218182,805,0,805,-6,0,1,0
6,350,80.500000,0.000000,0,0,19218185,805,0,805,-6,0,1,0
6,350,80.500000,0.000000,0,0,19218187,805,0,805,-6,0,1,0
6,350,80.500000,0.000000,0,0,19218190,807,0,807,-6,0,1,0
6,350,80.500000,0.000000,0,0,19218193,807,0,807,-6,0,1,0
6,350,80.500000,0.000000,0,0,19218196,807,0,807,-6,0,1,0
6,350,80.500000,0.000000,0,0,19218198,808,0,808,-6,0,1,0
6,350,80.500000,0.000000,0,0,19218201,808,0,808,-7,0,1,0
6,350,80.500000,0.000000,0,0,19218204,808,0,808,-8,0,1,0
6,350,80.500000,0.000000,0,0,19218206,808,0,808,-9,0,1,0
6,350,80.500000,0.000000,0,0,19218209,808,0,808,-9,0,1,0
6,350,80.500000,0.000000,0,0,19218212,808,0,808,-9,0,1,0
6,350,80.500000,0.000000,0,0,19218215,809,0,809,-9,0,1,0
6,350,80.500000,0.000000,0,0,19218218,809,0,809,-9,0,1,0
6,350,80.500000,0.000000,0,0,19218220,809,0,809,-10,0,1,0
6,350,80.500000,0.000000,0,0,19218223,810,0,810,-10,0,1,0
6,350,80.500000,0.000000,0,0,19218226,810,0,810,-11,0,1,0
6,350,80.500000,0.000000,0,0,19218229,811,0,811,-12,0,1,0
6,350,80.500000,0.000000,0,0,19218231,812,0,812,-13,0,1,0
6,350,80.500000,0.000000,0,0,19218234,814,0,814,-14,0,1,0
6,350,80.500000,0.000000,0,0,19218237,815,0,815,-14,0,1,0
6,350,80.500000,0.000000,0,0,19218240,816,0,816,-15,0,1,0
6,350,80.500000,0.000000,0,0,19218243,817,0,817,-16,0,1,0
6,350,80.500000,0.000000,0,0,19218246,819,0,819,-16,0,1,0
6,350,80.500000,0.000000,0,0,19218248,821,0,821,-17,0,1,0
6,350,80.500000,0.000000,0,0,19218251,822,0,822,-18,0,1,0
6,350,80.500000,0.000000,0,0,19218254,824,0,824,-18,0,1,0
6,350,80.500000,0.000000,0,0,19218257,826,0,826,-18,0,1,0
6,350,80.500000,0.000000,0,0,19218259,827,0,827,-18,0,1,0
6,350,80.500000,0.000000,0,0,19218262,828,0,828,-20,0,1,0
6,350,80.500000,0.000000,0,0,19218265,829,0,829,-20,0,1,0
6,350,80.500000,0.000000,0,0,19218268,832,0,832,-20,0,1,0
6,350,80.500000,0.000000,0,0,19218271,833,0,833,-20,0,1,0
6,350,80.500000,0.000000,0,0,19218274,836,0,836,-20,0,1,0
6,350,80.500000,0.000000,0,0,19218277,838,0,838,-22,0,1,0
6,350,80.500000,0.000000,0,0,19218280,839,0,839,-22,0,1,0
6,350,80.500000,0.000000,0,0,19218282,839,0,839,-22,0,1,0
6,350,80.500000,0.000000,0,0,19218285,842,0,842,-22,0,1,0
6,350,80.500000,0.000000,0,0,19218288,844,0,844,-24,0,1,0
6,350,80.500000,0.000000,0,0,19218290,846,0,846,-24,0,1,0
6,350,80.500000,0.000000,0,0,19218293,849,0,849,-24,0,1,0
6,350,80.500000,0.000000,0,0,19218296,854,0,854,-27,0,1,0
6,350,80.500000,0.000000,0,0,19218298,858,0,858,-29,0,1,0
6,350,80.500000,0.000000,0,0,19218301,863,0,863,-30,0,1,0
6,350,80.500000,0.000000,0,0,19218304,868,0,868,-31,0,1,0
6,350,80.500000,0.000000,0,0,19218307,872,0,872,-32,0,1,0
6,350,80.500000,0.000000,0,0,19218310,879,0,879,-33,0,1,0
6,350,80.500000,0.000000,0,0,19218313,883,0,883,-35,0,1,0
6,350,80.500000,0.000000,0,0,19218315,888,0,888,-35,0,1,0
6,350,80.500000,0.000000,0,0,19218318,893,0,893,-37,0,1,0
6,350,80.500000,0.000000,0,0,19218321,900,0,900,-38,0,1,0
6,350,80.500000,0.000000,0,0,19218324,907,0,907,-39,0,1,0
6,350,80.500000,0.000000,0,0,19218327,914,0,914,-41,0,1,0
6,350,80.500000,0.000000,0,0,19218329,919,0,919,-43,0,1,0
6,350,80.500000,0.000000,0,0,19218332,923,0,923,-45,0,1,0
6,350,80.500000,0.000000,0,0,19218335,931,0,931,-47,0,1,0
6,350,80.500000,0.000000,0,0,19218338,937,0,937,-49,0,1,0
6,350,80.500000,0.000000,0,0,19218341,943,0,943,-50,0,1,0
6,350,80.500000,0.000000,0,0,19218344,950,0,950,-52,0,1,0
6,350,80.500000,0.000000,0,0,19218346,965,0,965,-55,0,1,0
6,350,80.500000,0.000000,0,0,19218349,974,0,974,-58,0,1,0
6,350,80.500000,0.000000,0,0,19218352,978,0,978,-59,0,1,0
6,350,80.500000,0.000000,0,0,19218355,985,0,985,-60,0,1,0
6,350,80.500000,0.000000,0,0,19218357,993,0,993,-61,0,1,0
6,350,80.500000,0.000000,0,0,19218360,993,0,993,-61,0,1,0
6,350,80.500000,0.000000,0,0,19218363,999,0,999,-62,0,1,0
6,350,80.500000,0.000000,0,0,19218365,1006,0,1006,-64,0,1,0
6,350,80.500000,0.000000,0,0,19218368,1011,0,1011,-66,0,1,0
6,350,80.500000,0.000000,0,0,19218371,1017,0,1017,-66,0,1,0
6,350,80.500000,0.000000,0,0,19218374,1024,0,1024,-66,0,1,0
6,350,80.500000,0.000000,0,0,19218376,1029,0,1029,-69,0,1,0
6,350,80.500000,0.000000,0,0,19218379,1036,0,1036,-70,0,1,0
6,350,80.500000,0.000000,0,0,19218382,1040,0,1040,-71,0,1,0
6,350,80.500000,0.000000,0,0,19218385,1045,0,1045,-72,0,1,0
6,350,80.500000,0.000000,0,0,19218387,1050,0,1050,-73,0,1,0
6,350,80.500000,0.000000,0,0,19218390,1053,0,1053,-74,0,1,0
6,350,80.500000,0.000000,0,0,19218393,1058,0,1058,-76,0,1,0
6,350,80.500000,0.000000,0,0,19218395,1065,0,1065,-76,0,1,0
6,350,80.500000,0.000000,0,0,19218398,1069,0,1069,-76,0,1,0
6,350,80.500000,0.000000,0,0,19218401,1072,0,1072,-77,0,1,0
6,350,80.500000,0.000000,0,0,19218404,1075,0,1075,-78,0,1,0
6,350,80.500000,0.000000,0,0,19218407,1078,0,1078,-78,0,1,0
6,350,80.500000,0.000000,0,0,19218410,1081,0,1081,-79,0,1,0
6,350,80.500000,0.000000,0,0,19218412,1084,0,1084,-80,0,1,0
6,350,80.500000,0.000000,0,0,19218415,1087,0,1087,-80,0,1,0
6,350,80.500000,0.000000,0,0,19218418,1089,0,1089,-82,0,1,0
6,350,80.500000,0.000000,0,0,19218421,1091,0,1091,-83,0,1,0
6,350,80.500000,0.000000,0,0,19218424,1093,0,1093,-83,0,1,0
6,350,80.500000,0.000000,0,0,19218427,1095,0,1095,-85,0,1,0
6,350,80.500000,0.000000,0,0,19218429,1096,0,1096,-85,0,1,0
6,350,80.500000,0.000000,0,0,19218432,1098,0,1098,-85,0,1,0
6,350,80.500000,0.000000,0,0,19218434,1099,0,1099,-86,0,1,0
6,350,80.500000,0.000000,0,0,19218437,1101,0,1101,-86,0,1,0
6,350,80.500000,0.000000,0,0,19218440,1103,0,1103,-88,0,1,0
6,350,80.500000,0.000000,0,0,19218443,1104,0,1104,-88,0,1,0
6,350,80.500000,0.000000,0,0,19218445,1105,0,1105,-88,0,1,0
6,350,80.500000,0.000000,0,0,19218449,1106,0,1106,-89,0,1,0
6,350,80.500000,0.000000,0,0,19218451,1107,0,1107,-89,0,1,0
6,350,80.500000,0.000000,0,0,19218454,1108,0,1108,-89,0,1,0
6,350,80.500000,0.000000,0,0,19218456,1108,0,1108,-90,0,1,0
6,350,80.500000,0.000000,0,0,19218459,1108,0,1108,-91,0,1,0
6,350,80.500000,0.000000,0,0,19218462,1109,0,1109,-92,0,1,0
6,350,80.500000,0.000000,0,0,19218465,1110,0,1110,-92,0,1,0
6,350,80.500000,0.000000,0,0,19218468,1111,0,1111,-92,0,1,0
6,350,80.500000,0.000000,0,0,19218470,1111,0,1111,-92,0,1,0
6,350,80.500000,0.000000,0,0,19218473,1111,0,1111,-93,0,1,0
6,350,80.500000,0.000000,0,0,19218476,1112,0,1112,-93,0,1,0
6,350,80.500000,0.000000,0,0,19218479,1113,0,1113,-93,0,1,0
6,350,80.500000,0.000000,0,0,19218482,1114,0,1114,-93,0,1,0
6,350,80.500000,0.000000,0,0,19218484,1115,0,1115,-93,0,1,0
6,350,80.500000,0.000000,0,0,19218487,1116,0,1116,-94,0,1,0
6,350,80.500000,0.000000,0,0,19218490,1117,0,1117,-95,0,1,0
6,350,80.500000,0.000000,0,0,19218493,1118,0,1118,-95,0,1,0
6,350,80.500000,0.000000,0,0,19218496,1119,0,1119,-95,0,1,0
6,350,80.500000,0.000000,0,0,19218498,1119,0,1119,-96,0,1,0
6,350,80.500000,0.000000,0,0,19218501,1121,0,1121,-96,0,1,0
6,350,80.500000,0.000000,0,0,19218504,1122,0,1122,-96,0,1,0
6,350,80.500000,0.000000,0,0,19218507,1123,0,1123,-97,0,1,0
6,350,80.500000,0.000000,0,0,19218510,1126,0,1126,-97,0,1,0
6,350,80.500000,0.000000,0,0,19218512,1126,0,1126,-98,0,1,0
6,350,80.500000,0.000000,0,0,19218515,1126,0,1126,-99,0,1,0
6,350,80.500000,0.000000,0,0,19218518,1129,0,1129,-99,0,1,0
6,350,80.500000,0.000000,0,0,19218521,1132,0,1132,-99,0,1,0
6,350,80.500000,0.000000,0,0,19218524,1132,0,1132,-99,0,1,0
6,350,80.500000,0.000000,0,0,19218526,1133,0,1133,-99,0,1,0
6,350,80.500000,0.000000,0,0,19218529,1134,0,1134,-99,0,1,0
6,350,80.500000,0.000000,0,0,19218531,1134,0,1134,-99,0,1,0
6,350,80.500000,0.000000,0,0,19218535,1136,0,1136,-99,0,1,0
6,350,80.500000,0.000000,0,0,19218537,1136,0,1136,-99,0,1,0
6,350,80.500000,0.000000,0,0,19218540,1136,0,1136,-99,0,1,0
6,350,80.500000,0.000000,0,0,19218543,1136,0,1136,-99,0,1,0
6,350,80.500000,0.000000,0,0,19218546,1136,0,1136,-99,0,1,0
6,350,80.500000,0.000000,0,0,19218548,1137,0,1137,-100,0,1,0
6,350,80.500000,0.000000,0,0,19218551,1137,0,1137,-100,0,1,0
6,350,80.500000,0.000000,0,0,19218554,1137,0,1137,-100,0,1,0
6,350,80.500000,0.000000,0,0,19218557,1137,0,1137,-100,0,1,0
6,350,80.500000,0.000000,0,0,19218560,1137,0,1137,-100,0,1,0
6,350,80.500000,0.000000,0,0,19218562,1137,0,1137,-100,0,1,0
6,350,80.500000,0.000000,0,0,19218565,1137,0,1137,-100,0,1,0
6,350,80.500000,0.000000,0,0,19218568,1137,0,1137,-100,0,1,0
6,350,80.500000,0.000000,0,0,19218571,1138,0,1138,-100,0,1,0
6,350,80.500000,0.000000,0,0,19218574,1138,0,1138,-100,0,1,0
6,350,80.500000,0.000000,0,0,19218578,1138,0,1138,-100,0,1,0
6,350,80.500000,0.000000,0,0,19218582,1138,0,1138,-100,0,1,0
6,350,80.500000,0.000000,0,0,19218586,1138,0,1138,-100,0,1,0
6,350,80.500000,0.000000,0,0,19218589,1138,0,1138,-100,0,1,0
6,350,80.500000,0.000000,0,0,19218592,1138,0,1138,-100,0,1,0
6,350,80.500000,0.000000,0,0,19218594,1138,0,1138,-100,0,1,0
6,350,80.500000,0.000000,0,0,19218597,1138,0,1138,-100,0,1,0
6,350,80.500000,0.000000,0,0,19218600,1138,0,1138,-100,0,1,0
6,350,80.500000,0.000000,0,0,19218603,1139,0,1139,-100,0,1,0
6,350,80.500000,0.000000,0,0,19218605,1139,0,1139,-100,0,1,0
6,350,80.500000,0.000000,0,0,19218608,1139,0,1139,-100,0,1,0
6,350,80.500000,0.000000,0,0,19218611,1139,0,1139,-100,0,1,0
6,350,80.500000,0.000000,0,0,19218614,1139,0,1139,-101,0,1,0
6,350,80.500000,0.000000,0,0,19218616,1140,0,1140,-101,0,1,0
6,350,80.500000,0.000000,0,0,19218619,1140,0,1140,-101,0,1,0
6,350,80.500000,0.000000,0,0,19218621,1140,0,1140,-101,0,1,0
6,350,80.500000,0.000000,0,0,19218624,1141,0,1141,-101,0,1,0
6,350,80.500000,0.000000,0,0,19218627,1141,0,1141,-101,0,1,0
6,350,80.500000,0.000000,0,0,19218630,1141,0,1141,-101,0,1,0
6,350,80.500000,0.000000,0,0,19218632,1141,0,1141,-101,0,1,0
6,350,80.500000,0.000000,0,0,19218635,1141,0,1141,-101,0,1,0
6,350,80.500000,0.000000,0,0,19218638,1141,0,1141,-101,0,1,0
6,350,80.500000,0.000000,0,0,19218641,1141,0,1141,-101,0,1,0
6,350,80.500000,0.000000,0,0,19218643,1141,0,1141,-101,0,1,0
6,350,80.500000,0.000000,0,0,19218646,1141,0,1141,-101,0,1,0
6,350,80.500000,0.000000,0,0,19218649,1141,0,1141,-101,0,1,0
6,350,80.500000,0.000000,0,0,19218651,1141,0,1141,-101,0,1,0
6,350,80.500000,0.000000,0,0,19218654,1141,0,1141,-101,0,1,0
6,350,80.500000,0.000000,0,0,19218657,1141,0,1141,-101,0,1,0
6,350,80.500000,0.000000,0,0,19218660,1140,0,1140,-101,0,1,0
6,350,80.500000,0.000000,0,0,19218663,1140,0,1140,-101,0,1,0
6,350,80.500000,0.000000,0,0,19218666,1141,0,1141,-101,0,1,0
6,350,80.500000,0.000000,0,0,19218668,1142,0,1142,-101,0,1,0
6,350,80.500000,0.000000,0,0,19218671,1142,0,1142,-101,0,1,0
6,350,80.500000,0.000000,0,0,19218674,1142,0,1142,-101,0,1,0
6,350,80.500000,0.000000,0,0,19218676,1142,1,1142,-100,0,1,0
6,350,80.500000,0.000000,0,0,19218679,1142,1,1142,-100,0,1,0
6,350,80.500000,0.000000,0,0,19218682,1142,1,1142,-100,0,1,0
6,350,80.500000,0.000000,0,0,19218685,1142,1,1142,-100,0,1,0
6,350,80.500000,0.000000,0,0,19218688,1142,1,1142,-100,0,1,0
6,350,80.500000,0.000000,0,0,19218690,1142,1,1142,-100,0,1,0
6,350,80.500000,0.000000,0,0,19218693,1142,1,1142,-100,0,1,0
6,350,80.500000,0.000000,0,0,19218696,1142,1,1142,-100,0,1,0
6,350,80.500000,0.000000,0,0,19218698,1142,1,1142,-100,0,1,0
6,350,80.500000,0.000000,0,0,19218701,1142,1,1142,-100,0,1,0
6,350,80.500000,0.000000,0,0,19218704,1142,1,1142,-100,0,1,0
6,350,80.500000,0.000000,0,0,19218707,1142,1,1142,-100,0,1,0
6,350,80.500000,0.000000,0,0,19218710,1142,1,1142,-100,0,1,0
6,350,80.500000,0.000000,0,0,19218713,1142,1,1142,-100,0,1,0
6,350,80.500000,0.000000,0,0,19218715,1142,1,1142,-100,0,1,0
6,350,80.500000,0.000000,0,0,19218718,1142,1,1142,-100,0,1,0
6,350,80.500000,0.000000,0,0,19218721,1142,1,1142,-100,0,1,0
6,350,80.500000,0.000000,0,0,19218724,1142,1,1142,-100,0,1,0
6,350,80.500000,0.000000,0,0,19218726,1142,1,1142,-100,0,1,0
6,350,80.500000,0.000000,0,0,19218729,1142,1,1142,-100,0,1,0
6,350,80.500000,0.000000,0,0,19218732,1142,1,1142,-100,0,1,0
6,350,80.500000,0.000000,0,0,19218735,1142,1,1142,-100,0,1,0
6,350,80.500000,0.000000,0,0,19218738,1142,1,1142,-100,0,1,0
6,350,80.500000,0.000000,0,0,19218740,1142,1,1142,-100,0,1,0
6,350,80.500000,0.000000,0,0,19218743,1142,1,1142,-100,0,1,0
6,350,80.500000,0.000000,0,0,19218746,1142,1,1142,-100,0,1,0
6,350,80.500000,0.000000,0,0,19218748,1142,1,1142,-100,0,1,0
6,350,80.500000,0.000000,0,0,19218751,1142,1,1142,-100,0,1,0
6,350,80.500000,0.000000,0,0,19218754,1142,1,1142,-100,0,1,0
6,350,80.500000,0.000000,0,0,19218757,1142,1,1142,-100,0,1,0
6,350,80.500000,0.000000,0,0,19218760,1142,1,1142,-100,0,1,0
6,350,80.500000,0.000000,0,0,19218762,1142,1,1142,-100,0,1,0
6,350,80.500000,0.000000,0,0,19218765,1142,1,1142,-100,0,1,0
6,350,80.500000,0.000000,0,0,19218768,1142,1,1142,-100,0,1,0
6,350,80.500000,0.000000,0,0,19218771,1142,1,1142,-100,0,1,0
6,350,80.500000,0.000000,0,0,19218774,1142,1,1142,-100,0,1,0
6,350,80.500000,0.000000,0,0,19218776,1142,1,1142,-100,0,1,0
6,350,80.500000,0.000000,0,0,19218779,1142,1,1142,-100,0,1,0
6,350,80.500000,0.000000,0,0,19218782,1142,1,1142,-100,0,1,0
6,350,80.500000,0.000000,0,0,19218785,1142,1,1142,-100,0,1,0
6,350,80.500000,0.000000,0,0,19218788,1142,1,1142,-100,0,1,0
6,350,80.500000,0.000000,0,0,19218801,1142,1,1142,-100,0,1,0
