6,700,21.000000,10000.000000,1,0,20000460,616,0,616,0,0,25,5
6,700,21.000000,10000.000000,1,0,20000461,616,0,616,0,0,25,5
6,700,21.000000,10000.000000,1,0,20000463,616,0,616,0,0,25,5
6,700,21.000000,10000.000000,1,0,20000466,616,0,616,0,0,25,5
6,700,21.000000,10000.000000,1,0,20000469,616,0,616,0,0,25,5
6,700,21.000000,10000.000000,1,0,20000472,616,0,616,0,0,25,5
6,700,21.000000,10000.000000,1,0,20000474,615,0,615,0,0,25,5
6,700,21.000000,10000.000000,1,0,20000477,614,0,614,0,0,25,5
6,700,21.000000,10000.000000,1,0,20000480,614,0,614,0,0,25,5
6,700,21.000000,10000.000000,1,0,20000483,614,0,614,0,0,25,5
6,700,21.000000,10000.000000,1,0,20000486,614,0,614,0,0,25,5
6,700,21.000000,10000.000000,1,0,20000489,614,0,614,0,0,25,5
6,700,21.000000,10000.000000,1,0,20000491,614,0,614,0,0,25,5
6,700,21.000000,10000.000000,1,0,20000494,614,0,614,0,0,25,5
6,700,21.000000,10000.000000,1,0,20000497,614,0,614,0,0,25,5
6,700,21.000000,10000.000000,1,0,20000499,614,0,614,0,0,25,5
6,700,21.000000,10000.000000,1,0,20000502,614,0,614,0,0,25,5
6,700,21.000000,10000.000000,1,0,20000505,614,0,614,0,0,25,5
6,700,21.000000,10000.000000,1,0,20000508,614,0,614,0,0,25,5
6,700,21.000000,10000.000000,1,0,20000510,614,0,614,0,0,25,5
6,700,21.000000,10000.000000,1,0,20000513,614,0,614,0,0,25,5
6,700,21.000000,10000.000000,1,0,20000516,614,0,614,0,0,25,5
6,700,21.000000,10000.000000,1,0,20000519,614,0,614,0,0,25,5
6,700,21.000000,10000.000000,1,0,20000522,614,0,614,0,0,25,5
6,700,21.000000,10000.000000,1,0,20000524,614,0,614,0,0,25,5
6,700,21.000000,10000.000000,1,0,20000527,614,0,614,0,0,25,5
6,700,21.000000,10000.000000,1,0,20000530,614,0,614,0,0,25,5
6,700,21.000000,10000.000000,1,0,20000533,614,0,614,0,0,25,5
6,700,21.000000,10000.000000,1,0,20000536,614,0,614,0,0,25,5
6,700,21.000000,10000.000000,1,0,20000539,614,0,614,0,0,25,5
6,700,21.000000,10000.000000,1,0,20000541,614,0,614,0,0,25,5
6,700,21.000000,10000.000000,1,0,20000544,614,0,614,0,0,25,5
6,700,21.000000,10000.000000,1,0,20000547,614,0,614,0,0,25,5
6,700,21.000000,10000.000000,1,0,20000550,614,0,614,0,0,25,5
6,700,21.000000,10000.000000,1,0,20000552,614,0,614,0,0,25,5
6,700,21.000000,10000.000000,1,0,20000555,614,0,614,0,0,25,5
6,700,21.000000,10000.000000,1,0,20000558,614,0,614,0,0,25,5
6,700,21.000000,10000.000000,1,0,20000560,614,0,614,0,0,25,5
6,700,21.000000,10000.000000,1,0,20000563,614,0,614,0,0,25,5
6,700,21.000000,10000.000000,1,0,20000566,614,0,614,0,0,25,5
6,700,21.000000,10000.000000,1,0,20000569,614,0,614,0,0,25,5
6,700,21.000000,10000.000000,1,0,20000572,614,0,614,0,0,25,5
6,700,21.000000,10000.000000,1,0,20000574,614,0,614,0,0,25,5
6,700,21.000000,10000.000000,1,0,20000577,614,0,614,0,0,25,5
6,700,21.000000,10000.000000,1,0,20000580,614,0,614,0,0,25,5
6,700,21.000000,10000.000000,1,0,20000583,614,0,614,0,0,25,5
6,700,21.000000,10000.000000,1,0,20000586,614,0,614,0,0,25,5
6,700,21.000000,10000.000000,1,0,20000588,614,0,614,0,0,25,5
6,700,21.000000,10000.000000,1,0,20000591,614,0,614,0,0,25,5
6,700,21.000000,10000.000000,1,0,20000594,614,0,614,0,0,25,5
6,700,21.000000,10000.000000,1,0,20000597,614,0,614,0,0,25,5
6,700,21.000000,10000.000000,1,0,20000600,614,1,614,1,0,25,5
6,700,21.000000,10000.000000,1,0,20000602,614,2,614,2,0,25,5
6,700,21.000000,10000.000000,1,0,20000605,616,2,616,2,0,25,5
6,700,21.000000,10000.000000,1,0,20000608,616,4,616,4,0,25,5
6,700,21.000000,10000.000000,1,0,20000611,616,6,616,6,0,25,5
6,700,21.000000,10000.000000,1,0,20000614,619,7,619,7,0,25,5
6,700,21.000000,10000.000000,1,0,20000616,619,8,619,8,0,25,5
6,700,21.000000,10000.000000,1,0,20000619,621,9,621,9,0,25,5
6,700,21.000000,10000.000000,1,0,20000622,621,10,621,10,0,25,5
6,700,21.000000,10000.000000,1,0,20000625,622,11,622,11,0,25,5
6,700,21.000000,10000.000000,1,0,20000628,626,15,626,15,0,25,5
6,700,21.000000,10000.000000,1,0,20000630,630,19,630,19,0,25,5
6,700,21.000000,10000.000000,1,0,20000633,632,21,632,21,0,25,5
6,700,21.000000,10000.000000,1,0,20000636,634,23,634,23,0,25,5
6,700,21.000000,10000.000000,1,0,20000638,635,25,635,25,0,25,5
6,700,21.000000,10000.000000,1,0,20000641,640,29,640,29,0,25,5
6,700,21.000000,10000.000000,1,0,20000644,643,32,643,32,0,25,5
6,700,21.000000,10000.000000,1,0,20000647,645,33,645,33,0,25,5
6,700,21.000000,10000.000000,1,0,20000650,648,33,648,33,0,25,5
6,700,21.000000,10000.000000,1,0,20000652,651,35,651,35,0,25,5
6,700,21.000000,10000.000000,1,0,20000655,654,37,654,37,0,25,5
6,700,21.000000,10000.000000,1,0,20000658,656,39,656,39,0,25,5
6,700,21.000000,10000.000000,1,0,20000661,660,41,660,41,0,25,5
6,700,21.000000,10000.000000,1,0,20000664,662,42,662,42,0,25,5
6,700,21.000000,10000.000000,1,0,20000666,666,45,666,45,0,25,5
6,700,21.000000,10000.000000,1,0,20000669,669,46,669,46,0,25,5
6,700,21.000000,10000.000000,1,0,20000672,673,49,673,49,0,25,5
6,700,21.000000,10000.000000,1,0,20000675,678,50,678,50,0,25,5
6,700,21.000000,10000.000000,1,0,20000678,681,51,681,51,0,25,5
6,700,21.000000,10000.000000,1,0,20000680,687,52,687,52,0,25,5
6,700,21.000000,10000.000000,1,0,20000683,691,53,691,53,0,25,5
6,700,21.000000,10000.000000,1,0,20000686,694,54,694,54,0,25,5
6,700,21.000000,10000.000000,1,0,20000688,697,55,697,55,0,25,5
6,700,21.000000,10000.000000,1,0,20000691,704,57,704,57,0,25,5
6,700,21.000000,10000.000000,1,0,20000694,707,57,707,57,0,25,5
6,700,21.000000,10000.000000,1,0,20000697,711,58,711,58,0,25,5
6,700,21.000000,10000.000000,1,0,20000700,715,59,715,59,0,25,5
6,700,21.000000,10000.000000,1,0,20000702,719,61,719,61,0,25,5
6,700,21.000000,10000.000000,1,0,20000705,725,61,725,61,0,25,5
6,700,21.000000,10000.000000,1,0,20000708,729,64,729,64,0,25,5
6,700,21.000000,10000.000000,1,0,20000711,733,64,733,64,0,25,5
6,700,21.000000,10000.000000,1,0,20000713,738,65,738,65,0,25,5
6,700,21.000000,10000.000000,1,0,20000716,744,67,744,67,0,25,5
6,700,21.000000,10000.000000,1,0,20000719,755,70,755,70,0,25,5
6,700,21.000000,10000.000000,1,0,20000722,759,71,759,71,0,25,5
6,700,21.000000,10000.000000,1,0,20000725,766,72,766,72,0,25,5
6,700,21.000000,10000.000000,1,0,20000727,773,72,773,72,0,25,5
6,700,21.000000,10000.000000,1,0,20000730,778,72,778,72,0,25,5
6,700,21.000000,10000.000000,1,0,20000733,789,73,789,73,0,25,5
6,700,21.000000,10000.000000,1,0,20000736,798,74,798,74,0,25,5
6,700,21.000000,10000.000000,1,0,20000739,803,75,803,75,0,25,5
6,700,21.000000,10000.000000,1,0,20000741,811,76,811,76,0,25,5
6,700,21.000000,10000.000000,1,0,20000744,816,76,816,76,0,25,5
6,700,21.000000,10000.000000,1,0,20000747,823,76,823,76,0,25,5
6,700,21.000000,10000.000000,1,0,20000750,829,76,829,76,0,25,5
6,700,21.000000,10000.000000,1,0,20000753,836,77,836,77,0,25,5
6,700,21.000000,10000.000000,1,0,20000755,843,77,843,77,0,25,5
6,700,21.000000,10000.000000,1,0,20000758,850,77,850,77,0,25,5
6,700,21.000000,10000.000000,1,0,20000761,856,77,856,77,0,25,5
6,700,21.000000,10000.000000,1,0,20000764,863,77,863,77,0,25,5
6,700,21.000000,10000.000000,1,0,20000767,871,77,871,77,0,25,5
6,700,21.000000,10000.000000,1,0,20000769,879,77,879,77,0,25,5
6,700,21.000000,10000.000000,1,0,20000772,886,77,886,77,0,25,5
6,700,21.000000,10000.000000,1,0,20000774,894,76,894,76,0,25,5
6,700,21.000000,10000.000000,1,0,20000777,900,75,900,75,0,25,5
6,700,21.000000,10000.000000,1,0,20000780,910,75,910,75,0,25,5
6,700,21.000000,10000.000000,1,0,20000783,918,75,918,75,0,25,5
6,700,21.000000,10000.000000,1,0,20000786,924,74,924,74,0,25,5
6,700,21.000000,10000.000000,1,0,20000788,933,74,933,74,0,25,5
6,700,21.000000,10000.000000,1,0,20000791,943,74,943,74,0,25,5
6,700,21.000000,10000.000000,1,0,20000794,950,73,950,73,0,25,5
6,700,21.000000,10000.000000,1,0,20000797,954,72,954,72,0,25,5
6,700,21.000000,10000.000000,1,0,20000800,961,71,961,71,0,25,5
6,700,21.000000,10000.000000,1,0,20000803,969,71,969,71,0,25,5
6,700,21.000000,10000.000000,1,0,20000805,978,68,978,68,0,25,5
6,700,21.000000,10000.000000,1,0,20000808,983,68,983,68,0,25,5
6,700,21.000000,10000.000000,1,0,20000811,990,67,990,67,0,25,5
6,700,21.000000,10000.000000,1,0,20000814,996,66,996,66,0,25,5
6,700,21.000000,10000.000000,1,0,20000817,1004,66,1004,66,0,25,5
6,700,21.000000,10000.000000,1,0,20000819,1008,63,1008,63,0,25,5
6,700,21.000000,10000.000000,1,0,20000822,1013,62,1013,62,0,25,5
6,700,21.000000,10000.000000,1,0,20000824,1019,60,1019,60,0,25,5
6,700,21.000000,10000.000000,1,0,20000827,1023,60,1023,60,0,25,5
6,700,21.000000,10000.000000,1,0,20000830,1030,57,1030,57,0,25,5
6,700,21.000000,10000.000000,1,0,20000833,1036,57,1036,57,0,25,5
6,700,21.000000,10000.000000,1,0,20000836,1043,56,1043,56,0,25,5
6,700,21.000000,10000.000000,1,0,20000839,1047,55,1047,55,0,25,5
6,700,21.000000,10000.000000,1,0,20000841,1056,55,1056,55,0,25,5
6,700,21.000000,10000.000000,1,0,20000844,1062,54,1062,54,0,25,5
6,700,21.000000,10000.000000,1,0,20000847,1069,53,1069,53,0,25,5
6,700,21.000000,10000.000000,1,0,20000850,1075,52,1075,52,0,25,5
6,700,21.000000,10000.000000,1,0,20000853,1079,50,1079,50,0,25,5
6,700,21.000000,10000.000000,1,0,20000855,1081,49,1081,49,0,25,5
6,700,21.000000,10000.000000,1,0,20000858,1088,48,1088,48,0,25,5
6,700,21.000000,10000.000000,1,0,20000861,1091,48,1091,48,0,25,5
6,700,21.000000,10000.000000,1,0,20000863,1095,47,1095,47,0,25,5
6,700,21.000000,10000.000000,1,0,20000866,1101,46,1101,46,0,25,5
6,700,21.000000,10000.000000,1,0,20000869,1106,44,1106,44,0,25,5
6,700,21.000000,10000.000000,1,0,20000872,1110,43,1110,43,0,25,5
6,700,21.000000,10000.000000,1,0,20000875,1116,43,1116,43,0,25,5
6,700,21.000000,10000.000000,1,0,20000877,1118,43,1118,43,0,25,5
6,700,21.000000,10000.000000,1,0,20000880,1124,43,1124,43,0,25,5
6,700,21.000000,10000.000000,1,0,20000883,1135,42,1135,42,0,25,5
6,700,21.000000,10000.000000,1,0,20000886,1138,41,1138,41,0,25,5
6,700,21.000000,10000.000000,1,0,20000889,1141,41,1141,41,0,25,5
6,700,21.000000,10000.000000,1,0,20000891,1143,40,1143,40,0,25,5
6,700,21.000000,10000.000000,1,0,20000894,1147,40,1147,40,0,25,5
6,700,21.000000,10000.000000,1,0,20000897,1148,38,1148,38,0,25,5
6,700,21.000000,10000.000000,1,0,20000900,1149,38,1149,38,0,25,5
6,700,21.000000,10000.000000,1,0,20000903,1152,37,1152,37,0,25,5
6,700,21.000000,10000.000000,1,0,20000905,1153,37,1153,37,0,25,5
6,700,21.000000,10000.000000,1,0,20000908,1154,37,1154,37,0,25,5
6,700,21.000000,10000.000000,1,0,20000911,1156,37,1156,37,0,25,5
6,700,21.000000,10000.000000,1,0,20000914,1158,36,1158,36,0,25,5
6,700,21.000000,10000.000000,1,0,20000917,1159,36,1159,36,0,25,5
6,700,21.000000,10000.000000,1,0,20000919,1162,36,1162,36,0,25,5
6,700,21.000000,10000.000000,1,0,20000922,1165,36,1165,36,0,25,5
6,700,21.000000,10000.000000,1,0,20000925,1167,36,1167,36,0,25,5
6,700,21.000000,10000.000000,1,0,20000928,1168,36,1168,36,0,25,5
6,700,21.000000,10000.000000,1,0,20000931,1171,36,1171,36,0,25,5
6,700,21.000000,10000.000000,1,0,20000933,1172,36,1172,36,0,25,5
6,700,21.000000,10000.000000,1,0,20000936,1174,36,1174,36,0,25,5
6,700,21.000000,10000.000000,1,0,20000939,1176,36,1176,36,0,25,5
6,700,21.000000,10000.000000,1,0,20000941,1178,36,1178,36,0,25,5
6,700,21.000000,10000.000000,1,0,20000944,1179,35,1179,35,0,25,5
6,700,21.000000,10000.000000,1,0,20000947,1182,35,1182,35,0,25,5
6,700,21.000000,10000.000000,1,0,20000950,1184,35,1184,35,0,25,5
6,700,21.000000,10000.000000,1,0,20000953,1186,35,1186,35,0,25,5
6,700,21.000000,10000.000000,1,0,20000955,1187,35,1187,35,0,25,5
6,700,21.000000,10000.000000,1,0,20000958,1189,35,1189,35,0,25,5
6,700,21.000000,10000.000000,1,0,20000961,1190,35,1190,35,0,25,5
6,700,21.000000,10000.000000,1,0,20000964,1191,35,1191,35,0,25,5
6,700,21.000000,10000.000000,1,0,20000967,1192,35,1192,35,0,25,5
6,700,21.000000,10000.000000,1,0,20000969,1194,35,1194,35,0,25,5
6,700,21.000000,10000.000000,1,0,20000972,1196,35,1196,35,0,25,5
6,700,21.000000,10000.000000,1,0,20000975,1198,35,1198,35,0,25,5
6,700,21.000000,10000.000000,1,0,20000978,1200,35,1200,35,0,25,5
6,700,21.000000,10000.000000,1,0,20000981,1202,35,1202,35,0,25,5
6,700,21.000000,10000.000000,1,0,20000983,1203,34,1203,34,0,25,5
6,700,21.000000,10000.000000,1,0,20000986,1205,34,1205,34,0,25,5
6,700,21.000000,10000.000000,1,0,20000989,1207,34,1207,34,0,25,5
6,700,21.000000,10000.000000,1,0,20000991,1208,34,1208,34,0,25,5
6,700,21.000000,10000.000000,1,0,20000994,1210,34,1210,34,0,25,5
6,700,21.000000,10000.000000,1,0,20000997,1212,34,1212,34,0,25,5
6,700,21.000000,10000.000000,1,0,20001000,1215,34,1215,34,0,25,5
6,700,21.000000,10000.000000,1,0,20001003,1218,34,1218,34,0,25,5
6,700,21.000000,10000.000000,1,0,20001005,1218,34,1218,34,0,25,5
6,700,21.000000,10000.000000,1,0,20001008,1220,34,1220,34,0,25,5
6,700,21.000000,10000.000000,1,0,20001011,1221,34,1221,34,0,25,5
6,700,21.000000,10000.000000,1,0,20001014,1223,34,1223,34,0,25,5
6,700,21.000000,10000.000000,1,0,20001017,1224,34,1224,34,0,25,5
6,700,21.000000,10000.000000,1,0,20001019,1225,34,1225,34,0,25,5
6,700,21.000000,10000.000000,1,0,20001022,1226,34,1226,34,0,25,5
6,700,21.000000,10000.000000,1,0,20001025,1228,34,1228,34,0,25,5
6,700,21.000000,10000.000000,1,0,20001028,1231,34,1231,34,0,25,5
6,700,21.000000,10000.000000,1,0,20001031,1233,34,1233,34,0,25,5
6,700,21.000000,10000.000000,1,0,20001033,1234,34,1234,34,0,25,5
6,700,21.000000,10000.000000,1,0,20001036,1236,34,1236,34,0,25,5
6,700,21.000000,10000.000000,1,0,20001039,1237,34,1237,34,0,25,5
6,700,21.000000,10000.000000,1,0,20001042,1238,34,1238,34,0,25,5
6,700,21.000000,10000.000000,1,0,20001045,1239,34,1239,34,0,25,5
6,700,21.000000,10000.000000,1,0,20001047,1240,34,1240,34,0,25,5
6,700,21.000000,10000.000000,1,0,20001050,1243,34,1243,34,0,25,5
6,700,21.000000,10000.000000,1,0,20001052,1244,34,1244,34,0,25,5
6,700,21.000000,10000.000000,1,0,20001055,1246,34,1246,34,0,25,5
6,700,21.000000,10000.000000,1,0,20001058,1248,34,1248,34,0,25,5
6,700,21.000000,10000.000000,1,0,20001061,1249,34,1249,34,0,25,5
6,700,21.000000,10000.000000,1,0,20001064,1250,34,1250,34,0,25,5
6,700,21.000000,10000.000000,1,0,20001066,1251,34,1251,34,0,25,5
6,700,21.000000,10000.000000,1,0,20001069,1252,34,1252,34,0,25,5
6,700,21.000000,10000.000000,1,0,20001072,1253,34,1253,34,0,25,5
6,700,21.000000,10000.000000,1,0,20001075,1256,34,1256,34,0,25,5
6,700,21.000000,10000.000000,1,0,20001077,1257,34,1257,34,0,25,5
6,700,21.000000,10000.000000,1,0,20001080,1258,34,1258,34,0,25,5
6,700,21.000000,10000.000000,1,0,20001083,1259,34,1259,34,0,25,5
6,700,21.000000,10000.000000,1,0,20001086,1260,34,1260,34,0,25,5
6,700,21.000000,10000.000000,1,0,20001089,1261,34,1261,34,0,25,5
6,700,21.000000,10000.000000,1,0,20001091,1262,34,1262,34,0,25,5
6,700,21.000000,10000.000000,1,0,20001094,1263,34,1263,34,0,25,5
6,700,21.000000,10000.000000,1,0,20001097,1264,34,1264,34,0,25,5
6,700,21.000000,10000.000000,1,0,20001100,1264,34,1264,34,0,25,5
6,700,21.000000,10000.000000,1,0,20001103,1265,34,1265,34,0,25,5
6,700,21.000000,10000.000000,1,0,20001105,1266,34,1266,34,0,25,5
6,700,21.000000,10000.000000,1,0,20001108,1267,34,1267,34,0,25,5
6,700,21.000000,10000.000000,1,0,20001111,1268,34,1268,34,0,25,5
6,700,21.000000,10000.000000,1,0,20001114,1268,34,1268,34,0,25,5
6,700,21.000000,10000.000000,1,0,20001117,1269,34,1269,34,0,25,5
6,700,21.000000,10000.000000,1,0,20001119,1271,34,1271,34,0,25,5
6,700,21.000000,10000.000000,1,0,20001122,1271,34,1271,34,0,25,5
6,700,21.000000,10000.000000,1,0,20001125,1271,34,1271,34,0,25,5
6,700,21.000000,10000.000000,1,0,20001128,1272,34,1272,34,0,25,5
6,700,21.000000,10000.000000,1,0,20001131,1272,34,1272,34,0,25,5
6,700,21.000000,10000.000000,1,0,20001133,1273,34,1273,34,0,25,5
6,700,21.000000,10000.000000,1,0,20001136,1274,34,1274,34,0,25,5
6,700,21.000000,10000.000000,1,0,20001139,1274,34,1274,34,0,25,5
6,700,21.000000,10000.000000,1,0,20001142,1274,34,1274,34,0,25,5
6,700,21.000000,10000.000000,1,0,20001145,1274,34,1274,34,0,25,5
6,700,21.000000,10000.000000,1,0,20001147,1275,34,1275,34,0,25,5
6,700,21.000000,10000.000000,1,0,20001150,1276,34,1276,34,0,25,5
6,700,21.000000,10000.000000,1,0,20001152,1276,34,1276,34,0,25,5
6,700,21.000000,10000.000000,1,0,20001155,1277,34,1277,34,0,25,5
6,700,21.000000,10000.000000,1,0,20001158,1278,34,1278,34,0,25,5
6,700,21.000000,10000.000000,1,0,20001161,1278,34,1278,34,0,25,5
6,700,21.000000,10000.000000,1,0,20001164,1279,34,1279,34,0,25,5
6,700,21.000000,10000.000000,1,0,20001166,1279,34,1279,34,0,25,5
6,700,21.000000,10000.000000,1,0,20001169,1281,34,1281,34,0,25,5
6,700,21.000000,10000.000000,1,0,20001172,1283,34,1283,34,0,25,5
6,700,21.000000,10000.000000,1,0,20001175,1283,34,1283,34,0,25,5
6,700,21.000000,10000.000000,1,0,20001178,1283,34,1283,34,0,25,5
6,700,21.000000,10000.000000,1,0,20001180,1284,34,1284,34,0,25,5
6,700,21.000000,10000.000000,1,0,20001183,1286,34,1286,34,0,25,5
6,700,21.000000,10000.000000,1,0,20001186,1287,34,1287,34,0,25,5
6,700,21.000000,10000.000000,1,0,20001189,1288,34,1288,34,0,25,5
6,700,21.000000,10000.000000,1,0,20001192,1289,34,1289,34,0,25,5
6,700,21.000000,10000.000000,1,0,20001195,1290,34,1290,34,0,25,5
6,700,21.000000,10000.000000,1,0,20001197,1291,34,1291,34,0,25,5
6,700,21.000000,10000.000000,1,0,20001200,1292,34,1292,34,0,25,5
6,700,21.000000,10000.000000,1,0,20001203,1292,34,1292,34,0,25,5
6,700,21.000000,10000.000000,1,0,20001206,1292,34,1292,34,0,25,5
6,700,21.000000,10000.000000,1,0,20001208,1292,34,1292,34,0,25,5
6,700,21.000000,10000.000000,1,0,20001211,1293,33,1293,33,0,25,5
6,700,21.000000,10000.000000,1,0,20001214,1294,32,1294,32,0,25,5
6,700,21.000000,10000.000000,1,0,20001217,1294,32,1294,32,0,25,5
6,700,21.000000,10000.000000,1,0,20001220,1294,32,1294,32,0,25,5
6,700,21.000000,10000.000000,1,0,20001222,1294,32,1294,32,0,25,5
6,700,21.000000,10000.000000,1,0,20001225,1294,32,1294,32,0,25,5
6,700,21.000000,10000.000000,1,0,20001227,1295,32,1295,32,0,25,5
6,700,21.000000,10000.000000,1,0,20001230,1296,32,1296,32,0,25,5
6,700,21.000000,10000.000000,1,0,20001233,1296,32,1296,32,0,25,5
6,700,21.000000,10000.000000,1,0,20001236,1296,32,1296,32,0,25,5
6,700,21.000000,10000.000000,1,0,20001239,1296,32,1296,32,0,25,5
6,700,21.000000,10000.000000,1,0,20001242,1296,32,1296,32,0,25,5
6,700,21.000000,10000.000000,1,0,20001244,1296,32,1296,32,0,25,5
6,700,21.000000,10000.000000,1,0,20001247,1296,32,1296,32,0,25,5
6,700,21.000000,10000.000000,1,0,20001250,1296,32,1296,32,0,25,5
6,700,21.000000,10000.000000,1,0,20001253,1296,32,1296,32,0,25,5
6,700,21.000000,10000.000000,1,0,20001256,1296,31,1296,31,0,25,5
6,700,21.000000,10000.000000,1,0,20001259,1296,31,1296,31,0,25,5
6,700,21.000000,10000.000000,1,0,20001261,1297,31,1297,31,0,25,5
6,700,21.000000,10000.000000,1,0,20001264,1298,31,1298,31,0,25,5
6,700,21.000000,10000.000000,1,0,20001267,1298,31,1298,31,0,25,5
6,700,21.000000,10000.000000,1,0,20001269,1298,31,1298,31,0,25,5
6,700,21.000000,10000.000000,1,0,20001272,1298,30,1298,30,0,25,5
6,700,21.000000,10000.000000,1,0,20001275,1298,29,1298,29,0,25,5
6,700,21.000000,10000.000000,1,0,20001278,1299,29,1299,29,0,25,5
6,700,21.000000,10000.000000,1,0,20001281,1299,29,1299,29,0,25,5
6,700,21.000000,10000.000000,1,0,20001283,1300,29,1300,29,0,25,5
6,700,21.000000,10000.000000,1,0,20001286,1301,29,1301,29,0,25,5
6,700,21.000000,10000.000000,1,0,20001289,1301,29,1301,29,0,25,5
6,700,21.000000,10000.000000,1,0,20001292,1302,29,1302,29,0,25,5
6,700,21.000000,10000.000000,1,0,20001295,1303,29,1303,29,0,25,5
6,700,21.000000,10000.000000,1,0,20001297,1303,29,1303,29,0,25,5
6,700,21.000000,10000.000000,1,0,20001300,1303,28,1303,28,0,25,5
6,700,21.000000,10000.000000,1,0,20001303,1303,27,1303,27,0,25,5
6,700,21.000000,10000.000000,1,0,20001305,1304,27,1304,27,0,25,5
6,700,21.000000,10000.000000,1,0,20001308,1304,27,1304,27,0,25,5
6,700,21.000000,10000.000000,1,0,20001311,1304,27,1304,27,0,25,5
6,700,21.000000,10000.000000,1,0,20001314,1304,27,1304,27,0,25,5
6,700,21.000000,10000.000000,1,0,20001317,1304,27,1304,27,0,25,5
6,700,21.000000,10000.000000,1,0,20001320,1304,27,1304,27,0,25,5
6,700,21.000000,10000.000000,1,0,20001323,1304,27,1304,27,0,25,5
6,700,21.000000,10000.000000,1,0,20001325,1304,27,1304,27,0,25,5
6,700,21.000000,10000.000000,1,0,20001328,1305,27,1305,27,0,25,5
6,700,21.000000,10000.000000,1,0,20001330,1306,27,1306,27,0,25,5
6,700,21.000000,10000.000000,1,0,20001333,1306,26,1306,26,0,25,5
6,700,21.000000,10000.000000,1,0,20001336,1306,26,1306,26,0,25,5
6,700,21.000000,10000.000000,1,0,20001339,1306,26,1306,26,0,25,5
6,700,21.000000,10000.000000,1,0,20001342,1306,26,1306,26,0,25,5
6,700,21.000000,10000.000000,1,0,20001345,1306,26,1306,26,0,25,5
6,700,21.000000,10000.000000,1,0,20001347,1306,25,1306,25,0,25,5
6,700,21.000000,10000.000000,1,0,20001350,1306,24,1306,24,0,25,5
6,700,21.000000,10000.000000,1,0,20001353,1307,24,1307,24,0,25,5
6,700,21.000000,10000.000000,1,0,20001356,1308,24,1308,24,0,25,5
6,700,21.000000,10000.000000,1,0,20001358,1308,24,1308,24,0,25,5
6,700,21.000000,10000.000000,1,0,20001361,1308,24,1308,24,0,25,5
6,700,21.000000,10000.000000,1,0,20001364,1308,24,1308,24,0,25,5
6,700,21.000000,10000.000000,1,0,20001367,1308,24,1308,24,0,25,5
6,700,21.000000,10000.000000,1,0,20001370,1308,24,1308,24,0,25,5
6,700,21.000000,10000.000000,1,0,20001372,1308,24,1308,24,0,25,5
6,700,21.000000,10000.000000,1,0,20001375,1308,24,1308,24,0,25,5
6,700,21.000000,10000.000000,1,0,20001378,1308,24,1308,24,0,25,5
6,700,21.000000,10000.000000,1,0,20001380,1308,24,1308,24,0,25,5
6,700,21.000000,10000.000000,1,0,20001383,1308,24,1308,24,0,25,5
6,700,21.000000,10000.000000,1,0,20001386,1308,24,1308,24,0,25,5
6,700,21.000000,10000.000000,1,0,20001389,1308,24,1308,24,0,25,5
6,700,21.000000,10000.000000,1,0,20001392,1308,24,1308,24,0,25,5
6,700,21.000000,10000.000000,1,0,20001395,1308,24,1308,24,0,25,5
6,700,21.000000,10000.000000,1,0,20001397,1308,24,1308,24,0,25,5
6,700,21.000000,10000.000000,1,0,20001400,1308,24,1308,24,0,25,5
6,700,21.000000,10000.000000,1,0,20001403,1308,24,1308,24,0,25,5
6,700,21.000000,10000.000000,1,0,20001406,1308,24,1308,24,0,25,5
6,700,21.000000,10000.000000,1,0,20001408,1308,23,1308,23,0,25,5
6,700,21.000000,10000.000000,1,0,20001411,1308,22,1308,22,0,25,5
6,700,21.000000,10000.000000,1,0,20001414,1308,22,1308,22,0,25,5
6,700,21.000000,10000.000000,1,0,20001417,1308,22,1308,22,0,25,5
6,700,21.000000,10000.000000,1,0,20001420,1309,22,1309,22,0,25,5
6,700,21.000000,10000.000000,1,0,20001422,1309,22,1309,22,0,25,5
6,700,21.000000,10000.000000,1,0,20001425,1309,21,1309,21,0,25,5
6,700,21.000000,10000.000000,1,0,20001428,1309,20,1309,20,0,25,5
6,700,21.000000,10000.000000,1,0,20001431,1309,20,1309,20,0,25,5
6,700,21.000000,10000.000000,1,0,20001433,1309,20,1309,20,0,25,5
6,700,21.000000,10000.000000,1,0,20001436,1309,20,1309,20,0,25,5
6,700,21.000000,10000.000000,1,0,20001439,1309,20,1309,20,0,25,5
6,700,21.000000,10000.000000,1,0,20001442,1309,20,1309,20,0,25,5
6,700,21.000000,10000.000000,1,0,20001445,1309,20,1309,20,0,25,5
6,700,21.000000,10000.000000,1,0,20001447,1309,20,1309,20,0,25,5
6,700,21.000000,10000.000000,1,0,20001450,1309,20,1309,20,0,25,5
6,700,21.000000,10000.000000,1,0,20001453,1309,19,1309,19,0,25,5
6,700,21.000000,10000.000000,1,0,20001456,1309,18,1309,18,0,25,5
6,700,21.000000,10000.000000,1,0,20001459,1309,18,1309,18,0,25,5
6,700,21.000000,10000.000000,1,0,20001461,1309,18,1309,18,0,25,5
6,700,21.000000,10000.000000,1,0,20001464,1309,18,1309,18,0,25,5
6,700,21.000000,10000.000000,1,0,20001467,1309,18,1309,18,0,25,5
6,700,21.000000,10000.000000,1,0,20001470,1309,17,1309,17,0,25,5
6,700,21.000000,10000.000000,1,0,20001472,1309,16,1309,16,0,25,5
6,700,21.000000,10000.000000,1,0,20001475,1309,16,1309,16,0,25,5
6,700,21.000000,10000.000000,1,0,20001478,1309,16,1309,16,0,25,5
6,700,21.000000,10000.000000,1,0,20001481,1309,16,1309,16,0,25,5
6,700,21.000000,10000.000000,1,0,20001483,1309,15,1309,15,0,25,5
6,700,21.000000,10000.000000,1,0,20001486,1310,15,1310,15,0,25,5
6,700,21.000000,10000.000000,1,0,20001489,1311,15,1311,15,0,25,5
6,700,21.000000,10000.000000,1,0,20001492,1311,15,1311,15,0,25,5
6,700,21.000000,10000.000000,1,0,20001495,1311,15,1311,15,0,25,5
6,700,21.000000,10000.000000,1,0,20001497,1311,15,1311,15,0,25,5
6,700,21.000000,10000.000000,1,0,20001500,1311,15,1311,15,0,25,5
6,700,21.000000,10000.000000,1,0,20001503,1311,15,1311,15,0,25,5
6,700,21.000000,10000.000000,1,0,20001506,1311,15,1311,15,0,25,5
6,700,21.000000,10000.000000,1,0,20001509,1311,15,1311,15,0,25,5
6,700,21.000000,10000.000000,1,0,20001511,1311,15,1311,15,0,25,5
6,700,21.000000,10000.000000,1,0,20001514,1311,15,1311,15,0,25,5
6,700,21.000000,10000.000000,1,0,20001517,1311,15,1311,15,0,25,5
6,700,21.000000,10000.000000,1,0,20001519,1311,15,1311,15,0,25,5
6,700,21.000000,10000.000000,1,0,20001522,1311,15,1311,15,0,25,5
6,700,21.000000,10000.000000,1,0,20001525,1311,15,1311,15,0,25,5
6,700,21.000000,10000.000000,1,0,20001528,1311,15,1311,15,0,25,5
6,700,21.000000,10000.000000,1,0,20001530,1311,15,1311,15,0,25,5
6,700,21.000000,10000.000000,1,0,20001533,1311,15,1311,15,0,25,5
6,700,21.000000,10000.000000,1,0,20001536,1311,15,1311,15,0,25,5
6,700,21.000000,10000.000000,1,0,20001539,1311,15,1311,15,0,25,5
6,700,21.000000,10000.000000,1,0,20001542,1311,15,1311,15,0,25,5
6,700,21.000000,10000.000000,1,0,20001545,1311,15,1311,15,0,25,5
6,700,21.000000,10000.000000,1,0,20001547,1311,15,1311,15,0,25,5
6,700,21.000000,10000.000000,1,0,20001550,1311,15,1311,15,0,25,5
6,700,21.000000,10000.000000,1,0,20001553,1311,15,1311,15,0,25,5
6,700,21.000000,10000.000000,1,0,20001556,1311,15,1311,15,0,25,5
6,700,21.000000,10000.000000,1,0,20001558,1311,15,1311,15,0,25,5
6,700,21.000000,10000.000000,1,0,20001561,1311,15,1311,15,0,25,5
6,700,21.000000,10000.000000,1,0,20001564,1311,15,1311,15,0,25,5
6,700,21.000000,10000.000000,1,0,20001567,1311,15,1311,15,0,25,5
6,700,21.000000,10000.000000,1,0,20001569,1311,15,1311,15,0,25,5
6,700,21.000000,10000.000000,1,0,20001572,1311,15,1311,15,0,25,5
6,700,21.000000,10000.000000,1,0,20001575,1311,15,1311,15,0,25,5
6,700,21.000000,10000.000000,1,0,20001578,1311,15,1311,15,0,25,5
6,700,21.000000,10000.000000,1,0,20001581,1311,15,1311,15,0,25,5
6,700,21.000000,10000.000000,1,0,20001584,1311,15,1311,15,0,25,5
6,700,21.000000,10000.000000,1,0,20001586,1311,15,1311,15,0,25,5
6,700,21.000000,10000.000000,1,0,20001589,1311,15,1311,15,0,25,5
6,700,21.000000,10000.000000,1,0,20001592,1311,15,1311,15,0,25,5
6,700,21.000000,10000.000000,1,0,20001605,1311,15,1311,15,0,25,5
