6,350,21.000000,42.000000,2,0,1226810333,780,2,780,2,0,49,9
6,350,21.000000,42.000000,2,0,1226810334,780,2,780,2,0,49,9
6,350,21.000000,42.000000,2,0,1226810337,780,2,780,2,0,49,9
6,350,21.000000,42.000000,2,0,1226810340,780,2,780,2,0,49,9
6,350,21.000000,42.000000,2,0,1226810343,780,2,780,2,0,49,9
6,350,21.000000,42.000000,2,0,1226810346,780,2,780,2,0,49,9
6,350,21.000000,42.000000,2,0,1226810348,780,2,780,2,0,49,9
6,350,21.000000,42.000000,2,0,1226810351,780,2,780,2,0,49,9
6,350,21.000000,42.000000,2,0,1226810354,780,2,780,2,0,49,9
6,350,21.000000,42.000000,2,0,1226810357,780,2,780,2,0,49,9
6,350,21.000000,42.000000,2,0,1226810359,780,2,780,2,0,49,9
6,350,21.000000,42.000000,2,0,1226810362,780,2,780,2,0,49,9
6,350,21.000000,42.000000,2,0,1226810365,780,2,780,2,0,49,9
6,350,21.000000,42.000000,2,0,1226810368,780,2,780,2,0,49,9
6,350,21.000000,42.000000,2,0,1226810370,780,2,780,2,0,49,9
6,350,21.000000,42.000000,2,0,1226810373,780,2,780,2,0,49,9
6,350,21.000000,42.000000,2,0,1226810376,780,2,780,2,0,49,9
6,350,21.000000,42.000000,2,0,1226810379,780,2,780,2,0,49,9
6,350,21.000000,42.000000,2,0,1226810382,780,2,780,2,0,49,9
6,350,21.000000,42.000000,2,0,1226810384,780,2,780,2,0,49,9
6,350,21.000000,42.000000,2,0,1226810387,780,2,780,2,0,49,9
6,350,21.000000,42.000000,2,0,1226810390,780,2,780,2,0,49,9
6,350,21.000000,42.000000,2,0,1226810393,780,2,780,2,0,49,9
6,350,21.000000,42.000000,2,0,1226810395,780,2,780,2,0,49,9
6,350,21.000000,42.000000,2,0,1226810398,780,2,780,2,0,49,9
6,350,21.000000,42.000000,2,0,1226810401,780,2,780,2,0,49,9
6,350,21.000000,42.000000,2,0,1226810404,780,2,780,2,0,49,9
6,350,21.000000,42.000000,2,0,1226810407,780,2,780,2,0,49,9
6,350,21.000000,42.000000,2,0,1226810409,780,2,780,2,0,49,9
6,350,21.000000,42.000000,2,0,1226810412,780,2,780,2,0,49,9
6,350,21.000000,42.000000,2,0,1226810415,780,2,780,2,0,49,9
6,350,21.000000,42.000000,2,0,1226810418,780,2,780,2,0,49,9
6,350,21.000000,42.000000,2,0,1226810421,780,2,780,2,0,49,9
6,350,21.000000,42.000000,2,0,1226810423,780,2,780,2,0,49,9
6,350,21.000000,42.000000,2,0,1226810426,780,2,780,2,0,49,9
6,350,21.000000,42.000000,2,0,1226810429,780,2,780,2,0,49,9
6,350,21.000000,42.000000,2,0,1226810431,780,2,780,2,0,49,9
6,350,21.000000,42.000000,2,0,1226810434,780,2,780,2,0,49,9
6,350,21.000000,42.000000,2,0,1226810437,780,2,780,2,0,49,9
6,350,21.000000,42.000000,2,0,1226810440,780,2,780,2,0,49,9
6,350,21.000000,42.000000,2,0,1226810443,780,2,780,2,0,49,9
6,350,21.000000,42.000000,2,0,1226810445,780,2,780,2,0,49,9
6,350,21.000000,42.000000,2,0,1226810448,780,2,780,2,0,49,9
6,350,21.000000,42.000000,2,0,1226810451,780,2,780,2,0,49,9
6,350,21.000000,42.000000,2,0,1226810454,780,3,780,3,0,49,9
6,350,21.000000,42.000000,2,0,1226810457,782,5,782,5,0,49,9
6,350,21.000000,42.000000,2,0,1226810459,783,7,783,7,0,49,9
6,350,21.000000,42.000000,2,0,1226810462,785,9,785,9,0,49,9
6,350,21.000000,42.000000,2,0,1226810465,785,12,785,12,0,49,9
6,350,21.000000,42.000000,2,0,1226810468,789,16,789,16,0,49,9
6,350,21.000000,42.000000,2,0,1226810470,790,19,790,19,0,49,9
6,350,21.000000,42.000000,2,0,1226810473,794,21,794,21,0,49,9
6,350,21.000000,42.000000,2,0,1226810476,798,24,798,24,0,49,9
6,350,21.000000,42.000000,2,0,1226810479,800,26,800,26,0,49,9
6,350,21.000000,42.000000,2,0,1226810481,802,28,802,28,0,49,9
6,350,21.000000,42.000000,2,0,1226810484,807,32,807,32,0,49,9
6,350,21.000000,42.000000,2,0,1226810487,809,37,809,37,0,49,9
6,350,21.000000,42.000000,2,0,1226810490,813,41,813,41,0,49,9
6,350,21.000000,42.000000,2,0,1226810492,817,44,817,44,0,49,9
6,350,21.000000,42.000000,2,0,1226810496,823,49,823,49,0,49,9
6,350,21.000000,42.000000,2,0,1226810498,825,51,825,51,0,49,9
6,350,21.000000,42.000000,2,0,1226810501,830,54,830,54,0,49,9
6,350,21.000000,42.000000,2,0,1226810504,837,57,837,57,0,49,9
6,350,21.000000,42.000000,2,0,1226810506,842,60,842,60,0,49,9
6,350,21.000000,42.000000,2,0,1226810509,847,64,847,64,0,49,9
6,350,21.000000,42.000000,2,0,1226810512,857,68,857,68,0,49,9
6,350,21.000000,42.000000,2,0,1226810515,861,72,861,72,0,49,9
6,350,21.000000,42.000000,2,0,1226810518,866,74,866,74,0,49,9
6,350,21.000000,42.000000,2,0,1226810521,875,78,875,78,0,49,9
6,350,21.000000,42.000000,2,0,1226810523,884,80,884,80,0,49,9
6,350,21.000000,42.000000,2,0,1226810526,890,84,890,84,0,49,9
6,350,21.000000,42.000000,2,0,1226810529,899,87,899,87,0,49,9
6,350,21.000000,42.000000,2,0,1226810531,910,91,910,91,0,49,9
6,350,21.000000,42.000000,2,0,1226810534,917,93,917,93,0,49,9
6,350,21.000000,42.000000,2,0,1226810537,927,97,927,97,0,49,9
6,350,21.000000,42.000000,2,0,1226810540,938,100,938,100,0,49,9
6,350,21.000000,42.000000,2,0,1226810543,949,103,949,103,0,49,9
6,350,21.000000,42.000000,2,0,1226810545,960,106,960,106,0,49,9
6,350,21.000000,42.000000,2,0,1226810548,971,109,971,109,0,49,9
6,350,21.000000,42.000000,2,0,1226810551,978,111,978,111,0,49,9
6,350,21.000000,42.000000,2,0,1226810554,988,114,988,114,0,49,9
6,350,21.000000,42.000000,2,0,1226810557,1001,116,1001,116,0,49,9
6,350,21.000000,42.000000,2,0,1226810560,1012,118,1012,118,0,49,9
6,350,21.000000,42.000000,2,0,1226810562,1024,120,1024,120,0,49,9
6,350,21.000000,42.000000,2,0,1226810565,1030,120,1030,120,0,49,9
6,350,21.000000,42.000000,2,0,1226810568,1041,122,1041,122,0,49,9
6,350,21.000000,42.000000,2,0,1226810570,1051,123,1051,123,0,49,9
6,350,21.000000,42.000000,2,0,1226810573,1065,124,1065,124,0,49,9
6,350,21.000000,42.000000,2,0,1226810576,1072,125,1072,125,0,49,9
6,350,21.000000,42.000000,2,0,1226810579,1082,125,1082,125,0,49,9
6,350,21.000000,42.000000,2,0,1226810581,1092,126,1092,126,0,49,9
6,350,21.000000,42.000000,2,0,1226810585,1100,126,1100,126,0,49,9
6,350,21.000000,42.000000,2,0,1226810587,1105,127,1105,127,0,49,9
6,350,21.000000,42.000000,2,0,1226810590,1112,127,1112,127,0,49,9
6,350,21.000000,42.000000,2,0,1226810593,1119,128,1119,128,0,49,9
6,350,21.000000,42.000000,2,0,1226810596,1125,128,1125,128,0,49,9
6,350,21.000000,42.000000,2,0,1226810598,1131,128,1131,128,0,49,9
6,350,21.000000,42.000000,2,0,1226810601,1134,128,1134,128,0,49,9
6,350,21.000000,42.000000,2,0,1226810604,1137,128,1137,128,0,49,9
6,350,21.000000,42.000000,2,0,1226810606,1140,127,1140,127,0,49,9
6,350,21.000000,42.000000,2,0,1226810609,1143,126,1143,126,0,49,9
6,350,21.000000,42.000000,2,0,1226810612,1145,124,1145,124,0,49,9
6,350,21.000000,42.000000,2,0,1226810615,1147,123,1147,123,0,49,9
6,350,21.000000,42.000000,2,0,1226810618,1148,122,1148,122,0,49,9
6,350,21.000000,42.000000,2,0,1226810621,1152,121,1152,121,0,49,9
6,350,21.000000,42.000000,2,0,1226810623,1154,121,1154,121,0,49,9
6,350,21.000000,42.000000,2,0,1226810626,1155,121,1155,121,0,49,9
6,350,21.000000,42.000000,2,0,1226810629,1156,119,1156,119,0,49,9
6,350,21.000000,42.000000,2,0,1226810632,1156,118,1156,118,0,49,9
6,350,21.000000,42.000000,2,0,1226810635,1156,117,1156,117,0,49,9
6,350,21.000000,42.000000,2,0,1226810637,1156,116,1156,116,0,49,9
6,350,21.000000,42.000000,2,0,1226810640,1157,115,1157,115,0,49,9
6,350,21.000000,42.000000,2,0,1226810643,1157,114,1157,114,0,49,9
6,350,21.000000,42.000000,2,0,1226810646,1157,113,1157,113,0,49,9
6,350,21.000000,42.000000,2,0,1226810648,1157,112,1157,112,0,49,9
6,350,21.000000,42.000000,2,0,1226810651,1157,111,1157,111,0,49,9
6,350,21.000000,42.000000,2,0,1226810654,1157,109,1157,109,0,49,9
6,350,21.000000,42.000000,2,0,1226810657,1157,108,1157,108,0,49,9
6,350,21.000000,42.000000,2,0,1226810660,1158,108,1158,108,0,49,9
6,350,21.000000,42.000000,2,0,1226810662,1159,108,1159,108,0,49,9
6,350,21.000000,42.000000,2,0,1226810665,1159,106,1159,106,0,49,9
6,350,21.000000,42.000000,2,0,1226810668,1159,105,1159,105,0,49,9
6,350,21.000000,42.000000,2,0,1226810670,1159,104,1159,104,0,49,9
6,350,21.000000,42.000000,2,0,1226810673,1159,103,1159,103,0,49,9
6,350,21.000000,42.000000,2,0,1226810676,1159,102,1159,102,0,49,9
6,350,21.000000,42.000000,2,0,1226810679,1159,101,1159,101,0,49,9
6,350,21.000000,42.000000,2,0,1226810682,1159,98,1159,98,0,49,9
6,350,21.000000,42.000000,2,0,1226810684,1160,97,1160,97,0,49,9
6,350,21.000000,42.000000,2,0,1226810687,1161,96,1161,96,0,49,9
6,350,21.000000,42.000000,2,0,1226810690,1162,95,1162,95,0,49,9
6,350,21.000000,42.000000,2,0,1226810693,1163,94,1163,94,0,49,9
6,350,21.000000,42.000000,2,0,1226810696,1164,94,1164,94,0,49,9
6,350,21.000000,42.000000,2,0,1226810698,1165,93,1165,93,0,49,9
6,350,21.000000,42.000000,2,0,1226810701,1166,92,1166,92,0,49,9
6,350,21.000000,42.000000,2,0,1226810704,1167,90,1167,90,0,49,9
6,350,21.000000,42.000000,2,0,1226810707,1168,88,1168,88,0,49,9
6,350,21.000000,42.000000,2,0,1226810709,1168,87,1168,87,0,49,9
6,350,21.000000,42.000000,2,0,1226810712,1168,85,1168,85,0,49,9
6,350,21.000000,42.000000,2,0,1226810715,1169,85,1169,85,0,49,9
6,350,21.000000,42.000000,2,0,1226810718,1170,84,1170,84,0,49,9
6,350,21.000000,42.000000,2,0,1226810720,1170,83,1170,83,0,49,9
6,350,21.000000,42.000000,2,0,1226810723,1170,81,1170,81,0,49,9
6,350,21.000000,42.000000,2,0,1226810726,1170,81,1170,81,0,49,9
6,350,21.000000,42.000000,2,0,1226810729,1170,81,1170,81,0,49,9
6,350,21.000000,42.000000,2,0,1226810732,1170,79,1170,79,0,49,9
6,350,21.000000,42.000000,2,0,1226810735,1170,78,1170,78,0,49,9
6,350,21.000000,42.000000,2,0,1226810737,1170,77,1170,77,0,49,9
6,350,21.000000,42.000000,2,0,1226810740,1170,76,1170,76,0,49,9
6,350,21.000000,42.000000,2,0,1226810743,1170,76,1170,76,0,49,9
6,350,21.000000,42.000000,2,0,1226810746,1170,75,1170,75,0,49,9
6,350,21.000000,42.000000,2,0,1226810749,1170,73,1170,73,0,49,9
6,350,21.000000,42.000000,2,0,1226810751,1170,71,1170,71,0,49,9
6,350,21.000000,42.000000,2,0,1226810754,1170,71,1170,71,0,49,9
6,350,21.000000,42.000000,2,0,1226810757,1170,71,1170,71,0,49,9
6,350,21.000000,42.000000,2,0,1226810760,1170,70,1170,70,0,49,9
6,350,21.000000,42.000000,2,0,1226810762,1170,69,1170,69,0,49,9
6,350,21.000000,42.000000,2,0,1226810765,1170,68,1170,68,0,49,9
6,350,21.000000,42.000000,2,0,1226810768,1169,66,1169,66,0,49,9
6,350,21.000000,42.000000,2,0,1226810770,1168,64,1168,64,0,49,9
6,350,21.000000,42.000000,2,0,1226810773,1167,63,1167,63,0,49,9
6,350,21.000000,42.000000,2,0,1226810776,1167,63,1167,63,0,49,9
6,350,21.000000,42.000000,2,0,1226810779,1166,63,1166,63,0,49,9
6,350,21.000000,42.000000,2,0,1226810782,1165,63,1165,63,0,49,9
6,350,21.000000,42.000000,2,0,1226810785,1165,63,1165,63,0,49,9
6,350,21.000000,42.000000,2,0,1226810787,1165,62,1165,62,0,49,9
6,350,21.000000,42.000000,2,0,1226810790,1165,62,1165,62,0,49,9
6,350,21.000000,42.000000,2,0,1226810793,1165,62,1165,62,0,49,9
6,350,21.000000,42.000000,2,0,1226810796,1165,62,1165,62,0,49,9
6,350,21.000000,42.000000,2,0,1226810799,1164,61,1164,61,0,49,9
6,350,21.000000,42.000000,2,0,1226810801,1162,60,1162,60,0,49,9
6,350,21.000000,42.000000,2,0,1226810804,1160,59,1160,59,0,49,9
6,350,21.000000,42.000000,2,0,1226810807,1160,59,1160,59,0,49,9
6,350,21.000000,42.000000,2,0,1226810810,1160,58,1160,58,0,49,9
6,350,21.000000,42.000000,2,0,1226810812,1160,56,1160,56,0,49,9
6,350,21.000000,42.000000,2,0,1226810815,1160,54,1160,54,0,49,9
6,350,21.000000,42.000000,2,0,1226810818,1160,52,1160,52,0,49,9
6,350,21.000000,42.000000,2,0,1226810821,1160,50,1160,50,0,49,9
6,350,21.000000,42.000000,2,0,1226810823,1159,50,1159,50,0,49,9
6,350,21.000000,42.000000,2,0,1226810826,1159,49,1159,49,0,49,9
6,350,21.000000,42.000000,2,0,1226810829,1159,48,1159,48,0,49,9
6,350,21.000000,42.000000,2,0,1226810832,1158,47,1158,47,0,49,9
6,350,21.000000,42.000000,2,0,1226810835,1157,46,1157,46,0,49,9
6,350,21.000000,42.000000,2,0,1226810838,1156,45,1156,45,0,49,9
6,350,21.000000,42.000000,2,0,1226810840,1156,44,1156,44,0,49,9
6,350,21.000000,42.000000,2,0,1226810843,1156,43,1156,43,0,49,9
6,350,21.000000,42.000000,2,0,1226810846,1155,41,1155,41,0,49,9
6,350,21.000000,42.000000,2,0,1226810849,1154,39,1154,39,0,49,9
6,350,21.000000,42.000000,2,0,1226810851,1154,39,1154,39,0,49,9
6,350,21.000000,42.000000,2,0,1226810854,1154,38,1154,38,0,49,9
6,350,21.000000,42.000000,2,0,1226810857,1154,37,1154,37,0,49,9
6,350,21.000000,42.000000,2,0,1226810860,1153,35,1153,35,0,49,9
6,350,21.000000,42.000000,2,0,1226810863,1152,35,1152,35,0,49,9
6,350,21.000000,42.000000,2,0,1226810865,1152,33,1152,33,0,49,9
6,350,21.000000,42.000000,2,0,1226810868,1152,31,1152,31,0,49,9
6,350,21.000000,42.000000,2,0,1226810871,1151,30,1151,30,0,49,9
6,350,21.000000,42.000000,2,0,1226810874,1151,28,1151,28,0,49,9
6,350,21.000000,42.000000,2,0,1226810876,1149,28,1149,28,0,49,9
6,350,21.000000,42.000000,2,0,1226810879,1149,27,1149,27,0,49,9
6,350,21.000000,42.000000,2,0,1226810882,1149,26,1149,26,0,49,9
6,350,21.000000,42.000000,2,0,1226810884,1149,25,1149,25,0,49,9
6,350,21.000000,42.000000,2,0,1226810887,1148,25,1148,25,0,49,9
6,350,21.000000,42.000000,2,0,1226810890,1148,24,1148,24,0,49,9
6,350,21.000000,42.000000,2,0,1226810893,1147,24,1147,24,0,49,9
6,350,21.000000,42.000000,2,0,1226810896,1146,24,1146,24,0,49,9
6,350,21.000000,42.000000,2,0,1226810899,1145,24,1145,24,0,49,9
6,350,21.000000,42.000000,2,0,1226810901,1145,22,1145,22,0,49,9
6,350,21.000000,42.000000,2,0,1226810904,1144,22,1144,22,0,49,9
6,350,21.000000,42.000000,2,0,1226810907,1143,22,1143,22,0,49,9
6,350,21.000000,42.000000,2,0,1226810910,1143,22,1143,22,0,49,9
6,350,21.000000,42.000000,2,0,1226810913,1142,21,1142,21,0,49,9
6,350,21.000000,42.000000,2,0,1226810915,1141,20,1141,20,0,49,9
6,350,21.000000,42.000000,2,0,1226810918,1140,20,1140,20,0,49,9
6,350,21.000000,42.000000,2,0,1226810920,1140,19,1140,19,0,49,9
6,350,21.000000,42.000000,2,0,1226810923,1140,18,1140,18,0,49,9
6,350,21.000000,42.000000,2,0,1226810926,1140,18,1140,18,0,49,9
6,350,21.000000,42.000000,2,0,1226810929,1140,18,1140,18,0,49,9
6,350,21.000000,42.000000,2,0,1226810932,1140,18,1140,18,0,49,9
6,350,21.000000,42.000000,2,0,1226810934,1140,18,1140,18,0,49,9
6,350,21.000000,42.000000,2,0,1226810938,1140,18,1140,18,0,49,9
6,350,21.000000,42.000000,2,0,1226810940,1140,17,1140,17,0,49,9
6,350,21.000000,42.000000,2,0,1226810943,1140,16,1140,16,0,49,9
6,350,21.000000,42.000000,2,0,1226810946,1140,16,1140,16,0,49,9
6,350,21.000000,42.000000,2,0,1226810949,1140,16,1140,16,0,49,9
6,350,21.000000,42.000000,2,0,1226810951,1140,15,1140,15,0,49,9
6,350,21.000000,42.000000,2,0,1226810954,1140,14,1140,14,0,49,9
6,350,21.000000,42.000000,2,0,1226810957,1140,14,1140,14,0,49,9
6,350,21.000000,42.000000,2,0,1226810960,1140,14,1140,14,0,49,9
6,350,21.000000,42.000000,2,0,1226810962,1140,14,1140,14,0,49,9
6,350,21.000000,42.000000,2,0,1226810965,1140,13,1140,13,0,49,9
6,350,21.000000,42.000000,2,0,1226810968,1140,13,1140,13,0,49,9
6,350,21.000000,42.000000,2,0,1226810971,1139,13,1139,13,0,49,9
6,350,21.000000,42.000000,2,0,1226810973,1138,12,1138,12,0,49,9
6,350,21.000000,42.000000,2,0,1226810976,1138,11,1138,11,0,49,9
6,350,21.000000,42.000000,2,0,1226810979,1138,10,1138,10,0,49,9
6,350,21.000000,42.000000,2,0,1226810982,1137,10,1137,10,0,49,9
6,350,21.000000,42.000000,2,0,1226810985,1137,10,1137,10,0,49,9
6,350,21.000000,42.000000,2,0,1226810987,1137,9,1137,9,0,49,9
6,350,21.000000,42.000000,2,0,1226810990,1137,9,1137,9,0,49,9
6,350,21.000000,42.000000,2,0,1226810993,1136,8,1136,8,0,49,9
6,350,21.000000,42.000000,2,0,1226810996,1134,6,1134,6,0,49,9
6,350,21.000000,42.000000,2,0,1226810998,1134,6,1134,6,0,49,9
6,350,21.000000,42.000000,2,0,1226811001,1134,5,1134,5,0,49,9
6,350,21.000000,42.000000,2,0,1226811004,1134,5,1134,5,0,49,9
6,350,21.000000,42.000000,2,0,1226811007,1134,5,1134,5,0,49,9
6,350,21.000000,42.000000,2,0,1226811010,1134,4,1134,4,0,49,9
6,350,21.000000,42.000000,2,0,1226811012,1134,3,1134,3,0,49,9
6,350,21.000000,42.000000,2,0,1226811015,1134,3,1134,3,0,49,9
6,350,21.000000,42.000000,2,0,1226811018,1134,3,1134,3,0,49,9
6,350,21.000000,42.000000,2,0,1226811021,1134,3,1134,3,0,49,9
6,350,21.000000,42.000000,2,0,1226811024,1134,3,1134,3,0,49,9
6,350,21.000000,42.000000,2,0,1226811026,1134,3,1134,3,0,49,9
6,350,21.000000,42.000000,2,0,1226811029,1134,3,1134,3,0,49,9
6,350,21.000000,42.000000,2,0,1226811032,1134,3,1134,3,0,49,9
6,350,21.000000,42.000000,2,0,1226811035,1134,3,1134,3,0,49,9
6,350,21.000000,42.000000,2,0,1226811037,1134,3,1134,3,0,49,9
6,350,21.000000,42.000000,2,0,1226811040,1134,3,1134,3,0,49,9
6,350,21.000000,42.000000,2,0,1226811043,1134,3,1134,3,0,49,9
6,350,21.000000,42.000000,2,0,1226811046,1134,3,1134,3,0,49,9
6,350,21.000000,42.000000,2,0,1226811049,1134,3,1134,3,0,49,9
6,350,21.000000,42.000000,2,0,1226811051,1134,3,1134,3,0,49,9
6,350,21.000000,42.000000,2,0,1226811054,1134,3,1134,3,0,49,9
6,350,21.000000,42.000000,2,0,1226811057,1134,3,1134,3,0,49,9
6,350,21.000000,42.000000,2,0,1226811060,1134,3,1134,3,0,49,9
6,350,21.000000,42.000000,2,0,1226811063,1134,3,1134,3,0,49,9
6,350,21.000000,42.000000,2,0,1226811065,1134,3,1134,3,0,49,9
6,350,21.000000,42.000000,2,0,1226811068,1134,3,1134,3,0,49,9
6,350,21.000000,42.000000,2,0,1226811071,1134,3,1134,3,0,49,9
6,350,21.000000,42.000000,2,0,1226811074,1134,3,1134,3,0,49,9
6,350,21.000000,42.000000,2,0,1226811076,1134,3,1134,3,0,49,9
6,350,21.000000,42.000000,2,0,1226811090,1134,3,1134,3,0,49,9
