6,350,80.500000,0.000000,2,0,1226864948,805,0,805,0,0,52,4
6,350,80.500000,0.000000,2,0,1226864949,805,0,805,0,0,52,4
6,350,80.500000,0.000000,2,0,1226864952,805,0,805,0,0,52,4
6,350,80.500000,0.000000,2,0,1226864955,805,0,805,0,0,52,4
6,350,80.500000,0.000000,2,0,1226864957,805,0,805,0,0,52,4
6,350,80.500000,0.000000,2,0,1226864960,805,0,805,0,0,52,4
6,350,80.500000,0.000000,2,0,1226864963,805,0,805,0,0,52,4
6,350,80.500000,0.000000,2,0,1226864966,805,0,805,0,0,52,4
6,350,80.500000,0.000000,2,0,1226864968,805,0,805,0,0,52,4
6,350,80.500000,0.000000,2,0,1226864971,805,0,805,0,0,52,4
6,350,80.500000,0.000000,2,0,1226864974,805,0,805,0,0,52,4
6,350,80.500000,0.000000,2,0,1226864977,805,0,805,0,0,52,4
6,350,80.500000,0.000000,2,0,1226864980,805,0,805,0,0,52,4
6,350,80.500000,0.000000,2,0,1226864982,805,0,805,0,0,52,4
6,350,80.500000,0.000000,2,0,1226864985,805,0,805,0,0,52,4
6,350,80.500000,0.000000,2,0,1226864988,805,0,805,0,0,52,4
6,350,80.500000,0.000000,2,0,1226864991,805,0,805,0,0,52,4
6,350,80.500000,0.000000,2,0,1226864994,805,0,805,0,0,52,4
6,350,80.500000,0.000000,2,0,1226864996,805,0,805,0,0,52,4
6,350,80.500000,0.000000,2,0,1226864999,805,0,805,0,0,52,4
6,350,80.500000,0.000000,2,0,1226865002,805,0,805,0,0,52,4
6,350,80.500000,0.000000,2,0,1226865005,805,0,805,0,0,52,4
6,350,80.500000,0.000000,2,0,1226865008,805,0,805,0,0,52,4
6,350,80.500000,0.000000,2,0,1226865010,805,0,805,0,0,52,4
6,350,80.500000,0.000000,2,0,1226865013,805,0,805,0,0,52,4
6,350,80.500000,0.000000,2,0,1226865016,805,0,805,0,0,52,4
6,350,80.500000,0.000000,2,0,1226865019,805,0,805,0,0,52,4
6,350,80.500000,0.000000,2,0,1226865021,805,0,805,0,0,52,4
6,350,80.500000,0.000000,2,0,1226865024,805,0,805,0,0,52,4
6,350,80.500000,0.000000,2,0,1226865027,805,0,805,0,0,52,4
6,350,80.500000,0.000000,2,0,1226865029,805,0,805,0,0,52,4
6,350,80.500000,0.000000,2,0,1226865033,805,0,805,0,0,52,4
6,350,80.500000,0.000000,2,0,1226865035,805,0,805,0,0,52,4
6,350,80.500000,0.000000,2,0,1226865038,805,0,805,0,0,52,4
6,350,80.500000,0.000000,2,0,1226865041,805,0,805,0,0,52,4
6,350,80.500000,0.000000,2,0,1226865044,805,0,805,0,0,52,4
6,350,80.500000,0.000000,2,0,1226865046,805,0,805,0,0,52,4
6,350,80.500000,0.000000,2,0,1226865049,805,0,805,0,0,52,4
6,350,80.500000,0.000000,2,0,1226865052,805,0,805,0,0,52,4
6,350,80.500000,0.000000,2,0,1226865055,805,0,805,0,0,52,4
6,350,80.500000,0.000000,2,0,1226865058,805,1,805,1,0,52,4
6,350,80.500000,0.000000,2,0,1226865060,806,1,806,1,0,52,4
6,350,80.500000,0.000000,2,0,1226865063,806,2,806,2,0,52,4
6,350,80.500000,0.000000,2,0,1226865066,808,3,808,3,0,52,4
6,350,80.500000,0.000000,2,0,1226865069,810,4,810,4,0,52,4
6,350,80.500000,0.000000,2,0,1226865072,811,5,811,5,0,52,4
6,350,80.500000,0.000000,2,0,1226865074,812,7,812,7,0,52,4
6,350,80.500000,0.000000,2,0,1226865077,815,8,815,8,0,52,4
6,350,80.500000,0.000000,2,0,1226865080,818,10,818,10,0,52,4
6,350,80.500000,0.000000,2,0,1226865082,821,10,821,10,0,52,4
6,350,80.500000,0.000000,2,0,1226865085,826,14,826,14,0,52,4
6,350,80.500000,0.000000,2,0,1226865088,831,16,831,16,0,52,4
6,350,80.500000,0.000000,2,0,1226865091,834,18,834,18,0,52,4
6,350,80.500000,0.000000,2,0,1226865093,838,18,838,18,0,52,4
6,350,80.500000,0.000000,2,0,1226865096,843,22,843,22,0,52,4
6,350,80.500000,0.000000,2,0,1226865099,847,25,847,25,0,52,4
6,350,80.500000,0.000000,2,0,1226865102,854,29,854,29,0,52,4
6,350,80.500000,0.000000,2,0,1226865105,860,32,860,32,0,52,4
6,350,80.500000,0.000000,2,0,1226865107,867,35,867,35,0,52,4
6,350,80.500000,0.000000,2,0,1226865110,876,39,876,39,0,52,4
6,350,80.500000,0.000000,2,0,1226865113,883,42,883,42,0,52,4
6,350,80.500000,0.000000,2,0,1226865116,890,45,890,45,0,52,4
6,350,80.500000,0.000000,2,0,1226865119,899,49,899,49,0,52,4
6,350,80.500000,0.000000,2,0,1226865121,906,51,906,51,0,52,4
6,350,80.500000,0.000000,2,0,1226865124,913,55,913,55,0,52,4
6,350,80.500000,0.000000,2,0,1226865127,922,56,922,56,0,52,4
6,350,80.500000,0.000000,2,0,1226865130,929,58,929,58,0,52,4
6,350,80.500000,0.000000,2,0,1226865132,938,60,938,60,0,52,4
6,350,80.500000,0.000000,2,0,1226865135,956,64,956,64,0,52,4
6,350,80.500000,0.000000,2,0,1226865138,964,65,964,65,0,52,4
6,350,80.500000,0.000000,2,0,1226865141,975,67,975,67,0,52,4
6,350,80.500000,0.000000,2,0,1226865144,983,69,983,69,0,52,4
6,350,80.500000,0.000000,2,0,1226865146,992,71,992,71,0,52,4
6,350,80.500000,0.000000,2,0,1226865149,1004,72,1004,72,0,52,4
6,350,80.500000,0.000000,2,0,1226865152,1013,72,1013,72,0,52,4
6,350,80.500000,0.000000,2,0,1226865155,1023,72,1023,72,0,52,4
6,350,80.500000,0.000000,2,0,1226865157,1032,73,1032,73,0,52,4
6,350,80.500000,0.000000,2,0,1226865160,1042,73,1042,73,0,52,4
6,350,80.500000,0.000000,2,0,1226865163,1055,73,1055,73,0,52,4
6,350,80.500000,0.000000,2,0,1226865166,1066,73,1066,73,0,52,4
6,350,80.500000,0.000000,2,0,1226865169,1079,73,1079,73,0,52,4
6,350,80.500000,0.000000,2,0,1226865172,1092,72,1092,72,0,52,4
6,350,80.500000,0.000000,2,0,1226865174,1104,72,1104,72,0,52,4
6,350,80.500000,0.000000,2,0,1226865177,1116,71,1116,71,0,52,4
6,350,80.500000,0.000000,2,0,1226865180,1127,67,1127,67,0,52,4
6,350,80.500000,0.000000,2,0,1226865182,1139,64,1139,64,0,52,4
6,350,80.500000,0.000000,2,0,1226865185,1150,60,1150,60,0,52,4
6,350,80.500000,0.000000,2,0,1226865188,1161,55,1161,55,0,52,4
6,350,80.500000,0.000000,2,0,1226865191,1170,52,1170,52,0,52,4
6,350,80.500000,0.000000,2,0,1226865194,1180,47,1180,47,0,52,4
6,350,80.500000,0.000000,2,0,1226865196,1190,43,1190,43,0,52,4
6,350,80.500000,0.000000,2,0,1226865199,1198,38,1198,38,0,52,4
6,350,80.500000,0.000000,2,0,1226865202,1205,31,1205,31,0,52,4
6,350,80.500000,0.000000,2,0,1226865205,1211,28,1211,28,0,52,4
6,350,80.500000,0.000000,2,0,1226865208,1215,23,1215,23,0,52,4
6,350,80.500000,0.000000,2,0,1226865210,1221,19,1221,19,0,52,4
6,350,80.500000,0.000000,2,0,1226865213,1224,17,1224,17,0,52,4
6,350,80.500000,0.000000,2,0,1226865216,1227,14,1227,14,0,52,4
6,350,80.500000,0.000000,2,0,1226865219,1229,10,1229,10,0,52,4
6,350,80.500000,0.000000,2,0,1226865221,1232,8,1232,8,0,52,4
6,350,80.500000,0.000000,2,0,1226865224,1234,2,1234,2,0,52,4
6,350,80.500000,0.000000,2,0,1226865227,1235,1,1235,1,0,52,4
6,350,80.500000,0.000000,2,0,1226865230,1235,0,1235,-1,0,52,4
6,350,80.500000,0.000000,2,0,1226865233,1235,0,1235,-4,0,52,4
6,350,80.500000,0.000000,2,0,1226865235,1235,0,1235,-7,0,52,4
6,350,80.500000,0.000000,2,0,1226865238,1235,0,1235,-10,0,52,4
6,350,80.500000,0.000000,2,0,1226865241,1235,0,1235,-13,0,52,4
6,350,80.500000,0.000000,2,0,1226865244,1234,0,1234,-15,0,52,4
6,350,80.500000,0.000000,2,0,1226865246,1234,0,1234,-18,0,52,4
6,350,80.500000,0.000000,2,0,1226865249,1233,0,1233,-22,0,52,4
6,350,80.500000,0.000000,2,0,1226865252,1232,0,1232,-25,0,52,4
6,350,80.500000,0.000000,2,0,1226865255,1231,0,1231,-29,0,52,4
6,350,80.500000,0.000000,2,0,1226865258,1231,0,1231,-32,0,52,4
6,350,80.500000,0.000000,2,0,1226865260,1228,0,1228,-34,0,52,4
6,350,80.500000,0.000000,2,0,1226865263,1225,0,1225,-38,0,52,4
6,350,80.500000,0.000000,2,0,1226865266,1223,0,1223,-41,0,52,4
6,350,80.500000,0.000000,2,0,1226865269,1220,0,1220,-43,0,52,4
6,350,80.500000,0.000000,2,0,1226865272,1219,0,1219,-45,0,52,4
6,350,80.500000,0.000000,2,0,1226865274,1213,0,1213,-51,0,52,4
6,350,80.500000,0.000000,2,0,1226865277,1211,0,1211,-52,0,52,4
6,350,80.500000,0.000000,2,0,1226865280,1209,0,1209,-54,0,52,4
6,350,80.500000,0.000000,2,0,1226865282,1205,0,1205,-57,0,52,4
6,350,80.500000,0.000000,2,0,1226865285,1201,0,1201,-59,0,52,4
6,350,80.500000,0.000000,2,0,1226865288,1198,0,1198,-62,0,52,4
6,350,80.500000,0.000000,2,0,1226865291,1192,0,1192,-64,0,52,4
6,350,80.500000,0.000000,2,0,1226865294,1187,0,1187,-67,0,52,4
6,350,80.500000,0.000000,2,0,1226865297,1182,0,1182,-70,0,52,4
6,350,80.500000,0.000000,2,0,1226865299,1174,0,1174,-72,0,52,4
6,350,80.500000,0.000000,2,0,1226865302,1169,0,1169,-75,0,52,4
6,350,80.500000,0.000000,2,0,1226865305,1166,0,1166,-77,0,52,4
6,350,80.500000,0.000000,2,0,1226865307,1161,0,1161,-78,0,52,4
6,350,80.500000,0.000000,2,0,1226865310,1159,0,1159,-80,0,52,4
6,350,80.500000,0.000000,2,0,1226865313,1153,0,1153,-82,0,52,4
6,350,80.500000,0.000000,2,0,1226865316,1148,0,1148,-84,0,52,4
6,350,80.500000,0.000000,2,0,1226865319,1140,0,1140,-86,0,52,4
6,350,80.500000,0.000000,2,0,1226865321,1136,0,1136,-87,0,52,4
6,350,80.500000,0.000000,2,0,1226865324,1131,0,1131,-88,0,52,4
6,350,80.500000,0.000000,2,0,1226865327,1128,0,1128,-89,0,52,4
6,350,80.500000,0.000000,2,0,1226865330,1125,0,1125,-89,0,52,4
6,350,80.500000,0.000000,2,0,1226865333,1122,0,1122,-89,0,52,4
6,350,80.500000,0.000000,2,0,1226865335,1116,0,1116,-90,0,52,4
6,350,80.500000,0.000000,2,0,1226865338,1113,0,1113,-90,0,52,4
6,350,80.500000,0.000000,2,0,1226865341,1108,0,1108,-90,0,52,4
6,350,80.500000,0.000000,2,0,1226865344,1104,0,1104,-90,0,52,4
6,350,80.500000,0.000000,2,0,1226865346,1099,0,1099,-90,0,52,4
6,350,80.500000,0.000000,2,0,1226865349,1096,0,1095,-90,0,52,4
6,350,80.500000,0.000000,2,0,1226865352,1096,0,1092,-90,0,52,4
6,350,80.500000,0.000000,2,0,1226865355,1096,0,1088,-90,0,52,4
6,350,80.500000,0.000000,2,0,1226865357,1096,0,1085,-90,0,52,4
6,350,80.500000,0.000000,2,0,1226865360,1096,0,1081,-90,0,52,4
6,350,80.500000,0.000000,2,0,1226865363,1096,0,1079,-90,0,52,4
6,350,80.500000,0.000000,2,0,1226865366,1096,0,1076,-90,0,52,4
6,350,80.500000,0.000000,2,0,1226865369,1096,0,1073,-90,0,52,4
6,350,80.500000,0.000000,2,0,1226865371,1096,0,1070,-90,0,52,4
6,350,80.500000,0.000000,2,0,1226865374,1096,0,1068,-90,0,52,4
6,350,80.500000,0.000000,2,0,1226865377,1096,0,1064,-90,0,52,4
6,350,80.500000,0.000000,2,0,1226865380,1096,0,1061,-90,0,52,4
6,350,80.500000,0.000000,2,0,1226865383,1096,0,1059,-90,0,52,4
6,350,80.500000,0.000000,2,0,1226865386,1096,0,1057,-90,0,52,4
6,350,80.500000,0.000000,2,0,1226865388,1096,0,1055,-90,0,52,4
6,350,80.500000,0.000000,2,0,1226865391,1096,0,1053,-90,0,52,4
6,350,80.500000,0.000000,2,0,1226865393,1096,0,1048,-90,0,52,4
6,350,80.500000,0.000000,2,0,1226865397,1096,0,1045,-90,0,52,4
6,350,80.500000,0.000000,2,0,1226865399,1096,0,1044,-90,0,52,4
6,350,80.500000,0.000000,2,0,1226865402,1096,0,1041,-90,0,52,4
6,350,80.500000,0.000000,2,0,1226865405,1096,0,1038,-90,0,52,4
6,350,80.500000,0.000000,2,0,1226865408,1096,0,1037,-91,0,52,4
6,350,80.500000,0.000000,2,0,1226865410,1096,0,1036,-91,0,52,4
6,350,80.500000,0.000000,2,0,1226865413,1096,0,1034,-91,0,52,4
6,350,80.500000,0.000000,2,0,1226865416,1096,0,1034,-92,0,52,4
6,350,80.500000,0.000000,2,0,1226865419,1096,0,1032,-92,0,52,4
6,350,80.500000,0.000000,2,0,1226865422,1096,0,1030,-92,0,52,4
6,350,80.500000,0.000000,2,0,1226865424,1096,0,1029,-92,0,52,4
6,350,80.500000,0.000000,2,0,1226865427,1096,0,1028,-92,0,52,4
6,350,80.500000,0.000000,2,0,1226865430,1096,0,1027,-92,0,52,4
6,350,80.500000,0.000000,2,0,1226865433,1096,0,1025,-92,0,52,4
6,350,80.500000,0.000000,2,0,1226865435,1096,0,1024,-92,0,52,4
6,350,80.500000,0.000000,2,0,1226865438,1096,0,1023,-92,0,52,4
6,350,80.500000,0.000000,2,0,1226865441,1096,0,1022,-92,0,52,4
6,350,80.500000,0.000000,2,0,1226865444,1096,0,1021,-93,0,52,4
6,350,80.500000,0.000000,2,0,1226865446,1096,0,1020,-94,0,52,4
6,350,80.500000,0.000000,2,0,1226865449,1096,0,1018,-94,0,52,4
6,350,80.500000,0.000000,2,0,1226865452,1096,0,1017,-94,0,52,4
6,350,80.500000,0.000000,2,0,1226865455,1096,0,1016,-94,0,52,4
6,350,80.500000,0.000000,2,0,1226865458,1096,0,1016,-94,0,52,4
6,350,80.500000,0.000000,2,0,1226865461,1096,0,1016,-94,0,52,4
6,350,80.500000,0.000000,2,0,1226865463,1096,0,1016,-94,0,52,4
6,350,80.500000,0.000000,2,0,1226865466,1096,0,1016,-94,0,52,4
6,350,80.500000,0.000000,2,0,1226865469,1096,0,1016,-94,0,52,4
6,350,80.500000,0.000000,2,0,1226865471,1096,0,1016,-94,0,52,4
6,350,80.500000,0.000000,2,0,1226865474,1096,0,1016,-94,0,52,4
6,350,80.500000,0.000000,2,0,1226865477,1096,0,1016,-94,0,52,4
6,350,80.500000,0.000000,2,0,1226865480,1096,0,1016,-94,0,52,4
6,350,80.500000,0.000000,2,0,1226865482,1096,0,1016,-94,0,52,4
6,350,80.500000,0.000000,2,0,1226865486,1096,0,1016,-94,0,52,4
6,350,80.500000,0.000000,2,0,1226865488,1096,0,1016,-94,0,52,4
6,350,80.500000,0.000000,2,0,1226865491,1096,0,1016,-94,0,52,4
6,350,80.500000,0.000000,2,0,1226865494,1096,0,1016,-94,0,52,4
6,350,80.500000,0.000000,2,0,1226865496,1096,0,1016,-94,0,52,4
6,350,80.500000,0.000000,2,0,1226865499,1096,0,1016,-94,0,52,4
6,350,80.500000,0.000000,2,0,1226865502,1096,0,1016,-94,0,52,4
6,350,80.500000,0.000000,2,0,1226865505,1096,0,1016,-94,0,52,4
6,350,80.500000,0.000000,2,0,1226865508,1096,0,1016,-94,0,52,4
6,350,80.500000,0.000000,2,0,1226865510,1096,0,1016,-94,0,52,4
6,350,80.500000,0.000000,2,0,1226865513,1096,0,1016,-94,0,52,4
6,350,80.500000,0.000000,2,0,1226865516,1096,0,1016,-94,0,52,4
6,350,80.500000,0.000000,2,0,1226865519,1096,0,1016,-94,0,52,4
6,350,80.500000,0.000000,2,0,1226865522,1096,0,1016,-94,0,52,4
6,350,80.500000,0.000000,2,0,1226865524,1096,0,1016,-94,0,52,4
6,350,80.500000,0.000000,2,0,1226865527,1096,0,1016,-94,0,52,4
6,350,80.500000,0.000000,2,0,1226865530,1096,0,1016,-94,0,52,4
6,350,80.500000,0.000000,2,0,1226865533,1096,0,1016,-94,0,52,4
6,350,80.500000,0.000000,2,0,1226865535,1096,0,1016,-94,0,52,4
6,350,80.500000,0.000000,2,0,1226865549,1096,0,1016,-94,0,52,4
